id,GV_CURBWGT,GV_DVLAT,GV_DVLONG,GV_ENERGY,GV_LANES,GV_MODELYR,GV_OTVEHWGT,GV_SPLIMIT,GV_WGTCDTR,OA_AGE,OA_BAGDEPLY,OA_HEIGHT,OA_MAIS,OA_SEX,OA_WEIGHT,VE_ORIGAVTW,VE_WHEELBAS,VE_PDOF_TR,GV_FOOTPRINT
1,s3_1695_2555,s2_n103_99,s5_7_up,s1_below_4282,s3_3_4,s3_2003_2005,s2_760_2075,s4_37_47,Truck (<=6000 lbs.),s5_64_76,Not Deployed,s2_97_208,s1_below_1,Male,s4_96_114,s3_141_159,s2_164_318,s3_80_160,s2_2_4
2,s2_885_1695,s2_n103_99,s4_n40_7,s1_below_4282,s3_3_4,s3_2003_2005,s2_760_2075,s4_37_47,Passenger Car,s3_28_48,Deployed,s2_97_208,s1_below_1,Male,s3_80_96,s3_141_159,s2_164_318,s3_80_160,s2_2_4
3,s3_1695_2555,s2_n103_99,s4_n40_7,s1_below_4282,s1_below_2,s4_2005_2007,s2_760_2075,s4_37_47,Passenger Car,s6_76_up,Not Deployed,s2_97_208,s1_below_1,Male,s2_37_80,s4_159_169,s2_164_318,s4_160_220,s2_2_4
4,s2_885_1695,s2_n103_99,s4_n40_7,s1_below_4282,s1_below_2,s3_2003_2005,s2_760_2075,s4_37_47,Passenger Car,s3_28_48,Deployed,s2_97_208,s1_below_1,Female,s2_37_80,s3_141_159,s2_164_318,s3_80_160,s2_2_4
5,s2_885_1695,s2_n103_99,s4_n40_7,s1_below_4282,s1_below_2,s4_2005_2007,s2_760_2075,s3_17_37,Passenger Car,s4_48_64,Not Deployed,s2_97_208,s1_below_1,Female,s4_96_114,s3_141_159,s2_164_318,s3_80_160,s2_2_4
6,s2_885_1695,s2_n103_99,s5_7_up,s1_below_4282,s1_below_2,s3_2003_2005,s2_760_2075,s5_47_57,Passenger Car,s2_11_28,Not Deployed,s2_97_208,s1_below_1,Female,s2_37_80,s3_141_159,s2_164_318,s6_260_up,s2_2_4
7,s3_1695_2555,s2_n103_99,s4_n40_7,s1_below_4282,s4_4_5,s2_2001_2003,s2_760_2075,s4_37_47,Truck (<=10000 lbs.),s3_28_48,Not Deployed,s2_97_208,s1_below_1,Male,s3_80_96,s4_159_169,s2_164_318,s3_80_160,s3_4_5
8,s2_885_1695,s2_n103_99,s4_n40_7,s1_below_4282,s1_below_2,s2_2001_2003,s2_760_2075,s5_47_57,Passenger Car,s2_11_28,Deployed,s2_97_208,s6_5_up,Male,s2_37_80,s3_141_159,s2_164_318,s3_80_160,s2_2_4
9,s3_1695_2555,s2_n103_99,s4_n40_7,s1_below_4282,s1_below_2,s3_2003_2005,s2_760_2075,s5_47_57,Truck (<=6000 lbs.),s3_28_48,Deployed,s2_97_208,s1_below_1,Male,s4_96_114,s3_141_159,s2_164_318,s3_80_160,s2_2_4
10,s2_885_1695,s2_n103_99,s3_n81_n40,s1_below_4282,s1_below_2,s2_2001_2003,s2_760_2075,s5_47_57,Truck (<=6000 lbs.),s2_11_28,Deployed,s2_97_208,s3_2_3,Female,s2_37_80,s3_141_159,s2_164_318,s3_80_160,s2_2_4
11,s3_1695_2555,s2_n103_99,s4_n40_7,s1_below_4282,s1_below_2,s2_2001_2003,s2_760_2075,s5_47_57,Truck (<=6000 lbs.),s2_11_28,Deployed,s2_97_208,s1_below_1,Male,s2_37_80,s3_141_159,s2_164_318,s3_80_160,s2_2_4
12,s2_885_1695,s2_n103_99,s4_n40_7,s1_below_4282,s1_below_2,s3_2003_2005,s2_760_2075,s4_37_47,Truck (<=6000 lbs.),s3_28_48,Deployed,s2_97_208,s1_below_1,Female,s2_37_80,s3_141_159,s2_164_318,s3_80_160,s2_2_4
13,s2_885_1695,s2_n103_99,s4_n40_7,s1_below_4282,s1_below_2,s3_2003_2005,s2_760_2075,s4_37_47,Passenger Car,s3_28_48,Deployed,s2_97_208,s1_below_1,Female,s2_37_80,s3_141_159,s2_164_318,s3_80_160,s2_2_4
14,s2_885_1695,s2_n103_99,s4_n40_7,s1_below_4282,s1_below_2,s3_2003_2005,s2_760_2075,s5_47_57,Truck (<=6000 lbs.),s2_11_28,Deployed,s2_97_208,s1_below_1,Female,s2_37_80,s3_141_159,s2_164_318,s3_80_160,s2_2_4
15,s2_885_1695,s2_n103_99,s5_7_up,s1_below_4282,s1_below_2,s3_2003_2005,s3_2075_3730,s4_37_47,Passenger Car,s3_28_48,Not Deployed,s2_97_208,s1_below_1,Female,s2_37_80,s3_141_159,s2_164_318,s6_260_up,s2_2_4
16,s2_885_1695,s2_n103_99,s4_n40_7,s1_below_4282,s4_4_5,s3_2003_2005,s2_760_2075,s3_17_37,Passenger Car,s4_48_64,Not Deployed,s2_97_208,s1_below_1,Male,s2_37_80,s3_141_159,s2_164_318,s3_80_160,s2_2_4
17,s2_885_1695,s2_n103_99,s4_n40_7,s1_below_4282,s3_3_4,s4_2005_2007,s2_760_2075,s4_37_47,Passenger Car,s3_28_48,Deployed,s2_97_208,s1_below_1,Male,s3_80_96,s3_141_159,s2_164_318,s4_160_220,s2_2_4
18,s2_885_1695,s2_n103_99,s4_n40_7,s1_below_4282,s1_below_2,s2_2001_2003,s2_760_2075,s1_below_7,Truck (<=6000 lbs.),s2_11_28,Deployed,s2_97_208,s1_below_1,Male,s2_37_80,s3_141_159,s2_164_318,s3_80_160,s2_2_4
19,s2_885_1695,s2_n103_99,s4_n40_7,s1_below_4282,s1_below_2,s3_2003_2005,s2_760_2075,s5_47_57,Passenger Car,s2_11_28,Deployed,s2_97_208,s1_below_1,Female,s5_114_130,s3_141_159,s2_164_318,s3_80_160,s2_2_4
20,s2_885_1695,s2_n103_99,s5_7_up,s1_below_4282,s1_below_2,s2_2001_2003,s2_760_2075,s5_47_57,Passenger Car,s4_48_64,Not Deployed,s2_97_208,s1_below_1,Male,s3_80_96,s3_141_159,s2_164_318,s6_260_up,s2_2_4
21,s3_1695_2555,s2_n103_99,s4_n40_7,s1_below_4282,s3_3_4,s5_2007_2009,s2_760_2075,s3_17_37,Truck (<=6000 lbs.),s4_48_64,Not Deployed,s2_97_208,s1_below_1,Female,s2_37_80,s3_141_159,s2_164_318,s3_80_160,s2_2_4
22,s2_885_1695,s2_n103_99,s4_n40_7,s1_below_4282,s1_below_2,s4_2005_2007,s2_760_2075,s1_below_7,Truck (<=6000 lbs.),s3_28_48,Not Deployed,s2_97_208,s1_below_1,Female,s2_37_80,s3_141_159,s2_164_318,s3_80_160,s2_2_4
23,s2_885_1695,s2_n103_99,s4_n40_7,s1_below_4282,s1_below_2,s3_2003_2005,s2_760_2075,s4_37_47,Truck (<=6000 lbs.),s2_11_28,Deployed,s2_97_208,s1_below_1,Female,s5_114_130,s3_141_159,s2_164_318,s4_160_220,s2_2_4
24,s2_885_1695,s2_n103_99,s4_n40_7,s1_below_4282,s1_below_2,s4_2005_2007,s2_760_2075,s4_37_47,Passenger Car,s5_64_76,Deployed,s2_97_208,s1_below_1,Female,s2_37_80,s3_141_159,s2_164_318,s3_80_160,s2_2_4
25,s2_885_1695,s2_n103_99,s4_n40_7,s1_below_4282,s1_below_2,s5_2007_2009,s2_760_2075,s4_37_47,Passenger Car,s4_48_64,Not Deployed,s2_97_208,s1_below_1,Male,s2_37_80,s3_141_159,s2_164_318,s3_80_160,s2_2_4
26,s3_1695_2555,s2_n103_99,s4_n40_7,s1_below_4282,s1_below_2,s4_2005_2007,s3_2075_3730,s3_17_37,Truck (<=6000 lbs.),s3_28_48,Not Deployed,s2_97_208,s1_below_1,Male,s2_37_80,s4_159_169,s2_164_318,s6_260_up,s3_4_5
27,s3_1695_2555,s2_n103_99,s4_n40_7,s1_below_4282,s1_below_2,s2_2001_2003,s3_2075_3730,s3_17_37,Passenger Car,s3_28_48,Not Deployed,s2_97_208,s1_below_1,Male,s2_37_80,s4_159_169,s2_164_318,s4_160_220,s3_4_5
28,s2_885_1695,s2_n103_99,s4_n40_7,s1_below_4282,s2_2_3,s4_2005_2007,s2_760_2075,s5_47_57,Passenger Car,s3_28_48,Deployed,s2_97_208,s1_below_1,Male,s3_80_96,s3_141_159,s2_164_318,s3_80_160,s2_2_4
29,s3_1695_2555,s2_n103_99,s4_n40_7,s1_below_4282,s1_below_2,s2_2001_2003,s2_760_2075,s3_17_37,Passenger Car,s2_11_28,Not Deployed,s2_97_208,s1_below_1,Male,s2_37_80,s4_159_169,s2_164_318,s2_40_80,s3_4_5
30,s2_885_1695,s2_n103_99,s5_7_up,s1_below_4282,s3_3_4,s3_2003_2005,s2_760_2075,s3_17_37,Passenger Car,s3_28_48,Not Deployed,s2_97_208,s1_below_1,Male,s2_37_80,s3_141_159,s2_164_318,s6_260_up,s2_2_4
31,s2_885_1695,s2_n103_99,s4_n40_7,s1_below_4282,s3_3_4,s4_2005_2007,s2_760_2075,s3_17_37,Passenger Car,s3_28_48,Deployed,s2_97_208,s2_1_2,Male,s2_37_80,s3_141_159,s2_164_318,s3_80_160,s2_2_4
32,s3_1695_2555,s2_n103_99,s5_7_up,s1_below_4282,s2_2_3,s2_2001_2003,s2_760_2075,s5_47_57,Truck (<=6000 lbs.),s3_28_48,Not Deployed,s2_97_208,s1_below_1,Female,s2_37_80,s4_159_169,s2_164_318,s6_260_up,s3_4_5
33,s2_885_1695,s2_n103_99,s4_n40_7,s1_below_4282,s1_below_2,s3_2003_2005,s3_2075_3730,s3_17_37,Passenger Car,s5_64_76,Not Deployed,s2_97_208,s1_below_1,Female,s3_80_96,s3_141_159,s2_164_318,s3_80_160,s2_2_4
34,s3_1695_2555,s2_n103_99,s4_n40_7,s1_below_4282,s1_below_2,s4_2005_2007,s2_760_2075,s3_17_37,Passenger Car,s2_11_28,Deployed,s2_97_208,s1_below_1,Male,s3_80_96,s4_159_169,s2_164_318,s3_80_160,s3_4_5
35,s3_1695_2555,s2_n103_99,s4_n40_7,s1_below_4282,s1_below_2,s2_2001_2003,s2_760_2075,s3_17_37,Truck (<=6000 lbs.),s2_11_28,Not Deployed,s2_97_208,s1_below_1,Female,s2_37_80,s3_141_159,s2_164_318,s2_40_80,s2_2_4
36,s2_885_1695,s2_n103_99,s4_n40_7,s1_below_4282,s3_3_4,s3_2003_2005,s2_760_2075,s3_17_37,Passenger Car,s4_48_64,Not Deployed,s2_97_208,s1_below_1,Female,s2_37_80,s3_141_159,s2_164_318,s4_160_220,s2_2_4
37,s3_1695_2555,s2_n103_99,s4_n40_7,s1_below_4282,s1_below_2,s2_2001_2003,s2_760_2075,s3_17_37,Truck (<=6000 lbs.),s6_76_up,Not Deployed,s2_97_208,s1_below_1,Male,s3_80_96,s5_169_179,s2_164_318,s3_80_160,s2_2_4
38,s2_885_1695,s2_n103_99,s5_7_up,s1_below_4282,s2_2_3,s3_2003_2005,s3_2075_3730,s3_17_37,Passenger Car,s3_28_48,Not Deployed,s2_97_208,s2_1_2,Male,s2_37_80,s3_141_159,s2_164_318,s6_260_up,s2_2_4
39,s2_885_1695,s2_n103_99,s4_n40_7,s1_below_4282,s1_below_2,s2_2001_2003,s3_2075_3730,s3_17_37,Passenger Car,s2_11_28,Deployed,s2_97_208,s1_below_1,Male,s4_96_114,s3_141_159,s2_164_318,s4_160_220,s2_2_4
40,s2_885_1695,s2_n103_99,s5_7_up,s1_below_4282,s3_3_4,s4_2005_2007,s2_760_2075,s3_17_37,Passenger Car,s3_28_48,Not Deployed,s2_97_208,s1_below_1,Male,s6_130_up,s4_159_169,s2_164_318,s6_260_up,s2_2_4
41,s2_885_1695,s2_n103_99,s4_n40_7,s1_below_4282,s3_3_4,s4_2005_2007,s2_760_2075,s3_17_37,Passenger Car,s3_28_48,Deployed,s2_97_208,s2_1_2,Female,s2_37_80,s3_141_159,s2_164_318,s3_80_160,s2_2_4
42,s3_1695_2555,s2_n103_99,s4_n40_7,s1_below_4282,s1_below_2,s3_2003_2005,s2_760_2075,s3_17_37,Truck (<=6000 lbs.),s3_28_48,Deployed,s2_97_208,s1_below_1,Female,s2_37_80,s4_159_169,s2_164_318,s4_160_220,s2_2_4
43,s2_885_1695,s2_n103_99,s4_n40_7,s1_below_4282,s2_2_3,s3_2003_2005,s2_760_2075,s3_17_37,Truck (<=6000 lbs.),s3_28_48,Deployed,s2_97_208,s1_below_1,Male,s3_80_96,s3_141_159,s2_164_318,s3_80_160,s2_2_4
44,s3_1695_2555,s2_n103_99,s4_n40_7,s1_below_4282,s1_below_2,s3_2003_2005,s2_760_2075,s3_17_37,Passenger Car,s3_28_48,Deployed,s2_97_208,s1_below_1,Male,s2_37_80,s3_141_159,s2_164_318,s3_80_160,s2_2_4
45,s3_1695_2555,s2_n103_99,s4_n40_7,s1_below_4282,s1_below_2,s4_2005_2007,s2_760_2075,s3_17_37,Passenger Car,s4_48_64,Not Deployed,s2_97_208,s1_below_1,Male,s5_114_130,s4_159_169,s2_164_318,s3_80_160,s2_2_4
46,s2_885_1695,s2_n103_99,s4_n40_7,s1_below_4282,s2_2_3,s4_2005_2007,s3_2075_3730,s5_47_57,Truck (<=6000 lbs.),s2_11_28,Deployed,s2_97_208,s1_below_1,Male,s2_37_80,s3_141_159,s2_164_318,s3_80_160,s2_2_4
47,s3_1695_2555,s2_n103_99,s5_7_up,s1_below_4282,s1_below_2,s5_2007_2009,s2_760_2075,s3_17_37,Truck (<=10000 lbs.),s4_48_64,Not Deployed,s2_97_208,s1_below_1,Male,s2_37_80,s4_159_169,s2_164_318,s6_260_up,s3_4_5
48,s3_1695_2555,s2_n103_99,s4_n40_7,s1_below_4282,s3_3_4,s3_2003_2005,s2_760_2075,s3_17_37,Truck (<=10000 lbs.),s2_11_28,Deployed,s2_97_208,s1_below_1,Female,s2_37_80,s4_159_169,s2_164_318,s3_80_160,s3_4_5
49,s2_885_1695,s2_n103_99,s4_n40_7,s1_below_4282,s1_below_2,s2_2001_2003,s2_760_2075,s3_17_37,Passenger Car,s2_11_28,Not Deployed,s2_97_208,s1_below_1,Female,s6_130_up,s3_141_159,s2_164_318,s4_160_220,s2_2_4
50,s3_1695_2555,s2_n103_99,s4_n40_7,s1_below_4282,s1_below_2,s3_2003_2005,s2_760_2075,s3_17_37,Passenger Car,s3_28_48,Deployed,s2_97_208,s1_below_1,Male,s3_80_96,s4_159_169,s2_164_318,s2_40_80,s2_2_4
51,s4_2555_3715,s2_n103_99,s4_n40_7,s1_below_4282,s1_below_2,s3_2003_2005,s3_2075_3730,s3_17_37,Truck (<=10000 lbs.),s3_28_48,Deployed,s2_97_208,s1_below_1,Male,s5_114_130,s4_159_169,s3_318_464,s3_80_160,s4_5_6
52,s3_1695_2555,s2_n103_99,s4_n40_7,s1_below_4282,s2_2_3,s3_2003_2005,s2_760_2075,s3_17_37,Truck (<=6000 lbs.),s6_76_up,Not Deployed,s2_97_208,s1_below_1,Male,s4_96_114,s5_169_179,s2_164_318,s3_80_160,s3_4_5
53,s3_1695_2555,s2_n103_99,s5_7_up,s1_below_4282,s1_below_2,s5_2007_2009,s3_2075_3730,s3_17_37,Truck (<=10000 lbs.),s3_28_48,Not Deployed,s2_97_208,s1_below_1,Male,s2_37_80,s4_159_169,s2_164_318,s6_260_up,s3_4_5
54,s3_1695_2555,s2_n103_99,s3_n81_n40,s1_below_4282,s1_below_2,s2_2001_2003,s2_760_2075,s3_17_37,Truck (<=6000 lbs.),s3_28_48,Deployed,s2_97_208,s1_below_1,Female,s2_37_80,s3_141_159,s2_164_318,s1_below_40,s2_2_4
55,s3_1695_2555,s2_n103_99,s4_n40_7,s1_below_4282,s3_3_4,s3_2003_2005,s2_760_2075,s4_37_47,Truck (<=6000 lbs.),s3_28_48,Not Deployed,s2_97_208,s1_below_1,Male,s4_96_114,s3_141_159,s2_164_318,s4_160_220,s2_2_4
56,s4_2555_3715,s2_n103_99,s4_n40_7,s1_below_4282,s1_below_2,s2_2001_2003,s3_2075_3730,s4_37_47,Truck (<=10000 lbs.),s3_28_48,Not Deployed,s2_97_208,s1_below_1,Male,s6_130_up,s5_169_179,s3_318_464,s2_40_80,s4_5_6
57,s2_885_1695,s2_n103_99,s5_7_up,s1_below_4282,s2_2_3,s4_2005_2007,s3_2075_3730,s5_47_57,Passenger Car,s2_11_28,Not Deployed,s2_97_208,s1_below_1,Female,s2_37_80,s3_141_159,s2_164_318,s6_260_up,s2_2_4
58,s4_2555_3715,s2_n103_99,s4_n40_7,s1_below_4282,s2_2_3,s2_2001_2003,s2_760_2075,s5_47_57,Truck (<=10000 lbs.),s2_11_28,Not Deployed,s2_97_208,s1_below_1,Male,s3_80_96,s5_169_179,s2_164_318,s3_80_160,s3_4_5
59,s2_885_1695,s2_n103_99,s4_n40_7,s1_below_4282,s3_3_4,s2_2001_2003,s3_2075_3730,s5_47_57,Passenger Car,s6_76_up,Deployed,s2_97_208,s1_below_1,Male,s2_37_80,s3_141_159,s2_164_318,s3_80_160,s2_2_4
60,s2_885_1695,s2_n103_99,s4_n40_7,s1_below_4282,s1_below_2,s3_2003_2005,s2_760_2075,s3_17_37,Passenger Car,s5_64_76,Deployed,s2_97_208,s1_below_1,Female,s4_96_114,s3_141_159,s2_164_318,s3_80_160,s2_2_4
61,s2_885_1695,s2_n103_99,s4_n40_7,s1_below_4282,s4_4_5,s5_2007_2009,s2_760_2075,s5_47_57,Passenger Car,s5_64_76,Not Deployed,s2_97_208,s1_below_1,Female,s2_37_80,s3_141_159,s2_164_318,s4_160_220,s2_2_4
62,s2_885_1695,s2_n103_99,s4_n40_7,s1_below_4282,s1_below_2,s5_2007_2009,s2_760_2075,s3_17_37,Passenger Car,s2_11_28,Deployed,s2_97_208,s1_below_1,Male,s2_37_80,s3_141_159,s2_164_318,s4_160_220,s2_2_4
63,s2_885_1695,s2_n103_99,s5_7_up,s1_below_4282,s1_below_2,s3_2003_2005,s2_760_2075,s4_37_47,Passenger Car,s2_11_28,Not Deployed,s2_97_208,s1_below_1,Female,s2_37_80,s3_141_159,s2_164_318,s6_260_up,s2_2_4
64,s3_1695_2555,s2_n103_99,s4_n40_7,s1_below_4282,s1_below_2,s2_2001_2003,s2_760_2075,s4_37_47,Truck (<=10000 lbs.),s4_48_64,Deployed,s2_97_208,s1_below_1,Male,s5_114_130,s4_159_169,s3_318_464,s3_80_160,s4_5_6
65,s4_2555_3715,s2_n103_99,s4_n40_7,s1_below_4282,s1_below_2,s3_2003_2005,s3_2075_3730,s3_17_37,Truck (<=10000 lbs.),s3_28_48,Not Deployed,s2_97_208,s1_below_1,Male,s3_80_96,s4_159_169,s3_318_464,s3_80_160,s4_5_6
66,s3_1695_2555,s2_n103_99,s4_n40_7,s1_below_4282,s2_2_3,s2_2001_2003,s2_760_2075,s4_37_47,Truck (<=6000 lbs.),s3_28_48,Not Deployed,s2_97_208,s1_below_1,Male,s3_80_96,s3_141_159,s2_164_318,s3_80_160,s2_2_4
67,s2_885_1695,s2_n103_99,s4_n40_7,s1_below_4282,s1_below_2,s5_2007_2009,s2_760_2075,s4_37_47,Passenger Car,s5_64_76,Deployed,s2_97_208,s1_below_1,Female,s2_37_80,s3_141_159,s2_164_318,s3_80_160,s2_2_4
68,s3_1695_2555,s2_n103_99,s4_n40_7,s1_below_4282,s1_below_2,s2_2001_2003,s2_760_2075,s4_37_47,Truck (<=6000 lbs.),s3_28_48,Not Deployed,s2_97_208,s1_below_1,Female,s2_37_80,s3_141_159,s3_318_464,s3_80_160,s2_2_4
69,s2_885_1695,s2_n103_99,s4_n40_7,s1_below_4282,s1_below_2,s2_2001_2003,s2_760_2075,s5_47_57,Passenger Car,s6_76_up,Not Deployed,s2_97_208,s2_1_2,Female,s2_37_80,s3_141_159,s2_164_318,s3_80_160,s2_2_4
70,s2_885_1695,s2_n103_99,s4_n40_7,s1_below_4282,s1_below_2,s2_2001_2003,s2_760_2075,s3_17_37,Passenger Car,s2_11_28,Deployed,s2_97_208,s1_below_1,Male,s2_37_80,s3_141_159,s2_164_318,s3_80_160,s2_2_4
71,s3_1695_2555,s2_n103_99,s4_n40_7,s1_below_4282,s2_2_3,s4_2005_2007,s2_760_2075,s3_17_37,Passenger Car,s2_11_28,Deployed,s2_97_208,s2_1_2,Male,s3_80_96,s3_141_159,s2_164_318,s3_80_160,s3_4_5
72,s2_885_1695,s2_n103_99,s4_n40_7,s1_below_4282,s3_3_4,s2_2001_2003,s2_760_2075,s4_37_47,Passenger Car,s3_28_48,Not Deployed,s2_97_208,s1_below_1,Female,s2_37_80,s3_141_159,s2_164_318,s3_80_160,s2_2_4
73,s2_885_1695,s2_n103_99,s4_n40_7,s1_below_4282,s1_below_2,s3_2003_2005,s2_760_2075,s3_17_37,Passenger Car,s4_48_64,Not Deployed,s2_97_208,s1_below_1,Female,s2_37_80,s3_141_159,s2_164_318,s2_40_80,s2_2_4
74,s2_885_1695,s2_n103_99,s5_7_up,s1_below_4282,s3_3_4,s5_2007_2009,s2_760_2075,s4_37_47,Truck (<=6000 lbs.),s2_11_28,Not Deployed,s2_97_208,s1_below_1,Female,s3_80_96,s3_141_159,s2_164_318,s6_260_up,s2_2_4
75,s3_1695_2555,s2_n103_99,s4_n40_7,s1_below_4282,s3_3_4,s4_2005_2007,s2_760_2075,s4_37_47,Truck (<=6000 lbs.),s4_48_64,Deployed,s2_97_208,s1_below_1,Female,s2_37_80,s4_159_169,s2_164_318,s3_80_160,s3_4_5
76,s2_885_1695,s2_n103_99,s4_n40_7,s1_below_4282,s1_below_2,s5_2007_2009,s2_760_2075,s3_17_37,Passenger Car,s4_48_64,Not Deployed,s2_97_208,s1_below_1,Male,s4_96_114,s3_141_159,s2_164_318,s3_80_160,s2_2_4
77,s3_1695_2555,s2_n103_99,s4_n40_7,s1_below_4282,s3_3_4,s3_2003_2005,s2_760_2075,s5_47_57,Truck (<=6000 lbs.),s3_28_48,Deployed,s2_97_208,s1_below_1,Female,s2_37_80,s4_159_169,s2_164_318,s3_80_160,s2_2_4
78,s2_885_1695,s2_n103_99,s5_7_up,s1_below_4282,s4_4_5,s5_2007_2009,s2_760_2075,s5_47_57,Passenger Car,s3_28_48,Not Deployed,s2_97_208,s1_below_1,Male,s2_37_80,s3_141_159,s2_164_318,s4_160_220,s2_2_4
79,s2_885_1695,s2_n103_99,s4_n40_7,s1_below_4282,s4_4_5,s4_2005_2007,s2_760_2075,s5_47_57,Passenger Car,s4_48_64,Not Deployed,s2_97_208,s1_below_1,Female,s3_80_96,s3_141_159,s2_164_318,s3_80_160,s2_2_4
80,s3_1695_2555,s2_n103_99,s4_n40_7,s1_below_4282,s1_below_2,s5_2007_2009,s2_760_2075,s4_37_47,Truck (<=6000 lbs.),s3_28_48,Not Deployed,s2_97_208,s1_below_1,Male,s3_80_96,s3_141_159,s2_164_318,s4_160_220,s2_2_4
81,s2_885_1695,s2_n103_99,s4_n40_7,s1_below_4282,s1_below_2,s5_2007_2009,s2_760_2075,s3_17_37,Passenger Car,s3_28_48,Not Deployed,s2_97_208,s1_below_1,Male,s5_114_130,s3_141_159,s2_164_318,s2_40_80,s2_2_4
82,s2_885_1695,s2_n103_99,s4_n40_7,s1_below_4282,s1_below_2,s2_2001_2003,s2_760_2075,s3_17_37,Passenger Car,s4_48_64,Not Deployed,s2_97_208,s1_below_1,Female,s3_80_96,s3_141_159,s2_164_318,s3_80_160,s2_2_4
83,s2_885_1695,s2_n103_99,s4_n40_7,s1_below_4282,s2_2_3,s4_2005_2007,s2_760_2075,s3_17_37,Passenger Car,s5_64_76,Deployed,s2_97_208,s1_below_1,Female,s3_80_96,s3_141_159,s2_164_318,s4_160_220,s2_2_4
84,s2_885_1695,s2_n103_99,s4_n40_7,s1_below_4282,s1_below_2,s5_2007_2009,s2_760_2075,s3_17_37,Passenger Car,s2_11_28,Not Deployed,s2_97_208,s1_below_1,Female,s2_37_80,s3_141_159,s2_164_318,s3_80_160,s2_2_4
85,s2_885_1695,s2_n103_99,s4_n40_7,s1_below_4282,s1_below_2,s3_2003_2005,s2_760_2075,s5_47_57,Passenger Car,s4_48_64,Deployed,s2_97_208,s1_below_1,Male,s2_37_80,s3_141_159,s2_164_318,s3_80_160,s2_2_4
86,s2_885_1695,s2_n103_99,s4_n40_7,s1_below_4282,s1_below_2,s5_2007_2009,s3_2075_3730,s4_37_47,Truck (<=6000 lbs.),s3_28_48,Not Deployed,s2_97_208,s1_below_1,Male,s5_114_130,s3_141_159,s2_164_318,s3_80_160,s2_2_4
87,s3_1695_2555,s2_n103_99,s4_n40_7,s1_below_4282,s1_below_2,s4_2005_2007,s2_760_2075,s3_17_37,Truck (<=6000 lbs.),s5_64_76,Not Deployed,s2_97_208,s1_below_1,Female,s2_37_80,s3_141_159,s2_164_318,s2_40_80,s2_2_4
88,s2_885_1695,s2_n103_99,s4_n40_7,s1_below_4282,s1_below_2,s2_2001_2003,s2_760_2075,s3_17_37,Passenger Car,s2_11_28,Not Deployed,s2_97_208,s1_below_1,Female,s2_37_80,s3_141_159,s2_164_318,s2_40_80,s2_2_4
89,s2_885_1695,s2_n103_99,s4_n40_7,s1_below_4282,s1_below_2,s5_2007_2009,s2_760_2075,s4_37_47,Passenger Car,s2_11_28,Deployed,s2_97_208,s1_below_1,Female,s2_37_80,s3_141_159,s2_164_318,s3_80_160,s2_2_4
90,s2_885_1695,s2_n103_99,s4_n40_7,s1_below_4282,s1_below_2,s4_2005_2007,s2_760_2075,s4_37_47,Passenger Car,s2_11_28,Deployed,s2_97_208,s2_1_2,Male,s2_37_80,s3_141_159,s2_164_318,s3_80_160,s2_2_4
91,s2_885_1695,s2_n103_99,s3_n81_n40,s1_below_4282,s3_3_4,s4_2005_2007,s2_760_2075,s4_37_47,Passenger Car,s5_64_76,Deployed,s2_97_208,s4_3_4,Female,s3_80_96,s3_141_159,s2_164_318,s3_80_160,s2_2_4
92,s3_1695_2555,s2_n103_99,s3_n81_n40,s1_below_4282,s3_3_4,s4_2005_2007,s2_760_2075,s4_37_47,Truck (<=6000 lbs.),s4_48_64,Deployed,s2_97_208,s2_1_2,Male,s3_80_96,s3_141_159,s2_164_318,s3_80_160,s2_2_4
93,s2_885_1695,s2_n103_99,s4_n40_7,s1_below_4282,s1_below_2,s2_2001_2003,s3_2075_3730,s3_17_37,Passenger Car,s2_11_28,Not Deployed,s2_97_208,s2_1_2,Male,s3_80_96,s3_141_159,s2_164_318,s2_40_80,s2_2_4
94,s2_885_1695,s2_n103_99,s4_n40_7,s1_below_4282,s3_3_4,s3_2003_2005,s2_760_2075,s4_37_47,Passenger Car,s2_11_28,Not Deployed,s2_97_208,s1_below_1,Female,s2_37_80,s3_141_159,s2_164_318,s2_40_80,s2_2_4
95,s2_885_1695,s2_n103_99,s4_n40_7,s1_below_4282,s3_3_4,s3_2003_2005,s2_760_2075,s4_37_47,Passenger Car,s6_76_up,Not Deployed,s2_97_208,s1_below_1,Female,s2_37_80,s3_141_159,s2_164_318,s3_80_160,s2_2_4
96,s2_885_1695,s2_n103_99,s5_7_up,s1_below_4282,s1_below_2,s3_2003_2005,s2_760_2075,s3_17_37,Passenger Car,s4_48_64,Not Deployed,s2_97_208,s1_below_1,Female,s2_37_80,s3_141_159,s2_164_318,s6_260_up,s2_2_4
97,s3_1695_2555,s2_n103_99,s4_n40_7,s1_below_4282,s1_below_2,s3_2003_2005,s2_760_2075,s5_47_57,Truck (<=6000 lbs.),s3_28_48,Not Deployed,s2_97_208,s1_below_1,Female,s4_96_114,s4_159_169,s2_164_318,s4_160_220,s2_2_4
98,s3_1695_2555,s2_n103_99,s4_n40_7,s1_below_4282,s1_below_2,s2_2001_2003,s2_760_2075,s3_17_37,Truck (<=10000 lbs.),s4_48_64,Deployed,s2_97_208,s1_below_1,Male,s4_96_114,s4_159_169,s3_318_464,s3_80_160,s4_5_6
99,s2_885_1695,s2_n103_99,s4_n40_7,s1_below_4282,s1_below_2,s3_2003_2005,s2_760_2075,s3_17_37,Passenger Car,s2_11_28,Not Deployed,s2_97_208,s1_below_1,Male,s2_37_80,s3_141_159,s2_164_318,s5_220_260,s2_2_4
100,s2_885_1695,s2_n103_99,s3_n81_n40,s1_below_4282,s2_2_3,s4_2005_2007,s2_760_2075,s5_47_57,Passenger Car,s4_48_64,Not Deployed,s2_97_208,s3_2_3,Male,s4_96_114,s3_141_159,s2_164_318,s2_40_80,s2_2_4
101,s2_885_1695,s2_n103_99,s4_n40_7,s1_below_4282,s4_4_5,s4_2005_2007,s2_760_2075,s4_37_47,Passenger Car,s5_64_76,Deployed,s2_97_208,s1_below_1,Female,s2_37_80,s3_141_159,s2_164_318,s3_80_160,s2_2_4
102,s2_885_1695,s2_n103_99,s4_n40_7,s1_below_4282,s1_below_2,s5_2007_2009,s2_760_2075,s3_17_37,Passenger Car,s3_28_48,Deployed,s2_97_208,s1_below_1,Female,s4_96_114,s3_141_159,s2_164_318,s3_80_160,s2_2_4
103,s2_885_1695,s2_n103_99,s4_n40_7,s1_below_4282,s1_below_2,s2_2001_2003,s2_760_2075,s3_17_37,Truck (<=6000 lbs.),s2_11_28,Not Deployed,s2_97_208,s1_below_1,Female,s2_37_80,s4_159_169,s2_164_318,s2_40_80,s3_4_5
104,s2_885_1695,s2_n103_99,s4_n40_7,s1_below_4282,s1_below_2,s5_2007_2009,s2_760_2075,s4_37_47,Passenger Car,s4_48_64,Not Deployed,s2_97_208,s1_below_1,Female,s2_37_80,s3_141_159,s2_164_318,s3_80_160,s2_2_4
105,s2_885_1695,s2_n103_99,s4_n40_7,s1_below_4282,s1_below_2,s3_2003_2005,s2_760_2075,s3_17_37,Passenger Car,s4_48_64,Not Deployed,s2_97_208,s1_below_1,Female,s4_96_114,s3_141_159,s2_164_318,s6_260_up,s2_2_4
106,s3_1695_2555,s2_n103_99,s3_n81_n40,s1_below_4282,s1_below_2,s3_2003_2005,s2_760_2075,s3_17_37,Passenger Car,s5_64_76,Not Deployed,s2_97_208,s1_below_1,Female,s3_80_96,s4_159_169,s2_164_318,s3_80_160,s3_4_5
107,s2_885_1695,s2_n103_99,s4_n40_7,s1_below_4282,s2_2_3,s3_2003_2005,s2_760_2075,s3_17_37,Passenger Car,s2_11_28,Deployed,s2_97_208,s1_below_1,Male,s3_80_96,s3_141_159,s2_164_318,s3_80_160,s2_2_4
108,s2_885_1695,s2_n103_99,s4_n40_7,s1_below_4282,s1_below_2,s4_2005_2007,s2_760_2075,s3_17_37,Passenger Car,s5_64_76,Deployed,s2_97_208,s1_below_1,Male,s4_96_114,s3_141_159,s2_164_318,s3_80_160,s2_2_4
109,s3_1695_2555,s2_n103_99,s4_n40_7,s1_below_4282,s2_2_3,s2_2001_2003,s2_760_2075,s4_37_47,Truck (<=6000 lbs.),s3_28_48,Not Deployed,s2_97_208,s1_below_1,Female,s3_80_96,s4_159_169,s2_164_318,s3_80_160,s3_4_5
110,s2_885_1695,s2_n103_99,s4_n40_7,s1_below_4282,s3_3_4,s3_2003_2005,s2_760_2075,s3_17_37,Truck (<=6000 lbs.),s4_48_64,Not Deployed,s2_97_208,s1_below_1,Female,s4_96_114,s3_141_159,s2_164_318,s4_160_220,s2_2_4
111,s3_1695_2555,s2_n103_99,s4_n40_7,s1_below_4282,s2_2_3,s3_2003_2005,s2_760_2075,s3_17_37,Truck (<=6000 lbs.),s3_28_48,Not Deployed,s2_97_208,s1_below_1,Male,s3_80_96,s4_159_169,s2_164_318,s3_80_160,s2_2_4
112,s2_885_1695,s2_n103_99,s4_n40_7,s1_below_4282,s1_below_2,s2_2001_2003,s2_760_2075,s4_37_47,Truck (<=6000 lbs.),s2_11_28,Deployed,s2_97_208,s2_1_2,Female,s2_37_80,s3_141_159,s2_164_318,s4_160_220,s2_2_4
113,s2_885_1695,s2_n103_99,s5_7_up,s1_below_4282,s1_below_2,s3_2003_2005,s2_760_2075,s4_37_47,Passenger Car,s2_11_28,Deployed,s2_97_208,s1_below_1,Female,s2_37_80,s3_141_159,s2_164_318,s6_260_up,s2_2_4
114,s2_885_1695,s2_n103_99,s4_n40_7,s1_below_4282,s2_2_3,s2_2001_2003,s2_760_2075,s4_37_47,Passenger Car,s2_11_28,Deployed,s2_97_208,s1_below_1,Female,s2_37_80,s3_141_159,s2_164_318,s4_160_220,s2_2_4
115,s2_885_1695,s2_n103_99,s4_n40_7,s1_below_4282,s2_2_3,s4_2005_2007,s2_760_2075,s4_37_47,Passenger Car,s5_64_76,Deployed,s2_97_208,s1_below_1,Male,s4_96_114,s3_141_159,s2_164_318,s3_80_160,s2_2_4
116,s2_885_1695,s2_n103_99,s4_n40_7,s1_below_4282,s4_4_5,s3_2003_2005,s2_760_2075,s3_17_37,Passenger Car,s4_48_64,Not Deployed,s2_97_208,s1_below_1,Female,s2_37_80,s3_141_159,s2_164_318,s4_160_220,s2_2_4
117,s3_1695_2555,s2_n103_99,s4_n40_7,s1_below_4282,s4_4_5,s4_2005_2007,s2_760_2075,s4_37_47,Truck (<=6000 lbs.),s4_48_64,Deployed,s2_97_208,s1_below_1,Male,s6_130_up,s3_141_159,s2_164_318,s3_80_160,s2_2_4
118,s3_1695_2555,s2_n103_99,s5_7_up,s1_below_4282,s3_3_4,s3_2003_2005,s3_2075_3730,s3_17_37,Truck (<=6000 lbs.),s3_28_48,Not Deployed,s2_97_208,s1_below_1,Female,s2_37_80,s4_159_169,s2_164_318,s6_260_up,s2_2_4
119,s2_885_1695,s2_n103_99,s4_n40_7,s1_below_4282,s1_below_2,s3_2003_2005,s2_760_2075,s3_17_37,Passenger Car,s4_48_64,Not Deployed,s2_97_208,s1_below_1,Female,s2_37_80,s3_141_159,s2_164_318,s3_80_160,s2_2_4
120,s2_885_1695,s2_n103_99,s4_n40_7,s1_below_4282,s1_below_2,s2_2001_2003,s2_760_2075,s3_17_37,Passenger Car,s5_64_76,Not Deployed,s2_97_208,s1_below_1,Female,s2_37_80,s3_141_159,s2_164_318,s3_80_160,s2_2_4
121,s2_885_1695,s2_n103_99,s4_n40_7,s1_below_4282,s4_4_5,s2_2001_2003,s2_760_2075,s4_37_47,Passenger Car,s3_28_48,Deployed,s2_97_208,s1_below_1,Male,s3_80_96,s3_141_159,s2_164_318,s4_160_220,s2_2_4
122,s3_1695_2555,s2_n103_99,s4_n40_7,s1_below_4282,s5_5_6,s5_2007_2009,s2_760_2075,s4_37_47,Truck (<=6000 lbs.),s2_11_28,Deployed,s2_97_208,s1_below_1,Female,s2_37_80,s3_141_159,s2_164_318,s3_80_160,s2_2_4
123,s2_885_1695,s2_n103_99,s4_n40_7,s1_below_4282,s2_2_3,s3_2003_2005,s2_760_2075,s3_17_37,Passenger Car,s4_48_64,Not Deployed,s2_97_208,s1_below_1,Female,s3_80_96,s3_141_159,s2_164_318,s1_below_40,s2_2_4
124,s3_1695_2555,s2_n103_99,s4_n40_7,s1_below_4282,s2_2_3,s4_2005_2007,s2_760_2075,s5_47_57,Truck (<=10000 lbs.),s4_48_64,Deployed,s2_97_208,s1_below_1,Male,s3_80_96,s4_159_169,s3_318_464,s3_80_160,s4_5_6
125,s2_885_1695,s2_n103_99,s4_n40_7,s1_below_4282,s2_2_3,s2_2001_2003,s3_2075_3730,s4_37_47,Passenger Car,s2_11_28,Deployed,s2_97_208,s1_below_1,Male,s3_80_96,s3_141_159,s2_164_318,s6_260_up,s2_2_4
126,s2_885_1695,s2_n103_99,s4_n40_7,s1_below_4282,s1_below_2,s4_2005_2007,s3_2075_3730,s5_47_57,Passenger Car,s2_11_28,Deployed,s2_97_208,s3_2_3,Female,s2_37_80,s3_141_159,s2_164_318,s3_80_160,s2_2_4
127,s3_1695_2555,s2_n103_99,s4_n40_7,s1_below_4282,s1_below_2,s4_2005_2007,s3_2075_3730,s4_37_47,Truck (<=6000 lbs.),s4_48_64,Not Deployed,s2_97_208,s1_below_1,Female,s2_37_80,s3_141_159,s2_164_318,s4_160_220,s2_2_4
128,s2_885_1695,s2_n103_99,s4_n40_7,s1_below_4282,s1_below_2,s4_2005_2007,s2_760_2075,s3_17_37,Passenger Car,s4_48_64,Deployed,s2_97_208,s1_below_1,Male,s3_80_96,s3_141_159,s2_164_318,s3_80_160,s2_2_4
129,s3_1695_2555,s2_n103_99,s4_n40_7,s1_below_4282,s2_2_3,s5_2007_2009,s2_760_2075,s5_47_57,Truck (<=10000 lbs.),s3_28_48,Not Deployed,s2_97_208,s1_below_1,Male,s4_96_114,s5_169_179,s3_318_464,s3_80_160,s4_5_6
130,s2_885_1695,s2_n103_99,s5_7_up,s1_below_4282,s3_3_4,s5_2007_2009,s2_760_2075,s3_17_37,Passenger Car,s4_48_64,Not Deployed,s2_97_208,s1_below_1,Male,s3_80_96,s3_141_159,s2_164_318,s6_260_up,s2_2_4
131,s4_2555_3715,s2_n103_99,s4_n40_7,s1_below_4282,s2_2_3,s2_2001_2003,s2_760_2075,s4_37_47,Truck (<=10000 lbs.),s4_48_64,Not Deployed,s2_97_208,s1_below_1,Male,s4_96_114,s4_159_169,s3_318_464,s3_80_160,s4_5_6
132,s2_885_1695,s2_n103_99,s4_n40_7,s1_below_4282,s2_2_3,s2_2001_2003,s2_760_2075,s3_17_37,Passenger Car,s4_48_64,Not Deployed,s2_97_208,s1_below_1,Female,s2_37_80,s3_141_159,s2_164_318,s4_160_220,s2_2_4
133,s2_885_1695,s2_n103_99,s4_n40_7,s1_below_4282,s1_below_2,s5_2007_2009,s2_760_2075,s3_17_37,Passenger Car,s3_28_48,Deployed,s2_97_208,s1_below_1,Female,s2_37_80,s3_141_159,s2_164_318,s3_80_160,s2_2_4
134,s2_885_1695,s2_n103_99,s4_n40_7,s1_below_4282,s1_below_2,s5_2007_2009,s2_760_2075,s3_17_37,Passenger Car,s3_28_48,Deployed,s2_97_208,s1_below_1,Female,s2_37_80,s3_141_159,s2_164_318,s4_160_220,s2_2_4
135,s2_885_1695,s2_n103_99,s4_n40_7,s1_below_4282,s1_below_2,s3_2003_2005,s2_760_2075,s3_17_37,Passenger Car,s4_48_64,Deployed,s2_97_208,s1_below_1,Female,s2_37_80,s3_141_159,s2_164_318,s2_40_80,s2_2_4
136,s2_885_1695,s2_n103_99,s4_n40_7,s1_below_4282,s2_2_3,s5_2007_2009,s2_760_2075,s4_37_47,Passenger Car,s4_48_64,Deployed,s2_97_208,s1_below_1,Male,s3_80_96,s3_141_159,s2_164_318,s3_80_160,s2_2_4
137,s2_885_1695,s2_n103_99,s5_7_up,s1_below_4282,s2_2_3,s5_2007_2009,s2_760_2075,s4_37_47,Passenger Car,s2_11_28,Not Deployed,s2_97_208,s1_below_1,Female,s2_37_80,s3_141_159,s2_164_318,s6_260_up,s2_2_4
138,s2_885_1695,s2_n103_99,s4_n40_7,s1_below_4282,s2_2_3,s4_2005_2007,s2_760_2075,s3_17_37,Passenger Car,s2_11_28,Deployed,s2_97_208,s1_below_1,Male,s2_37_80,s3_141_159,s2_164_318,s3_80_160,s2_2_4
139,s2_885_1695,s2_n103_99,s4_n40_7,s1_below_4282,s1_below_2,s5_2007_2009,s3_2075_3730,s3_17_37,Passenger Car,s2_11_28,Deployed,s2_97_208,s1_below_1,Female,s2_37_80,s3_141_159,s2_164_318,s3_80_160,s2_2_4
140,s3_1695_2555,s2_n103_99,s4_n40_7,s1_below_4282,s3_3_4,s3_2003_2005,s2_760_2075,s3_17_37,Truck (<=6000 lbs.),s4_48_64,Not Deployed,s2_97_208,s1_below_1,Female,s4_96_114,s3_141_159,s2_164_318,s3_80_160,s2_2_4
141,s3_1695_2555,s2_n103_99,s4_n40_7,s1_below_4282,s1_below_2,s2_2001_2003,s2_760_2075,s3_17_37,Passenger Car,s3_28_48,Not Deployed,s2_97_208,s1_below_1,Male,s2_37_80,s4_159_169,s2_164_318,s4_160_220,s2_2_4
142,s2_885_1695,s2_n103_99,s4_n40_7,s1_below_4282,s1_below_2,s4_2005_2007,s2_760_2075,s3_17_37,Passenger Car,s2_11_28,Deployed,s2_97_208,s2_1_2,Male,s4_96_114,s3_141_159,s2_164_318,s4_160_220,s2_2_4
143,s3_1695_2555,s2_n103_99,s4_n40_7,s1_below_4282,s1_below_2,s4_2005_2007,s2_760_2075,s3_17_37,Truck (<=6000 lbs.),s2_11_28,Not Deployed,s2_97_208,s1_below_1,Female,s3_80_96,s3_141_159,s2_164_318,s3_80_160,s2_2_4
144,s2_885_1695,s2_n103_99,s4_n40_7,s1_below_4282,s1_below_2,s4_2005_2007,s2_760_2075,s3_17_37,Passenger Car,s3_28_48,Deployed,s2_97_208,s1_below_1,Male,s3_80_96,s3_141_159,s2_164_318,s3_80_160,s2_2_4
145,s3_1695_2555,s2_n103_99,s4_n40_7,s1_below_4282,s3_3_4,s4_2005_2007,s2_760_2075,s3_17_37,Passenger Car,s3_28_48,Deployed,s2_97_208,s1_below_1,Female,s2_37_80,s3_141_159,s2_164_318,s3_80_160,s3_4_5
146,s2_885_1695,s2_n103_99,s4_n40_7,s1_below_4282,s3_3_4,s4_2005_2007,s2_760_2075,s3_17_37,Passenger Car,s2_11_28,Not Deployed,s2_97_208,s1_below_1,Male,s2_37_80,s3_141_159,s2_164_318,s4_160_220,s2_2_4
147,s2_885_1695,s2_n103_99,s4_n40_7,s1_below_4282,s1_below_2,s3_2003_2005,s2_760_2075,s3_17_37,Passenger Car,s3_28_48,Not Deployed,s2_97_208,s1_below_1,Female,s3_80_96,s3_141_159,s2_164_318,s1_below_40,s2_2_4
148,s2_885_1695,s2_n103_99,s4_n40_7,s1_below_4282,s5_5_6,s5_2007_2009,s2_760_2075,s3_17_37,Passenger Car,s4_48_64,Not Deployed,s2_97_208,s1_below_1,Female,s2_37_80,s3_141_159,s2_164_318,s4_160_220,s2_2_4
149,s3_1695_2555,s2_n103_99,s4_n40_7,s1_below_4282,s1_below_2,s2_2001_2003,s2_760_2075,s3_17_37,Truck (<=6000 lbs.),s4_48_64,Not Deployed,s2_97_208,s1_below_1,Male,s3_80_96,s3_141_159,s3_318_464,s3_80_160,s2_2_4
150,s2_885_1695,s2_n103_99,s3_n81_n40,s1_below_4282,s3_3_4,s2_2001_2003,s2_760_2075,s3_17_37,Passenger Car,s2_11_28,Deployed,s2_97_208,s5_4_5,Male,s2_37_80,s3_141_159,s2_164_318,s3_80_160,s2_2_4
151,s3_1695_2555,s2_n103_99,s4_n40_7,s1_below_4282,s4_4_5,s2_2001_2003,s2_760_2075,s3_17_37,Passenger Car,s3_28_48,Deployed,s2_97_208,s1_below_1,Male,s4_96_114,s3_141_159,s2_164_318,s4_160_220,s2_2_4
152,s2_885_1695,s2_n103_99,s3_n81_n40,s1_below_4282,s1_below_2,s4_2005_2007,s2_760_2075,s3_17_37,Passenger Car,s3_28_48,Deployed,s2_97_208,s2_1_2,Male,s3_80_96,s3_141_159,s2_164_318,s3_80_160,s2_2_4
153,s2_885_1695,s2_n103_99,s4_n40_7,s1_below_4282,s5_5_6,s5_2007_2009,s2_760_2075,s3_17_37,Passenger Car,s2_11_28,Not Deployed,s2_97_208,s2_1_2,Female,s2_37_80,s3_141_159,s2_164_318,s4_160_220,s2_2_4
154,s3_1695_2555,s2_n103_99,s4_n40_7,s1_below_4282,s3_3_4,s3_2003_2005,s2_760_2075,s5_47_57,Truck (<=6000 lbs.),s4_48_64,Deployed,s2_97_208,s1_below_1,Female,s2_37_80,s4_159_169,s2_164_318,s3_80_160,s3_4_5
155,s2_885_1695,s2_n103_99,s4_n40_7,s1_below_4282,s1_below_2,s4_2005_2007,s2_760_2075,s3_17_37,Passenger Car,s2_11_28,Not Deployed,s2_97_208,s1_below_1,Female,s3_80_96,s3_141_159,s2_164_318,s2_40_80,s2_2_4
156,s3_1695_2555,s2_n103_99,s4_n40_7,s1_below_4282,s1_below_2,s4_2005_2007,s2_760_2075,s3_17_37,Truck (<=10000 lbs.),s2_11_28,Not Deployed,s2_97_208,s1_below_1,Female,s2_37_80,s5_169_179,s3_318_464,s3_80_160,s4_5_6
157,s3_1695_2555,s2_n103_99,s5_7_up,s1_below_4282,s1_below_2,s4_2005_2007,s3_2075_3730,s3_17_37,Truck (<=6000 lbs.),s4_48_64,Not Deployed,s2_97_208,s1_below_1,Male,s3_80_96,s4_159_169,s2_164_318,s6_260_up,s3_4_5
158,s2_885_1695,s2_n103_99,s4_n40_7,s1_below_4282,s1_below_2,s4_2005_2007,s2_760_2075,s3_17_37,Passenger Car,s2_11_28,Deployed,s2_97_208,s1_below_1,Male,s2_37_80,s3_141_159,s2_164_318,s3_80_160,s2_2_4
159,s2_885_1695,s2_n103_99,s4_n40_7,s1_below_4282,s6_6_up,s2_2001_2003,s2_760_2075,s3_17_37,Passenger Car,s3_28_48,Not Deployed,s2_97_208,s1_below_1,Male,s2_37_80,s3_141_159,s2_164_318,s4_160_220,s2_2_4
160,s2_885_1695,s2_n103_99,s4_n40_7,s1_below_4282,s3_3_4,s2_2001_2003,s2_760_2075,s5_47_57,Passenger Car,s2_11_28,Deployed,s2_97_208,s1_below_1,Male,s4_96_114,s3_141_159,s2_164_318,s3_80_160,s2_2_4
161,s3_1695_2555,s2_n103_99,s4_n40_7,s1_below_4282,s1_below_2,s3_2003_2005,s2_760_2075,s3_17_37,Truck (<=6000 lbs.),s2_11_28,Not Deployed,s2_97_208,s1_below_1,Female,s2_37_80,s4_159_169,s2_164_318,s3_80_160,s3_4_5
162,s4_2555_3715,s2_n103_99,s4_n40_7,s1_below_4282,s1_below_2,s5_2007_2009,s3_2075_3730,s5_47_57,Truck (<=10000 lbs.),s3_28_48,Not Deployed,s2_97_208,s1_below_1,Female,s2_37_80,s5_169_179,s3_318_464,s3_80_160,s4_5_6
163,s2_885_1695,s2_n103_99,s4_n40_7,s1_below_4282,s1_below_2,s4_2005_2007,s2_760_2075,s3_17_37,Passenger Car,s3_28_48,Not Deployed,s2_97_208,s1_below_1,Female,s2_37_80,s3_141_159,s2_164_318,s3_80_160,s2_2_4
164,s3_1695_2555,s2_n103_99,s4_n40_7,s1_below_4282,s1_below_2,s4_2005_2007,s2_760_2075,s3_17_37,Passenger Car,s4_48_64,Not Deployed,s2_97_208,s1_below_1,Male,s4_96_114,s4_159_169,s2_164_318,s3_80_160,s2_2_4
165,s3_1695_2555,s2_n103_99,s4_n40_7,s1_below_4282,s4_4_5,s4_2005_2007,s2_760_2075,s3_17_37,Truck (<=6000 lbs.),s3_28_48,Deployed,s2_97_208,s1_below_1,Male,s3_80_96,s3_141_159,s2_164_318,s3_80_160,s2_2_4
166,s2_885_1695,s2_n103_99,s4_n40_7,s1_below_4282,s4_4_5,s2_2001_2003,s2_760_2075,s4_37_47,Passenger Car,s2_11_28,Deployed,s2_97_208,s1_below_1,Female,s2_37_80,s3_141_159,s2_164_318,s4_160_220,s2_2_4
167,s2_885_1695,s2_n103_99,s4_n40_7,s1_below_4282,s2_2_3,s2_2001_2003,s2_760_2075,s4_37_47,Passenger Car,s5_64_76,Not Deployed,s2_97_208,s1_below_1,Male,s2_37_80,s3_141_159,s2_164_318,s1_below_40,s2_2_4
168,s2_885_1695,s2_n103_99,s4_n40_7,s1_below_4282,s2_2_3,s2_2001_2003,s2_760_2075,s4_37_47,Truck (<=6000 lbs.),s3_28_48,Deployed,s2_97_208,s1_below_1,Male,s3_80_96,s3_141_159,s3_318_464,s4_160_220,s2_2_4
169,s3_1695_2555,s2_n103_99,s4_n40_7,s1_below_4282,s1_below_2,s2_2001_2003,s2_760_2075,s3_17_37,Truck (<=6000 lbs.),s3_28_48,Not Deployed,s2_97_208,s1_below_1,Male,s3_80_96,s3_141_159,s2_164_318,s4_160_220,s2_2_4
170,s2_885_1695,s2_n103_99,s5_7_up,s1_below_4282,s1_below_2,s4_2005_2007,s2_760_2075,s3_17_37,Passenger Car,s3_28_48,Not Deployed,s2_97_208,s1_below_1,Male,s2_37_80,s3_141_159,s2_164_318,s6_260_up,s2_2_4
171,s3_1695_2555,s2_n103_99,s3_n81_n40,s1_below_4282,s1_below_2,s5_2007_2009,s2_760_2075,s3_17_37,Truck (<=6000 lbs.),s2_11_28,Deployed,s2_97_208,s1_below_1,Male,s3_80_96,s3_141_159,s2_164_318,s3_80_160,s2_2_4
172,s3_1695_2555,s2_n103_99,s3_n81_n40,s1_below_4282,s1_below_2,s2_2001_2003,s2_760_2075,s3_17_37,Truck (<=6000 lbs.),s5_64_76,Deployed,s2_97_208,s3_2_3,Male,s6_130_up,s3_141_159,s2_164_318,s3_80_160,s2_2_4
173,s2_885_1695,s2_n103_99,s4_n40_7,s1_below_4282,s1_below_2,s2_2001_2003,s2_760_2075,s3_17_37,Passenger Car,s2_11_28,Deployed,s2_97_208,s1_below_1,Male,s3_80_96,s3_141_159,s2_164_318,s3_80_160,s2_2_4
174,s2_885_1695,s2_n103_99,s4_n40_7,s1_below_4282,s1_below_2,s5_2007_2009,s2_760_2075,s3_17_37,Passenger Car,s2_11_28,Not Deployed,s2_97_208,s1_below_1,Male,s2_37_80,s3_141_159,s2_164_318,s4_160_220,s2_2_4
175,s3_1695_2555,s2_n103_99,s4_n40_7,s1_below_4282,s1_below_2,s3_2003_2005,s2_760_2075,s4_37_47,Truck (<=6000 lbs.),s3_28_48,Deployed,s2_97_208,s1_below_1,Male,s3_80_96,s5_169_179,s2_164_318,s3_80_160,s4_5_6
176,s3_1695_2555,s2_n103_99,s4_n40_7,s1_below_4282,s1_below_2,s3_2003_2005,s2_760_2075,s3_17_37,Truck (<=6000 lbs.),s4_48_64,Not Deployed,s2_97_208,s1_below_1,Female,s3_80_96,s5_169_179,s2_164_318,s2_40_80,s4_5_6
177,s2_885_1695,s2_n103_99,s4_n40_7,s1_below_4282,s1_below_2,s2_2001_2003,s2_760_2075,s3_17_37,Passenger Car,s3_28_48,Not Deployed,s2_97_208,s1_below_1,Male,s3_80_96,s3_141_159,s2_164_318,s4_160_220,s2_2_4
178,s2_885_1695,s2_n103_99,s5_7_up,s1_below_4282,s3_3_4,s4_2005_2007,s2_760_2075,s4_37_47,Truck (<=6000 lbs.),s4_48_64,Not Deployed,s2_97_208,s1_below_1,Female,s2_37_80,s3_141_159,s2_164_318,s6_260_up,s2_2_4
179,s2_885_1695,s2_n103_99,s4_n40_7,s1_below_4282,s2_2_3,s2_2001_2003,s2_760_2075,s3_17_37,Passenger Car,s3_28_48,Deployed,s2_97_208,s1_below_1,Male,s2_37_80,s3_141_159,s2_164_318,s4_160_220,s2_2_4
180,s2_885_1695,s2_n103_99,s4_n40_7,s1_below_4282,s1_below_2,s5_2007_2009,s2_760_2075,s3_17_37,Passenger Car,s5_64_76,Deployed,s2_97_208,s1_below_1,Female,s2_37_80,s3_141_159,s2_164_318,s3_80_160,s2_2_4
181,s3_1695_2555,s2_n103_99,s4_n40_7,s1_below_4282,s1_below_2,s2_2001_2003,s2_760_2075,s3_17_37,Truck (<=6000 lbs.),s3_28_48,Not Deployed,s2_97_208,s1_below_1,Female,s2_37_80,s4_159_169,s2_164_318,s5_220_260,s3_4_5
182,s2_885_1695,s2_n103_99,s4_n40_7,s1_below_4282,s1_below_2,s3_2003_2005,s2_760_2075,s3_17_37,Passenger Car,s4_48_64,Deployed,s2_97_208,s1_below_1,Male,s3_80_96,s3_141_159,s2_164_318,s3_80_160,s2_2_4
183,s3_1695_2555,s2_n103_99,s4_n40_7,s1_below_4282,s1_below_2,s5_2007_2009,s3_2075_3730,s3_17_37,Truck (<=6000 lbs.),s3_28_48,Not Deployed,s2_97_208,s1_below_1,Female,s2_37_80,s4_159_169,s2_164_318,s2_40_80,s3_4_5
184,s2_885_1695,s2_n103_99,s4_n40_7,s1_below_4282,s1_below_2,s3_2003_2005,s2_760_2075,s3_17_37,Passenger Car,s3_28_48,Not Deployed,s2_97_208,s1_below_1,Female,s2_37_80,s3_141_159,s2_164_318,s3_80_160,s2_2_4
185,s2_885_1695,s2_n103_99,s4_n40_7,s1_below_4282,s1_below_2,s2_2001_2003,s2_760_2075,s3_17_37,Passenger Car,s2_11_28,Not Deployed,s2_97_208,s1_below_1,Male,s6_130_up,s3_141_159,s2_164_318,s3_80_160,s2_2_4
186,s2_885_1695,s2_n103_99,s4_n40_7,s1_below_4282,s1_below_2,s3_2003_2005,s2_760_2075,s3_17_37,Passenger Car,s2_11_28,Deployed,s2_97_208,s1_below_1,Female,s2_37_80,s3_141_159,s2_164_318,s3_80_160,s2_2_4
187,s2_885_1695,s2_n103_99,s4_n40_7,s1_below_4282,s3_3_4,s4_2005_2007,s2_760_2075,s4_37_47,Passenger Car,s4_48_64,Not Deployed,s2_97_208,s1_below_1,Male,s2_37_80,s3_141_159,s2_164_318,s2_40_80,s2_2_4
188,s2_885_1695,s2_n103_99,s4_n40_7,s1_below_4282,s1_below_2,s3_2003_2005,s2_760_2075,s3_17_37,Passenger Car,s5_64_76,Deployed,s2_97_208,s1_below_1,Female,s2_37_80,s3_141_159,s2_164_318,s2_40_80,s2_2_4
189,s2_885_1695,s2_n103_99,s5_7_up,s1_below_4282,s1_below_2,s3_2003_2005,s2_760_2075,s3_17_37,Passenger Car,s2_11_28,Not Deployed,s2_97_208,s2_1_2,Male,s4_96_114,s3_141_159,s2_164_318,s5_220_260,s2_2_4
190,s2_885_1695,s2_n103_99,s4_n40_7,s1_below_4282,s1_below_2,s2_2001_2003,s2_760_2075,s3_17_37,Truck (<=6000 lbs.),s4_48_64,Not Deployed,s2_97_208,s1_below_1,Male,s3_80_96,s3_141_159,s2_164_318,s3_80_160,s2_2_4
191,s3_1695_2555,s2_n103_99,s4_n40_7,s1_below_4282,s3_3_4,s3_2003_2005,s3_2075_3730,s4_37_47,Truck (<=6000 lbs.),s3_28_48,Not Deployed,s2_97_208,s1_below_1,Male,s3_80_96,s4_159_169,s2_164_318,s3_80_160,s3_4_5
192,s2_885_1695,s2_n103_99,s4_n40_7,s1_below_4282,s1_below_2,s5_2007_2009,s2_760_2075,s3_17_37,Passenger Car,s2_11_28,Not Deployed,s2_97_208,s1_below_1,Female,s2_37_80,s3_141_159,s2_164_318,s2_40_80,s2_2_4
193,s2_885_1695,s2_n103_99,s4_n40_7,s1_below_4282,s1_below_2,s5_2007_2009,s2_760_2075,s3_17_37,Passenger Car,s3_28_48,Deployed,s2_97_208,s1_below_1,Male,s2_37_80,s3_141_159,s2_164_318,s3_80_160,s2_2_4
194,s2_885_1695,s2_n103_99,s4_n40_7,s1_below_4282,s3_3_4,s3_2003_2005,s2_760_2075,s4_37_47,Passenger Car,s2_11_28,Not Deployed,s2_97_208,s1_below_1,Female,s3_80_96,s3_141_159,s2_164_318,s3_80_160,s2_2_4
195,s3_1695_2555,s2_n103_99,s4_n40_7,s1_below_4282,s1_below_2,s2_2001_2003,s2_760_2075,s5_47_57,Passenger Car,s5_64_76,Not Deployed,s2_97_208,s1_below_1,Male,s3_80_96,s3_141_159,s2_164_318,s4_160_220,s2_2_4
196,s2_885_1695,s2_n103_99,s4_n40_7,s1_below_4282,s1_below_2,s2_2001_2003,s2_760_2075,s3_17_37,Passenger Car,s3_28_48,Deployed,s2_97_208,s1_below_1,Female,s2_37_80,s3_141_159,s2_164_318,s3_80_160,s2_2_4
197,s3_1695_2555,s2_n103_99,s4_n40_7,s1_below_4282,s1_below_2,s2_2001_2003,s2_760_2075,s3_17_37,Truck (<=6000 lbs.),s3_28_48,Not Deployed,s2_97_208,s1_below_1,Female,s4_96_114,s3_141_159,s2_164_318,s3_80_160,s2_2_4
198,s2_885_1695,s2_n103_99,s4_n40_7,s1_below_4282,s1_below_2,s5_2007_2009,s2_760_2075,s3_17_37,Truck (<=6000 lbs.),s3_28_48,Deployed,s2_97_208,s1_below_1,Female,s4_96_114,s3_141_159,s2_164_318,s3_80_160,s2_2_4
199,s2_885_1695,s2_n103_99,s4_n40_7,s1_below_4282,s2_2_3,s2_2001_2003,s2_760_2075,s3_17_37,Passenger Car,s2_11_28,Not Deployed,s2_97_208,s1_below_1,Male,s3_80_96,s3_141_159,s2_164_318,s3_80_160,s2_2_4
200,s2_885_1695,s2_n103_99,s5_7_up,s1_below_4282,s3_3_4,s4_2005_2007,s2_760_2075,s4_37_47,Passenger Car,s2_11_28,Not Deployed,s2_97_208,s1_below_1,Female,s2_37_80,s3_141_159,s2_164_318,s4_160_220,s2_2_4
201,s3_1695_2555,s2_n103_99,s4_n40_7,s1_below_4282,s1_below_2,s3_2003_2005,s2_760_2075,s3_17_37,Truck (<=6000 lbs.),s3_28_48,Not Deployed,s2_97_208,s1_below_1,Female,s2_37_80,s4_159_169,s2_164_318,s3_80_160,s2_2_4
202,s2_885_1695,s2_n103_99,s4_n40_7,s1_below_4282,s2_2_3,s2_2001_2003,s2_760_2075,s4_37_47,Passenger Car,s2_11_28,Deployed,s2_97_208,s1_below_1,Male,s4_96_114,s3_141_159,s2_164_318,s3_80_160,s2_2_4
203,s3_1695_2555,s2_n103_99,s4_n40_7,s1_below_4282,s1_below_2,s3_2003_2005,s2_760_2075,s3_17_37,Passenger Car,s4_48_64,Not Deployed,s2_97_208,s1_below_1,Female,s2_37_80,s3_141_159,s2_164_318,s3_80_160,s3_4_5
204,s3_1695_2555,s2_n103_99,s4_n40_7,s1_below_4282,s1_below_2,s5_2007_2009,s3_2075_3730,s3_17_37,Truck (<=10000 lbs.),s2_11_28,Not Deployed,s2_97_208,s1_below_1,Female,s3_80_96,s5_169_179,s3_318_464,s4_160_220,s4_5_6
205,s2_885_1695,s2_n103_99,s4_n40_7,s1_below_4282,s1_below_2,s3_2003_2005,s3_2075_3730,s4_37_47,Passenger Car,s2_11_28,Not Deployed,s2_97_208,s1_below_1,Female,s2_37_80,s3_141_159,s2_164_318,s3_80_160,s2_2_4
206,s2_885_1695,s2_n103_99,s5_7_up,s1_below_4282,s1_below_2,s4_2005_2007,s2_760_2075,s4_37_47,Passenger Car,s4_48_64,Not Deployed,s2_97_208,s1_below_1,Male,s3_80_96,s3_141_159,s2_164_318,s6_260_up,s2_2_4
207,s2_885_1695,s2_n103_99,s4_n40_7,s1_below_4282,s1_below_2,s4_2005_2007,s2_760_2075,s3_17_37,Passenger Car,s2_11_28,Not Deployed,s2_97_208,s1_below_1,Male,s3_80_96,s3_141_159,s2_164_318,s3_80_160,s2_2_4
208,s3_1695_2555,s2_n103_99,s5_7_up,s1_below_4282,s1_below_2,s5_2007_2009,s2_760_2075,s4_37_47,Truck (<=10000 lbs.),s3_28_48,Not Deployed,s2_97_208,s2_1_2,Female,s5_114_130,s4_159_169,s2_164_318,s6_260_up,s3_4_5
209,s2_885_1695,s2_n103_99,s5_7_up,s1_below_4282,s1_below_2,s5_2007_2009,s3_2075_3730,s3_17_37,Passenger Car,s4_48_64,Not Deployed,s2_97_208,s1_below_1,Female,s3_80_96,s3_141_159,s2_164_318,s5_220_260,s2_2_4
210,s2_885_1695,s2_n103_99,s4_n40_7,s1_below_4282,s2_2_3,s5_2007_2009,s2_760_2075,s5_47_57,Passenger Car,s2_11_28,Deployed,s2_97_208,s1_below_1,Male,s2_37_80,s3_141_159,s2_164_318,s3_80_160,s2_2_4
211,s3_1695_2555,s2_n103_99,s4_n40_7,s1_below_4282,s3_3_4,s4_2005_2007,s3_2075_3730,s4_37_47,Truck (<=10000 lbs.),s2_11_28,Deployed,s2_97_208,s1_below_1,Male,s3_80_96,s5_169_179,s3_318_464,s3_80_160,s4_5_6
212,s3_1695_2555,s2_n103_99,s5_7_up,s1_below_4282,s3_3_4,s3_2003_2005,s2_760_2075,s4_37_47,Truck (<=10000 lbs.),s3_28_48,Not Deployed,s2_97_208,s1_below_1,Female,s2_37_80,s3_141_159,s3_318_464,s3_80_160,s3_4_5
213,s3_1695_2555,s2_n103_99,s4_n40_7,s1_below_4282,s3_3_4,s2_2001_2003,s2_760_2075,s4_37_47,Truck (<=6000 lbs.),s4_48_64,Not Deployed,s2_97_208,s1_below_1,Female,s2_37_80,s4_159_169,s2_164_318,s3_80_160,s3_4_5
214,s2_885_1695,s2_n103_99,s4_n40_7,s1_below_4282,s1_below_2,s3_2003_2005,s2_760_2075,s4_37_47,Passenger Car,s5_64_76,Not Deployed,s2_97_208,s1_below_1,Female,s2_37_80,s3_141_159,s2_164_318,s4_160_220,s2_2_4
215,s2_885_1695,s2_n103_99,s4_n40_7,s1_below_4282,s3_3_4,s2_2001_2003,s2_760_2075,s4_37_47,Passenger Car,s4_48_64,Not Deployed,s2_97_208,s1_below_1,Male,s3_80_96,s3_141_159,s2_164_318,s4_160_220,s2_2_4
216,s2_885_1695,s2_n103_99,s4_n40_7,s1_below_4282,s3_3_4,s5_2007_2009,s2_760_2075,s4_37_47,Truck (<=6000 lbs.),s3_28_48,Not Deployed,s2_97_208,s1_below_1,Female,s3_80_96,s3_141_159,s3_318_464,s3_80_160,s2_2_4
217,s2_885_1695,s2_n103_99,s4_n40_7,s1_below_4282,s3_3_4,s4_2005_2007,s2_760_2075,s3_17_37,Passenger Car,s4_48_64,Deployed,s2_97_208,s1_below_1,Male,s2_37_80,s3_141_159,s2_164_318,s3_80_160,s2_2_4
218,s3_1695_2555,s2_n103_99,s4_n40_7,s1_below_4282,s3_3_4,s5_2007_2009,s2_760_2075,s4_37_47,Truck (<=10000 lbs.),s3_28_48,Not Deployed,s2_97_208,s1_below_1,Female,s2_37_80,s4_159_169,s2_164_318,s4_160_220,s3_4_5
219,s2_885_1695,s2_n103_99,s4_n40_7,s1_below_4282,s2_2_3,s4_2005_2007,s2_760_2075,s4_37_47,Passenger Car,s5_64_76,Deployed,s2_97_208,s1_below_1,Female,s4_96_114,s3_141_159,s2_164_318,s3_80_160,s2_2_4
220,s2_885_1695,s2_n103_99,s4_n40_7,s1_below_4282,s1_below_2,s4_2005_2007,s2_760_2075,s4_37_47,Passenger Car,s5_64_76,Not Deployed,s2_97_208,s1_below_1,Male,s3_80_96,s3_141_159,s2_164_318,s2_40_80,s2_2_4
221,s3_1695_2555,s2_n103_99,s4_n40_7,s1_below_4282,s1_below_2,s3_2003_2005,s2_760_2075,s3_17_37,Truck (<=6000 lbs.),s3_28_48,Deployed,s2_97_208,s1_below_1,Male,s6_130_up,s3_141_159,s2_164_318,s3_80_160,s2_2_4
222,s2_885_1695,s2_n103_99,s4_n40_7,s1_below_4282,s1_below_2,s4_2005_2007,s2_760_2075,s5_47_57,Passenger Car,s2_11_28,Not Deployed,s2_97_208,s1_below_1,Male,s3_80_96,s3_141_159,s2_164_318,s2_40_80,s2_2_4
223,s2_885_1695,s2_n103_99,s4_n40_7,s1_below_4282,s2_2_3,s3_2003_2005,s2_760_2075,s3_17_37,Truck (<=6000 lbs.),s4_48_64,Deployed,s2_97_208,s2_1_2,Female,s2_37_80,s3_141_159,s2_164_318,s3_80_160,s2_2_4
224,s3_1695_2555,s2_n103_99,s4_n40_7,s1_below_4282,s3_3_4,s2_2001_2003,s3_2075_3730,s3_17_37,Truck (<=10000 lbs.),s4_48_64,Not Deployed,s2_97_208,s1_below_1,Female,s2_37_80,s4_159_169,s3_318_464,s4_160_220,s4_5_6
225,s2_885_1695,s2_n103_99,s4_n40_7,s1_below_4282,s1_below_2,s4_2005_2007,s2_760_2075,s3_17_37,Passenger Car,s4_48_64,Not Deployed,s2_97_208,s1_below_1,Female,s3_80_96,s3_141_159,s2_164_318,s3_80_160,s2_2_4
226,s2_885_1695,s2_n103_99,s4_n40_7,s1_below_4282,s3_3_4,s5_2007_2009,s2_760_2075,s4_37_47,Passenger Car,s3_28_48,Deployed,s2_97_208,s1_below_1,Female,s2_37_80,s3_141_159,s2_164_318,s3_80_160,s2_2_4
227,s3_1695_2555,s2_n103_99,s4_n40_7,s1_below_4282,s1_below_2,s5_2007_2009,s3_2075_3730,s3_17_37,Truck (<=10000 lbs.),s5_64_76,Not Deployed,s2_97_208,s1_below_1,Male,s4_96_114,s5_169_179,s3_318_464,s3_80_160,s4_5_6
228,s3_1695_2555,s2_n103_99,s4_n40_7,s1_below_4282,s1_below_2,s3_2003_2005,s3_2075_3730,s3_17_37,Truck (<=6000 lbs.),s4_48_64,Not Deployed,s2_97_208,s1_below_1,Male,s4_96_114,s3_141_159,s2_164_318,s3_80_160,s2_2_4
229,s2_885_1695,s2_n103_99,s4_n40_7,s1_below_4282,s1_below_2,s4_2005_2007,s3_2075_3730,s3_17_37,Passenger Car,s3_28_48,Deployed,s2_97_208,s2_1_2,Female,s4_96_114,s3_141_159,s2_164_318,s3_80_160,s2_2_4
230,s3_1695_2555,s2_n103_99,s4_n40_7,s1_below_4282,s1_below_2,s4_2005_2007,s2_760_2075,s3_17_37,Truck (<=6000 lbs.),s4_48_64,Not Deployed,s2_97_208,s1_below_1,Male,s3_80_96,s4_159_169,s2_164_318,s3_80_160,s3_4_5
231,s2_885_1695,s2_n103_99,s5_7_up,s1_below_4282,s3_3_4,s3_2003_2005,s3_2075_3730,s3_17_37,Truck (<=6000 lbs.),s3_28_48,Not Deployed,s2_97_208,s1_below_1,Male,s2_37_80,s3_141_159,s2_164_318,s6_260_up,s2_2_4
232,s2_885_1695,s2_n103_99,s4_n40_7,s1_below_4282,s1_below_2,s3_2003_2005,s3_2075_3730,s3_17_37,Passenger Car,s4_48_64,Not Deployed,s2_97_208,s1_below_1,Male,s2_37_80,s3_141_159,s2_164_318,s2_40_80,s2_2_4
233,s3_1695_2555,s2_n103_99,s4_n40_7,s1_below_4282,s1_below_2,s4_2005_2007,s2_760_2075,s6_57_up,Truck (<=6000 lbs.),s3_28_48,Not Deployed,s2_97_208,s1_below_1,Male,s3_80_96,s3_141_159,s2_164_318,s3_80_160,s3_4_5
234,s4_2555_3715,s2_n103_99,s4_n40_7,s1_below_4282,s3_3_4,s4_2005_2007,s2_760_2075,s3_17_37,Truck (<=10000 lbs.),s3_28_48,Not Deployed,s2_97_208,s1_below_1,Male,s3_80_96,s5_169_179,s3_318_464,s3_80_160,s4_5_6
235,s2_885_1695,s2_n103_99,s5_7_up,s1_below_4282,s1_below_2,s3_2003_2005,s2_760_2075,s3_17_37,Passenger Car,s4_48_64,Not Deployed,s2_97_208,s1_below_1,Female,s3_80_96,s3_141_159,s2_164_318,s6_260_up,s2_2_4
236,s3_1695_2555,s2_n103_99,s4_n40_7,s1_below_4282,s2_2_3,s5_2007_2009,s2_760_2075,s4_37_47,Truck (<=6000 lbs.),s3_28_48,Deployed,s2_97_208,s1_below_1,Female,s4_96_114,s4_159_169,s2_164_318,s3_80_160,s2_2_4
237,s2_885_1695,s2_n103_99,s4_n40_7,s1_below_4282,s1_below_2,s2_2001_2003,s2_760_2075,s3_17_37,Passenger Car,s2_11_28,Deployed,s2_97_208,s1_below_1,Male,s2_37_80,s3_141_159,s2_164_318,s3_80_160,s2_2_4
238,s2_885_1695,s2_n103_99,s4_n40_7,s1_below_4282,s1_below_2,s4_2005_2007,s2_760_2075,s3_17_37,Passenger Car,s4_48_64,Not Deployed,s2_97_208,s1_below_1,Female,s2_37_80,s3_141_159,s2_164_318,s3_80_160,s2_2_4
239,s2_885_1695,s2_n103_99,s4_n40_7,s1_below_4282,s1_below_2,s3_2003_2005,s2_760_2075,s3_17_37,Passenger Car,s2_11_28,Deployed,s2_97_208,s1_below_1,Female,s6_130_up,s3_141_159,s2_164_318,s3_80_160,s2_2_4
240,s3_1695_2555,s2_n103_99,s3_n81_n40,s2_4282_6970,s1_below_2,s2_2001_2003,s2_760_2075,s4_37_47,Truck (<=6000 lbs.),s4_48_64,Deployed,s2_97_208,s3_2_3,Male,s4_96_114,s4_159_169,s2_164_318,s3_80_160,s2_2_4
241,s2_885_1695,s2_n103_99,s4_n40_7,s1_below_4282,s3_3_4,s4_2005_2007,s2_760_2075,s4_37_47,Truck (<=6000 lbs.),s3_28_48,Deployed,s2_97_208,s1_below_1,Male,s3_80_96,s3_141_159,s2_164_318,s3_80_160,s2_2_4
242,s3_1695_2555,s2_n103_99,s4_n40_7,s1_below_4282,s1_below_2,s2_2001_2003,s2_760_2075,s5_47_57,Truck (<=6000 lbs.),s3_28_48,Not Deployed,s2_97_208,s1_below_1,Female,s2_37_80,s4_159_169,s2_164_318,s3_80_160,s2_2_4
243,s2_885_1695,s2_n103_99,s4_n40_7,s1_below_4282,s1_below_2,s3_2003_2005,s2_760_2075,s3_17_37,Passenger Car,s3_28_48,Not Deployed,s2_97_208,s1_below_1,Female,s4_96_114,s3_141_159,s2_164_318,s3_80_160,s2_2_4
244,s3_1695_2555,s2_n103_99,s5_7_up,s1_below_4282,s3_3_4,s3_2003_2005,s2_760_2075,s3_17_37,Truck (<=6000 lbs.),s5_64_76,Not Deployed,s2_97_208,s1_below_1,Male,s4_96_114,s4_159_169,s2_164_318,s6_260_up,s2_2_4
245,s2_885_1695,s2_n103_99,s4_n40_7,s1_below_4282,s1_below_2,s4_2005_2007,s2_760_2075,s3_17_37,Passenger Car,s2_11_28,Deployed,s2_97_208,s1_below_1,Female,s3_80_96,s3_141_159,s2_164_318,s3_80_160,s2_2_4
246,s2_885_1695,s2_n103_99,s4_n40_7,s1_below_4282,s1_below_2,s4_2005_2007,s2_760_2075,s3_17_37,Passenger Car,s4_48_64,Not Deployed,s2_97_208,s1_below_1,Female,s2_37_80,s3_141_159,s2_164_318,s3_80_160,s2_2_4
247,s2_885_1695,s2_n103_99,s4_n40_7,s1_below_4282,s1_below_2,s3_2003_2005,s2_760_2075,s5_47_57,Passenger Car,s2_11_28,Deployed,s2_97_208,s1_below_1,Male,s5_114_130,s3_141_159,s2_164_318,s3_80_160,s2_2_4
248,s2_885_1695,s2_n103_99,s4_n40_7,s1_below_4282,s1_below_2,s5_2007_2009,s3_2075_3730,s3_17_37,Passenger Car,s4_48_64,Not Deployed,s2_97_208,s2_1_2,Female,s2_37_80,s3_141_159,s2_164_318,s3_80_160,s2_2_4
249,s3_1695_2555,s2_n103_99,s4_n40_7,s1_below_4282,s1_below_2,s4_2005_2007,s2_760_2075,s3_17_37,Truck (<=10000 lbs.),s3_28_48,Deployed,s2_97_208,s1_below_1,Male,s2_37_80,s5_169_179,s3_318_464,s3_80_160,s4_5_6
250,s2_885_1695,s2_n103_99,s4_n40_7,s1_below_4282,s1_below_2,s2_2001_2003,s2_760_2075,s3_17_37,Passenger Car,s3_28_48,Not Deployed,s2_97_208,s1_below_1,Male,s3_80_96,s3_141_159,s2_164_318,s3_80_160,s2_2_4
251,s3_1695_2555,s2_n103_99,s4_n40_7,s1_below_4282,s3_3_4,s3_2003_2005,s3_2075_3730,s4_37_47,Truck (<=6000 lbs.),s2_11_28,Not Deployed,s2_97_208,s1_below_1,Female,s2_37_80,s4_159_169,s2_164_318,s3_80_160,s3_4_5
252,s3_1695_2555,s2_n103_99,s4_n40_7,s1_below_4282,s3_3_4,s3_2003_2005,s2_760_2075,s4_37_47,Truck (<=10000 lbs.),s4_48_64,Not Deployed,s2_97_208,s1_below_1,Male,s6_130_up,s5_169_179,s3_318_464,s3_80_160,s4_5_6
253,s2_885_1695,s2_n103_99,s4_n40_7,s1_below_4282,s2_2_3,s2_2001_2003,s2_760_2075,s3_17_37,Passenger Car,s3_28_48,Not Deployed,s2_97_208,s1_below_1,Male,s4_96_114,s3_141_159,s2_164_318,s3_80_160,s2_2_4
254,s2_885_1695,s2_n103_99,s4_n40_7,s1_below_4282,s1_below_2,s5_2007_2009,s3_2075_3730,s3_17_37,Passenger Car,s2_11_28,Not Deployed,s2_97_208,s1_below_1,Female,s2_37_80,s3_141_159,s2_164_318,s3_80_160,s2_2_4
255,s2_885_1695,s2_n103_99,s4_n40_7,s1_below_4282,s3_3_4,s2_2001_2003,s2_760_2075,s2_7_17,Passenger Car,s3_28_48,Not Deployed,s2_97_208,s1_below_1,Male,s3_80_96,s3_141_159,s2_164_318,s3_80_160,s2_2_4
256,s2_885_1695,s2_n103_99,s4_n40_7,s1_below_4282,s2_2_3,s3_2003_2005,s2_760_2075,s3_17_37,Passenger Car,s3_28_48,Deployed,s2_97_208,s1_below_1,Male,s3_80_96,s3_141_159,s2_164_318,s3_80_160,s2_2_4
257,s2_885_1695,s2_n103_99,s4_n40_7,s1_below_4282,s1_below_2,s4_2005_2007,s3_2075_3730,s3_17_37,Passenger Car,s4_48_64,Not Deployed,s2_97_208,s1_below_1,Female,s3_80_96,s3_141_159,s2_164_318,s3_80_160,s2_2_4
258,s2_885_1695,s2_n103_99,s4_n40_7,s1_below_4282,s1_below_2,s2_2001_2003,s2_760_2075,s3_17_37,Passenger Car,s5_64_76,Deployed,s2_97_208,s1_below_1,Female,s3_80_96,s3_141_159,s2_164_318,s3_80_160,s2_2_4
259,s2_885_1695,s2_n103_99,s4_n40_7,s1_below_4282,s1_below_2,s2_2001_2003,s2_760_2075,s3_17_37,Passenger Car,s2_11_28,Not Deployed,s2_97_208,s1_below_1,Male,s4_96_114,s3_141_159,s2_164_318,s3_80_160,s2_2_4
260,s2_885_1695,s2_n103_99,s4_n40_7,s1_below_4282,s1_below_2,s5_2007_2009,s3_2075_3730,s4_37_47,Passenger Car,s6_76_up,Not Deployed,s2_97_208,s2_1_2,Male,s3_80_96,s3_141_159,s2_164_318,s3_80_160,s2_2_4
261,s3_1695_2555,s2_n103_99,s4_n40_7,s1_below_4282,s1_below_2,s2_2001_2003,s3_2075_3730,s3_17_37,Truck (<=6000 lbs.),s2_11_28,Not Deployed,s2_97_208,s1_below_1,Male,s3_80_96,s4_159_169,s2_164_318,s2_40_80,s3_4_5
262,s3_1695_2555,s2_n103_99,s4_n40_7,s1_below_4282,s1_below_2,s4_2005_2007,s2_760_2075,s3_17_37,Truck (<=10000 lbs.),s2_11_28,Not Deployed,s2_97_208,s1_below_1,Female,s3_80_96,s3_141_159,s3_318_464,s3_80_160,s3_4_5
263,s3_1695_2555,s2_n103_99,s4_n40_7,s1_below_4282,s2_2_3,s3_2003_2005,s2_760_2075,s3_17_37,Truck (<=6000 lbs.),s2_11_28,Not Deployed,s2_97_208,s1_below_1,Female,s2_37_80,s3_141_159,s2_164_318,s3_80_160,s2_2_4
264,s2_885_1695,s2_n103_99,s3_n81_n40,s1_below_4282,s1_below_2,s4_2005_2007,s2_760_2075,s3_17_37,Passenger Car,s2_11_28,Deployed,s2_97_208,s2_1_2,Male,s2_37_80,s3_141_159,s2_164_318,s3_80_160,s2_2_4
265,s2_885_1695,s2_n103_99,s4_n40_7,s1_below_4282,s1_below_2,s5_2007_2009,s2_760_2075,s3_17_37,Passenger Car,s3_28_48,Deployed,s2_97_208,s1_below_1,Female,s2_37_80,s3_141_159,s2_164_318,s3_80_160,s2_2_4
266,s3_1695_2555,s2_n103_99,s4_n40_7,s1_below_4282,s1_below_2,s3_2003_2005,s2_760_2075,s3_17_37,Truck (<=6000 lbs.),s3_28_48,Not Deployed,s2_97_208,s1_below_1,Female,s2_37_80,s5_169_179,s2_164_318,s3_80_160,s3_4_5
267,s2_885_1695,s2_n103_99,s4_n40_7,s1_below_4282,s1_below_2,s4_2005_2007,s2_760_2075,s3_17_37,Truck (<=6000 lbs.),s5_64_76,Not Deployed,s2_97_208,s1_below_1,Male,s2_37_80,s3_141_159,s3_318_464,s3_80_160,s2_2_4
268,s2_885_1695,s2_n103_99,s4_n40_7,s1_below_4282,s1_below_2,s2_2001_2003,s2_760_2075,s3_17_37,Passenger Car,s6_76_up,Not Deployed,s2_97_208,s1_below_1,Female,s2_37_80,s3_141_159,s2_164_318,s3_80_160,s2_2_4
269,s3_1695_2555,s2_n103_99,s4_n40_7,s1_below_4282,s1_below_2,s3_2003_2005,s2_760_2075,s4_37_47,Truck (<=6000 lbs.),s2_11_28,Deployed,s2_97_208,s1_below_1,Male,s2_37_80,s3_141_159,s2_164_318,s3_80_160,s2_2_4
270,s2_885_1695,s2_n103_99,s4_n40_7,s1_below_4282,s3_3_4,s2_2001_2003,s2_760_2075,s3_17_37,Passenger Car,s4_48_64,Not Deployed,s2_97_208,s1_below_1,Male,s3_80_96,s3_141_159,s2_164_318,s3_80_160,s2_2_4
271,s2_885_1695,s2_n103_99,s4_n40_7,s1_below_4282,s1_below_2,s3_2003_2005,s3_2075_3730,s3_17_37,Truck (<=6000 lbs.),s2_11_28,Deployed,s2_97_208,s1_below_1,Female,s2_37_80,s4_159_169,s2_164_318,s3_80_160,s2_2_4
272,s2_885_1695,s2_n103_99,s4_n40_7,s1_below_4282,s2_2_3,s5_2007_2009,s3_2075_3730,s2_7_17,Passenger Car,s2_11_28,Not Deployed,s2_97_208,s1_below_1,Male,s2_37_80,s3_141_159,s2_164_318,s3_80_160,s2_2_4
273,s2_885_1695,s2_n103_99,s4_n40_7,s1_below_4282,s1_below_2,s4_2005_2007,s2_760_2075,s4_37_47,Passenger Car,s3_28_48,Deployed,s2_97_208,s1_below_1,Female,s6_130_up,s3_141_159,s2_164_318,s4_160_220,s2_2_4
274,s2_885_1695,s2_n103_99,s4_n40_7,s1_below_4282,s1_below_2,s5_2007_2009,s2_760_2075,s5_47_57,Passenger Car,s2_11_28,Not Deployed,s2_97_208,s1_below_1,Female,s2_37_80,s3_141_159,s2_164_318,s4_160_220,s2_2_4
275,s3_1695_2555,s2_n103_99,s3_n81_n40,s1_below_4282,s2_2_3,s2_2001_2003,s2_760_2075,s4_37_47,Truck (<=6000 lbs.),s3_28_48,Deployed,s2_97_208,s1_below_1,Male,s4_96_114,s3_141_159,s2_164_318,s3_80_160,s2_2_4
276,s3_1695_2555,s2_n103_99,s4_n40_7,s1_below_4282,s3_3_4,s3_2003_2005,s2_760_2075,s4_37_47,Truck (<=6000 lbs.),s3_28_48,Deployed,s2_97_208,s1_below_1,Female,s2_37_80,s4_159_169,s2_164_318,s3_80_160,s2_2_4
277,s3_1695_2555,s2_n103_99,s4_n40_7,s1_below_4282,s3_3_4,s2_2001_2003,s1_below_760,s4_37_47,Truck (<=6000 lbs.),s3_28_48,Deployed,s2_97_208,s1_below_1,Female,s4_96_114,s5_169_179,s2_164_318,s3_80_160,s3_4_5
278,s2_885_1695,s2_n103_99,s4_n40_7,s1_below_4282,s1_below_2,s3_2003_2005,s2_760_2075,s3_17_37,Passenger Car,s3_28_48,Deployed,s2_97_208,s1_below_1,Male,s2_37_80,s3_141_159,s2_164_318,s3_80_160,s2_2_4
279,s2_885_1695,s2_n103_99,s4_n40_7,s1_below_4282,s4_4_5,s3_2003_2005,s2_760_2075,s5_47_57,Truck (<=6000 lbs.),s4_48_64,Not Deployed,s2_97_208,s2_1_2,Female,s6_130_up,s3_141_159,s2_164_318,s4_160_220,s2_2_4
280,s2_885_1695,s2_n103_99,s4_n40_7,s1_below_4282,s3_3_4,s3_2003_2005,s2_760_2075,s5_47_57,Passenger Car,s3_28_48,Deployed,s2_97_208,s1_below_1,Female,s2_37_80,s3_141_159,s2_164_318,s3_80_160,s2_2_4
281,s2_885_1695,s2_n103_99,s4_n40_7,s1_below_4282,s1_below_2,s4_2005_2007,s2_760_2075,s5_47_57,Passenger Car,s4_48_64,Not Deployed,s2_97_208,s2_1_2,Female,s2_37_80,s3_141_159,s2_164_318,s5_220_260,s2_2_4
282,s3_1695_2555,s2_n103_99,s4_n40_7,s1_below_4282,s1_below_2,s2_2001_2003,s2_760_2075,s3_17_37,Passenger Car,s2_11_28,Deployed,s2_97_208,s3_2_3,Male,s4_96_114,s3_141_159,s2_164_318,s3_80_160,s2_2_4
283,s3_1695_2555,s2_n103_99,s4_n40_7,s1_below_4282,s2_2_3,s4_2005_2007,s2_760_2075,s4_37_47,Truck (<=6000 lbs.),s2_11_28,Deployed,s2_97_208,s1_below_1,Male,s6_130_up,s4_159_169,s2_164_318,s3_80_160,s3_4_5
284,s3_1695_2555,s2_n103_99,s4_n40_7,s1_below_4282,s3_3_4,s4_2005_2007,s2_760_2075,s3_17_37,Truck (<=6000 lbs.),s4_48_64,Deployed,s2_97_208,s1_below_1,Female,s2_37_80,s4_159_169,s2_164_318,s3_80_160,s2_2_4
285,s2_885_1695,s2_n103_99,s4_n40_7,s1_below_4282,s1_below_2,s3_2003_2005,s2_760_2075,s3_17_37,Passenger Car,s4_48_64,Not Deployed,s2_97_208,s1_below_1,Male,s2_37_80,s3_141_159,s2_164_318,s3_80_160,s2_2_4
286,s2_885_1695,s2_n103_99,s4_n40_7,s1_below_4282,s2_2_3,s2_2001_2003,s2_760_2075,s3_17_37,Passenger Car,s3_28_48,Not Deployed,s2_97_208,s1_below_1,Male,s4_96_114,s3_141_159,s2_164_318,s3_80_160,s2_2_4
287,s2_885_1695,s2_n103_99,s4_n40_7,s1_below_4282,s2_2_3,s3_2003_2005,s2_760_2075,s3_17_37,Passenger Car,s3_28_48,Not Deployed,s2_97_208,s1_below_1,Female,s3_80_96,s3_141_159,s2_164_318,s1_below_40,s2_2_4
288,s2_885_1695,s2_n103_99,s3_n81_n40,s1_below_4282,s6_6_up,s4_2005_2007,s2_760_2075,s5_47_57,Passenger Car,s2_11_28,Deployed,s2_97_208,s3_2_3,Female,s2_37_80,s3_141_159,s2_164_318,s3_80_160,s2_2_4
289,s2_885_1695,s2_n103_99,s4_n40_7,s1_below_4282,s4_4_5,s4_2005_2007,s2_760_2075,s3_17_37,Passenger Car,s2_11_28,Deployed,s2_97_208,s1_below_1,Male,s2_37_80,s3_141_159,s2_164_318,s3_80_160,s2_2_4
290,s2_885_1695,s2_n103_99,s5_7_up,s1_below_4282,s3_3_4,s4_2005_2007,s2_760_2075,s5_47_57,Passenger Car,s4_48_64,Not Deployed,s2_97_208,s1_below_1,Male,s4_96_114,s3_141_159,s2_164_318,s6_260_up,s2_2_4
291,s3_1695_2555,s2_n103_99,s4_n40_7,s1_below_4282,s3_3_4,s5_2007_2009,s2_760_2075,s4_37_47,Truck (<=10000 lbs.),s4_48_64,Not Deployed,s2_97_208,s1_below_1,Female,s2_37_80,s5_169_179,s2_164_318,s1_below_40,s3_4_5
292,s2_885_1695,s2_n103_99,s4_n40_7,s1_below_4282,s1_below_2,s5_2007_2009,s2_760_2075,s5_47_57,Passenger Car,s3_28_48,Not Deployed,s2_97_208,s1_below_1,Female,s2_37_80,s3_141_159,s2_164_318,s2_40_80,s2_2_4
293,s2_885_1695,s2_n103_99,s4_n40_7,s1_below_4282,s3_3_4,s3_2003_2005,s2_760_2075,s5_47_57,Truck (<=6000 lbs.),s2_11_28,Deployed,s2_97_208,s1_below_1,Female,s2_37_80,s3_141_159,s2_164_318,s3_80_160,s2_2_4
294,s2_885_1695,s2_n103_99,s2_n112_n81,s1_below_4282,s1_below_2,s3_2003_2005,s2_760_2075,s3_17_37,Passenger Car,s2_11_28,Deployed,s2_97_208,s5_4_5,Male,s5_114_130,s3_141_159,s2_164_318,s3_80_160,s2_2_4
295,s2_885_1695,s2_n103_99,s4_n40_7,s1_below_4282,s1_below_2,s2_2001_2003,s2_760_2075,s5_47_57,Passenger Car,s5_64_76,Not Deployed,s2_97_208,s1_below_1,Female,s2_37_80,s3_141_159,s2_164_318,s2_40_80,s2_2_4
296,s3_1695_2555,s2_n103_99,s4_n40_7,s1_below_4282,s2_2_3,s4_2005_2007,s3_2075_3730,s4_37_47,Truck (<=6000 lbs.),s3_28_48,Deployed,s2_97_208,s3_2_3,Female,s2_37_80,s5_169_179,s2_164_318,s2_40_80,s2_2_4
297,s2_885_1695,s2_n103_99,s5_7_up,s1_below_4282,s4_4_5,s3_2003_2005,s3_2075_3730,s4_37_47,Passenger Car,s5_64_76,Not Deployed,s2_97_208,s1_below_1,Female,s2_37_80,s3_141_159,s2_164_318,s5_220_260,s2_2_4
298,s3_1695_2555,s2_n103_99,s5_7_up,s1_below_4282,s3_3_4,s2_2001_2003,s2_760_2075,s4_37_47,Truck (<=6000 lbs.),s3_28_48,Not Deployed,s2_97_208,s1_below_1,Male,s4_96_114,s4_159_169,s2_164_318,s6_260_up,s2_2_4
299,s3_1695_2555,s2_n103_99,s5_7_up,s2_4282_6970,s1_below_2,s3_2003_2005,s2_760_2075,s3_17_37,Truck (<=6000 lbs.),s4_48_64,Not Deployed,s2_97_208,s2_1_2,Female,s3_80_96,s3_141_159,s3_318_464,s1_below_40,s3_4_5
300,s2_885_1695,s2_n103_99,s5_7_up,s1_below_4282,s2_2_3,s2_2001_2003,s2_760_2075,s3_17_37,Passenger Car,s3_28_48,Not Deployed,s2_97_208,s1_below_1,Male,s3_80_96,s3_141_159,s2_164_318,s6_260_up,s2_2_4
301,s2_885_1695,s2_n103_99,s4_n40_7,s1_below_4282,s1_below_2,s4_2005_2007,s2_760_2075,s3_17_37,Passenger Car,s2_11_28,Deployed,s2_97_208,s2_1_2,Female,s2_37_80,s3_141_159,s2_164_318,s3_80_160,s2_2_4
302,s2_885_1695,s2_n103_99,s4_n40_7,s1_below_4282,s5_5_6,s5_2007_2009,s3_2075_3730,s5_47_57,Passenger Car,s3_28_48,Deployed,s2_97_208,s1_below_1,Male,s4_96_114,s3_141_159,s2_164_318,s3_80_160,s2_2_4
303,s3_1695_2555,s2_n103_99,s3_n81_n40,s2_4282_6970,s5_5_6,s3_2003_2005,s2_760_2075,s5_47_57,Truck (<=10000 lbs.),s2_11_28,Deployed,s2_97_208,s1_below_1,Male,s2_37_80,s4_159_169,s3_318_464,s3_80_160,s4_5_6
304,s2_885_1695,s2_n103_99,s3_n81_n40,s1_below_4282,s3_3_4,s4_2005_2007,s3_2075_3730,s5_47_57,Passenger Car,s2_11_28,Deployed,s2_97_208,s2_1_2,Female,s2_37_80,s3_141_159,s2_164_318,s2_40_80,s2_2_4
305,s2_885_1695,s2_n103_99,s5_7_up,s1_below_4282,s1_below_2,s2_2001_2003,s2_760_2075,s5_47_57,Passenger Car,s6_76_up,Not Deployed,s2_97_208,s1_below_1,Male,s2_37_80,s3_141_159,s2_164_318,s1_below_40,s2_2_4
306,s2_885_1695,s2_n103_99,s4_n40_7,s1_below_4282,s3_3_4,s5_2007_2009,s2_760_2075,s4_37_47,Passenger Car,s3_28_48,Deployed,s2_97_208,s1_below_1,Female,s2_37_80,s3_141_159,s2_164_318,s4_160_220,s2_2_4
307,s2_885_1695,s2_n103_99,s4_n40_7,s1_below_4282,s4_4_5,s3_2003_2005,s2_760_2075,s3_17_37,Passenger Car,s2_11_28,Not Deployed,s2_97_208,s1_below_1,Female,s2_37_80,s3_141_159,s2_164_318,s4_160_220,s2_2_4
308,s2_885_1695,s2_n103_99,s4_n40_7,s1_below_4282,s3_3_4,s5_2007_2009,s2_760_2075,s4_37_47,Truck (<=6000 lbs.),s3_28_48,Deployed,s2_97_208,s1_below_1,Male,s2_37_80,s3_141_159,s2_164_318,s3_80_160,s2_2_4
309,s2_885_1695,s2_n103_99,s4_n40_7,s1_below_4282,s4_4_5,s2_2001_2003,s2_760_2075,s3_17_37,Passenger Car,s2_11_28,Not Deployed,s2_97_208,s1_below_1,Female,s2_37_80,s3_141_159,s2_164_318,s4_160_220,s2_2_4
310,s4_2555_3715,s2_n103_99,s4_n40_7,s1_below_4282,s3_3_4,s3_2003_2005,s2_760_2075,s5_47_57,Truck (<=10000 lbs.),s3_28_48,Deployed,s2_97_208,s1_below_1,Male,s3_80_96,s4_159_169,s3_318_464,s3_80_160,s4_5_6
311,s3_1695_2555,s2_n103_99,s4_n40_7,s1_below_4282,s5_5_6,s4_2005_2007,s2_760_2075,s5_47_57,Truck (<=6000 lbs.),s3_28_48,Not Deployed,s2_97_208,s1_below_1,Male,s3_80_96,s3_141_159,s2_164_318,s3_80_160,s2_2_4
312,s2_885_1695,s2_n103_99,s4_n40_7,s1_below_4282,s6_6_up,s4_2005_2007,s2_760_2075,s4_37_47,Passenger Car,s2_11_28,Deployed,s2_97_208,s1_below_1,Female,s2_37_80,s3_141_159,s2_164_318,s3_80_160,s2_2_4
313,s3_1695_2555,s2_n103_99,s4_n40_7,s1_below_4282,s3_3_4,s3_2003_2005,s2_760_2075,s3_17_37,Truck (<=10000 lbs.),s2_11_28,Not Deployed,s2_97_208,s1_below_1,Female,s3_80_96,s4_159_169,s2_164_318,s4_160_220,s3_4_5
314,s2_885_1695,s2_n103_99,s4_n40_7,s1_below_4282,s3_3_4,s2_2001_2003,s3_2075_3730,s3_17_37,Passenger Car,s3_28_48,Deployed,s2_97_208,s1_below_1,Female,s3_80_96,s3_141_159,s2_164_318,s3_80_160,s2_2_4
315,s2_885_1695,s2_n103_99,s4_n40_7,s1_below_4282,s1_below_2,s4_2005_2007,s2_760_2075,s3_17_37,Passenger Car,s2_11_28,Deployed,s2_97_208,s1_below_1,Male,s4_96_114,s3_141_159,s2_164_318,s3_80_160,s2_2_4
316,s2_885_1695,s2_n103_99,s4_n40_7,s1_below_4282,s2_2_3,s4_2005_2007,s2_760_2075,s3_17_37,Passenger Car,s2_11_28,Not Deployed,s2_97_208,s1_below_1,Male,s4_96_114,s3_141_159,s2_164_318,s2_40_80,s2_2_4
317,s2_885_1695,s2_n103_99,s2_n112_n81,s1_below_4282,s1_below_2,s5_2007_2009,s2_760_2075,s6_57_up,Passenger Car,s3_28_48,Deployed,s2_97_208,s1_below_1,Female,s2_37_80,s3_141_159,s2_164_318,s3_80_160,s2_2_4
318,s3_1695_2555,s2_n103_99,s4_n40_7,s1_below_4282,s2_2_3,s4_2005_2007,s3_2075_3730,s6_57_up,Truck (<=6000 lbs.),s2_11_28,Not Deployed,s2_97_208,s1_below_1,Male,s3_80_96,s3_141_159,s2_164_318,s4_160_220,s2_2_4
319,s2_885_1695,s2_n103_99,s4_n40_7,s1_below_4282,s1_below_2,s5_2007_2009,s2_760_2075,s4_37_47,Passenger Car,s5_64_76,Deployed,s2_97_208,s3_2_3,Female,s5_114_130,s3_141_159,s2_164_318,s4_160_220,s2_2_4
320,s2_885_1695,s2_n103_99,s4_n40_7,s1_below_4282,s1_below_2,s5_2007_2009,s2_760_2075,s5_47_57,Passenger Car,s3_28_48,Deployed,s2_97_208,s2_1_2,Male,s3_80_96,s3_141_159,s2_164_318,s3_80_160,s2_2_4
321,s2_885_1695,s2_n103_99,s4_n40_7,s1_below_4282,s1_below_2,s4_2005_2007,s3_2075_3730,s5_47_57,Passenger Car,s3_28_48,Not Deployed,s2_97_208,s1_below_1,Female,s2_37_80,s3_141_159,s2_164_318,s4_160_220,s2_2_4
322,s2_885_1695,s2_n103_99,s4_n40_7,s1_below_4282,s1_below_2,s2_2001_2003,s2_760_2075,s5_47_57,Passenger Car,s2_11_28,Not Deployed,s2_97_208,s1_below_1,Female,s4_96_114,s3_141_159,s2_164_318,s3_80_160,s2_2_4
323,s2_885_1695,s2_n103_99,s4_n40_7,s1_below_4282,s4_4_5,s5_2007_2009,s2_760_2075,s3_17_37,Passenger Car,s4_48_64,Not Deployed,s2_97_208,s1_below_1,Female,s3_80_96,s3_141_159,s2_164_318,s3_80_160,s2_2_4
324,s2_885_1695,s2_n103_99,s4_n40_7,s1_below_4282,s1_below_2,s4_2005_2007,s2_760_2075,s3_17_37,Passenger Car,s4_48_64,Not Deployed,s2_97_208,s1_below_1,Female,s2_37_80,s3_141_159,s2_164_318,s3_80_160,s2_2_4
325,s3_1695_2555,s2_n103_99,s4_n40_7,s1_below_4282,s1_below_2,s4_2005_2007,s2_760_2075,s3_17_37,Truck (<=6000 lbs.),s2_11_28,Deployed,s2_97_208,s1_below_1,Male,s2_37_80,s4_159_169,s2_164_318,s3_80_160,s3_4_5
326,s2_885_1695,s2_n103_99,s4_n40_7,s1_below_4282,s3_3_4,s4_2005_2007,s2_760_2075,s4_37_47,Passenger Car,s2_11_28,Not Deployed,s2_97_208,s1_below_1,Male,s3_80_96,s3_141_159,s2_164_318,s3_80_160,s2_2_4
327,s3_1695_2555,s2_n103_99,s4_n40_7,s1_below_4282,s5_5_6,s4_2005_2007,s2_760_2075,s5_47_57,Truck (<=10000 lbs.),s3_28_48,Not Deployed,s2_97_208,s1_below_1,Female,s2_37_80,s3_141_159,s2_164_318,s3_80_160,s2_2_4
328,s2_885_1695,s2_n103_99,s4_n40_7,s1_below_4282,s5_5_6,s5_2007_2009,s3_2075_3730,s5_47_57,Passenger Car,s4_48_64,Deployed,s2_97_208,s6_5_up,Male,s4_96_114,s3_141_159,s2_164_318,s3_80_160,s2_2_4
329,s2_885_1695,s2_n103_99,s4_n40_7,s1_below_4282,s5_5_6,s4_2005_2007,s2_760_2075,s4_37_47,Passenger Car,s2_11_28,Deployed,s2_97_208,s1_below_1,Female,s2_37_80,s3_141_159,s2_164_318,s3_80_160,s2_2_4
330,s3_1695_2555,s2_n103_99,s4_n40_7,s1_below_4282,s1_below_2,s4_2005_2007,s2_760_2075,s3_17_37,Truck (<=6000 lbs.),s4_48_64,Not Deployed,s2_97_208,s1_below_1,Female,s2_37_80,s3_141_159,s2_164_318,s2_40_80,s2_2_4
331,s2_885_1695,s2_n103_99,s4_n40_7,s1_below_4282,s2_2_3,s2_2001_2003,s2_760_2075,s2_7_17,Truck (<=6000 lbs.),s2_11_28,Not Deployed,s2_97_208,s1_below_1,Male,s3_80_96,s3_141_159,s2_164_318,s2_40_80,s2_2_4
332,s2_885_1695,s2_n103_99,s4_n40_7,s1_below_4282,s2_2_3,s4_2005_2007,s2_760_2075,s4_37_47,Passenger Car,s3_28_48,Deployed,s2_97_208,s1_below_1,Male,s3_80_96,s3_141_159,s2_164_318,s3_80_160,s2_2_4
333,s2_885_1695,s2_n103_99,s4_n40_7,s1_below_4282,s2_2_3,s3_2003_2005,s2_760_2075,s3_17_37,Truck (<=6000 lbs.),s4_48_64,Not Deployed,s2_97_208,s1_below_1,Female,s3_80_96,s3_141_159,s2_164_318,s3_80_160,s2_2_4
334,s3_1695_2555,s2_n103_99,s4_n40_7,s1_below_4282,s1_below_2,s2_2001_2003,s2_760_2075,s3_17_37,Truck (<=6000 lbs.),s3_28_48,Not Deployed,s2_97_208,s1_below_1,Female,s2_37_80,s4_159_169,s2_164_318,s2_40_80,s3_4_5
335,s2_885_1695,s2_n103_99,s4_n40_7,s1_below_4282,s1_below_2,s2_2001_2003,s2_760_2075,s3_17_37,Passenger Car,s3_28_48,Not Deployed,s2_97_208,s3_2_3,Female,s2_37_80,s3_141_159,s2_164_318,s2_40_80,s2_2_4
336,s2_885_1695,s2_n103_99,s4_n40_7,s1_below_4282,s4_4_5,s5_2007_2009,s2_760_2075,s4_37_47,Passenger Car,s5_64_76,Not Deployed,s2_97_208,s1_below_1,Male,s3_80_96,s3_141_159,s2_164_318,s2_40_80,s2_2_4
337,s3_1695_2555,s2_n103_99,s4_n40_7,s1_below_4282,s4_4_5,s4_2005_2007,s2_760_2075,s5_47_57,Truck (<=6000 lbs.),s4_48_64,Not Deployed,s2_97_208,s2_1_2,Female,s3_80_96,s3_141_159,s2_164_318,s4_160_220,s2_2_4
338,s2_885_1695,s2_n103_99,s4_n40_7,s1_below_4282,s1_below_2,s5_2007_2009,s2_760_2075,s3_17_37,Passenger Car,s3_28_48,Not Deployed,s2_97_208,s1_below_1,Female,s2_37_80,s3_141_159,s2_164_318,s2_40_80,s2_2_4
339,s2_885_1695,s2_n103_99,s4_n40_7,s1_below_4282,s4_4_5,s5_2007_2009,s2_760_2075,s4_37_47,Passenger Car,s4_48_64,Deployed,s2_97_208,s1_below_1,Female,s2_37_80,s3_141_159,s2_164_318,s3_80_160,s2_2_4
340,s3_1695_2555,s2_n103_99,s4_n40_7,s1_below_4282,s2_2_3,s2_2001_2003,s2_760_2075,s3_17_37,Truck (<=6000 lbs.),s4_48_64,Not Deployed,s2_97_208,s1_below_1,Female,s2_37_80,s3_141_159,s2_164_318,s2_40_80,s2_2_4
341,s3_1695_2555,s2_n103_99,s4_n40_7,s1_below_4282,s2_2_3,s5_2007_2009,s2_760_2075,s3_17_37,Passenger Car,s6_76_up,Not Deployed,s2_97_208,s1_below_1,Male,s2_37_80,s4_159_169,s2_164_318,s4_160_220,s2_2_4
342,s2_885_1695,s2_n103_99,s3_n81_n40,s1_below_4282,s4_4_5,s3_2003_2005,s2_760_2075,s6_57_up,Truck (<=6000 lbs.),s2_11_28,Deployed,s2_97_208,s1_below_1,Female,s3_80_96,s3_141_159,s2_164_318,s1_below_40,s2_2_4
343,s3_1695_2555,s2_n103_99,s4_n40_7,s1_below_4282,s1_below_2,s4_2005_2007,s2_760_2075,s3_17_37,Truck (<=6000 lbs.),s6_76_up,Deployed,s2_97_208,s3_2_3,Female,s2_37_80,s4_159_169,s2_164_318,s3_80_160,s3_4_5
344,s2_885_1695,s2_n103_99,s4_n40_7,s1_below_4282,s1_below_2,s2_2001_2003,s2_760_2075,s5_47_57,Passenger Car,s2_11_28,Deployed,s2_97_208,s1_below_1,Male,s2_37_80,s3_141_159,s2_164_318,s3_80_160,s2_2_4
345,s2_885_1695,s2_n103_99,s5_7_up,s1_below_4282,s3_3_4,s3_2003_2005,s3_2075_3730,s3_17_37,Passenger Car,s2_11_28,Not Deployed,s2_97_208,s1_below_1,Female,s2_37_80,s3_141_159,s2_164_318,s6_260_up,s2_2_4
346,s2_885_1695,s2_n103_99,s5_7_up,s1_below_4282,s1_below_2,s2_2001_2003,s2_760_2075,s3_17_37,Passenger Car,s3_28_48,Not Deployed,s2_97_208,s1_below_1,Female,s3_80_96,s3_141_159,s2_164_318,s4_160_220,s2_2_4
347,s2_885_1695,s2_n103_99,s4_n40_7,s1_below_4282,s3_3_4,s5_2007_2009,s2_760_2075,s4_37_47,Passenger Car,s4_48_64,Not Deployed,s2_97_208,s1_below_1,Male,s2_37_80,s3_141_159,s2_164_318,s3_80_160,s2_2_4
348,s2_885_1695,s2_n103_99,s4_n40_7,s1_below_4282,s1_below_2,s2_2001_2003,s2_760_2075,s6_57_up,Passenger Car,s2_11_28,Not Deployed,s2_97_208,s1_below_1,Female,s2_37_80,s3_141_159,s2_164_318,s3_80_160,s2_2_4
349,s2_885_1695,s2_n103_99,s4_n40_7,s1_below_4282,s1_below_2,s4_2005_2007,s2_760_2075,s4_37_47,Passenger Car,s6_76_up,Not Deployed,s2_97_208,s1_below_1,Male,s2_37_80,s3_141_159,s2_164_318,s3_80_160,s2_2_4
350,s2_885_1695,s2_n103_99,s4_n40_7,s1_below_4282,s1_below_2,s3_2003_2005,s2_760_2075,s5_47_57,Passenger Car,s2_11_28,Deployed,s2_97_208,s1_below_1,Male,s3_80_96,s3_141_159,s2_164_318,s3_80_160,s2_2_4
351,s3_1695_2555,s2_n103_99,s4_n40_7,s1_below_4282,s1_below_2,s3_2003_2005,s2_760_2075,s5_47_57,Truck (<=6000 lbs.),s4_48_64,Deployed,s2_97_208,s1_below_1,Male,s2_37_80,s4_159_169,s2_164_318,s3_80_160,s3_4_5
352,s3_1695_2555,s2_n103_99,s4_n40_7,s1_below_4282,s1_below_2,s2_2001_2003,s3_2075_3730,s4_37_47,Truck (<=6000 lbs.),s5_64_76,Not Deployed,s2_97_208,s1_below_1,Female,s2_37_80,s3_141_159,s2_164_318,s4_160_220,s3_4_5
353,s2_885_1695,s2_n103_99,s4_n40_7,s1_below_4282,s1_below_2,s2_2001_2003,s3_2075_3730,s5_47_57,Passenger Car,s4_48_64,Deployed,s2_97_208,s2_1_2,Female,s3_80_96,s3_141_159,s2_164_318,s3_80_160,s2_2_4
354,s2_885_1695,s2_n103_99,s4_n40_7,s1_below_4282,s1_below_2,s2_2001_2003,s2_760_2075,s5_47_57,Passenger Car,s5_64_76,Not Deployed,s2_97_208,s2_1_2,Female,s2_37_80,s3_141_159,s2_164_318,s4_160_220,s2_2_4
355,s2_885_1695,s2_n103_99,s4_n40_7,s1_below_4282,s2_2_3,s4_2005_2007,s2_760_2075,s5_47_57,Passenger Car,s3_28_48,Deployed,s2_97_208,s2_1_2,Female,s2_37_80,s3_141_159,s2_164_318,s2_40_80,s2_2_4
356,s2_885_1695,s2_n103_99,s4_n40_7,s1_below_4282,s1_below_2,s3_2003_2005,s2_760_2075,s4_37_47,Truck (<=6000 lbs.),s2_11_28,Deployed,s2_97_208,s1_below_1,Female,s2_37_80,s3_141_159,s2_164_318,s4_160_220,s2_2_4
357,s2_885_1695,s2_n103_99,s4_n40_7,s1_below_4282,s1_below_2,s2_2001_2003,s2_760_2075,s4_37_47,Passenger Car,s4_48_64,Not Deployed,s2_97_208,s2_1_2,Male,s3_80_96,s3_141_159,s2_164_318,s2_40_80,s2_2_4
358,s2_885_1695,s2_n103_99,s4_n40_7,s1_below_4282,s1_below_2,s2_2001_2003,s2_760_2075,s6_57_up,Passenger Car,s2_11_28,Not Deployed,s2_97_208,s1_below_1,Male,s2_37_80,s3_141_159,s2_164_318,s2_40_80,s2_2_4
359,s2_885_1695,s2_n103_99,s5_7_up,s1_below_4282,s2_2_3,s4_2005_2007,s2_760_2075,s3_17_37,Passenger Car,s3_28_48,Not Deployed,s2_97_208,s2_1_2,Female,s6_130_up,s3_141_159,s2_164_318,s4_160_220,s2_2_4
360,s2_885_1695,s2_n103_99,s4_n40_7,s1_below_4282,s4_4_5,s2_2001_2003,s2_760_2075,s3_17_37,Passenger Car,s4_48_64,Not Deployed,s2_97_208,s1_below_1,Male,s4_96_114,s3_141_159,s2_164_318,s3_80_160,s2_2_4
361,s2_885_1695,s2_n103_99,s4_n40_7,s1_below_4282,s1_below_2,s5_2007_2009,s2_760_2075,s3_17_37,Passenger Car,s4_48_64,Deployed,s2_97_208,s1_below_1,Male,s3_80_96,s3_141_159,s2_164_318,s3_80_160,s2_2_4
362,s2_885_1695,s2_n103_99,s4_n40_7,s1_below_4282,s2_2_3,s4_2005_2007,s2_760_2075,s3_17_37,Truck (<=6000 lbs.),s2_11_28,Deployed,s2_97_208,s1_below_1,Female,s2_37_80,s3_141_159,s2_164_318,s3_80_160,s2_2_4
363,s2_885_1695,s2_n103_99,s4_n40_7,s1_below_4282,s1_below_2,s3_2003_2005,s2_760_2075,s5_47_57,Passenger Car,s3_28_48,Deployed,s2_97_208,s1_below_1,Female,s4_96_114,s3_141_159,s2_164_318,s3_80_160,s2_2_4
364,s2_885_1695,s2_n103_99,s5_7_up,s1_below_4282,s2_2_3,s4_2005_2007,s2_760_2075,s3_17_37,Passenger Car,s4_48_64,Not Deployed,s2_97_208,s1_below_1,Female,s2_37_80,s3_141_159,s2_164_318,s6_260_up,s2_2_4
365,s2_885_1695,s2_n103_99,s4_n40_7,s1_below_4282,s3_3_4,s2_2001_2003,s3_2075_3730,s5_47_57,Truck (<=6000 lbs.),s4_48_64,Not Deployed,s2_97_208,s1_below_1,Male,s2_37_80,s3_141_159,s3_318_464,s3_80_160,s2_2_4
366,s1_below_885,s2_n103_99,s4_n40_7,s1_below_4282,s2_2_3,s2_2001_2003,s2_760_2075,s5_47_57,Passenger Car,s2_11_28,Deployed,s2_97_208,s1_below_1,Female,s3_80_96,s3_141_159,s2_164_318,s3_80_160,s2_2_4
367,s2_885_1695,s2_n103_99,s4_n40_7,s1_below_4282,s2_2_3,s5_2007_2009,s1_below_760,s5_47_57,Passenger Car,s4_48_64,Deployed,s2_97_208,s1_below_1,Male,s3_80_96,s3_141_159,s2_164_318,s2_40_80,s2_2_4
368,s2_885_1695,s2_n103_99,s4_n40_7,s1_below_4282,s1_below_2,s3_2003_2005,s2_760_2075,s5_47_57,Passenger Car,s2_11_28,Not Deployed,s2_97_208,s1_below_1,Female,s2_37_80,s3_141_159,s2_164_318,s3_80_160,s2_2_4
369,s2_885_1695,s2_n103_99,s3_n81_n40,s1_below_4282,s4_4_5,s2_2001_2003,s2_760_2075,s4_37_47,Passenger Car,s2_11_28,Deployed,s2_97_208,s3_2_3,Male,s2_37_80,s3_141_159,s2_164_318,s3_80_160,s2_2_4
370,s3_1695_2555,s2_n103_99,s4_n40_7,s1_below_4282,s2_2_3,s3_2003_2005,s2_760_2075,s4_37_47,Truck (<=10000 lbs.),s2_11_28,Not Deployed,s2_97_208,s1_below_1,Female,s6_130_up,s5_169_179,s2_164_318,s4_160_220,s3_4_5
371,s2_885_1695,s2_n103_99,s4_n40_7,s1_below_4282,s1_below_2,s2_2001_2003,s2_760_2075,s5_47_57,Passenger Car,s2_11_28,Not Deployed,s2_97_208,s1_below_1,Male,s3_80_96,s3_141_159,s2_164_318,s3_80_160,s2_2_4
372,s2_885_1695,s2_n103_99,s4_n40_7,s1_below_4282,s2_2_3,s4_2005_2007,s3_2075_3730,s4_37_47,Truck (<=6000 lbs.),s2_11_28,Not Deployed,s2_97_208,s1_below_1,Female,s2_37_80,s5_169_179,s2_164_318,s2_40_80,s4_5_6
373,s2_885_1695,s2_n103_99,s4_n40_7,s1_below_4282,s1_below_2,s2_2001_2003,s2_760_2075,s5_47_57,Passenger Car,s2_11_28,Deployed,s2_97_208,s1_below_1,Female,s4_96_114,s3_141_159,s2_164_318,s3_80_160,s2_2_4
374,s2_885_1695,s2_n103_99,s3_n81_n40,s1_below_4282,s5_5_6,s5_2007_2009,s2_760_2075,s4_37_47,Truck (<=6000 lbs.),s2_11_28,Deployed,s2_97_208,s3_2_3,Male,s4_96_114,s3_141_159,s2_164_318,s2_40_80,s2_2_4
375,s2_885_1695,s2_n103_99,s4_n40_7,s1_below_4282,s2_2_3,s3_2003_2005,s2_760_2075,s3_17_37,Passenger Car,s5_64_76,Not Deployed,s2_97_208,s3_2_3,Female,s2_37_80,s3_141_159,s2_164_318,s2_40_80,s2_2_4
376,s2_885_1695,s2_n103_99,s4_n40_7,s1_below_4282,s2_2_3,s5_2007_2009,s2_760_2075,s3_17_37,Passenger Car,s3_28_48,Not Deployed,s2_97_208,s2_1_2,Female,s2_37_80,s3_141_159,s2_164_318,s2_40_80,s2_2_4
377,s2_885_1695,s2_n103_99,s4_n40_7,s1_below_4282,s4_4_5,s3_2003_2005,s2_760_2075,s4_37_47,Passenger Car,s4_48_64,Deployed,s2_97_208,s1_below_1,Female,s2_37_80,s3_141_159,s2_164_318,s3_80_160,s2_2_4
378,s2_885_1695,s2_n103_99,s4_n40_7,s1_below_4282,s4_4_5,s2_2001_2003,s2_760_2075,s4_37_47,Passenger Car,s2_11_28,Deployed,s2_97_208,s1_below_1,Male,s2_37_80,s3_141_159,s2_164_318,s3_80_160,s2_2_4
379,s2_885_1695,s2_n103_99,s4_n40_7,s1_below_4282,s3_3_4,s3_2003_2005,s2_760_2075,s4_37_47,Passenger Car,s2_11_28,Deployed,s2_97_208,s1_below_1,Female,s2_37_80,s3_141_159,s2_164_318,s4_160_220,s2_2_4
380,s3_1695_2555,s2_n103_99,s4_n40_7,s1_below_4282,s1_below_2,s4_2005_2007,s2_760_2075,s6_57_up,Truck (<=6000 lbs.),s3_28_48,Not Deployed,s2_97_208,s1_below_1,Male,s5_114_130,s3_141_159,s2_164_318,s2_40_80,s2_2_4
381,s2_885_1695,s2_n103_99,s4_n40_7,s1_below_4282,s3_3_4,s4_2005_2007,s2_760_2075,s6_57_up,Passenger Car,s4_48_64,Not Deployed,s2_97_208,s1_below_1,Female,s2_37_80,s3_141_159,s2_164_318,s3_80_160,s2_2_4
382,s2_885_1695,s2_n103_99,s4_n40_7,s1_below_4282,s1_below_2,s5_2007_2009,s2_760_2075,s3_17_37,Passenger Car,s2_11_28,Not Deployed,s2_97_208,s1_below_1,Male,s2_37_80,s3_141_159,s2_164_318,s3_80_160,s2_2_4
383,s3_1695_2555,s2_n103_99,s4_n40_7,s1_below_4282,s2_2_3,s3_2003_2005,s2_760_2075,s6_57_up,Passenger Car,s3_28_48,Deployed,s2_97_208,s1_below_1,Male,s6_130_up,s4_159_169,s2_164_318,s3_80_160,s2_2_4
384,s2_885_1695,s2_n103_99,s5_7_up,s1_below_4282,s3_3_4,s2_2001_2003,s3_2075_3730,s3_17_37,Passenger Car,s3_28_48,Not Deployed,s2_97_208,s1_below_1,Female,s2_37_80,s3_141_159,s2_164_318,s6_260_up,s2_2_4
385,s2_885_1695,s2_n103_99,s4_n40_7,s1_below_4282,s1_below_2,s4_2005_2007,s2_760_2075,s3_17_37,Passenger Car,s2_11_28,Not Deployed,s2_97_208,s1_below_1,Female,s2_37_80,s3_141_159,s2_164_318,s2_40_80,s2_2_4
386,s2_885_1695,s2_n103_99,s4_n40_7,s1_below_4282,s1_below_2,s3_2003_2005,s2_760_2075,s5_47_57,Passenger Car,s3_28_48,Not Deployed,s2_97_208,s2_1_2,Female,s2_37_80,s3_141_159,s2_164_318,s3_80_160,s2_2_4
387,s3_1695_2555,s2_n103_99,s4_n40_7,s1_below_4282,s1_below_2,s4_2005_2007,s2_760_2075,s5_47_57,Truck (<=6000 lbs.),s3_28_48,Deployed,s2_97_208,s1_below_1,Female,s2_37_80,s4_159_169,s2_164_318,s3_80_160,s3_4_5
388,s2_885_1695,s2_n103_99,s4_n40_7,s1_below_4282,s4_4_5,s5_2007_2009,s2_760_2075,s4_37_47,Passenger Car,s3_28_48,Deployed,s2_97_208,s1_below_1,Male,s2_37_80,s3_141_159,s2_164_318,s3_80_160,s2_2_4
389,s2_885_1695,s2_n103_99,s4_n40_7,s1_below_4282,s2_2_3,s3_2003_2005,s2_760_2075,s3_17_37,Passenger Car,s3_28_48,Not Deployed,s2_97_208,s1_below_1,Female,s2_37_80,s3_141_159,s2_164_318,s2_40_80,s2_2_4
390,s2_885_1695,s2_n103_99,s4_n40_7,s1_below_4282,s2_2_3,s4_2005_2007,s2_760_2075,s3_17_37,Passenger Car,s2_11_28,Deployed,s2_97_208,s1_below_1,Female,s2_37_80,s3_141_159,s2_164_318,s4_160_220,s2_2_4
391,s2_885_1695,s2_n103_99,s4_n40_7,s1_below_4282,s3_3_4,s4_2005_2007,s2_760_2075,s4_37_47,Passenger Car,s2_11_28,Deployed,s2_97_208,s1_below_1,Female,s2_37_80,s3_141_159,s2_164_318,s3_80_160,s2_2_4
392,s2_885_1695,s2_n103_99,s4_n40_7,s1_below_4282,s1_below_2,s4_2005_2007,s2_760_2075,s1_below_7,Passenger Car,s2_11_28,Not Deployed,s2_97_208,s1_below_1,Male,s3_80_96,s3_141_159,s2_164_318,s3_80_160,s2_2_4
393,s3_1695_2555,s2_n103_99,s4_n40_7,s1_below_4282,s2_2_3,s4_2005_2007,s2_760_2075,s3_17_37,Truck (<=10000 lbs.),s4_48_64,Not Deployed,s2_97_208,s1_below_1,Male,s3_80_96,s5_169_179,s3_318_464,s4_160_220,s5_6_7
394,s3_1695_2555,s2_n103_99,s4_n40_7,s1_below_4282,s3_3_4,s2_2001_2003,s2_760_2075,s4_37_47,Truck (<=6000 lbs.),s2_11_28,Not Deployed,s2_97_208,s1_below_1,Male,s2_37_80,s4_159_169,s2_164_318,s3_80_160,s2_2_4
395,s2_885_1695,s2_n103_99,s4_n40_7,s1_below_4282,s6_6_up,s3_2003_2005,s2_760_2075,s4_37_47,Passenger Car,s2_11_28,Deployed,s2_97_208,s1_below_1,Female,s2_37_80,s3_141_159,s2_164_318,s3_80_160,s2_2_4
396,s2_885_1695,s2_n103_99,s4_n40_7,s1_below_4282,s5_5_6,s2_2001_2003,s3_2075_3730,s3_17_37,Passenger Car,s2_11_28,Deployed,s2_97_208,s1_below_1,Male,s2_37_80,s3_141_159,s2_164_318,s3_80_160,s2_2_4
397,s3_1695_2555,s2_n103_99,s4_n40_7,s1_below_4282,s3_3_4,s3_2003_2005,s2_760_2075,s6_57_up,Truck (<=6000 lbs.),s2_11_28,Not Deployed,s2_97_208,s1_below_1,Female,s2_37_80,s4_159_169,s2_164_318,s3_80_160,s3_4_5
398,s3_1695_2555,s2_n103_99,s4_n40_7,s1_below_4282,s3_3_4,s2_2001_2003,s2_760_2075,s6_57_up,Truck (<=6000 lbs.),s3_28_48,Not Deployed,s2_97_208,s1_below_1,Female,s2_37_80,s3_141_159,s2_164_318,s3_80_160,s3_4_5
399,s2_885_1695,s2_n103_99,s4_n40_7,s1_below_4282,s2_2_3,s2_2001_2003,s2_760_2075,s6_57_up,Passenger Car,s2_11_28,Not Deployed,s2_97_208,s1_below_1,Female,s3_80_96,s3_141_159,s2_164_318,s3_80_160,s2_2_4
400,s2_885_1695,s2_n103_99,s4_n40_7,s1_below_4282,s2_2_3,s3_2003_2005,s2_760_2075,s6_57_up,Passenger Car,s2_11_28,Not Deployed,s2_97_208,s1_below_1,Male,s2_37_80,s3_141_159,s2_164_318,s4_160_220,s2_2_4
401,s2_885_1695,s2_n103_99,s4_n40_7,s1_below_4282,s2_2_3,s2_2001_2003,s2_760_2075,s6_57_up,Passenger Car,s2_11_28,Not Deployed,s2_97_208,s1_below_1,Male,s2_37_80,s3_141_159,s2_164_318,s3_80_160,s2_2_4
402,s2_885_1695,s2_n103_99,s4_n40_7,s1_below_4282,s1_below_2,s3_2003_2005,s2_760_2075,s4_37_47,Passenger Car,s4_48_64,Not Deployed,s2_97_208,s1_below_1,Male,s4_96_114,s3_141_159,s2_164_318,s2_40_80,s2_2_4
403,s2_885_1695,s2_n103_99,s4_n40_7,s1_below_4282,s2_2_3,s2_2001_2003,s2_760_2075,s4_37_47,Passenger Car,s3_28_48,Deployed,s2_97_208,s1_below_1,Male,s5_114_130,s3_141_159,s2_164_318,s3_80_160,s2_2_4
404,s2_885_1695,s2_n103_99,s4_n40_7,s1_below_4282,s2_2_3,s2_2001_2003,s2_760_2075,s5_47_57,Passenger Car,s4_48_64,Deployed,s2_97_208,s1_below_1,Female,s2_37_80,s3_141_159,s2_164_318,s4_160_220,s2_2_4
405,s2_885_1695,s2_n103_99,s4_n40_7,s1_below_4282,s1_below_2,s3_2003_2005,s2_760_2075,s1_below_7,Passenger Car,s6_76_up,Not Deployed,s2_97_208,s2_1_2,Female,s3_80_96,s3_141_159,s2_164_318,s2_40_80,s2_2_4
406,s2_885_1695,s2_n103_99,s3_n81_n40,s1_below_4282,s3_3_4,s4_2005_2007,s2_760_2075,s5_47_57,Passenger Car,s2_11_28,Deployed,s2_97_208,s2_1_2,Female,s2_37_80,s3_141_159,s2_164_318,s3_80_160,s2_2_4
407,s3_1695_2555,s2_n103_99,s4_n40_7,s1_below_4282,s4_4_5,s4_2005_2007,s2_760_2075,s4_37_47,Truck (<=10000 lbs.),s4_48_64,Not Deployed,s2_97_208,s1_below_1,Male,s3_80_96,s5_169_179,s3_318_464,s5_220_260,s4_5_6
408,s3_1695_2555,s2_n103_99,s4_n40_7,s1_below_4282,s4_4_5,s4_2005_2007,s3_2075_3730,s4_37_47,Truck (<=6000 lbs.),s3_28_48,Deployed,s2_97_208,s1_below_1,Male,s2_37_80,s3_141_159,s2_164_318,s3_80_160,s2_2_4
409,s2_885_1695,s2_n103_99,s4_n40_7,s1_below_4282,s4_4_5,s5_2007_2009,s2_760_2075,s3_17_37,Passenger Car,s2_11_28,Not Deployed,s2_97_208,s1_below_1,Male,s3_80_96,s3_141_159,s2_164_318,s4_160_220,s2_2_4
410,s3_1695_2555,s2_n103_99,s4_n40_7,s1_below_4282,s4_4_5,s2_2001_2003,s2_760_2075,s4_37_47,Truck (<=6000 lbs.),s4_48_64,Not Deployed,s2_97_208,s1_below_1,Female,s4_96_114,s3_141_159,s2_164_318,s3_80_160,s2_2_4
411,s3_1695_2555,s2_n103_99,s4_n40_7,s1_below_4282,s3_3_4,s3_2003_2005,s2_760_2075,s4_37_47,Truck (<=6000 lbs.),s4_48_64,Not Deployed,s2_97_208,s1_below_1,Female,s3_80_96,s4_159_169,s2_164_318,s4_160_220,s2_2_4
412,s2_885_1695,s2_n103_99,s4_n40_7,s1_below_4282,s1_below_2,s4_2005_2007,s3_2075_3730,s5_47_57,Passenger Car,s6_76_up,Deployed,s2_97_208,s1_below_1,Male,s2_37_80,s3_141_159,s2_164_318,s3_80_160,s2_2_4
413,s3_1695_2555,s2_n103_99,s5_7_up,s1_below_4282,s2_2_3,s5_2007_2009,s2_760_2075,s6_57_up,Truck (<=6000 lbs.),s3_28_48,Not Deployed,s2_97_208,s1_below_1,Female,s3_80_96,s3_141_159,s2_164_318,s6_260_up,s2_2_4
414,s2_885_1695,s2_n103_99,s4_n40_7,s1_below_4282,s3_3_4,s2_2001_2003,s2_760_2075,s6_57_up,Passenger Car,s5_64_76,Deployed,s2_97_208,s1_below_1,Male,s3_80_96,s3_141_159,s2_164_318,s3_80_160,s2_2_4
415,s2_885_1695,s2_n103_99,s4_n40_7,s1_below_4282,s5_5_6,s4_2005_2007,s2_760_2075,s4_37_47,Passenger Car,s3_28_48,Not Deployed,s2_97_208,s1_below_1,Male,s3_80_96,s3_141_159,s2_164_318,s4_160_220,s2_2_4
416,s3_1695_2555,s2_n103_99,s4_n40_7,s1_below_4282,s1_below_2,s4_2005_2007,s3_2075_3730,s5_47_57,Truck (<=6000 lbs.),s4_48_64,Not Deployed,s2_97_208,s1_below_1,Female,s3_80_96,s3_141_159,s2_164_318,s4_160_220,s2_2_4
417,s2_885_1695,s2_n103_99,s4_n40_7,s1_below_4282,s1_below_2,s3_2003_2005,s2_760_2075,s5_47_57,Passenger Car,s3_28_48,Not Deployed,s2_97_208,s1_below_1,Male,s4_96_114,s3_141_159,s2_164_318,s3_80_160,s2_2_4
418,s3_1695_2555,s2_n103_99,s5_7_up,s1_below_4282,s4_4_5,s3_2003_2005,s2_760_2075,s4_37_47,Truck (<=10000 lbs.),s4_48_64,Not Deployed,s2_97_208,s1_below_1,Male,s3_80_96,s3_141_159,s3_318_464,s6_260_up,s3_4_5
419,s3_1695_2555,s2_n103_99,s4_n40_7,s1_below_4282,s2_2_3,s3_2003_2005,s2_760_2075,s5_47_57,Passenger Car,s5_64_76,Not Deployed,s2_97_208,s1_below_1,Male,s5_114_130,s4_159_169,s2_164_318,s4_160_220,s3_4_5
420,s2_885_1695,s2_n103_99,s4_n40_7,s1_below_4282,s1_below_2,s3_2003_2005,s3_2075_3730,s3_17_37,Passenger Car,s4_48_64,Not Deployed,s2_97_208,s1_below_1,Female,s2_37_80,s3_141_159,s2_164_318,s3_80_160,s2_2_4
421,s2_885_1695,s2_n103_99,s4_n40_7,s1_below_4282,s1_below_2,s3_2003_2005,s2_760_2075,s3_17_37,Passenger Car,s3_28_48,Not Deployed,s2_97_208,s1_below_1,Male,s4_96_114,s3_141_159,s2_164_318,s4_160_220,s2_2_4
422,s2_885_1695,s2_n103_99,s4_n40_7,s1_below_4282,s3_3_4,s3_2003_2005,s2_760_2075,s3_17_37,Passenger Car,s2_11_28,Not Deployed,s2_97_208,s1_below_1,Female,s2_37_80,s3_141_159,s2_164_318,s4_160_220,s2_2_4
423,s2_885_1695,s2_n103_99,s4_n40_7,s1_below_4282,s4_4_5,s3_2003_2005,s2_760_2075,s3_17_37,Truck (<=6000 lbs.),s4_48_64,Deployed,s2_97_208,s1_below_1,Female,s2_37_80,s3_141_159,s2_164_318,s3_80_160,s2_2_4
424,s3_1695_2555,s2_n103_99,s4_n40_7,s1_below_4282,s2_2_3,s2_2001_2003,s2_760_2075,s3_17_37,Passenger Car,s3_28_48,Deployed,s2_97_208,s2_1_2,Male,s3_80_96,s3_141_159,s2_164_318,s4_160_220,s2_2_4
425,s2_885_1695,s2_n103_99,s4_n40_7,s1_below_4282,s1_below_2,s5_2007_2009,s3_2075_3730,s3_17_37,Passenger Car,s2_11_28,Not Deployed,s2_97_208,s1_below_1,Female,s2_37_80,s3_141_159,s2_164_318,s3_80_160,s2_2_4
426,s2_885_1695,s2_n103_99,s4_n40_7,s1_below_4282,s5_5_6,s4_2005_2007,s2_760_2075,s4_37_47,Passenger Car,s4_48_64,Deployed,s2_97_208,s1_below_1,Female,s2_37_80,s3_141_159,s2_164_318,s4_160_220,s2_2_4
427,s2_885_1695,s2_n103_99,s4_n40_7,s1_below_4282,s1_below_2,s5_2007_2009,s2_760_2075,s1_below_7,Passenger Car,s4_48_64,Not Deployed,s2_97_208,s1_below_1,Female,s5_114_130,s3_141_159,s2_164_318,s3_80_160,s2_2_4
428,s2_885_1695,s2_n103_99,s4_n40_7,s1_below_4282,s1_below_2,s4_2005_2007,s2_760_2075,s3_17_37,Truck (<=6000 lbs.),s6_76_up,Not Deployed,s2_97_208,s1_below_1,Female,s3_80_96,s3_141_159,s2_164_318,s3_80_160,s2_2_4
429,s3_1695_2555,s2_n103_99,s4_n40_7,s1_below_4282,s4_4_5,s2_2001_2003,s2_760_2075,s4_37_47,Truck (<=6000 lbs.),s3_28_48,Not Deployed,s2_97_208,s1_below_1,Female,s2_37_80,s3_141_159,s2_164_318,s3_80_160,s2_2_4
430,s2_885_1695,s2_n103_99,s5_7_up,s1_below_4282,s4_4_5,s2_2001_2003,s3_2075_3730,s4_37_47,Passenger Car,s3_28_48,Not Deployed,s2_97_208,s1_below_1,Male,s4_96_114,s3_141_159,s2_164_318,s6_260_up,s2_2_4
431,s2_885_1695,s2_n103_99,s4_n40_7,s1_below_4282,s4_4_5,s4_2005_2007,s2_760_2075,s4_37_47,Passenger Car,s2_11_28,Deployed,s2_97_208,s1_below_1,Male,s3_80_96,s3_141_159,s2_164_318,s3_80_160,s2_2_4
432,s2_885_1695,s2_n103_99,s4_n40_7,s1_below_4282,s1_below_2,s3_2003_2005,s2_760_2075,s5_47_57,Passenger Car,s2_11_28,Not Deployed,s2_97_208,s1_below_1,Female,s2_37_80,s3_141_159,s2_164_318,s4_160_220,s2_2_4
433,s2_885_1695,s2_n103_99,s4_n40_7,s1_below_4282,s1_below_2,s2_2001_2003,s3_2075_3730,s5_47_57,Passenger Car,s2_11_28,Not Deployed,s2_97_208,s1_below_1,Male,s2_37_80,s3_141_159,s2_164_318,s2_40_80,s2_2_4
434,s3_1695_2555,s2_n103_99,s4_n40_7,s1_below_4282,s1_below_2,s5_2007_2009,s2_760_2075,s5_47_57,Truck (<=10000 lbs.),s4_48_64,Not Deployed,s2_97_208,s1_below_1,Male,s2_37_80,s5_169_179,s3_318_464,s3_80_160,s4_5_6
435,s3_1695_2555,s2_n103_99,s4_n40_7,s1_below_4282,s4_4_5,s4_2005_2007,s2_760_2075,s3_17_37,Passenger Car,s4_48_64,Deployed,s2_97_208,s1_below_1,Female,s2_37_80,s4_159_169,s2_164_318,s3_80_160,s3_4_5
436,s2_885_1695,s2_n103_99,s4_n40_7,s1_below_4282,s4_4_5,s3_2003_2005,s2_760_2075,s4_37_47,Passenger Car,s2_11_28,Not Deployed,s2_97_208,s1_below_1,Male,s3_80_96,s3_141_159,s2_164_318,s3_80_160,s2_2_4
437,s2_885_1695,s2_n103_99,s4_n40_7,s1_below_4282,s4_4_5,s3_2003_2005,s2_760_2075,s4_37_47,Passenger Car,s4_48_64,Not Deployed,s2_97_208,s1_below_1,Female,s2_37_80,s3_141_159,s2_164_318,s3_80_160,s2_2_4
438,s3_1695_2555,s2_n103_99,s4_n40_7,s1_below_4282,s1_below_2,s3_2003_2005,s3_2075_3730,s3_17_37,Truck (<=6000 lbs.),s2_11_28,Not Deployed,s2_97_208,s2_1_2,Male,s2_37_80,s3_141_159,s3_318_464,s2_40_80,s3_4_5
439,s3_1695_2555,s2_n103_99,s4_n40_7,s1_below_4282,s5_5_6,s2_2001_2003,s2_760_2075,s4_37_47,Truck (<=6000 lbs.),s3_28_48,Not Deployed,s2_97_208,s1_below_1,Male,s2_37_80,s3_141_159,s2_164_318,s3_80_160,s3_4_5
440,s2_885_1695,s2_n103_99,s4_n40_7,s1_below_4282,s4_4_5,s4_2005_2007,s2_760_2075,s4_37_47,Passenger Car,s3_28_48,Not Deployed,s2_97_208,s1_below_1,Male,s3_80_96,s3_141_159,s2_164_318,s3_80_160,s2_2_4
441,s2_885_1695,s2_n103_99,s4_n40_7,s1_below_4282,s4_4_5,s3_2003_2005,s3_2075_3730,s3_17_37,Passenger Car,s2_11_28,Deployed,s2_97_208,s2_1_2,Male,s3_80_96,s3_141_159,s2_164_318,s3_80_160,s2_2_4
442,s2_885_1695,s2_n103_99,s4_n40_7,s1_below_4282,s2_2_3,s4_2005_2007,s2_760_2075,s4_37_47,Passenger Car,s3_28_48,Not Deployed,s2_97_208,s1_below_1,Male,s3_80_96,s3_141_159,s2_164_318,s4_160_220,s2_2_4
443,s2_885_1695,s2_n103_99,s4_n40_7,s1_below_4282,s1_below_2,s4_2005_2007,s2_760_2075,s3_17_37,Passenger Car,s2_11_28,Deployed,s2_97_208,s1_below_1,Female,s2_37_80,s3_141_159,s2_164_318,s3_80_160,s2_2_4
444,s2_885_1695,s2_n103_99,s4_n40_7,s1_below_4282,s3_3_4,s5_2007_2009,s3_2075_3730,s5_47_57,Passenger Car,s4_48_64,Not Deployed,s2_97_208,s2_1_2,Female,s4_96_114,s3_141_159,s2_164_318,s4_160_220,s2_2_4
445,s3_1695_2555,s2_n103_99,s4_n40_7,s1_below_4282,s3_3_4,s5_2007_2009,s2_760_2075,s5_47_57,Truck (<=10000 lbs.),s4_48_64,Deployed,s2_97_208,s1_below_1,Male,s2_37_80,s5_169_179,s3_318_464,s3_80_160,s4_5_6
446,s2_885_1695,s2_n103_99,s4_n40_7,s1_below_4282,s1_below_2,s4_2005_2007,s2_760_2075,s4_37_47,Passenger Car,s2_11_28,Not Deployed,s2_97_208,s1_below_1,Female,s2_37_80,s3_141_159,s2_164_318,s3_80_160,s2_2_4
447,s2_885_1695,s2_n103_99,s4_n40_7,s1_below_4282,s4_4_5,s5_2007_2009,s2_760_2075,s3_17_37,Passenger Car,s4_48_64,Not Deployed,s2_97_208,s1_below_1,Female,s2_37_80,s3_141_159,s2_164_318,s3_80_160,s2_2_4
448,s2_885_1695,s2_n103_99,s4_n40_7,s1_below_4282,s4_4_5,s4_2005_2007,s2_760_2075,s5_47_57,Passenger Car,s2_11_28,Deployed,s2_97_208,s1_below_1,Female,s2_37_80,s3_141_159,s2_164_318,s4_160_220,s2_2_4
449,s2_885_1695,s2_n103_99,s4_n40_7,s1_below_4282,s4_4_5,s2_2001_2003,s2_760_2075,s4_37_47,Passenger Car,s3_28_48,Deployed,s2_97_208,s4_3_4,Male,s5_114_130,s3_141_159,s2_164_318,s2_40_80,s2_2_4
450,s2_885_1695,s2_n103_99,s4_n40_7,s1_below_4282,s1_below_2,s3_2003_2005,s2_760_2075,s3_17_37,Passenger Car,s3_28_48,Deployed,s2_97_208,s1_below_1,Female,s2_37_80,s3_141_159,s2_164_318,s3_80_160,s2_2_4
451,s2_885_1695,s2_n103_99,s4_n40_7,s1_below_4282,s4_4_5,s5_2007_2009,s2_760_2075,s4_37_47,Passenger Car,s2_11_28,Deployed,s2_97_208,s1_below_1,Female,s2_37_80,s3_141_159,s2_164_318,s3_80_160,s2_2_4
452,s3_1695_2555,s2_n103_99,s4_n40_7,s1_below_4282,s2_2_3,s3_2003_2005,s2_760_2075,s1_below_7,Truck (<=6000 lbs.),s3_28_48,Not Deployed,s2_97_208,s1_below_1,Male,s2_37_80,s3_141_159,s3_318_464,s3_80_160,s3_4_5
453,s2_885_1695,s2_n103_99,s4_n40_7,s1_below_4282,s3_3_4,s2_2001_2003,s2_760_2075,s4_37_47,Passenger Car,s4_48_64,Deployed,s2_97_208,s3_2_3,Female,s3_80_96,s3_141_159,s2_164_318,s3_80_160,s2_2_4
454,s2_885_1695,s2_n103_99,s4_n40_7,s1_below_4282,s3_3_4,s2_2001_2003,s3_2075_3730,s3_17_37,Passenger Car,s2_11_28,Not Deployed,s2_97_208,s1_below_1,Female,s2_37_80,s3_141_159,s2_164_318,s4_160_220,s2_2_4
455,s2_885_1695,s2_n103_99,s5_7_up,s1_below_4282,s2_2_3,s5_2007_2009,s3_2075_3730,s5_47_57,Passenger Car,s3_28_48,Not Deployed,s2_97_208,s1_below_1,Female,s2_37_80,s3_141_159,s2_164_318,s5_220_260,s2_2_4
456,s2_885_1695,s2_n103_99,s4_n40_7,s1_below_4282,s2_2_3,s3_2003_2005,s3_2075_3730,s5_47_57,Passenger Car,s3_28_48,Deployed,s2_97_208,s3_2_3,Male,s3_80_96,s3_141_159,s2_164_318,s4_160_220,s2_2_4
457,s2_885_1695,s2_n103_99,s3_n81_n40,s1_below_4282,s1_below_2,s2_2001_2003,s2_760_2075,s4_37_47,Passenger Car,s2_11_28,Deployed,s2_97_208,s1_below_1,Male,s2_37_80,s3_141_159,s2_164_318,s3_80_160,s2_2_4
458,s3_1695_2555,s2_n103_99,s4_n40_7,s1_below_4282,s4_4_5,s3_2003_2005,s3_2075_3730,s4_37_47,Passenger Car,s3_28_48,Deployed,s2_97_208,s1_below_1,Male,s2_37_80,s3_141_159,s2_164_318,s3_80_160,s2_2_4
459,s2_885_1695,s2_n103_99,s5_7_up,s1_below_4282,s1_below_2,s3_2003_2005,s2_760_2075,s4_37_47,Passenger Car,s2_11_28,Not Deployed,s2_97_208,s1_below_1,Female,s2_37_80,s3_141_159,s2_164_318,s5_220_260,s2_2_4
460,s3_1695_2555,s2_n103_99,s4_n40_7,s1_below_4282,s4_4_5,s4_2005_2007,s2_760_2075,s3_17_37,Truck (<=6000 lbs.),s3_28_48,Not Deployed,s2_97_208,s1_below_1,Female,s3_80_96,s3_141_159,s2_164_318,s4_160_220,s3_4_5
461,s2_885_1695,s2_n103_99,s4_n40_7,s1_below_4282,s4_4_5,s3_2003_2005,s2_760_2075,s3_17_37,Passenger Car,s3_28_48,Deployed,s2_97_208,s1_below_1,Female,s2_37_80,s3_141_159,s2_164_318,s2_40_80,s2_2_4
462,s3_1695_2555,s2_n103_99,s4_n40_7,s1_below_4282,s6_6_up,s5_2007_2009,s2_760_2075,s4_37_47,Passenger Car,s5_64_76,Deployed,s2_97_208,s1_below_1,Female,s2_37_80,s4_159_169,s2_164_318,s3_80_160,s2_2_4
463,s2_885_1695,s2_n103_99,s4_n40_7,s1_below_4282,s1_below_2,s4_2005_2007,s2_760_2075,s6_57_up,Passenger Car,s2_11_28,Deployed,s2_97_208,s1_below_1,Female,s2_37_80,s3_141_159,s2_164_318,s3_80_160,s2_2_4
464,s2_885_1695,s2_n103_99,s4_n40_7,s1_below_4282,s4_4_5,s4_2005_2007,s2_760_2075,s3_17_37,Passenger Car,s3_28_48,Not Deployed,s2_97_208,s1_below_1,Female,s2_37_80,s3_141_159,s2_164_318,s4_160_220,s2_2_4
465,s2_885_1695,s2_n103_99,s3_n81_n40,s1_below_4282,s2_2_3,s4_2005_2007,s3_2075_3730,s6_57_up,Passenger Car,s2_11_28,Deployed,s2_97_208,s1_below_1,Male,s2_37_80,s3_141_159,s2_164_318,s3_80_160,s2_2_4
466,s2_885_1695,s2_n103_99,s4_n40_7,s1_below_4282,s2_2_3,s2_2001_2003,s2_760_2075,s4_37_47,Passenger Car,s5_64_76,Deployed,s2_97_208,s2_1_2,Female,s2_37_80,s3_141_159,s2_164_318,s3_80_160,s2_2_4
467,s3_1695_2555,s2_n103_99,s4_n40_7,s1_below_4282,s1_below_2,s4_2005_2007,s2_760_2075,s3_17_37,Truck (<=6000 lbs.),s2_11_28,Not Deployed,s2_97_208,s1_below_1,Male,s3_80_96,s3_141_159,s2_164_318,s3_80_160,s3_4_5
468,s2_885_1695,s2_n103_99,s4_n40_7,s1_below_4282,s1_below_2,s2_2001_2003,s3_2075_3730,s4_37_47,Passenger Car,s3_28_48,Deployed,s2_97_208,s3_2_3,Male,s2_37_80,s3_141_159,s2_164_318,s3_80_160,s2_2_4
469,s2_885_1695,s2_n103_99,s4_n40_7,s1_below_4282,s3_3_4,s3_2003_2005,s2_760_2075,s4_37_47,Passenger Car,s2_11_28,Not Deployed,s2_97_208,s1_below_1,Male,s2_37_80,s3_141_159,s2_164_318,s2_40_80,s2_2_4
470,s3_1695_2555,s2_n103_99,s3_n81_n40,s1_below_4282,s5_5_6,s3_2003_2005,s3_2075_3730,s4_37_47,Truck (<=10000 lbs.),s2_11_28,Not Deployed,s2_97_208,s1_below_1,Male,s2_37_80,s5_169_179,s2_164_318,s3_80_160,s3_4_5
471,s2_885_1695,s2_n103_99,s4_n40_7,s1_below_4282,s1_below_2,s3_2003_2005,s2_760_2075,s3_17_37,Passenger Car,s3_28_48,Not Deployed,s2_97_208,s2_1_2,Female,s4_96_114,s3_141_159,s2_164_318,s4_160_220,s2_2_4
472,s2_885_1695,s2_n103_99,s5_7_up,s1_below_4282,s1_below_2,s5_2007_2009,s3_2075_3730,s5_47_57,Truck (<=6000 lbs.),s3_28_48,Not Deployed,s2_97_208,s1_below_1,Female,s2_37_80,s3_141_159,s2_164_318,s6_260_up,s2_2_4
473,s3_1695_2555,s2_n103_99,s4_n40_7,s1_below_4282,s4_4_5,s3_2003_2005,s3_2075_3730,s3_17_37,Truck (<=6000 lbs.),s5_64_76,Not Deployed,s2_97_208,s1_below_1,Female,s3_80_96,s4_159_169,s2_164_318,s4_160_220,s3_4_5
474,s3_1695_2555,s2_n103_99,s4_n40_7,s1_below_4282,s4_4_5,s3_2003_2005,s2_760_2075,s3_17_37,Truck (<=10000 lbs.),s2_11_28,Deployed,s2_97_208,s1_below_1,Male,s2_37_80,s4_159_169,s2_164_318,s3_80_160,s3_4_5
475,s3_1695_2555,s2_n103_99,s4_n40_7,s1_below_4282,s4_4_5,s2_2001_2003,s2_760_2075,s4_37_47,Truck (<=10000 lbs.),s3_28_48,Deployed,s2_97_208,s1_below_1,Female,s4_96_114,s3_141_159,s3_318_464,s3_80_160,s3_4_5
476,s3_1695_2555,s2_n103_99,s4_n40_7,s1_below_4282,s2_2_3,s4_2005_2007,s2_760_2075,s3_17_37,Passenger Car,s2_11_28,Deployed,s2_97_208,s1_below_1,Male,s2_37_80,s4_159_169,s2_164_318,s3_80_160,s3_4_5
477,s2_885_1695,s2_n103_99,s4_n40_7,s1_below_4282,s4_4_5,s3_2003_2005,s2_760_2075,s4_37_47,Passenger Car,s2_11_28,Deployed,s2_97_208,s1_below_1,Male,s2_37_80,s3_141_159,s2_164_318,s4_160_220,s2_2_4
478,s2_885_1695,s2_n103_99,s4_n40_7,s1_below_4282,s4_4_5,s2_2001_2003,s2_760_2075,s5_47_57,Passenger Car,s6_76_up,Not Deployed,s2_97_208,s1_below_1,Female,s2_37_80,s3_141_159,s2_164_318,s3_80_160,s2_2_4
479,s2_885_1695,s2_n103_99,s4_n40_7,s1_below_4282,s3_3_4,s4_2005_2007,s2_760_2075,s4_37_47,Truck (<=6000 lbs.),s4_48_64,Deployed,s2_97_208,s3_2_3,Male,s3_80_96,s3_141_159,s2_164_318,s4_160_220,s2_2_4
480,s3_1695_2555,s2_n103_99,s4_n40_7,s1_below_4282,s4_4_5,s3_2003_2005,s2_760_2075,s5_47_57,Truck (<=6000 lbs.),s5_64_76,Deployed,s2_97_208,s3_2_3,Male,s2_37_80,s3_141_159,s2_164_318,s3_80_160,s2_2_4
481,s2_885_1695,s2_n103_99,s4_n40_7,s1_below_4282,s3_3_4,s2_2001_2003,s2_760_2075,s5_47_57,Passenger Car,s2_11_28,Deployed,s2_97_208,s2_1_2,Male,s2_37_80,s3_141_159,s2_164_318,s4_160_220,s2_2_4
482,s3_1695_2555,s2_n103_99,s4_n40_7,s1_below_4282,s4_4_5,s2_2001_2003,s3_2075_3730,s4_37_47,Truck (<=6000 lbs.),s2_11_28,Not Deployed,s2_97_208,s2_1_2,Female,s2_37_80,s3_141_159,s2_164_318,s3_80_160,s2_2_4
483,s2_885_1695,s2_n103_99,s3_n81_n40,s2_4282_6970,s1_below_2,s3_2003_2005,s2_760_2075,s4_37_47,Passenger Car,s6_76_up,Deployed,s2_97_208,s6_5_up,Male,s2_37_80,s3_141_159,s2_164_318,s3_80_160,s2_2_4
484,s3_1695_2555,s2_n103_99,s3_n81_n40,s1_below_4282,s1_below_2,s4_2005_2007,s2_760_2075,s4_37_47,Passenger Car,s4_48_64,Deployed,s2_97_208,s3_2_3,Male,s4_96_114,s3_141_159,s2_164_318,s3_80_160,s2_2_4
485,s3_1695_2555,s2_n103_99,s4_n40_7,s1_below_4282,s4_4_5,s3_2003_2005,s2_760_2075,s5_47_57,Truck (<=6000 lbs.),s3_28_48,Not Deployed,s2_97_208,s1_below_1,Female,s2_37_80,s4_159_169,s2_164_318,s3_80_160,s3_4_5
486,s3_1695_2555,s2_n103_99,s3_n81_n40,s1_below_4282,s4_4_5,s2_2001_2003,s2_760_2075,s5_47_57,Truck (<=6000 lbs.),s3_28_48,Deployed,s2_97_208,s1_below_1,Female,s2_37_80,s4_159_169,s2_164_318,s3_80_160,s2_2_4
487,s2_885_1695,s2_n103_99,s4_n40_7,s1_below_4282,s1_below_2,s3_2003_2005,s3_2075_3730,s5_47_57,Passenger Car,s2_11_28,Not Deployed,s2_97_208,s1_below_1,Female,s2_37_80,s3_141_159,s2_164_318,s3_80_160,s2_2_4
488,s2_885_1695,s2_n103_99,s4_n40_7,s1_below_4282,s1_below_2,s3_2003_2005,s2_760_2075,s5_47_57,Passenger Car,s3_28_48,Deployed,s2_97_208,s1_below_1,Male,s3_80_96,s3_141_159,s2_164_318,s3_80_160,s2_2_4
489,s2_885_1695,s2_n103_99,s4_n40_7,s1_below_4282,s4_4_5,s3_2003_2005,s2_760_2075,s5_47_57,Passenger Car,s2_11_28,Deployed,s2_97_208,s1_below_1,Male,s3_80_96,s3_141_159,s2_164_318,s2_40_80,s2_2_4
490,s3_1695_2555,s2_n103_99,s4_n40_7,s1_below_4282,s4_4_5,s4_2005_2007,s2_760_2075,s5_47_57,Truck (<=10000 lbs.),s4_48_64,Deployed,s2_97_208,s2_1_2,Male,s3_80_96,s5_169_179,s3_318_464,s3_80_160,s4_5_6
491,s3_1695_2555,s2_n103_99,s4_n40_7,s1_below_4282,s4_4_5,s4_2005_2007,s2_760_2075,s3_17_37,Truck (<=10000 lbs.),s5_64_76,Not Deployed,s2_97_208,s1_below_1,Male,s3_80_96,s4_159_169,s3_318_464,s2_40_80,s4_5_6
492,s2_885_1695,s2_n103_99,s4_n40_7,s1_below_4282,s2_2_3,s2_2001_2003,s2_760_2075,s3_17_37,Passenger Car,s4_48_64,Deployed,s2_97_208,s1_below_1,Female,s2_37_80,s3_141_159,s2_164_318,s3_80_160,s2_2_4
493,s2_885_1695,s2_n103_99,s4_n40_7,s1_below_4282,s3_3_4,s2_2001_2003,s2_760_2075,s3_17_37,Passenger Car,s2_11_28,Not Deployed,s2_97_208,s1_below_1,Female,s3_80_96,s3_141_159,s2_164_318,s4_160_220,s2_2_4
494,s2_885_1695,s2_n103_99,s4_n40_7,s1_below_4282,s1_below_2,s2_2001_2003,s3_2075_3730,s5_47_57,Truck (<=6000 lbs.),s5_64_76,Deployed,s2_97_208,s5_4_5,Female,s2_37_80,s3_141_159,s2_164_318,s4_160_220,s2_2_4
495,s2_885_1695,s2_n103_99,s4_n40_7,s1_below_4282,s3_3_4,s2_2001_2003,s2_760_2075,s4_37_47,Truck (<=6000 lbs.),s4_48_64,Not Deployed,s2_97_208,s1_below_1,Female,s2_37_80,s3_141_159,s2_164_318,s3_80_160,s2_2_4
496,s2_885_1695,s2_n103_99,s4_n40_7,s1_below_4282,s1_below_2,s3_2003_2005,s2_760_2075,s4_37_47,Truck (<=6000 lbs.),s3_28_48,Deployed,s2_97_208,s1_below_1,Female,s2_37_80,s3_141_159,s2_164_318,s3_80_160,s2_2_4
497,s2_885_1695,s2_n103_99,s4_n40_7,s1_below_4282,s4_4_5,s4_2005_2007,s2_760_2075,s5_47_57,Passenger Car,s2_11_28,Deployed,s2_97_208,s1_below_1,Female,s2_37_80,s3_141_159,s2_164_318,s3_80_160,s2_2_4
498,s2_885_1695,s2_n103_99,s4_n40_7,s1_below_4282,s1_below_2,s3_2003_2005,s2_760_2075,s4_37_47,Truck (<=6000 lbs.),s3_28_48,Deployed,s2_97_208,s1_below_1,Female,s2_37_80,s3_141_159,s2_164_318,s3_80_160,s2_2_4
499,s2_885_1695,s2_n103_99,s4_n40_7,s1_below_4282,s2_2_3,s2_2001_2003,s2_760_2075,s5_47_57,Passenger Car,s2_11_28,Deployed,s2_97_208,s1_below_1,Male,s2_37_80,s3_141_159,s2_164_318,s3_80_160,s2_2_4
500,s2_885_1695,s2_n103_99,s4_n40_7,s1_below_4282,s1_below_2,s4_2005_2007,s3_2075_3730,s5_47_57,Passenger Car,s2_11_28,Not Deployed,s2_97_208,s1_below_1,Male,s2_37_80,s3_141_159,s2_164_318,s3_80_160,s2_2_4
501,s3_1695_2555,s2_n103_99,s4_n40_7,s1_below_4282,s2_2_3,s3_2003_2005,s2_760_2075,s4_37_47,Truck (<=6000 lbs.),s2_11_28,Not Deployed,s2_97_208,s1_below_1,Female,s2_37_80,s3_141_159,s2_164_318,s3_80_160,s2_2_4
502,s2_885_1695,s2_n103_99,s4_n40_7,s1_below_4282,s3_3_4,s2_2001_2003,s2_760_2075,s3_17_37,Passenger Car,s4_48_64,Deployed,s2_97_208,s1_below_1,Male,s3_80_96,s3_141_159,s2_164_318,s3_80_160,s2_2_4
503,s2_885_1695,s2_n103_99,s4_n40_7,s1_below_4282,s1_below_2,s4_2005_2007,s2_760_2075,s3_17_37,Passenger Car,s4_48_64,Deployed,s2_97_208,s1_below_1,Female,s2_37_80,s3_141_159,s2_164_318,s3_80_160,s2_2_4
504,s2_885_1695,s2_n103_99,s4_n40_7,s1_below_4282,s2_2_3,s2_2001_2003,s2_760_2075,s3_17_37,Passenger Car,s2_11_28,Not Deployed,s2_97_208,s1_below_1,Female,s2_37_80,s3_141_159,s2_164_318,s3_80_160,s2_2_4
505,s2_885_1695,s2_n103_99,s4_n40_7,s1_below_4282,s1_below_2,s2_2001_2003,s2_760_2075,s4_37_47,Passenger Car,s2_11_28,Deployed,s2_97_208,s1_below_1,Female,s2_37_80,s3_141_159,s2_164_318,s3_80_160,s2_2_4
506,s3_1695_2555,s2_n103_99,s4_n40_7,s1_below_4282,s1_below_2,s2_2001_2003,s2_760_2075,s4_37_47,Truck (<=6000 lbs.),s2_11_28,Deployed,s2_97_208,s1_below_1,Female,s2_37_80,s4_159_169,s2_164_318,s3_80_160,s2_2_4
507,s3_1695_2555,s2_n103_99,s4_n40_7,s1_below_4282,s1_below_2,s3_2003_2005,s3_2075_3730,s6_57_up,Truck (<=6000 lbs.),s3_28_48,Not Deployed,s2_97_208,s1_below_1,Female,s2_37_80,s3_141_159,s2_164_318,s3_80_160,s2_2_4
508,s2_885_1695,s2_n103_99,s4_n40_7,s1_below_4282,s1_below_2,s3_2003_2005,s2_760_2075,s5_47_57,Passenger Car,s4_48_64,Not Deployed,s2_97_208,s1_below_1,Male,s3_80_96,s3_141_159,s2_164_318,s3_80_160,s2_2_4
509,s2_885_1695,s2_n103_99,s4_n40_7,s1_below_4282,s2_2_3,s5_2007_2009,s2_760_2075,s3_17_37,Truck (<=6000 lbs.),s5_64_76,Not Deployed,s2_97_208,s1_below_1,Female,s2_37_80,s3_141_159,s2_164_318,s4_160_220,s2_2_4
510,s3_1695_2555,s2_n103_99,s4_n40_7,s1_below_4282,s2_2_3,s4_2005_2007,s2_760_2075,s5_47_57,Truck (<=6000 lbs.),s3_28_48,Deployed,s2_97_208,s1_below_1,Male,s3_80_96,s3_141_159,s2_164_318,s4_160_220,s2_2_4
511,s3_1695_2555,s2_n103_99,s4_n40_7,s1_below_4282,s2_2_3,s3_2003_2005,s2_760_2075,s4_37_47,Truck (<=6000 lbs.),s3_28_48,Not Deployed,s2_97_208,s2_1_2,Female,s2_37_80,s3_141_159,s2_164_318,s4_160_220,s2_2_4
512,s2_885_1695,s2_n103_99,s4_n40_7,s1_below_4282,s2_2_3,s3_2003_2005,s2_760_2075,s3_17_37,Passenger Car,s2_11_28,Not Deployed,s2_97_208,s1_below_1,Female,s2_37_80,s3_141_159,s2_164_318,s3_80_160,s2_2_4
513,s2_885_1695,s2_n103_99,s4_n40_7,s1_below_4282,s4_4_5,s5_2007_2009,s2_760_2075,s3_17_37,Passenger Car,s3_28_48,Deployed,s2_97_208,s1_below_1,Male,s2_37_80,s3_141_159,s2_164_318,s3_80_160,s2_2_4
514,s3_1695_2555,s2_n103_99,s4_n40_7,s1_below_4282,s4_4_5,s4_2005_2007,s2_760_2075,s4_37_47,Truck (<=10000 lbs.),s4_48_64,Deployed,s2_97_208,s1_below_1,Male,s2_37_80,s5_169_179,s2_164_318,s3_80_160,s3_4_5
515,s2_885_1695,s2_n103_99,s4_n40_7,s1_below_4282,s2_2_3,s2_2001_2003,s2_760_2075,s4_37_47,Passenger Car,s2_11_28,Not Deployed,s2_97_208,s1_below_1,Male,s2_37_80,s3_141_159,s2_164_318,s3_80_160,s2_2_4
516,s2_885_1695,s2_n103_99,s4_n40_7,s1_below_4282,s5_5_6,s3_2003_2005,s2_760_2075,s3_17_37,Passenger Car,s5_64_76,Not Deployed,s2_97_208,s1_below_1,Male,s3_80_96,s3_141_159,s2_164_318,s3_80_160,s2_2_4
517,s2_885_1695,s2_n103_99,s4_n40_7,s1_below_4282,s2_2_3,s3_2003_2005,s2_760_2075,s4_37_47,Passenger Car,s6_76_up,Not Deployed,s2_97_208,s1_below_1,Female,s2_37_80,s3_141_159,s2_164_318,s2_40_80,s2_2_4
518,s2_885_1695,s2_n103_99,s4_n40_7,s1_below_4282,s2_2_3,s3_2003_2005,s2_760_2075,s3_17_37,Passenger Car,s2_11_28,Deployed,s2_97_208,s1_below_1,Male,s2_37_80,s3_141_159,s2_164_318,s3_80_160,s2_2_4
519,s2_885_1695,s2_n103_99,s4_n40_7,s1_below_4282,s2_2_3,s3_2003_2005,s2_760_2075,s3_17_37,Passenger Car,s2_11_28,Not Deployed,s2_97_208,s1_below_1,Female,s2_37_80,s2_116_141,s2_164_318,s3_80_160,s2_2_4
520,s2_885_1695,s2_n103_99,s4_n40_7,s1_below_4282,s4_4_5,s2_2001_2003,s2_760_2075,s3_17_37,Truck (<=6000 lbs.),s4_48_64,Deployed,s2_97_208,s1_below_1,Male,s4_96_114,s2_116_141,s2_164_318,s3_80_160,s2_2_4
521,s2_885_1695,s2_n103_99,s5_7_up,s1_below_4282,s4_4_5,s3_2003_2005,s2_760_2075,s3_17_37,Passenger Car,s3_28_48,Not Deployed,s2_97_208,s1_below_1,Female,s2_37_80,s3_141_159,s2_164_318,s6_260_up,s2_2_4
522,s2_885_1695,s2_n103_99,s4_n40_7,s1_below_4282,s3_3_4,s5_2007_2009,s2_760_2075,s3_17_37,Passenger Car,s3_28_48,Not Deployed,s2_97_208,s1_below_1,Male,s3_80_96,s3_141_159,s2_164_318,s3_80_160,s2_2_4
523,s2_885_1695,s2_n103_99,s4_n40_7,s1_below_4282,s2_2_3,s4_2005_2007,s2_760_2075,s3_17_37,Passenger Car,s2_11_28,Not Deployed,s2_97_208,s1_below_1,Female,s2_37_80,s3_141_159,s2_164_318,s2_40_80,s2_2_4
524,s2_885_1695,s2_n103_99,s4_n40_7,s1_below_4282,s2_2_3,s5_2007_2009,s2_760_2075,s4_37_47,Passenger Car,s4_48_64,Not Deployed,s2_97_208,s1_below_1,Female,s2_37_80,s3_141_159,s2_164_318,s3_80_160,s2_2_4
525,s2_885_1695,s2_n103_99,s4_n40_7,s1_below_4282,s2_2_3,s5_2007_2009,s2_760_2075,s4_37_47,Passenger Car,s2_11_28,Deployed,s2_97_208,s1_below_1,Male,s2_37_80,s3_141_159,s2_164_318,s3_80_160,s2_2_4
526,s3_1695_2555,s2_n103_99,s4_n40_7,s1_below_4282,s4_4_5,s2_2001_2003,s3_2075_3730,s3_17_37,Truck (<=10000 lbs.),s3_28_48,Deployed,s2_97_208,s1_below_1,Female,s6_130_up,s4_159_169,s3_318_464,s3_80_160,s5_6_7
527,s2_885_1695,s2_n103_99,s3_n81_n40,s1_below_4282,s1_below_2,s4_2005_2007,s3_2075_3730,s3_17_37,Passenger Car,s3_28_48,Deployed,s2_97_208,s1_below_1,Male,s3_80_96,s3_141_159,s2_164_318,s3_80_160,s2_2_4
528,s2_885_1695,s2_n103_99,s4_n40_7,s1_below_4282,s4_4_5,s2_2001_2003,s2_760_2075,s3_17_37,Passenger Car,s3_28_48,Not Deployed,s2_97_208,s1_below_1,Female,s2_37_80,s3_141_159,s2_164_318,s2_40_80,s2_2_4
529,s3_1695_2555,s2_n103_99,s4_n40_7,s1_below_4282,s2_2_3,s5_2007_2009,s2_760_2075,s5_47_57,Truck (<=6000 lbs.),s3_28_48,Not Deployed,s2_97_208,s1_below_1,Male,s2_37_80,s4_159_169,s3_318_464,s4_160_220,s4_5_6
530,s2_885_1695,s2_n103_99,s4_n40_7,s1_below_4282,s1_below_2,s3_2003_2005,s2_760_2075,s3_17_37,Truck (<=6000 lbs.),s3_28_48,Not Deployed,s2_97_208,s1_below_1,Male,s2_37_80,s4_159_169,s2_164_318,s1_below_40,s2_2_4
531,s2_885_1695,s2_n103_99,s4_n40_7,s1_below_4282,s1_below_2,s5_2007_2009,s2_760_2075,s3_17_37,Passenger Car,s2_11_28,Not Deployed,s2_97_208,s1_below_1,Male,s2_37_80,s3_141_159,s2_164_318,s4_160_220,s2_2_4
532,s3_1695_2555,s2_n103_99,s4_n40_7,s1_below_4282,s4_4_5,s3_2003_2005,s2_760_2075,s3_17_37,Truck (<=6000 lbs.),s3_28_48,Deployed,s2_97_208,s1_below_1,Male,s2_37_80,s3_141_159,s2_164_318,s3_80_160,s2_2_4
533,s2_885_1695,s2_n103_99,s4_n40_7,s1_below_4282,s3_3_4,s5_2007_2009,s2_760_2075,s4_37_47,Passenger Car,s2_11_28,Not Deployed,s2_97_208,s1_below_1,Female,s2_37_80,s3_141_159,s2_164_318,s3_80_160,s2_2_4
534,s2_885_1695,s2_n103_99,s4_n40_7,s1_below_4282,s3_3_4,s3_2003_2005,s2_760_2075,s3_17_37,Truck (<=6000 lbs.),s4_48_64,Not Deployed,s2_97_208,s1_below_1,Female,s2_37_80,s3_141_159,s2_164_318,s4_160_220,s2_2_4
535,s2_885_1695,s2_n103_99,s4_n40_7,s1_below_4282,s5_5_6,s2_2001_2003,s2_760_2075,s4_37_47,Passenger Car,s2_11_28,Deployed,s2_97_208,s1_below_1,Female,s2_37_80,s3_141_159,s2_164_318,s4_160_220,s2_2_4
536,s3_1695_2555,s2_n103_99,s4_n40_7,s1_below_4282,s4_4_5,s4_2005_2007,s2_760_2075,s3_17_37,Truck (<=6000 lbs.),s4_48_64,Deployed,s2_97_208,s1_below_1,Male,s2_37_80,s4_159_169,s3_318_464,s3_80_160,s4_5_6
537,s2_885_1695,s2_n103_99,s3_n81_n40,s1_below_4282,s1_below_2,s5_2007_2009,s3_2075_3730,s3_17_37,Passenger Car,s4_48_64,Deployed,s2_97_208,s1_below_1,Male,s2_37_80,s3_141_159,s2_164_318,s3_80_160,s2_2_4
538,s3_1695_2555,s2_n103_99,s4_n40_7,s1_below_4282,s3_3_4,s4_2005_2007,s2_760_2075,s3_17_37,Truck (<=10000 lbs.),s4_48_64,Not Deployed,s2_97_208,s1_below_1,Male,s4_96_114,s4_159_169,s3_318_464,s4_160_220,s4_5_6
539,s3_1695_2555,s2_n103_99,s4_n40_7,s1_below_4282,s1_below_2,s4_2005_2007,s2_760_2075,s3_17_37,Truck (<=6000 lbs.),s3_28_48,Not Deployed,s2_97_208,s1_below_1,Female,s2_37_80,s3_141_159,s2_164_318,s4_160_220,s2_2_4
540,s3_1695_2555,s2_n103_99,s4_n40_7,s1_below_4282,s3_3_4,s2_2001_2003,s2_760_2075,s4_37_47,Truck (<=10000 lbs.),s4_48_64,Not Deployed,s2_97_208,s1_below_1,Female,s3_80_96,s4_159_169,s2_164_318,s3_80_160,s3_4_5
541,s3_1695_2555,s2_n103_99,s5_7_up,s1_below_4282,s3_3_4,s4_2005_2007,s2_760_2075,s3_17_37,Passenger Car,s5_64_76,Not Deployed,s2_97_208,s2_1_2,Female,s2_37_80,s3_141_159,s2_164_318,s4_160_220,s3_4_5
542,s2_885_1695,s2_n103_99,s4_n40_7,s1_below_4282,s3_3_4,s5_2007_2009,s2_760_2075,s6_57_up,Passenger Car,s2_11_28,Not Deployed,s2_97_208,s1_below_1,Female,s2_37_80,s3_141_159,s2_164_318,s2_40_80,s2_2_4
543,s2_885_1695,s2_n103_99,s5_7_up,s1_below_4282,s4_4_5,s3_2003_2005,s2_760_2075,s6_57_up,Passenger Car,s6_76_up,Not Deployed,s2_97_208,s1_below_1,Male,s2_37_80,s3_141_159,s2_164_318,s6_260_up,s2_2_4
544,s3_1695_2555,s2_n103_99,s4_n40_7,s1_below_4282,s2_2_3,s2_2001_2003,s2_760_2075,s3_17_37,Truck (<=6000 lbs.),s4_48_64,Not Deployed,s2_97_208,s1_below_1,Female,s2_37_80,s3_141_159,s2_164_318,s2_40_80,s2_2_4
545,s2_885_1695,s2_n103_99,s5_7_up,s1_below_4282,s2_2_3,s4_2005_2007,s3_2075_3730,s3_17_37,Passenger Car,s3_28_48,Not Deployed,s2_97_208,s1_below_1,Male,s3_80_96,s3_141_159,s2_164_318,s6_260_up,s2_2_4
546,s2_885_1695,s2_n103_99,s4_n40_7,s1_below_4282,s1_below_2,s3_2003_2005,s2_760_2075,s3_17_37,Passenger Car,s6_76_up,Deployed,s2_97_208,s2_1_2,Female,s2_37_80,s3_141_159,s2_164_318,s3_80_160,s2_2_4
547,s2_885_1695,s2_n103_99,s4_n40_7,s1_below_4282,s1_below_2,s4_2005_2007,s2_760_2075,s3_17_37,Passenger Car,s5_64_76,Deployed,s2_97_208,s1_below_1,Male,s3_80_96,s4_159_169,s2_164_318,s4_160_220,s3_4_5
548,s2_885_1695,s2_n103_99,s4_n40_7,s1_below_4282,s1_below_2,s5_2007_2009,s2_760_2075,s3_17_37,Passenger Car,s2_11_28,Not Deployed,s2_97_208,s1_below_1,Female,s2_37_80,s3_141_159,s2_164_318,s2_40_80,s2_2_4
549,s2_885_1695,s2_n103_99,s5_7_up,s1_below_4282,s3_3_4,s2_2001_2003,s2_760_2075,s4_37_47,Passenger Car,s2_11_28,Not Deployed,s2_97_208,s1_below_1,Female,s3_80_96,s3_141_159,s2_164_318,s6_260_up,s2_2_4
550,s2_885_1695,s2_n103_99,s4_n40_7,s1_below_4282,s5_5_6,s2_2001_2003,s2_760_2075,s6_57_up,Passenger Car,s2_11_28,Not Deployed,s2_97_208,s1_below_1,Male,s2_37_80,s3_141_159,s2_164_318,s4_160_220,s2_2_4
551,s2_885_1695,s2_n103_99,s4_n40_7,s1_below_4282,s4_4_5,s2_2001_2003,s2_760_2075,s6_57_up,Passenger Car,s2_11_28,Not Deployed,s2_97_208,s1_below_1,Female,s2_37_80,s3_141_159,s2_164_318,s5_220_260,s2_2_4
552,s2_885_1695,s2_n103_99,s4_n40_7,s1_below_4282,s1_below_2,s3_2003_2005,s2_760_2075,s3_17_37,Truck (<=6000 lbs.),s4_48_64,Not Deployed,s2_97_208,s1_below_1,Female,s2_37_80,s3_141_159,s2_164_318,s4_160_220,s2_2_4
553,s2_885_1695,s2_n103_99,s4_n40_7,s1_below_4282,s3_3_4,s3_2003_2005,s2_760_2075,s3_17_37,Passenger Car,s2_11_28,Not Deployed,s2_97_208,s1_below_1,Female,s2_37_80,s3_141_159,s2_164_318,s4_160_220,s2_2_4
554,s3_1695_2555,s2_n103_99,s4_n40_7,s1_below_4282,s4_4_5,s2_2001_2003,s2_760_2075,s3_17_37,Truck (<=10000 lbs.),s2_11_28,Deployed,s2_97_208,s1_below_1,Female,s3_80_96,s4_159_169,s2_164_318,s3_80_160,s3_4_5
555,s3_1695_2555,s2_n103_99,s4_n40_7,s1_below_4282,s3_3_4,s4_2005_2007,s2_760_2075,s3_17_37,Passenger Car,s3_28_48,Deployed,s2_97_208,s1_below_1,Female,s2_37_80,s3_141_159,s2_164_318,s3_80_160,s2_2_4
556,s2_885_1695,s2_n103_99,s4_n40_7,s1_below_4282,s4_4_5,s5_2007_2009,s2_760_2075,s3_17_37,Truck (<=6000 lbs.),s2_11_28,Not Deployed,s2_97_208,s1_below_1,Female,s3_80_96,s3_141_159,s2_164_318,s2_40_80,s2_2_4
557,s2_885_1695,s2_n103_99,s4_n40_7,s1_below_4282,s3_3_4,s4_2005_2007,s2_760_2075,s4_37_47,Passenger Car,s4_48_64,Not Deployed,s2_97_208,s1_below_1,Female,s2_37_80,s3_141_159,s2_164_318,s3_80_160,s2_2_4
558,s2_885_1695,s2_n103_99,s5_7_up,s1_below_4282,s4_4_5,s3_2003_2005,s2_760_2075,s4_37_47,Passenger Car,s3_28_48,Not Deployed,s2_97_208,s1_below_1,Male,s3_80_96,s3_141_159,s2_164_318,s6_260_up,s2_2_4
559,s2_885_1695,s2_n103_99,s4_n40_7,s1_below_4282,s2_2_3,s2_2001_2003,s2_760_2075,s4_37_47,Passenger Car,s2_11_28,Deployed,s2_97_208,s1_below_1,Male,s3_80_96,s3_141_159,s2_164_318,s3_80_160,s2_2_4
560,s2_885_1695,s2_n103_99,s4_n40_7,s1_below_4282,s3_3_4,s5_2007_2009,s2_760_2075,s4_37_47,Passenger Car,s3_28_48,Deployed,s2_97_208,s1_below_1,Female,s2_37_80,s3_141_159,s2_164_318,s4_160_220,s2_2_4
561,s2_885_1695,s2_n103_99,s4_n40_7,s1_below_4282,s4_4_5,s4_2005_2007,s2_760_2075,s3_17_37,Passenger Car,s3_28_48,Not Deployed,s2_97_208,s1_below_1,Male,s4_96_114,s4_159_169,s2_164_318,s4_160_220,s3_4_5
562,s2_885_1695,s2_n103_99,s4_n40_7,s1_below_4282,s4_4_5,s2_2001_2003,s2_760_2075,s3_17_37,Passenger Car,s5_64_76,Not Deployed,s2_97_208,s1_below_1,Male,s3_80_96,s3_141_159,s2_164_318,s3_80_160,s2_2_4
563,s2_885_1695,s2_n103_99,s4_n40_7,s1_below_4282,s2_2_3,s2_2001_2003,s2_760_2075,s3_17_37,Passenger Car,s4_48_64,Not Deployed,s2_97_208,s1_below_1,Female,s3_80_96,s3_141_159,s2_164_318,s3_80_160,s2_2_4
564,s2_885_1695,s2_n103_99,s4_n40_7,s1_below_4282,s3_3_4,s5_2007_2009,s2_760_2075,s3_17_37,Passenger Car,s5_64_76,Deployed,s2_97_208,s2_1_2,Male,s3_80_96,s3_141_159,s2_164_318,s4_160_220,s2_2_4
565,s2_885_1695,s2_n103_99,s4_n40_7,s1_below_4282,s3_3_4,s3_2003_2005,s2_760_2075,s4_37_47,Passenger Car,s5_64_76,Deployed,s2_97_208,s1_below_1,Male,s6_130_up,s3_141_159,s2_164_318,s3_80_160,s2_2_4
566,s3_1695_2555,s2_n103_99,s4_n40_7,s1_below_4282,s3_3_4,s4_2005_2007,s2_760_2075,s3_17_37,Truck (<=6000 lbs.),s2_11_28,Deployed,s2_97_208,s1_below_1,Female,s2_37_80,s3_141_159,s2_164_318,s3_80_160,s2_2_4
567,s2_885_1695,s2_n103_99,s4_n40_7,s1_below_4282,s3_3_4,s2_2001_2003,s3_2075_3730,s3_17_37,Passenger Car,s5_64_76,Deployed,s2_97_208,s1_below_1,Female,s2_37_80,s3_141_159,s2_164_318,s3_80_160,s2_2_4
568,s2_885_1695,s2_n103_99,s5_7_up,s1_below_4282,s2_2_3,s3_2003_2005,s3_2075_3730,s3_17_37,Passenger Car,s2_11_28,Not Deployed,s2_97_208,s1_below_1,Male,s4_96_114,s3_141_159,s2_164_318,s6_260_up,s2_2_4
569,s2_885_1695,s2_n103_99,s4_n40_7,s1_below_4282,s1_below_2,s5_2007_2009,s2_760_2075,s3_17_37,Passenger Car,s4_48_64,Not Deployed,s2_97_208,s1_below_1,Female,s2_37_80,s3_141_159,s2_164_318,s5_220_260,s2_2_4
570,s2_885_1695,s2_n103_99,s4_n40_7,s1_below_4282,s1_below_2,s3_2003_2005,s2_760_2075,s3_17_37,Passenger Car,s2_11_28,Not Deployed,s2_97_208,s1_below_1,Female,s2_37_80,s3_141_159,s2_164_318,s3_80_160,s2_2_4
571,s2_885_1695,s2_n103_99,s5_7_up,s1_below_4282,s1_below_2,s2_2001_2003,s2_760_2075,s3_17_37,Passenger Car,s6_76_up,Not Deployed,s2_97_208,s1_below_1,Female,s2_37_80,s3_141_159,s2_164_318,s1_below_40,s2_2_4
572,s3_1695_2555,s2_n103_99,s4_n40_7,s1_below_4282,s4_4_5,s2_2001_2003,s2_760_2075,s3_17_37,Truck (<=10000 lbs.),s3_28_48,Not Deployed,s2_97_208,s1_below_1,Male,s3_80_96,s3_141_159,s2_164_318,s3_80_160,s2_2_4
573,s2_885_1695,s2_n103_99,s4_n40_7,s1_below_4282,s1_below_2,s5_2007_2009,s3_2075_3730,s3_17_37,Passenger Car,s3_28_48,Not Deployed,s2_97_208,s1_below_1,Female,s3_80_96,s3_141_159,s2_164_318,s2_40_80,s2_2_4
574,s2_885_1695,s2_n103_99,s4_n40_7,s1_below_4282,s4_4_5,s2_2001_2003,s2_760_2075,s6_57_up,Passenger Car,s4_48_64,Not Deployed,s2_97_208,s1_below_1,Female,s4_96_114,s4_159_169,s2_164_318,s3_80_160,s2_2_4
575,s2_885_1695,s2_n103_99,s5_7_up,s1_below_4282,s4_4_5,s5_2007_2009,s2_760_2075,s6_57_up,Passenger Car,s2_11_28,Not Deployed,s2_97_208,s1_below_1,Male,s2_37_80,s3_141_159,s2_164_318,s6_260_up,s2_2_4
576,s2_885_1695,s2_n103_99,s4_n40_7,s1_below_4282,s3_3_4,s4_2005_2007,s2_760_2075,s4_37_47,Passenger Car,s2_11_28,Deployed,s2_97_208,s1_below_1,Female,s2_37_80,s3_141_159,s2_164_318,s3_80_160,s2_2_4
577,s2_885_1695,s2_n103_99,s4_n40_7,s1_below_4282,s4_4_5,s3_2003_2005,s2_760_2075,s3_17_37,Passenger Car,s2_11_28,Deployed,s2_97_208,s1_below_1,Male,s3_80_96,s3_141_159,s2_164_318,s3_80_160,s2_2_4
578,s2_885_1695,s2_n103_99,s4_n40_7,s1_below_4282,s1_below_2,s4_2005_2007,s2_760_2075,s3_17_37,Passenger Car,s2_11_28,Not Deployed,s2_97_208,s1_below_1,Male,s3_80_96,s3_141_159,s2_164_318,s3_80_160,s2_2_4
579,s2_885_1695,s2_n103_99,s4_n40_7,s1_below_4282,s4_4_5,s5_2007_2009,s2_760_2075,s3_17_37,Passenger Car,s3_28_48,Not Deployed,s2_97_208,s1_below_1,Female,s2_37_80,s3_141_159,s2_164_318,s4_160_220,s2_2_4
580,s2_885_1695,s2_n103_99,s4_n40_7,s1_below_4282,s2_2_3,s2_2001_2003,s3_2075_3730,s3_17_37,Truck (<=6000 lbs.),s5_64_76,Not Deployed,s2_97_208,s1_below_1,Female,s2_37_80,s3_141_159,s2_164_318,s3_80_160,s2_2_4
581,s3_1695_2555,s2_n103_99,s4_n40_7,s1_below_4282,s1_below_2,s4_2005_2007,s2_760_2075,s3_17_37,Truck (<=6000 lbs.),s4_48_64,Not Deployed,s2_97_208,s1_below_1,Female,s2_37_80,s4_159_169,s2_164_318,s3_80_160,s3_4_5
582,s3_1695_2555,s2_n103_99,s5_7_up,s1_below_4282,s1_below_2,s5_2007_2009,s3_2075_3730,s3_17_37,Passenger Car,s4_48_64,Deployed,s2_97_208,s3_2_3,Male,s5_114_130,s3_141_159,s2_164_318,s6_260_up,s2_2_4
583,s2_885_1695,s2_n103_99,s4_n40_7,s1_below_4282,s1_below_2,s3_2003_2005,s2_760_2075,s3_17_37,Passenger Car,s2_11_28,Not Deployed,s2_97_208,s1_below_1,Female,s2_37_80,s3_141_159,s2_164_318,s3_80_160,s2_2_4
584,s2_885_1695,s2_n103_99,s4_n40_7,s1_below_4282,s1_below_2,s2_2001_2003,s2_760_2075,s3_17_37,Passenger Car,s4_48_64,Deployed,s2_97_208,s1_below_1,Female,s2_37_80,s3_141_159,s2_164_318,s3_80_160,s2_2_4
585,s2_885_1695,s2_n103_99,s5_7_up,s1_below_4282,s5_5_6,s2_2001_2003,s2_760_2075,s6_57_up,Truck (<=6000 lbs.),s3_28_48,Not Deployed,s2_97_208,s1_below_1,Female,s3_80_96,s3_141_159,s2_164_318,s6_260_up,s2_2_4
586,s2_885_1695,s2_n103_99,s4_n40_7,s1_below_4282,s3_3_4,s5_2007_2009,s2_760_2075,s3_17_37,Passenger Car,s6_76_up,Not Deployed,s2_97_208,s1_below_1,Male,s2_37_80,s3_141_159,s2_164_318,s3_80_160,s2_2_4
587,s2_885_1695,s2_n103_99,s4_n40_7,s1_below_4282,s4_4_5,s4_2005_2007,s2_760_2075,s3_17_37,Passenger Car,s2_11_28,Not Deployed,s2_97_208,s1_below_1,Female,s2_37_80,s3_141_159,s2_164_318,s3_80_160,s2_2_4
588,s3_1695_2555,s2_n103_99,s4_n40_7,s1_below_4282,s1_below_2,s3_2003_2005,s2_760_2075,s3_17_37,Truck (<=6000 lbs.),s3_28_48,Deployed,s2_97_208,s2_1_2,Male,s3_80_96,s4_159_169,s2_164_318,s3_80_160,s2_2_4
589,s2_885_1695,s2_n103_99,s5_7_up,s1_below_4282,s2_2_3,s5_2007_2009,s2_760_2075,s3_17_37,Passenger Car,s2_11_28,Not Deployed,s2_97_208,s1_below_1,Female,s2_37_80,s3_141_159,s2_164_318,s6_260_up,s2_2_4
590,s2_885_1695,s2_n103_99,s4_n40_7,s1_below_4282,s1_below_2,s5_2007_2009,s2_760_2075,s3_17_37,Truck (<=6000 lbs.),s2_11_28,Deployed,s2_97_208,s1_below_1,Male,s2_37_80,s3_141_159,s2_164_318,s4_160_220,s2_2_4
591,s2_885_1695,s2_n103_99,s4_n40_7,s1_below_4282,s2_2_3,s2_2001_2003,s2_760_2075,s3_17_37,Passenger Car,s4_48_64,Not Deployed,s2_97_208,s1_below_1,Female,s2_37_80,s3_141_159,s2_164_318,s2_40_80,s2_2_4
592,s3_1695_2555,s2_n103_99,s4_n40_7,s1_below_4282,s3_3_4,s4_2005_2007,s2_760_2075,s4_37_47,Passenger Car,s3_28_48,Not Deployed,s2_97_208,s1_below_1,Male,s2_37_80,s4_159_169,s2_164_318,s4_160_220,s2_2_4
593,s2_885_1695,s2_n103_99,s4_n40_7,s1_below_4282,s5_5_6,s2_2001_2003,s2_760_2075,s3_17_37,Passenger Car,s2_11_28,Not Deployed,s2_97_208,s1_below_1,Male,s4_96_114,s3_141_159,s2_164_318,s3_80_160,s2_2_4
594,s2_885_1695,s2_n103_99,s4_n40_7,s1_below_4282,s3_3_4,s5_2007_2009,s2_760_2075,s3_17_37,Passenger Car,s3_28_48,Deployed,s2_97_208,s1_below_1,Male,s4_96_114,s3_141_159,s2_164_318,s3_80_160,s2_2_4
595,s2_885_1695,s2_n103_99,s4_n40_7,s1_below_4282,s4_4_5,s4_2005_2007,s2_760_2075,s3_17_37,Passenger Car,s2_11_28,Not Deployed,s2_97_208,s1_below_1,Male,s3_80_96,s3_141_159,s2_164_318,s3_80_160,s2_2_4
596,s2_885_1695,s2_n103_99,s4_n40_7,s1_below_4282,s4_4_5,s4_2005_2007,s2_760_2075,s3_17_37,Passenger Car,s2_11_28,Deployed,s2_97_208,s1_below_1,Female,s2_37_80,s3_141_159,s2_164_318,s3_80_160,s2_2_4
597,s2_885_1695,s2_n103_99,s4_n40_7,s1_below_4282,s3_3_4,s5_2007_2009,s2_760_2075,s3_17_37,Passenger Car,s2_11_28,Deployed,s2_97_208,s1_below_1,Male,s3_80_96,s3_141_159,s2_164_318,s3_80_160,s2_2_4
598,s2_885_1695,s2_n103_99,s4_n40_7,s1_below_4282,s3_3_4,s4_2005_2007,s2_760_2075,s3_17_37,Passenger Car,s6_76_up,Not Deployed,s2_97_208,s2_1_2,Male,s2_37_80,s3_141_159,s2_164_318,s3_80_160,s2_2_4
599,s2_885_1695,s2_n103_99,s5_7_up,s1_below_4282,s5_5_6,s4_2005_2007,s3_2075_3730,s4_37_47,Passenger Car,s4_48_64,Not Deployed,s2_97_208,s1_below_1,Female,s2_37_80,s3_141_159,s2_164_318,s6_260_up,s2_2_4
600,s2_885_1695,s2_n103_99,s4_n40_7,s1_below_4282,s6_6_up,s4_2005_2007,s2_760_2075,s4_37_47,Passenger Car,s3_28_48,Deployed,s2_97_208,s1_below_1,Female,s2_37_80,s3_141_159,s2_164_318,s4_160_220,s2_2_4
601,s2_885_1695,s2_n103_99,s4_n40_7,s1_below_4282,s2_2_3,s5_2007_2009,s2_760_2075,s3_17_37,Passenger Car,s4_48_64,Deployed,s2_97_208,s1_below_1,Female,s2_37_80,s3_141_159,s2_164_318,s3_80_160,s2_2_4
602,s2_885_1695,s2_n103_99,s4_n40_7,s1_below_4282,s4_4_5,s2_2001_2003,s2_760_2075,s4_37_47,Truck (<=6000 lbs.),s3_28_48,Deployed,s2_97_208,s1_below_1,Female,s2_37_80,s3_141_159,s2_164_318,s3_80_160,s2_2_4
603,s2_885_1695,s2_n103_99,s4_n40_7,s1_below_4282,s3_3_4,s2_2001_2003,s2_760_2075,s4_37_47,Passenger Car,s3_28_48,Deployed,s2_97_208,s1_below_1,Female,s2_37_80,s3_141_159,s2_164_318,s3_80_160,s2_2_4
604,s2_885_1695,s2_n103_99,s4_n40_7,s1_below_4282,s1_below_2,s2_2001_2003,s3_2075_3730,s4_37_47,Passenger Car,s4_48_64,Not Deployed,s2_97_208,s1_below_1,Female,s2_37_80,s3_141_159,s2_164_318,s3_80_160,s2_2_4
605,s2_885_1695,s2_n103_99,s4_n40_7,s1_below_4282,s1_below_2,s4_2005_2007,s2_760_2075,s4_37_47,Passenger Car,s2_11_28,Not Deployed,s2_97_208,s1_below_1,Male,s3_80_96,s3_141_159,s2_164_318,s2_40_80,s2_2_4
606,s2_885_1695,s2_n103_99,s4_n40_7,s1_below_4282,s1_below_2,s4_2005_2007,s2_760_2075,s4_37_47,Truck (<=6000 lbs.),s2_11_28,Deployed,s2_97_208,s1_below_1,Female,s3_80_96,s3_141_159,s2_164_318,s3_80_160,s2_2_4
607,s3_1695_2555,s2_n103_99,s4_n40_7,s1_below_4282,s6_6_up,s3_2003_2005,s2_760_2075,s4_37_47,Truck (<=6000 lbs.),s3_28_48,Deployed,s2_97_208,s1_below_1,Female,s2_37_80,s5_169_179,s2_164_318,s3_80_160,s3_4_5
608,s3_1695_2555,s2_n103_99,s4_n40_7,s1_below_4282,s6_6_up,s3_2003_2005,s2_760_2075,s4_37_47,Truck (<=6000 lbs.),s5_64_76,Not Deployed,s2_97_208,s1_below_1,Female,s2_37_80,s4_159_169,s2_164_318,s4_160_220,s3_4_5
609,s3_1695_2555,s2_n103_99,s5_7_up,s1_below_4282,s1_below_2,s3_2003_2005,s2_760_2075,s5_47_57,Truck (<=6000 lbs.),s3_28_48,Not Deployed,s2_97_208,s1_below_1,Female,s4_96_114,s4_159_169,s2_164_318,s6_260_up,s3_4_5
610,s2_885_1695,s2_n103_99,s4_n40_7,s1_below_4282,s3_3_4,s5_2007_2009,s2_760_2075,s6_57_up,Passenger Car,s3_28_48,Deployed,s2_97_208,s1_below_1,Female,s2_37_80,s3_141_159,s2_164_318,s3_80_160,s2_2_4
611,s2_885_1695,s2_n103_99,s3_n81_n40,s1_below_4282,s2_2_3,s4_2005_2007,s2_760_2075,s4_37_47,Passenger Car,s2_11_28,Not Deployed,s2_97_208,s1_below_1,Female,s2_37_80,s3_141_159,s2_164_318,s3_80_160,s2_2_4
612,s3_1695_2555,s2_n103_99,s5_7_up,s1_below_4282,s1_below_2,s5_2007_2009,s3_2075_3730,s6_57_up,Truck (<=6000 lbs.),s3_28_48,Not Deployed,s2_97_208,s1_below_1,Female,s2_37_80,s5_169_179,s2_164_318,s6_260_up,s2_2_4
613,s2_885_1695,s2_n103_99,s4_n40_7,s1_below_4282,s2_2_3,s4_2005_2007,s2_760_2075,s4_37_47,Passenger Car,s3_28_48,Deployed,s2_97_208,s1_below_1,Female,s3_80_96,s3_141_159,s2_164_318,s3_80_160,s2_2_4
614,s2_885_1695,s2_n103_99,s4_n40_7,s1_below_4282,s2_2_3,s3_2003_2005,s2_760_2075,s4_37_47,Passenger Car,s4_48_64,Deployed,s2_97_208,s1_below_1,Male,s4_96_114,s3_141_159,s2_164_318,s3_80_160,s2_2_4
615,s2_885_1695,s2_n103_99,s3_n81_n40,s1_below_4282,s1_below_2,s4_2005_2007,s2_760_2075,s4_37_47,Passenger Car,s2_11_28,Deployed,s2_97_208,s1_below_1,Female,s2_37_80,s3_141_159,s2_164_318,s3_80_160,s2_2_4
616,s3_1695_2555,s2_n103_99,s4_n40_7,s1_below_4282,s3_3_4,s3_2003_2005,s2_760_2075,s4_37_47,Truck (<=10000 lbs.),s4_48_64,Not Deployed,s2_97_208,s1_below_1,Male,s4_96_114,s4_159_169,s3_318_464,s2_40_80,s4_5_6
617,s2_885_1695,s2_n103_99,s4_n40_7,s1_below_4282,s1_below_2,s3_2003_2005,s2_760_2075,s3_17_37,Passenger Car,s2_11_28,Not Deployed,s2_97_208,s1_below_1,Male,s2_37_80,s3_141_159,s2_164_318,s3_80_160,s2_2_4
618,s2_885_1695,s2_n103_99,s4_n40_7,s1_below_4282,s1_below_2,s2_2001_2003,s2_760_2075,s3_17_37,Passenger Car,s4_48_64,Deployed,s2_97_208,s3_2_3,Female,s2_37_80,s3_141_159,s2_164_318,s2_40_80,s2_2_4
619,s2_885_1695,s2_n103_99,s4_n40_7,s1_below_4282,s1_below_2,s4_2005_2007,s2_760_2075,s3_17_37,Passenger Car,s2_11_28,Deployed,s2_97_208,s1_below_1,Female,s2_37_80,s3_141_159,s2_164_318,s3_80_160,s2_2_4
620,s2_885_1695,s2_n103_99,s4_n40_7,s1_below_4282,s3_3_4,s3_2003_2005,s2_760_2075,s4_37_47,Passenger Car,s3_28_48,Deployed,s2_97_208,s1_below_1,Male,s2_37_80,s3_141_159,s2_164_318,s4_160_220,s2_2_4
621,s2_885_1695,s2_n103_99,s4_n40_7,s1_below_4282,s1_below_2,s4_2005_2007,s2_760_2075,s5_47_57,Passenger Car,s2_11_28,Deployed,s2_97_208,s1_below_1,Female,s4_96_114,s3_141_159,s2_164_318,s3_80_160,s2_2_4
622,s3_1695_2555,s2_n103_99,s4_n40_7,s1_below_4282,s2_2_3,s3_2003_2005,s2_760_2075,s4_37_47,Truck (<=6000 lbs.),s2_11_28,Not Deployed,s2_97_208,s1_below_1,Female,s3_80_96,s3_141_159,s2_164_318,s2_40_80,s2_2_4
623,s2_885_1695,s2_n103_99,s4_n40_7,s1_below_4282,s2_2_3,s3_2003_2005,s2_760_2075,s4_37_47,Passenger Car,s2_11_28,Deployed,s2_97_208,s1_below_1,Female,s2_37_80,s3_141_159,s2_164_318,s3_80_160,s2_2_4
624,s2_885_1695,s2_n103_99,s4_n40_7,s1_below_4282,s1_below_2,s2_2001_2003,s2_760_2075,s3_17_37,Passenger Car,s2_11_28,Not Deployed,s2_97_208,s1_below_1,Female,s2_37_80,s3_141_159,s2_164_318,s3_80_160,s2_2_4
625,s3_1695_2555,s2_n103_99,s4_n40_7,s1_below_4282,s2_2_3,s2_2001_2003,s2_760_2075,s4_37_47,Truck (<=6000 lbs.),s5_64_76,Deployed,s2_97_208,s1_below_1,Male,s3_80_96,s4_159_169,s2_164_318,s3_80_160,s3_4_5
626,s2_885_1695,s2_n103_99,s4_n40_7,s1_below_4282,s2_2_3,s4_2005_2007,s2_760_2075,s3_17_37,Passenger Car,s2_11_28,Not Deployed,s2_97_208,s1_below_1,Male,s3_80_96,s3_141_159,s2_164_318,s2_40_80,s2_2_4
627,s2_885_1695,s2_n103_99,s4_n40_7,s1_below_4282,s2_2_3,s3_2003_2005,s2_760_2075,s4_37_47,Passenger Car,s5_64_76,Not Deployed,s2_97_208,s1_below_1,Female,s2_37_80,s3_141_159,s2_164_318,s3_80_160,s2_2_4
628,s2_885_1695,s2_n103_99,s4_n40_7,s1_below_4282,s2_2_3,s2_2001_2003,s2_760_2075,s4_37_47,Passenger Car,s3_28_48,Not Deployed,s2_97_208,s1_below_1,Female,s2_37_80,s3_141_159,s2_164_318,s3_80_160,s2_2_4
629,s3_1695_2555,s2_n103_99,s4_n40_7,s1_below_4282,s4_4_5,s3_2003_2005,s2_760_2075,s4_37_47,Passenger Car,s3_28_48,Not Deployed,s2_97_208,s1_below_1,Male,s3_80_96,s3_141_159,s2_164_318,s3_80_160,s2_2_4
630,s2_885_1695,s2_n103_99,s5_7_up,s1_below_4282,s4_4_5,s3_2003_2005,s2_760_2075,s4_37_47,Passenger Car,s3_28_48,Not Deployed,s2_97_208,s1_below_1,Female,s2_37_80,s3_141_159,s2_164_318,s6_260_up,s2_2_4
631,s3_1695_2555,s2_n103_99,s5_7_up,s1_below_4282,s1_below_2,s4_2005_2007,s2_760_2075,s4_37_47,Truck (<=6000 lbs.),s3_28_48,Not Deployed,s2_97_208,s1_below_1,Female,s2_37_80,s5_169_179,s2_164_318,s5_220_260,s3_4_5
632,s2_885_1695,s2_n103_99,s4_n40_7,s1_below_4282,s3_3_4,s2_2001_2003,s2_760_2075,s6_57_up,Passenger Car,s3_28_48,Not Deployed,s2_97_208,s4_3_4,Female,s4_96_114,s3_141_159,s2_164_318,s4_160_220,s2_2_4
633,s2_885_1695,s2_n103_99,s4_n40_7,s1_below_4282,s1_below_2,s5_2007_2009,s3_2075_3730,s5_47_57,Passenger Car,s2_11_28,Deployed,s2_97_208,s1_below_1,Female,s2_37_80,s3_141_159,s2_164_318,s3_80_160,s2_2_4
634,s2_885_1695,s2_n103_99,s4_n40_7,s1_below_4282,s1_below_2,s2_2001_2003,s2_760_2075,s3_17_37,Passenger Car,s4_48_64,Deployed,s2_97_208,s1_below_1,Male,s2_37_80,s3_141_159,s2_164_318,s4_160_220,s2_2_4
635,s2_885_1695,s2_n103_99,s4_n40_7,s1_below_4282,s3_3_4,s2_2001_2003,s2_760_2075,s4_37_47,Passenger Car,s3_28_48,Not Deployed,s2_97_208,s1_below_1,Female,s2_37_80,s3_141_159,s2_164_318,s4_160_220,s2_2_4
636,s2_885_1695,s2_n103_99,s4_n40_7,s1_below_4282,s2_2_3,s2_2001_2003,s2_760_2075,s4_37_47,Passenger Car,s3_28_48,Not Deployed,s2_97_208,s1_below_1,Female,s2_37_80,s3_141_159,s2_164_318,s3_80_160,s2_2_4
637,s2_885_1695,s2_n103_99,s4_n40_7,s1_below_4282,s2_2_3,s2_2001_2003,s3_2075_3730,s6_57_up,Passenger Car,s2_11_28,Not Deployed,s2_97_208,s4_3_4,Female,s4_96_114,s3_141_159,s2_164_318,s4_160_220,s2_2_4
638,s2_885_1695,s2_n103_99,s3_n81_n40,s1_below_4282,s3_3_4,s3_2003_2005,s2_760_2075,s3_17_37,Passenger Car,s4_48_64,Not Deployed,s2_97_208,s1_below_1,Female,s3_80_96,s3_141_159,s2_164_318,s3_80_160,s2_2_4
639,s3_1695_2555,s2_n103_99,s4_n40_7,s1_below_4282,s6_6_up,s4_2005_2007,s2_760_2075,s4_37_47,Truck (<=10000 lbs.),s3_28_48,Deployed,s2_97_208,s1_below_1,Male,s2_37_80,s5_169_179,s3_318_464,s3_80_160,s4_5_6
640,s2_885_1695,s2_n103_99,s4_n40_7,s1_below_4282,s2_2_3,s2_2001_2003,s2_760_2075,s3_17_37,Passenger Car,s4_48_64,Not Deployed,s2_97_208,s1_below_1,Male,s3_80_96,s3_141_159,s2_164_318,s3_80_160,s2_2_4
641,s2_885_1695,s2_n103_99,s4_n40_7,s1_below_4282,s4_4_5,s5_2007_2009,s2_760_2075,s4_37_47,Passenger Car,s2_11_28,Deployed,s2_97_208,s1_below_1,Female,s2_37_80,s3_141_159,s2_164_318,s4_160_220,s2_2_4
642,s3_1695_2555,s2_n103_99,s4_n40_7,s1_below_4282,s2_2_3,s3_2003_2005,s2_760_2075,s4_37_47,Truck (<=6000 lbs.),s3_28_48,Deployed,s2_97_208,s1_below_1,Female,s2_37_80,s4_159_169,s2_164_318,s3_80_160,s3_4_5
643,s2_885_1695,s2_n103_99,s4_n40_7,s1_below_4282,s2_2_3,s2_2001_2003,s2_760_2075,s3_17_37,Passenger Car,s2_11_28,Deployed,s2_97_208,s1_below_1,Male,s2_37_80,s3_141_159,s2_164_318,s4_160_220,s2_2_4
644,s2_885_1695,s2_n103_99,s4_n40_7,s1_below_4282,s3_3_4,s4_2005_2007,s2_760_2075,s3_17_37,Passenger Car,s3_28_48,Deployed,s2_97_208,s1_below_1,Female,s2_37_80,s3_141_159,s2_164_318,s3_80_160,s2_2_4
645,s2_885_1695,s2_n103_99,s4_n40_7,s1_below_4282,s2_2_3,s4_2005_2007,s3_2075_3730,s4_37_47,Passenger Car,s3_28_48,Deployed,s2_97_208,s3_2_3,Male,s3_80_96,s3_141_159,s2_164_318,s3_80_160,s2_2_4
646,s3_1695_2555,s2_n103_99,s4_n40_7,s1_below_4282,s5_5_6,s3_2003_2005,s2_760_2075,s4_37_47,Truck (<=6000 lbs.),s4_48_64,Deployed,s2_97_208,s1_below_1,Female,s2_37_80,s4_159_169,s2_164_318,s3_80_160,s2_2_4
647,s2_885_1695,s2_n103_99,s4_n40_7,s1_below_4282,s4_4_5,s5_2007_2009,s3_2075_3730,s3_17_37,Truck (<=6000 lbs.),s3_28_48,Deployed,s2_97_208,s1_below_1,Female,s3_80_96,s3_141_159,s2_164_318,s3_80_160,s2_2_4
648,s2_885_1695,s2_n103_99,s4_n40_7,s1_below_4282,s2_2_3,s5_2007_2009,s2_760_2075,s4_37_47,Passenger Car,s3_28_48,Deployed,s2_97_208,s2_1_2,Male,s3_80_96,s3_141_159,s2_164_318,s3_80_160,s2_2_4
649,s2_885_1695,s2_n103_99,s4_n40_7,s1_below_4282,s3_3_4,s3_2003_2005,s3_2075_3730,s3_17_37,Passenger Car,s2_11_28,Not Deployed,s2_97_208,s1_below_1,Male,s2_37_80,s3_141_159,s2_164_318,s3_80_160,s2_2_4
650,s2_885_1695,s2_n103_99,s4_n40_7,s1_below_4282,s3_3_4,s5_2007_2009,s2_760_2075,s3_17_37,Passenger Car,s3_28_48,Not Deployed,s2_97_208,s1_below_1,Female,s2_37_80,s3_141_159,s2_164_318,s3_80_160,s2_2_4
651,s3_1695_2555,s2_n103_99,s4_n40_7,s1_below_4282,s4_4_5,s4_2005_2007,s2_760_2075,s4_37_47,Truck (<=10000 lbs.),s5_64_76,Deployed,s2_97_208,s3_2_3,Male,s4_96_114,s4_159_169,s3_318_464,s3_80_160,s4_5_6
652,s3_1695_2555,s2_n103_99,s4_n40_7,s1_below_4282,s3_3_4,s3_2003_2005,s2_760_2075,s4_37_47,Passenger Car,s2_11_28,Not Deployed,s2_97_208,s1_below_1,Male,s2_37_80,s4_159_169,s2_164_318,s3_80_160,s3_4_5
653,s2_885_1695,s2_n103_99,s4_n40_7,s1_below_4282,s2_2_3,s4_2005_2007,s2_760_2075,s3_17_37,Passenger Car,s3_28_48,Deployed,s2_97_208,s1_below_1,Male,s2_37_80,s3_141_159,s2_164_318,s3_80_160,s2_2_4
654,s2_885_1695,s2_n103_99,s4_n40_7,s1_below_4282,s2_2_3,s3_2003_2005,s2_760_2075,s3_17_37,Passenger Car,s2_11_28,Deployed,s2_97_208,s1_below_1,Male,s2_37_80,s3_141_159,s2_164_318,s4_160_220,s2_2_4
655,s3_1695_2555,s2_n103_99,s4_n40_7,s1_below_4282,s1_below_2,s5_2007_2009,s2_760_2075,s4_37_47,Truck (<=6000 lbs.),s5_64_76,Not Deployed,s2_97_208,s1_below_1,Male,s3_80_96,s4_159_169,s2_164_318,s4_160_220,s3_4_5
656,s3_1695_2555,s2_n103_99,s4_n40_7,s1_below_4282,s1_below_2,s2_2001_2003,s3_2075_3730,s4_37_47,Truck (<=6000 lbs.),s4_48_64,Deployed,s2_97_208,s1_below_1,Female,s2_37_80,s3_141_159,s2_164_318,s3_80_160,s2_2_4
657,s2_885_1695,s2_n103_99,s4_n40_7,s1_below_4282,s3_3_4,s4_2005_2007,s2_760_2075,s3_17_37,Passenger Car,s2_11_28,Deployed,s2_97_208,s1_below_1,Female,s2_37_80,s3_141_159,s2_164_318,s4_160_220,s2_2_4
658,s2_885_1695,s2_n103_99,s4_n40_7,s1_below_4282,s1_below_2,s5_2007_2009,s2_760_2075,s3_17_37,Passenger Car,s3_28_48,Deployed,s2_97_208,s1_below_1,Female,s3_80_96,s3_141_159,s2_164_318,s3_80_160,s2_2_4
659,s3_1695_2555,s2_n103_99,s4_n40_7,s1_below_4282,s3_3_4,s2_2001_2003,s2_760_2075,s4_37_47,Truck (<=6000 lbs.),s3_28_48,Not Deployed,s2_97_208,s1_below_1,Male,s3_80_96,s3_141_159,s2_164_318,s3_80_160,s2_2_4
660,s2_885_1695,s2_n103_99,s4_n40_7,s1_below_4282,s3_3_4,s2_2001_2003,s3_2075_3730,s6_57_up,Passenger Car,s2_11_28,Not Deployed,s2_97_208,s1_below_1,Male,s3_80_96,s3_141_159,s2_164_318,s3_80_160,s2_2_4
661,s3_1695_2555,s2_n103_99,s4_n40_7,s1_below_4282,s2_2_3,s2_2001_2003,s3_2075_3730,s3_17_37,Truck (<=6000 lbs.),s2_11_28,Deployed,s2_97_208,s1_below_1,Male,s3_80_96,s3_141_159,s2_164_318,s2_40_80,s2_2_4
662,s3_1695_2555,s2_n103_99,s4_n40_7,s1_below_4282,s5_5_6,s3_2003_2005,s2_760_2075,s4_37_47,Truck (<=10000 lbs.),s2_11_28,Not Deployed,s2_97_208,s1_below_1,Male,s2_37_80,s5_169_179,s3_318_464,s3_80_160,s4_5_6
663,s2_885_1695,s2_n103_99,s4_n40_7,s1_below_4282,s2_2_3,s5_2007_2009,s3_2075_3730,s3_17_37,Truck (<=6000 lbs.),s4_48_64,Not Deployed,s2_97_208,s1_below_1,Male,s4_96_114,s3_141_159,s3_318_464,s4_160_220,s2_2_4
664,s2_885_1695,s2_n103_99,s4_n40_7,s1_below_4282,s4_4_5,s5_2007_2009,s2_760_2075,s6_57_up,Passenger Car,s3_28_48,Not Deployed,s2_97_208,s1_below_1,Female,s2_37_80,s3_141_159,s2_164_318,s4_160_220,s2_2_4
665,s3_1695_2555,s2_n103_99,s4_n40_7,s1_below_4282,s1_below_2,s3_2003_2005,s2_760_2075,s4_37_47,Passenger Car,s3_28_48,Not Deployed,s2_97_208,s1_below_1,Male,s4_96_114,s3_141_159,s2_164_318,s3_80_160,s2_2_4
666,s2_885_1695,s2_n103_99,s4_n40_7,s1_below_4282,s3_3_4,s2_2001_2003,s2_760_2075,s3_17_37,Passenger Car,s3_28_48,Not Deployed,s2_97_208,s1_below_1,Female,s3_80_96,s3_141_159,s2_164_318,s4_160_220,s2_2_4
667,s2_885_1695,s2_n103_99,s5_7_up,s1_below_4282,s3_3_4,s2_2001_2003,s2_760_2075,s6_57_up,Truck (<=6000 lbs.),s2_11_28,Not Deployed,s2_97_208,s1_below_1,Male,s3_80_96,s3_141_159,s2_164_318,s6_260_up,s2_2_4
668,s2_885_1695,s2_n103_99,s4_n40_7,s1_below_4282,s1_below_2,s2_2001_2003,s2_760_2075,s4_37_47,Passenger Car,s2_11_28,Deployed,s2_97_208,s1_below_1,Male,s2_37_80,s3_141_159,s2_164_318,s3_80_160,s2_2_4
669,s2_885_1695,s2_n103_99,s4_n40_7,s1_below_4282,s6_6_up,s2_2001_2003,s2_760_2075,s5_47_57,Passenger Car,s3_28_48,Deployed,s2_97_208,s1_below_1,Female,s2_37_80,s3_141_159,s2_164_318,s4_160_220,s2_2_4
670,s2_885_1695,s2_n103_99,s4_n40_7,s1_below_4282,s1_below_2,s2_2001_2003,s2_760_2075,s3_17_37,Passenger Car,s6_76_up,Deployed,s2_97_208,s3_2_3,Female,s2_37_80,s3_141_159,s2_164_318,s3_80_160,s2_2_4
671,s2_885_1695,s2_n103_99,s5_7_up,s1_below_4282,s3_3_4,s4_2005_2007,s2_760_2075,s1_below_7,Passenger Car,s3_28_48,Not Deployed,s2_97_208,s1_below_1,Female,s2_37_80,s3_141_159,s2_164_318,s6_260_up,s2_2_4
672,s3_1695_2555,s2_n103_99,s4_n40_7,s1_below_4282,s2_2_3,s4_2005_2007,s2_760_2075,s4_37_47,Truck (<=6000 lbs.),s5_64_76,Not Deployed,s2_97_208,s1_below_1,Male,s4_96_114,s5_169_179,s2_164_318,s2_40_80,s2_2_4
673,s2_885_1695,s2_n103_99,s3_n81_n40,s1_below_4282,s4_4_5,s3_2003_2005,s2_760_2075,s4_37_47,Passenger Car,s4_48_64,Deployed,s2_97_208,s1_below_1,Male,s3_80_96,s3_141_159,s2_164_318,s3_80_160,s2_2_4
674,s2_885_1695,s2_n103_99,s4_n40_7,s1_below_4282,s2_2_3,s5_2007_2009,s2_760_2075,s3_17_37,Passenger Car,s2_11_28,Not Deployed,s2_97_208,s1_below_1,Female,s2_37_80,s3_141_159,s2_164_318,s3_80_160,s2_2_4
675,s2_885_1695,s2_n103_99,s4_n40_7,s1_below_4282,s3_3_4,s2_2001_2003,s2_760_2075,s3_17_37,Passenger Car,s4_48_64,Not Deployed,s2_97_208,s1_below_1,Male,s2_37_80,s3_141_159,s2_164_318,s3_80_160,s2_2_4
676,s2_885_1695,s2_n103_99,s4_n40_7,s1_below_4282,s4_4_5,s5_2007_2009,s2_760_2075,s3_17_37,Passenger Car,s4_48_64,Deployed,s2_97_208,s1_below_1,Female,s2_37_80,s3_141_159,s2_164_318,s3_80_160,s2_2_4
677,s3_1695_2555,s2_n103_99,s4_n40_7,s1_below_4282,s2_2_3,s4_2005_2007,s2_760_2075,s4_37_47,Truck (<=10000 lbs.),s3_28_48,Not Deployed,s2_97_208,s1_below_1,Male,s4_96_114,s4_159_169,s3_318_464,s4_160_220,s4_5_6
678,s3_1695_2555,s2_n103_99,s4_n40_7,s1_below_4282,s4_4_5,s3_2003_2005,s2_760_2075,s4_37_47,Truck (<=6000 lbs.),s2_11_28,Not Deployed,s2_97_208,s1_below_1,Female,s2_37_80,s4_159_169,s2_164_318,s4_160_220,s3_4_5
679,s3_1695_2555,s2_n103_99,s4_n40_7,s1_below_4282,s2_2_3,s4_2005_2007,s2_760_2075,s4_37_47,Truck (<=6000 lbs.),s4_48_64,Not Deployed,s2_97_208,s1_below_1,Male,s5_114_130,s5_169_179,s2_164_318,s3_80_160,s4_5_6
680,s2_885_1695,s2_n103_99,s4_n40_7,s1_below_4282,s1_below_2,s4_2005_2007,s2_760_2075,s3_17_37,Passenger Car,s2_11_28,Deployed,s2_97_208,s1_below_1,Female,s1_below_37,s3_141_159,s2_164_318,s3_80_160,s2_2_4
681,s2_885_1695,s2_n103_99,s4_n40_7,s1_below_4282,s2_2_3,s5_2007_2009,s2_760_2075,s4_37_47,Truck (<=6000 lbs.),s3_28_48,Deployed,s2_97_208,s1_below_1,Female,s2_37_80,s3_141_159,s2_164_318,s4_160_220,s2_2_4
682,s2_885_1695,s2_n103_99,s4_n40_7,s1_below_4282,s3_3_4,s4_2005_2007,s2_760_2075,s4_37_47,Truck (<=6000 lbs.),s3_28_48,Deployed,s2_97_208,s1_below_1,Male,s3_80_96,s3_141_159,s2_164_318,s3_80_160,s2_2_4
683,s2_885_1695,s2_n103_99,s4_n40_7,s1_below_4282,s1_below_2,s2_2001_2003,s2_760_2075,s3_17_37,Passenger Car,s2_11_28,Not Deployed,s2_97_208,s1_below_1,Female,s4_96_114,s3_141_159,s2_164_318,s2_40_80,s2_2_4
684,s2_885_1695,s2_n103_99,s4_n40_7,s1_below_4282,s1_below_2,s2_2001_2003,s2_760_2075,s3_17_37,Passenger Car,s2_11_28,Not Deployed,s2_97_208,s1_below_1,Male,s3_80_96,s3_141_159,s2_164_318,s3_80_160,s2_2_4
685,s2_885_1695,s2_n103_99,s4_n40_7,s1_below_4282,s1_below_2,s4_2005_2007,s2_760_2075,s4_37_47,Passenger Car,s2_11_28,Not Deployed,s2_97_208,s1_below_1,Female,s2_37_80,s3_141_159,s2_164_318,s3_80_160,s2_2_4
686,s3_1695_2555,s2_n103_99,s4_n40_7,s1_below_4282,s3_3_4,s4_2005_2007,s2_760_2075,s4_37_47,Truck (<=10000 lbs.),s4_48_64,Deployed,s2_97_208,s1_below_1,Male,s2_37_80,s4_159_169,s2_164_318,s4_160_220,s3_4_5
687,s3_1695_2555,s2_n103_99,s4_n40_7,s1_below_4282,s3_3_4,s2_2001_2003,s3_2075_3730,s4_37_47,Truck (<=6000 lbs.),s4_48_64,Deployed,s2_97_208,s1_below_1,Male,s5_114_130,s3_141_159,s3_318_464,s3_80_160,s3_4_5
688,s2_885_1695,s2_n103_99,s4_n40_7,s1_below_4282,s2_2_3,s2_2001_2003,s2_760_2075,s4_37_47,Passenger Car,s4_48_64,Deployed,s2_97_208,s1_below_1,Female,s4_96_114,s3_141_159,s2_164_318,s4_160_220,s2_2_4
689,s3_1695_2555,s2_n103_99,s4_n40_7,s1_below_4282,s3_3_4,s5_2007_2009,s3_2075_3730,s4_37_47,Truck (<=10000 lbs.),s3_28_48,Deployed,s2_97_208,s1_below_1,Male,s4_96_114,s5_169_179,s3_318_464,s3_80_160,s4_5_6
690,s3_1695_2555,s2_n103_99,s4_n40_7,s1_below_4282,s3_3_4,s3_2003_2005,s3_2075_3730,s4_37_47,Truck (<=6000 lbs.),s3_28_48,Not Deployed,s2_97_208,s1_below_1,Female,s2_37_80,s5_169_179,s2_164_318,s3_80_160,s4_5_6
691,s3_1695_2555,s2_n103_99,s4_n40_7,s1_below_4282,s1_below_2,s4_2005_2007,s2_760_2075,s3_17_37,Truck (<=10000 lbs.),s4_48_64,Not Deployed,s2_97_208,s1_below_1,Male,s5_114_130,s5_169_179,s3_318_464,s3_80_160,s4_5_6
692,s2_885_1695,s2_n103_99,s4_n40_7,s1_below_4282,s2_2_3,s2_2001_2003,s2_760_2075,s4_37_47,Passenger Car,s2_11_28,Deployed,s2_97_208,s1_below_1,Female,s2_37_80,s3_141_159,s2_164_318,s3_80_160,s2_2_4
693,s3_1695_2555,s2_n103_99,s4_n40_7,s1_below_4282,s5_5_6,s5_2007_2009,s2_760_2075,s5_47_57,Truck (<=10000 lbs.),s3_28_48,Deployed,s2_97_208,s1_below_1,Female,s2_37_80,s4_159_169,s2_164_318,s3_80_160,s3_4_5
694,s2_885_1695,s2_n103_99,s4_n40_7,s1_below_4282,s3_3_4,s4_2005_2007,s3_2075_3730,s3_17_37,Passenger Car,s3_28_48,Not Deployed,s2_97_208,s1_below_1,Female,s3_80_96,s3_141_159,s2_164_318,s3_80_160,s2_2_4
695,s3_1695_2555,s2_n103_99,s4_n40_7,s1_below_4282,s3_3_4,s2_2001_2003,s2_760_2075,s3_17_37,Truck (<=10000 lbs.),s3_28_48,Deployed,s2_97_208,s1_below_1,Male,s3_80_96,s3_141_159,s3_318_464,s3_80_160,s3_4_5
696,s2_885_1695,s2_n103_99,s4_n40_7,s1_below_4282,s2_2_3,s3_2003_2005,s2_760_2075,s3_17_37,Passenger Car,s3_28_48,Deployed,s2_97_208,s1_below_1,Male,s3_80_96,s3_141_159,s2_164_318,s4_160_220,s2_2_4
697,s2_885_1695,s2_n103_99,s4_n40_7,s1_below_4282,s4_4_5,s5_2007_2009,s2_760_2075,s4_37_47,Passenger Car,s2_11_28,Deployed,s2_97_208,s1_below_1,Female,s2_37_80,s3_141_159,s2_164_318,s3_80_160,s2_2_4
698,s2_885_1695,s2_n103_99,s4_n40_7,s1_below_4282,s2_2_3,s2_2001_2003,s2_760_2075,s3_17_37,Passenger Car,s2_11_28,Deployed,s2_97_208,s1_below_1,Female,s2_37_80,s3_141_159,s2_164_318,s4_160_220,s2_2_4
699,s2_885_1695,s2_n103_99,s4_n40_7,s1_below_4282,s6_6_up,s5_2007_2009,s2_760_2075,s3_17_37,Passenger Car,s2_11_28,Not Deployed,s2_97_208,s1_below_1,Male,s2_37_80,s3_141_159,s2_164_318,s4_160_220,s2_2_4
700,s2_885_1695,s2_n103_99,s4_n40_7,s1_below_4282,s6_6_up,s2_2001_2003,s2_760_2075,s3_17_37,Passenger Car,s4_48_64,Not Deployed,s2_97_208,s1_below_1,Female,s2_37_80,s3_141_159,s2_164_318,s3_80_160,s2_2_4
701,s2_885_1695,s2_n103_99,s4_n40_7,s1_below_4282,s1_below_2,s3_2003_2005,s2_760_2075,s3_17_37,Passenger Car,s3_28_48,Deployed,s2_97_208,s2_1_2,Female,s4_96_114,s3_141_159,s2_164_318,s3_80_160,s2_2_4
702,s3_1695_2555,s2_n103_99,s4_n40_7,s1_below_4282,s5_5_6,s4_2005_2007,s2_760_2075,s4_37_47,Truck (<=6000 lbs.),s4_48_64,Deployed,s2_97_208,s3_2_3,Female,s2_37_80,s3_141_159,s2_164_318,s4_160_220,s2_2_4
703,s2_885_1695,s2_n103_99,s4_n40_7,s1_below_4282,s4_4_5,s5_2007_2009,s2_760_2075,s4_37_47,Passenger Car,s3_28_48,Deployed,s2_97_208,s1_below_1,Female,s2_37_80,s3_141_159,s2_164_318,s4_160_220,s2_2_4
704,s2_885_1695,s2_n103_99,s4_n40_7,s1_below_4282,s3_3_4,s4_2005_2007,s2_760_2075,s3_17_37,Truck (<=6000 lbs.),s5_64_76,Not Deployed,s2_97_208,s1_below_1,Male,s3_80_96,s3_141_159,s2_164_318,s3_80_160,s2_2_4
705,s2_885_1695,s2_n103_99,s4_n40_7,s1_below_4282,s3_3_4,s5_2007_2009,s2_760_2075,s3_17_37,Passenger Car,s2_11_28,Not Deployed,s2_97_208,s1_below_1,Female,s2_37_80,s3_141_159,s2_164_318,s4_160_220,s2_2_4
706,s2_885_1695,s2_n103_99,s4_n40_7,s1_below_4282,s2_2_3,s4_2005_2007,s2_760_2075,s4_37_47,Passenger Car,s3_28_48,Deployed,s2_97_208,s1_below_1,Female,s2_37_80,s3_141_159,s2_164_318,s3_80_160,s2_2_4
707,s2_885_1695,s2_n103_99,s4_n40_7,s1_below_4282,s2_2_3,s5_2007_2009,s2_760_2075,s6_57_up,Passenger Car,s4_48_64,Deployed,s2_97_208,s1_below_1,Male,s2_37_80,s3_141_159,s2_164_318,s3_80_160,s2_2_4
708,s2_885_1695,s2_n103_99,s4_n40_7,s1_below_4282,s5_5_6,s2_2001_2003,s2_760_2075,s4_37_47,Passenger Car,s2_11_28,Deployed,s2_97_208,s1_below_1,Male,s4_96_114,s3_141_159,s2_164_318,s3_80_160,s2_2_4
709,s2_885_1695,s2_n103_99,s4_n40_7,s1_below_4282,s5_5_6,s4_2005_2007,s2_760_2075,s4_37_47,Passenger Car,s2_11_28,Deployed,s2_97_208,s1_below_1,Female,s2_37_80,s3_141_159,s2_164_318,s3_80_160,s2_2_4
710,s3_1695_2555,s2_n103_99,s4_n40_7,s1_below_4282,s3_3_4,s4_2005_2007,s2_760_2075,s3_17_37,Truck (<=6000 lbs.),s3_28_48,Deployed,s2_97_208,s1_below_1,Female,s2_37_80,s3_141_159,s2_164_318,s3_80_160,s2_2_4
711,s2_885_1695,s2_n103_99,s4_n40_7,s1_below_4282,s2_2_3,s4_2005_2007,s2_760_2075,s4_37_47,Passenger Car,s4_48_64,Not Deployed,s2_97_208,s1_below_1,Female,s2_37_80,s3_141_159,s2_164_318,s3_80_160,s2_2_4
712,s2_885_1695,s2_n103_99,s3_n81_n40,s1_below_4282,s1_below_2,s2_2001_2003,s2_760_2075,s5_47_57,Passenger Car,s2_11_28,Deployed,s2_97_208,s2_1_2,Male,s5_114_130,s3_141_159,s2_164_318,s3_80_160,s2_2_4
713,s2_885_1695,s2_n103_99,s4_n40_7,s1_below_4282,s2_2_3,s3_2003_2005,s2_760_2075,s4_37_47,Truck (<=6000 lbs.),s4_48_64,Not Deployed,s2_97_208,s1_below_1,Female,s2_37_80,s3_141_159,s3_318_464,s3_80_160,s2_2_4
714,s2_885_1695,s2_n103_99,s4_n40_7,s1_below_4282,s2_2_3,s4_2005_2007,s2_760_2075,s5_47_57,Passenger Car,s2_11_28,Deployed,s2_97_208,s1_below_1,Male,s4_96_114,s3_141_159,s2_164_318,s3_80_160,s2_2_4
715,s2_885_1695,s2_n103_99,s4_n40_7,s1_below_4282,s1_below_2,s4_2005_2007,s2_760_2075,s3_17_37,Passenger Car,s2_11_28,Not Deployed,s2_97_208,s1_below_1,Female,s2_37_80,s3_141_159,s2_164_318,s3_80_160,s2_2_4
716,s3_1695_2555,s2_n103_99,s3_n81_n40,s1_below_4282,s3_3_4,s3_2003_2005,s2_760_2075,s4_37_47,Truck (<=6000 lbs.),s2_11_28,Deployed,s2_97_208,s1_below_1,Female,s2_37_80,s3_141_159,s2_164_318,s3_80_160,s2_2_4
717,s2_885_1695,s2_n103_99,s4_n40_7,s1_below_4282,s4_4_5,s5_2007_2009,s2_760_2075,s4_37_47,Passenger Car,s3_28_48,Deployed,s2_97_208,s4_3_4,Male,s4_96_114,s3_141_159,s2_164_318,s2_40_80,s2_2_4
718,s3_1695_2555,s2_n103_99,s4_n40_7,s1_below_4282,s4_4_5,s3_2003_2005,s2_760_2075,s3_17_37,Truck (<=6000 lbs.),s5_64_76,Deployed,s2_97_208,s1_below_1,Male,s3_80_96,s4_159_169,s2_164_318,s3_80_160,s3_4_5
719,s2_885_1695,s2_n103_99,s4_n40_7,s1_below_4282,s2_2_3,s4_2005_2007,s2_760_2075,s3_17_37,Passenger Car,s2_11_28,Not Deployed,s2_97_208,s1_below_1,Male,s5_114_130,s3_141_159,s2_164_318,s4_160_220,s2_2_4
720,s2_885_1695,s2_n103_99,s5_7_up,s1_below_4282,s2_2_3,s4_2005_2007,s2_760_2075,s3_17_37,Passenger Car,s2_11_28,Not Deployed,s2_97_208,s1_below_1,Male,s2_37_80,s3_141_159,s2_164_318,s6_260_up,s2_2_4
721,s2_885_1695,s2_n103_99,s4_n40_7,s1_below_4282,s3_3_4,s2_2001_2003,s2_760_2075,s3_17_37,Passenger Car,s4_48_64,Not Deployed,s2_97_208,s1_below_1,Male,s3_80_96,s3_141_159,s2_164_318,s2_40_80,s2_2_4
722,s2_885_1695,s2_n103_99,s4_n40_7,s1_below_4282,s1_below_2,s3_2003_2005,s2_760_2075,s5_47_57,Passenger Car,s4_48_64,Not Deployed,s2_97_208,s1_below_1,Female,s2_37_80,s3_141_159,s2_164_318,s2_40_80,s2_2_4
723,s2_885_1695,s2_n103_99,s4_n40_7,s1_below_4282,s1_below_2,s4_2005_2007,s2_760_2075,s4_37_47,Passenger Car,s4_48_64,Not Deployed,s2_97_208,s4_3_4,Female,s2_37_80,s3_141_159,s2_164_318,s2_40_80,s2_2_4
724,s2_885_1695,s2_n103_99,s4_n40_7,s1_below_4282,s3_3_4,s2_2001_2003,s2_760_2075,s4_37_47,Passenger Car,s3_28_48,Deployed,s2_97_208,s3_2_3,Male,s2_37_80,s3_141_159,s2_164_318,s4_160_220,s2_2_4
725,s2_885_1695,s2_n103_99,s4_n40_7,s1_below_4282,s1_below_2,s4_2005_2007,s2_760_2075,s4_37_47,Passenger Car,s2_11_28,Deployed,s2_97_208,s1_below_1,Male,s3_80_96,s3_141_159,s2_164_318,s3_80_160,s2_2_4
726,s2_885_1695,s2_n103_99,s5_7_up,s1_below_4282,s1_below_2,s4_2005_2007,s2_760_2075,s4_37_47,Passenger Car,s3_28_48,Not Deployed,s2_97_208,s1_below_1,Male,s3_80_96,s3_141_159,s2_164_318,s6_260_up,s2_2_4
727,s2_885_1695,s2_n103_99,s4_n40_7,s1_below_4282,s1_below_2,s3_2003_2005,s2_760_2075,s3_17_37,Passenger Car,s3_28_48,Deployed,s2_97_208,s1_below_1,Male,s3_80_96,s3_141_159,s2_164_318,s3_80_160,s2_2_4
728,s3_1695_2555,s2_n103_99,s4_n40_7,s1_below_4282,s3_3_4,s4_2005_2007,s3_2075_3730,s3_17_37,Truck (<=6000 lbs.),s3_28_48,Not Deployed,s2_97_208,s1_below_1,Female,s3_80_96,s5_169_179,s2_164_318,s4_160_220,s2_2_4
729,s2_885_1695,s2_n103_99,s4_n40_7,s1_below_4282,s2_2_3,s3_2003_2005,s2_760_2075,s4_37_47,Passenger Car,s2_11_28,Not Deployed,s2_97_208,s1_below_1,Female,s2_37_80,s3_141_159,s2_164_318,s3_80_160,s2_2_4
730,s2_885_1695,s2_n103_99,s4_n40_7,s1_below_4282,s2_2_3,s2_2001_2003,s2_760_2075,s4_37_47,Passenger Car,s2_11_28,Deployed,s2_97_208,s4_3_4,Female,s2_37_80,s3_141_159,s2_164_318,s4_160_220,s2_2_4
731,s2_885_1695,s2_n103_99,s3_n81_n40,s1_below_4282,s1_below_2,s5_2007_2009,s2_760_2075,s4_37_47,Passenger Car,s2_11_28,Deployed,s2_97_208,s1_below_1,Female,s2_37_80,s3_141_159,s2_164_318,s3_80_160,s2_2_4
732,s2_885_1695,s2_n103_99,s4_n40_7,s1_below_4282,s1_below_2,s3_2003_2005,s2_760_2075,s4_37_47,Passenger Car,s2_11_28,Deployed,s2_97_208,s1_below_1,Female,s2_37_80,s3_141_159,s2_164_318,s3_80_160,s2_2_4
733,s2_885_1695,s2_n103_99,s4_n40_7,s1_below_4282,s3_3_4,s3_2003_2005,s2_760_2075,s4_37_47,Truck (<=6000 lbs.),s2_11_28,Not Deployed,s2_97_208,s1_below_1,Male,s3_80_96,s3_141_159,s2_164_318,s5_220_260,s2_2_4
734,s3_1695_2555,s2_n103_99,s5_7_up,s1_below_4282,s3_3_4,s3_2003_2005,s2_760_2075,s3_17_37,Truck (<=6000 lbs.),s5_64_76,Not Deployed,s2_97_208,s1_below_1,Female,s2_37_80,s3_141_159,s2_164_318,s4_160_220,s2_2_4
735,s2_885_1695,s2_n103_99,s3_n81_n40,s1_below_4282,s1_below_2,s2_2001_2003,s2_760_2075,s3_17_37,Passenger Car,s3_28_48,Deployed,s2_97_208,s2_1_2,Male,s3_80_96,s3_141_159,s2_164_318,s3_80_160,s2_2_4
736,s2_885_1695,s2_n103_99,s4_n40_7,s1_below_4282,s1_below_2,s2_2001_2003,s2_760_2075,s4_37_47,Passenger Car,s4_48_64,Deployed,s2_97_208,s2_1_2,Female,s4_96_114,s3_141_159,s2_164_318,s3_80_160,s2_2_4
737,s2_885_1695,s2_n103_99,s4_n40_7,s1_below_4282,s1_below_2,s2_2001_2003,s3_2075_3730,s3_17_37,Passenger Car,s5_64_76,Not Deployed,s2_97_208,s3_2_3,Female,s2_37_80,s3_141_159,s2_164_318,s2_40_80,s2_2_4
738,s2_885_1695,s2_n103_99,s5_7_up,s1_below_4282,s1_below_2,s4_2005_2007,s2_760_2075,s4_37_47,Truck (<=6000 lbs.),s2_11_28,Not Deployed,s2_97_208,s2_1_2,Male,s3_80_96,s3_141_159,s2_164_318,s6_260_up,s2_2_4
739,s2_885_1695,s2_n103_99,s4_n40_7,s1_below_4282,s1_below_2,s5_2007_2009,s2_760_2075,s3_17_37,Passenger Car,s6_76_up,Deployed,s2_97_208,s1_below_1,Male,s2_37_80,s3_141_159,s2_164_318,s3_80_160,s2_2_4
740,s2_885_1695,s2_n103_99,s4_n40_7,s1_below_4282,s1_below_2,s3_2003_2005,s2_760_2075,s6_57_up,Truck (<=6000 lbs.),s4_48_64,Deployed,s2_97_208,s2_1_2,Male,s4_96_114,s3_141_159,s2_164_318,s3_80_160,s2_2_4
741,s2_885_1695,s2_n103_99,s5_7_up,s1_below_4282,s1_below_2,s4_2005_2007,s2_760_2075,s6_57_up,Passenger Car,s5_64_76,Deployed,s2_97_208,s2_1_2,Male,s2_37_80,s3_141_159,s2_164_318,s6_260_up,s2_2_4
742,s2_885_1695,s2_n103_99,s4_n40_7,s1_below_4282,s3_3_4,s4_2005_2007,s1_below_760,s5_47_57,Passenger Car,s3_28_48,Deployed,s2_97_208,s1_below_1,Male,s3_80_96,s3_141_159,s2_164_318,s3_80_160,s2_2_4
743,s2_885_1695,s2_n103_99,s4_n40_7,s1_below_4282,s2_2_3,s2_2001_2003,s2_760_2075,s3_17_37,Passenger Car,s6_76_up,Not Deployed,s2_97_208,s3_2_3,Female,s2_37_80,s3_141_159,s2_164_318,s2_40_80,s2_2_4
744,s3_1695_2555,s2_n103_99,s4_n40_7,s1_below_4282,s1_below_2,s5_2007_2009,s2_760_2075,s3_17_37,Truck (<=6000 lbs.),s3_28_48,Not Deployed,s2_97_208,s1_below_1,Female,s2_37_80,s4_159_169,s2_164_318,s3_80_160,s2_2_4
745,s2_885_1695,s2_n103_99,s3_n81_n40,s1_below_4282,s2_2_3,s4_2005_2007,s3_2075_3730,s4_37_47,Passenger Car,s2_11_28,Deployed,s2_97_208,s3_2_3,Female,s4_96_114,s3_141_159,s2_164_318,s2_40_80,s2_2_4
746,s2_885_1695,s2_n103_99,s4_n40_7,s1_below_4282,s4_4_5,s4_2005_2007,s2_760_2075,s3_17_37,Passenger Car,s3_28_48,Deployed,s2_97_208,s1_below_1,Female,s2_37_80,s3_141_159,s2_164_318,s3_80_160,s2_2_4
747,s2_885_1695,s2_n103_99,s5_7_up,s1_below_4282,s4_4_5,s5_2007_2009,s2_760_2075,s4_37_47,Passenger Car,s4_48_64,Not Deployed,s2_97_208,s4_3_4,Male,s3_80_96,s3_141_159,s2_164_318,s6_260_up,s2_2_4
748,s2_885_1695,s2_n103_99,s4_n40_7,s1_below_4282,s4_4_5,s5_2007_2009,s2_760_2075,s4_37_47,Passenger Car,s2_11_28,Deployed,s2_97_208,s2_1_2,Female,s3_80_96,s3_141_159,s2_164_318,s3_80_160,s2_2_4
749,s2_885_1695,s2_n103_99,s3_n81_n40,s1_below_4282,s1_below_2,s3_2003_2005,s3_2075_3730,s3_17_37,Passenger Car,s2_11_28,Deployed,s2_97_208,s1_below_1,Female,s2_37_80,s3_141_159,s2_164_318,s3_80_160,s2_2_4
750,s2_885_1695,s2_n103_99,s4_n40_7,s1_below_4282,s1_below_2,s2_2001_2003,s2_760_2075,s3_17_37,Passenger Car,s2_11_28,Not Deployed,s2_97_208,s1_below_1,Female,s3_80_96,s3_141_159,s2_164_318,s4_160_220,s2_2_4
751,s2_885_1695,s2_n103_99,s4_n40_7,s1_below_4282,s1_below_2,s3_2003_2005,s2_760_2075,s4_37_47,Passenger Car,s3_28_48,Not Deployed,s2_97_208,s1_below_1,Male,s2_37_80,s3_141_159,s2_164_318,s3_80_160,s2_2_4
752,s2_885_1695,s2_n103_99,s4_n40_7,s1_below_4282,s1_below_2,s4_2005_2007,s2_760_2075,s5_47_57,Passenger Car,s2_11_28,Not Deployed,s2_97_208,s1_below_1,Female,s2_37_80,s3_141_159,s2_164_318,s2_40_80,s2_2_4
753,s3_1695_2555,s2_n103_99,s4_n40_7,s1_below_4282,s2_2_3,s3_2003_2005,s2_760_2075,s5_47_57,Truck (<=6000 lbs.),s3_28_48,Deployed,s2_97_208,s1_below_1,Male,s2_37_80,s4_159_169,s2_164_318,s3_80_160,s2_2_4
754,s3_1695_2555,s2_n103_99,s4_n40_7,s1_below_4282,s2_2_3,s3_2003_2005,s2_760_2075,s4_37_47,Passenger Car,s5_64_76,Not Deployed,s2_97_208,s1_below_1,Female,s3_80_96,s3_141_159,s2_164_318,s4_160_220,s2_2_4
755,s2_885_1695,s2_n103_99,s4_n40_7,s1_below_4282,s5_5_6,s5_2007_2009,s2_760_2075,s4_37_47,Truck (<=6000 lbs.),s4_48_64,Deployed,s2_97_208,s1_below_1,Female,s5_114_130,s4_159_169,s2_164_318,s3_80_160,s2_2_4
756,s2_885_1695,s2_n103_99,s4_n40_7,s1_below_4282,s4_4_5,s3_2003_2005,s2_760_2075,s5_47_57,Truck (<=6000 lbs.),s3_28_48,Deployed,s2_97_208,s1_below_1,Female,s2_37_80,s3_141_159,s2_164_318,s3_80_160,s2_2_4
757,s3_1695_2555,s2_n103_99,s4_n40_7,s1_below_4282,s4_4_5,s2_2001_2003,s2_760_2075,s5_47_57,Passenger Car,s4_48_64,Not Deployed,s2_97_208,s3_2_3,Male,s2_37_80,s3_141_159,s2_164_318,s4_160_220,s2_2_4
758,s3_1695_2555,s2_n103_99,s4_n40_7,s1_below_4282,s4_4_5,s3_2003_2005,s2_760_2075,s4_37_47,Truck (<=6000 lbs.),s3_28_48,Deployed,s2_97_208,s3_2_3,Male,s3_80_96,s3_141_159,s2_164_318,s3_80_160,s2_2_4
759,s2_885_1695,s2_n103_99,s4_n40_7,s1_below_4282,s4_4_5,s5_2007_2009,s3_2075_3730,s4_37_47,Truck (<=6000 lbs.),s4_48_64,Deployed,s2_97_208,s2_1_2,Female,s2_37_80,s3_141_159,s2_164_318,s4_160_220,s2_2_4
760,s2_885_1695,s2_n103_99,s4_n40_7,s1_below_4282,s5_5_6,s4_2005_2007,s3_2075_3730,s4_37_47,Passenger Car,s3_28_48,Deployed,s2_97_208,s1_below_1,Female,s2_37_80,s3_141_159,s2_164_318,s3_80_160,s2_2_4
761,s3_1695_2555,s2_n103_99,s4_n40_7,s1_below_4282,s5_5_6,s4_2005_2007,s2_760_2075,s4_37_47,Truck (<=10000 lbs.),s3_28_48,Not Deployed,s2_97_208,s1_below_1,Female,s2_37_80,s5_169_179,s3_318_464,s3_80_160,s4_5_6
762,s2_885_1695,s2_n103_99,s4_n40_7,s1_below_4282,s1_below_2,s3_2003_2005,s2_760_2075,s3_17_37,Passenger Car,s2_11_28,Deployed,s2_97_208,s2_1_2,Male,s2_37_80,s3_141_159,s2_164_318,s4_160_220,s2_2_4
763,s3_1695_2555,s2_n103_99,s3_n81_n40,s1_below_4282,s1_below_2,s3_2003_2005,s2_760_2075,s4_37_47,Truck (<=6000 lbs.),s4_48_64,Deployed,s2_97_208,s3_2_3,Male,s4_96_114,s3_141_159,s3_318_464,s3_80_160,s3_4_5
764,s2_885_1695,s2_n103_99,s4_n40_7,s1_below_4282,s1_below_2,s5_2007_2009,s2_760_2075,s4_37_47,Truck (<=6000 lbs.),s3_28_48,Deployed,s2_97_208,s1_below_1,Female,s2_37_80,s3_141_159,s2_164_318,s3_80_160,s2_2_4
765,s2_885_1695,s2_n103_99,s4_n40_7,s1_below_4282,s2_2_3,s4_2005_2007,s2_760_2075,s4_37_47,Truck (<=6000 lbs.),s3_28_48,Deployed,s2_97_208,s1_below_1,Male,s2_37_80,s3_141_159,s3_318_464,s3_80_160,s2_2_4
766,s2_885_1695,s2_n103_99,s4_n40_7,s1_below_4282,s4_4_5,s5_2007_2009,s2_760_2075,s4_37_47,Passenger Car,s2_11_28,Deployed,s2_97_208,s2_1_2,Male,s3_80_96,s3_141_159,s2_164_318,s4_160_220,s2_2_4
767,s3_1695_2555,s2_n103_99,s4_n40_7,s1_below_4282,s3_3_4,s4_2005_2007,s2_760_2075,s4_37_47,Truck (<=10000 lbs.),s4_48_64,Deployed,s2_97_208,s1_below_1,Female,s6_130_up,s5_169_179,s3_318_464,s3_80_160,s5_6_7
768,s2_885_1695,s2_n103_99,s4_n40_7,s1_below_4282,s1_below_2,s4_2005_2007,s2_760_2075,s3_17_37,Truck (<=6000 lbs.),s6_76_up,Deployed,s2_97_208,s1_below_1,Male,s4_96_114,s3_141_159,s2_164_318,s2_40_80,s2_2_4
769,s2_885_1695,s2_n103_99,s4_n40_7,s1_below_4282,s3_3_4,s2_2001_2003,s2_760_2075,s4_37_47,Passenger Car,s4_48_64,Not Deployed,s2_97_208,s1_below_1,Female,s3_80_96,s3_141_159,s2_164_318,s4_160_220,s2_2_4
770,s2_885_1695,s2_n103_99,s5_7_up,s1_below_4282,s2_2_3,s2_2001_2003,s2_760_2075,s5_47_57,Passenger Car,s2_11_28,Not Deployed,s2_97_208,s1_below_1,Female,s2_37_80,s3_141_159,s2_164_318,s6_260_up,s2_2_4
771,s3_1695_2555,s2_n103_99,s4_n40_7,s1_below_4282,s1_below_2,s2_2001_2003,s2_760_2075,s4_37_47,Truck (<=6000 lbs.),s3_28_48,Deployed,s2_97_208,s1_below_1,Male,s3_80_96,s3_141_159,s2_164_318,s3_80_160,s2_2_4
772,s3_1695_2555,s2_n103_99,s4_n40_7,s1_below_4282,s4_4_5,s2_2001_2003,s2_760_2075,s4_37_47,Truck (<=6000 lbs.),s2_11_28,Not Deployed,s2_97_208,s1_below_1,Female,s2_37_80,s3_141_159,s2_164_318,s3_80_160,s2_2_4
773,s2_885_1695,s2_n103_99,s4_n40_7,s1_below_4282,s2_2_3,s3_2003_2005,s2_760_2075,s3_17_37,Passenger Car,s2_11_28,Deployed,s2_97_208,s1_below_1,Male,s4_96_114,s3_141_159,s2_164_318,s3_80_160,s2_2_4
774,s2_885_1695,s2_n103_99,s4_n40_7,s1_below_4282,s5_5_6,s2_2001_2003,s2_760_2075,s5_47_57,Passenger Car,s2_11_28,Deployed,s2_97_208,s1_below_1,Male,s3_80_96,s3_141_159,s2_164_318,s3_80_160,s2_2_4
775,s3_1695_2555,s2_n103_99,s4_n40_7,s1_below_4282,s2_2_3,s4_2005_2007,s2_760_2075,s5_47_57,Truck (<=6000 lbs.),s4_48_64,Not Deployed,s2_97_208,s1_below_1,Female,s2_37_80,s3_141_159,s2_164_318,s2_40_80,s2_2_4
776,s3_1695_2555,s2_n103_99,s4_n40_7,s1_below_4282,s3_3_4,s2_2001_2003,s2_760_2075,s5_47_57,Truck (<=6000 lbs.),s6_76_up,Deployed,s2_97_208,s3_2_3,Male,s3_80_96,s3_141_159,s2_164_318,s4_160_220,s2_2_4
777,s2_885_1695,s2_n103_99,s4_n40_7,s1_below_4282,s2_2_3,s3_2003_2005,s2_760_2075,s5_47_57,Passenger Car,s2_11_28,Deployed,s2_97_208,s1_below_1,Male,s2_37_80,s3_141_159,s2_164_318,s3_80_160,s2_2_4
778,s3_1695_2555,s2_n103_99,s4_n40_7,s1_below_4282,s4_4_5,s2_2001_2003,s2_760_2075,s3_17_37,Truck (<=6000 lbs.),s2_11_28,Not Deployed,s2_97_208,s1_below_1,Female,s2_37_80,s3_141_159,s3_318_464,s4_160_220,s2_2_4
779,s3_1695_2555,s2_n103_99,s4_n40_7,s1_below_4282,s5_5_6,s4_2005_2007,s2_760_2075,s4_37_47,Truck (<=6000 lbs.),s3_28_48,Deployed,s2_97_208,s2_1_2,Male,s4_96_114,s3_141_159,s3_318_464,s3_80_160,s3_4_5
780,s2_885_1695,s2_n103_99,s4_n40_7,s1_below_4282,s1_below_2,s4_2005_2007,s2_760_2075,s5_47_57,Passenger Car,s5_64_76,Not Deployed,s2_97_208,s1_below_1,Female,s2_37_80,s3_141_159,s2_164_318,s2_40_80,s2_2_4
781,s2_885_1695,s2_n103_99,s4_n40_7,s1_below_4282,s2_2_3,s2_2001_2003,s2_760_2075,s4_37_47,Passenger Car,s2_11_28,Deployed,s2_97_208,s1_below_1,Female,s4_96_114,s3_141_159,s2_164_318,s3_80_160,s2_2_4
782,s2_885_1695,s2_n103_99,s4_n40_7,s1_below_4282,s2_2_3,s3_2003_2005,s2_760_2075,s4_37_47,Passenger Car,s5_64_76,Not Deployed,s2_97_208,s1_below_1,Male,s2_37_80,s3_141_159,s2_164_318,s3_80_160,s2_2_4
783,s2_885_1695,s2_n103_99,s4_n40_7,s1_below_4282,s1_below_2,s3_2003_2005,s2_760_2075,s5_47_57,Passenger Car,s4_48_64,Deployed,s2_97_208,s2_1_2,Female,s2_37_80,s3_141_159,s2_164_318,s4_160_220,s2_2_4
784,s3_1695_2555,s2_n103_99,s4_n40_7,s1_below_4282,s2_2_3,s4_2005_2007,s2_760_2075,s4_37_47,Truck (<=6000 lbs.),s2_11_28,Not Deployed,s2_97_208,s1_below_1,Female,s2_37_80,s3_141_159,s2_164_318,s4_160_220,s2_2_4
785,s2_885_1695,s2_n103_99,s4_n40_7,s1_below_4282,s3_3_4,s4_2005_2007,s3_2075_3730,s6_57_up,Passenger Car,s4_48_64,Deployed,s2_97_208,s1_below_1,Female,s2_37_80,s3_141_159,s2_164_318,s3_80_160,s2_2_4
786,s2_885_1695,s2_n103_99,s4_n40_7,s1_below_4282,s1_below_2,s2_2001_2003,s2_760_2075,s4_37_47,Passenger Car,s2_11_28,Not Deployed,s2_97_208,s2_1_2,Male,s3_80_96,s3_141_159,s2_164_318,s3_80_160,s2_2_4
787,s2_885_1695,s2_n103_99,s4_n40_7,s1_below_4282,s2_2_3,s4_2005_2007,s2_760_2075,s4_37_47,Passenger Car,s4_48_64,Not Deployed,s2_97_208,s1_below_1,Female,s2_37_80,s3_141_159,s2_164_318,s3_80_160,s2_2_4
788,s3_1695_2555,s2_n103_99,s4_n40_7,s1_below_4282,s2_2_3,s4_2005_2007,s2_760_2075,s5_47_57,Passenger Car,s4_48_64,Not Deployed,s2_97_208,s1_below_1,Female,s2_37_80,s3_141_159,s2_164_318,s3_80_160,s2_2_4
789,s3_1695_2555,s2_n103_99,s5_7_up,s1_below_4282,s2_2_3,s3_2003_2005,s2_760_2075,s5_47_57,Truck (<=6000 lbs.),s4_48_64,Not Deployed,s2_97_208,s1_below_1,Female,s2_37_80,s4_159_169,s2_164_318,s6_260_up,s3_4_5
790,s3_1695_2555,s2_n103_99,s4_n40_7,s1_below_4282,s3_3_4,s2_2001_2003,s2_760_2075,s5_47_57,Truck (<=6000 lbs.),s4_48_64,Not Deployed,s2_97_208,s1_below_1,Male,s2_37_80,s3_141_159,s2_164_318,s3_80_160,s2_2_4
791,s2_885_1695,s2_n103_99,s5_7_up,s1_below_4282,s3_3_4,s4_2005_2007,s2_760_2075,s5_47_57,Passenger Car,s2_11_28,Not Deployed,s2_97_208,s1_below_1,Female,s2_37_80,s3_141_159,s2_164_318,s6_260_up,s2_2_4
792,s2_885_1695,s2_n103_99,s4_n40_7,s1_below_4282,s1_below_2,s2_2001_2003,s2_760_2075,s3_17_37,Truck (<=6000 lbs.),s2_11_28,Not Deployed,s2_97_208,s1_below_1,Male,s2_37_80,s3_141_159,s2_164_318,s3_80_160,s2_2_4
793,s2_885_1695,s2_n103_99,s4_n40_7,s1_below_4282,s3_3_4,s5_2007_2009,s2_760_2075,s3_17_37,Passenger Car,s2_11_28,Not Deployed,s2_97_208,s1_below_1,Female,s2_37_80,s3_141_159,s2_164_318,s5_220_260,s2_2_4
794,s2_885_1695,s2_n103_99,s4_n40_7,s1_below_4282,s3_3_4,s4_2005_2007,s2_760_2075,s4_37_47,Passenger Car,s2_11_28,Not Deployed,s2_97_208,s1_below_1,Female,s2_37_80,s3_141_159,s2_164_318,s3_80_160,s2_2_4
795,s3_1695_2555,s2_n103_99,s4_n40_7,s1_below_4282,s3_3_4,s2_2001_2003,s2_760_2075,s5_47_57,Truck (<=10000 lbs.),s4_48_64,Deployed,s2_97_208,s1_below_1,Male,s2_37_80,s4_159_169,s3_318_464,s3_80_160,s4_5_6
796,s2_885_1695,s2_n103_99,s4_n40_7,s1_below_4282,s2_2_3,s3_2003_2005,s2_760_2075,s3_17_37,Passenger Car,s2_11_28,Not Deployed,s2_97_208,s1_below_1,Male,s3_80_96,s3_141_159,s2_164_318,s3_80_160,s2_2_4
797,s3_1695_2555,s2_n103_99,s4_n40_7,s1_below_4282,s1_below_2,s4_2005_2007,s2_760_2075,s3_17_37,Truck (<=10000 lbs.),s3_28_48,Not Deployed,s2_97_208,s1_below_1,Male,s3_80_96,s5_169_179,s2_164_318,s3_80_160,s3_4_5
798,s4_2555_3715,s2_n103_99,s4_n40_7,s1_below_4282,s2_2_3,s5_2007_2009,s2_760_2075,s3_17_37,Truck (<=10000 lbs.),s4_48_64,Not Deployed,s2_97_208,s1_below_1,Male,s3_80_96,s5_169_179,s3_318_464,s2_40_80,s5_6_7
799,s3_1695_2555,s2_n103_99,s4_n40_7,s1_below_4282,s1_below_2,s4_2005_2007,s3_2075_3730,s3_17_37,Truck (<=6000 lbs.),s2_11_28,Not Deployed,s2_97_208,s1_below_1,Female,s2_37_80,s3_141_159,s2_164_318,s3_80_160,s2_2_4
800,s2_885_1695,s2_n103_99,s5_7_up,s1_below_4282,s3_3_4,s2_2001_2003,s2_760_2075,s5_47_57,Passenger Car,s2_11_28,Not Deployed,s2_97_208,s1_below_1,Male,s2_37_80,s3_141_159,s2_164_318,s6_260_up,s2_2_4
801,s3_1695_2555,s2_n103_99,s4_n40_7,s1_below_4282,s3_3_4,s3_2003_2005,s2_760_2075,s3_17_37,Truck (<=6000 lbs.),s2_11_28,Not Deployed,s2_97_208,s1_below_1,Male,s2_37_80,s3_141_159,s2_164_318,s3_80_160,s2_2_4
802,s3_1695_2555,s2_n103_99,s4_n40_7,s1_below_4282,s2_2_3,s2_2001_2003,s2_760_2075,s5_47_57,Truck (<=6000 lbs.),s2_11_28,Not Deployed,s2_97_208,s1_below_1,Male,s2_37_80,s3_141_159,s3_318_464,s5_220_260,s3_4_5
803,s3_1695_2555,s2_n103_99,s4_n40_7,s1_below_4282,s4_4_5,s2_2001_2003,s3_2075_3730,s4_37_47,Truck (<=6000 lbs.),s4_48_64,Deployed,s2_97_208,s1_below_1,Female,s2_37_80,s3_141_159,s2_164_318,s3_80_160,s2_2_4
804,s2_885_1695,s2_n103_99,s4_n40_7,s1_below_4282,s3_3_4,s4_2005_2007,s2_760_2075,s4_37_47,Passenger Car,s4_48_64,Not Deployed,s2_97_208,s2_1_2,Male,s6_130_up,s3_141_159,s2_164_318,s3_80_160,s2_2_4
805,s2_885_1695,s2_n103_99,s4_n40_7,s1_below_4282,s3_3_4,s4_2005_2007,s2_760_2075,s4_37_47,Passenger Car,s2_11_28,Deployed,s2_97_208,s1_below_1,Male,s2_37_80,s3_141_159,s2_164_318,s4_160_220,s2_2_4
806,s2_885_1695,s2_n103_99,s4_n40_7,s1_below_4282,s3_3_4,s2_2001_2003,s2_760_2075,s4_37_47,Truck (<=6000 lbs.),s4_48_64,Deployed,s2_97_208,s2_1_2,Male,s2_37_80,s2_116_141,s2_164_318,s3_80_160,s2_2_4
807,s3_1695_2555,s2_n103_99,s4_n40_7,s1_below_4282,s1_below_2,s4_2005_2007,s2_760_2075,s5_47_57,Truck (<=6000 lbs.),s3_28_48,Deployed,s2_97_208,s1_below_1,Female,s4_96_114,s4_159_169,s2_164_318,s2_40_80,s2_2_4
808,s2_885_1695,s2_n103_99,s4_n40_7,s1_below_4282,s1_below_2,s2_2001_2003,s3_2075_3730,s5_47_57,Passenger Car,s5_64_76,Not Deployed,s2_97_208,s1_below_1,Female,s2_37_80,s3_141_159,s2_164_318,s2_40_80,s2_2_4
809,s2_885_1695,s2_n103_99,s4_n40_7,s1_below_4282,s3_3_4,s2_2001_2003,s2_760_2075,s4_37_47,Passenger Car,s4_48_64,Deployed,s2_97_208,s2_1_2,Female,s2_37_80,s3_141_159,s2_164_318,s3_80_160,s2_2_4
810,s2_885_1695,s2_n103_99,s5_7_up,s1_below_4282,s3_3_4,s4_2005_2007,s2_760_2075,s4_37_47,Passenger Car,s2_11_28,Not Deployed,s2_97_208,s1_below_1,Female,s2_37_80,s4_159_169,s2_164_318,s6_260_up,s2_2_4
811,s3_1695_2555,s2_n103_99,s4_n40_7,s1_below_4282,s1_below_2,s3_2003_2005,s3_2075_3730,s3_17_37,Truck (<=10000 lbs.),s2_11_28,Not Deployed,s2_97_208,s1_below_1,Female,s2_37_80,s3_141_159,s2_164_318,s4_160_220,s2_2_4
812,s3_1695_2555,s2_n103_99,s4_n40_7,s1_below_4282,s2_2_3,s2_2001_2003,s3_2075_3730,s3_17_37,Truck (<=10000 lbs.),s4_48_64,Not Deployed,s2_97_208,s1_below_1,Male,s3_80_96,s4_159_169,s3_318_464,s3_80_160,s4_5_6
813,s2_885_1695,s2_n103_99,s4_n40_7,s1_below_4282,s1_below_2,s4_2005_2007,s3_2075_3730,s4_37_47,Passenger Car,s3_28_48,Deployed,s2_97_208,s1_below_1,Male,s6_130_up,s3_141_159,s2_164_318,s3_80_160,s2_2_4
814,s4_2555_3715,s2_n103_99,s4_n40_7,s1_below_4282,s1_below_2,s3_2003_2005,s2_760_2075,s4_37_47,Truck (<=10000 lbs.),s4_48_64,Not Deployed,s2_97_208,s1_below_1,Female,s2_37_80,s4_159_169,s2_164_318,s2_40_80,s3_4_5
815,s2_885_1695,s2_n103_99,s3_n81_n40,s1_below_4282,s1_below_2,s4_2005_2007,s2_760_2075,s3_17_37,Passenger Car,s4_48_64,Deployed,s2_97_208,s2_1_2,Female,s4_96_114,s3_141_159,s2_164_318,s3_80_160,s2_2_4
816,s2_885_1695,s2_n103_99,s4_n40_7,s1_below_4282,s1_below_2,s5_2007_2009,s2_760_2075,s3_17_37,Passenger Car,s2_11_28,Not Deployed,s2_97_208,s1_below_1,Female,s2_37_80,s3_141_159,s2_164_318,s3_80_160,s2_2_4
817,s3_1695_2555,s2_n103_99,s4_n40_7,s1_below_4282,s3_3_4,s4_2005_2007,s2_760_2075,s4_37_47,Truck (<=6000 lbs.),s3_28_48,Deployed,s2_97_208,s1_below_1,Male,s5_114_130,s3_141_159,s2_164_318,s3_80_160,s2_2_4
818,s2_885_1695,s2_n103_99,s4_n40_7,s1_below_4282,s1_below_2,s4_2005_2007,s2_760_2075,s3_17_37,Passenger Car,s4_48_64,Deployed,s2_97_208,s1_below_1,Female,s4_96_114,s3_141_159,s2_164_318,s4_160_220,s2_2_4
819,s3_1695_2555,s2_n103_99,s4_n40_7,s1_below_4282,s1_below_2,s2_2001_2003,s2_760_2075,s3_17_37,Truck (<=6000 lbs.),s3_28_48,Not Deployed,s2_97_208,s1_below_1,Female,s2_37_80,s3_141_159,s2_164_318,s3_80_160,s2_2_4
820,s3_1695_2555,s2_n103_99,s4_n40_7,s1_below_4282,s3_3_4,s4_2005_2007,s2_760_2075,s4_37_47,Truck (<=6000 lbs.),s6_76_up,Deployed,s2_97_208,s1_below_1,Male,s2_37_80,s3_141_159,s3_318_464,s3_80_160,s2_2_4
821,s2_885_1695,s2_n103_99,s4_n40_7,s1_below_4282,s2_2_3,s5_2007_2009,s2_760_2075,s4_37_47,Passenger Car,s2_11_28,Not Deployed,s2_97_208,s1_below_1,Male,s2_37_80,s3_141_159,s2_164_318,s3_80_160,s2_2_4
822,s2_885_1695,s2_n103_99,s4_n40_7,s1_below_4282,s3_3_4,s3_2003_2005,s2_760_2075,s5_47_57,Passenger Car,s2_11_28,Not Deployed,s2_97_208,s1_below_1,Female,s2_37_80,s3_141_159,s2_164_318,s3_80_160,s2_2_4
823,s3_1695_2555,s2_n103_99,s4_n40_7,s1_below_4282,s3_3_4,s3_2003_2005,s2_760_2075,s5_47_57,Truck (<=6000 lbs.),s3_28_48,Not Deployed,s2_97_208,s1_below_1,Male,s4_96_114,s5_169_179,s2_164_318,s3_80_160,s4_5_6
824,s2_885_1695,s2_n103_99,s4_n40_7,s1_below_4282,s1_below_2,s3_2003_2005,s2_760_2075,s6_57_up,Passenger Car,s2_11_28,Not Deployed,s2_97_208,s1_below_1,Female,s3_80_96,s3_141_159,s2_164_318,s3_80_160,s2_2_4
825,s3_1695_2555,s2_n103_99,s4_n40_7,s1_below_4282,s2_2_3,s4_2005_2007,s2_760_2075,s6_57_up,Truck (<=6000 lbs.),s5_64_76,Not Deployed,s2_97_208,s1_below_1,Male,s5_114_130,s3_141_159,s2_164_318,s4_160_220,s2_2_4
826,s3_1695_2555,s2_n103_99,s4_n40_7,s1_below_4282,s3_3_4,s2_2001_2003,s2_760_2075,s5_47_57,Truck (<=6000 lbs.),s2_11_28,Not Deployed,s2_97_208,s1_below_1,Male,s2_37_80,s3_141_159,s2_164_318,s4_160_220,s2_2_4
827,s2_885_1695,s2_n103_99,s5_7_up,s1_below_4282,s1_below_2,s3_2003_2005,s2_760_2075,s5_47_57,Passenger Car,s3_28_48,Not Deployed,s2_97_208,s2_1_2,Female,s4_96_114,s3_141_159,s2_164_318,s6_260_up,s2_2_4
828,s2_885_1695,s2_n103_99,s4_n40_7,s1_below_4282,s3_3_4,s4_2005_2007,s2_760_2075,s4_37_47,Truck (<=6000 lbs.),s3_28_48,Not Deployed,s2_97_208,s1_below_1,Male,s3_80_96,s3_141_159,s2_164_318,s3_80_160,s2_2_4
829,s2_885_1695,s2_n103_99,s4_n40_7,s1_below_4282,s2_2_3,s4_2005_2007,s2_760_2075,s4_37_47,Passenger Car,s3_28_48,Deployed,s2_97_208,s2_1_2,Female,s2_37_80,s3_141_159,s2_164_318,s3_80_160,s2_2_4
830,s3_1695_2555,s2_n103_99,s4_n40_7,s1_below_4282,s5_5_6,s2_2001_2003,s2_760_2075,s4_37_47,Truck (<=10000 lbs.),s4_48_64,Not Deployed,s2_97_208,s1_below_1,Male,s2_37_80,s4_159_169,s2_164_318,s3_80_160,s3_4_5
831,s2_885_1695,s2_n103_99,s4_n40_7,s1_below_4282,s1_below_2,s2_2001_2003,s3_2075_3730,s5_47_57,Passenger Car,s2_11_28,Not Deployed,s2_97_208,s1_below_1,Female,s2_37_80,s3_141_159,s2_164_318,s2_40_80,s2_2_4
832,s3_1695_2555,s2_n103_99,s4_n40_7,s1_below_4282,s2_2_3,s5_2007_2009,s3_2075_3730,s4_37_47,Truck (<=6000 lbs.),s2_11_28,Not Deployed,s2_97_208,s1_below_1,Male,s2_37_80,s4_159_169,s2_164_318,s3_80_160,s2_2_4
833,s3_1695_2555,s2_n103_99,s5_7_up,s1_below_4282,s2_2_3,s2_2001_2003,s2_760_2075,s4_37_47,Truck (<=10000 lbs.),s2_11_28,Not Deployed,s2_97_208,s1_below_1,Male,s2_37_80,s5_169_179,s2_164_318,s6_260_up,s3_4_5
834,s3_1695_2555,s2_n103_99,s4_n40_7,s1_below_4282,s1_below_2,s5_2007_2009,s3_2075_3730,s4_37_47,Passenger Car,s5_64_76,Not Deployed,s2_97_208,s1_below_1,Female,s3_80_96,s4_159_169,s2_164_318,s3_80_160,s2_2_4
835,s2_885_1695,s2_n103_99,s3_n81_n40,s1_below_4282,s1_below_2,s5_2007_2009,s2_760_2075,s5_47_57,Passenger Car,s2_11_28,Deployed,s2_97_208,s4_3_4,Male,s3_80_96,s4_159_169,s2_164_318,s3_80_160,s2_2_4
836,s3_1695_2555,s2_n103_99,s4_n40_7,s1_below_4282,s2_2_3,s2_2001_2003,s2_760_2075,s3_17_37,Passenger Car,s4_48_64,Not Deployed,s2_97_208,s1_below_1,Female,s4_96_114,s3_141_159,s2_164_318,s2_40_80,s2_2_4
837,s3_1695_2555,s2_n103_99,s4_n40_7,s1_below_4282,s1_below_2,s2_2001_2003,s2_760_2075,s3_17_37,Truck (<=6000 lbs.),s2_11_28,Not Deployed,s2_97_208,s1_below_1,Female,s2_37_80,s3_141_159,s2_164_318,s3_80_160,s2_2_4
838,s3_1695_2555,s2_n103_99,s4_n40_7,s1_below_4282,s1_below_2,s3_2003_2005,s2_760_2075,s4_37_47,Truck (<=6000 lbs.),s5_64_76,Not Deployed,s2_97_208,s1_below_1,Male,s6_130_up,s3_141_159,s2_164_318,s2_40_80,s2_2_4
839,s3_1695_2555,s2_n103_99,s4_n40_7,s1_below_4282,s3_3_4,s3_2003_2005,s2_760_2075,s4_37_47,Truck (<=6000 lbs.),s3_28_48,Deployed,s2_97_208,s1_below_1,Female,s2_37_80,s3_141_159,s2_164_318,s3_80_160,s2_2_4
840,s3_1695_2555,s2_n103_99,s4_n40_7,s1_below_4282,s1_below_2,s2_2001_2003,s3_2075_3730,s4_37_47,Truck (<=6000 lbs.),s6_76_up,Deployed,s2_97_208,s1_below_1,Male,s2_37_80,s4_159_169,s2_164_318,s3_80_160,s3_4_5
841,s3_1695_2555,s2_n103_99,s4_n40_7,s1_below_4282,s2_2_3,s3_2003_2005,s2_760_2075,s5_47_57,Truck (<=10000 lbs.),s3_28_48,Deployed,s2_97_208,s1_below_1,Male,s2_37_80,s4_159_169,s2_164_318,s4_160_220,s3_4_5
842,s3_1695_2555,s2_n103_99,s4_n40_7,s1_below_4282,s1_below_2,s4_2005_2007,s2_760_2075,s6_57_up,Truck (<=10000 lbs.),s2_11_28,Deployed,s2_97_208,s1_below_1,Male,s4_96_114,s5_169_179,s3_318_464,s3_80_160,s4_5_6
843,s2_885_1695,s2_n103_99,s5_7_up,s1_below_4282,s1_below_2,s3_2003_2005,s3_2075_3730,s6_57_up,Passenger Car,s3_28_48,Not Deployed,s2_97_208,s1_below_1,Male,s5_114_130,s3_141_159,s2_164_318,s6_260_up,s2_2_4
844,s3_1695_2555,s2_n103_99,s4_n40_7,s1_below_4282,s1_below_2,s4_2005_2007,s3_2075_3730,s2_7_17,Truck (<=6000 lbs.),s2_11_28,Deployed,s2_97_208,s4_3_4,Male,s2_37_80,s3_141_159,s3_318_464,s3_80_160,s3_4_5
845,s3_1695_2555,s2_n103_99,s4_n40_7,s1_below_4282,s1_below_2,s4_2005_2007,s2_760_2075,s4_37_47,Truck (<=10000 lbs.),s4_48_64,Deployed,s2_97_208,s1_below_1,Male,s3_80_96,s5_169_179,s3_318_464,s4_160_220,s4_5_6
846,s3_1695_2555,s2_n103_99,s4_n40_7,s1_below_4282,s4_4_5,s3_2003_2005,s2_760_2075,s5_47_57,Truck (<=6000 lbs.),s2_11_28,Deployed,s2_97_208,s1_below_1,Male,s4_96_114,s3_141_159,s2_164_318,s3_80_160,s2_2_4
847,s2_885_1695,s2_n103_99,s4_n40_7,s1_below_4282,s5_5_6,s3_2003_2005,s2_760_2075,s4_37_47,Passenger Car,s2_11_28,Deployed,s2_97_208,s1_below_1,Female,s2_37_80,s3_141_159,s2_164_318,s3_80_160,s2_2_4
848,s2_885_1695,s2_n103_99,s4_n40_7,s1_below_4282,s2_2_3,s4_2005_2007,s3_2075_3730,s5_47_57,Passenger Car,s4_48_64,Not Deployed,s2_97_208,s1_below_1,Female,s2_37_80,s3_141_159,s2_164_318,s4_160_220,s2_2_4
849,s2_885_1695,s2_n103_99,s4_n40_7,s1_below_4282,s2_2_3,s3_2003_2005,s3_2075_3730,s4_37_47,Passenger Car,s4_48_64,Not Deployed,s2_97_208,s1_below_1,Male,s3_80_96,s3_141_159,s2_164_318,s3_80_160,s2_2_4
850,s2_885_1695,s2_n103_99,s4_n40_7,s1_below_4282,s3_3_4,s4_2005_2007,s2_760_2075,s5_47_57,Truck (<=6000 lbs.),s4_48_64,Not Deployed,s2_97_208,s1_below_1,Male,s2_37_80,s3_141_159,s2_164_318,s4_160_220,s2_2_4
851,s2_885_1695,s2_n103_99,s4_n40_7,s1_below_4282,s2_2_3,s4_2005_2007,s2_760_2075,s5_47_57,Passenger Car,s3_28_48,Not Deployed,s2_97_208,s1_below_1,Female,s3_80_96,s3_141_159,s2_164_318,s3_80_160,s2_2_4
852,s2_885_1695,s2_n103_99,s4_n40_7,s1_below_4282,s2_2_3,s5_2007_2009,s2_760_2075,s3_17_37,Passenger Car,s2_11_28,Not Deployed,s2_97_208,s1_below_1,Female,s2_37_80,s4_159_169,s2_164_318,s3_80_160,s2_2_4
853,s3_1695_2555,s2_n103_99,s4_n40_7,s1_below_4282,s2_2_3,s5_2007_2009,s2_760_2075,s3_17_37,Truck (<=6000 lbs.),s4_48_64,Not Deployed,s2_97_208,s1_below_1,Female,s2_37_80,s4_159_169,s2_164_318,s1_below_40,s2_2_4
854,s2_885_1695,s2_n103_99,s4_n40_7,s1_below_4282,s2_2_3,s4_2005_2007,s2_760_2075,s4_37_47,Passenger Car,s2_11_28,Not Deployed,s2_97_208,s1_below_1,Female,s2_37_80,s3_141_159,s2_164_318,s3_80_160,s2_2_4
855,s2_885_1695,s2_n103_99,s4_n40_7,s1_below_4282,s1_below_2,s4_2005_2007,s2_760_2075,s5_47_57,Passenger Car,s4_48_64,Not Deployed,s2_97_208,s1_below_1,Female,s3_80_96,s3_141_159,s2_164_318,s5_220_260,s2_2_4
856,s2_885_1695,s2_n103_99,s4_n40_7,s1_below_4282,s3_3_4,s5_2007_2009,s2_760_2075,s4_37_47,Truck (<=6000 lbs.),s3_28_48,Deployed,s2_97_208,s1_below_1,Male,s2_37_80,s3_141_159,s2_164_318,s4_160_220,s2_2_4
857,s2_885_1695,s2_n103_99,s4_n40_7,s1_below_4282,s4_4_5,s2_2001_2003,s2_760_2075,s4_37_47,Passenger Car,s4_48_64,Deployed,s2_97_208,s1_below_1,Male,s2_37_80,s3_141_159,s2_164_318,s3_80_160,s2_2_4
858,s3_1695_2555,s2_n103_99,s4_n40_7,s1_below_4282,s1_below_2,s3_2003_2005,s2_760_2075,s6_57_up,Truck (<=6000 lbs.),s4_48_64,Deployed,s2_97_208,s2_1_2,Female,s4_96_114,s3_141_159,s2_164_318,s4_160_220,s2_2_4
859,s2_885_1695,s2_n103_99,s4_n40_7,s1_below_4282,s1_below_2,s4_2005_2007,s3_2075_3730,s4_37_47,Passenger Car,s3_28_48,Deployed,s2_97_208,s1_below_1,Female,s2_37_80,s4_159_169,s2_164_318,s3_80_160,s2_2_4
860,s3_1695_2555,s2_n103_99,s4_n40_7,s1_below_4282,s2_2_3,s2_2001_2003,s2_760_2075,s5_47_57,Truck (<=10000 lbs.),s3_28_48,Deployed,s2_97_208,s1_below_1,Female,s2_37_80,s4_159_169,s2_164_318,s3_80_160,s3_4_5
861,s3_1695_2555,s2_n103_99,s4_n40_7,s1_below_4282,s3_3_4,s2_2001_2003,s3_2075_3730,s3_17_37,Truck (<=6000 lbs.),s2_11_28,Deployed,s2_97_208,s1_below_1,Male,s3_80_96,s3_141_159,s2_164_318,s3_80_160,s2_2_4
862,s2_885_1695,s2_n103_99,s4_n40_7,s1_below_4282,s1_below_2,s3_2003_2005,s3_2075_3730,s4_37_47,Passenger Car,s2_11_28,Not Deployed,s2_97_208,s1_below_1,Female,s4_96_114,s3_141_159,s2_164_318,s3_80_160,s2_2_4
863,s2_885_1695,s2_n103_99,s4_n40_7,s1_below_4282,s1_below_2,s4_2005_2007,s2_760_2075,s3_17_37,Passenger Car,s2_11_28,Not Deployed,s2_97_208,s1_below_1,Female,s2_37_80,s3_141_159,s2_164_318,s4_160_220,s2_2_4
864,s2_885_1695,s2_n103_99,s4_n40_7,s1_below_4282,s1_below_2,s4_2005_2007,s2_760_2075,s4_37_47,Passenger Car,s5_64_76,Not Deployed,s2_97_208,s1_below_1,Male,s2_37_80,s3_141_159,s2_164_318,s2_40_80,s2_2_4
865,s2_885_1695,s2_n103_99,s4_n40_7,s1_below_4282,s1_below_2,s2_2001_2003,s3_2075_3730,s4_37_47,Passenger Car,s2_11_28,Deployed,s2_97_208,s1_below_1,Male,s2_37_80,s3_141_159,s2_164_318,s3_80_160,s2_2_4
866,s2_885_1695,s2_n103_99,s4_n40_7,s1_below_4282,s1_below_2,s5_2007_2009,s2_760_2075,s4_37_47,Passenger Car,s2_11_28,Deployed,s2_97_208,s2_1_2,Male,s2_37_80,s3_141_159,s2_164_318,s3_80_160,s2_2_4
867,s2_885_1695,s2_n103_99,s4_n40_7,s1_below_4282,s3_3_4,s3_2003_2005,s3_2075_3730,s6_57_up,Passenger Car,s3_28_48,Deployed,s2_97_208,s1_below_1,Female,s2_37_80,s3_141_159,s2_164_318,s3_80_160,s2_2_4
868,s3_1695_2555,s2_n103_99,s4_n40_7,s1_below_4282,s3_3_4,s2_2001_2003,s2_760_2075,s5_47_57,Truck (<=10000 lbs.),s3_28_48,Not Deployed,s2_97_208,s1_below_1,Female,s4_96_114,s4_159_169,s3_318_464,s3_80_160,s4_5_6
869,s3_1695_2555,s2_n103_99,s4_n40_7,s1_below_4282,s3_3_4,s4_2005_2007,s2_760_2075,s4_37_47,Truck (<=6000 lbs.),s2_11_28,Not Deployed,s2_97_208,s1_below_1,Female,s2_37_80,s4_159_169,s2_164_318,s4_160_220,s2_2_4
870,s2_885_1695,s2_n103_99,s5_7_up,s1_below_4282,s4_4_5,s3_2003_2005,s2_760_2075,s4_37_47,Passenger Car,s3_28_48,Not Deployed,s2_97_208,s2_1_2,Male,s5_114_130,s3_141_159,s2_164_318,s6_260_up,s2_2_4
871,s2_885_1695,s2_n103_99,s4_n40_7,s1_below_4282,s1_below_2,s3_2003_2005,s2_760_2075,s5_47_57,Passenger Car,s2_11_28,Not Deployed,s2_97_208,s1_below_1,Male,s2_37_80,s3_141_159,s2_164_318,s2_40_80,s2_2_4
872,s3_1695_2555,s2_n103_99,s5_7_up,s1_below_4282,s3_3_4,s2_2001_2003,s2_760_2075,s4_37_47,Truck (<=10000 lbs.),s2_11_28,Not Deployed,s2_97_208,s1_below_1,Male,s2_37_80,s4_159_169,s3_318_464,s6_260_up,s4_5_6
873,s2_885_1695,s2_n103_99,s4_n40_7,s1_below_4282,s1_below_2,s2_2001_2003,s2_760_2075,s3_17_37,Passenger Car,s2_11_28,Not Deployed,s2_97_208,s1_below_1,Female,s2_37_80,s3_141_159,s2_164_318,s4_160_220,s2_2_4
874,s2_885_1695,s2_n103_99,s4_n40_7,s1_below_4282,s3_3_4,s3_2003_2005,s2_760_2075,s3_17_37,Truck (<=6000 lbs.),s2_11_28,Not Deployed,s2_97_208,s1_below_1,Female,s2_37_80,s3_141_159,s2_164_318,s3_80_160,s2_2_4
875,s2_885_1695,s2_n103_99,s4_n40_7,s1_below_4282,s2_2_3,s5_2007_2009,s2_760_2075,s3_17_37,Passenger Car,s2_11_28,Deployed,s2_97_208,s1_below_1,Female,s2_37_80,s3_141_159,s2_164_318,s3_80_160,s2_2_4
876,s3_1695_2555,s2_n103_99,s4_n40_7,s1_below_4282,s1_below_2,s4_2005_2007,s2_760_2075,s5_47_57,Passenger Car,s3_28_48,Not Deployed,s2_97_208,s1_below_1,Female,s2_37_80,s4_159_169,s2_164_318,s2_40_80,s3_4_5
877,s3_1695_2555,s2_n103_99,s4_n40_7,s1_below_4282,s4_4_5,s2_2001_2003,s2_760_2075,s4_37_47,Truck (<=6000 lbs.),s2_11_28,Not Deployed,s2_97_208,s1_below_1,Male,s2_37_80,s3_141_159,s2_164_318,s3_80_160,s2_2_4
878,s3_1695_2555,s2_n103_99,s5_7_up,s2_4282_6970,s4_4_5,s3_2003_2005,s3_2075_3730,s6_57_up,Truck (<=10000 lbs.),s3_28_48,Not Deployed,s2_97_208,s1_below_1,Male,s2_37_80,s5_169_179,s3_318_464,s6_260_up,s4_5_6
879,s3_1695_2555,s2_n103_99,s4_n40_7,s1_below_4282,s3_3_4,s5_2007_2009,s2_760_2075,s3_17_37,Passenger Car,s4_48_64,Deployed,s2_97_208,s1_below_1,Male,s4_96_114,s4_159_169,s2_164_318,s3_80_160,s2_2_4
880,s3_1695_2555,s2_n103_99,s4_n40_7,s1_below_4282,s4_4_5,s2_2001_2003,s2_760_2075,s3_17_37,Truck (<=6000 lbs.),s3_28_48,Not Deployed,s2_97_208,s1_below_1,Female,s2_37_80,s3_141_159,s2_164_318,s3_80_160,s2_2_4
881,s2_885_1695,s2_n103_99,s4_n40_7,s1_below_4282,s4_4_5,s3_2003_2005,s2_760_2075,s4_37_47,Passenger Car,s4_48_64,Deployed,s2_97_208,s1_below_1,Male,s2_37_80,s3_141_159,s2_164_318,s3_80_160,s2_2_4
882,s2_885_1695,s2_n103_99,s4_n40_7,s1_below_4282,s4_4_5,s3_2003_2005,s2_760_2075,s3_17_37,Passenger Car,s2_11_28,Deployed,s2_97_208,s1_below_1,Female,s2_37_80,s3_141_159,s2_164_318,s3_80_160,s2_2_4
883,s3_1695_2555,s2_n103_99,s4_n40_7,s1_below_4282,s1_below_2,s2_2001_2003,s2_760_2075,s4_37_47,Truck (<=6000 lbs.),s5_64_76,Not Deployed,s2_97_208,s1_below_1,Male,s3_80_96,s3_141_159,s2_164_318,s2_40_80,s2_2_4
884,s2_885_1695,s2_n103_99,s5_7_up,s1_below_4282,s3_3_4,s3_2003_2005,s3_2075_3730,s3_17_37,Truck (<=6000 lbs.),s3_28_48,Not Deployed,s2_97_208,s1_below_1,Male,s2_37_80,s3_141_159,s2_164_318,s6_260_up,s2_2_4
885,s2_885_1695,s2_n103_99,s5_7_up,s1_below_4282,s2_2_3,s5_2007_2009,s2_760_2075,s3_17_37,Passenger Car,s4_48_64,Not Deployed,s2_97_208,s2_1_2,Female,s2_37_80,s3_141_159,s2_164_318,s6_260_up,s2_2_4
886,s3_1695_2555,s2_n103_99,s4_n40_7,s1_below_4282,s2_2_3,s2_2001_2003,s2_760_2075,s6_57_up,Truck (<=10000 lbs.),s3_28_48,Deployed,s2_97_208,s3_2_3,Male,s4_96_114,s4_159_169,s2_164_318,s3_80_160,s3_4_5
887,s2_885_1695,s2_n103_99,s4_n40_7,s1_below_4282,s3_3_4,s2_2001_2003,s2_760_2075,s3_17_37,Passenger Car,s3_28_48,Deployed,s2_97_208,s1_below_1,Female,s2_37_80,s3_141_159,s2_164_318,s4_160_220,s2_2_4
888,s3_1695_2555,s2_n103_99,s4_n40_7,s1_below_4282,s3_3_4,s4_2005_2007,s2_760_2075,s3_17_37,Passenger Car,s4_48_64,Deployed,s2_97_208,s1_below_1,Male,s4_96_114,s3_141_159,s2_164_318,s4_160_220,s2_2_4
889,s2_885_1695,s2_n103_99,s4_n40_7,s1_below_4282,s1_below_2,s2_2001_2003,s2_760_2075,s4_37_47,Passenger Car,s4_48_64,Not Deployed,s2_97_208,s1_below_1,Male,s2_37_80,s3_141_159,s2_164_318,s2_40_80,s2_2_4
890,s2_885_1695,s2_n103_99,s4_n40_7,s1_below_4282,s3_3_4,s4_2005_2007,s3_2075_3730,s6_57_up,Passenger Car,s2_11_28,Deployed,s2_97_208,s1_below_1,Female,s3_80_96,s3_141_159,s2_164_318,s3_80_160,s2_2_4
891,s2_885_1695,s2_n103_99,s5_7_up,s1_below_4282,s3_3_4,s3_2003_2005,s2_760_2075,s3_17_37,Passenger Car,s4_48_64,Not Deployed,s2_97_208,s1_below_1,Male,s4_96_114,s3_141_159,s2_164_318,s4_160_220,s2_2_4
892,s2_885_1695,s2_n103_99,s4_n40_7,s1_below_4282,s3_3_4,s2_2001_2003,s2_760_2075,s3_17_37,Passenger Car,s3_28_48,Deployed,s2_97_208,s3_2_3,Male,s3_80_96,s3_141_159,s2_164_318,s4_160_220,s2_2_4
893,s3_1695_2555,s2_n103_99,s4_n40_7,s1_below_4282,s1_below_2,s3_2003_2005,s2_760_2075,s3_17_37,Truck (<=6000 lbs.),s2_11_28,Deployed,s2_97_208,s2_1_2,Female,s2_37_80,s3_141_159,s2_164_318,s3_80_160,s2_2_4
894,s2_885_1695,s2_n103_99,s4_n40_7,s1_below_4282,s3_3_4,s4_2005_2007,s3_2075_3730,s3_17_37,Passenger Car,s6_76_up,Deployed,s2_97_208,s1_below_1,Female,s2_37_80,s3_141_159,s2_164_318,s3_80_160,s2_2_4
895,s3_1695_2555,s2_n103_99,s4_n40_7,s1_below_4282,s1_below_2,s4_2005_2007,s2_760_2075,s4_37_47,Truck (<=6000 lbs.),s3_28_48,Deployed,s2_97_208,s1_below_1,Male,s2_37_80,s4_159_169,s2_164_318,s3_80_160,s3_4_5
896,s2_885_1695,s2_n103_99,s4_n40_7,s1_below_4282,s2_2_3,s4_2005_2007,s2_760_2075,s6_57_up,Passenger Car,s4_48_64,Deployed,s2_97_208,s1_below_1,Female,s4_96_114,s3_141_159,s2_164_318,s3_80_160,s2_2_4
897,s3_1695_2555,s2_n103_99,s4_n40_7,s1_below_4282,s3_3_4,s5_2007_2009,s2_760_2075,s4_37_47,Passenger Car,s3_28_48,Deployed,s2_97_208,s1_below_1,Male,s3_80_96,s3_141_159,s2_164_318,s4_160_220,s2_2_4
898,s2_885_1695,s2_n103_99,s4_n40_7,s1_below_4282,s1_below_2,s5_2007_2009,s2_760_2075,s3_17_37,Passenger Car,s3_28_48,Not Deployed,s2_97_208,s1_below_1,Male,s4_96_114,s3_141_159,s2_164_318,s3_80_160,s2_2_4
899,s2_885_1695,s2_n103_99,s5_7_up,s1_below_4282,s2_2_3,s5_2007_2009,s2_760_2075,s4_37_47,Passenger Car,s4_48_64,Deployed,s2_97_208,s5_4_5,Female,s6_130_up,s3_141_159,s2_164_318,s6_260_up,s2_2_4
900,s2_885_1695,s2_n103_99,s4_n40_7,s2_4282_6970,s3_3_4,s4_2005_2007,s2_760_2075,s4_37_47,Passenger Car,s3_28_48,Not Deployed,s2_97_208,s4_3_4,Male,s3_80_96,s3_141_159,s2_164_318,s2_40_80,s2_2_4
901,s2_885_1695,s2_n103_99,s5_7_up,s1_below_4282,s3_3_4,s5_2007_2009,s2_760_2075,s3_17_37,Passenger Car,s2_11_28,Not Deployed,s2_97_208,s1_below_1,Female,s2_37_80,s3_141_159,s2_164_318,s6_260_up,s2_2_4
902,s2_885_1695,s2_n103_99,s5_7_up,s1_below_4282,s1_below_2,s4_2005_2007,s3_2075_3730,s3_17_37,Passenger Car,s3_28_48,Not Deployed,s2_97_208,s1_below_1,Male,s3_80_96,s3_141_159,s2_164_318,s3_80_160,s2_2_4
903,s2_885_1695,s2_n103_99,s4_n40_7,s1_below_4282,s2_2_3,s4_2005_2007,s3_2075_3730,s3_17_37,Passenger Car,s3_28_48,Not Deployed,s2_97_208,s1_below_1,Female,s2_37_80,s3_141_159,s2_164_318,s3_80_160,s2_2_4
904,s2_885_1695,s2_n103_99,s4_n40_7,s1_below_4282,s3_3_4,s5_2007_2009,s2_760_2075,s6_57_up,Passenger Car,s2_11_28,Deployed,s2_97_208,s1_below_1,Male,s4_96_114,s3_141_159,s2_164_318,s3_80_160,s2_2_4
905,s2_885_1695,s2_n103_99,s4_n40_7,s1_below_4282,s5_5_6,s5_2007_2009,s2_760_2075,s6_57_up,Passenger Car,s2_11_28,Deployed,s2_97_208,s1_below_1,Male,s3_80_96,s3_141_159,s2_164_318,s6_260_up,s2_2_4
906,s2_885_1695,s2_n103_99,s5_7_up,s1_below_4282,s3_3_4,s5_2007_2009,s2_760_2075,s6_57_up,Passenger Car,s3_28_48,Not Deployed,s2_97_208,s1_below_1,Female,s2_37_80,s3_141_159,s2_164_318,s6_260_up,s2_2_4
907,s2_885_1695,s2_n103_99,s5_7_up,s1_below_4282,s3_3_4,s2_2001_2003,s2_760_2075,s6_57_up,Truck (<=6000 lbs.),s3_28_48,Not Deployed,s2_97_208,s3_2_3,Female,s2_37_80,s3_141_159,s2_164_318,s6_260_up,s2_2_4
908,s2_885_1695,s2_n103_99,s4_n40_7,s1_below_4282,s2_2_3,s4_2005_2007,s2_760_2075,s4_37_47,Passenger Car,s6_76_up,Deployed,s2_97_208,s1_below_1,Male,s2_37_80,s3_141_159,s2_164_318,s4_160_220,s2_2_4
909,s2_885_1695,s2_n103_99,s4_n40_7,s1_below_4282,s2_2_3,s5_2007_2009,s2_760_2075,s4_37_47,Passenger Car,s2_11_28,Not Deployed,s2_97_208,s1_below_1,Female,s3_80_96,s3_141_159,s2_164_318,s2_40_80,s2_2_4
910,s3_1695_2555,s2_n103_99,s4_n40_7,s1_below_4282,s1_below_2,s3_2003_2005,s2_760_2075,s4_37_47,Truck (<=6000 lbs.),s2_11_28,Not Deployed,s2_97_208,s1_below_1,Female,s2_37_80,s3_141_159,s2_164_318,s2_40_80,s2_2_4
911,s2_885_1695,s2_n103_99,s5_7_up,s1_below_4282,s1_below_2,s3_2003_2005,s2_760_2075,s6_57_up,Passenger Car,s2_11_28,Not Deployed,s2_97_208,s1_below_1,Male,s3_80_96,s3_141_159,s2_164_318,s6_260_up,s2_2_4
912,s2_885_1695,s2_n103_99,s4_n40_7,s1_below_4282,s3_3_4,s3_2003_2005,s2_760_2075,s3_17_37,Passenger Car,s6_76_up,Deployed,s2_97_208,s4_3_4,Female,s2_37_80,s3_141_159,s2_164_318,s4_160_220,s2_2_4
913,s3_1695_2555,s2_n103_99,s4_n40_7,s1_below_4282,s3_3_4,s4_2005_2007,s2_760_2075,s4_37_47,Passenger Car,s2_11_28,Not Deployed,s2_97_208,s1_below_1,Female,s2_37_80,s3_141_159,s2_164_318,s2_40_80,s2_2_4
914,s2_885_1695,s2_n103_99,s4_n40_7,s1_below_4282,s1_below_2,s3_2003_2005,s2_760_2075,s3_17_37,Passenger Car,s2_11_28,Deployed,s2_97_208,s1_below_1,Male,s4_96_114,s3_141_159,s2_164_318,s4_160_220,s2_2_4
915,s2_885_1695,s2_n103_99,s5_7_up,s1_below_4282,s1_below_2,s3_2003_2005,s2_760_2075,s5_47_57,Passenger Car,s4_48_64,Not Deployed,s2_97_208,s1_below_1,Female,s2_37_80,s3_141_159,s2_164_318,s6_260_up,s2_2_4
916,s2_885_1695,s2_n103_99,s4_n40_7,s1_below_4282,s2_2_3,s3_2003_2005,s2_760_2075,s4_37_47,Passenger Car,s3_28_48,Deployed,s2_97_208,s1_below_1,Male,s6_130_up,s3_141_159,s2_164_318,s4_160_220,s2_2_4
917,s2_885_1695,s2_n103_99,s4_n40_7,s1_below_4282,s3_3_4,s5_2007_2009,s2_760_2075,s3_17_37,Truck (<=6000 lbs.),s5_64_76,Deployed,s2_97_208,s2_1_2,Female,s2_37_80,s3_141_159,s2_164_318,s4_160_220,s2_2_4
918,s3_1695_2555,s2_n103_99,s4_n40_7,s1_below_4282,s2_2_3,s5_2007_2009,s2_760_2075,s3_17_37,Truck (<=6000 lbs.),s3_28_48,Deployed,s2_97_208,s1_below_1,Male,s2_37_80,s4_159_169,s2_164_318,s3_80_160,s3_4_5
919,s2_885_1695,s2_n103_99,s5_7_up,s1_below_4282,s3_3_4,s4_2005_2007,s2_760_2075,s6_57_up,Passenger Car,s4_48_64,Not Deployed,s2_97_208,s1_below_1,Female,s2_37_80,s3_141_159,s2_164_318,s6_260_up,s2_2_4
920,s2_885_1695,s2_n103_99,s4_n40_7,s1_below_4282,s4_4_5,s2_2001_2003,s2_760_2075,s4_37_47,Truck (<=6000 lbs.),s3_28_48,Not Deployed,s2_97_208,s1_below_1,Female,s2_37_80,s3_141_159,s2_164_318,s3_80_160,s2_2_4
921,s2_885_1695,s2_n103_99,s4_n40_7,s1_below_4282,s2_2_3,s2_2001_2003,s2_760_2075,s3_17_37,Passenger Car,s5_64_76,Deployed,s2_97_208,s1_below_1,Male,s2_37_80,s3_141_159,s2_164_318,s4_160_220,s2_2_4
922,s3_1695_2555,s2_n103_99,s4_n40_7,s1_below_4282,s1_below_2,s5_2007_2009,s2_760_2075,s3_17_37,Truck (<=6000 lbs.),s5_64_76,Deployed,s2_97_208,s2_1_2,Female,s2_37_80,s3_141_159,s2_164_318,s4_160_220,s2_2_4
923,s2_885_1695,s2_n103_99,s4_n40_7,s1_below_4282,s1_below_2,s3_2003_2005,s3_2075_3730,s3_17_37,Truck (<=6000 lbs.),s3_28_48,Not Deployed,s2_97_208,s3_2_3,Male,s2_37_80,s3_141_159,s2_164_318,s2_40_80,s2_2_4
924,s2_885_1695,s2_n103_99,s4_n40_7,s1_below_4282,s2_2_3,s3_2003_2005,s2_760_2075,s3_17_37,Passenger Car,s2_11_28,Not Deployed,s2_97_208,s1_below_1,Male,s2_37_80,s3_141_159,s2_164_318,s3_80_160,s2_2_4
925,s2_885_1695,s2_n103_99,s4_n40_7,s1_below_4282,s3_3_4,s4_2005_2007,s2_760_2075,s3_17_37,Passenger Car,s2_11_28,Deployed,s2_97_208,s1_below_1,Male,s3_80_96,s3_141_159,s2_164_318,s4_160_220,s2_2_4
926,s2_885_1695,s2_n103_99,s4_n40_7,s1_below_4282,s1_below_2,s3_2003_2005,s3_2075_3730,s3_17_37,Passenger Car,s2_11_28,Not Deployed,s2_97_208,s1_below_1,Female,s2_37_80,s3_141_159,s2_164_318,s4_160_220,s2_2_4
927,s3_1695_2555,s2_n103_99,s4_n40_7,s1_below_4282,s3_3_4,s3_2003_2005,s2_760_2075,s3_17_37,Truck (<=10000 lbs.),s2_11_28,Not Deployed,s2_97_208,s1_below_1,Male,s2_37_80,s5_169_179,s3_318_464,s3_80_160,s4_5_6
928,s2_885_1695,s2_n103_99,s4_n40_7,s1_below_4282,s4_4_5,s4_2005_2007,s2_760_2075,s5_47_57,Passenger Car,s4_48_64,Not Deployed,s2_97_208,s1_below_1,Male,s2_37_80,s3_141_159,s2_164_318,s3_80_160,s2_2_4
929,s3_1695_2555,s2_n103_99,s4_n40_7,s1_below_4282,s4_4_5,s4_2005_2007,s3_2075_3730,s5_47_57,Truck (<=6000 lbs.),s3_28_48,Not Deployed,s2_97_208,s1_below_1,Male,s3_80_96,s5_169_179,s2_164_318,s3_80_160,s3_4_5
930,s2_885_1695,s2_n103_99,s5_7_up,s1_below_4282,s4_4_5,s5_2007_2009,s3_2075_3730,s3_17_37,Passenger Car,s3_28_48,Not Deployed,s2_97_208,s2_1_2,Male,s2_37_80,s3_141_159,s2_164_318,s4_160_220,s2_2_4
931,s3_1695_2555,s2_n103_99,s4_n40_7,s1_below_4282,s5_5_6,s2_2001_2003,s2_760_2075,s4_37_47,Truck (<=10000 lbs.),s2_11_28,Deployed,s2_97_208,s1_below_1,Male,s4_96_114,s3_141_159,s3_318_464,s3_80_160,s3_4_5
932,s3_1695_2555,s2_n103_99,s4_n40_7,s1_below_4282,s1_below_2,s4_2005_2007,s2_760_2075,s3_17_37,Truck (<=6000 lbs.),s3_28_48,Not Deployed,s2_97_208,s4_3_4,Female,s2_37_80,s3_141_159,s2_164_318,s4_160_220,s2_2_4
933,s2_885_1695,s2_n103_99,s4_n40_7,s1_below_4282,s4_4_5,s2_2001_2003,s2_760_2075,s5_47_57,Passenger Car,s2_11_28,Deployed,s2_97_208,s3_2_3,Female,s3_80_96,s3_141_159,s2_164_318,s3_80_160,s2_2_4
934,s2_885_1695,s2_n103_99,s4_n40_7,s1_below_4282,s6_6_up,s5_2007_2009,s2_760_2075,s5_47_57,Passenger Car,s3_28_48,Not Deployed,s2_97_208,s1_below_1,Male,s3_80_96,s3_141_159,s2_164_318,s3_80_160,s2_2_4
935,s2_885_1695,s2_n103_99,s4_n40_7,s1_below_4282,s3_3_4,s2_2001_2003,s2_760_2075,s5_47_57,Passenger Car,s2_11_28,Deployed,s2_97_208,s1_below_1,Female,s3_80_96,s3_141_159,s2_164_318,s3_80_160,s2_2_4
936,s3_1695_2555,s2_n103_99,s4_n40_7,s1_below_4282,s1_below_2,s4_2005_2007,s2_760_2075,s3_17_37,Truck (<=6000 lbs.),s2_11_28,Not Deployed,s2_97_208,s3_2_3,Male,s2_37_80,s3_141_159,s2_164_318,s3_80_160,s2_2_4
937,s3_1695_2555,s2_n103_99,s4_n40_7,s1_below_4282,s4_4_5,s2_2001_2003,s2_760_2075,s5_47_57,Truck (<=6000 lbs.),s3_28_48,Deployed,s2_97_208,s1_below_1,Male,s3_80_96,s3_141_159,s2_164_318,s3_80_160,s2_2_4
938,s2_885_1695,s2_n103_99,s4_n40_7,s1_below_4282,s4_4_5,s4_2005_2007,s2_760_2075,s3_17_37,Passenger Car,s2_11_28,Not Deployed,s2_97_208,s1_below_1,Male,s2_37_80,s3_141_159,s2_164_318,s3_80_160,s2_2_4
939,s3_1695_2555,s2_n103_99,s4_n40_7,s1_below_4282,s4_4_5,s2_2001_2003,s2_760_2075,s3_17_37,Truck (<=10000 lbs.),s3_28_48,Not Deployed,s2_97_208,s1_below_1,Male,s2_37_80,s2_116_141,s3_318_464,s3_80_160,s2_2_4
940,s2_885_1695,s2_n103_99,s5_7_up,s1_below_4282,s1_below_2,s4_2005_2007,s2_760_2075,s3_17_37,Passenger Car,s2_11_28,Not Deployed,s2_97_208,s1_below_1,Female,s2_37_80,s3_141_159,s2_164_318,s6_260_up,s2_2_4
941,s2_885_1695,s2_n103_99,s5_7_up,s1_below_4282,s4_4_5,s3_2003_2005,s2_760_2075,s3_17_37,Passenger Car,s3_28_48,Not Deployed,s2_97_208,s1_below_1,Male,s3_80_96,s3_141_159,s2_164_318,s6_260_up,s2_2_4
942,s2_885_1695,s2_n103_99,s5_7_up,s1_below_4282,s1_below_2,s4_2005_2007,s2_760_2075,s3_17_37,Passenger Car,s3_28_48,Not Deployed,s2_97_208,s1_below_1,Female,s2_37_80,s3_141_159,s2_164_318,s4_160_220,s2_2_4
943,s3_1695_2555,s2_n103_99,s4_n40_7,s1_below_4282,s2_2_3,s3_2003_2005,s2_760_2075,s5_47_57,Passenger Car,s3_28_48,Not Deployed,s2_97_208,s1_below_1,Male,s4_96_114,s3_141_159,s2_164_318,s4_160_220,s2_2_4
944,s2_885_1695,s2_n103_99,s4_n40_7,s1_below_4282,s1_below_2,s3_2003_2005,s2_760_2075,s3_17_37,Truck (<=6000 lbs.),s2_11_28,Not Deployed,s2_97_208,s1_below_1,Female,s3_80_96,s3_141_159,s2_164_318,s3_80_160,s2_2_4
945,s3_1695_2555,s2_n103_99,s5_7_up,s1_below_4282,s2_2_3,s2_2001_2003,s2_760_2075,s5_47_57,Passenger Car,s4_48_64,Not Deployed,s2_97_208,s1_below_1,Male,s4_96_114,s3_141_159,s2_164_318,s6_260_up,s2_2_4
946,s2_885_1695,s2_n103_99,s3_n81_n40,s1_below_4282,s3_3_4,s2_2001_2003,s2_760_2075,s3_17_37,Truck (<=6000 lbs.),s3_28_48,Deployed,s2_97_208,s1_below_1,Male,s6_130_up,s3_141_159,s2_164_318,s3_80_160,s2_2_4
947,s2_885_1695,s2_n103_99,s4_n40_7,s1_below_4282,s2_2_3,s4_2005_2007,s2_760_2075,s5_47_57,Passenger Car,s3_28_48,Deployed,s2_97_208,s1_below_1,Male,s2_37_80,s3_141_159,s2_164_318,s3_80_160,s2_2_4
948,s2_885_1695,s2_n103_99,s4_n40_7,s1_below_4282,s1_below_2,s3_2003_2005,s2_760_2075,s3_17_37,Passenger Car,s2_11_28,Deployed,s2_97_208,s1_below_1,Male,s2_37_80,s3_141_159,s2_164_318,s4_160_220,s2_2_4
949,s3_1695_2555,s2_n103_99,s4_n40_7,s1_below_4282,s4_4_5,s3_2003_2005,s2_760_2075,s3_17_37,Truck (<=6000 lbs.),s3_28_48,Not Deployed,s2_97_208,s1_below_1,Female,s3_80_96,s4_159_169,s2_164_318,s3_80_160,s2_2_4
950,s2_885_1695,s2_n103_99,s4_n40_7,s1_below_4282,s3_3_4,s5_2007_2009,s2_760_2075,s3_17_37,Passenger Car,s3_28_48,Deployed,s2_97_208,s3_2_3,Male,s6_130_up,s3_141_159,s2_164_318,s2_40_80,s2_2_4
951,s2_885_1695,s2_n103_99,s5_7_up,s1_below_4282,s4_4_5,s4_2005_2007,s2_760_2075,s3_17_37,Truck (<=6000 lbs.),s3_28_48,Not Deployed,s2_97_208,s1_below_1,Male,s3_80_96,s5_169_179,s2_164_318,s6_260_up,s4_5_6
952,s3_1695_2555,s2_n103_99,s4_n40_7,s1_below_4282,s2_2_3,s4_2005_2007,s2_760_2075,s5_47_57,Truck (<=6000 lbs.),s3_28_48,Not Deployed,s2_97_208,s1_below_1,Female,s3_80_96,s5_169_179,s2_164_318,s4_160_220,s2_2_4
953,s4_2555_3715,s2_n103_99,s4_n40_7,s1_below_4282,s2_2_3,s4_2005_2007,s2_760_2075,s3_17_37,Truck (<=10000 lbs.),s3_28_48,Not Deployed,s2_97_208,s1_below_1,Male,s4_96_114,s5_169_179,s3_318_464,s3_80_160,s4_5_6
954,s2_885_1695,s2_n103_99,s4_n40_7,s1_below_4282,s2_2_3,s3_2003_2005,s2_760_2075,s3_17_37,Passenger Car,s3_28_48,Deployed,s2_97_208,s1_below_1,Female,s2_37_80,s3_141_159,s2_164_318,s3_80_160,s2_2_4
955,s3_1695_2555,s2_n103_99,s4_n40_7,s1_below_4282,s6_6_up,s5_2007_2009,s3_2075_3730,s3_17_37,Passenger Car,s3_28_48,Deployed,s2_97_208,s1_below_1,Male,s2_37_80,s4_159_169,s2_164_318,s3_80_160,s2_2_4
956,s4_2555_3715,s2_n103_99,s4_n40_7,s1_below_4282,s1_below_2,s5_2007_2009,s2_760_2075,s3_17_37,Truck (<=10000 lbs.),s2_11_28,Not Deployed,s2_97_208,s1_below_1,Male,s3_80_96,s5_169_179,s2_164_318,s3_80_160,s3_4_5
957,s2_885_1695,s2_n103_99,s4_n40_7,s1_below_4282,s2_2_3,s3_2003_2005,s2_760_2075,s4_37_47,Passenger Car,s4_48_64,Not Deployed,s2_97_208,s1_below_1,Female,s2_37_80,s3_141_159,s2_164_318,s3_80_160,s2_2_4
958,s2_885_1695,s2_n103_99,s4_n40_7,s1_below_4282,s3_3_4,s5_2007_2009,s2_760_2075,s3_17_37,Truck (<=6000 lbs.),s4_48_64,Not Deployed,s2_97_208,s2_1_2,Female,s2_37_80,s3_141_159,s2_164_318,s3_80_160,s2_2_4
959,s2_885_1695,s2_n103_99,s5_7_up,s1_below_4282,s3_3_4,s4_2005_2007,s2_760_2075,s3_17_37,Passenger Car,s2_11_28,Not Deployed,s2_97_208,s1_below_1,Female,s2_37_80,s3_141_159,s2_164_318,s6_260_up,s2_2_4
960,s3_1695_2555,s2_n103_99,s4_n40_7,s1_below_4282,s1_below_2,s2_2001_2003,s2_760_2075,s3_17_37,Passenger Car,s3_28_48,Not Deployed,s2_97_208,s1_below_1,Male,s2_37_80,s4_159_169,s2_164_318,s3_80_160,s2_2_4
961,s2_885_1695,s2_n103_99,s4_n40_7,s1_below_4282,s4_4_5,s2_2001_2003,s2_760_2075,s3_17_37,Passenger Car,s2_11_28,Not Deployed,s2_97_208,s1_below_1,Male,s4_96_114,s3_141_159,s2_164_318,s4_160_220,s2_2_4
962,s2_885_1695,s2_n103_99,s4_n40_7,s1_below_4282,s1_below_2,s2_2001_2003,s2_760_2075,s3_17_37,Passenger Car,s3_28_48,Not Deployed,s2_97_208,s1_below_1,Male,s4_96_114,s3_141_159,s2_164_318,s3_80_160,s2_2_4
963,s3_1695_2555,s2_n103_99,s4_n40_7,s1_below_4282,s3_3_4,s4_2005_2007,s2_760_2075,s5_47_57,Passenger Car,s2_11_28,Not Deployed,s2_97_208,s1_below_1,Female,s2_37_80,s4_159_169,s2_164_318,s4_160_220,s3_4_5
964,s2_885_1695,s2_n103_99,s4_n40_7,s1_below_4282,s1_below_2,s3_2003_2005,s2_760_2075,s5_47_57,Truck (<=6000 lbs.),s3_28_48,Not Deployed,s2_97_208,s1_below_1,Female,s2_37_80,s3_141_159,s2_164_318,s3_80_160,s2_2_4
965,s2_885_1695,s2_n103_99,s4_n40_7,s1_below_4282,s1_below_2,s2_2001_2003,s3_2075_3730,s6_57_up,Passenger Car,s2_11_28,Deployed,s2_97_208,s1_below_1,Male,s2_37_80,s3_141_159,s2_164_318,s3_80_160,s2_2_4
966,s3_1695_2555,s2_n103_99,s5_7_up,s1_below_4282,s1_below_2,s4_2005_2007,s2_760_2075,s6_57_up,Truck (<=10000 lbs.),s3_28_48,Not Deployed,s2_97_208,s1_below_1,Male,s3_80_96,s5_169_179,s3_318_464,s6_260_up,s4_5_6
967,s3_1695_2555,s2_n103_99,s4_n40_7,s1_below_4282,s3_3_4,s3_2003_2005,s2_760_2075,s3_17_37,Truck (<=10000 lbs.),s4_48_64,Not Deployed,s2_97_208,s1_below_1,Male,s4_96_114,s4_159_169,s3_318_464,s4_160_220,s4_5_6
968,s3_1695_2555,s2_n103_99,s4_n40_7,s1_below_4282,s1_below_2,s3_2003_2005,s2_760_2075,s3_17_37,Truck (<=10000 lbs.),s3_28_48,Deployed,s2_97_208,s1_below_1,Male,s3_80_96,s3_141_159,s3_318_464,s3_80_160,s3_4_5
969,s3_1695_2555,s2_n103_99,s4_n40_7,s1_below_4282,s1_below_2,s2_2001_2003,s2_760_2075,s6_57_up,Truck (<=10000 lbs.),s4_48_64,Deployed,s2_97_208,s3_2_3,Male,s2_37_80,s4_159_169,s3_318_464,s3_80_160,s4_5_6
970,s2_885_1695,s2_n103_99,s4_n40_7,s1_below_4282,s2_2_3,s2_2001_2003,s2_760_2075,s3_17_37,Passenger Car,s3_28_48,Not Deployed,s2_97_208,s1_below_1,Female,s2_37_80,s3_141_159,s2_164_318,s3_80_160,s2_2_4
971,s2_885_1695,s2_n103_99,s4_n40_7,s1_below_4282,s1_below_2,s3_2003_2005,s2_760_2075,s3_17_37,Passenger Car,s2_11_28,Not Deployed,s2_97_208,s1_below_1,Male,s3_80_96,s3_141_159,s2_164_318,s3_80_160,s2_2_4
972,s3_1695_2555,s2_n103_99,s4_n40_7,s1_below_4282,s1_below_2,s4_2005_2007,s2_760_2075,s3_17_37,Passenger Car,s4_48_64,Not Deployed,s2_97_208,s1_below_1,Male,s3_80_96,s4_159_169,s2_164_318,s3_80_160,s3_4_5
973,s2_885_1695,s2_n103_99,s4_n40_7,s1_below_4282,s4_4_5,s4_2005_2007,s2_760_2075,s3_17_37,Passenger Car,s2_11_28,Deployed,s2_97_208,s1_below_1,Female,s2_37_80,s3_141_159,s2_164_318,s4_160_220,s2_2_4
974,s2_885_1695,s2_n103_99,s3_n81_n40,s1_below_4282,s3_3_4,s2_2001_2003,s3_2075_3730,s4_37_47,Passenger Car,s2_11_28,Deployed,s2_97_208,s5_4_5,Male,s2_37_80,s3_141_159,s2_164_318,s3_80_160,s2_2_4
975,s2_885_1695,s2_n103_99,s4_n40_7,s1_below_4282,s3_3_4,s4_2005_2007,s2_760_2075,s3_17_37,Passenger Car,s6_76_up,Not Deployed,s2_97_208,s1_below_1,Female,s2_37_80,s3_141_159,s2_164_318,s3_80_160,s2_2_4
976,s3_1695_2555,s2_n103_99,s4_n40_7,s1_below_4282,s2_2_3,s2_2001_2003,s3_2075_3730,s3_17_37,Truck (<=6000 lbs.),s5_64_76,Not Deployed,s2_97_208,s1_below_1,Male,s3_80_96,s3_141_159,s2_164_318,s3_80_160,s2_2_4
977,s3_1695_2555,s2_n103_99,s4_n40_7,s1_below_4282,s1_below_2,s3_2003_2005,s2_760_2075,s3_17_37,Truck (<=10000 lbs.),s5_64_76,Deployed,s2_97_208,s1_below_1,Male,s3_80_96,s5_169_179,s3_318_464,s3_80_160,s4_5_6
978,s2_885_1695,s2_n103_99,s4_n40_7,s1_below_4282,s1_below_2,s2_2001_2003,s2_760_2075,s3_17_37,Passenger Car,s3_28_48,Not Deployed,s2_97_208,s2_1_2,Female,s2_37_80,s3_141_159,s2_164_318,s3_80_160,s2_2_4
979,s2_885_1695,s2_n103_99,s4_n40_7,s1_below_4282,s1_below_2,s4_2005_2007,s2_760_2075,s4_37_47,Passenger Car,s6_76_up,Not Deployed,s2_97_208,s2_1_2,Male,s2_37_80,s3_141_159,s2_164_318,s3_80_160,s2_2_4
980,s2_885_1695,s2_n103_99,s4_n40_7,s1_below_4282,s2_2_3,s3_2003_2005,s2_760_2075,s3_17_37,Passenger Car,s3_28_48,Deployed,s2_97_208,s2_1_2,Female,s2_37_80,s3_141_159,s2_164_318,s2_40_80,s2_2_4
981,s2_885_1695,s2_n103_99,s4_n40_7,s1_below_4282,s1_below_2,s3_2003_2005,s2_760_2075,s4_37_47,Passenger Car,s3_28_48,Deployed,s2_97_208,s1_below_1,Male,s6_130_up,s3_141_159,s2_164_318,s4_160_220,s2_2_4
982,s3_1695_2555,s2_n103_99,s4_n40_7,s1_below_4282,s3_3_4,s5_2007_2009,s2_760_2075,s3_17_37,Passenger Car,s3_28_48,Not Deployed,s2_97_208,s1_below_1,Male,s4_96_114,s4_159_169,s2_164_318,s4_160_220,s2_2_4
983,s2_885_1695,s2_n103_99,s4_n40_7,s1_below_4282,s3_3_4,s4_2005_2007,s2_760_2075,s5_47_57,Passenger Car,s2_11_28,Not Deployed,s2_97_208,s1_below_1,Female,s2_37_80,s3_141_159,s2_164_318,s3_80_160,s2_2_4
984,s3_1695_2555,s2_n103_99,s5_7_up,s1_below_4282,s3_3_4,s3_2003_2005,s2_760_2075,s5_47_57,Passenger Car,s4_48_64,Not Deployed,s2_97_208,s1_below_1,Male,s5_114_130,s4_159_169,s2_164_318,s6_260_up,s2_2_4
985,s3_1695_2555,s2_n103_99,s4_n40_7,s1_below_4282,s3_3_4,s2_2001_2003,s3_2075_3730,s4_37_47,Truck (<=10000 lbs.),s2_11_28,Deployed,s2_97_208,s1_below_1,Male,s4_96_114,s4_159_169,s3_318_464,s3_80_160,s4_5_6
986,s3_1695_2555,s2_n103_99,s5_7_up,s1_below_4282,s3_3_4,s3_2003_2005,s2_760_2075,s4_37_47,Truck (<=6000 lbs.),s4_48_64,Not Deployed,s2_97_208,s1_below_1,Female,s5_114_130,s4_159_169,s2_164_318,s6_260_up,s3_4_5
987,s2_885_1695,s2_n103_99,s5_7_up,s1_below_4282,s2_2_3,s5_2007_2009,s3_2075_3730,s5_47_57,Truck (<=6000 lbs.),s4_48_64,Not Deployed,s2_97_208,s1_below_1,Female,s2_37_80,s3_141_159,s2_164_318,s6_260_up,s2_2_4
988,s2_885_1695,s2_n103_99,s4_n40_7,s1_below_4282,s1_below_2,s4_2005_2007,s2_760_2075,s3_17_37,Truck (<=6000 lbs.),s2_11_28,Deployed,s2_97_208,s1_below_1,Female,s2_37_80,s3_141_159,s2_164_318,s3_80_160,s2_2_4
989,s2_885_1695,s2_n103_99,s4_n40_7,s1_below_4282,s1_below_2,s2_2001_2003,s2_760_2075,s3_17_37,Passenger Car,s3_28_48,Not Deployed,s2_97_208,s1_below_1,Male,s4_96_114,s3_141_159,s2_164_318,s4_160_220,s2_2_4
990,s2_885_1695,s2_n103_99,s3_n81_n40,s1_below_4282,s2_2_3,s5_2007_2009,s3_2075_3730,s4_37_47,Passenger Car,s3_28_48,Deployed,s2_97_208,s6_5_up,Male,s5_114_130,s3_141_159,s2_164_318,s3_80_160,s2_2_4
991,s3_1695_2555,s2_n103_99,s4_n40_7,s1_below_4282,s4_4_5,s4_2005_2007,s2_760_2075,s3_17_37,Truck (<=6000 lbs.),s3_28_48,Not Deployed,s2_97_208,s1_below_1,Female,s3_80_96,s3_141_159,s2_164_318,s3_80_160,s2_2_4
992,s2_885_1695,s2_n103_99,s4_n40_7,s1_below_4282,s4_4_5,s2_2001_2003,s3_2075_3730,s3_17_37,Truck (<=6000 lbs.),s5_64_76,Deployed,s2_97_208,s1_below_1,Male,s2_37_80,s2_116_141,s2_164_318,s3_80_160,s2_2_4
993,s2_885_1695,s2_n103_99,s5_7_up,s1_below_4282,s1_below_2,s4_2005_2007,s2_760_2075,s3_17_37,Truck (<=6000 lbs.),s4_48_64,Not Deployed,s2_97_208,s1_below_1,Male,s4_96_114,s3_141_159,s2_164_318,s6_260_up,s2_2_4
994,s3_1695_2555,s2_n103_99,s4_n40_7,s1_below_4282,s1_below_2,s2_2001_2003,s3_2075_3730,s3_17_37,Truck (<=6000 lbs.),s3_28_48,Not Deployed,s2_97_208,s2_1_2,Female,s2_37_80,s3_141_159,s2_164_318,s3_80_160,s2_2_4
995,s3_1695_2555,s2_n103_99,s5_7_up,s1_below_4282,s3_3_4,s2_2001_2003,s2_760_2075,s3_17_37,Truck (<=6000 lbs.),s3_28_48,Not Deployed,s2_97_208,s1_below_1,Female,s2_37_80,s3_141_159,s2_164_318,s6_260_up,s2_2_4
996,s2_885_1695,s2_n103_99,s4_n40_7,s1_below_4282,s3_3_4,s4_2005_2007,s2_760_2075,s3_17_37,Passenger Car,s2_11_28,Deployed,s2_97_208,s2_1_2,Female,s2_37_80,s3_141_159,s2_164_318,s3_80_160,s2_2_4
997,s2_885_1695,s2_n103_99,s5_7_up,s1_below_4282,s3_3_4,s3_2003_2005,s2_760_2075,s3_17_37,Truck (<=6000 lbs.),s4_48_64,Not Deployed,s2_97_208,s2_1_2,Female,s4_96_114,s3_141_159,s2_164_318,s6_260_up,s2_2_4
998,s3_1695_2555,s2_n103_99,s4_n40_7,s1_below_4282,s1_below_2,s5_2007_2009,s3_2075_3730,s3_17_37,Passenger Car,s3_28_48,Deployed,s2_97_208,s1_below_1,Male,s4_96_114,s4_159_169,s2_164_318,s3_80_160,s2_2_4
999,s2_885_1695,s2_n103_99,s4_n40_7,s1_below_4282,s1_below_2,s2_2001_2003,s2_760_2075,s5_47_57,Passenger Car,s4_48_64,Not Deployed,s2_97_208,s1_below_1,Female,s2_37_80,s3_141_159,s2_164_318,s3_80_160,s2_2_4
1000,s2_885_1695,s2_n103_99,s4_n40_7,s1_below_4282,s4_4_5,s5_2007_2009,s2_760_2075,s4_37_47,Passenger Car,s5_64_76,Deployed,s2_97_208,s1_below_1,Female,s2_37_80,s3_141_159,s2_164_318,s3_80_160,s2_2_4
1001,s2_885_1695,s2_n103_99,s4_n40_7,s1_below_4282,s1_below_2,s2_2001_2003,s2_760_2075,s3_17_37,Passenger Car,s5_64_76,Not Deployed,s2_97_208,s1_below_1,Female,s2_37_80,s3_141_159,s2_164_318,s3_80_160,s2_2_4
1002,s2_885_1695,s2_n103_99,s4_n40_7,s1_below_4282,s1_below_2,s3_2003_2005,s2_760_2075,s3_17_37,Passenger Car,s3_28_48,Deployed,s2_97_208,s1_below_1,Female,s2_37_80,s3_141_159,s2_164_318,s3_80_160,s2_2_4
1003,s2_885_1695,s2_n103_99,s4_n40_7,s1_below_4282,s1_below_2,s3_2003_2005,s2_760_2075,s6_57_up,Passenger Car,s3_28_48,Not Deployed,s2_97_208,s3_2_3,Male,s4_96_114,s3_141_159,s2_164_318,s3_80_160,s2_2_4
1004,s3_1695_2555,s2_n103_99,s4_n40_7,s1_below_4282,s4_4_5,s5_2007_2009,s2_760_2075,s3_17_37,Truck (<=6000 lbs.),s6_76_up,Not Deployed,s2_97_208,s1_below_1,Male,s2_37_80,s4_159_169,s3_318_464,s4_160_220,s3_4_5
1005,s2_885_1695,s2_n103_99,s4_n40_7,s1_below_4282,s4_4_5,s2_2001_2003,s3_2075_3730,s3_17_37,Passenger Car,s2_11_28,Deployed,s2_97_208,s1_below_1,Female,s2_37_80,s3_141_159,s2_164_318,s3_80_160,s2_2_4
1006,s2_885_1695,s2_n103_99,s4_n40_7,s1_below_4282,s3_3_4,s2_2001_2003,s3_2075_3730,s3_17_37,Truck (<=6000 lbs.),s3_28_48,Deployed,s2_97_208,s5_4_5,Male,s6_130_up,s3_141_159,s3_318_464,s4_160_220,s2_2_4
1007,s2_885_1695,s2_n103_99,s4_n40_7,s1_below_4282,s1_below_2,s2_2001_2003,s2_760_2075,s3_17_37,Passenger Car,s3_28_48,Deployed,s2_97_208,s3_2_3,Male,s3_80_96,s3_141_159,s2_164_318,s3_80_160,s2_2_4
1008,s2_885_1695,s2_n103_99,s4_n40_7,s1_below_4282,s1_below_2,s3_2003_2005,s3_2075_3730,s3_17_37,Passenger Car,s6_76_up,Not Deployed,s2_97_208,s1_below_1,Male,s3_80_96,s3_141_159,s2_164_318,s2_40_80,s2_2_4
1009,s2_885_1695,s2_n103_99,s4_n40_7,s1_below_4282,s1_below_2,s4_2005_2007,s2_760_2075,s3_17_37,Passenger Car,s2_11_28,Deployed,s2_97_208,s1_below_1,Male,s3_80_96,s3_141_159,s2_164_318,s3_80_160,s2_2_4
1010,s2_885_1695,s2_n103_99,s4_n40_7,s1_below_4282,s4_4_5,s2_2001_2003,s2_760_2075,s3_17_37,Passenger Car,s3_28_48,Deployed,s2_97_208,s1_below_1,Female,s2_37_80,s3_141_159,s2_164_318,s3_80_160,s2_2_4
1011,s3_1695_2555,s2_n103_99,s5_7_up,s1_below_4282,s1_below_2,s5_2007_2009,s2_760_2075,s4_37_47,Passenger Car,s3_28_48,Not Deployed,s2_97_208,s1_below_1,Male,s4_96_114,s4_159_169,s2_164_318,s6_260_up,s2_2_4
1012,s2_885_1695,s2_n103_99,s4_n40_7,s1_below_4282,s1_below_2,s4_2005_2007,s3_2075_3730,s3_17_37,Passenger Car,s4_48_64,Deployed,s2_97_208,s1_below_1,Male,s3_80_96,s3_141_159,s2_164_318,s3_80_160,s2_2_4
1013,s3_1695_2555,s2_n103_99,s4_n40_7,s1_below_4282,s3_3_4,s2_2001_2003,s2_760_2075,s3_17_37,Truck (<=6000 lbs.),s2_11_28,Not Deployed,s2_97_208,s1_below_1,Female,s2_37_80,s4_159_169,s2_164_318,s3_80_160,s3_4_5
1014,s2_885_1695,s2_n103_99,s4_n40_7,s1_below_4282,s4_4_5,s4_2005_2007,s2_760_2075,s4_37_47,Passenger Car,s3_28_48,Deployed,s2_97_208,s1_below_1,Female,s2_37_80,s3_141_159,s2_164_318,s3_80_160,s2_2_4
1015,s2_885_1695,s2_n103_99,s3_n81_n40,s1_below_4282,s4_4_5,s3_2003_2005,s3_2075_3730,s5_47_57,Passenger Car,s2_11_28,Deployed,s2_97_208,s3_2_3,Female,s3_80_96,s3_141_159,s2_164_318,s3_80_160,s2_2_4
1016,s4_2555_3715,s2_n103_99,s3_n81_n40,s1_below_4282,s4_4_5,s4_2005_2007,s2_760_2075,s3_17_37,Truck (<=10000 lbs.),s2_11_28,Deployed,s2_97_208,s1_below_1,Male,s4_96_114,s5_169_179,s2_164_318,s3_80_160,s3_4_5
1017,s3_1695_2555,s2_n103_99,s4_n40_7,s2_4282_6970,s4_4_5,s3_2003_2005,s3_2075_3730,s3_17_37,Truck (<=10000 lbs.),s4_48_64,Not Deployed,s2_97_208,s5_4_5,Male,s4_96_114,s4_159_169,s2_164_318,s2_40_80,s3_4_5
1018,s2_885_1695,s2_n103_99,s4_n40_7,s1_below_4282,s1_below_2,s5_2007_2009,s2_760_2075,s4_37_47,Passenger Car,s2_11_28,Deployed,s2_97_208,s1_below_1,Female,s2_37_80,s3_141_159,s2_164_318,s4_160_220,s2_2_4
1019,s3_1695_2555,s2_n103_99,s4_n40_7,s1_below_4282,s4_4_5,s4_2005_2007,s2_760_2075,s3_17_37,Truck (<=6000 lbs.),s2_11_28,Deployed,s2_97_208,s1_below_1,Male,s2_37_80,s3_141_159,s2_164_318,s3_80_160,s2_2_4
1020,s2_885_1695,s2_n103_99,s4_n40_7,s1_below_4282,s1_below_2,s2_2001_2003,s2_760_2075,s3_17_37,Passenger Car,s2_11_28,Deployed,s2_97_208,s1_below_1,Female,s2_37_80,s3_141_159,s2_164_318,s2_40_80,s2_2_4
1021,s2_885_1695,s2_n103_99,s4_n40_7,s1_below_4282,s1_below_2,s5_2007_2009,s2_760_2075,s4_37_47,Passenger Car,s4_48_64,Not Deployed,s2_97_208,s1_below_1,Female,s2_37_80,s3_141_159,s2_164_318,s3_80_160,s2_2_4
1022,s3_1695_2555,s2_n103_99,s4_n40_7,s1_below_4282,s2_2_3,s4_2005_2007,s2_760_2075,s3_17_37,Truck (<=6000 lbs.),s4_48_64,Deployed,s2_97_208,s2_1_2,Male,s4_96_114,s3_141_159,s2_164_318,s2_40_80,s2_2_4
1023,s3_1695_2555,s2_n103_99,s4_n40_7,s1_below_4282,s3_3_4,s3_2003_2005,s2_760_2075,s4_37_47,Truck (<=10000 lbs.),s5_64_76,Not Deployed,s2_97_208,s1_below_1,Male,s4_96_114,s5_169_179,s3_318_464,s3_80_160,s4_5_6
1024,s2_885_1695,s2_n103_99,s4_n40_7,s1_below_4282,s1_below_2,s3_2003_2005,s2_760_2075,s3_17_37,Passenger Car,s2_11_28,Not Deployed,s2_97_208,s4_3_4,Female,s2_37_80,s3_141_159,s2_164_318,s1_below_40,s2_2_4
1025,s2_885_1695,s2_n103_99,s4_n40_7,s1_below_4282,s1_below_2,s3_2003_2005,s3_2075_3730,s3_17_37,Passenger Car,s4_48_64,Not Deployed,s2_97_208,s4_3_4,Male,s3_80_96,s3_141_159,s2_164_318,s3_80_160,s2_2_4
1026,s2_885_1695,s2_n103_99,s4_n40_7,s1_below_4282,s1_below_2,s5_2007_2009,s2_760_2075,s4_37_47,Passenger Car,s2_11_28,Not Deployed,s2_97_208,s1_below_1,Female,s2_37_80,s3_141_159,s2_164_318,s2_40_80,s2_2_4
1027,s4_2555_3715,s2_n103_99,s3_n81_n40,s2_4282_6970,s4_4_5,s5_2007_2009,s3_2075_3730,s4_37_47,Truck (<=10000 lbs.),s3_28_48,Deployed,s2_97_208,s2_1_2,Male,s4_96_114,s5_169_179,s3_318_464,s3_80_160,s4_5_6
1028,s3_1695_2555,s2_n103_99,s4_n40_7,s1_below_4282,s2_2_3,s3_2003_2005,s2_760_2075,s4_37_47,Truck (<=6000 lbs.),s2_11_28,Deployed,s2_97_208,s1_below_1,Male,s3_80_96,s3_141_159,s2_164_318,s3_80_160,s2_2_4
1029,s2_885_1695,s2_n103_99,s4_n40_7,s1_below_4282,s2_2_3,s5_2007_2009,s2_760_2075,s3_17_37,Passenger Car,s3_28_48,Not Deployed,s2_97_208,s1_below_1,Female,s4_96_114,s3_141_159,s2_164_318,s3_80_160,s2_2_4
1030,s2_885_1695,s2_n103_99,s5_7_up,s1_below_4282,s2_2_3,s2_2001_2003,s2_760_2075,s4_37_47,Passenger Car,s3_28_48,Deployed,s2_97_208,s1_below_1,Male,s6_130_up,s3_141_159,s2_164_318,s6_260_up,s2_2_4
1031,s3_1695_2555,s2_n103_99,s4_n40_7,s1_below_4282,s2_2_3,s3_2003_2005,s2_760_2075,s3_17_37,Truck (<=6000 lbs.),s2_11_28,Not Deployed,s2_97_208,s1_below_1,Female,s2_37_80,s4_159_169,s2_164_318,s5_220_260,s3_4_5
1032,s2_885_1695,s2_n103_99,s4_n40_7,s1_below_4282,s1_below_2,s4_2005_2007,s2_760_2075,s4_37_47,Passenger Car,s2_11_28,Deployed,s2_97_208,s1_below_1,Male,s2_37_80,s3_141_159,s2_164_318,s3_80_160,s2_2_4
1033,s2_885_1695,s2_n103_99,s5_7_up,s1_below_4282,s4_4_5,s5_2007_2009,s2_760_2075,s6_57_up,Passenger Car,s3_28_48,Deployed,s2_97_208,s1_below_1,Male,s3_80_96,s3_141_159,s2_164_318,s6_260_up,s2_2_4
1034,s2_885_1695,s2_n103_99,s4_n40_7,s1_below_4282,s2_2_3,s3_2003_2005,s2_760_2075,s4_37_47,Truck (<=6000 lbs.),s3_28_48,Not Deployed,s2_97_208,s1_below_1,Female,s3_80_96,s3_141_159,s2_164_318,s3_80_160,s2_2_4
1035,s2_885_1695,s2_n103_99,s4_n40_7,s1_below_4282,s3_3_4,s4_2005_2007,s2_760_2075,s4_37_47,Truck (<=6000 lbs.),s2_11_28,Deployed,s2_97_208,s1_below_1,Female,s2_37_80,s3_141_159,s2_164_318,s3_80_160,s2_2_4
1036,s2_885_1695,s2_n103_99,s4_n40_7,s1_below_4282,s4_4_5,s3_2003_2005,s2_760_2075,s3_17_37,Passenger Car,s3_28_48,Not Deployed,s2_97_208,s1_below_1,Female,s2_37_80,s3_141_159,s2_164_318,s3_80_160,s2_2_4
1037,s3_1695_2555,s2_n103_99,s4_n40_7,s1_below_4282,s3_3_4,s3_2003_2005,s3_2075_3730,s3_17_37,Truck (<=6000 lbs.),s3_28_48,Deployed,s2_97_208,s1_below_1,Male,s4_96_114,s4_159_169,s2_164_318,s3_80_160,s2_2_4
1038,s3_1695_2555,s2_n103_99,s4_n40_7,s1_below_4282,s3_3_4,s4_2005_2007,s2_760_2075,s3_17_37,Truck (<=6000 lbs.),s3_28_48,Deployed,s2_97_208,s1_below_1,Female,s2_37_80,s3_141_159,s2_164_318,s4_160_220,s2_2_4
1039,s2_885_1695,s2_n103_99,s4_n40_7,s1_below_4282,s4_4_5,s4_2005_2007,s2_760_2075,s4_37_47,Passenger Car,s2_11_28,Deployed,s2_97_208,s1_below_1,Female,s2_37_80,s3_141_159,s2_164_318,s3_80_160,s2_2_4
1040,s2_885_1695,s2_n103_99,s4_n40_7,s1_below_4282,s5_5_6,s4_2005_2007,s2_760_2075,s6_57_up,Passenger Car,s2_11_28,Not Deployed,s2_97_208,s1_below_1,Male,s4_96_114,s3_141_159,s2_164_318,s3_80_160,s2_2_4
1041,s3_1695_2555,s2_n103_99,s4_n40_7,s1_below_4282,s2_2_3,s3_2003_2005,s2_760_2075,s3_17_37,Truck (<=6000 lbs.),s3_28_48,Deployed,s2_97_208,s1_below_1,Male,s3_80_96,s3_141_159,s2_164_318,s2_40_80,s2_2_4
1042,s3_1695_2555,s2_n103_99,s4_n40_7,s1_below_4282,s4_4_5,s3_2003_2005,s2_760_2075,s3_17_37,Truck (<=6000 lbs.),s2_11_28,Not Deployed,s2_97_208,s1_below_1,Female,s2_37_80,s4_159_169,s2_164_318,s3_80_160,s2_2_4
1043,s2_885_1695,s2_n103_99,s2_n112_n81,s2_4282_6970,s1_below_2,s2_2001_2003,s3_2075_3730,s4_37_47,Passenger Car,s2_11_28,Deployed,s2_97_208,s6_5_up,Male,s2_37_80,s3_141_159,s2_164_318,s3_80_160,s2_2_4
1044,s2_885_1695,s2_n103_99,s3_n81_n40,s3_6970_up,s2_2_3,s2_2001_2003,s2_760_2075,s4_37_47,Truck (<=6000 lbs.),s3_28_48,Deployed,s2_97_208,s3_2_3,Female,s4_96_114,s3_141_159,s2_164_318,s4_160_220,s2_2_4
1045,s2_885_1695,s2_n103_99,s2_n112_n81,s1_below_4282,s3_3_4,s3_2003_2005,s2_760_2075,s4_37_47,Passenger Car,s2_11_28,Deployed,s2_97_208,s1_below_1,Male,s2_37_80,s3_141_159,s2_164_318,s3_80_160,s2_2_4
1046,s2_885_1695,s2_n103_99,s4_n40_7,s1_below_4282,s5_5_6,s2_2001_2003,s2_760_2075,s6_57_up,Truck (<=6000 lbs.),s4_48_64,Not Deployed,s2_97_208,s3_2_3,Female,s3_80_96,s3_141_159,s2_164_318,s2_40_80,s2_2_4
1047,s3_1695_2555,s2_n103_99,s4_n40_7,s1_below_4282,s2_2_3,s4_2005_2007,s2_760_2075,s4_37_47,Truck (<=10000 lbs.),s4_48_64,Deployed,s2_97_208,s1_below_1,Male,s3_80_96,s4_159_169,s2_164_318,s3_80_160,s2_2_4
1048,s3_1695_2555,s2_n103_99,s4_n40_7,s1_below_4282,s2_2_3,s2_2001_2003,s2_760_2075,s5_47_57,Truck (<=6000 lbs.),s5_64_76,Deployed,s2_97_208,s1_below_1,Female,s4_96_114,s3_141_159,s2_164_318,s3_80_160,s2_2_4
1049,s3_1695_2555,s2_n103_99,s3_n81_n40,s1_below_4282,s3_3_4,s4_2005_2007,s3_2075_3730,s4_37_47,Truck (<=6000 lbs.),s3_28_48,Deployed,s2_97_208,s1_below_1,Male,s2_37_80,s4_159_169,s2_164_318,s3_80_160,s3_4_5
1050,s2_885_1695,s2_n103_99,s4_n40_7,s1_below_4282,s2_2_3,s3_2003_2005,s2_760_2075,s4_37_47,Truck (<=6000 lbs.),s3_28_48,Not Deployed,s2_97_208,s1_below_1,Female,s2_37_80,s3_141_159,s2_164_318,s3_80_160,s2_2_4
1051,s3_1695_2555,s2_n103_99,s4_n40_7,s1_below_4282,s3_3_4,s5_2007_2009,s2_760_2075,s3_17_37,Truck (<=6000 lbs.),s4_48_64,Deployed,s2_97_208,s1_below_1,Male,s4_96_114,s3_141_159,s3_318_464,s3_80_160,s3_4_5
1052,s2_885_1695,s2_n103_99,s4_n40_7,s1_below_4282,s1_below_2,s3_2003_2005,s2_760_2075,s4_37_47,Passenger Car,s4_48_64,Deployed,s2_97_208,s1_below_1,Male,s4_96_114,s3_141_159,s2_164_318,s3_80_160,s2_2_4
1053,s2_885_1695,s2_n103_99,s5_7_up,s1_below_4282,s1_below_2,s4_2005_2007,s2_760_2075,s4_37_47,Passenger Car,s6_76_up,Not Deployed,s2_97_208,s1_below_1,Male,s2_37_80,s3_141_159,s2_164_318,s1_below_40,s2_2_4
1054,s2_885_1695,s2_n103_99,s4_n40_7,s1_below_4282,s3_3_4,s3_2003_2005,s2_760_2075,s3_17_37,Truck (<=6000 lbs.),s2_11_28,Deployed,s2_97_208,s1_below_1,Female,s2_37_80,s3_141_159,s2_164_318,s4_160_220,s2_2_4
1055,s2_885_1695,s2_n103_99,s4_n40_7,s1_below_4282,s1_below_2,s4_2005_2007,s2_760_2075,s3_17_37,Passenger Car,s2_11_28,Not Deployed,s2_97_208,s1_below_1,Female,s2_37_80,s3_141_159,s2_164_318,s4_160_220,s2_2_4
1056,s3_1695_2555,s2_n103_99,s4_n40_7,s1_below_4282,s1_below_2,s3_2003_2005,s2_760_2075,s3_17_37,Truck (<=10000 lbs.),s3_28_48,Not Deployed,s2_97_208,s1_below_1,Female,s3_80_96,s3_141_159,s3_318_464,s3_80_160,s3_4_5
1057,s3_1695_2555,s2_n103_99,s4_n40_7,s1_below_4282,s3_3_4,s2_2001_2003,s2_760_2075,s3_17_37,Truck (<=10000 lbs.),s3_28_48,Not Deployed,s2_97_208,s1_below_1,Male,s2_37_80,s4_159_169,s3_318_464,s4_160_220,s4_5_6
1058,s2_885_1695,s2_n103_99,s4_n40_7,s1_below_4282,s4_4_5,s3_2003_2005,s2_760_2075,s3_17_37,Passenger Car,s3_28_48,Deployed,s2_97_208,s1_below_1,Female,s6_130_up,s3_141_159,s2_164_318,s3_80_160,s2_2_4
1059,s3_1695_2555,s2_n103_99,s5_7_up,s1_below_4282,s4_4_5,s2_2001_2003,s2_760_2075,s3_17_37,Passenger Car,s3_28_48,Not Deployed,s2_97_208,s1_below_1,Male,s3_80_96,s4_159_169,s2_164_318,s6_260_up,s2_2_4
1060,s3_1695_2555,s2_n103_99,s4_n40_7,s1_below_4282,s1_below_2,s4_2005_2007,s2_760_2075,s3_17_37,Truck (<=6000 lbs.),s3_28_48,Not Deployed,s2_97_208,s1_below_1,Female,s2_37_80,s4_159_169,s2_164_318,s3_80_160,s3_4_5
1061,s2_885_1695,s2_n103_99,s4_n40_7,s1_below_4282,s4_4_5,s4_2005_2007,s3_2075_3730,s6_57_up,Truck (<=6000 lbs.),s3_28_48,Deployed,s2_97_208,s1_below_1,Male,s2_37_80,s3_141_159,s2_164_318,s3_80_160,s2_2_4
1062,s3_1695_2555,s2_n103_99,s4_n40_7,s1_below_4282,s1_below_2,s4_2005_2007,s2_760_2075,s4_37_47,Truck (<=6000 lbs.),s3_28_48,Deployed,s2_97_208,s2_1_2,Male,s4_96_114,s5_169_179,s2_164_318,s3_80_160,s3_4_5
1063,s3_1695_2555,s2_n103_99,s4_n40_7,s1_below_4282,s1_below_2,s4_2005_2007,s2_760_2075,s5_47_57,Truck (<=10000 lbs.),s4_48_64,Deployed,s2_97_208,s3_2_3,Female,s2_37_80,s4_159_169,s3_318_464,s4_160_220,s4_5_6
1064,s2_885_1695,s2_n103_99,s4_n40_7,s1_below_4282,s3_3_4,s2_2001_2003,s2_760_2075,s4_37_47,Passenger Car,s2_11_28,Deployed,s2_97_208,s1_below_1,Female,s2_37_80,s3_141_159,s2_164_318,s3_80_160,s2_2_4
1065,s2_885_1695,s2_n103_99,s4_n40_7,s1_below_4282,s1_below_2,s3_2003_2005,s3_2075_3730,s4_37_47,Passenger Car,s2_11_28,Not Deployed,s2_97_208,s1_below_1,Female,s2_37_80,s3_141_159,s2_164_318,s3_80_160,s2_2_4
1066,s3_1695_2555,s2_n103_99,s4_n40_7,s1_below_4282,s2_2_3,s4_2005_2007,s2_760_2075,s3_17_37,Truck (<=10000 lbs.),s3_28_48,Not Deployed,s2_97_208,s1_below_1,Female,s2_37_80,s3_141_159,s2_164_318,s3_80_160,s2_2_4
1067,s2_885_1695,s2_n103_99,s4_n40_7,s1_below_4282,s2_2_3,s3_2003_2005,s2_760_2075,s3_17_37,Passenger Car,s2_11_28,Deployed,s2_97_208,s1_below_1,Male,s4_96_114,s3_141_159,s2_164_318,s3_80_160,s2_2_4
1068,s2_885_1695,s2_n103_99,s4_n40_7,s1_below_4282,s2_2_3,s4_2005_2007,s3_2075_3730,s4_37_47,Passenger Car,s6_76_up,Not Deployed,s2_97_208,s1_below_1,Male,s3_80_96,s3_141_159,s2_164_318,s4_160_220,s2_2_4
1069,s3_1695_2555,s2_n103_99,s4_n40_7,s1_below_4282,s2_2_3,s2_2001_2003,s2_760_2075,s4_37_47,Truck (<=6000 lbs.),s3_28_48,Not Deployed,s2_97_208,s1_below_1,Female,s2_37_80,s3_141_159,s2_164_318,s3_80_160,s2_2_4
1070,s2_885_1695,s2_n103_99,s4_n40_7,s1_below_4282,s2_2_3,s2_2001_2003,s2_760_2075,s3_17_37,Passenger Car,s2_11_28,Not Deployed,s2_97_208,s1_below_1,Female,s2_37_80,s3_141_159,s2_164_318,s3_80_160,s2_2_4
1071,s2_885_1695,s2_n103_99,s4_n40_7,s1_below_4282,s2_2_3,s5_2007_2009,s2_760_2075,s3_17_37,Passenger Car,s2_11_28,Not Deployed,s2_97_208,s1_below_1,Female,s2_37_80,s3_141_159,s2_164_318,s3_80_160,s2_2_4
1072,s3_1695_2555,s2_n103_99,s4_n40_7,s1_below_4282,s3_3_4,s4_2005_2007,s2_760_2075,s4_37_47,Passenger Car,s3_28_48,Deployed,s2_97_208,s1_below_1,Male,s2_37_80,s3_141_159,s2_164_318,s3_80_160,s2_2_4
1073,s2_885_1695,s2_n103_99,s4_n40_7,s1_below_4282,s2_2_3,s3_2003_2005,s2_760_2075,s4_37_47,Passenger Car,s4_48_64,Deployed,s2_97_208,s1_below_1,Male,s4_96_114,s3_141_159,s2_164_318,s3_80_160,s2_2_4
1074,s2_885_1695,s2_n103_99,s4_n40_7,s1_below_4282,s1_below_2,s2_2001_2003,s2_760_2075,s3_17_37,Passenger Car,s6_76_up,Not Deployed,s2_97_208,s1_below_1,Female,s2_37_80,s3_141_159,s2_164_318,s3_80_160,s2_2_4
1075,s2_885_1695,s2_n103_99,s4_n40_7,s1_below_4282,s1_below_2,s2_2001_2003,s2_760_2075,s6_57_up,Truck (<=6000 lbs.),s2_11_28,Deployed,s2_97_208,s1_below_1,Male,s4_96_114,s3_141_159,s2_164_318,s3_80_160,s2_2_4
1076,s2_885_1695,s2_n103_99,s5_7_up,s1_below_4282,s2_2_3,s5_2007_2009,s2_760_2075,s4_37_47,Passenger Car,s4_48_64,Not Deployed,s2_97_208,s1_below_1,Female,s4_96_114,s3_141_159,s2_164_318,s6_260_up,s2_2_4
1077,s2_885_1695,s2_n103_99,s3_n81_n40,s1_below_4282,s1_below_2,s5_2007_2009,s2_760_2075,s4_37_47,Passenger Car,s3_28_48,Deployed,s2_97_208,s1_below_1,Female,s2_37_80,s3_141_159,s2_164_318,s3_80_160,s2_2_4
1078,s2_885_1695,s2_n103_99,s5_7_up,s1_below_4282,s2_2_3,s2_2001_2003,s2_760_2075,s6_57_up,Passenger Car,s3_28_48,Not Deployed,s2_97_208,s1_below_1,Female,s3_80_96,s3_141_159,s2_164_318,s6_260_up,s2_2_4
1079,s3_1695_2555,s2_n103_99,s4_n40_7,s1_below_4282,s2_2_3,s4_2005_2007,s2_760_2075,s3_17_37,Truck (<=6000 lbs.),s4_48_64,Deployed,s2_97_208,s2_1_2,Female,s4_96_114,s4_159_169,s2_164_318,s3_80_160,s3_4_5
1080,s2_885_1695,s2_n103_99,s4_n40_7,s1_below_4282,s1_below_2,s2_2001_2003,s2_760_2075,s4_37_47,Passenger Car,s2_11_28,Deployed,s2_97_208,s1_below_1,Male,s4_96_114,s3_141_159,s2_164_318,s3_80_160,s2_2_4
1081,s3_1695_2555,s2_n103_99,s4_n40_7,s1_below_4282,s3_3_4,s2_2001_2003,s2_760_2075,s6_57_up,Passenger Car,s4_48_64,Deployed,s2_97_208,s1_below_1,Female,s4_96_114,s3_141_159,s2_164_318,s3_80_160,s2_2_4
1082,s2_885_1695,s2_n103_99,s4_n40_7,s1_below_4282,s1_below_2,s5_2007_2009,s2_760_2075,s3_17_37,Passenger Car,s2_11_28,Deployed,s2_97_208,s1_below_1,Male,s3_80_96,s3_141_159,s2_164_318,s3_80_160,s2_2_4
1083,s2_885_1695,s2_n103_99,s5_7_up,s1_below_4282,s3_3_4,s4_2005_2007,s3_2075_3730,s6_57_up,Passenger Car,s3_28_48,Not Deployed,s2_97_208,s1_below_1,Female,s2_37_80,s3_141_159,s2_164_318,s6_260_up,s2_2_4
1084,s2_885_1695,s2_n103_99,s5_7_up,s1_below_4282,s2_2_3,s3_2003_2005,s2_760_2075,s4_37_47,Passenger Car,s2_11_28,Not Deployed,s2_97_208,s1_below_1,Male,s4_96_114,s3_141_159,s2_164_318,s4_160_220,s2_2_4
1085,s2_885_1695,s2_n103_99,s4_n40_7,s1_below_4282,s5_5_6,s2_2001_2003,s3_2075_3730,s4_37_47,Passenger Car,s4_48_64,Deployed,s2_97_208,s1_below_1,Female,s3_80_96,s3_141_159,s2_164_318,s3_80_160,s2_2_4
1086,s4_2555_3715,s2_n103_99,s4_n40_7,s1_below_4282,s3_3_4,s4_2005_2007,s2_760_2075,s3_17_37,Truck (<=10000 lbs.),s3_28_48,Not Deployed,s2_97_208,s1_below_1,Female,s2_37_80,s4_159_169,s2_164_318,s4_160_220,s2_2_4
1087,s2_885_1695,s2_n103_99,s4_n40_7,s1_below_4282,s1_below_2,s4_2005_2007,s2_760_2075,s5_47_57,Passenger Car,s2_11_28,Not Deployed,s2_97_208,s1_below_1,Female,s2_37_80,s3_141_159,s2_164_318,s3_80_160,s2_2_4
1088,s2_885_1695,s2_n103_99,s4_n40_7,s1_below_4282,s6_6_up,s4_2005_2007,s2_760_2075,s4_37_47,Passenger Car,s3_28_48,Deployed,s2_97_208,s1_below_1,Male,s3_80_96,s3_141_159,s2_164_318,s3_80_160,s2_2_4
1089,s2_885_1695,s2_n103_99,s4_n40_7,s1_below_4282,s1_below_2,s4_2005_2007,s2_760_2075,s3_17_37,Passenger Car,s2_11_28,Deployed,s2_97_208,s1_below_1,Female,s2_37_80,s3_141_159,s2_164_318,s3_80_160,s2_2_4
1090,s2_885_1695,s2_n103_99,s4_n40_7,s1_below_4282,s3_3_4,s5_2007_2009,s2_760_2075,s4_37_47,Passenger Car,s2_11_28,Deployed,s2_97_208,s1_below_1,Female,s2_37_80,s3_141_159,s2_164_318,s4_160_220,s2_2_4
1091,s3_1695_2555,s2_n103_99,s4_n40_7,s1_below_4282,s1_below_2,s3_2003_2005,s2_760_2075,s3_17_37,Passenger Car,s5_64_76,Deployed,s2_97_208,s2_1_2,Male,s2_37_80,s3_141_159,s2_164_318,s2_40_80,s2_2_4
1092,s2_885_1695,s2_n103_99,s4_n40_7,s1_below_4282,s2_2_3,s5_2007_2009,s2_760_2075,s4_37_47,Passenger Car,s2_11_28,Deployed,s2_97_208,s1_below_1,Female,s2_37_80,s3_141_159,s2_164_318,s3_80_160,s2_2_4
1093,s2_885_1695,s2_n103_99,s4_n40_7,s1_below_4282,s2_2_3,s2_2001_2003,s2_760_2075,s3_17_37,Passenger Car,s2_11_28,Deployed,s2_97_208,s1_below_1,Male,s3_80_96,s3_141_159,s2_164_318,s4_160_220,s2_2_4
1094,s2_885_1695,s2_n103_99,s5_7_up,s1_below_4282,s5_5_6,s3_2003_2005,s2_760_2075,s4_37_47,Passenger Car,s4_48_64,Not Deployed,s2_97_208,s1_below_1,Female,s2_37_80,s3_141_159,s2_164_318,s6_260_up,s2_2_4
1095,s2_885_1695,s2_n103_99,s4_n40_7,s1_below_4282,s2_2_3,s4_2005_2007,s2_760_2075,s4_37_47,Passenger Car,s2_11_28,Not Deployed,s2_97_208,s1_below_1,Male,s2_37_80,s3_141_159,s2_164_318,s3_80_160,s2_2_4
1096,s2_885_1695,s2_n103_99,s4_n40_7,s1_below_4282,s1_below_2,s4_2005_2007,s3_2075_3730,s4_37_47,Passenger Car,s2_11_28,Deployed,s2_97_208,s1_below_1,Female,s2_37_80,s3_141_159,s2_164_318,s4_160_220,s2_2_4
1097,s2_885_1695,s2_n103_99,s4_n40_7,s1_below_4282,s3_3_4,s4_2005_2007,s3_2075_3730,s6_57_up,Passenger Car,s3_28_48,Not Deployed,s2_97_208,s1_below_1,Male,s3_80_96,s3_141_159,s2_164_318,s3_80_160,s2_2_4
1098,s3_1695_2555,s2_n103_99,s4_n40_7,s1_below_4282,s3_3_4,s3_2003_2005,s3_2075_3730,s6_57_up,Truck (<=10000 lbs.),s3_28_48,Not Deployed,s2_97_208,s1_below_1,Female,s2_37_80,s4_159_169,s3_318_464,s3_80_160,s4_5_6
1099,s2_885_1695,s2_n103_99,s4_n40_7,s1_below_4282,s2_2_3,s3_2003_2005,s2_760_2075,s4_37_47,Passenger Car,s2_11_28,Not Deployed,s2_97_208,s1_below_1,Female,s2_37_80,s3_141_159,s2_164_318,s3_80_160,s2_2_4
1100,s2_885_1695,s2_n103_99,s4_n40_7,s1_below_4282,s1_below_2,s2_2001_2003,s2_760_2075,s3_17_37,Passenger Car,s2_11_28,Deployed,s2_97_208,s1_below_1,Female,s2_37_80,s3_141_159,s2_164_318,s3_80_160,s2_2_4
1101,s2_885_1695,s2_n103_99,s5_7_up,s1_below_4282,s6_6_up,s5_2007_2009,s2_760_2075,s4_37_47,Passenger Car,s4_48_64,Not Deployed,s2_97_208,s1_below_1,Male,s3_80_96,s3_141_159,s2_164_318,s6_260_up,s2_2_4
1102,s3_1695_2555,s2_n103_99,s4_n40_7,s1_below_4282,s3_3_4,s4_2005_2007,s2_760_2075,s3_17_37,Passenger Car,s3_28_48,Deployed,s2_97_208,s1_below_1,Male,s2_37_80,s4_159_169,s2_164_318,s3_80_160,s3_4_5
1103,s2_885_1695,s2_n103_99,s4_n40_7,s1_below_4282,s1_below_2,s5_2007_2009,s2_760_2075,s3_17_37,Truck (<=6000 lbs.),s2_11_28,Not Deployed,s2_97_208,s1_below_1,Female,s3_80_96,s3_141_159,s2_164_318,s2_40_80,s2_2_4
1104,s2_885_1695,s2_n103_99,s5_7_up,s1_below_4282,s2_2_3,s3_2003_2005,s2_760_2075,s6_57_up,Passenger Car,s2_11_28,Not Deployed,s2_97_208,s1_below_1,Female,s2_37_80,s3_141_159,s2_164_318,s6_260_up,s2_2_4
1105,s2_885_1695,s2_n103_99,s4_n40_7,s1_below_4282,s2_2_3,s5_2007_2009,s2_760_2075,s3_17_37,Passenger Car,s4_48_64,Not Deployed,s2_97_208,s2_1_2,Male,s3_80_96,s3_141_159,s2_164_318,s2_40_80,s2_2_4
1106,s2_885_1695,s2_n103_99,s4_n40_7,s1_below_4282,s4_4_5,s2_2001_2003,s2_760_2075,s4_37_47,Passenger Car,s2_11_28,Deployed,s2_97_208,s1_below_1,Female,s2_37_80,s3_141_159,s2_164_318,s3_80_160,s2_2_4
1107,s2_885_1695,s2_n103_99,s4_n40_7,s1_below_4282,s2_2_3,s3_2003_2005,s2_760_2075,s5_47_57,Passenger Car,s4_48_64,Deployed,s2_97_208,s2_1_2,Male,s3_80_96,s3_141_159,s2_164_318,s3_80_160,s2_2_4
1108,s3_1695_2555,s2_n103_99,s5_7_up,s1_below_4282,s3_3_4,s2_2001_2003,s2_760_2075,s4_37_47,Passenger Car,s2_11_28,Not Deployed,s2_97_208,s1_below_1,Female,s2_37_80,s3_141_159,s2_164_318,s6_260_up,s2_2_4
1109,s2_885_1695,s2_n103_99,s4_n40_7,s1_below_4282,s4_4_5,s3_2003_2005,s2_760_2075,s4_37_47,Passenger Car,s4_48_64,Deployed,s2_97_208,s2_1_2,Female,s2_37_80,s3_141_159,s2_164_318,s4_160_220,s2_2_4
1110,s2_885_1695,s2_n103_99,s4_n40_7,s1_below_4282,s2_2_3,s2_2001_2003,s2_760_2075,s4_37_47,Passenger Car,s5_64_76,Deployed,s2_97_208,s2_1_2,Female,s2_37_80,s3_141_159,s2_164_318,s3_80_160,s2_2_4
1111,s3_1695_2555,s2_n103_99,s4_n40_7,s1_below_4282,s3_3_4,s2_2001_2003,s2_760_2075,s5_47_57,Passenger Car,s2_11_28,Not Deployed,s2_97_208,s3_2_3,Male,s2_37_80,s3_141_159,s2_164_318,s3_80_160,s2_2_4
1112,s2_885_1695,s2_n103_99,s4_n40_7,s1_below_4282,s1_below_2,s4_2005_2007,s2_760_2075,s3_17_37,Passenger Car,s2_11_28,Not Deployed,s2_97_208,s1_below_1,Male,s2_37_80,s3_141_159,s2_164_318,s3_80_160,s2_2_4
1113,s3_1695_2555,s2_n103_99,s4_n40_7,s1_below_4282,s1_below_2,s3_2003_2005,s2_760_2075,s6_57_up,Truck (<=6000 lbs.),s3_28_48,Not Deployed,s2_97_208,s1_below_1,Female,s3_80_96,s4_159_169,s2_164_318,s3_80_160,s2_2_4
1114,s2_885_1695,s2_n103_99,s4_n40_7,s1_below_4282,s2_2_3,s2_2001_2003,s2_760_2075,s3_17_37,Passenger Car,s3_28_48,Not Deployed,s2_97_208,s1_below_1,Female,s5_114_130,s3_141_159,s2_164_318,s4_160_220,s2_2_4
1115,s4_2555_3715,s2_n103_99,s4_n40_7,s1_below_4282,s1_below_2,s3_2003_2005,s3_2075_3730,s3_17_37,Truck (<=10000 lbs.),s3_28_48,Not Deployed,s2_97_208,s1_below_1,Male,s3_80_96,s5_169_179,s3_318_464,s3_80_160,s5_6_7
1116,s3_1695_2555,s2_n103_99,s4_n40_7,s1_below_4282,s1_below_2,s3_2003_2005,s2_760_2075,s3_17_37,Truck (<=10000 lbs.),s3_28_48,Not Deployed,s2_97_208,s1_below_1,Female,s2_37_80,s3_141_159,s3_318_464,s3_80_160,s3_4_5
1117,s3_1695_2555,s2_n103_99,s4_n40_7,s1_below_4282,s3_3_4,s2_2001_2003,s2_760_2075,s6_57_up,Truck (<=6000 lbs.),s2_11_28,Deployed,s2_97_208,s2_1_2,Female,s2_37_80,s3_141_159,s2_164_318,s3_80_160,s2_2_4
1118,s2_885_1695,s2_n103_99,s5_7_up,s1_below_4282,s3_3_4,s5_2007_2009,s2_760_2075,s4_37_47,Passenger Car,s3_28_48,Not Deployed,s2_97_208,s1_below_1,Male,s2_37_80,s3_141_159,s2_164_318,s6_260_up,s2_2_4
1119,s2_885_1695,s2_n103_99,s4_n40_7,s1_below_4282,s1_below_2,s3_2003_2005,s2_760_2075,s3_17_37,Passenger Car,s3_28_48,Deployed,s2_97_208,s1_below_1,Female,s2_37_80,s3_141_159,s2_164_318,s3_80_160,s2_2_4
1120,s4_2555_3715,s2_n103_99,s4_n40_7,s1_below_4282,s2_2_3,s3_2003_2005,s3_2075_3730,s4_37_47,Truck (<=10000 lbs.),s3_28_48,Deployed,s2_97_208,s3_2_3,Female,s2_37_80,s5_169_179,s2_164_318,s3_80_160,s3_4_5
1121,s2_885_1695,s2_n103_99,s4_n40_7,s1_below_4282,s6_6_up,s4_2005_2007,s2_760_2075,s4_37_47,Passenger Car,s5_64_76,Deployed,s2_97_208,s1_below_1,Male,s4_96_114,s3_141_159,s2_164_318,s3_80_160,s2_2_4
1122,s3_1695_2555,s2_n103_99,s3_n81_n40,s1_below_4282,s3_3_4,s4_2005_2007,s3_2075_3730,s4_37_47,Truck (<=10000 lbs.),s3_28_48,Deployed,s2_97_208,s1_below_1,Female,s2_37_80,s4_159_169,s3_318_464,s3_80_160,s4_5_6
1123,s3_1695_2555,s2_n103_99,s4_n40_7,s1_below_4282,s3_3_4,s4_2005_2007,s3_2075_3730,s4_37_47,Truck (<=6000 lbs.),s3_28_48,Not Deployed,s2_97_208,s1_below_1,Female,s2_37_80,s4_159_169,s2_164_318,s3_80_160,s3_4_5
1124,s3_1695_2555,s2_n103_99,s4_n40_7,s1_below_4282,s3_3_4,s3_2003_2005,s2_760_2075,s4_37_47,Passenger Car,s6_76_up,Deployed,s2_97_208,s2_1_2,Male,s2_37_80,s4_159_169,s2_164_318,s4_160_220,s2_2_4
1125,s2_885_1695,s2_n103_99,s5_7_up,s1_below_4282,s3_3_4,s3_2003_2005,s3_2075_3730,s6_57_up,Passenger Car,s2_11_28,Not Deployed,s2_97_208,s1_below_1,Male,s2_37_80,s3_141_159,s2_164_318,s6_260_up,s2_2_4
1126,s2_885_1695,s2_n103_99,s4_n40_7,s1_below_4282,s1_below_2,s4_2005_2007,s3_2075_3730,s3_17_37,Passenger Car,s4_48_64,Not Deployed,s2_97_208,s1_below_1,Male,s2_37_80,s3_141_159,s2_164_318,s3_80_160,s2_2_4
1127,s2_885_1695,s2_n103_99,s4_n40_7,s1_below_4282,s3_3_4,s2_2001_2003,s3_2075_3730,s4_37_47,Passenger Car,s4_48_64,Not Deployed,s2_97_208,s1_below_1,Female,s3_80_96,s3_141_159,s2_164_318,s3_80_160,s2_2_4
1128,s2_885_1695,s2_n103_99,s4_n40_7,s1_below_4282,s3_3_4,s2_2001_2003,s2_760_2075,s4_37_47,Passenger Car,s2_11_28,Not Deployed,s2_97_208,s1_below_1,Female,s2_37_80,s3_141_159,s2_164_318,s3_80_160,s2_2_4
1129,s2_885_1695,s2_n103_99,s4_n40_7,s1_below_4282,s1_below_2,s2_2001_2003,s2_760_2075,s3_17_37,Truck (<=6000 lbs.),s3_28_48,Not Deployed,s2_97_208,s1_below_1,Male,s3_80_96,s3_141_159,s2_164_318,s1_below_40,s2_2_4
1130,s3_1695_2555,s2_n103_99,s4_n40_7,s1_below_4282,s4_4_5,s2_2001_2003,s2_760_2075,s4_37_47,Truck (<=6000 lbs.),s3_28_48,Not Deployed,s2_97_208,s1_below_1,Male,s3_80_96,s3_141_159,s2_164_318,s3_80_160,s2_2_4
1131,s3_1695_2555,s2_n103_99,s4_n40_7,s1_below_4282,s2_2_3,s5_2007_2009,s2_760_2075,s4_37_47,Truck (<=6000 lbs.),s2_11_28,Deployed,s2_97_208,s2_1_2,Female,s4_96_114,s3_141_159,s2_164_318,s3_80_160,s2_2_4
1132,s2_885_1695,s2_n103_99,s4_n40_7,s1_below_4282,s2_2_3,s4_2005_2007,s2_760_2075,s6_57_up,Truck (<=6000 lbs.),s5_64_76,Not Deployed,s2_97_208,s2_1_2,Female,s3_80_96,s3_141_159,s2_164_318,s3_80_160,s2_2_4
1133,s2_885_1695,s2_n103_99,s4_n40_7,s1_below_4282,s1_below_2,s3_2003_2005,s3_2075_3730,s3_17_37,Passenger Car,s4_48_64,Not Deployed,s2_97_208,s1_below_1,Female,s2_37_80,s3_141_159,s2_164_318,s4_160_220,s2_2_4
1134,s2_885_1695,s2_n103_99,s4_n40_7,s1_below_4282,s5_5_6,s4_2005_2007,s2_760_2075,s3_17_37,Passenger Car,s2_11_28,Not Deployed,s2_97_208,s1_below_1,Female,s2_37_80,s3_141_159,s2_164_318,s3_80_160,s2_2_4
1135,s2_885_1695,s2_n103_99,s4_n40_7,s1_below_4282,s6_6_up,s2_2001_2003,s2_760_2075,s4_37_47,Passenger Car,s3_28_48,Not Deployed,s2_97_208,s1_below_1,Male,s2_37_80,s3_141_159,s2_164_318,s3_80_160,s2_2_4
1136,s3_1695_2555,s2_n103_99,s5_7_up,s1_below_4282,s4_4_5,s4_2005_2007,s2_760_2075,s3_17_37,Truck (<=6000 lbs.),s3_28_48,Not Deployed,s2_97_208,s1_below_1,Female,s3_80_96,s4_159_169,s2_164_318,s6_260_up,s3_4_5
1137,s3_1695_2555,s2_n103_99,s4_n40_7,s1_below_4282,s5_5_6,s5_2007_2009,s2_760_2075,s4_37_47,Truck (<=6000 lbs.),s5_64_76,Not Deployed,s2_97_208,s1_below_1,Female,s2_37_80,s3_141_159,s2_164_318,s4_160_220,s2_2_4
1138,s3_1695_2555,s2_n103_99,s4_n40_7,s1_below_4282,s3_3_4,s3_2003_2005,s2_760_2075,s3_17_37,Truck (<=10000 lbs.),s3_28_48,Deployed,s2_97_208,s1_below_1,Male,s4_96_114,s4_159_169,s2_164_318,s3_80_160,s3_4_5
1139,s3_1695_2555,s2_n103_99,s4_n40_7,s1_below_4282,s4_4_5,s2_2001_2003,s2_760_2075,s4_37_47,Truck (<=6000 lbs.),s2_11_28,Not Deployed,s2_97_208,s1_below_1,Male,s3_80_96,s3_141_159,s2_164_318,s4_160_220,s2_2_4
1140,s2_885_1695,s2_n103_99,s5_7_up,s1_below_4282,s4_4_5,s5_2007_2009,s3_2075_3730,s4_37_47,Truck (<=6000 lbs.),s5_64_76,Not Deployed,s2_97_208,s1_below_1,Female,s2_37_80,s3_141_159,s2_164_318,s6_260_up,s2_2_4
1141,s2_885_1695,s2_n103_99,s4_n40_7,s1_below_4282,s5_5_6,s4_2005_2007,s2_760_2075,s3_17_37,Passenger Car,s6_76_up,Not Deployed,s2_97_208,s1_below_1,Male,s5_114_130,s3_141_159,s2_164_318,s4_160_220,s2_2_4
1142,s4_2555_3715,s2_n103_99,s4_n40_7,s1_below_4282,s1_below_2,s4_2005_2007,s2_760_2075,s3_17_37,Truck (<=10000 lbs.),s5_64_76,Deployed,s2_97_208,s1_below_1,Male,s4_96_114,s5_169_179,s3_318_464,s3_80_160,s4_5_6
1143,s3_1695_2555,s2_n103_99,s4_n40_7,s1_below_4282,s1_below_2,s3_2003_2005,s2_760_2075,s3_17_37,Truck (<=6000 lbs.),s4_48_64,Not Deployed,s2_97_208,s1_below_1,Female,s3_80_96,s3_141_159,s2_164_318,s3_80_160,s2_2_4
1144,s2_885_1695,s2_n103_99,s4_n40_7,s1_below_4282,s5_5_6,s4_2005_2007,s3_2075_3730,s4_37_47,Passenger Car,s2_11_28,Deployed,s2_97_208,s1_below_1,Male,s2_37_80,s3_141_159,s2_164_318,s3_80_160,s2_2_4
1145,s3_1695_2555,s2_n103_99,s5_7_up,s1_below_4282,s5_5_6,s4_2005_2007,s2_760_2075,s4_37_47,Truck (<=10000 lbs.),s2_11_28,Not Deployed,s2_97_208,s1_below_1,Male,s2_37_80,s3_141_159,s2_164_318,s6_260_up,s2_2_4
1146,s3_1695_2555,s2_n103_99,s4_n40_7,s1_below_4282,s5_5_6,s2_2001_2003,s2_760_2075,s3_17_37,Truck (<=6000 lbs.),s4_48_64,Deployed,s2_97_208,s1_below_1,Male,s2_37_80,s3_141_159,s2_164_318,s3_80_160,s2_2_4
1147,s3_1695_2555,s2_n103_99,s4_n40_7,s1_below_4282,s3_3_4,s3_2003_2005,s2_760_2075,s3_17_37,Truck (<=6000 lbs.),s3_28_48,Not Deployed,s2_97_208,s1_below_1,Female,s3_80_96,s3_141_159,s2_164_318,s3_80_160,s2_2_4
1148,s2_885_1695,s2_n103_99,s5_7_up,s1_below_4282,s2_2_3,s2_2001_2003,s2_760_2075,s3_17_37,Passenger Car,s3_28_48,Not Deployed,s2_97_208,s1_below_1,Male,s3_80_96,s3_141_159,s2_164_318,s6_260_up,s2_2_4
1149,s3_1695_2555,s2_n103_99,s4_n40_7,s1_below_4282,s2_2_3,s3_2003_2005,s2_760_2075,s3_17_37,Truck (<=6000 lbs.),s3_28_48,Not Deployed,s2_97_208,s1_below_1,Female,s2_37_80,s4_159_169,s2_164_318,s3_80_160,s3_4_5
1150,s2_885_1695,s2_n103_99,s4_n40_7,s1_below_4282,s2_2_3,s2_2001_2003,s2_760_2075,s3_17_37,Passenger Car,s3_28_48,Not Deployed,s2_97_208,s1_below_1,Female,s2_37_80,s3_141_159,s2_164_318,s2_40_80,s2_2_4
1151,s2_885_1695,s2_n103_99,s4_n40_7,s1_below_4282,s3_3_4,s2_2001_2003,s2_760_2075,s4_37_47,Passenger Car,s2_11_28,Not Deployed,s2_97_208,s1_below_1,Male,s2_37_80,s3_141_159,s2_164_318,s3_80_160,s2_2_4
1152,s2_885_1695,s2_n103_99,s5_7_up,s1_below_4282,s1_below_2,s3_2003_2005,s2_760_2075,s6_57_up,Truck (<=6000 lbs.),s4_48_64,Deployed,s2_97_208,s1_below_1,Male,s4_96_114,s3_141_159,s2_164_318,s6_260_up,s2_2_4
1153,s2_885_1695,s2_n103_99,s4_n40_7,s1_below_4282,s3_3_4,s3_2003_2005,s3_2075_3730,s5_47_57,Passenger Car,s2_11_28,Deployed,s2_97_208,s1_below_1,Male,s2_37_80,s3_141_159,s2_164_318,s3_80_160,s2_2_4
1154,s3_1695_2555,s2_n103_99,s4_n40_7,s1_below_4282,s2_2_3,s4_2005_2007,s2_760_2075,s4_37_47,Truck (<=6000 lbs.),s3_28_48,Not Deployed,s2_97_208,s1_below_1,Female,s2_37_80,s3_141_159,s2_164_318,s2_40_80,s2_2_4
1155,s2_885_1695,s2_n103_99,s4_n40_7,s1_below_4282,s3_3_4,s4_2005_2007,s2_760_2075,s4_37_47,Passenger Car,s2_11_28,Deployed,s2_97_208,s1_below_1,Male,s2_37_80,s3_141_159,s2_164_318,s3_80_160,s2_2_4
1156,s2_885_1695,s2_n103_99,s4_n40_7,s1_below_4282,s3_3_4,s2_2001_2003,s2_760_2075,s3_17_37,Passenger Car,s5_64_76,Not Deployed,s2_97_208,s1_below_1,Female,s2_37_80,s3_141_159,s2_164_318,s4_160_220,s2_2_4
1157,s2_885_1695,s2_n103_99,s4_n40_7,s1_below_4282,s1_below_2,s2_2001_2003,s2_760_2075,s4_37_47,Passenger Car,s2_11_28,Not Deployed,s2_97_208,s1_below_1,Female,s2_37_80,s3_141_159,s2_164_318,s3_80_160,s2_2_4
1158,s2_885_1695,s2_n103_99,s4_n40_7,s1_below_4282,s1_below_2,s3_2003_2005,s2_760_2075,s3_17_37,Passenger Car,s2_11_28,Not Deployed,s2_97_208,s1_below_1,Male,s2_37_80,s3_141_159,s2_164_318,s3_80_160,s2_2_4
1159,s2_885_1695,s2_n103_99,s4_n40_7,s1_below_4282,s1_below_2,s5_2007_2009,s2_760_2075,s4_37_47,Truck (<=6000 lbs.),s4_48_64,Deployed,s2_97_208,s2_1_2,Male,s3_80_96,s3_141_159,s2_164_318,s3_80_160,s2_2_4
1160,s3_1695_2555,s2_n103_99,s4_n40_7,s1_below_4282,s4_4_5,s2_2001_2003,s2_760_2075,s3_17_37,Truck (<=6000 lbs.),s3_28_48,Not Deployed,s2_97_208,s1_below_1,Female,s2_37_80,s4_159_169,s2_164_318,s3_80_160,s2_2_4
1161,s3_1695_2555,s2_n103_99,s4_n40_7,s1_below_4282,s3_3_4,s4_2005_2007,s2_760_2075,s3_17_37,Truck (<=10000 lbs.),s2_11_28,Not Deployed,s2_97_208,s1_below_1,Male,s2_37_80,s5_169_179,s3_318_464,s3_80_160,s4_5_6
1162,s2_885_1695,s2_n103_99,s4_n40_7,s1_below_4282,s1_below_2,s2_2001_2003,s2_760_2075,s3_17_37,Passenger Car,s2_11_28,Not Deployed,s2_97_208,s1_below_1,Female,s3_80_96,s3_141_159,s2_164_318,s4_160_220,s2_2_4
1163,s2_885_1695,s2_n103_99,s4_n40_7,s1_below_4282,s3_3_4,s2_2001_2003,s2_760_2075,s4_37_47,Truck (<=6000 lbs.),s3_28_48,Not Deployed,s2_97_208,s1_below_1,Female,s3_80_96,s3_141_159,s2_164_318,s4_160_220,s2_2_4
1164,s2_885_1695,s2_n103_99,s4_n40_7,s1_below_4282,s1_below_2,s2_2001_2003,s2_760_2075,s3_17_37,Passenger Car,s4_48_64,Not Deployed,s2_97_208,s1_below_1,Male,s3_80_96,s3_141_159,s2_164_318,s3_80_160,s2_2_4
1165,s2_885_1695,s2_n103_99,s5_7_up,s1_below_4282,s1_below_2,s3_2003_2005,s2_760_2075,s5_47_57,Passenger Car,s3_28_48,Not Deployed,s2_97_208,s1_below_1,Female,s2_37_80,s3_141_159,s2_164_318,s6_260_up,s2_2_4
1166,s2_885_1695,s2_n103_99,s4_n40_7,s1_below_4282,s1_below_2,s3_2003_2005,s2_760_2075,s1_below_7,Truck (<=6000 lbs.),s2_11_28,Not Deployed,s2_97_208,s1_below_1,Male,s3_80_96,s3_141_159,s2_164_318,s4_160_220,s2_2_4
1167,s2_885_1695,s2_n103_99,s4_n40_7,s1_below_4282,s4_4_5,s3_2003_2005,s2_760_2075,s3_17_37,Passenger Car,s6_76_up,Deployed,s2_97_208,s1_below_1,Male,s2_37_80,s3_141_159,s2_164_318,s3_80_160,s2_2_4
1168,s2_885_1695,s2_n103_99,s4_n40_7,s1_below_4282,s4_4_5,s2_2001_2003,s2_760_2075,s3_17_37,Passenger Car,s2_11_28,Deployed,s2_97_208,s1_below_1,Male,s4_96_114,s3_141_159,s2_164_318,s3_80_160,s2_2_4
1169,s2_885_1695,s2_n103_99,s4_n40_7,s1_below_4282,s1_below_2,s5_2007_2009,s2_760_2075,s5_47_57,Passenger Car,s2_11_28,Deployed,s2_97_208,s2_1_2,Male,s4_96_114,s3_141_159,s2_164_318,s3_80_160,s2_2_4
1170,s2_885_1695,s2_n103_99,s4_n40_7,s1_below_4282,s1_below_2,s2_2001_2003,s3_2075_3730,s3_17_37,Passenger Car,s5_64_76,Not Deployed,s2_97_208,s1_below_1,Male,s4_96_114,s3_141_159,s2_164_318,s3_80_160,s2_2_4
1171,s3_1695_2555,s2_n103_99,s3_n81_n40,s1_below_4282,s1_below_2,s3_2003_2005,s3_2075_3730,s5_47_57,Truck (<=6000 lbs.),s4_48_64,Deployed,s2_97_208,s2_1_2,Male,s3_80_96,s5_169_179,s2_164_318,s3_80_160,s2_2_4
1172,s3_1695_2555,s2_n103_99,s4_n40_7,s1_below_4282,s2_2_3,s2_2001_2003,s2_760_2075,s3_17_37,Truck (<=10000 lbs.),s2_11_28,Not Deployed,s2_97_208,s1_below_1,Male,s2_37_80,s4_159_169,s2_164_318,s2_40_80,s3_4_5
1173,s3_1695_2555,s2_n103_99,s4_n40_7,s1_below_4282,s3_3_4,s5_2007_2009,s2_760_2075,s5_47_57,Truck (<=6000 lbs.),s3_28_48,Deployed,s2_97_208,s1_below_1,Male,s2_37_80,s3_141_159,s2_164_318,s3_80_160,s2_2_4
1174,s2_885_1695,s2_n103_99,s4_n40_7,s1_below_4282,s1_below_2,s2_2001_2003,s2_760_2075,s3_17_37,Passenger Car,s3_28_48,Not Deployed,s2_97_208,s1_below_1,Female,s2_37_80,s3_141_159,s2_164_318,s3_80_160,s2_2_4
1175,s3_1695_2555,s2_n103_99,s4_n40_7,s1_below_4282,s4_4_5,s3_2003_2005,s2_760_2075,s3_17_37,Truck (<=6000 lbs.),s4_48_64,Deployed,s2_97_208,s1_below_1,Female,s2_37_80,s3_141_159,s2_164_318,s3_80_160,s2_2_4
1176,s2_885_1695,s2_n103_99,s4_n40_7,s1_below_4282,s1_below_2,s2_2001_2003,s2_760_2075,s4_37_47,Passenger Car,s4_48_64,Deployed,s2_97_208,s1_below_1,Male,s4_96_114,s3_141_159,s2_164_318,s3_80_160,s2_2_4
1177,s2_885_1695,s2_n103_99,s5_7_up,s1_below_4282,s1_below_2,s2_2001_2003,s2_760_2075,s5_47_57,Passenger Car,s3_28_48,Not Deployed,s2_97_208,s1_below_1,Female,s2_37_80,s3_141_159,s2_164_318,s6_260_up,s2_2_4
1178,s2_885_1695,s2_n103_99,s4_n40_7,s1_below_4282,s1_below_2,s2_2001_2003,s2_760_2075,s6_57_up,Passenger Car,s4_48_64,Deployed,s2_97_208,s3_2_3,Male,s2_37_80,s3_141_159,s2_164_318,s3_80_160,s2_2_4
1179,s2_885_1695,s2_n103_99,s4_n40_7,s1_below_4282,s1_below_2,s4_2005_2007,s3_2075_3730,s3_17_37,Passenger Car,s2_11_28,Not Deployed,s2_97_208,s1_below_1,Female,s2_37_80,s3_141_159,s2_164_318,s3_80_160,s2_2_4
1180,s3_1695_2555,s2_n103_99,s4_n40_7,s1_below_4282,s1_below_2,s3_2003_2005,s2_760_2075,s6_57_up,Truck (<=10000 lbs.),s3_28_48,Not Deployed,s2_97_208,s1_below_1,Male,s2_37_80,s4_159_169,s3_318_464,s3_80_160,s4_5_6
1181,s2_885_1695,s2_n103_99,s5_7_up,s1_below_4282,s4_4_5,s5_2007_2009,s2_760_2075,s3_17_37,Passenger Car,s4_48_64,Not Deployed,s2_97_208,s1_below_1,Female,s2_37_80,s3_141_159,s2_164_318,s6_260_up,s2_2_4
1182,s2_885_1695,s2_n103_99,s4_n40_7,s1_below_4282,s4_4_5,s5_2007_2009,s2_760_2075,s3_17_37,Passenger Car,s2_11_28,Not Deployed,s2_97_208,s1_below_1,Male,s2_37_80,s3_141_159,s2_164_318,s4_160_220,s2_2_4
1183,s3_1695_2555,s2_n103_99,s4_n40_7,s1_below_4282,s4_4_5,s5_2007_2009,s2_760_2075,s3_17_37,Truck (<=10000 lbs.),s3_28_48,Not Deployed,s2_97_208,s1_below_1,Male,s3_80_96,s5_169_179,s3_318_464,s3_80_160,s4_5_6
1184,s2_885_1695,s2_n103_99,s4_n40_7,s1_below_4282,s4_4_5,s3_2003_2005,s2_760_2075,s3_17_37,Passenger Car,s2_11_28,Not Deployed,s2_97_208,s2_1_2,Female,s2_37_80,s3_141_159,s2_164_318,s3_80_160,s2_2_4
1185,s2_885_1695,s2_n103_99,s4_n40_7,s1_below_4282,s4_4_5,s3_2003_2005,s2_760_2075,s3_17_37,Passenger Car,s3_28_48,Not Deployed,s2_97_208,s1_below_1,Female,s2_37_80,s3_141_159,s2_164_318,s3_80_160,s2_2_4
1186,s2_885_1695,s2_n103_99,s4_n40_7,s1_below_4282,s4_4_5,s3_2003_2005,s3_2075_3730,s3_17_37,Passenger Car,s4_48_64,Deployed,s2_97_208,s1_below_1,Male,s3_80_96,s3_141_159,s2_164_318,s3_80_160,s2_2_4
1187,s3_1695_2555,s2_n103_99,s4_n40_7,s1_below_4282,s1_below_2,s4_2005_2007,s2_760_2075,s3_17_37,Truck (<=10000 lbs.),s4_48_64,Not Deployed,s2_97_208,s1_below_1,Female,s4_96_114,s5_169_179,s3_318_464,s4_160_220,s4_5_6
1188,s3_1695_2555,s2_n103_99,s4_n40_7,s1_below_4282,s1_below_2,s4_2005_2007,s3_2075_3730,s5_47_57,Passenger Car,s4_48_64,Deployed,s2_97_208,s1_below_1,Male,s5_114_130,s4_159_169,s2_164_318,s3_80_160,s3_4_5
1189,s4_2555_3715,s2_n103_99,s5_7_up,s1_below_4282,s1_below_2,s4_2005_2007,s2_760_2075,s5_47_57,Truck (<=10000 lbs.),s4_48_64,Not Deployed,s2_97_208,s2_1_2,Male,s3_80_96,s5_169_179,s3_318_464,s6_260_up,s5_6_7
1190,s3_1695_2555,s2_n103_99,s4_n40_7,s1_below_4282,s1_below_2,s2_2001_2003,s2_760_2075,s5_47_57,Truck (<=6000 lbs.),s3_28_48,Not Deployed,s2_97_208,s1_below_1,Male,s4_96_114,s4_159_169,s2_164_318,s2_40_80,s3_4_5
1191,s2_885_1695,s2_n103_99,s4_n40_7,s1_below_4282,s4_4_5,s5_2007_2009,s2_760_2075,s4_37_47,Passenger Car,s2_11_28,Deployed,s2_97_208,s1_below_1,Female,s2_37_80,s3_141_159,s2_164_318,s4_160_220,s2_2_4
1192,s2_885_1695,s2_n103_99,s4_n40_7,s1_below_4282,s1_below_2,s3_2003_2005,s2_760_2075,s4_37_47,Passenger Car,s2_11_28,Deployed,s2_97_208,s1_below_1,Female,s2_37_80,s3_141_159,s2_164_318,s3_80_160,s2_2_4
1193,s3_1695_2555,s2_n103_99,s5_7_up,s1_below_4282,s1_below_2,s5_2007_2009,s3_2075_3730,s5_47_57,Truck (<=10000 lbs.),s3_28_48,Not Deployed,s2_97_208,s1_below_1,Female,s2_37_80,s5_169_179,s2_164_318,s6_260_up,s3_4_5
1194,s3_1695_2555,s2_n103_99,s4_n40_7,s1_below_4282,s3_3_4,s5_2007_2009,s2_760_2075,s4_37_47,Truck (<=10000 lbs.),s5_64_76,Deployed,s2_97_208,s1_below_1,Male,s3_80_96,s5_169_179,s3_318_464,s3_80_160,s4_5_6
1195,s2_885_1695,s2_n103_99,s4_n40_7,s1_below_4282,s3_3_4,s3_2003_2005,s3_2075_3730,s4_37_47,Truck (<=6000 lbs.),s3_28_48,Deployed,s2_97_208,s2_1_2,Female,s2_37_80,s3_141_159,s2_164_318,s3_80_160,s2_2_4
1196,s2_885_1695,s2_n103_99,s4_n40_7,s1_below_4282,s1_below_2,s3_2003_2005,s2_760_2075,s4_37_47,Truck (<=6000 lbs.),s2_11_28,Not Deployed,s2_97_208,s1_below_1,Male,s2_37_80,s3_141_159,s2_164_318,s3_80_160,s2_2_4
1197,s2_885_1695,s2_n103_99,s4_n40_7,s1_below_4282,s4_4_5,s4_2005_2007,s2_760_2075,s4_37_47,Passenger Car,s2_11_28,Deployed,s2_97_208,s1_below_1,Female,s6_130_up,s3_141_159,s2_164_318,s3_80_160,s2_2_4
1198,s3_1695_2555,s2_n103_99,s4_n40_7,s1_below_4282,s1_below_2,s3_2003_2005,s2_760_2075,s5_47_57,Truck (<=6000 lbs.),s4_48_64,Deployed,s2_97_208,s1_below_1,Male,s3_80_96,s3_141_159,s2_164_318,s3_80_160,s2_2_4
1199,s3_1695_2555,s2_n103_99,s4_n40_7,s1_below_4282,s2_2_3,s3_2003_2005,s2_760_2075,s5_47_57,Truck (<=10000 lbs.),s3_28_48,Deployed,s2_97_208,s3_2_3,Male,s3_80_96,s4_159_169,s3_318_464,s3_80_160,s4_5_6
1200,s3_1695_2555,s2_n103_99,s4_n40_7,s1_below_4282,s4_4_5,s4_2005_2007,s2_760_2075,s3_17_37,Passenger Car,s2_11_28,Deployed,s2_97_208,s1_below_1,Male,s3_80_96,s4_159_169,s2_164_318,s3_80_160,s2_2_4
1201,s2_885_1695,s2_n103_99,s4_n40_7,s1_below_4282,s3_3_4,s2_2001_2003,s2_760_2075,s4_37_47,Passenger Car,s3_28_48,Not Deployed,s2_97_208,s1_below_1,Female,s2_37_80,s3_141_159,s2_164_318,s3_80_160,s2_2_4
1202,s3_1695_2555,s2_n103_99,s4_n40_7,s1_below_4282,s3_3_4,s5_2007_2009,s2_760_2075,s3_17_37,Truck (<=10000 lbs.),s6_76_up,Not Deployed,s2_97_208,s1_below_1,Female,s2_37_80,s4_159_169,s2_164_318,s3_80_160,s3_4_5
1203,s2_885_1695,s2_n103_99,s4_n40_7,s1_below_4282,s4_4_5,s3_2003_2005,s2_760_2075,s4_37_47,Passenger Car,s2_11_28,Deployed,s2_97_208,s1_below_1,Female,s2_37_80,s3_141_159,s2_164_318,s3_80_160,s2_2_4
1204,s2_885_1695,s2_n103_99,s4_n40_7,s1_below_4282,s5_5_6,s2_2001_2003,s3_2075_3730,s3_17_37,Passenger Car,s5_64_76,Not Deployed,s2_97_208,s1_below_1,Male,s3_80_96,s3_141_159,s2_164_318,s2_40_80,s2_2_4
1205,s2_885_1695,s2_n103_99,s4_n40_7,s1_below_4282,s1_below_2,s3_2003_2005,s2_760_2075,s5_47_57,Truck (<=6000 lbs.),s4_48_64,Deployed,s2_97_208,s1_below_1,Female,s2_37_80,s3_141_159,s2_164_318,s3_80_160,s2_2_4
1206,s3_1695_2555,s2_n103_99,s4_n40_7,s1_below_4282,s4_4_5,s3_2003_2005,s2_760_2075,s3_17_37,Truck (<=6000 lbs.),s4_48_64,Deployed,s2_97_208,s1_below_1,Male,s4_96_114,s4_159_169,s2_164_318,s3_80_160,s3_4_5
1207,s3_1695_2555,s2_n103_99,s4_n40_7,s1_below_4282,s4_4_5,s5_2007_2009,s2_760_2075,s4_37_47,Truck (<=10000 lbs.),s4_48_64,Deployed,s2_97_208,s2_1_2,Male,s5_114_130,s5_169_179,s3_318_464,s4_160_220,s4_5_6
1208,s2_885_1695,s2_n103_99,s4_n40_7,s1_below_4282,s3_3_4,s2_2001_2003,s2_760_2075,s3_17_37,Passenger Car,s3_28_48,Deployed,s2_97_208,s1_below_1,Female,s2_37_80,s3_141_159,s2_164_318,s3_80_160,s2_2_4
1209,s2_885_1695,s2_n103_99,s5_7_up,s1_below_4282,s3_3_4,s5_2007_2009,s2_760_2075,s3_17_37,Truck (<=6000 lbs.),s5_64_76,Deployed,s2_97_208,s1_below_1,Male,s2_37_80,s3_141_159,s2_164_318,s6_260_up,s2_2_4
1210,s4_2555_3715,s2_n103_99,s4_n40_7,s1_below_4282,s2_2_3,s3_2003_2005,s2_760_2075,s3_17_37,Truck (<=10000 lbs.),s2_11_28,Not Deployed,s2_97_208,s1_below_1,Male,s4_96_114,s6_179_up,s3_318_464,s3_80_160,s5_6_7
1211,s2_885_1695,s2_n103_99,s4_n40_7,s1_below_4282,s2_2_3,s5_2007_2009,s2_760_2075,s3_17_37,Passenger Car,s6_76_up,Deployed,s2_97_208,s1_below_1,Female,s2_37_80,s3_141_159,s2_164_318,s4_160_220,s2_2_4
1212,s2_885_1695,s2_n103_99,s4_n40_7,s1_below_4282,s3_3_4,s5_2007_2009,s2_760_2075,s3_17_37,Passenger Car,s2_11_28,Deployed,s2_97_208,s2_1_2,Female,s2_37_80,s3_141_159,s2_164_318,s3_80_160,s2_2_4
1213,s2_885_1695,s2_n103_99,s4_n40_7,s1_below_4282,s1_below_2,s2_2001_2003,s2_760_2075,s4_37_47,Passenger Car,s2_11_28,Deployed,s2_97_208,s1_below_1,Female,s2_37_80,s3_141_159,s2_164_318,s3_80_160,s2_2_4
1214,s2_885_1695,s2_n103_99,s4_n40_7,s1_below_4282,s4_4_5,s3_2003_2005,s2_760_2075,s4_37_47,Passenger Car,s3_28_48,Deployed,s2_97_208,s1_below_1,Male,s3_80_96,s3_141_159,s2_164_318,s3_80_160,s2_2_4
1215,s2_885_1695,s2_n103_99,s4_n40_7,s1_below_4282,s1_below_2,s4_2005_2007,s2_760_2075,s1_below_7,Truck (<=6000 lbs.),s2_11_28,Not Deployed,s2_97_208,s1_below_1,Female,s3_80_96,s3_141_159,s2_164_318,s2_40_80,s2_2_4
1216,s4_2555_3715,s2_n103_99,s4_n40_7,s1_below_4282,s3_3_4,s5_2007_2009,s3_2075_3730,s3_17_37,Truck (<=10000 lbs.),s3_28_48,Not Deployed,s2_97_208,s1_below_1,Male,s2_37_80,s3_141_159,s3_318_464,s3_80_160,s4_5_6
1217,s2_885_1695,s2_n103_99,s4_n40_7,s1_below_4282,s1_below_2,s3_2003_2005,s3_2075_3730,s3_17_37,Passenger Car,s3_28_48,Not Deployed,s2_97_208,s1_below_1,Female,s2_37_80,s3_141_159,s2_164_318,s4_160_220,s2_2_4
1218,s4_2555_3715,s2_n103_99,s4_n40_7,s1_below_4282,s1_below_2,s3_2003_2005,s2_760_2075,s3_17_37,Truck (<=10000 lbs.),s2_11_28,Not Deployed,s2_97_208,s1_below_1,Male,s2_37_80,s5_169_179,s3_318_464,s3_80_160,s4_5_6
1219,s3_1695_2555,s2_n103_99,s4_n40_7,s1_below_4282,s1_below_2,s4_2005_2007,s2_760_2075,s4_37_47,Truck (<=10000 lbs.),s2_11_28,Not Deployed,s2_97_208,s1_below_1,Male,s4_96_114,s5_169_179,s3_318_464,s3_80_160,s4_5_6
1220,s3_1695_2555,s2_n103_99,s4_n40_7,s1_below_4282,s5_5_6,s3_2003_2005,s2_760_2075,s3_17_37,Truck (<=10000 lbs.),s4_48_64,Not Deployed,s2_97_208,s1_below_1,Male,s4_96_114,s5_169_179,s3_318_464,s3_80_160,s4_5_6
1221,s2_885_1695,s2_n103_99,s4_n40_7,s1_below_4282,s3_3_4,s2_2001_2003,s2_760_2075,s3_17_37,Passenger Car,s2_11_28,Not Deployed,s2_97_208,s1_below_1,Female,s2_37_80,s3_141_159,s2_164_318,s4_160_220,s2_2_4
1222,s3_1695_2555,s2_n103_99,s4_n40_7,s1_below_4282,s3_3_4,s2_2001_2003,s2_760_2075,s3_17_37,Truck (<=6000 lbs.),s2_11_28,Deployed,s2_97_208,s1_below_1,Male,s6_130_up,s3_141_159,s2_164_318,s3_80_160,s2_2_4
1223,s3_1695_2555,s2_n103_99,s4_n40_7,s1_below_4282,s1_below_2,s4_2005_2007,s2_760_2075,s3_17_37,Truck (<=10000 lbs.),s2_11_28,Deployed,s2_97_208,s1_below_1,Male,s3_80_96,s5_169_179,s2_164_318,s3_80_160,s3_4_5
1224,s2_885_1695,s2_n103_99,s5_7_up,s1_below_4282,s2_2_3,s3_2003_2005,s2_760_2075,s3_17_37,Passenger Car,s4_48_64,Not Deployed,s2_97_208,s1_below_1,Male,s4_96_114,s3_141_159,s2_164_318,s6_260_up,s2_2_4
1225,s3_1695_2555,s2_n103_99,s4_n40_7,s1_below_4282,s5_5_6,s3_2003_2005,s2_760_2075,s3_17_37,Truck (<=6000 lbs.),s3_28_48,Deployed,s2_97_208,s1_below_1,Female,s2_37_80,s4_159_169,s2_164_318,s3_80_160,s3_4_5
1226,s2_885_1695,s2_n103_99,s4_n40_7,s1_below_4282,s4_4_5,s3_2003_2005,s3_2075_3730,s3_17_37,Passenger Car,s3_28_48,Deployed,s2_97_208,s2_1_2,Male,s3_80_96,s3_141_159,s2_164_318,s4_160_220,s2_2_4
1227,s3_1695_2555,s2_n103_99,s3_n81_n40,s1_below_4282,s4_4_5,s5_2007_2009,s2_760_2075,s4_37_47,Truck (<=10000 lbs.),s2_11_28,Deployed,s2_97_208,s2_1_2,Male,s2_37_80,s5_169_179,s3_318_464,s3_80_160,s4_5_6
1228,s3_1695_2555,s2_n103_99,s3_n81_n40,s1_below_4282,s1_below_2,s4_2005_2007,s3_2075_3730,s6_57_up,Passenger Car,s3_28_48,Deployed,s2_97_208,s1_below_1,Female,s2_37_80,s3_141_159,s2_164_318,s3_80_160,s3_4_5
1229,s3_1695_2555,s2_n103_99,s4_n40_7,s1_below_4282,s4_4_5,s3_2003_2005,s2_760_2075,s2_7_17,Truck (<=6000 lbs.),s5_64_76,Not Deployed,s2_97_208,s1_below_1,Male,s2_37_80,s4_159_169,s2_164_318,s4_160_220,s3_4_5
1230,s2_885_1695,s2_n103_99,s4_n40_7,s1_below_4282,s4_4_5,s2_2001_2003,s2_760_2075,s3_17_37,Passenger Car,s2_11_28,Deployed,s2_97_208,s1_below_1,Male,s2_37_80,s3_141_159,s2_164_318,s3_80_160,s2_2_4
1231,s3_1695_2555,s2_n103_99,s4_n40_7,s1_below_4282,s1_below_2,s2_2001_2003,s3_2075_3730,s4_37_47,Truck (<=6000 lbs.),s2_11_28,Not Deployed,s2_97_208,s2_1_2,Female,s2_37_80,s3_141_159,s2_164_318,s3_80_160,s2_2_4
1232,s2_885_1695,s2_n103_99,s4_n40_7,s1_below_4282,s4_4_5,s2_2001_2003,s3_2075_3730,s3_17_37,Passenger Car,s2_11_28,Not Deployed,s2_97_208,s1_below_1,Male,s2_37_80,s3_141_159,s2_164_318,s3_80_160,s2_2_4
1233,s2_885_1695,s2_n103_99,s4_n40_7,s1_below_4282,s4_4_5,s4_2005_2007,s2_760_2075,s3_17_37,Passenger Car,s3_28_48,Deployed,s2_97_208,s1_below_1,Female,s4_96_114,s3_141_159,s2_164_318,s3_80_160,s2_2_4
1234,s3_1695_2555,s2_n103_99,s3_n81_n40,s1_below_4282,s2_2_3,s4_2005_2007,s2_760_2075,s3_17_37,Passenger Car,s3_28_48,Deployed,s2_97_208,s3_2_3,Female,s5_114_130,s4_159_169,s2_164_318,s2_40_80,s3_4_5
1235,s2_885_1695,s2_n103_99,s4_n40_7,s1_below_4282,s4_4_5,s2_2001_2003,s2_760_2075,s2_7_17,Truck (<=6000 lbs.),s6_76_up,Not Deployed,s2_97_208,s1_below_1,Female,s2_37_80,s3_141_159,s2_164_318,s4_160_220,s2_2_4
1236,s3_1695_2555,s2_n103_99,s4_n40_7,s1_below_4282,s3_3_4,s4_2005_2007,s2_760_2075,s3_17_37,Passenger Car,s3_28_48,Not Deployed,s2_97_208,s1_below_1,Female,s2_37_80,s3_141_159,s2_164_318,s3_80_160,s2_2_4
1237,s3_1695_2555,s2_n103_99,s4_n40_7,s1_below_4282,s2_2_3,s4_2005_2007,s2_760_2075,s2_7_17,Truck (<=6000 lbs.),s2_11_28,Not Deployed,s2_97_208,s1_below_1,Male,s3_80_96,s3_141_159,s2_164_318,s3_80_160,s2_2_4
1238,s2_885_1695,s2_n103_99,s4_n40_7,s1_below_4282,s1_below_2,s5_2007_2009,s3_2075_3730,s5_47_57,Passenger Car,s2_11_28,Deployed,s2_97_208,s2_1_2,Female,s2_37_80,s3_141_159,s2_164_318,s3_80_160,s2_2_4
1239,s3_1695_2555,s2_n103_99,s4_n40_7,s1_below_4282,s4_4_5,s3_2003_2005,s2_760_2075,s3_17_37,Truck (<=6000 lbs.),s4_48_64,Deployed,s2_97_208,s3_2_3,Female,s2_37_80,s3_141_159,s2_164_318,s3_80_160,s2_2_4
1240,s3_1695_2555,s2_n103_99,s4_n40_7,s1_below_4282,s3_3_4,s4_2005_2007,s2_760_2075,s4_37_47,Passenger Car,s2_11_28,Deployed,s2_97_208,s1_below_1,Male,s3_80_96,s4_159_169,s2_164_318,s3_80_160,s3_4_5
1241,s3_1695_2555,s2_n103_99,s5_7_up,s1_below_4282,s2_2_3,s2_2001_2003,s3_2075_3730,s4_37_47,Truck (<=10000 lbs.),s3_28_48,Not Deployed,s2_97_208,s1_below_1,Male,s4_96_114,s4_159_169,s3_318_464,s5_220_260,s5_6_7
1242,s2_885_1695,s2_n103_99,s4_n40_7,s1_below_4282,s1_below_2,s2_2001_2003,s3_2075_3730,s3_17_37,Passenger Car,s2_11_28,Not Deployed,s2_97_208,s1_below_1,Male,s2_37_80,s3_141_159,s2_164_318,s3_80_160,s2_2_4
1243,s2_885_1695,s2_n103_99,s4_n40_7,s1_below_4282,s4_4_5,s4_2005_2007,s2_760_2075,s3_17_37,Passenger Car,s3_28_48,Not Deployed,s2_97_208,s1_below_1,Female,s2_37_80,s3_141_159,s2_164_318,s3_80_160,s2_2_4
1244,s3_1695_2555,s2_n103_99,s4_n40_7,s1_below_4282,s1_below_2,s2_2001_2003,s2_760_2075,s3_17_37,Truck (<=6000 lbs.),s3_28_48,Deployed,s2_97_208,s1_below_1,Male,s2_37_80,s5_169_179,s2_164_318,s3_80_160,s2_2_4
1245,s2_885_1695,s2_n103_99,s4_n40_7,s1_below_4282,s5_5_6,s2_2001_2003,s2_760_2075,s3_17_37,Truck (<=6000 lbs.),s4_48_64,Deployed,s2_97_208,s1_below_1,Male,s3_80_96,s2_116_141,s2_164_318,s4_160_220,s2_2_4
1246,s3_1695_2555,s2_n103_99,s4_n40_7,s1_below_4282,s1_below_2,s3_2003_2005,s2_760_2075,s3_17_37,Truck (<=6000 lbs.),s4_48_64,Deployed,s2_97_208,s1_below_1,Male,s3_80_96,s4_159_169,s2_164_318,s4_160_220,s2_2_4
1247,s2_885_1695,s2_n103_99,s3_n81_n40,s1_below_4282,s1_below_2,s4_2005_2007,s2_760_2075,s5_47_57,Passenger Car,s2_11_28,Deployed,s2_97_208,s1_below_1,Female,s2_37_80,s3_141_159,s2_164_318,s3_80_160,s2_2_4
1248,s3_1695_2555,s2_n103_99,s4_n40_7,s1_below_4282,s4_4_5,s5_2007_2009,s2_760_2075,s4_37_47,Passenger Car,s2_11_28,Deployed,s2_97_208,s1_below_1,Female,s3_80_96,s4_159_169,s2_164_318,s3_80_160,s3_4_5
1249,s2_885_1695,s2_n103_99,s4_n40_7,s1_below_4282,s6_6_up,s4_2005_2007,s2_760_2075,s3_17_37,Passenger Car,s2_11_28,Deployed,s2_97_208,s1_below_1,Male,s2_37_80,s3_141_159,s2_164_318,s4_160_220,s2_2_4
1250,s3_1695_2555,s2_n103_99,s4_n40_7,s1_below_4282,s6_6_up,s2_2001_2003,s2_760_2075,s3_17_37,Truck (<=6000 lbs.),s4_48_64,Not Deployed,s2_97_208,s1_below_1,Male,s2_37_80,s4_159_169,s2_164_318,s3_80_160,s3_4_5
1251,s2_885_1695,s2_n103_99,s4_n40_7,s1_below_4282,s5_5_6,s5_2007_2009,s2_760_2075,s6_57_up,Passenger Car,s4_48_64,Deployed,s2_97_208,s2_1_2,Female,s2_37_80,s3_141_159,s2_164_318,s3_80_160,s2_2_4
1252,s2_885_1695,s2_n103_99,s4_n40_7,s1_below_4282,s1_below_2,s3_2003_2005,s2_760_2075,s3_17_37,Passenger Car,s3_28_48,Deployed,s2_97_208,s1_below_1,Male,s3_80_96,s3_141_159,s2_164_318,s3_80_160,s2_2_4
1253,s2_885_1695,s2_n103_99,s4_n40_7,s1_below_4282,s5_5_6,s5_2007_2009,s3_2075_3730,s6_57_up,Passenger Car,s4_48_64,Deployed,s2_97_208,s1_below_1,Male,s3_80_96,s3_141_159,s2_164_318,s3_80_160,s2_2_4
1254,s3_1695_2555,s2_n103_99,s4_n40_7,s1_below_4282,s6_6_up,s4_2005_2007,s2_760_2075,s3_17_37,Truck (<=6000 lbs.),s3_28_48,Deployed,s2_97_208,s2_1_2,Male,s2_37_80,s4_159_169,s2_164_318,s3_80_160,s2_2_4
1255,s2_885_1695,s2_n103_99,s3_n81_n40,s1_below_4282,s3_3_4,s2_2001_2003,s2_760_2075,s4_37_47,Passenger Car,s2_11_28,Deployed,s2_97_208,s1_below_1,Female,s2_37_80,s3_141_159,s2_164_318,s3_80_160,s2_2_4
1256,s2_885_1695,s2_n103_99,s4_n40_7,s1_below_4282,s6_6_up,s5_2007_2009,s2_760_2075,s3_17_37,Passenger Car,s3_28_48,Deployed,s2_97_208,s1_below_1,Female,s2_37_80,s3_141_159,s2_164_318,s3_80_160,s2_2_4
1257,s2_885_1695,s2_n103_99,s4_n40_7,s1_below_4282,s5_5_6,s3_2003_2005,s2_760_2075,s3_17_37,Truck (<=6000 lbs.),s3_28_48,Deployed,s2_97_208,s3_2_3,Male,s2_37_80,s3_141_159,s2_164_318,s3_80_160,s2_2_4
1258,s3_1695_2555,s2_n103_99,s4_n40_7,s1_below_4282,s3_3_4,s4_2005_2007,s2_760_2075,s3_17_37,Truck (<=6000 lbs.),s2_11_28,Not Deployed,s2_97_208,s1_below_1,Female,s3_80_96,s3_141_159,s3_318_464,s4_160_220,s3_4_5
1259,s2_885_1695,s2_n103_99,s4_n40_7,s1_below_4282,s4_4_5,s3_2003_2005,s2_760_2075,s3_17_37,Passenger Car,s3_28_48,Deployed,s2_97_208,s1_below_1,Female,s2_37_80,s3_141_159,s2_164_318,s3_80_160,s2_2_4
1260,s3_1695_2555,s2_n103_99,s4_n40_7,s1_below_4282,s2_2_3,s3_2003_2005,s3_2075_3730,s3_17_37,Truck (<=6000 lbs.),s3_28_48,Deployed,s2_97_208,s1_below_1,Male,s2_37_80,s3_141_159,s2_164_318,s3_80_160,s2_2_4
1261,s3_1695_2555,s2_n103_99,s4_n40_7,s1_below_4282,s4_4_5,s2_2001_2003,s2_760_2075,s3_17_37,Passenger Car,s3_28_48,Not Deployed,s2_97_208,s1_below_1,Male,s3_80_96,s4_159_169,s2_164_318,s1_below_40,s2_2_4
1262,s2_885_1695,s2_n103_99,s5_7_up,s1_below_4282,s3_3_4,s3_2003_2005,s2_760_2075,s6_57_up,Passenger Car,s2_11_28,Not Deployed,s2_97_208,s1_below_1,Female,s2_37_80,s3_141_159,s2_164_318,s6_260_up,s2_2_4
1263,s2_885_1695,s2_n103_99,s4_n40_7,s1_below_4282,s4_4_5,s3_2003_2005,s2_760_2075,s4_37_47,Passenger Car,s5_64_76,Deployed,s2_97_208,s1_below_1,Female,s2_37_80,s3_141_159,s2_164_318,s3_80_160,s2_2_4
1264,s2_885_1695,s2_n103_99,s4_n40_7,s1_below_4282,s1_below_2,s5_2007_2009,s2_760_2075,s3_17_37,Truck (<=6000 lbs.),s2_11_28,Deployed,s2_97_208,s1_below_1,Male,s2_37_80,s3_141_159,s2_164_318,s3_80_160,s2_2_4
1265,s2_885_1695,s2_n103_99,s4_n40_7,s1_below_4282,s4_4_5,s4_2005_2007,s2_760_2075,s3_17_37,Passenger Car,s4_48_64,Deployed,s2_97_208,s1_below_1,Female,s2_37_80,s3_141_159,s2_164_318,s3_80_160,s2_2_4
1266,s2_885_1695,s2_n103_99,s4_n40_7,s1_below_4282,s6_6_up,s3_2003_2005,s3_2075_3730,s4_37_47,Passenger Car,s4_48_64,Deployed,s2_97_208,s1_below_1,Male,s2_37_80,s3_141_159,s2_164_318,s4_160_220,s2_2_4
1267,s3_1695_2555,s2_n103_99,s3_n81_n40,s1_below_4282,s3_3_4,s4_2005_2007,s2_760_2075,s3_17_37,Truck (<=10000 lbs.),s3_28_48,Deployed,s2_97_208,s1_below_1,Male,s2_37_80,s5_169_179,s3_318_464,s3_80_160,s4_5_6
1268,s3_1695_2555,s2_n103_99,s5_7_up,s1_below_4282,s4_4_5,s5_2007_2009,s3_2075_3730,s5_47_57,Passenger Car,s3_28_48,Not Deployed,s2_97_208,s1_below_1,Male,s4_96_114,s3_141_159,s2_164_318,s6_260_up,s2_2_4
1269,s2_885_1695,s2_n103_99,s4_n40_7,s1_below_4282,s2_2_3,s3_2003_2005,s2_760_2075,s3_17_37,Passenger Car,s2_11_28,Deployed,s2_97_208,s1_below_1,Male,s2_37_80,s3_141_159,s2_164_318,s3_80_160,s2_2_4
1270,s2_885_1695,s2_n103_99,s5_7_up,s1_below_4282,s2_2_3,s3_2003_2005,s2_760_2075,s3_17_37,Passenger Car,s5_64_76,Not Deployed,s2_97_208,s1_below_1,Female,s2_37_80,s3_141_159,s2_164_318,s6_260_up,s2_2_4
1271,s2_885_1695,s2_n103_99,s4_n40_7,s1_below_4282,s4_4_5,s3_2003_2005,s2_760_2075,s3_17_37,Passenger Car,s2_11_28,Not Deployed,s2_97_208,s1_below_1,Female,s3_80_96,s3_141_159,s2_164_318,s3_80_160,s2_2_4
1272,s2_885_1695,s2_n103_99,s4_n40_7,s1_below_4282,s6_6_up,s5_2007_2009,s2_760_2075,s3_17_37,Passenger Car,s3_28_48,Deployed,s2_97_208,s1_below_1,Female,s2_37_80,s3_141_159,s2_164_318,s3_80_160,s2_2_4
1273,s2_885_1695,s2_n103_99,s4_n40_7,s1_below_4282,s4_4_5,s4_2005_2007,s3_2075_3730,s3_17_37,Passenger Car,s2_11_28,Deployed,s2_97_208,s1_below_1,Male,s2_37_80,s3_141_159,s2_164_318,s4_160_220,s2_2_4
1274,s3_1695_2555,s2_n103_99,s4_n40_7,s1_below_4282,s4_4_5,s4_2005_2007,s2_760_2075,s3_17_37,Truck (<=10000 lbs.),s2_11_28,Not Deployed,s2_97_208,s1_below_1,Female,s2_37_80,s5_169_179,s3_318_464,s3_80_160,s4_5_6
1275,s2_885_1695,s2_n103_99,s4_n40_7,s1_below_4282,s3_3_4,s4_2005_2007,s3_2075_3730,s3_17_37,Passenger Car,s3_28_48,Not Deployed,s2_97_208,s1_below_1,Female,s2_37_80,s3_141_159,s2_164_318,s4_160_220,s2_2_4
1276,s3_1695_2555,s2_n103_99,s3_n81_n40,s1_below_4282,s6_6_up,s3_2003_2005,s2_760_2075,s4_37_47,Passenger Car,s6_76_up,Deployed,s2_97_208,s6_5_up,Female,s2_37_80,s3_141_159,s2_164_318,s3_80_160,s2_2_4
1277,s3_1695_2555,s2_n103_99,s3_n81_n40,s2_4282_6970,s3_3_4,s3_2003_2005,s2_760_2075,s3_17_37,Truck (<=10000 lbs.),s3_28_48,Deployed,s2_97_208,s3_2_3,Female,s6_130_up,s4_159_169,s3_318_464,s3_80_160,s4_5_6
1278,s2_885_1695,s2_n103_99,s4_n40_7,s1_below_4282,s4_4_5,s4_2005_2007,s3_2075_3730,s3_17_37,Truck (<=6000 lbs.),s4_48_64,Deployed,s2_97_208,s1_below_1,Female,s3_80_96,s3_141_159,s2_164_318,s4_160_220,s2_2_4
1279,s2_885_1695,s2_n103_99,s4_n40_7,s1_below_4282,s6_6_up,s3_2003_2005,s2_760_2075,s3_17_37,Passenger Car,s4_48_64,Deployed,s2_97_208,s1_below_1,Female,s3_80_96,s3_141_159,s2_164_318,s3_80_160,s2_2_4
1280,s2_885_1695,s2_n103_99,s4_n40_7,s1_below_4282,s6_6_up,s5_2007_2009,s2_760_2075,s4_37_47,Passenger Car,s5_64_76,Not Deployed,s2_97_208,s1_below_1,Female,s2_37_80,s3_141_159,s2_164_318,s4_160_220,s2_2_4
1281,s2_885_1695,s2_n103_99,s4_n40_7,s1_below_4282,s4_4_5,s4_2005_2007,s2_760_2075,s3_17_37,Passenger Car,s2_11_28,Deployed,s2_97_208,s1_below_1,Male,s2_37_80,s3_141_159,s2_164_318,s3_80_160,s2_2_4
1282,s2_885_1695,s2_n103_99,s3_n81_n40,s1_below_4282,s6_6_up,s4_2005_2007,s2_760_2075,s3_17_37,Passenger Car,s2_11_28,Deployed,s2_97_208,s2_1_2,Male,s3_80_96,s3_141_159,s2_164_318,s3_80_160,s2_2_4
1283,s2_885_1695,s2_n103_99,s4_n40_7,s1_below_4282,s5_5_6,s2_2001_2003,s2_760_2075,s3_17_37,Passenger Car,s3_28_48,Deployed,s2_97_208,s1_below_1,Female,s3_80_96,s3_141_159,s2_164_318,s3_80_160,s2_2_4
1284,s3_1695_2555,s2_n103_99,s4_n40_7,s1_below_4282,s4_4_5,s2_2001_2003,s2_760_2075,s3_17_37,Truck (<=10000 lbs.),s4_48_64,Deployed,s2_97_208,s1_below_1,Male,s5_114_130,s3_141_159,s2_164_318,s3_80_160,s2_2_4
1285,s4_2555_3715,s2_n103_99,s4_n40_7,s1_below_4282,s6_6_up,s5_2007_2009,s2_760_2075,s4_37_47,Truck (<=10000 lbs.),s2_11_28,Deployed,s2_97_208,s1_below_1,Male,s2_37_80,s5_169_179,s2_164_318,s3_80_160,s3_4_5
1286,s3_1695_2555,s2_n103_99,s4_n40_7,s1_below_4282,s6_6_up,s3_2003_2005,s2_760_2075,s6_57_up,Truck (<=10000 lbs.),s3_28_48,Deployed,s2_97_208,s1_below_1,Female,s3_80_96,s4_159_169,s2_164_318,s3_80_160,s3_4_5
1287,s3_1695_2555,s2_n103_99,s4_n40_7,s1_below_4282,s5_5_6,s2_2001_2003,s2_760_2075,s3_17_37,Truck (<=6000 lbs.),s4_48_64,Not Deployed,s2_97_208,s1_below_1,Female,s2_37_80,s3_141_159,s2_164_318,s2_40_80,s2_2_4
1288,s2_885_1695,s2_n103_99,s3_n81_n40,s1_below_4282,s1_below_2,s4_2005_2007,s2_760_2075,s3_17_37,Passenger Car,s2_11_28,Deployed,s2_97_208,s1_below_1,Male,s2_37_80,s3_141_159,s2_164_318,s3_80_160,s2_2_4
1289,s4_2555_3715,s2_n103_99,s5_7_up,s1_below_4282,s1_below_2,s5_2007_2009,s2_760_2075,s3_17_37,Truck (<=10000 lbs.),s3_28_48,Not Deployed,s2_97_208,s1_below_1,Female,s2_37_80,s5_169_179,s3_318_464,s5_220_260,s4_5_6
1290,s2_885_1695,s2_n103_99,s4_n40_7,s1_below_4282,s2_2_3,s5_2007_2009,s2_760_2075,s3_17_37,Passenger Car,s4_48_64,Deployed,s2_97_208,s1_below_1,Female,s3_80_96,s3_141_159,s2_164_318,s3_80_160,s2_2_4
1291,s3_1695_2555,s2_n103_99,s4_n40_7,s1_below_4282,s1_below_2,s4_2005_2007,s2_760_2075,s4_37_47,Truck (<=6000 lbs.),s3_28_48,Not Deployed,s2_97_208,s1_below_1,Female,s3_80_96,s4_159_169,s2_164_318,s3_80_160,s3_4_5
1292,s2_885_1695,s2_n103_99,s4_n40_7,s1_below_4282,s2_2_3,s4_2005_2007,s2_760_2075,s3_17_37,Passenger Car,s2_11_28,Deployed,s2_97_208,s1_below_1,Male,s3_80_96,s3_141_159,s2_164_318,s4_160_220,s2_2_4
1293,s2_885_1695,s2_n103_99,s4_n40_7,s1_below_4282,s5_5_6,s2_2001_2003,s2_760_2075,s3_17_37,Passenger Car,s2_11_28,Deployed,s2_97_208,s1_below_1,Male,s3_80_96,s3_141_159,s2_164_318,s3_80_160,s2_2_4
1294,s3_1695_2555,s2_n103_99,s4_n40_7,s1_below_4282,s6_6_up,s3_2003_2005,s2_760_2075,s3_17_37,Truck (<=6000 lbs.),s3_28_48,Deployed,s2_97_208,s1_below_1,Female,s3_80_96,s5_169_179,s2_164_318,s4_160_220,s4_5_6
1295,s2_885_1695,s2_n103_99,s4_n40_7,s1_below_4282,s3_3_4,s3_2003_2005,s3_2075_3730,s3_17_37,Truck (<=6000 lbs.),s3_28_48,Not Deployed,s2_97_208,s1_below_1,Male,s3_80_96,s3_141_159,s2_164_318,s3_80_160,s2_2_4
1296,s2_885_1695,s2_n103_99,s4_n40_7,s1_below_4282,s1_below_2,s5_2007_2009,s2_760_2075,s3_17_37,Passenger Car,s4_48_64,Not Deployed,s2_97_208,s1_below_1,Male,s3_80_96,s3_141_159,s2_164_318,s3_80_160,s2_2_4
1297,s2_885_1695,s2_n103_99,s4_n40_7,s1_below_4282,s4_4_5,s4_2005_2007,s2_760_2075,s4_37_47,Passenger Car,s5_64_76,Not Deployed,s2_97_208,s1_below_1,Male,s3_80_96,s4_159_169,s2_164_318,s3_80_160,s2_2_4
1298,s2_885_1695,s2_n103_99,s4_n40_7,s1_below_4282,s2_2_3,s3_2003_2005,s3_2075_3730,s3_17_37,Passenger Car,s3_28_48,Not Deployed,s2_97_208,s1_below_1,Female,s2_37_80,s3_141_159,s2_164_318,s4_160_220,s2_2_4
1299,s2_885_1695,s2_n103_99,s4_n40_7,s1_below_4282,s2_2_3,s3_2003_2005,s2_760_2075,s3_17_37,Passenger Car,s5_64_76,Not Deployed,s2_97_208,s1_below_1,Male,s2_37_80,s3_141_159,s2_164_318,s3_80_160,s2_2_4
1300,s3_1695_2555,s2_n103_99,s3_n81_n40,s2_4282_6970,s2_2_3,s3_2003_2005,s2_760_2075,s5_47_57,Truck (<=6000 lbs.),s3_28_48,Deployed,s2_97_208,s5_4_5,Male,s3_80_96,s5_169_179,s2_164_318,s3_80_160,s2_2_4
1301,s3_1695_2555,s2_n103_99,s4_n40_7,s1_below_4282,s1_below_2,s3_2003_2005,s2_760_2075,s5_47_57,Truck (<=6000 lbs.),s3_28_48,Deployed,s2_97_208,s2_1_2,Female,s3_80_96,s3_141_159,s2_164_318,s3_80_160,s2_2_4
1302,s3_1695_2555,s2_n103_99,s3_n81_n40,s1_below_4282,s2_2_3,s4_2005_2007,s2_760_2075,s3_17_37,Truck (<=10000 lbs.),s2_11_28,Deployed,s2_97_208,s2_1_2,Male,s3_80_96,s5_169_179,s3_318_464,s3_80_160,s4_5_6
1303,s3_1695_2555,s2_n103_99,s4_n40_7,s1_below_4282,s1_below_2,s2_2001_2003,s2_760_2075,s5_47_57,Truck (<=10000 lbs.),s3_28_48,Deployed,s2_97_208,s2_1_2,Female,s2_37_80,s4_159_169,s2_164_318,s3_80_160,s3_4_5
1304,s2_885_1695,s2_n103_99,s4_n40_7,s1_below_4282,s3_3_4,s5_2007_2009,s2_760_2075,s4_37_47,Passenger Car,s4_48_64,Not Deployed,s2_97_208,s1_below_1,Male,s4_96_114,s3_141_159,s2_164_318,s3_80_160,s2_2_4
1305,s2_885_1695,s2_n103_99,s4_n40_7,s1_below_4282,s1_below_2,s2_2001_2003,s2_760_2075,s3_17_37,Passenger Car,s6_76_up,Not Deployed,s2_97_208,s1_below_1,Female,s3_80_96,s3_141_159,s2_164_318,s3_80_160,s2_2_4
1306,s3_1695_2555,s2_n103_99,s4_n40_7,s1_below_4282,s2_2_3,s4_2005_2007,s2_760_2075,s3_17_37,Truck (<=6000 lbs.),s3_28_48,Not Deployed,s2_97_208,s1_below_1,Male,s6_130_up,s4_159_169,s2_164_318,s4_160_220,s3_4_5
1307,s2_885_1695,s2_n103_99,s4_n40_7,s1_below_4282,s4_4_5,s4_2005_2007,s2_760_2075,s3_17_37,Passenger Car,s4_48_64,Not Deployed,s2_97_208,s1_below_1,Male,s3_80_96,s3_141_159,s2_164_318,s3_80_160,s2_2_4
1308,s4_2555_3715,s2_n103_99,s4_n40_7,s1_below_4282,s1_below_2,s5_2007_2009,s3_2075_3730,s3_17_37,Truck (<=10000 lbs.),s4_48_64,Deployed,s2_97_208,s1_below_1,Male,s3_80_96,s5_169_179,s3_318_464,s4_160_220,s4_5_6
1309,s2_885_1695,s2_n103_99,s4_n40_7,s1_below_4282,s1_below_2,s2_2001_2003,s2_760_2075,s5_47_57,Passenger Car,s4_48_64,Deployed,s2_97_208,s1_below_1,Female,s2_37_80,s3_141_159,s2_164_318,s3_80_160,s2_2_4
1310,s2_885_1695,s2_n103_99,s4_n40_7,s1_below_4282,s6_6_up,s4_2005_2007,s2_760_2075,s4_37_47,Truck (<=6000 lbs.),s4_48_64,Not Deployed,s2_97_208,s1_below_1,Female,s2_37_80,s3_141_159,s2_164_318,s4_160_220,s2_2_4
1311,s2_885_1695,s2_n103_99,s4_n40_7,s1_below_4282,s3_3_4,s3_2003_2005,s2_760_2075,s6_57_up,Passenger Car,s2_11_28,Not Deployed,s2_97_208,s1_below_1,Male,s2_37_80,s3_141_159,s2_164_318,s3_80_160,s2_2_4
1312,s3_1695_2555,s2_n103_99,s4_n40_7,s1_below_4282,s1_below_2,s2_2001_2003,s2_760_2075,s3_17_37,Truck (<=10000 lbs.),s2_11_28,Deployed,s2_97_208,s1_below_1,Female,s2_37_80,s3_141_159,s2_164_318,s3_80_160,s2_2_4
1313,s2_885_1695,s2_n103_99,s4_n40_7,s1_below_4282,s6_6_up,s4_2005_2007,s2_760_2075,s3_17_37,Passenger Car,s3_28_48,Deployed,s2_97_208,s1_below_1,Female,s3_80_96,s3_141_159,s2_164_318,s3_80_160,s2_2_4
1314,s2_885_1695,s2_n103_99,s4_n40_7,s1_below_4282,s2_2_3,s4_2005_2007,s2_760_2075,s3_17_37,Passenger Car,s3_28_48,Deployed,s2_97_208,s1_below_1,Female,s2_37_80,s3_141_159,s2_164_318,s4_160_220,s2_2_4
1315,s2_885_1695,s2_n103_99,s4_n40_7,s1_below_4282,s3_3_4,s3_2003_2005,s3_2075_3730,s3_17_37,Passenger Car,s3_28_48,Not Deployed,s2_97_208,s1_below_1,Male,s2_37_80,s3_141_159,s2_164_318,s4_160_220,s2_2_4
1316,s3_1695_2555,s2_n103_99,s4_n40_7,s1_below_4282,s4_4_5,s5_2007_2009,s2_760_2075,s3_17_37,Truck (<=6000 lbs.),s3_28_48,Not Deployed,s2_97_208,s1_below_1,Female,s4_96_114,s4_159_169,s2_164_318,s3_80_160,s2_2_4
1317,s2_885_1695,s2_n103_99,s4_n40_7,s1_below_4282,s1_below_2,s4_2005_2007,s2_760_2075,s4_37_47,Passenger Car,s3_28_48,Deployed,s2_97_208,s1_below_1,Female,s2_37_80,s3_141_159,s2_164_318,s3_80_160,s2_2_4
1318,s2_885_1695,s2_n103_99,s4_n40_7,s1_below_4282,s4_4_5,s2_2001_2003,s2_760_2075,s3_17_37,Passenger Car,s2_11_28,Deployed,s2_97_208,s1_below_1,Female,s2_37_80,s3_141_159,s2_164_318,s3_80_160,s2_2_4
1319,s3_1695_2555,s2_n103_99,s4_n40_7,s1_below_4282,s3_3_4,s4_2005_2007,s2_760_2075,s3_17_37,Truck (<=10000 lbs.),s3_28_48,Not Deployed,s2_97_208,s1_below_1,Female,s2_37_80,s4_159_169,s2_164_318,s3_80_160,s3_4_5
1320,s2_885_1695,s2_n103_99,s4_n40_7,s1_below_4282,s3_3_4,s2_2001_2003,s2_760_2075,s3_17_37,Passenger Car,s2_11_28,Not Deployed,s2_97_208,s1_below_1,Female,s2_37_80,s3_141_159,s2_164_318,s3_80_160,s2_2_4
1321,s2_885_1695,s2_n103_99,s4_n40_7,s1_below_4282,s3_3_4,s5_2007_2009,s2_760_2075,s3_17_37,Passenger Car,s3_28_48,Not Deployed,s2_97_208,s1_below_1,Female,s2_37_80,s3_141_159,s2_164_318,s3_80_160,s2_2_4
1322,s3_1695_2555,s2_n103_99,s4_n40_7,s1_below_4282,s1_below_2,s3_2003_2005,s2_760_2075,s3_17_37,Passenger Car,s3_28_48,Deployed,s2_97_208,s1_below_1,Male,s2_37_80,s4_159_169,s2_164_318,s3_80_160,s3_4_5
1323,s2_885_1695,s2_n103_99,s4_n40_7,s1_below_4282,s3_3_4,s2_2001_2003,s2_760_2075,s3_17_37,Passenger Car,s4_48_64,Not Deployed,s2_97_208,s1_below_1,Female,s3_80_96,s3_141_159,s2_164_318,s2_40_80,s2_2_4
1324,s2_885_1695,s2_n103_99,s3_n81_n40,s1_below_4282,s1_below_2,s2_2001_2003,s2_760_2075,s3_17_37,Passenger Car,s2_11_28,Deployed,s2_97_208,s1_below_1,Male,s2_37_80,s3_141_159,s2_164_318,s3_80_160,s2_2_4
1325,s3_1695_2555,s2_n103_99,s4_n40_7,s1_below_4282,s3_3_4,s3_2003_2005,s2_760_2075,s3_17_37,Passenger Car,s3_28_48,Deployed,s2_97_208,s1_below_1,Male,s2_37_80,s4_159_169,s2_164_318,s4_160_220,s3_4_5
1326,s3_1695_2555,s2_n103_99,s4_n40_7,s1_below_4282,s3_3_4,s5_2007_2009,s2_760_2075,s3_17_37,Passenger Car,s4_48_64,Not Deployed,s2_97_208,s1_below_1,Male,s5_114_130,s3_141_159,s2_164_318,s3_80_160,s2_2_4
1327,s2_885_1695,s2_n103_99,s4_n40_7,s1_below_4282,s1_below_2,s3_2003_2005,s2_760_2075,s3_17_37,Passenger Car,s2_11_28,Deployed,s2_97_208,s1_below_1,Female,s2_37_80,s3_141_159,s2_164_318,s3_80_160,s2_2_4
1328,s2_885_1695,s2_n103_99,s4_n40_7,s1_below_4282,s1_below_2,s4_2005_2007,s2_760_2075,s3_17_37,Passenger Car,s5_64_76,Deployed,s2_97_208,s1_below_1,Female,s2_37_80,s3_141_159,s2_164_318,s3_80_160,s2_2_4
1329,s3_1695_2555,s2_n103_99,s4_n40_7,s1_below_4282,s1_below_2,s2_2001_2003,s2_760_2075,s3_17_37,Truck (<=6000 lbs.),s3_28_48,Not Deployed,s2_97_208,s1_below_1,Female,s2_37_80,s4_159_169,s2_164_318,s3_80_160,s2_2_4
1330,s2_885_1695,s2_n103_99,s5_7_up,s1_below_4282,s2_2_3,s4_2005_2007,s2_760_2075,s3_17_37,Truck (<=6000 lbs.),s3_28_48,Not Deployed,s2_97_208,s1_below_1,Male,s4_96_114,s3_141_159,s2_164_318,s6_260_up,s2_2_4
1331,s2_885_1695,s2_n103_99,s4_n40_7,s1_below_4282,s2_2_3,s4_2005_2007,s2_760_2075,s3_17_37,Passenger Car,s3_28_48,Not Deployed,s2_97_208,s1_below_1,Female,s2_37_80,s3_141_159,s2_164_318,s3_80_160,s2_2_4
1332,s2_885_1695,s2_n103_99,s4_n40_7,s1_below_4282,s1_below_2,s5_2007_2009,s2_760_2075,s5_47_57,Passenger Car,s2_11_28,Not Deployed,s2_97_208,s1_below_1,Male,s2_37_80,s3_141_159,s2_164_318,s3_80_160,s2_2_4
1333,s2_885_1695,s2_n103_99,s5_7_up,s1_below_4282,s3_3_4,s4_2005_2007,s2_760_2075,s3_17_37,Passenger Car,s4_48_64,Not Deployed,s2_97_208,s1_below_1,Female,s2_37_80,s3_141_159,s2_164_318,s6_260_up,s2_2_4
1334,s2_885_1695,s2_n103_99,s5_7_up,s1_below_4282,s1_below_2,s4_2005_2007,s2_760_2075,s3_17_37,Passenger Car,s2_11_28,Not Deployed,s2_97_208,s1_below_1,Male,s2_37_80,s3_141_159,s2_164_318,s6_260_up,s2_2_4
1335,s3_1695_2555,s2_n103_99,s4_n40_7,s1_below_4282,s2_2_3,s2_2001_2003,s2_760_2075,s3_17_37,Passenger Car,s6_76_up,Deployed,s2_97_208,s1_below_1,Male,s3_80_96,s3_141_159,s2_164_318,s3_80_160,s2_2_4
1336,s2_885_1695,s2_n103_99,s4_n40_7,s1_below_4282,s4_4_5,s3_2003_2005,s3_2075_3730,s3_17_37,Passenger Car,s2_11_28,Deployed,s2_97_208,s1_below_1,Female,s2_37_80,s3_141_159,s2_164_318,s4_160_220,s2_2_4
1337,s3_1695_2555,s2_n103_99,s4_n40_7,s1_below_4282,s3_3_4,s4_2005_2007,s2_760_2075,s3_17_37,Truck (<=10000 lbs.),s3_28_48,Not Deployed,s2_97_208,s1_below_1,Male,s2_37_80,s5_169_179,s3_318_464,s3_80_160,s4_5_6
1338,s2_885_1695,s2_n103_99,s4_n40_7,s1_below_4282,s1_below_2,s4_2005_2007,s2_760_2075,s3_17_37,Passenger Car,s4_48_64,Deployed,s2_97_208,s1_below_1,Male,s3_80_96,s3_141_159,s2_164_318,s4_160_220,s2_2_4
1339,s2_885_1695,s2_n103_99,s4_n40_7,s1_below_4282,s1_below_2,s3_2003_2005,s2_760_2075,s3_17_37,Truck (<=6000 lbs.),s3_28_48,Not Deployed,s2_97_208,s1_below_1,Male,s3_80_96,s3_141_159,s2_164_318,s3_80_160,s2_2_4
1340,s2_885_1695,s2_n103_99,s4_n40_7,s1_below_4282,s1_below_2,s2_2001_2003,s2_760_2075,s3_17_37,Passenger Car,s2_11_28,Not Deployed,s2_97_208,s1_below_1,Female,s2_37_80,s3_141_159,s2_164_318,s3_80_160,s2_2_4
1341,s2_885_1695,s2_n103_99,s4_n40_7,s1_below_4282,s1_below_2,s3_2003_2005,s2_760_2075,s3_17_37,Passenger Car,s2_11_28,Not Deployed,s2_97_208,s1_below_1,Male,s3_80_96,s3_141_159,s2_164_318,s3_80_160,s2_2_4
1342,s2_885_1695,s2_n103_99,s5_7_up,s1_below_4282,s1_below_2,s2_2001_2003,s3_2075_3730,s3_17_37,Truck (<=6000 lbs.),s2_11_28,Not Deployed,s2_97_208,s1_below_1,Female,s2_37_80,s3_141_159,s2_164_318,s4_160_220,s2_2_4
1343,s2_885_1695,s2_n103_99,s4_n40_7,s1_below_4282,s1_below_2,s3_2003_2005,s2_760_2075,s3_17_37,Passenger Car,s3_28_48,Not Deployed,s2_97_208,s1_below_1,Female,s2_37_80,s3_141_159,s2_164_318,s4_160_220,s2_2_4
1344,s2_885_1695,s2_n103_99,s4_n40_7,s1_below_4282,s1_below_2,s2_2001_2003,s2_760_2075,s3_17_37,Passenger Car,s3_28_48,Not Deployed,s2_97_208,s1_below_1,Female,s2_37_80,s3_141_159,s2_164_318,s2_40_80,s2_2_4
1345,s2_885_1695,s2_n103_99,s4_n40_7,s1_below_4282,s1_below_2,s3_2003_2005,s2_760_2075,s5_47_57,Passenger Car,s3_28_48,Not Deployed,s2_97_208,s1_below_1,Female,s2_37_80,s3_141_159,s2_164_318,s3_80_160,s2_2_4
1346,s3_1695_2555,s2_n103_99,s5_7_up,s1_below_4282,s2_2_3,s4_2005_2007,s3_2075_3730,s6_57_up,Truck (<=10000 lbs.),s4_48_64,Not Deployed,s2_97_208,s1_below_1,Male,s3_80_96,s4_159_169,s3_318_464,s6_260_up,s4_5_6
1347,s3_1695_2555,s2_n103_99,s4_n40_7,s1_below_4282,s2_2_3,s5_2007_2009,s2_760_2075,s3_17_37,Truck (<=6000 lbs.),s4_48_64,Deployed,s2_97_208,s1_below_1,Female,s2_37_80,s3_141_159,s2_164_318,s3_80_160,s2_2_4
1348,s2_885_1695,s2_n103_99,s4_n40_7,s1_below_4282,s2_2_3,s4_2005_2007,s2_760_2075,s3_17_37,Passenger Car,s2_11_28,Deployed,s2_97_208,s1_below_1,Male,s2_37_80,s3_141_159,s2_164_318,s6_260_up,s2_2_4
1349,s3_1695_2555,s2_n103_99,s4_n40_7,s1_below_4282,s4_4_5,s2_2001_2003,s3_2075_3730,s3_17_37,Truck (<=6000 lbs.),s3_28_48,Not Deployed,s2_97_208,s1_below_1,Female,s2_37_80,s3_141_159,s3_318_464,s3_80_160,s3_4_5
1350,s2_885_1695,s2_n103_99,s4_n40_7,s1_below_4282,s1_below_2,s3_2003_2005,s2_760_2075,s3_17_37,Passenger Car,s3_28_48,Not Deployed,s2_97_208,s1_below_1,Female,s2_37_80,s3_141_159,s2_164_318,s3_80_160,s2_2_4
1351,s2_885_1695,s2_n103_99,s4_n40_7,s1_below_4282,s1_below_2,s3_2003_2005,s2_760_2075,s3_17_37,Passenger Car,s3_28_48,Not Deployed,s2_97_208,s5_4_5,Female,s2_37_80,s3_141_159,s2_164_318,s2_40_80,s2_2_4
1352,s2_885_1695,s2_n103_99,s5_7_up,s1_below_4282,s2_2_3,s4_2005_2007,s2_760_2075,s3_17_37,Passenger Car,s3_28_48,Not Deployed,s2_97_208,s1_below_1,Female,s2_37_80,s3_141_159,s2_164_318,s6_260_up,s2_2_4
1353,s2_885_1695,s2_n103_99,s4_n40_7,s1_below_4282,s4_4_5,s3_2003_2005,s2_760_2075,s6_57_up,Passenger Car,s2_11_28,Not Deployed,s2_97_208,s1_below_1,Male,s3_80_96,s3_141_159,s2_164_318,s3_80_160,s2_2_4
1354,s2_885_1695,s2_n103_99,s4_n40_7,s1_below_4282,s3_3_4,s3_2003_2005,s3_2075_3730,s3_17_37,Passenger Car,s2_11_28,Not Deployed,s2_97_208,s1_below_1,Male,s2_37_80,s3_141_159,s2_164_318,s4_160_220,s2_2_4
1355,s2_885_1695,s2_n103_99,s4_n40_7,s1_below_4282,s1_below_2,s2_2001_2003,s2_760_2075,s3_17_37,Passenger Car,s2_11_28,Deployed,s2_97_208,s1_below_1,Female,s4_96_114,s3_141_159,s2_164_318,s3_80_160,s2_2_4
1356,s2_885_1695,s2_n103_99,s4_n40_7,s1_below_4282,s4_4_5,s1_below_2001,s2_760_2075,s4_37_47,Passenger Car,s2_11_28,Deployed,s2_97_208,s1_below_1,Male,s3_80_96,s3_141_159,s2_164_318,s3_80_160,s2_2_4
1357,s3_1695_2555,s2_n103_99,s3_n81_n40,s1_below_4282,s1_below_2,s3_2003_2005,s2_760_2075,s5_47_57,Truck (<=10000 lbs.),s4_48_64,Deployed,s2_97_208,s3_2_3,Male,s4_96_114,s4_159_169,s3_318_464,s3_80_160,s4_5_6
1358,s2_885_1695,s2_n103_99,s4_n40_7,s1_below_4282,s1_below_2,s2_2001_2003,s2_760_2075,s5_47_57,Passenger Car,s5_64_76,Not Deployed,s2_97_208,s2_1_2,Female,s3_80_96,s3_141_159,s2_164_318,s3_80_160,s2_2_4
1359,s2_885_1695,s2_n103_99,s3_n81_n40,s1_below_4282,s1_below_2,s5_2007_2009,s3_2075_3730,s4_37_47,Passenger Car,s2_11_28,Deployed,s2_97_208,s3_2_3,Female,s3_80_96,s3_141_159,s2_164_318,s3_80_160,s2_2_4
1360,s4_2555_3715,s2_n103_99,s3_n81_n40,s1_below_4282,s1_below_2,s4_2005_2007,s2_760_2075,s4_37_47,Truck (<=10000 lbs.),s3_28_48,Deployed,s2_97_208,s2_1_2,Male,s4_96_114,s5_169_179,s3_318_464,s3_80_160,s5_6_7
1361,s2_885_1695,s2_n103_99,s4_n40_7,s1_below_4282,s1_below_2,s2_2001_2003,s2_760_2075,s5_47_57,Passenger Car,s3_28_48,Not Deployed,s2_97_208,s1_below_1,Female,s2_37_80,s3_141_159,s2_164_318,s4_160_220,s2_2_4
1362,s2_885_1695,s2_n103_99,s5_7_up,s1_below_4282,s1_below_2,s2_2001_2003,s2_760_2075,s5_47_57,Truck (<=6000 lbs.),s3_28_48,Not Deployed,s2_97_208,s1_below_1,Female,s3_80_96,s3_141_159,s2_164_318,s6_260_up,s2_2_4
1363,s2_885_1695,s2_n103_99,s4_n40_7,s1_below_4282,s1_below_2,s2_2001_2003,s2_760_2075,s3_17_37,Passenger Car,s2_11_28,Not Deployed,s2_97_208,s1_below_1,Female,s2_37_80,s3_141_159,s2_164_318,s2_40_80,s2_2_4
1364,s2_885_1695,s2_n103_99,s4_n40_7,s1_below_4282,s1_below_2,s4_2005_2007,s2_760_2075,s4_37_47,Truck (<=6000 lbs.),s4_48_64,Deployed,s2_97_208,s3_2_3,Female,s2_37_80,s3_141_159,s2_164_318,s3_80_160,s2_2_4
1365,s3_1695_2555,s2_n103_99,s1_below_n112,s3_6970_up,s3_3_4,s5_2007_2009,s4_3730_up,s5_47_57,Truck (<=10000 lbs.),s3_28_48,Deployed,s2_97_208,s5_4_5,Female,s2_37_80,s4_159_169,s2_164_318,s3_80_160,s3_4_5
1366,s3_1695_2555,s2_n103_99,s3_n81_n40,s1_below_4282,s1_below_2,s2_2001_2003,s2_760_2075,s5_47_57,Truck (<=10000 lbs.),s4_48_64,Deployed,s2_97_208,s4_3_4,Male,s2_37_80,s5_169_179,s3_318_464,s3_80_160,s4_5_6
1367,s2_885_1695,s2_n103_99,s5_7_up,s1_below_4282,s1_below_2,s3_2003_2005,s2_760_2075,s3_17_37,Passenger Car,s4_48_64,Not Deployed,s2_97_208,s1_below_1,Female,s5_114_130,s3_141_159,s2_164_318,s6_260_up,s2_2_4
1368,s2_885_1695,s2_n103_99,s4_n40_7,s1_below_4282,s3_3_4,s3_2003_2005,s3_2075_3730,s4_37_47,Passenger Car,s2_11_28,Deployed,s2_97_208,s1_below_1,Female,s2_37_80,s3_141_159,s2_164_318,s3_80_160,s2_2_4
1369,s2_885_1695,s2_n103_99,s4_n40_7,s1_below_4282,s2_2_3,s5_2007_2009,s2_760_2075,s4_37_47,Passenger Car,s6_76_up,Not Deployed,s2_97_208,s1_below_1,Female,s4_96_114,s3_141_159,s2_164_318,s4_160_220,s2_2_4
1370,s3_1695_2555,s2_n103_99,s4_n40_7,s1_below_4282,s1_below_2,s3_2003_2005,s2_760_2075,s3_17_37,Truck (<=6000 lbs.),s3_28_48,Deployed,s2_97_208,s1_below_1,Female,s2_37_80,s3_141_159,s2_164_318,s3_80_160,s2_2_4
1371,s2_885_1695,s2_n103_99,s4_n40_7,s1_below_4282,s1_below_2,s3_2003_2005,s2_760_2075,s4_37_47,Passenger Car,s4_48_64,Deployed,s2_97_208,s6_5_up,Male,s3_80_96,s3_141_159,s2_164_318,s3_80_160,s2_2_4
1372,s2_885_1695,s2_n103_99,s5_7_up,s1_below_4282,s4_4_5,s4_2005_2007,s3_2075_3730,s4_37_47,Passenger Car,s4_48_64,Not Deployed,s2_97_208,s1_below_1,Male,s4_96_114,s3_141_159,s2_164_318,s6_260_up,s2_2_4
1373,s2_885_1695,s2_n103_99,s3_n81_n40,s1_below_4282,s1_below_2,s2_2001_2003,s2_760_2075,s5_47_57,Passenger Car,s3_28_48,Deployed,s2_97_208,s3_2_3,Male,s2_37_80,s3_141_159,s2_164_318,s3_80_160,s2_2_4
1374,s2_885_1695,s2_n103_99,s4_n40_7,s1_below_4282,s1_below_2,s2_2001_2003,s2_760_2075,s3_17_37,Passenger Car,s4_48_64,Not Deployed,s2_97_208,s1_below_1,Male,s3_80_96,s3_141_159,s2_164_318,s3_80_160,s2_2_4
1375,s2_885_1695,s2_n103_99,s4_n40_7,s1_below_4282,s1_below_2,s2_2001_2003,s2_760_2075,s4_37_47,Truck (<=6000 lbs.),s4_48_64,Deployed,s2_97_208,s1_below_1,Female,s2_37_80,s3_141_159,s2_164_318,s4_160_220,s2_2_4
1376,s2_885_1695,s2_n103_99,s4_n40_7,s1_below_4282,s4_4_5,s3_2003_2005,s2_760_2075,s3_17_37,Passenger Car,s4_48_64,Not Deployed,s2_97_208,s1_below_1,Male,s2_37_80,s3_141_159,s2_164_318,s4_160_220,s2_2_4
1377,s2_885_1695,s2_n103_99,s4_n40_7,s1_below_4282,s1_below_2,s1_below_2001,s2_760_2075,s4_37_47,Passenger Car,s2_11_28,Deployed,s2_97_208,s3_2_3,Female,s2_37_80,s3_141_159,s2_164_318,s3_80_160,s2_2_4
1378,s4_2555_3715,s2_n103_99,s3_n81_n40,s1_below_4282,s1_below_2,s2_2001_2003,s4_3730_up,s5_47_57,Passenger Car,s2_11_28,Deployed,s2_97_208,s3_2_3,Female,s2_37_80,s3_141_159,s2_164_318,s3_80_160,s2_2_4
1379,s2_885_1695,s2_n103_99,s4_n40_7,s1_below_4282,s1_below_2,s5_2007_2009,s2_760_2075,s5_47_57,Passenger Car,s6_76_up,Deployed,s2_97_208,s1_below_1,Male,s2_37_80,s3_141_159,s2_164_318,s3_80_160,s2_2_4
1380,s3_1695_2555,s2_n103_99,s5_7_up,s1_below_4282,s1_below_2,s5_2007_2009,s2_760_2075,s5_47_57,Truck (<=6000 lbs.),s4_48_64,Not Deployed,s2_97_208,s1_below_1,Female,s2_37_80,s3_141_159,s3_318_464,s6_260_up,s3_4_5
1381,s2_885_1695,s2_n103_99,s4_n40_7,s1_below_4282,s2_2_3,s3_2003_2005,s2_760_2075,s3_17_37,Passenger Car,s2_11_28,Not Deployed,s2_97_208,s1_below_1,Male,s3_80_96,s3_141_159,s2_164_318,s4_160_220,s2_2_4
1382,s2_885_1695,s2_n103_99,s5_7_up,s1_below_4282,s1_below_2,s4_2005_2007,s2_760_2075,s5_47_57,Passenger Car,s4_48_64,Not Deployed,s2_97_208,s1_below_1,Male,s3_80_96,s3_141_159,s2_164_318,s6_260_up,s2_2_4
1383,s2_885_1695,s2_n103_99,s4_n40_7,s1_below_4282,s1_below_2,s3_2003_2005,s2_760_2075,s5_47_57,Passenger Car,s2_11_28,Deployed,s2_97_208,s1_below_1,Male,s4_96_114,s3_141_159,s2_164_318,s3_80_160,s2_2_4
1384,s2_885_1695,s2_n103_99,s4_n40_7,s1_below_4282,s1_below_2,s1_below_2001,s2_760_2075,s4_37_47,Passenger Car,s3_28_48,Deployed,s2_97_208,s2_1_2,Female,s3_80_96,s3_141_159,s2_164_318,s3_80_160,s2_2_4
1385,s2_885_1695,s2_n103_99,s4_n40_7,s1_below_4282,s2_2_3,s4_2005_2007,s2_760_2075,s4_37_47,Passenger Car,s2_11_28,Deployed,s2_97_208,s1_below_1,Female,s2_37_80,s3_141_159,s2_164_318,s4_160_220,s2_2_4
1386,s2_885_1695,s2_n103_99,s4_n40_7,s1_below_4282,s1_below_2,s3_2003_2005,s3_2075_3730,s5_47_57,Passenger Car,s6_76_up,Not Deployed,s2_97_208,s5_4_5,Female,s2_37_80,s3_141_159,s2_164_318,s6_260_up,s2_2_4
1387,s2_885_1695,s2_n103_99,s4_n40_7,s1_below_4282,s1_below_2,s3_2003_2005,s2_760_2075,s4_37_47,Passenger Car,s6_76_up,Deployed,s2_97_208,s1_below_1,Female,s2_37_80,s3_141_159,s2_164_318,s3_80_160,s2_2_4
1388,s3_1695_2555,s2_n103_99,s4_n40_7,s1_below_4282,s1_below_2,s4_2005_2007,s3_2075_3730,s5_47_57,Truck (<=6000 lbs.),s4_48_64,Not Deployed,s2_97_208,s1_below_1,Female,s2_37_80,s3_141_159,s2_164_318,s3_80_160,s2_2_4
1389,s2_885_1695,s2_n103_99,s4_n40_7,s1_below_4282,s1_below_2,s2_2001_2003,s2_760_2075,s3_17_37,Passenger Car,s5_64_76,Not Deployed,s2_97_208,s1_below_1,Female,s2_37_80,s3_141_159,s2_164_318,s3_80_160,s2_2_4
1390,s2_885_1695,s2_n103_99,s4_n40_7,s1_below_4282,s1_below_2,s3_2003_2005,s2_760_2075,s4_37_47,Passenger Car,s4_48_64,Deployed,s2_97_208,s1_below_1,Male,s2_37_80,s3_141_159,s2_164_318,s3_80_160,s2_2_4
1391,s2_885_1695,s2_n103_99,s4_n40_7,s1_below_4282,s1_below_2,s1_below_2001,s2_760_2075,s5_47_57,Passenger Car,s3_28_48,Deployed,s2_97_208,s1_below_1,Male,s3_80_96,s3_141_159,s2_164_318,s3_80_160,s2_2_4
1392,s2_885_1695,s2_n103_99,s4_n40_7,s1_below_4282,s1_below_2,s4_2005_2007,s2_760_2075,s5_47_57,Passenger Car,s5_64_76,Not Deployed,s2_97_208,s2_1_2,Female,s2_37_80,s3_141_159,s2_164_318,s2_40_80,s2_2_4
1393,s2_885_1695,s2_n103_99,s4_n40_7,s1_below_4282,s1_below_2,s4_2005_2007,s2_760_2075,s3_17_37,Passenger Car,s3_28_48,Deployed,s2_97_208,s1_below_1,Female,s3_80_96,s3_141_159,s2_164_318,s3_80_160,s2_2_4
1394,s2_885_1695,s2_n103_99,s4_n40_7,s1_below_4282,s1_below_2,s1_below_2001,s2_760_2075,s3_17_37,Truck (<=6000 lbs.),s2_11_28,Not Deployed,s2_97_208,s1_below_1,Male,s2_37_80,s3_141_159,s2_164_318,s3_80_160,s2_2_4
1395,s3_1695_2555,s2_n103_99,s4_n40_7,s1_below_4282,s1_below_2,s5_2007_2009,s2_760_2075,s5_47_57,Truck (<=6000 lbs.),s4_48_64,Deployed,s2_97_208,s1_below_1,Male,s2_37_80,s3_141_159,s3_318_464,s3_80_160,s4_5_6
1396,s2_885_1695,s2_n103_99,s4_n40_7,s1_below_4282,s1_below_2,s5_2007_2009,s2_760_2075,s3_17_37,Passenger Car,s3_28_48,Not Deployed,s2_97_208,s3_2_3,Female,s2_37_80,s3_141_159,s2_164_318,s2_40_80,s2_2_4
1397,s3_1695_2555,s2_n103_99,s4_n40_7,s1_below_4282,s1_below_2,s4_2005_2007,s2_760_2075,s4_37_47,Truck (<=6000 lbs.),s3_28_48,Deployed,s2_97_208,s1_below_1,Female,s2_37_80,s3_141_159,s2_164_318,s2_40_80,s2_2_4
1398,s2_885_1695,s2_n103_99,s4_n40_7,s1_below_4282,s2_2_3,s2_2001_2003,s2_760_2075,s3_17_37,Passenger Car,s2_11_28,Not Deployed,s2_97_208,s1_below_1,Male,s4_96_114,s3_141_159,s2_164_318,s3_80_160,s2_2_4
1399,s2_885_1695,s2_n103_99,s5_7_up,s1_below_4282,s1_below_2,s2_2001_2003,s2_760_2075,s5_47_57,Passenger Car,s4_48_64,Not Deployed,s2_97_208,s1_below_1,Male,s2_37_80,s3_141_159,s2_164_318,s6_260_up,s2_2_4
1400,s2_885_1695,s2_n103_99,s4_n40_7,s1_below_4282,s1_below_2,s4_2005_2007,s2_760_2075,s4_37_47,Truck (<=6000 lbs.),s3_28_48,Not Deployed,s2_97_208,s1_below_1,Male,s3_80_96,s3_141_159,s2_164_318,s4_160_220,s2_2_4
1401,s2_885_1695,s2_n103_99,s4_n40_7,s1_below_4282,s1_below_2,s1_below_2001,s2_760_2075,s3_17_37,Passenger Car,s2_11_28,Deployed,s2_97_208,s1_below_1,Male,s2_37_80,s3_141_159,s2_164_318,s3_80_160,s2_2_4
1402,s4_2555_3715,s2_n103_99,s4_n40_7,s1_below_4282,s2_2_3,s2_2001_2003,s2_760_2075,s3_17_37,Truck (<=10000 lbs.),s3_28_48,Deployed,s2_97_208,s2_1_2,Male,s2_37_80,s5_169_179,s3_318_464,s3_80_160,s5_6_7
1403,s2_885_1695,s2_n103_99,s4_n40_7,s1_below_4282,s3_3_4,s3_2003_2005,s2_760_2075,s3_17_37,Truck (<=6000 lbs.),s4_48_64,Not Deployed,s2_97_208,s1_below_1,Male,s3_80_96,s3_141_159,s2_164_318,s2_40_80,s2_2_4
1404,s2_885_1695,s2_n103_99,s4_n40_7,s1_below_4282,s2_2_3,s3_2003_2005,s2_760_2075,s5_47_57,Passenger Car,s2_11_28,Not Deployed,s2_97_208,s1_below_1,Male,s3_80_96,s3_141_159,s2_164_318,s3_80_160,s2_2_4
1405,s2_885_1695,s2_n103_99,s4_n40_7,s1_below_4282,s2_2_3,s5_2007_2009,s2_760_2075,s3_17_37,Passenger Car,s3_28_48,Not Deployed,s2_97_208,s1_below_1,Female,s3_80_96,s3_141_159,s2_164_318,s3_80_160,s2_2_4
1406,s2_885_1695,s2_n103_99,s4_n40_7,s1_below_4282,s1_below_2,s4_2005_2007,s2_760_2075,s3_17_37,Passenger Car,s2_11_28,Deployed,s2_97_208,s1_below_1,Male,s2_37_80,s3_141_159,s2_164_318,s3_80_160,s2_2_4
1407,s3_1695_2555,s2_n103_99,s4_n40_7,s1_below_4282,s1_below_2,s2_2001_2003,s2_760_2075,s3_17_37,Truck (<=6000 lbs.),s3_28_48,Deployed,s2_97_208,s1_below_1,Male,s4_96_114,s3_141_159,s2_164_318,s5_220_260,s2_2_4
1408,s3_1695_2555,s2_n103_99,s5_7_up,s1_below_4282,s2_2_3,s4_2005_2007,s2_760_2075,s5_47_57,Truck (<=10000 lbs.),s3_28_48,Not Deployed,s2_97_208,s1_below_1,Female,s5_114_130,s3_141_159,s2_164_318,s6_260_up,s2_2_4
1409,s2_885_1695,s2_n103_99,s4_n40_7,s1_below_4282,s1_below_2,s2_2001_2003,s2_760_2075,s3_17_37,Passenger Car,s4_48_64,Deployed,s2_97_208,s1_below_1,Male,s2_37_80,s3_141_159,s2_164_318,s3_80_160,s2_2_4
1410,s3_1695_2555,s2_n103_99,s4_n40_7,s1_below_4282,s1_below_2,s1_below_2001,s2_760_2075,s3_17_37,Passenger Car,s4_48_64,Not Deployed,s2_97_208,s2_1_2,Male,s2_37_80,s4_159_169,s2_164_318,s4_160_220,s2_2_4
1411,s3_1695_2555,s2_n103_99,s4_n40_7,s1_below_4282,s1_below_2,s4_2005_2007,s2_760_2075,s3_17_37,Truck (<=6000 lbs.),s3_28_48,Not Deployed,s2_97_208,s1_below_1,Male,s2_37_80,s4_159_169,s2_164_318,s3_80_160,s3_4_5
1412,s3_1695_2555,s2_n103_99,s5_7_up,s1_below_4282,s1_below_2,s2_2001_2003,s2_760_2075,s3_17_37,Passenger Car,s3_28_48,Not Deployed,s2_97_208,s1_below_1,Male,s2_37_80,s4_159_169,s2_164_318,s4_160_220,s3_4_5
1413,s3_1695_2555,s2_n103_99,s4_n40_7,s1_below_4282,s1_below_2,s3_2003_2005,s3_2075_3730,s3_17_37,Truck (<=10000 lbs.),s3_28_48,Not Deployed,s2_97_208,s1_below_1,Male,s3_80_96,s4_159_169,s2_164_318,s4_160_220,s3_4_5
1414,s3_1695_2555,s2_n103_99,s5_7_up,s1_below_4282,s2_2_3,s1_below_2001,s3_2075_3730,s3_17_37,Truck (<=6000 lbs.),s3_28_48,Deployed,s2_97_208,s1_below_1,Male,s3_80_96,s4_159_169,s2_164_318,s6_260_up,s3_4_5
1415,s2_885_1695,s2_n103_99,s4_n40_7,s1_below_4282,s1_below_2,s4_2005_2007,s2_760_2075,s3_17_37,Truck (<=6000 lbs.),s3_28_48,Deployed,s2_97_208,s1_below_1,Female,s3_80_96,s3_141_159,s2_164_318,s4_160_220,s2_2_4
1416,s2_885_1695,s2_n103_99,s4_n40_7,s1_below_4282,s1_below_2,s4_2005_2007,s2_760_2075,s3_17_37,Passenger Car,s3_28_48,Not Deployed,s2_97_208,s1_below_1,Female,s4_96_114,s3_141_159,s2_164_318,s3_80_160,s2_2_4
1417,s2_885_1695,s2_n103_99,s4_n40_7,s1_below_4282,s1_below_2,s2_2001_2003,s2_760_2075,s3_17_37,Passenger Car,s2_11_28,Deployed,s2_97_208,s1_below_1,Male,s3_80_96,s3_141_159,s2_164_318,s3_80_160,s2_2_4
1418,s3_1695_2555,s2_n103_99,s4_n40_7,s1_below_4282,s1_below_2,s5_2007_2009,s2_760_2075,s3_17_37,Truck (<=10000 lbs.),s3_28_48,Not Deployed,s2_97_208,s1_below_1,Female,s2_37_80,s4_159_169,s2_164_318,s2_40_80,s3_4_5
1419,s2_885_1695,s2_n103_99,s4_n40_7,s1_below_4282,s1_below_2,s1_below_2001,s2_760_2075,s3_17_37,Passenger Car,s4_48_64,Not Deployed,s2_97_208,s1_below_1,Male,s4_96_114,s3_141_159,s2_164_318,s3_80_160,s2_2_4
1420,s3_1695_2555,s2_n103_99,s4_n40_7,s1_below_4282,s1_below_2,s3_2003_2005,s3_2075_3730,s3_17_37,Truck (<=6000 lbs.),s4_48_64,Not Deployed,s2_97_208,s1_below_1,Female,s3_80_96,s4_159_169,s2_164_318,s3_80_160,s2_2_4
1421,s3_1695_2555,s2_n103_99,s4_n40_7,s1_below_4282,s1_below_2,s1_below_2001,s2_760_2075,s3_17_37,Passenger Car,s3_28_48,Not Deployed,s2_97_208,s1_below_1,Male,s3_80_96,s3_141_159,s2_164_318,s3_80_160,s2_2_4
1422,s3_1695_2555,s2_n103_99,s4_n40_7,s1_below_4282,s3_3_4,s2_2001_2003,s2_760_2075,s3_17_37,Truck (<=6000 lbs.),s3_28_48,Deployed,s2_97_208,s1_below_1,Female,s2_37_80,s4_159_169,s2_164_318,s3_80_160,s3_4_5
1423,s3_1695_2555,s2_n103_99,s4_n40_7,s1_below_4282,s1_below_2,s2_2001_2003,s2_760_2075,s3_17_37,Passenger Car,s3_28_48,Not Deployed,s2_97_208,s1_below_1,Male,s2_37_80,s4_159_169,s2_164_318,s4_160_220,s2_2_4
1424,s3_1695_2555,s2_n103_99,s4_n40_7,s1_below_4282,s3_3_4,s4_2005_2007,s3_2075_3730,s3_17_37,Passenger Car,s3_28_48,Not Deployed,s2_97_208,s1_below_1,Female,s3_80_96,s4_159_169,s2_164_318,s3_80_160,s3_4_5
1425,s3_1695_2555,s2_n103_99,s4_n40_7,s1_below_4282,s1_below_2,s2_2001_2003,s2_760_2075,s3_17_37,Truck (<=6000 lbs.),s3_28_48,Not Deployed,s2_97_208,s1_below_1,Male,s3_80_96,s3_141_159,s2_164_318,s4_160_220,s2_2_4
1426,s3_1695_2555,s2_n103_99,s4_n40_7,s1_below_4282,s2_2_3,s3_2003_2005,s2_760_2075,s5_47_57,Passenger Car,s5_64_76,Not Deployed,s2_97_208,s1_below_1,Male,s2_37_80,s4_159_169,s2_164_318,s3_80_160,s3_4_5
1427,s3_1695_2555,s2_n103_99,s5_7_up,s1_below_4282,s2_2_3,s5_2007_2009,s2_760_2075,s5_47_57,Truck (<=6000 lbs.),s2_11_28,Deployed,s2_97_208,s1_below_1,Male,s3_80_96,s4_159_169,s2_164_318,s6_260_up,s2_2_4
1428,s3_1695_2555,s2_n103_99,s4_n40_7,s1_below_4282,s2_2_3,s2_2001_2003,s3_2075_3730,s3_17_37,Passenger Car,s4_48_64,Not Deployed,s2_97_208,s1_below_1,Male,s2_37_80,s4_159_169,s2_164_318,s3_80_160,s3_4_5
1429,s3_1695_2555,s2_n103_99,s4_n40_7,s1_below_4282,s1_below_2,s4_2005_2007,s2_760_2075,s3_17_37,Truck (<=6000 lbs.),s3_28_48,Not Deployed,s2_97_208,s1_below_1,Male,s3_80_96,s4_159_169,s2_164_318,s2_40_80,s3_4_5
1430,s3_1695_2555,s2_n103_99,s4_n40_7,s1_below_4282,s1_below_2,s2_2001_2003,s2_760_2075,s3_17_37,Passenger Car,s3_28_48,Not Deployed,s2_97_208,s1_below_1,Male,s2_37_80,s4_159_169,s2_164_318,s3_80_160,s3_4_5
1431,s2_885_1695,s2_n103_99,s4_n40_7,s1_below_4282,s1_below_2,s1_below_2001,s2_760_2075,s3_17_37,Passenger Car,s4_48_64,Not Deployed,s2_97_208,s1_below_1,Male,s3_80_96,s3_141_159,s2_164_318,s3_80_160,s2_2_4
1432,s2_885_1695,s2_n103_99,s4_n40_7,s1_below_4282,s1_below_2,s2_2001_2003,s2_760_2075,s4_37_47,Passenger Car,s3_28_48,Not Deployed,s2_97_208,s1_below_1,Male,s4_96_114,s3_141_159,s2_164_318,s3_80_160,s2_2_4
1433,s3_1695_2555,s2_n103_99,s4_n40_7,s1_below_4282,s1_below_2,s3_2003_2005,s2_760_2075,s3_17_37,Truck (<=6000 lbs.),s3_28_48,Not Deployed,s2_97_208,s1_below_1,Female,s2_37_80,s3_141_159,s2_164_318,s3_80_160,s2_2_4
1434,s2_885_1695,s2_n103_99,s4_n40_7,s1_below_4282,s2_2_3,s4_2005_2007,s2_760_2075,s5_47_57,Passenger Car,s2_11_28,Deployed,s2_97_208,s1_below_1,Male,s2_37_80,s3_141_159,s2_164_318,s3_80_160,s2_2_4
1435,s3_1695_2555,s2_n103_99,s4_n40_7,s1_below_4282,s3_3_4,s3_2003_2005,s2_760_2075,s3_17_37,Passenger Car,s2_11_28,Deployed,s2_97_208,s1_below_1,Male,s2_37_80,s3_141_159,s2_164_318,s4_160_220,s2_2_4
1436,s2_885_1695,s2_n103_99,s4_n40_7,s1_below_4282,s1_below_2,s3_2003_2005,s2_760_2075,s3_17_37,Passenger Car,s3_28_48,Not Deployed,s2_97_208,s1_below_1,Male,s3_80_96,s3_141_159,s2_164_318,s4_160_220,s2_2_4
1437,s3_1695_2555,s2_n103_99,s3_n81_n40,s1_below_4282,s1_below_2,s3_2003_2005,s2_760_2075,s3_17_37,Passenger Car,s3_28_48,Not Deployed,s2_97_208,s1_below_1,Male,s2_37_80,s4_159_169,s2_164_318,s3_80_160,s2_2_4
1438,s3_1695_2555,s2_n103_99,s3_n81_n40,s1_below_4282,s1_below_2,s4_2005_2007,s2_760_2075,s3_17_37,Truck (<=10000 lbs.),s4_48_64,Deployed,s2_97_208,s2_1_2,Male,s4_96_114,s4_159_169,s2_164_318,s3_80_160,s2_2_4
1439,s2_885_1695,s2_n103_99,s4_n40_7,s1_below_4282,s3_3_4,s2_2001_2003,s2_760_2075,s3_17_37,Passenger Car,s2_11_28,Deployed,s2_97_208,s1_below_1,Female,s2_37_80,s3_141_159,s2_164_318,s3_80_160,s2_2_4
1440,s2_885_1695,s2_n103_99,s4_n40_7,s1_below_4282,s3_3_4,s3_2003_2005,s2_760_2075,s3_17_37,Passenger Car,s3_28_48,Not Deployed,s2_97_208,s1_below_1,Male,s3_80_96,s3_141_159,s2_164_318,s2_40_80,s2_2_4
1441,s2_885_1695,s2_n103_99,s4_n40_7,s1_below_4282,s4_4_5,s4_2005_2007,s2_760_2075,s3_17_37,Passenger Car,s3_28_48,Deployed,s2_97_208,s1_below_1,Female,s2_37_80,s3_141_159,s2_164_318,s3_80_160,s2_2_4
1442,s3_1695_2555,s2_n103_99,s5_7_up,s1_below_4282,s4_4_5,s3_2003_2005,s2_760_2075,s3_17_37,Truck (<=6000 lbs.),s3_28_48,Not Deployed,s2_97_208,s1_below_1,Female,s3_80_96,s3_141_159,s2_164_318,s6_260_up,s2_2_4
1443,s2_885_1695,s2_n103_99,s4_n40_7,s1_below_4282,s2_2_3,s3_2003_2005,s2_760_2075,s3_17_37,Passenger Car,s3_28_48,Not Deployed,s2_97_208,s1_below_1,Male,s3_80_96,s3_141_159,s2_164_318,s3_80_160,s2_2_4
1444,s3_1695_2555,s2_n103_99,s4_n40_7,s1_below_4282,s1_below_2,s5_2007_2009,s2_760_2075,s3_17_37,Truck (<=10000 lbs.),s3_28_48,Deployed,s2_97_208,s1_below_1,Male,s3_80_96,s5_169_179,s3_318_464,s3_80_160,s4_5_6
1445,s2_885_1695,s2_n103_99,s4_n40_7,s1_below_4282,s1_below_2,s1_below_2001,s2_760_2075,s4_37_47,Passenger Car,s4_48_64,Deployed,s2_97_208,s1_below_1,Male,s4_96_114,s3_141_159,s2_164_318,s3_80_160,s2_2_4
1446,s3_1695_2555,s2_n103_99,s4_n40_7,s1_below_4282,s1_below_2,s2_2001_2003,s2_760_2075,s3_17_37,Truck (<=6000 lbs.),s2_11_28,Not Deployed,s2_97_208,s1_below_1,Male,s4_96_114,s4_159_169,s2_164_318,s4_160_220,s3_4_5
1447,s2_885_1695,s2_n103_99,s4_n40_7,s1_below_4282,s1_below_2,s3_2003_2005,s2_760_2075,s3_17_37,Passenger Car,s3_28_48,Not Deployed,s2_97_208,s1_below_1,Female,s3_80_96,s3_141_159,s2_164_318,s3_80_160,s2_2_4
1448,s3_1695_2555,s2_n103_99,s4_n40_7,s1_below_4282,s1_below_2,s5_2007_2009,s2_760_2075,s3_17_37,Truck (<=6000 lbs.),s3_28_48,Not Deployed,s2_97_208,s1_below_1,Female,s2_37_80,s4_159_169,s2_164_318,s3_80_160,s3_4_5
1449,s3_1695_2555,s2_n103_99,s4_n40_7,s1_below_4282,s1_below_2,s2_2001_2003,s2_760_2075,s3_17_37,Truck (<=6000 lbs.),s2_11_28,Not Deployed,s2_97_208,s1_below_1,Male,s4_96_114,s3_141_159,s2_164_318,s3_80_160,s2_2_4
1450,s2_885_1695,s2_n103_99,s4_n40_7,s1_below_4282,s1_below_2,s2_2001_2003,s2_760_2075,s3_17_37,Passenger Car,s2_11_28,Deployed,s2_97_208,s1_below_1,Male,s2_37_80,s3_141_159,s2_164_318,s3_80_160,s2_2_4
1451,s2_885_1695,s2_n103_99,s4_n40_7,s1_below_4282,s1_below_2,s4_2005_2007,s2_760_2075,s4_37_47,Passenger Car,s2_11_28,Not Deployed,s2_97_208,s1_below_1,Female,s2_37_80,s3_141_159,s2_164_318,s3_80_160,s2_2_4
1452,s2_885_1695,s2_n103_99,s4_n40_7,s1_below_4282,s1_below_2,s2_2001_2003,s3_2075_3730,s5_47_57,Passenger Car,s2_11_28,Not Deployed,s2_97_208,s1_below_1,Female,s2_37_80,s3_141_159,s2_164_318,s3_80_160,s2_2_4
1453,s2_885_1695,s2_n103_99,s4_n40_7,s1_below_4282,s2_2_3,s5_2007_2009,s2_760_2075,s3_17_37,Passenger Car,s5_64_76,Deployed,s2_97_208,s3_2_3,Female,s3_80_96,s3_141_159,s2_164_318,s3_80_160,s2_2_4
1454,s2_885_1695,s2_n103_99,s4_n40_7,s1_below_4282,s1_below_2,s1_below_2001,s2_760_2075,s3_17_37,Passenger Car,s2_11_28,Not Deployed,s2_97_208,s1_below_1,Female,s3_80_96,s3_141_159,s2_164_318,s3_80_160,s2_2_4
1455,s2_885_1695,s2_n103_99,s4_n40_7,s1_below_4282,s1_below_2,s4_2005_2007,s2_760_2075,s3_17_37,Passenger Car,s3_28_48,Not Deployed,s2_97_208,s1_below_1,Female,s3_80_96,s3_141_159,s2_164_318,s2_40_80,s2_2_4
1456,s2_885_1695,s2_n103_99,s5_7_up,s1_below_4282,s1_below_2,s3_2003_2005,s2_760_2075,s4_37_47,Passenger Car,s2_11_28,Not Deployed,s2_97_208,s1_below_1,Female,s2_37_80,s3_141_159,s2_164_318,s6_260_up,s2_2_4
1457,s3_1695_2555,s2_n103_99,s4_n40_7,s1_below_4282,s1_below_2,s5_2007_2009,s2_760_2075,s4_37_47,Truck (<=6000 lbs.),s3_28_48,Deployed,s2_97_208,s1_below_1,Female,s2_37_80,s4_159_169,s2_164_318,s3_80_160,s2_2_4
1458,s2_885_1695,s2_n103_99,s4_n40_7,s1_below_4282,s1_below_2,s5_2007_2009,s3_2075_3730,s3_17_37,Passenger Car,s5_64_76,Deployed,s2_97_208,s1_below_1,Female,s2_37_80,s3_141_159,s2_164_318,s3_80_160,s2_2_4
1459,s2_885_1695,s2_n103_99,s4_n40_7,s1_below_4282,s3_3_4,s4_2005_2007,s2_760_2075,s3_17_37,Passenger Car,s5_64_76,Not Deployed,s2_97_208,s1_below_1,Female,s2_37_80,s3_141_159,s2_164_318,s3_80_160,s2_2_4
1460,s2_885_1695,s2_n103_99,s4_n40_7,s1_below_4282,s2_2_3,s4_2005_2007,s2_760_2075,s3_17_37,Passenger Car,s3_28_48,Deployed,s2_97_208,s1_below_1,Male,s6_130_up,s3_141_159,s2_164_318,s3_80_160,s2_2_4
1461,s2_885_1695,s2_n103_99,s4_n40_7,s1_below_4282,s1_below_2,s4_2005_2007,s2_760_2075,s4_37_47,Passenger Car,s4_48_64,Not Deployed,s2_97_208,s4_3_4,Male,s3_80_96,s3_141_159,s2_164_318,s2_40_80,s2_2_4
1462,s2_885_1695,s2_n103_99,s3_n81_n40,s1_below_4282,s1_below_2,s1_below_2001,s2_760_2075,s4_37_47,Passenger Car,s2_11_28,Deployed,s2_97_208,s1_below_1,Female,s4_96_114,s3_141_159,s2_164_318,s3_80_160,s2_2_4
1463,s2_885_1695,s2_n103_99,s4_n40_7,s1_below_4282,s1_below_2,s3_2003_2005,s2_760_2075,s4_37_47,Passenger Car,s5_64_76,Not Deployed,s2_97_208,s2_1_2,Female,s2_37_80,s3_141_159,s2_164_318,s3_80_160,s2_2_4
1464,s4_2555_3715,s2_n103_99,s4_n40_7,s1_below_4282,s1_below_2,s5_2007_2009,s2_760_2075,s5_47_57,Truck (<=10000 lbs.),s3_28_48,Deployed,s2_97_208,s1_below_1,Male,s4_96_114,s4_159_169,s2_164_318,s4_160_220,s3_4_5
1465,s2_885_1695,s2_n103_99,s3_n81_n40,s1_below_4282,s1_below_2,s2_2001_2003,s3_2075_3730,s4_37_47,Passenger Car,s3_28_48,Deployed,s2_97_208,s3_2_3,Male,s2_37_80,s3_141_159,s2_164_318,s3_80_160,s2_2_4
1466,s2_885_1695,s2_n103_99,s5_7_up,s1_below_4282,s1_below_2,s2_2001_2003,s3_2075_3730,s3_17_37,Passenger Car,s2_11_28,Not Deployed,s2_97_208,s1_below_1,Female,s2_37_80,s3_141_159,s2_164_318,s6_260_up,s2_2_4
1467,s3_1695_2555,s2_n103_99,s4_n40_7,s1_below_4282,s3_3_4,s4_2005_2007,s2_760_2075,s4_37_47,Truck (<=10000 lbs.),s4_48_64,Not Deployed,s2_97_208,s1_below_1,Male,s4_96_114,s4_159_169,s3_318_464,s3_80_160,s4_5_6
1468,s2_885_1695,s2_n103_99,s4_n40_7,s1_below_4282,s5_5_6,s3_2003_2005,s3_2075_3730,s4_37_47,Passenger Car,s6_76_up,Deployed,s2_97_208,s1_below_1,Female,s2_37_80,s3_141_159,s2_164_318,s4_160_220,s2_2_4
1469,s2_885_1695,s2_n103_99,s4_n40_7,s1_below_4282,s1_below_2,s3_2003_2005,s2_760_2075,s3_17_37,Passenger Car,s6_76_up,Not Deployed,s2_97_208,s1_below_1,Female,s2_37_80,s3_141_159,s2_164_318,s3_80_160,s2_2_4
1470,s2_885_1695,s2_n103_99,s5_7_up,s1_below_4282,s1_below_2,s3_2003_2005,s2_760_2075,s3_17_37,Passenger Car,s5_64_76,Not Deployed,s2_97_208,s1_below_1,Male,s2_37_80,s3_141_159,s2_164_318,s6_260_up,s2_2_4
1471,s2_885_1695,s2_n103_99,s5_7_up,s1_below_4282,s1_below_2,s5_2007_2009,s2_760_2075,s4_37_47,Passenger Car,s3_28_48,Not Deployed,s2_97_208,s1_below_1,Female,s3_80_96,s3_141_159,s2_164_318,s6_260_up,s2_2_4
1472,s3_1695_2555,s2_n103_99,s5_7_up,s1_below_4282,s1_below_2,s3_2003_2005,s2_760_2075,s4_37_47,Truck (<=6000 lbs.),s3_28_48,Not Deployed,s2_97_208,s1_below_1,Male,s3_80_96,s4_159_169,s2_164_318,s6_260_up,s3_4_5
1473,s3_1695_2555,s2_n103_99,s5_7_up,s1_below_4282,s3_3_4,s1_below_2001,s2_760_2075,s4_37_47,Truck (<=6000 lbs.),s3_28_48,Not Deployed,s2_97_208,s1_below_1,Male,s4_96_114,s4_159_169,s2_164_318,s6_260_up,s3_4_5
1474,s3_1695_2555,s2_n103_99,s4_n40_7,s1_below_4282,s3_3_4,s2_2001_2003,s2_760_2075,s4_37_47,Truck (<=6000 lbs.),s3_28_48,Deployed,s2_97_208,s1_below_1,Female,s3_80_96,s3_141_159,s2_164_318,s3_80_160,s2_2_4
1475,s3_1695_2555,s2_n103_99,s4_n40_7,s1_below_4282,s1_below_2,s2_2001_2003,s2_760_2075,s4_37_47,Truck (<=6000 lbs.),s4_48_64,Deployed,s2_97_208,s1_below_1,Male,s4_96_114,s3_141_159,s2_164_318,s3_80_160,s2_2_4
1476,s2_885_1695,s2_n103_99,s4_n40_7,s1_below_4282,s1_below_2,s3_2003_2005,s2_760_2075,s5_47_57,Passenger Car,s4_48_64,Not Deployed,s2_97_208,s1_below_1,Male,s4_96_114,s3_141_159,s2_164_318,s3_80_160,s2_2_4
1477,s2_885_1695,s2_n103_99,s4_n40_7,s1_below_4282,s2_2_3,s5_2007_2009,s2_760_2075,s3_17_37,Passenger Car,s6_76_up,Not Deployed,s2_97_208,s1_below_1,Male,s3_80_96,s3_141_159,s2_164_318,s3_80_160,s2_2_4
1478,s2_885_1695,s2_n103_99,s4_n40_7,s1_below_4282,s1_below_2,s1_below_2001,s2_760_2075,s3_17_37,Passenger Car,s2_11_28,Not Deployed,s2_97_208,s1_below_1,Female,s2_37_80,s3_141_159,s2_164_318,s4_160_220,s2_2_4
1479,s3_1695_2555,s2_n103_99,s4_n40_7,s1_below_4282,s1_below_2,s4_2005_2007,s2_760_2075,s3_17_37,Truck (<=6000 lbs.),s2_11_28,Not Deployed,s2_97_208,s1_below_1,Female,s2_37_80,s4_159_169,s2_164_318,s3_80_160,s2_2_4
1480,s2_885_1695,s2_n103_99,s4_n40_7,s1_below_4282,s1_below_2,s2_2001_2003,s2_760_2075,s3_17_37,Passenger Car,s2_11_28,Not Deployed,s2_97_208,s1_below_1,Female,s3_80_96,s3_141_159,s2_164_318,s3_80_160,s2_2_4
1481,s2_885_1695,s2_n103_99,s5_7_up,s1_below_4282,s2_2_3,s3_2003_2005,s2_760_2075,s5_47_57,Truck (<=6000 lbs.),s4_48_64,Not Deployed,s2_97_208,s1_below_1,Male,s4_96_114,s3_141_159,s2_164_318,s6_260_up,s2_2_4
1482,s2_885_1695,s2_n103_99,s4_n40_7,s1_below_4282,s1_below_2,s4_2005_2007,s2_760_2075,s5_47_57,Truck (<=6000 lbs.),s6_76_up,Deployed,s2_97_208,s1_below_1,Male,s3_80_96,s3_141_159,s2_164_318,s3_80_160,s2_2_4
1483,s3_1695_2555,s2_n103_99,s4_n40_7,s1_below_4282,s3_3_4,s3_2003_2005,s2_760_2075,s5_47_57,Truck (<=10000 lbs.),s4_48_64,Deployed,s2_97_208,s1_below_1,Male,s6_130_up,s4_159_169,s3_318_464,s3_80_160,s4_5_6
1484,s3_1695_2555,s2_n103_99,s4_n40_7,s1_below_4282,s3_3_4,s3_2003_2005,s2_760_2075,s3_17_37,Truck (<=6000 lbs.),s5_64_76,Deployed,s2_97_208,s1_below_1,Female,s2_37_80,s4_159_169,s2_164_318,s3_80_160,s3_4_5
1485,s2_885_1695,s2_n103_99,s4_n40_7,s1_below_4282,s2_2_3,s3_2003_2005,s2_760_2075,s4_37_47,Passenger Car,s5_64_76,Deployed,s2_97_208,s1_below_1,Female,s2_37_80,s3_141_159,s2_164_318,s3_80_160,s2_2_4
1486,s3_1695_2555,s2_n103_99,s4_n40_7,s1_below_4282,s3_3_4,s3_2003_2005,s2_760_2075,s4_37_47,Truck (<=6000 lbs.),s3_28_48,Not Deployed,s2_97_208,s1_below_1,Female,s2_37_80,s5_169_179,s2_164_318,s4_160_220,s3_4_5
1487,s2_885_1695,s2_n103_99,s5_7_up,s1_below_4282,s2_2_3,s5_2007_2009,s2_760_2075,s4_37_47,Passenger Car,s4_48_64,Not Deployed,s2_97_208,s1_below_1,Female,s2_37_80,s3_141_159,s2_164_318,s6_260_up,s2_2_4
1488,s3_1695_2555,s2_n103_99,s4_n40_7,s1_below_4282,s2_2_3,s3_2003_2005,s2_760_2075,s4_37_47,Passenger Car,s3_28_48,Deployed,s2_97_208,s1_below_1,Female,s3_80_96,s3_141_159,s2_164_318,s3_80_160,s2_2_4
1489,s2_885_1695,s2_n103_99,s4_n40_7,s1_below_4282,s2_2_3,s2_2001_2003,s2_760_2075,s1_below_7,Passenger Car,s5_64_76,Not Deployed,s2_97_208,s1_below_1,Male,s5_114_130,s3_141_159,s2_164_318,s4_160_220,s2_2_4
1490,s2_885_1695,s2_n103_99,s4_n40_7,s1_below_4282,s5_5_6,s5_2007_2009,s2_760_2075,s5_47_57,Passenger Car,s5_64_76,Not Deployed,s2_97_208,s1_below_1,Male,s2_37_80,s3_141_159,s2_164_318,s3_80_160,s2_2_4
1491,s2_885_1695,s2_n103_99,s4_n40_7,s1_below_4282,s1_below_2,s3_2003_2005,s2_760_2075,s4_37_47,Passenger Car,s4_48_64,Not Deployed,s2_97_208,s1_below_1,Female,s2_37_80,s3_141_159,s2_164_318,s3_80_160,s2_2_4
1492,s3_1695_2555,s2_n103_99,s4_n40_7,s1_below_4282,s3_3_4,s4_2005_2007,s2_760_2075,s5_47_57,Truck (<=10000 lbs.),s2_11_28,Not Deployed,s2_97_208,s1_below_1,Male,s2_37_80,s5_169_179,s3_318_464,s3_80_160,s4_5_6
1493,s2_885_1695,s2_n103_99,s4_n40_7,s1_below_4282,s1_below_2,s5_2007_2009,s2_760_2075,s4_37_47,Passenger Car,s5_64_76,Deployed,s2_97_208,s2_1_2,Male,s2_37_80,s3_141_159,s2_164_318,s4_160_220,s2_2_4
1494,s2_885_1695,s2_n103_99,s4_n40_7,s1_below_4282,s1_below_2,s2_2001_2003,s2_760_2075,s4_37_47,Passenger Car,s2_11_28,Deployed,s2_97_208,s2_1_2,Female,s2_37_80,s3_141_159,s2_164_318,s3_80_160,s2_2_4
1495,s2_885_1695,s2_n103_99,s5_7_up,s1_below_4282,s1_below_2,s5_2007_2009,s2_760_2075,s4_37_47,Passenger Car,s2_11_28,Not Deployed,s2_97_208,s1_below_1,Male,s3_80_96,s3_141_159,s2_164_318,s6_260_up,s2_2_4
1496,s2_885_1695,s2_n103_99,s4_n40_7,s1_below_4282,s1_below_2,s3_2003_2005,s2_760_2075,s3_17_37,Truck (<=6000 lbs.),s2_11_28,Not Deployed,s2_97_208,s1_below_1,Male,s2_37_80,s3_141_159,s2_164_318,s2_40_80,s2_2_4
1497,s2_885_1695,s2_n103_99,s4_n40_7,s1_below_4282,s1_below_2,s5_2007_2009,s2_760_2075,s4_37_47,Passenger Car,s6_76_up,Deployed,s2_97_208,s1_below_1,Female,s2_37_80,s3_141_159,s2_164_318,s3_80_160,s2_2_4
1498,s3_1695_2555,s2_n103_99,s4_n40_7,s1_below_4282,s1_below_2,s2_2001_2003,s2_760_2075,s5_47_57,Truck (<=6000 lbs.),s4_48_64,Not Deployed,s2_97_208,s1_below_1,Female,s3_80_96,s4_159_169,s2_164_318,s3_80_160,s3_4_5
1499,s2_885_1695,s2_n103_99,s5_7_up,s1_below_4282,s3_3_4,s2_2001_2003,s2_760_2075,s4_37_47,Passenger Car,s3_28_48,Not Deployed,s2_97_208,s1_below_1,Female,s2_37_80,s3_141_159,s2_164_318,s6_260_up,s2_2_4
1500,s2_885_1695,s2_n103_99,s4_n40_7,s1_below_4282,s1_below_2,s4_2005_2007,s2_760_2075,s3_17_37,Truck (<=6000 lbs.),s6_76_up,Deployed,s2_97_208,s2_1_2,Male,s2_37_80,s3_141_159,s2_164_318,s4_160_220,s2_2_4
1501,s2_885_1695,s2_n103_99,s4_n40_7,s1_below_4282,s3_3_4,s2_2001_2003,s2_760_2075,s5_47_57,Passenger Car,s4_48_64,Not Deployed,s2_97_208,s1_below_1,Female,s2_37_80,s3_141_159,s2_164_318,s3_80_160,s2_2_4
1502,s2_885_1695,s2_n103_99,s5_7_up,s1_below_4282,s3_3_4,s3_2003_2005,s2_760_2075,s4_37_47,Passenger Car,s2_11_28,Not Deployed,s2_97_208,s1_below_1,Male,s2_37_80,s3_141_159,s2_164_318,s6_260_up,s2_2_4
1503,s2_885_1695,s2_n103_99,s4_n40_7,s1_below_4282,s1_below_2,s4_2005_2007,s2_760_2075,s5_47_57,Passenger Car,s5_64_76,Deployed,s2_97_208,s2_1_2,Male,s2_37_80,s3_141_159,s2_164_318,s3_80_160,s2_2_4
1504,s3_1695_2555,s2_n103_99,s4_n40_7,s1_below_4282,s2_2_3,s5_2007_2009,s2_760_2075,s3_17_37,Truck (<=6000 lbs.),s2_11_28,Not Deployed,s2_97_208,s1_below_1,Male,s2_37_80,s5_169_179,s2_164_318,s2_40_80,s3_4_5
1505,s2_885_1695,s2_n103_99,s4_n40_7,s1_below_4282,s2_2_3,s5_2007_2009,s2_760_2075,s4_37_47,Passenger Car,s3_28_48,Not Deployed,s2_97_208,s1_below_1,Female,s2_37_80,s3_141_159,s2_164_318,s3_80_160,s2_2_4
1506,s3_1695_2555,s2_n103_99,s4_n40_7,s1_below_4282,s1_below_2,s2_2001_2003,s2_760_2075,s5_47_57,Truck (<=10000 lbs.),s4_48_64,Deployed,s2_97_208,s1_below_1,Male,s3_80_96,s5_169_179,s3_318_464,s3_80_160,s4_5_6
1507,s2_885_1695,s2_n103_99,s4_n40_7,s1_below_4282,s3_3_4,s5_2007_2009,s2_760_2075,s5_47_57,Passenger Car,s2_11_28,Deployed,s2_97_208,s1_below_1,Male,s3_80_96,s3_141_159,s2_164_318,s3_80_160,s2_2_4
1508,s2_885_1695,s2_n103_99,s4_n40_7,s1_below_4282,s2_2_3,s3_2003_2005,s2_760_2075,s5_47_57,Passenger Car,s3_28_48,Deployed,s2_97_208,s1_below_1,Female,s2_37_80,s3_141_159,s2_164_318,s3_80_160,s2_2_4
1509,s2_885_1695,s2_n103_99,s4_n40_7,s1_below_4282,s1_below_2,s4_2005_2007,s2_760_2075,s3_17_37,Passenger Car,s4_48_64,Deployed,s2_97_208,s1_below_1,Male,s3_80_96,s3_141_159,s2_164_318,s4_160_220,s2_2_4
1510,s3_1695_2555,s2_n103_99,s4_n40_7,s1_below_4282,s1_below_2,s5_2007_2009,s2_760_2075,s3_17_37,Truck (<=10000 lbs.),s3_28_48,Not Deployed,s2_97_208,s1_below_1,Male,s2_37_80,s3_141_159,s2_164_318,s3_80_160,s2_2_4
1511,s2_885_1695,s2_n103_99,s3_n81_n40,s1_below_4282,s1_below_2,s2_2001_2003,s2_760_2075,s4_37_47,Truck (<=6000 lbs.),s4_48_64,Not Deployed,s2_97_208,s1_below_1,Male,s4_96_114,s3_141_159,s2_164_318,s3_80_160,s2_2_4
1512,s3_1695_2555,s2_n103_99,s4_n40_7,s1_below_4282,s1_below_2,s5_2007_2009,s2_760_2075,s1_below_7,Truck (<=6000 lbs.),s2_11_28,Not Deployed,s2_97_208,s1_below_1,Male,s4_96_114,s3_141_159,s2_164_318,s4_160_220,s2_2_4
1513,s3_1695_2555,s2_n103_99,s4_n40_7,s1_below_4282,s2_2_3,s5_2007_2009,s2_760_2075,s4_37_47,Truck (<=6000 lbs.),s5_64_76,Not Deployed,s2_97_208,s1_below_1,Female,s2_37_80,s3_141_159,s2_164_318,s3_80_160,s2_2_4
1514,s2_885_1695,s2_n103_99,s4_n40_7,s1_below_4282,s1_below_2,s5_2007_2009,s2_760_2075,s4_37_47,Truck (<=6000 lbs.),s3_28_48,Deployed,s2_97_208,s1_below_1,Male,s3_80_96,s3_141_159,s2_164_318,s3_80_160,s2_2_4
1515,s3_1695_2555,s2_n103_99,s4_n40_7,s1_below_4282,s1_below_2,s2_2001_2003,s2_760_2075,s3_17_37,Passenger Car,s6_76_up,Not Deployed,s2_97_208,s1_below_1,Male,s3_80_96,s3_141_159,s2_164_318,s4_160_220,s2_2_4
1516,s3_1695_2555,s2_n103_99,s4_n40_7,s1_below_4282,s1_below_2,s4_2005_2007,s2_760_2075,s4_37_47,Passenger Car,s6_76_up,Not Deployed,s2_97_208,s1_below_1,Female,s2_37_80,s3_141_159,s2_164_318,s3_80_160,s2_2_4
1517,s3_1695_2555,s2_n103_99,s4_n40_7,s1_below_4282,s1_below_2,s1_below_2001,s2_760_2075,s3_17_37,Truck (<=6000 lbs.),s6_76_up,Deployed,s2_97_208,s1_below_1,Male,s3_80_96,s4_159_169,s2_164_318,s3_80_160,s3_4_5
1518,s3_1695_2555,s2_n103_99,s4_n40_7,s1_below_4282,s1_below_2,s2_2001_2003,s2_760_2075,s3_17_37,Passenger Car,s5_64_76,Not Deployed,s2_97_208,s1_below_1,Female,s3_80_96,s4_159_169,s2_164_318,s3_80_160,s3_4_5
1519,s2_885_1695,s2_n103_99,s4_n40_7,s1_below_4282,s1_below_2,s4_2005_2007,s2_760_2075,s5_47_57,Passenger Car,s2_11_28,Deployed,s2_97_208,s1_below_1,Male,s2_37_80,s3_141_159,s2_164_318,s4_160_220,s2_2_4
1520,s2_885_1695,s2_n103_99,s4_n40_7,s1_below_4282,s1_below_2,s2_2001_2003,s2_760_2075,s4_37_47,Passenger Car,s2_11_28,Not Deployed,s2_97_208,s1_below_1,Male,s3_80_96,s3_141_159,s2_164_318,s3_80_160,s2_2_4
1521,s3_1695_2555,s2_n103_99,s5_7_up,s1_below_4282,s2_2_3,s5_2007_2009,s2_760_2075,s5_47_57,Truck (<=6000 lbs.),s3_28_48,Not Deployed,s2_97_208,s1_below_1,Female,s2_37_80,s4_159_169,s2_164_318,s6_260_up,s3_4_5
1522,s2_885_1695,s2_n103_99,s4_n40_7,s1_below_4282,s1_below_2,s4_2005_2007,s2_760_2075,s4_37_47,Passenger Car,s3_28_48,Deployed,s2_97_208,s1_below_1,Female,s2_37_80,s4_159_169,s2_164_318,s3_80_160,s3_4_5
1523,s3_1695_2555,s2_n103_99,s4_n40_7,s1_below_4282,s1_below_2,s4_2005_2007,s2_760_2075,s3_17_37,Truck (<=10000 lbs.),s5_64_76,Not Deployed,s2_97_208,s1_below_1,Male,s4_96_114,s4_159_169,s3_318_464,s5_220_260,s4_5_6
1524,s3_1695_2555,s2_n103_99,s4_n40_7,s1_below_4282,s2_2_3,s3_2003_2005,s2_760_2075,s5_47_57,Truck (<=6000 lbs.),s3_28_48,Deployed,s2_97_208,s1_below_1,Female,s2_37_80,s4_159_169,s2_164_318,s3_80_160,s2_2_4
1525,s2_885_1695,s2_n103_99,s5_7_up,s1_below_4282,s2_2_3,s4_2005_2007,s2_760_2075,s4_37_47,Truck (<=6000 lbs.),s4_48_64,Not Deployed,s2_97_208,s1_below_1,Male,s3_80_96,s3_141_159,s2_164_318,s6_260_up,s2_2_4
1526,s2_885_1695,s2_n103_99,s4_n40_7,s1_below_4282,s2_2_3,s2_2001_2003,s2_760_2075,s5_47_57,Passenger Car,s3_28_48,Deployed,s2_97_208,s1_below_1,Female,s2_37_80,s3_141_159,s2_164_318,s3_80_160,s2_2_4
1527,s3_1695_2555,s2_n103_99,s4_n40_7,s1_below_4282,s3_3_4,s4_2005_2007,s2_760_2075,s4_37_47,Truck (<=6000 lbs.),s3_28_48,Deployed,s2_97_208,s2_1_2,Male,s5_114_130,s4_159_169,s3_318_464,s3_80_160,s3_4_5
1528,s2_885_1695,s2_n103_99,s3_n81_n40,s1_below_4282,s1_below_2,s3_2003_2005,s2_760_2075,s3_17_37,Passenger Car,s2_11_28,Deployed,s2_97_208,s3_2_3,Male,s3_80_96,s3_141_159,s2_164_318,s4_160_220,s2_2_4
1529,s3_1695_2555,s2_n103_99,s4_n40_7,s1_below_4282,s1_below_2,s2_2001_2003,s2_760_2075,s3_17_37,Truck (<=6000 lbs.),s3_28_48,Deployed,s2_97_208,s1_below_1,Male,s4_96_114,s3_141_159,s2_164_318,s3_80_160,s2_2_4
1530,s2_885_1695,s2_n103_99,s4_n40_7,s1_below_4282,s2_2_3,s5_2007_2009,s2_760_2075,s3_17_37,Passenger Car,s6_76_up,Deployed,s2_97_208,s1_below_1,Male,s2_37_80,s3_141_159,s2_164_318,s3_80_160,s2_2_4
1531,s2_885_1695,s2_n103_99,s4_n40_7,s1_below_4282,s4_4_5,s5_2007_2009,s2_760_2075,s4_37_47,Passenger Car,s5_64_76,Not Deployed,s2_97_208,s1_below_1,Male,s4_96_114,s3_141_159,s2_164_318,s2_40_80,s2_2_4
1532,s2_885_1695,s2_n103_99,s4_n40_7,s1_below_4282,s1_below_2,s3_2003_2005,s3_2075_3730,s4_37_47,Passenger Car,s2_11_28,Deployed,s2_97_208,s1_below_1,Female,s2_37_80,s3_141_159,s2_164_318,s4_160_220,s2_2_4
1533,s2_885_1695,s2_n103_99,s4_n40_7,s1_below_4282,s3_3_4,s3_2003_2005,s2_760_2075,s3_17_37,Passenger Car,s3_28_48,Not Deployed,s2_97_208,s1_below_1,Female,s2_37_80,s3_141_159,s2_164_318,s3_80_160,s2_2_4
1534,s2_885_1695,s2_n103_99,s4_n40_7,s1_below_4282,s2_2_3,s3_2003_2005,s2_760_2075,s3_17_37,Passenger Car,s2_11_28,Not Deployed,s2_97_208,s1_below_1,Male,s2_37_80,s3_141_159,s2_164_318,s2_40_80,s2_2_4
1535,s2_885_1695,s2_n103_99,s4_n40_7,s1_below_4282,s2_2_3,s2_2001_2003,s2_760_2075,s4_37_47,Passenger Car,s6_76_up,Deployed,s2_97_208,s3_2_3,Male,s2_37_80,s3_141_159,s2_164_318,s3_80_160,s2_2_4
1536,s2_885_1695,s2_n103_99,s4_n40_7,s1_below_4282,s4_4_5,s2_2001_2003,s2_760_2075,s4_37_47,Passenger Car,s3_28_48,Deployed,s2_97_208,s1_below_1,Male,s2_37_80,s3_141_159,s2_164_318,s3_80_160,s2_2_4
1537,s2_885_1695,s2_n103_99,s4_n40_7,s1_below_4282,s4_4_5,s4_2005_2007,s2_760_2075,s4_37_47,Passenger Car,s2_11_28,Deployed,s2_97_208,s2_1_2,Female,s2_37_80,s3_141_159,s2_164_318,s4_160_220,s2_2_4
1538,s2_885_1695,s2_n103_99,s3_n81_n40,s1_below_4282,s2_2_3,s3_2003_2005,s2_760_2075,s4_37_47,Passenger Car,s2_11_28,Deployed,s2_97_208,s1_below_1,Female,s3_80_96,s3_141_159,s2_164_318,s3_80_160,s2_2_4
1539,s2_885_1695,s2_n103_99,s4_n40_7,s1_below_4282,s2_2_3,s4_2005_2007,s2_760_2075,s4_37_47,Passenger Car,s2_11_28,Deployed,s2_97_208,s1_below_1,Female,s2_37_80,s3_141_159,s2_164_318,s4_160_220,s2_2_4
1540,s2_885_1695,s2_n103_99,s4_n40_7,s1_below_4282,s3_3_4,s3_2003_2005,s2_760_2075,s5_47_57,Passenger Car,s3_28_48,Not Deployed,s2_97_208,s1_below_1,Female,s2_37_80,s3_141_159,s2_164_318,s3_80_160,s2_2_4
1541,s2_885_1695,s2_n103_99,s4_n40_7,s1_below_4282,s3_3_4,s5_2007_2009,s2_760_2075,s5_47_57,Passenger Car,s3_28_48,Deployed,s2_97_208,s1_below_1,Female,s2_37_80,s3_141_159,s2_164_318,s3_80_160,s2_2_4
1542,s2_885_1695,s2_n103_99,s4_n40_7,s1_below_4282,s3_3_4,s1_below_2001,s2_760_2075,s4_37_47,Passenger Car,s2_11_28,Not Deployed,s2_97_208,s1_below_1,Female,s4_96_114,s3_141_159,s2_164_318,s3_80_160,s2_2_4
1543,s3_1695_2555,s2_n103_99,s4_n40_7,s1_below_4282,s1_below_2,s5_2007_2009,s2_760_2075,s3_17_37,Truck (<=6000 lbs.),s3_28_48,Not Deployed,s2_97_208,s1_below_1,Male,s2_37_80,s5_169_179,s2_164_318,s3_80_160,s4_5_6
1544,s2_885_1695,s2_n103_99,s4_n40_7,s1_below_4282,s4_4_5,s5_2007_2009,s2_760_2075,s4_37_47,Passenger Car,s3_28_48,Not Deployed,s2_97_208,s1_below_1,Male,s2_37_80,s3_141_159,s2_164_318,s4_160_220,s2_2_4
1545,s2_885_1695,s2_n103_99,s4_n40_7,s1_below_4282,s3_3_4,s4_2005_2007,s2_760_2075,s4_37_47,Passenger Car,s2_11_28,Deployed,s2_97_208,s1_below_1,Female,s2_37_80,s3_141_159,s2_164_318,s3_80_160,s2_2_4
1546,s2_885_1695,s2_n103_99,s4_n40_7,s1_below_4282,s3_3_4,s5_2007_2009,s2_760_2075,s4_37_47,Passenger Car,s3_28_48,Deployed,s2_97_208,s1_below_1,Female,s3_80_96,s3_141_159,s2_164_318,s3_80_160,s2_2_4
1547,s3_1695_2555,s2_n103_99,s4_n40_7,s1_below_4282,s6_6_up,s3_2003_2005,s3_2075_3730,s5_47_57,Truck (<=6000 lbs.),s2_11_28,Not Deployed,s2_97_208,s1_below_1,Male,s4_96_114,s3_141_159,s2_164_318,s3_80_160,s2_2_4
1548,s2_885_1695,s2_n103_99,s5_7_up,s1_below_4282,s1_below_2,s5_2007_2009,s2_760_2075,s3_17_37,Passenger Car,s2_11_28,Not Deployed,s2_97_208,s1_below_1,Female,s2_37_80,s3_141_159,s2_164_318,s4_160_220,s2_2_4
1549,s3_1695_2555,s2_n103_99,s4_n40_7,s1_below_4282,s1_below_2,s2_2001_2003,s3_2075_3730,s3_17_37,Truck (<=6000 lbs.),s3_28_48,Deployed,s2_97_208,s2_1_2,Male,s2_37_80,s3_141_159,s2_164_318,s3_80_160,s2_2_4
1550,s3_1695_2555,s2_n103_99,s4_n40_7,s1_below_4282,s1_below_2,s4_2005_2007,s3_2075_3730,s3_17_37,Truck (<=6000 lbs.),s3_28_48,Deployed,s2_97_208,s2_1_2,Female,s5_114_130,s4_159_169,s2_164_318,s3_80_160,s2_2_4
1551,s3_1695_2555,s2_n103_99,s4_n40_7,s1_below_4282,s1_below_2,s4_2005_2007,s2_760_2075,s4_37_47,Truck (<=6000 lbs.),s5_64_76,Not Deployed,s2_97_208,s1_below_1,Male,s3_80_96,s3_141_159,s2_164_318,s3_80_160,s2_2_4
1552,s3_1695_2555,s2_n103_99,s4_n40_7,s1_below_4282,s1_below_2,s1_below_2001,s3_2075_3730,s4_37_47,Passenger Car,s5_64_76,Deployed,s2_97_208,s1_below_1,Female,s2_37_80,s3_141_159,s2_164_318,s3_80_160,s2_2_4
1553,s2_885_1695,s2_n103_99,s4_n40_7,s1_below_4282,s1_below_2,s4_2005_2007,s2_760_2075,s4_37_47,Passenger Car,s4_48_64,Deployed,s2_97_208,s2_1_2,Male,s3_80_96,s3_141_159,s2_164_318,s3_80_160,s2_2_4
1554,s2_885_1695,s2_n103_99,s4_n40_7,s1_below_4282,s1_below_2,s5_2007_2009,s2_760_2075,s3_17_37,Passenger Car,s3_28_48,Not Deployed,s2_97_208,s1_below_1,Female,s2_37_80,s3_141_159,s2_164_318,s2_40_80,s2_2_4
1555,s2_885_1695,s2_n103_99,s4_n40_7,s1_below_4282,s2_2_3,s4_2005_2007,s2_760_2075,s4_37_47,Passenger Car,s2_11_28,Not Deployed,s2_97_208,s1_below_1,Male,s3_80_96,s3_141_159,s2_164_318,s1_below_40,s2_2_4
1556,s2_885_1695,s2_n103_99,s4_n40_7,s1_below_4282,s1_below_2,s2_2001_2003,s2_760_2075,s4_37_47,Passenger Car,s3_28_48,Not Deployed,s2_97_208,s1_below_1,Male,s3_80_96,s3_141_159,s2_164_318,s3_80_160,s2_2_4
1557,s2_885_1695,s2_n103_99,s3_n81_n40,s1_below_4282,s3_3_4,s1_below_2001,s2_760_2075,s3_17_37,Passenger Car,s2_11_28,Not Deployed,s2_97_208,s1_below_1,Male,s2_37_80,s3_141_159,s2_164_318,s3_80_160,s2_2_4
1558,s3_1695_2555,s2_n103_99,s4_n40_7,s1_below_4282,s1_below_2,s4_2005_2007,s2_760_2075,s3_17_37,Truck (<=6000 lbs.),s3_28_48,Not Deployed,s2_97_208,s1_below_1,Male,s4_96_114,s3_141_159,s2_164_318,s3_80_160,s2_2_4
1559,s2_885_1695,s2_n103_99,s4_n40_7,s1_below_4282,s1_below_2,s4_2005_2007,s2_760_2075,s3_17_37,Truck (<=6000 lbs.),s4_48_64,Deployed,s2_97_208,s1_below_1,Male,s3_80_96,s3_141_159,s2_164_318,s3_80_160,s2_2_4
1560,s2_885_1695,s2_n103_99,s4_n40_7,s1_below_4282,s2_2_3,s3_2003_2005,s2_760_2075,s4_37_47,Truck (<=6000 lbs.),s2_11_28,Not Deployed,s2_97_208,s1_below_1,Male,s3_80_96,s3_141_159,s2_164_318,s3_80_160,s2_2_4
1561,s3_1695_2555,s2_n103_99,s4_n40_7,s1_below_4282,s3_3_4,s3_2003_2005,s2_760_2075,s3_17_37,Truck (<=6000 lbs.),s2_11_28,Not Deployed,s2_97_208,s1_below_1,Male,s4_96_114,s3_141_159,s2_164_318,s3_80_160,s2_2_4
1562,s2_885_1695,s2_n103_99,s4_n40_7,s1_below_4282,s3_3_4,s4_2005_2007,s2_760_2075,s3_17_37,Passenger Car,s2_11_28,Not Deployed,s2_97_208,s1_below_1,Male,s2_37_80,s3_141_159,s2_164_318,s4_160_220,s2_2_4
1563,s3_1695_2555,s2_n103_99,s4_n40_7,s1_below_4282,s1_below_2,s5_2007_2009,s2_760_2075,s3_17_37,Truck (<=6000 lbs.),s5_64_76,Not Deployed,s2_97_208,s1_below_1,Female,s4_96_114,s3_141_159,s2_164_318,s3_80_160,s2_2_4
1564,s2_885_1695,s2_n103_99,s4_n40_7,s1_below_4282,s1_below_2,s4_2005_2007,s2_760_2075,s3_17_37,Passenger Car,s2_11_28,Deployed,s2_97_208,s1_below_1,Female,s2_37_80,s3_141_159,s2_164_318,s2_40_80,s2_2_4
1565,s2_885_1695,s2_n103_99,s4_n40_7,s1_below_4282,s1_below_2,s4_2005_2007,s2_760_2075,s4_37_47,Passenger Car,s4_48_64,Not Deployed,s2_97_208,s1_below_1,Male,s4_96_114,s3_141_159,s2_164_318,s3_80_160,s2_2_4
1566,s2_885_1695,s2_n103_99,s3_n81_n40,s1_below_4282,s4_4_5,s3_2003_2005,s2_760_2075,s4_37_47,Truck (<=6000 lbs.),s3_28_48,Deployed,s2_97_208,s1_below_1,Male,s3_80_96,s3_141_159,s2_164_318,s3_80_160,s2_2_4
1567,s2_885_1695,s2_n103_99,s3_n81_n40,s1_below_4282,s1_below_2,s5_2007_2009,s2_760_2075,s3_17_37,Passenger Car,s2_11_28,Deployed,s2_97_208,s4_3_4,Male,s2_37_80,s3_141_159,s2_164_318,s3_80_160,s2_2_4
1568,s2_885_1695,s2_n103_99,s4_n40_7,s1_below_4282,s1_below_2,s3_2003_2005,s2_760_2075,s3_17_37,Truck (<=6000 lbs.),s2_11_28,Not Deployed,s2_97_208,s3_2_3,Female,s4_96_114,s3_141_159,s2_164_318,s2_40_80,s2_2_4
1569,s3_1695_2555,s2_n103_99,s4_n40_7,s1_below_4282,s1_below_2,s4_2005_2007,s2_760_2075,s4_37_47,Truck (<=10000 lbs.),s2_11_28,Not Deployed,s2_97_208,s1_below_1,Male,s3_80_96,s5_169_179,s3_318_464,s3_80_160,s4_5_6
1570,s3_1695_2555,s2_n103_99,s4_n40_7,s1_below_4282,s1_below_2,s3_2003_2005,s3_2075_3730,s6_57_up,Truck (<=6000 lbs.),s4_48_64,Not Deployed,s2_97_208,s1_below_1,Male,s3_80_96,s3_141_159,s2_164_318,s4_160_220,s2_2_4
1571,s3_1695_2555,s2_n103_99,s4_n40_7,s1_below_4282,s1_below_2,s1_below_2001,s3_2075_3730,s3_17_37,Truck (<=6000 lbs.),s3_28_48,Not Deployed,s2_97_208,s1_below_1,Male,s2_37_80,s3_141_159,s2_164_318,s4_160_220,s2_2_4
1572,s2_885_1695,s2_n103_99,s4_n40_7,s1_below_4282,s1_below_2,s4_2005_2007,s2_760_2075,s3_17_37,Passenger Car,s2_11_28,Deployed,s2_97_208,s1_below_1,Female,s2_37_80,s3_141_159,s2_164_318,s2_40_80,s2_2_4
1573,s2_885_1695,s2_n103_99,s4_n40_7,s1_below_4282,s1_below_2,s3_2003_2005,s2_760_2075,s3_17_37,Passenger Car,s2_11_28,Deployed,s2_97_208,s1_below_1,Female,s2_37_80,s3_141_159,s2_164_318,s4_160_220,s2_2_4
1574,s3_1695_2555,s2_n103_99,s4_n40_7,s1_below_4282,s1_below_2,s2_2001_2003,s2_760_2075,s3_17_37,Truck (<=10000 lbs.),s3_28_48,Not Deployed,s2_97_208,s1_below_1,Female,s2_37_80,s4_159_169,s2_164_318,s3_80_160,s3_4_5
1575,s2_885_1695,s2_n103_99,s4_n40_7,s1_below_4282,s2_2_3,s5_2007_2009,s2_760_2075,s3_17_37,Passenger Car,s6_76_up,Not Deployed,s2_97_208,s1_below_1,Female,s2_37_80,s3_141_159,s2_164_318,s3_80_160,s2_2_4
1576,s3_1695_2555,s2_n103_99,s4_n40_7,s1_below_4282,s4_4_5,s3_2003_2005,s3_2075_3730,s4_37_47,Truck (<=6000 lbs.),s4_48_64,Not Deployed,s2_97_208,s1_below_1,Female,s2_37_80,s3_141_159,s2_164_318,s4_160_220,s2_2_4
1577,s3_1695_2555,s2_n103_99,s4_n40_7,s1_below_4282,s1_below_2,s5_2007_2009,s2_760_2075,s3_17_37,Passenger Car,s4_48_64,Deployed,s2_97_208,s1_below_1,Male,s4_96_114,s3_141_159,s2_164_318,s3_80_160,s2_2_4
1578,s2_885_1695,s2_n103_99,s4_n40_7,s1_below_4282,s1_below_2,s3_2003_2005,s2_760_2075,s4_37_47,Passenger Car,s6_76_up,Deployed,s2_97_208,s1_below_1,Female,s2_37_80,s3_141_159,s2_164_318,s3_80_160,s2_2_4
1579,s2_885_1695,s2_n103_99,s4_n40_7,s1_below_4282,s3_3_4,s4_2005_2007,s2_760_2075,s4_37_47,Passenger Car,s4_48_64,Not Deployed,s2_97_208,s1_below_1,Female,s2_37_80,s3_141_159,s2_164_318,s4_160_220,s2_2_4
1580,s2_885_1695,s2_n103_99,s3_n81_n40,s1_below_4282,s1_below_2,s4_2005_2007,s2_760_2075,s4_37_47,Passenger Car,s3_28_48,Deployed,s2_97_208,s1_below_1,Female,s2_37_80,s3_141_159,s2_164_318,s3_80_160,s2_2_4
1581,s2_885_1695,s2_n103_99,s4_n40_7,s1_below_4282,s2_2_3,s1_below_2001,s2_760_2075,s3_17_37,Passenger Car,s2_11_28,Not Deployed,s2_97_208,s1_below_1,Male,s2_37_80,s3_141_159,s2_164_318,s3_80_160,s2_2_4
1582,s3_1695_2555,s2_n103_99,s4_n40_7,s1_below_4282,s2_2_3,s1_below_2001,s2_760_2075,s4_37_47,Truck (<=6000 lbs.),s2_11_28,Not Deployed,s2_97_208,s1_below_1,Female,s3_80_96,s3_141_159,s2_164_318,s3_80_160,s2_2_4
1583,s2_885_1695,s2_n103_99,s4_n40_7,s1_below_4282,s1_below_2,s3_2003_2005,s2_760_2075,s3_17_37,Passenger Car,s4_48_64,Deployed,s2_97_208,s1_below_1,Female,s3_80_96,s3_141_159,s2_164_318,s3_80_160,s2_2_4
1584,s2_885_1695,s2_n103_99,s4_n40_7,s1_below_4282,s4_4_5,s3_2003_2005,s2_760_2075,s4_37_47,Passenger Car,s3_28_48,Deployed,s2_97_208,s1_below_1,Female,s2_37_80,s3_141_159,s2_164_318,s3_80_160,s2_2_4
1585,s2_885_1695,s2_n103_99,s4_n40_7,s1_below_4282,s1_below_2,s4_2005_2007,s2_760_2075,s4_37_47,Passenger Car,s4_48_64,Not Deployed,s2_97_208,s1_below_1,Male,s3_80_96,s3_141_159,s2_164_318,s3_80_160,s2_2_4
1586,s2_885_1695,s2_n103_99,s4_n40_7,s1_below_4282,s2_2_3,s2_2001_2003,s3_2075_3730,s3_17_37,Passenger Car,s6_76_up,Not Deployed,s2_97_208,s1_below_1,Female,s2_37_80,s3_141_159,s2_164_318,s3_80_160,s2_2_4
1587,s2_885_1695,s2_n103_99,s4_n40_7,s1_below_4282,s2_2_3,s2_2001_2003,s2_760_2075,s3_17_37,Passenger Car,s3_28_48,Deployed,s2_97_208,s1_below_1,Female,s2_37_80,s3_141_159,s2_164_318,s3_80_160,s2_2_4
1588,s2_885_1695,s2_n103_99,s4_n40_7,s1_below_4282,s1_below_2,s3_2003_2005,s2_760_2075,s4_37_47,Passenger Car,s2_11_28,Not Deployed,s2_97_208,s1_below_1,Female,s2_37_80,s3_141_159,s2_164_318,s3_80_160,s2_2_4
1589,s2_885_1695,s2_n103_99,s4_n40_7,s1_below_4282,s3_3_4,s4_2005_2007,s2_760_2075,s4_37_47,Passenger Car,s3_28_48,Not Deployed,s2_97_208,s1_below_1,Male,s4_96_114,s3_141_159,s2_164_318,s4_160_220,s2_2_4
1590,s3_1695_2555,s2_n103_99,s4_n40_7,s1_below_4282,s4_4_5,s4_2005_2007,s2_760_2075,s4_37_47,Truck (<=6000 lbs.),s4_48_64,Not Deployed,s2_97_208,s1_below_1,Female,s2_37_80,s3_141_159,s2_164_318,s6_260_up,s2_2_4
1591,s3_1695_2555,s2_n103_99,s4_n40_7,s1_below_4282,s4_4_5,s4_2005_2007,s2_760_2075,s4_37_47,Truck (<=6000 lbs.),s4_48_64,Deployed,s2_97_208,s1_below_1,Female,s2_37_80,s4_159_169,s2_164_318,s3_80_160,s3_4_5
1592,s2_885_1695,s2_n103_99,s4_n40_7,s1_below_4282,s1_below_2,s2_2001_2003,s3_2075_3730,s3_17_37,Passenger Car,s2_11_28,Not Deployed,s2_97_208,s2_1_2,Female,s2_37_80,s3_141_159,s2_164_318,s3_80_160,s2_2_4
1593,s3_1695_2555,s2_n103_99,s4_n40_7,s1_below_4282,s1_below_2,s4_2005_2007,s2_760_2075,s3_17_37,Truck (<=10000 lbs.),s3_28_48,Not Deployed,s2_97_208,s1_below_1,Male,s2_37_80,s4_159_169,s3_318_464,s3_80_160,s4_5_6
1594,s2_885_1695,s2_n103_99,s4_n40_7,s1_below_4282,s2_2_3,s5_2007_2009,s2_760_2075,s4_37_47,Passenger Car,s2_11_28,Deployed,s2_97_208,s1_below_1,Male,s3_80_96,s3_141_159,s2_164_318,s3_80_160,s2_2_4
1595,s2_885_1695,s2_n103_99,s4_n40_7,s1_below_4282,s1_below_2,s3_2003_2005,s2_760_2075,s4_37_47,Passenger Car,s2_11_28,Deployed,s2_97_208,s1_below_1,Female,s2_37_80,s3_141_159,s2_164_318,s3_80_160,s2_2_4
1596,s2_885_1695,s2_n103_99,s4_n40_7,s1_below_4282,s1_below_2,s3_2003_2005,s2_760_2075,s4_37_47,Passenger Car,s4_48_64,Not Deployed,s2_97_208,s1_below_1,Male,s4_96_114,s3_141_159,s2_164_318,s3_80_160,s2_2_4
1597,s2_885_1695,s2_n103_99,s5_7_up,s1_below_4282,s1_below_2,s2_2001_2003,s2_760_2075,s4_37_47,Passenger Car,s2_11_28,Not Deployed,s2_97_208,s1_below_1,Female,s2_37_80,s3_141_159,s2_164_318,s6_260_up,s2_2_4
1598,s2_885_1695,s2_n103_99,s4_n40_7,s1_below_4282,s1_below_2,s3_2003_2005,s2_760_2075,s4_37_47,Passenger Car,s4_48_64,Deployed,s2_97_208,s2_1_2,Male,s2_37_80,s3_141_159,s2_164_318,s2_40_80,s2_2_4
1599,s2_885_1695,s2_n103_99,s5_7_up,s1_below_4282,s1_below_2,s1_below_2001,s2_760_2075,s3_17_37,Passenger Car,s4_48_64,Not Deployed,s2_97_208,s4_3_4,Male,s3_80_96,s3_141_159,s2_164_318,s5_220_260,s2_2_4
1600,s3_1695_2555,s2_n103_99,s4_n40_7,s1_below_4282,s1_below_2,s4_2005_2007,s3_2075_3730,s3_17_37,Truck (<=6000 lbs.),s3_28_48,Deployed,s2_97_208,s1_below_1,Male,s3_80_96,s3_141_159,s2_164_318,s3_80_160,s2_2_4
1601,s2_885_1695,s2_n103_99,s4_n40_7,s1_below_4282,s1_below_2,s2_2001_2003,s3_2075_3730,s4_37_47,Passenger Car,s2_11_28,Not Deployed,s2_97_208,s2_1_2,Female,s2_37_80,s3_141_159,s2_164_318,s2_40_80,s2_2_4
1602,s2_885_1695,s2_n103_99,s4_n40_7,s1_below_4282,s1_below_2,s3_2003_2005,s2_760_2075,s4_37_47,Truck (<=6000 lbs.),s5_64_76,Not Deployed,s2_97_208,s1_below_1,Male,s3_80_96,s3_141_159,s2_164_318,s3_80_160,s2_2_4
1603,s3_1695_2555,s2_n103_99,s4_n40_7,s1_below_4282,s3_3_4,s2_2001_2003,s2_760_2075,s3_17_37,Truck (<=6000 lbs.),s2_11_28,Not Deployed,s2_97_208,s1_below_1,Female,s2_37_80,s3_141_159,s2_164_318,s3_80_160,s2_2_4
1604,s2_885_1695,s2_n103_99,s4_n40_7,s1_below_4282,s3_3_4,s5_2007_2009,s2_760_2075,s3_17_37,Passenger Car,s2_11_28,Deployed,s2_97_208,s1_below_1,Female,s2_37_80,s3_141_159,s2_164_318,s3_80_160,s2_2_4
1605,s2_885_1695,s2_n103_99,s4_n40_7,s1_below_4282,s1_below_2,s1_below_2001,s2_760_2075,s3_17_37,Passenger Car,s4_48_64,Not Deployed,s2_97_208,s1_below_1,Female,s2_37_80,s3_141_159,s2_164_318,s3_80_160,s2_2_4
1606,s3_1695_2555,s2_n103_99,s4_n40_7,s1_below_4282,s1_below_2,s2_2001_2003,s2_760_2075,s4_37_47,Truck (<=10000 lbs.),s3_28_48,Deployed,s2_97_208,s1_below_1,Male,s3_80_96,s4_159_169,s3_318_464,s3_80_160,s4_5_6
1607,s3_1695_2555,s2_n103_99,s4_n40_7,s1_below_4282,s1_below_2,s2_2001_2003,s2_760_2075,s4_37_47,Truck (<=6000 lbs.),s4_48_64,Not Deployed,s2_97_208,s1_below_1,Female,s3_80_96,s3_141_159,s2_164_318,s3_80_160,s2_2_4
1608,s2_885_1695,s2_n103_99,s4_n40_7,s1_below_4282,s2_2_3,s4_2005_2007,s2_760_2075,s4_37_47,Passenger Car,s3_28_48,Not Deployed,s2_97_208,s1_below_1,Female,s2_37_80,s3_141_159,s2_164_318,s3_80_160,s2_2_4
1609,s2_885_1695,s2_n103_99,s4_n40_7,s1_below_4282,s1_below_2,s1_below_2001,s3_2075_3730,s3_17_37,Passenger Car,s2_11_28,Deployed,s2_97_208,s1_below_1,Male,s3_80_96,s3_141_159,s2_164_318,s3_80_160,s2_2_4
1610,s3_1695_2555,s2_n103_99,s4_n40_7,s1_below_4282,s1_below_2,s3_2003_2005,s2_760_2075,s3_17_37,Truck (<=10000 lbs.),s4_48_64,Not Deployed,s2_97_208,s1_below_1,Male,s3_80_96,s5_169_179,s3_318_464,s3_80_160,s4_5_6
1611,s2_885_1695,s2_n103_99,s4_n40_7,s1_below_4282,s1_below_2,s2_2001_2003,s2_760_2075,s3_17_37,Passenger Car,s4_48_64,Not Deployed,s2_97_208,s1_below_1,Male,s2_37_80,s3_141_159,s2_164_318,s3_80_160,s2_2_4
1612,s2_885_1695,s2_n103_99,s4_n40_7,s1_below_4282,s1_below_2,s4_2005_2007,s2_760_2075,s3_17_37,Truck (<=6000 lbs.),s3_28_48,Not Deployed,s2_97_208,s1_below_1,Female,s2_37_80,s3_141_159,s2_164_318,s5_220_260,s2_2_4
1613,s2_885_1695,s2_n103_99,s4_n40_7,s1_below_4282,s1_below_2,s5_2007_2009,s3_2075_3730,s3_17_37,Passenger Car,s3_28_48,Not Deployed,s2_97_208,s1_below_1,Male,s2_37_80,s3_141_159,s2_164_318,s2_40_80,s2_2_4
1614,s2_885_1695,s2_n103_99,s5_7_up,s1_below_4282,s2_2_3,s2_2001_2003,s3_2075_3730,s3_17_37,Passenger Car,s3_28_48,Not Deployed,s2_97_208,s1_below_1,Male,s5_114_130,s3_141_159,s2_164_318,s4_160_220,s2_2_4
1615,s3_1695_2555,s2_n103_99,s4_n40_7,s1_below_4282,s2_2_3,s1_below_2001,s2_760_2075,s3_17_37,Passenger Car,s3_28_48,Not Deployed,s2_97_208,s1_below_1,Male,s6_130_up,s4_159_169,s2_164_318,s3_80_160,s2_2_4
1616,s2_885_1695,s2_n103_99,s4_n40_7,s1_below_4282,s1_below_2,s5_2007_2009,s3_2075_3730,s3_17_37,Passenger Car,s2_11_28,Not Deployed,s2_97_208,s1_below_1,Female,s2_37_80,s3_141_159,s2_164_318,s3_80_160,s2_2_4
1617,s3_1695_2555,s2_n103_99,s4_n40_7,s1_below_4282,s2_2_3,s4_2005_2007,s2_760_2075,s4_37_47,Truck (<=10000 lbs.),s2_11_28,Deployed,s2_97_208,s1_below_1,Male,s3_80_96,s4_159_169,s3_318_464,s3_80_160,s4_5_6
1618,s3_1695_2555,s2_n103_99,s4_n40_7,s1_below_4282,s1_below_2,s3_2003_2005,s2_760_2075,s3_17_37,Truck (<=6000 lbs.),s4_48_64,Not Deployed,s2_97_208,s1_below_1,Female,s2_37_80,s4_159_169,s2_164_318,s1_below_40,s3_4_5
1619,s3_1695_2555,s2_n103_99,s4_n40_7,s1_below_4282,s4_4_5,s4_2005_2007,s2_760_2075,s3_17_37,Truck (<=6000 lbs.),s3_28_48,Not Deployed,s2_97_208,s2_1_2,Male,s5_114_130,s3_141_159,s2_164_318,s3_80_160,s2_2_4
1620,s2_885_1695,s2_n103_99,s4_n40_7,s1_below_4282,s1_below_2,s4_2005_2007,s2_760_2075,s3_17_37,Passenger Car,s3_28_48,Deployed,s2_97_208,s1_below_1,Female,s3_80_96,s3_141_159,s2_164_318,s5_220_260,s2_2_4
1621,s2_885_1695,s2_n103_99,s4_n40_7,s1_below_4282,s1_below_2,s4_2005_2007,s2_760_2075,s3_17_37,Passenger Car,s3_28_48,Deployed,s2_97_208,s1_below_1,Female,s2_37_80,s3_141_159,s2_164_318,s3_80_160,s2_2_4
1622,s2_885_1695,s2_n103_99,s5_7_up,s1_below_4282,s2_2_3,s5_2007_2009,s3_2075_3730,s4_37_47,Passenger Car,s6_76_up,Not Deployed,s2_97_208,s1_below_1,Female,s3_80_96,s3_141_159,s2_164_318,s4_160_220,s2_2_4
1623,s2_885_1695,s2_n103_99,s4_n40_7,s1_below_4282,s2_2_3,s1_below_2001,s2_760_2075,s3_17_37,Passenger Car,s3_28_48,Deployed,s2_97_208,s2_1_2,Male,s3_80_96,s3_141_159,s2_164_318,s3_80_160,s2_2_4
1624,s3_1695_2555,s2_n103_99,s4_n40_7,s1_below_4282,s3_3_4,s3_2003_2005,s2_760_2075,s3_17_37,Truck (<=6000 lbs.),s3_28_48,Deployed,s2_97_208,s1_below_1,Male,s2_37_80,s4_159_169,s2_164_318,s4_160_220,s2_2_4
1625,s2_885_1695,s2_n103_99,s4_n40_7,s1_below_4282,s1_below_2,s5_2007_2009,s2_760_2075,s3_17_37,Passenger Car,s2_11_28,Deployed,s2_97_208,s1_below_1,Female,s3_80_96,s3_141_159,s2_164_318,s3_80_160,s2_2_4
1626,s2_885_1695,s2_n103_99,s4_n40_7,s1_below_4282,s4_4_5,s2_2001_2003,s2_760_2075,s3_17_37,Passenger Car,s3_28_48,Deployed,s2_97_208,s2_1_2,Male,s3_80_96,s3_141_159,s2_164_318,s3_80_160,s2_2_4
1627,s2_885_1695,s2_n103_99,s5_7_up,s1_below_4282,s3_3_4,s4_2005_2007,s2_760_2075,s3_17_37,Passenger Car,s4_48_64,Not Deployed,s2_97_208,s1_below_1,Male,s2_37_80,s3_141_159,s2_164_318,s4_160_220,s2_2_4
1628,s2_885_1695,s2_n103_99,s4_n40_7,s1_below_4282,s1_below_2,s3_2003_2005,s2_760_2075,s3_17_37,Passenger Car,s3_28_48,Not Deployed,s2_97_208,s1_below_1,Male,s4_96_114,s3_141_159,s2_164_318,s4_160_220,s2_2_4
1629,s2_885_1695,s2_n103_99,s4_n40_7,s1_below_4282,s1_below_2,s3_2003_2005,s2_760_2075,s3_17_37,Passenger Car,s3_28_48,Not Deployed,s2_97_208,s1_below_1,Male,s2_37_80,s3_141_159,s2_164_318,s3_80_160,s2_2_4
1630,s3_1695_2555,s2_n103_99,s4_n40_7,s1_below_4282,s4_4_5,s4_2005_2007,s2_760_2075,s3_17_37,Truck (<=6000 lbs.),s2_11_28,Deployed,s2_97_208,s1_below_1,Male,s2_37_80,s4_159_169,s2_164_318,s3_80_160,s3_4_5
1631,s2_885_1695,s2_n103_99,s4_n40_7,s1_below_4282,s1_below_2,s4_2005_2007,s3_2075_3730,s3_17_37,Passenger Car,s4_48_64,Not Deployed,s2_97_208,s1_below_1,Male,s5_114_130,s3_141_159,s2_164_318,s2_40_80,s2_2_4
1632,s2_885_1695,s2_n103_99,s4_n40_7,s1_below_4282,s1_below_2,s2_2001_2003,s2_760_2075,s3_17_37,Passenger Car,s3_28_48,Deployed,s2_97_208,s1_below_1,Male,s3_80_96,s3_141_159,s2_164_318,s3_80_160,s2_2_4
1633,s2_885_1695,s2_n103_99,s4_n40_7,s1_below_4282,s1_below_2,s2_2001_2003,s2_760_2075,s2_7_17,Passenger Car,s4_48_64,Not Deployed,s2_97_208,s1_below_1,Female,s2_37_80,s3_141_159,s2_164_318,s3_80_160,s2_2_4
1634,s4_2555_3715,s2_n103_99,s4_n40_7,s1_below_4282,s3_3_4,s1_below_2001,s2_760_2075,s3_17_37,Truck (<=10000 lbs.),s3_28_48,Deployed,s2_97_208,s1_below_1,Male,s5_114_130,s5_169_179,s3_318_464,s4_160_220,s4_5_6
1635,s2_885_1695,s2_n103_99,s4_n40_7,s1_below_4282,s1_below_2,s4_2005_2007,s2_760_2075,s3_17_37,Passenger Car,s2_11_28,Not Deployed,s2_97_208,s1_below_1,Female,s3_80_96,s3_141_159,s2_164_318,s3_80_160,s2_2_4
1636,s2_885_1695,s2_n103_99,s3_n81_n40,s1_below_4282,s1_below_2,s4_2005_2007,s2_760_2075,s3_17_37,Passenger Car,s4_48_64,Not Deployed,s2_97_208,s1_below_1,Male,s3_80_96,s3_141_159,s2_164_318,s1_below_40,s2_2_4
1637,s4_2555_3715,s2_n103_99,s4_n40_7,s1_below_4282,s1_below_2,s2_2001_2003,s2_760_2075,s4_37_47,Truck (<=10000 lbs.),s4_48_64,Not Deployed,s2_97_208,s1_below_1,Male,s3_80_96,s5_169_179,s3_318_464,s3_80_160,s5_6_7
1638,s3_1695_2555,s2_n103_99,s4_n40_7,s1_below_4282,s1_below_2,s3_2003_2005,s3_2075_3730,s3_17_37,Truck (<=10000 lbs.),s3_28_48,Not Deployed,s2_97_208,s1_below_1,Male,s3_80_96,s4_159_169,s2_164_318,s3_80_160,s3_4_5
1639,s2_885_1695,s2_n103_99,s4_n40_7,s1_below_4282,s4_4_5,s2_2001_2003,s2_760_2075,s3_17_37,Passenger Car,s4_48_64,Deployed,s2_97_208,s3_2_3,Male,s4_96_114,s3_141_159,s2_164_318,s3_80_160,s2_2_4
1640,s2_885_1695,s2_n103_99,s3_n81_n40,s1_below_4282,s4_4_5,s1_below_2001,s2_760_2075,s3_17_37,Truck (<=6000 lbs.),s3_28_48,Deployed,s2_97_208,s3_2_3,Male,s4_96_114,s3_141_159,s2_164_318,s3_80_160,s2_2_4
1641,s2_885_1695,s2_n103_99,s4_n40_7,s1_below_4282,s1_below_2,s4_2005_2007,s2_760_2075,s3_17_37,Passenger Car,s3_28_48,Deployed,s2_97_208,s1_below_1,Male,s4_96_114,s3_141_159,s2_164_318,s3_80_160,s2_2_4
1642,s2_885_1695,s2_n103_99,s4_n40_7,s1_below_4282,s1_below_2,s4_2005_2007,s2_760_2075,s3_17_37,Passenger Car,s3_28_48,Not Deployed,s2_97_208,s1_below_1,Female,s2_37_80,s4_159_169,s2_164_318,s3_80_160,s3_4_5
1643,s3_1695_2555,s2_n103_99,s4_n40_7,s1_below_4282,s3_3_4,s3_2003_2005,s2_760_2075,s4_37_47,Truck (<=6000 lbs.),s3_28_48,Not Deployed,s1_below_97,s1_below_1,Female,s2_37_80,s3_141_159,s2_164_318,s4_160_220,s2_2_4
1644,s2_885_1695,s2_n103_99,s4_n40_7,s1_below_4282,s2_2_3,s1_below_2001,s3_2075_3730,s3_17_37,Truck (<=6000 lbs.),s2_11_28,Not Deployed,s2_97_208,s2_1_2,Female,s3_80_96,s3_141_159,s2_164_318,s1_below_40,s2_2_4
1645,s2_885_1695,s2_n103_99,s4_n40_7,s1_below_4282,s5_5_6,s2_2001_2003,s2_760_2075,s3_17_37,Passenger Car,s2_11_28,Not Deployed,s2_97_208,s1_below_1,Female,s2_37_80,s3_141_159,s2_164_318,s3_80_160,s2_2_4
1646,s2_885_1695,s2_n103_99,s4_n40_7,s1_below_4282,s1_below_2,s4_2005_2007,s3_2075_3730,s3_17_37,Passenger Car,s3_28_48,Deployed,s2_97_208,s4_3_4,Female,s4_96_114,s3_141_159,s2_164_318,s3_80_160,s2_2_4
1647,s2_885_1695,s2_n103_99,s4_n40_7,s1_below_4282,s3_3_4,s3_2003_2005,s2_760_2075,s3_17_37,Passenger Car,s2_11_28,Deployed,s2_97_208,s1_below_1,Male,s4_96_114,s3_141_159,s2_164_318,s4_160_220,s2_2_4
1648,s3_1695_2555,s2_n103_99,s4_n40_7,s1_below_4282,s4_4_5,s5_2007_2009,s2_760_2075,s3_17_37,Truck (<=10000 lbs.),s4_48_64,Not Deployed,s2_97_208,s1_below_1,Male,s3_80_96,s5_169_179,s3_318_464,s3_80_160,s4_5_6
1649,s3_1695_2555,s2_n103_99,s4_n40_7,s1_below_4282,s2_2_3,s4_2005_2007,s2_760_2075,s3_17_37,Truck (<=6000 lbs.),s3_28_48,Not Deployed,s2_97_208,s1_below_1,Male,s2_37_80,s4_159_169,s2_164_318,s3_80_160,s3_4_5
1650,s4_2555_3715,s2_n103_99,s4_n40_7,s1_below_4282,s3_3_4,s4_2005_2007,s3_2075_3730,s4_37_47,Truck (<=10000 lbs.),s4_48_64,Deployed,s2_97_208,s1_below_1,Female,s2_37_80,s5_169_179,s2_164_318,s3_80_160,s3_4_5
1651,s3_1695_2555,s2_n103_99,s4_n40_7,s1_below_4282,s1_below_2,s3_2003_2005,s3_2075_3730,s3_17_37,Truck (<=10000 lbs.),s3_28_48,Not Deployed,s2_97_208,s1_below_1,Male,s5_114_130,s5_169_179,s3_318_464,s2_40_80,s4_5_6
1652,s2_885_1695,s2_n103_99,s4_n40_7,s1_below_4282,s3_3_4,s3_2003_2005,s2_760_2075,s3_17_37,Passenger Car,s3_28_48,Not Deployed,s2_97_208,s1_below_1,Female,s2_37_80,s3_141_159,s2_164_318,s3_80_160,s2_2_4
1653,s2_885_1695,s2_n103_99,s4_n40_7,s1_below_4282,s3_3_4,s4_2005_2007,s2_760_2075,s3_17_37,Passenger Car,s5_64_76,Deployed,s2_97_208,s2_1_2,Male,s3_80_96,s3_141_159,s2_164_318,s3_80_160,s2_2_4
1654,s3_1695_2555,s2_n103_99,s4_n40_7,s1_below_4282,s1_below_2,s1_below_2001,s2_760_2075,s3_17_37,Truck (<=6000 lbs.),s3_28_48,Not Deployed,s2_97_208,s1_below_1,Female,s3_80_96,s4_159_169,s2_164_318,s2_40_80,s3_4_5
1655,s2_885_1695,s2_n103_99,s4_n40_7,s1_below_4282,s1_below_2,s1_below_2001,s2_760_2075,s3_17_37,Truck (<=6000 lbs.),s2_11_28,Not Deployed,s2_97_208,s1_below_1,Female,s2_37_80,s3_141_159,s2_164_318,s3_80_160,s2_2_4
1656,s2_885_1695,s2_n103_99,s4_n40_7,s1_below_4282,s1_below_2,s3_2003_2005,s2_760_2075,s3_17_37,Truck (<=6000 lbs.),s4_48_64,Not Deployed,s2_97_208,s1_below_1,Male,s3_80_96,s3_141_159,s2_164_318,s3_80_160,s2_2_4
1657,s3_1695_2555,s2_n103_99,s4_n40_7,s1_below_4282,s2_2_3,s3_2003_2005,s2_760_2075,s3_17_37,Truck (<=10000 lbs.),s2_11_28,Not Deployed,s2_97_208,s1_below_1,Male,s4_96_114,s4_159_169,s3_318_464,s3_80_160,s4_5_6
1658,s2_885_1695,s2_n103_99,s4_n40_7,s1_below_4282,s1_below_2,s2_2001_2003,s3_2075_3730,s3_17_37,Passenger Car,s2_11_28,Not Deployed,s2_97_208,s1_below_1,Female,s3_80_96,s3_141_159,s2_164_318,s4_160_220,s2_2_4
1659,s2_885_1695,s2_n103_99,s4_n40_7,s1_below_4282,s1_below_2,s4_2005_2007,s2_760_2075,s3_17_37,Passenger Car,s2_11_28,Deployed,s2_97_208,s1_below_1,Male,s4_96_114,s3_141_159,s2_164_318,s3_80_160,s2_2_4
1660,s2_885_1695,s2_n103_99,s4_n40_7,s1_below_4282,s1_below_2,s3_2003_2005,s2_760_2075,s4_37_47,Truck (<=6000 lbs.),s4_48_64,Not Deployed,s2_97_208,s1_below_1,Female,s2_37_80,s3_141_159,s2_164_318,s4_160_220,s2_2_4
1661,s3_1695_2555,s2_n103_99,s5_7_up,s1_below_4282,s3_3_4,s2_2001_2003,s2_760_2075,s4_37_47,Truck (<=10000 lbs.),s3_28_48,Not Deployed,s2_97_208,s1_below_1,Male,s3_80_96,s4_159_169,s3_318_464,s6_260_up,s4_5_6
1662,s2_885_1695,s2_n103_99,s4_n40_7,s1_below_4282,s1_below_2,s2_2001_2003,s2_760_2075,s3_17_37,Passenger Car,s2_11_28,Not Deployed,s2_97_208,s1_below_1,Male,s2_37_80,s3_141_159,s2_164_318,s3_80_160,s2_2_4
1663,s2_885_1695,s2_n103_99,s4_n40_7,s1_below_4282,s1_below_2,s5_2007_2009,s2_760_2075,s3_17_37,Passenger Car,s2_11_28,Not Deployed,s2_97_208,s1_below_1,Female,s2_37_80,s3_141_159,s2_164_318,s2_40_80,s2_2_4
1664,s2_885_1695,s2_n103_99,s5_7_up,s1_below_4282,s1_below_2,s3_2003_2005,s2_760_2075,s4_37_47,Passenger Car,s4_48_64,Not Deployed,s2_97_208,s1_below_1,Male,s3_80_96,s3_141_159,s2_164_318,s5_220_260,s2_2_4
1665,s2_885_1695,s2_n103_99,s4_n40_7,s1_below_4282,s1_below_2,s2_2001_2003,s2_760_2075,s3_17_37,Passenger Car,s4_48_64,Deployed,s2_97_208,s1_below_1,Female,s2_37_80,s3_141_159,s2_164_318,s3_80_160,s2_2_4
1666,s2_885_1695,s2_n103_99,s4_n40_7,s1_below_4282,s1_below_2,s3_2003_2005,s2_760_2075,s3_17_37,Passenger Car,s6_76_up,Deployed,s2_97_208,s1_below_1,Female,s2_37_80,s4_159_169,s2_164_318,s3_80_160,s2_2_4
1667,s2_885_1695,s2_n103_99,s4_n40_7,s1_below_4282,s1_below_2,s5_2007_2009,s2_760_2075,s3_17_37,Truck (<=6000 lbs.),s3_28_48,Not Deployed,s2_97_208,s1_below_1,Male,s4_96_114,s3_141_159,s3_318_464,s2_40_80,s2_2_4
1668,s2_885_1695,s2_n103_99,s4_n40_7,s1_below_4282,s2_2_3,s4_2005_2007,s2_760_2075,s3_17_37,Passenger Car,s3_28_48,Deployed,s2_97_208,s1_below_1,Male,s2_37_80,s3_141_159,s2_164_318,s3_80_160,s2_2_4
1669,s2_885_1695,s2_n103_99,s5_7_up,s1_below_4282,s2_2_3,s4_2005_2007,s2_760_2075,s3_17_37,Truck (<=6000 lbs.),s4_48_64,Not Deployed,s2_97_208,s1_below_1,Male,s4_96_114,s3_141_159,s2_164_318,s6_260_up,s2_2_4
1670,s2_885_1695,s2_n103_99,s4_n40_7,s1_below_4282,s1_below_2,s3_2003_2005,s2_760_2075,s3_17_37,Passenger Car,s6_76_up,Deployed,s2_97_208,s1_below_1,Male,s3_80_96,s3_141_159,s2_164_318,s3_80_160,s2_2_4
1671,s2_885_1695,s2_n103_99,s4_n40_7,s1_below_4282,s2_2_3,s3_2003_2005,s2_760_2075,s3_17_37,Passenger Car,s2_11_28,Deployed,s2_97_208,s1_below_1,Female,s2_37_80,s3_141_159,s2_164_318,s3_80_160,s2_2_4
1672,s2_885_1695,s2_n103_99,s3_n81_n40,s1_below_4282,s1_below_2,s3_2003_2005,s2_760_2075,s3_17_37,Passenger Car,s3_28_48,Deployed,s2_97_208,s2_1_2,Male,s3_80_96,s3_141_159,s2_164_318,s3_80_160,s2_2_4
1673,s3_1695_2555,s2_n103_99,s4_n40_7,s1_below_4282,s1_below_2,s4_2005_2007,s2_760_2075,s3_17_37,Truck (<=6000 lbs.),s3_28_48,Deployed,s2_97_208,s1_below_1,Female,s2_37_80,s4_159_169,s2_164_318,s3_80_160,s3_4_5
1674,s2_885_1695,s2_n103_99,s4_n40_7,s1_below_4282,s2_2_3,s1_below_2001,s2_760_2075,s3_17_37,Passenger Car,s3_28_48,Deployed,s2_97_208,s1_below_1,Female,s2_37_80,s3_141_159,s2_164_318,s3_80_160,s2_2_4
1675,s2_885_1695,s2_n103_99,s4_n40_7,s1_below_4282,s2_2_3,s4_2005_2007,s2_760_2075,s4_37_47,Passenger Car,s4_48_64,Not Deployed,s2_97_208,s1_below_1,Female,s4_96_114,s3_141_159,s2_164_318,s3_80_160,s2_2_4
1676,s3_1695_2555,s2_n103_99,s4_n40_7,s1_below_4282,s2_2_3,s5_2007_2009,s2_760_2075,s4_37_47,Truck (<=6000 lbs.),s4_48_64,Deployed,s2_97_208,s1_below_1,Female,s2_37_80,s4_159_169,s2_164_318,s3_80_160,s3_4_5
1677,s2_885_1695,s2_n103_99,s4_n40_7,s1_below_4282,s3_3_4,s2_2001_2003,s2_760_2075,s3_17_37,Passenger Car,s6_76_up,Deployed,s2_97_208,s1_below_1,Male,s2_37_80,s3_141_159,s2_164_318,s3_80_160,s2_2_4
1678,s2_885_1695,s2_n103_99,s4_n40_7,s1_below_4282,s3_3_4,s5_2007_2009,s3_2075_3730,s3_17_37,Passenger Car,s4_48_64,Not Deployed,s2_97_208,s1_below_1,Female,s2_37_80,s3_141_159,s2_164_318,s6_260_up,s2_2_4
1679,s2_885_1695,s2_n103_99,s5_7_up,s1_below_4282,s3_3_4,s2_2001_2003,s2_760_2075,s3_17_37,Passenger Car,s6_76_up,Not Deployed,s2_97_208,s1_below_1,Female,s2_37_80,s3_141_159,s2_164_318,s6_260_up,s2_2_4
1680,s2_885_1695,s2_n103_99,s4_n40_7,s1_below_4282,s1_below_2,s3_2003_2005,s2_760_2075,s3_17_37,Truck (<=6000 lbs.),s3_28_48,Not Deployed,s2_97_208,s1_below_1,Female,s2_37_80,s3_141_159,s2_164_318,s3_80_160,s2_2_4
1681,s2_885_1695,s2_n103_99,s4_n40_7,s1_below_4282,s3_3_4,s4_2005_2007,s2_760_2075,s3_17_37,Truck (<=6000 lbs.),s3_28_48,Deployed,s2_97_208,s1_below_1,Female,s2_37_80,s3_141_159,s2_164_318,s3_80_160,s2_2_4
1682,s2_885_1695,s2_n103_99,s4_n40_7,s1_below_4282,s1_below_2,s2_2001_2003,s2_760_2075,s3_17_37,Passenger Car,s2_11_28,Not Deployed,s2_97_208,s1_below_1,Female,s2_37_80,s3_141_159,s2_164_318,s3_80_160,s2_2_4
1683,s2_885_1695,s2_n103_99,s5_7_up,s1_below_4282,s3_3_4,s3_2003_2005,s2_760_2075,s3_17_37,Passenger Car,s3_28_48,Not Deployed,s2_97_208,s1_below_1,Male,s3_80_96,s3_141_159,s2_164_318,s6_260_up,s2_2_4
1684,s2_885_1695,s2_n103_99,s4_n40_7,s1_below_4282,s3_3_4,s2_2001_2003,s2_760_2075,s3_17_37,Passenger Car,s3_28_48,Deployed,s2_97_208,s1_below_1,Female,s2_37_80,s3_141_159,s2_164_318,s3_80_160,s2_2_4
1685,s2_885_1695,s2_n103_99,s4_n40_7,s1_below_4282,s2_2_3,s2_2001_2003,s2_760_2075,s4_37_47,Passenger Car,s2_11_28,Deployed,s2_97_208,s1_below_1,Male,s2_37_80,s3_141_159,s2_164_318,s4_160_220,s2_2_4
1686,s2_885_1695,s2_n103_99,s4_n40_7,s1_below_4282,s2_2_3,s5_2007_2009,s2_760_2075,s4_37_47,Passenger Car,s4_48_64,Deployed,s2_97_208,s1_below_1,Male,s3_80_96,s3_141_159,s2_164_318,s3_80_160,s2_2_4
1687,s2_885_1695,s2_n103_99,s4_n40_7,s1_below_4282,s1_below_2,s4_2005_2007,s2_760_2075,s4_37_47,Passenger Car,s2_11_28,Deployed,s2_97_208,s1_below_1,Male,s2_37_80,s3_141_159,s2_164_318,s3_80_160,s2_2_4
1688,s2_885_1695,s2_n103_99,s4_n40_7,s1_below_4282,s1_below_2,s1_below_2001,s2_760_2075,s3_17_37,Passenger Car,s3_28_48,Not Deployed,s2_97_208,s1_below_1,Female,s2_37_80,s3_141_159,s2_164_318,s3_80_160,s2_2_4
1689,s3_1695_2555,s2_n103_99,s4_n40_7,s1_below_4282,s1_below_2,s5_2007_2009,s3_2075_3730,s5_47_57,Truck (<=6000 lbs.),s3_28_48,Not Deployed,s2_97_208,s1_below_1,Male,s3_80_96,s5_169_179,s2_164_318,s3_80_160,s2_2_4
1690,s3_1695_2555,s2_n103_99,s5_7_up,s1_below_4282,s3_3_4,s3_2003_2005,s2_760_2075,s3_17_37,Truck (<=6000 lbs.),s5_64_76,Not Deployed,s2_97_208,s1_below_1,Male,s2_37_80,s4_159_169,s2_164_318,s6_260_up,s3_4_5
1691,s2_885_1695,s2_n103_99,s4_n40_7,s1_below_4282,s2_2_3,s3_2003_2005,s2_760_2075,s5_47_57,Truck (<=6000 lbs.),s2_11_28,Not Deployed,s2_97_208,s1_below_1,Male,s3_80_96,s3_141_159,s2_164_318,s4_160_220,s2_2_4
1692,s2_885_1695,s2_n103_99,s4_n40_7,s1_below_4282,s1_below_2,s5_2007_2009,s2_760_2075,s3_17_37,Truck (<=6000 lbs.),s3_28_48,Not Deployed,s2_97_208,s1_below_1,Female,s2_37_80,s3_141_159,s2_164_318,s3_80_160,s2_2_4
1693,s2_885_1695,s2_n103_99,s4_n40_7,s1_below_4282,s1_below_2,s3_2003_2005,s2_760_2075,s3_17_37,Passenger Car,s2_11_28,Not Deployed,s2_97_208,s1_below_1,Male,s6_130_up,s3_141_159,s2_164_318,s3_80_160,s2_2_4
1694,s2_885_1695,s2_n103_99,s4_n40_7,s1_below_4282,s1_below_2,s4_2005_2007,s2_760_2075,s3_17_37,Truck (<=6000 lbs.),s2_11_28,Deployed,s2_97_208,s1_below_1,Female,s2_37_80,s3_141_159,s2_164_318,s3_80_160,s2_2_4
1695,s3_1695_2555,s2_n103_99,s4_n40_7,s1_below_4282,s2_2_3,s2_2001_2003,s2_760_2075,s5_47_57,Truck (<=6000 lbs.),s2_11_28,Not Deployed,s2_97_208,s1_below_1,Female,s2_37_80,s3_141_159,s2_164_318,s3_80_160,s3_4_5
1696,s2_885_1695,s2_n103_99,s4_n40_7,s1_below_4282,s2_2_3,s4_2005_2007,s2_760_2075,s2_7_17,Passenger Car,s6_76_up,Deployed,s2_97_208,s1_below_1,Female,s2_37_80,s3_141_159,s2_164_318,s3_80_160,s2_2_4
1697,s3_1695_2555,s2_n103_99,s5_7_up,s1_below_4282,s1_below_2,s2_2001_2003,s2_760_2075,s3_17_37,Truck (<=6000 lbs.),s5_64_76,Not Deployed,s2_97_208,s1_below_1,Male,s2_37_80,s3_141_159,s2_164_318,s4_160_220,s2_2_4
1698,s3_1695_2555,s2_n103_99,s3_n81_n40,s1_below_4282,s1_below_2,s5_2007_2009,s2_760_2075,s3_17_37,Passenger Car,s3_28_48,Deployed,s2_97_208,s1_below_1,Male,s3_80_96,s3_141_159,s2_164_318,s3_80_160,s2_2_4
1699,s3_1695_2555,s2_n103_99,s4_n40_7,s1_below_4282,s1_below_2,s2_2001_2003,s2_760_2075,s5_47_57,Truck (<=10000 lbs.),s2_11_28,Deployed,s2_97_208,s1_below_1,Female,s2_37_80,s4_159_169,s3_318_464,s3_80_160,s4_5_6
1700,s3_1695_2555,s2_n103_99,s4_n40_7,s1_below_4282,s3_3_4,s3_2003_2005,s2_760_2075,s4_37_47,Truck (<=6000 lbs.),s3_28_48,Deployed,s2_97_208,s1_below_1,Female,s2_37_80,s4_159_169,s2_164_318,s3_80_160,s3_4_5
1701,s2_885_1695,s2_n103_99,s4_n40_7,s1_below_4282,s2_2_3,s5_2007_2009,s2_760_2075,s2_7_17,Truck (<=6000 lbs.),s2_11_28,Not Deployed,s2_97_208,s1_below_1,Female,s2_37_80,s3_141_159,s2_164_318,s2_40_80,s2_2_4
1702,s2_885_1695,s2_n103_99,s4_n40_7,s1_below_4282,s4_4_5,s1_below_2001,s2_760_2075,s3_17_37,Passenger Car,s2_11_28,Deployed,s2_97_208,s1_below_1,Male,s2_37_80,s3_141_159,s2_164_318,s3_80_160,s2_2_4
1703,s3_1695_2555,s2_n103_99,s4_n40_7,s1_below_4282,s4_4_5,s1_below_2001,s2_760_2075,s3_17_37,Truck (<=10000 lbs.),s3_28_48,Not Deployed,s2_97_208,s1_below_1,Male,s3_80_96,s4_159_169,s3_318_464,s3_80_160,s4_5_6
1704,s2_885_1695,s2_n103_99,s4_n40_7,s1_below_4282,s1_below_2,s3_2003_2005,s2_760_2075,s2_7_17,Passenger Car,s3_28_48,Not Deployed,s2_97_208,s1_below_1,Female,s2_37_80,s3_141_159,s2_164_318,s2_40_80,s2_2_4
1705,s3_1695_2555,s2_n103_99,s4_n40_7,s1_below_4282,s1_below_2,s1_below_2001,s2_760_2075,s3_17_37,Truck (<=6000 lbs.),s4_48_64,Not Deployed,s2_97_208,s1_below_1,Male,s3_80_96,s3_141_159,s2_164_318,s3_80_160,s2_2_4
1706,s2_885_1695,s2_n103_99,s4_n40_7,s1_below_4282,s1_below_2,s2_2001_2003,s2_760_2075,s3_17_37,Passenger Car,s3_28_48,Deployed,s2_97_208,s1_below_1,Male,s6_130_up,s3_141_159,s2_164_318,s3_80_160,s2_2_4
1707,s2_885_1695,s2_n103_99,s5_7_up,s1_below_4282,s6_6_up,s2_2001_2003,s2_760_2075,s4_37_47,Passenger Car,s3_28_48,Not Deployed,s2_97_208,s1_below_1,Female,s2_37_80,s3_141_159,s2_164_318,s6_260_up,s2_2_4
1708,s2_885_1695,s2_n103_99,s4_n40_7,s1_below_4282,s1_below_2,s3_2003_2005,s2_760_2075,s4_37_47,Passenger Car,s2_11_28,Not Deployed,s2_97_208,s1_below_1,Female,s2_37_80,s3_141_159,s2_164_318,s3_80_160,s2_2_4
1709,s3_1695_2555,s2_n103_99,s4_n40_7,s1_below_4282,s1_below_2,s3_2003_2005,s2_760_2075,s3_17_37,Truck (<=6000 lbs.),s3_28_48,Deployed,s2_97_208,s1_below_1,Male,s3_80_96,s4_159_169,s2_164_318,s3_80_160,s3_4_5
1710,s3_1695_2555,s2_n103_99,s4_n40_7,s1_below_4282,s1_below_2,s2_2001_2003,s2_760_2075,s4_37_47,Truck (<=6000 lbs.),s3_28_48,Not Deployed,s2_97_208,s1_below_1,Female,s2_37_80,s4_159_169,s2_164_318,s3_80_160,s3_4_5
1711,s2_885_1695,s2_n103_99,s4_n40_7,s1_below_4282,s1_below_2,s4_2005_2007,s3_2075_3730,s3_17_37,Passenger Car,s4_48_64,Deployed,s2_97_208,s1_below_1,Female,s2_37_80,s3_141_159,s2_164_318,s3_80_160,s2_2_4
1712,s2_885_1695,s2_n103_99,s4_n40_7,s1_below_4282,s1_below_2,s4_2005_2007,s3_2075_3730,s4_37_47,Passenger Car,s2_11_28,Not Deployed,s2_97_208,s1_below_1,Female,s3_80_96,s3_141_159,s2_164_318,s3_80_160,s2_2_4
1713,s3_1695_2555,s2_n103_99,s4_n40_7,s1_below_4282,s1_below_2,s4_2005_2007,s2_760_2075,s3_17_37,Truck (<=6000 lbs.),s3_28_48,Deployed,s2_97_208,s1_below_1,Male,s4_96_114,s3_141_159,s2_164_318,s3_80_160,s2_2_4
1714,s2_885_1695,s2_n103_99,s4_n40_7,s1_below_4282,s1_below_2,s2_2001_2003,s2_760_2075,s3_17_37,Truck (<=6000 lbs.),s5_64_76,Deployed,s2_97_208,s2_1_2,Female,s3_80_96,s3_141_159,s2_164_318,s3_80_160,s2_2_4
1715,s2_885_1695,s2_n103_99,s3_n81_n40,s1_below_4282,s1_below_2,s5_2007_2009,s2_760_2075,s3_17_37,Passenger Car,s5_64_76,Deployed,s2_97_208,s2_1_2,Male,s3_80_96,s3_141_159,s2_164_318,s3_80_160,s2_2_4
1716,s2_885_1695,s2_n103_99,s4_n40_7,s1_below_4282,s1_below_2,s4_2005_2007,s2_760_2075,s4_37_47,Passenger Car,s5_64_76,Not Deployed,s2_97_208,s1_below_1,Male,s4_96_114,s3_141_159,s2_164_318,s3_80_160,s2_2_4
1717,s3_1695_2555,s2_n103_99,s4_n40_7,s1_below_4282,s3_3_4,s4_2005_2007,s2_760_2075,s4_37_47,Passenger Car,s6_76_up,Deployed,s2_97_208,s2_1_2,Female,s2_37_80,s3_141_159,s2_164_318,s3_80_160,s2_2_4
1718,s2_885_1695,s2_n103_99,s4_n40_7,s1_below_4282,s1_below_2,s4_2005_2007,s2_760_2075,s3_17_37,Truck (<=6000 lbs.),s6_76_up,Not Deployed,s2_97_208,s1_below_1,Female,s2_37_80,s3_141_159,s2_164_318,s4_160_220,s2_2_4
1719,s4_2555_3715,s2_n103_99,s4_n40_7,s1_below_4282,s4_4_5,s5_2007_2009,s2_760_2075,s3_17_37,Truck (<=10000 lbs.),s2_11_28,Not Deployed,s2_97_208,s1_below_1,Male,s3_80_96,s5_169_179,s3_318_464,s3_80_160,s6_7_up
1720,s2_885_1695,s2_n103_99,s4_n40_7,s1_below_4282,s1_below_2,s2_2001_2003,s2_760_2075,s3_17_37,Passenger Car,s6_76_up,Deployed,s2_97_208,s2_1_2,Female,s2_37_80,s3_141_159,s2_164_318,s3_80_160,s2_2_4
1721,s3_1695_2555,s2_n103_99,s4_n40_7,s1_below_4282,s3_3_4,s1_below_2001,s2_760_2075,s3_17_37,Truck (<=6000 lbs.),s3_28_48,Not Deployed,s2_97_208,s1_below_1,Female,s2_37_80,s3_141_159,s2_164_318,s3_80_160,s2_2_4
1722,s2_885_1695,s2_n103_99,s4_n40_7,s1_below_4282,s1_below_2,s4_2005_2007,s2_760_2075,s3_17_37,Truck (<=6000 lbs.),s2_11_28,Deployed,s2_97_208,s2_1_2,Male,s3_80_96,s3_141_159,s2_164_318,s3_80_160,s2_2_4
1723,s2_885_1695,s2_n103_99,s5_7_up,s1_below_4282,s3_3_4,s2_2001_2003,s2_760_2075,s3_17_37,Passenger Car,s4_48_64,Not Deployed,s2_97_208,s1_below_1,Female,s3_80_96,s3_141_159,s2_164_318,s5_220_260,s2_2_4
1724,s2_885_1695,s2_n103_99,s4_n40_7,s1_below_4282,s1_below_2,s3_2003_2005,s2_760_2075,s3_17_37,Passenger Car,s2_11_28,Deployed,s2_97_208,s1_below_1,Male,s3_80_96,s3_141_159,s2_164_318,s3_80_160,s2_2_4
1725,s2_885_1695,s2_n103_99,s4_n40_7,s1_below_4282,s1_below_2,s5_2007_2009,s2_760_2075,s2_7_17,Truck (<=6000 lbs.),s5_64_76,Not Deployed,s2_97_208,s1_below_1,Female,s5_114_130,s3_141_159,s2_164_318,s2_40_80,s2_2_4
1726,s2_885_1695,s2_n103_99,s5_7_up,s1_below_4282,s1_below_2,s4_2005_2007,s2_760_2075,s3_17_37,Passenger Car,s3_28_48,Not Deployed,s2_97_208,s1_below_1,Male,s3_80_96,s3_141_159,s2_164_318,s6_260_up,s2_2_4
1727,s2_885_1695,s2_n103_99,s4_n40_7,s1_below_4282,s1_below_2,s4_2005_2007,s2_760_2075,s3_17_37,Passenger Car,s5_64_76,Not Deployed,s2_97_208,s1_below_1,Female,s3_80_96,s3_141_159,s2_164_318,s2_40_80,s2_2_4
1728,s2_885_1695,s2_n103_99,s4_n40_7,s1_below_4282,s1_below_2,s3_2003_2005,s2_760_2075,s3_17_37,Passenger Car,s2_11_28,Deployed,s2_97_208,s1_below_1,Female,s3_80_96,s3_141_159,s2_164_318,s3_80_160,s2_2_4
1729,s2_885_1695,s2_n103_99,s4_n40_7,s1_below_4282,s1_below_2,s3_2003_2005,s2_760_2075,s3_17_37,Passenger Car,s6_76_up,Not Deployed,s2_97_208,s1_below_1,Male,s2_37_80,s3_141_159,s2_164_318,s2_40_80,s2_2_4
1730,s2_885_1695,s2_n103_99,s4_n40_7,s1_below_4282,s1_below_2,s5_2007_2009,s2_760_2075,s2_7_17,Truck (<=6000 lbs.),s4_48_64,Not Deployed,s2_97_208,s1_below_1,Female,s2_37_80,s3_141_159,s2_164_318,s3_80_160,s2_2_4
1731,s2_885_1695,s2_n103_99,s4_n40_7,s1_below_4282,s1_below_2,s2_2001_2003,s2_760_2075,s3_17_37,Truck (<=6000 lbs.),s3_28_48,Not Deployed,s2_97_208,s1_below_1,Female,s3_80_96,s3_141_159,s2_164_318,s3_80_160,s2_2_4
1732,s2_885_1695,s2_n103_99,s4_n40_7,s1_below_4282,s1_below_2,s3_2003_2005,s2_760_2075,s3_17_37,Passenger Car,s5_64_76,Deployed,s2_97_208,s1_below_1,Female,s2_37_80,s3_141_159,s2_164_318,s3_80_160,s2_2_4
1733,s2_885_1695,s2_n103_99,s4_n40_7,s1_below_4282,s1_below_2,s2_2001_2003,s2_760_2075,s2_7_17,Passenger Car,s2_11_28,Deployed,s2_97_208,s1_below_1,Male,s4_96_114,s3_141_159,s2_164_318,s3_80_160,s2_2_4
1734,s3_1695_2555,s2_n103_99,s4_n40_7,s1_below_4282,s1_below_2,s2_2001_2003,s2_760_2075,s4_37_47,Truck (<=10000 lbs.),s3_28_48,Not Deployed,s2_97_208,s1_below_1,Female,s2_37_80,s5_169_179,s3_318_464,s3_80_160,s4_5_6
1735,s2_885_1695,s2_n103_99,s5_7_up,s1_below_4282,s1_below_2,s4_2005_2007,s2_760_2075,s4_37_47,Truck (<=6000 lbs.),s3_28_48,Not Deployed,s2_97_208,s1_below_1,Female,s2_37_80,s3_141_159,s2_164_318,s6_260_up,s2_2_4
1736,s2_885_1695,s2_n103_99,s4_n40_7,s1_below_4282,s3_3_4,s3_2003_2005,s2_760_2075,s3_17_37,Passenger Car,s3_28_48,Deployed,s2_97_208,s1_below_1,Male,s3_80_96,s3_141_159,s2_164_318,s3_80_160,s2_2_4
1737,s2_885_1695,s2_n103_99,s4_n40_7,s1_below_4282,s3_3_4,s2_2001_2003,s2_760_2075,s3_17_37,Passenger Car,s2_11_28,Deployed,s2_97_208,s1_below_1,Male,s2_37_80,s3_141_159,s2_164_318,s3_80_160,s2_2_4
1738,s3_1695_2555,s2_n103_99,s4_n40_7,s1_below_4282,s1_below_2,s2_2001_2003,s2_760_2075,s3_17_37,Truck (<=6000 lbs.),s3_28_48,Not Deployed,s2_97_208,s1_below_1,Male,s3_80_96,s3_141_159,s2_164_318,s2_40_80,s2_2_4
1739,s2_885_1695,s2_n103_99,s5_7_up,s1_below_4282,s1_below_2,s4_2005_2007,s3_2075_3730,s5_47_57,Passenger Car,s3_28_48,Not Deployed,s2_97_208,s1_below_1,Female,s2_37_80,s3_141_159,s2_164_318,s6_260_up,s2_2_4
1740,s2_885_1695,s2_n103_99,s4_n40_7,s1_below_4282,s1_below_2,s2_2001_2003,s2_760_2075,s3_17_37,Passenger Car,s2_11_28,Not Deployed,s2_97_208,s1_below_1,Male,s3_80_96,s3_141_159,s2_164_318,s3_80_160,s2_2_4
1741,s2_885_1695,s2_n103_99,s4_n40_7,s1_below_4282,s1_below_2,s3_2003_2005,s2_760_2075,s3_17_37,Passenger Car,s3_28_48,Not Deployed,s2_97_208,s1_below_1,Male,s2_37_80,s3_141_159,s2_164_318,s3_80_160,s2_2_4
1742,s3_1695_2555,s2_n103_99,s4_n40_7,s1_below_4282,s3_3_4,s4_2005_2007,s2_760_2075,s4_37_47,Truck (<=6000 lbs.),s2_11_28,Not Deployed,s2_97_208,s1_below_1,Female,s2_37_80,s3_141_159,s2_164_318,s3_80_160,s2_2_4
1743,s2_885_1695,s2_n103_99,s4_n40_7,s1_below_4282,s2_2_3,s4_2005_2007,s2_760_2075,s3_17_37,Passenger Car,s5_64_76,Deployed,s2_97_208,s1_below_1,Female,s2_37_80,s3_141_159,s2_164_318,s3_80_160,s2_2_4
1744,s2_885_1695,s2_n103_99,s4_n40_7,s1_below_4282,s1_below_2,s5_2007_2009,s2_760_2075,s3_17_37,Passenger Car,s2_11_28,Deployed,s2_97_208,s1_below_1,Female,s2_37_80,s3_141_159,s2_164_318,s3_80_160,s2_2_4
1745,s2_885_1695,s2_n103_99,s4_n40_7,s1_below_4282,s1_below_2,s3_2003_2005,s2_760_2075,s5_47_57,Truck (<=6000 lbs.),s2_11_28,Deployed,s2_97_208,s1_below_1,Female,s3_80_96,s3_141_159,s2_164_318,s3_80_160,s2_2_4
1746,s3_1695_2555,s2_n103_99,s4_n40_7,s1_below_4282,s1_below_2,s2_2001_2003,s3_2075_3730,s3_17_37,Truck (<=6000 lbs.),s4_48_64,Deployed,s2_97_208,s1_below_1,Male,s2_37_80,s3_141_159,s2_164_318,s3_80_160,s2_2_4
1747,s2_885_1695,s2_n103_99,s4_n40_7,s1_below_4282,s3_3_4,s1_below_2001,s2_760_2075,s4_37_47,Passenger Car,s2_11_28,Deployed,s2_97_208,s1_below_1,Female,s3_80_96,s3_141_159,s2_164_318,s4_160_220,s2_2_4
1748,s2_885_1695,s2_n103_99,s4_n40_7,s1_below_4282,s1_below_2,s3_2003_2005,s2_760_2075,s3_17_37,Passenger Car,s6_76_up,Not Deployed,s2_97_208,s1_below_1,Male,s2_37_80,s3_141_159,s2_164_318,s3_80_160,s2_2_4
1749,s2_885_1695,s2_n103_99,s4_n40_7,s1_below_4282,s2_2_3,s3_2003_2005,s2_760_2075,s3_17_37,Passenger Car,s5_64_76,Not Deployed,s2_97_208,s1_below_1,Male,s2_37_80,s3_141_159,s2_164_318,s3_80_160,s2_2_4
1750,s2_885_1695,s2_n103_99,s4_n40_7,s1_below_4282,s1_below_2,s2_2001_2003,s2_760_2075,s3_17_37,Passenger Car,s4_48_64,Deployed,s2_97_208,s1_below_1,Male,s2_37_80,s3_141_159,s2_164_318,s3_80_160,s2_2_4
1751,s2_885_1695,s2_n103_99,s4_n40_7,s1_below_4282,s3_3_4,s4_2005_2007,s2_760_2075,s3_17_37,Passenger Car,s3_28_48,Not Deployed,s2_97_208,s1_below_1,Male,s6_130_up,s3_141_159,s2_164_318,s3_80_160,s2_2_4
1752,s2_885_1695,s2_n103_99,s4_n40_7,s1_below_4282,s3_3_4,s3_2003_2005,s2_760_2075,s3_17_37,Passenger Car,s4_48_64,Not Deployed,s2_97_208,s1_below_1,Female,s3_80_96,s3_141_159,s2_164_318,s3_80_160,s2_2_4
1753,s2_885_1695,s2_n103_99,s4_n40_7,s1_below_4282,s1_below_2,s1_below_2001,s2_760_2075,s3_17_37,Passenger Car,s6_76_up,Not Deployed,s2_97_208,s1_below_1,Male,s4_96_114,s3_141_159,s2_164_318,s3_80_160,s2_2_4
1754,s3_1695_2555,s2_n103_99,s4_n40_7,s1_below_4282,s3_3_4,s2_2001_2003,s2_760_2075,s3_17_37,Truck (<=6000 lbs.),s4_48_64,Not Deployed,s2_97_208,s1_below_1,Male,s3_80_96,s4_159_169,s2_164_318,s3_80_160,s2_2_4
1755,s2_885_1695,s2_n103_99,s5_7_up,s1_below_4282,s4_4_5,s5_2007_2009,s2_760_2075,s4_37_47,Passenger Car,s3_28_48,Deployed,s2_97_208,s1_below_1,Female,s2_37_80,s3_141_159,s2_164_318,s6_260_up,s2_2_4
1756,s2_885_1695,s2_n103_99,s4_n40_7,s1_below_4282,s1_below_2,s1_below_2001,s2_760_2075,s3_17_37,Truck (<=6000 lbs.),s2_11_28,Not Deployed,s2_97_208,s1_below_1,Female,s5_114_130,s3_141_159,s2_164_318,s3_80_160,s2_2_4
1757,s2_885_1695,s2_n103_99,s4_n40_7,s1_below_4282,s1_below_2,s2_2001_2003,s2_760_2075,s3_17_37,Passenger Car,s2_11_28,Not Deployed,s2_97_208,s1_below_1,Male,s4_96_114,s3_141_159,s2_164_318,s3_80_160,s2_2_4
1758,s3_1695_2555,s2_n103_99,s4_n40_7,s1_below_4282,s1_below_2,s4_2005_2007,s2_760_2075,s3_17_37,Truck (<=6000 lbs.),s3_28_48,Not Deployed,s2_97_208,s1_below_1,Male,s3_80_96,s3_141_159,s2_164_318,s3_80_160,s2_2_4
1759,s2_885_1695,s2_n103_99,s4_n40_7,s1_below_4282,s3_3_4,s4_2005_2007,s2_760_2075,s3_17_37,Passenger Car,s4_48_64,Deployed,s2_97_208,s1_below_1,Male,s3_80_96,s3_141_159,s2_164_318,s3_80_160,s2_2_4
1760,s2_885_1695,s2_n103_99,s4_n40_7,s1_below_4282,s2_2_3,s1_below_2001,s2_760_2075,s3_17_37,Passenger Car,s2_11_28,Deployed,s2_97_208,s1_below_1,Female,s2_37_80,s3_141_159,s2_164_318,s3_80_160,s2_2_4
1761,s2_885_1695,s2_n103_99,s4_n40_7,s1_below_4282,s1_below_2,s5_2007_2009,s2_760_2075,s3_17_37,Passenger Car,s2_11_28,Deployed,s2_97_208,s1_below_1,Female,s2_37_80,s3_141_159,s2_164_318,s3_80_160,s2_2_4
1762,s2_885_1695,s2_n103_99,s4_n40_7,s1_below_4282,s2_2_3,s3_2003_2005,s2_760_2075,s3_17_37,Passenger Car,s6_76_up,Deployed,s2_97_208,s4_3_4,Female,s2_37_80,s3_141_159,s2_164_318,s3_80_160,s2_2_4
1763,s2_885_1695,s2_n103_99,s4_n40_7,s1_below_4282,s3_3_4,s1_below_2001,s2_760_2075,s3_17_37,Passenger Car,s2_11_28,Deployed,s2_97_208,s1_below_1,Female,s2_37_80,s3_141_159,s2_164_318,s3_80_160,s2_2_4
1764,s2_885_1695,s2_n103_99,s4_n40_7,s1_below_4282,s1_below_2,s4_2005_2007,s2_760_2075,s3_17_37,Passenger Car,s4_48_64,Deployed,s2_97_208,s1_below_1,Female,s2_37_80,s3_141_159,s2_164_318,s3_80_160,s2_2_4
1765,s2_885_1695,s2_n103_99,s4_n40_7,s1_below_4282,s2_2_3,s2_2001_2003,s3_2075_3730,s3_17_37,Truck (<=6000 lbs.),s2_11_28,Deployed,s2_97_208,s1_below_1,Male,s3_80_96,s3_141_159,s2_164_318,s3_80_160,s2_2_4
1766,s2_885_1695,s2_n103_99,s4_n40_7,s1_below_4282,s1_below_2,s5_2007_2009,s3_2075_3730,s3_17_37,Passenger Car,s6_76_up,Deployed,s2_97_208,s1_below_1,Male,s3_80_96,s3_141_159,s2_164_318,s3_80_160,s2_2_4
1767,s2_885_1695,s2_n103_99,s5_7_up,s1_below_4282,s3_3_4,s2_2001_2003,s2_760_2075,s3_17_37,Passenger Car,s2_11_28,Not Deployed,s2_97_208,s1_below_1,Male,s2_37_80,s3_141_159,s2_164_318,s6_260_up,s2_2_4
1768,s3_1695_2555,s2_n103_99,s4_n40_7,s1_below_4282,s4_4_5,s5_2007_2009,s2_760_2075,s4_37_47,Truck (<=6000 lbs.),s3_28_48,Not Deployed,s2_97_208,s1_below_1,Male,s2_37_80,s4_159_169,s2_164_318,s4_160_220,s3_4_5
1769,s2_885_1695,s2_n103_99,s3_n81_n40,s1_below_4282,s4_4_5,s3_2003_2005,s3_2075_3730,s4_37_47,Passenger Car,s4_48_64,Deployed,s2_97_208,s1_below_1,Male,s2_37_80,s3_141_159,s2_164_318,s3_80_160,s2_2_4
1770,s2_885_1695,s2_n103_99,s3_n81_n40,s1_below_4282,s1_below_2,s4_2005_2007,s3_2075_3730,s4_37_47,Passenger Car,s2_11_28,Deployed,s2_97_208,s3_2_3,Male,s4_96_114,s3_141_159,s2_164_318,s3_80_160,s2_2_4
1771,s3_1695_2555,s2_n103_99,s4_n40_7,s1_below_4282,s1_below_2,s2_2001_2003,s2_760_2075,s4_37_47,Truck (<=6000 lbs.),s4_48_64,Deployed,s2_97_208,s2_1_2,Female,s2_37_80,s3_141_159,s2_164_318,s3_80_160,s2_2_4
1772,s2_885_1695,s2_n103_99,s4_n40_7,s1_below_4282,s2_2_3,s4_2005_2007,s2_760_2075,s3_17_37,Passenger Car,s3_28_48,Not Deployed,s2_97_208,s1_below_1,Male,s3_80_96,s3_141_159,s2_164_318,s3_80_160,s2_2_4
1773,s2_885_1695,s2_n103_99,s5_7_up,s1_below_4282,s1_below_2,s5_2007_2009,s2_760_2075,s3_17_37,Passenger Car,s3_28_48,Not Deployed,s2_97_208,s1_below_1,Female,s5_114_130,s3_141_159,s2_164_318,s5_220_260,s2_2_4
1774,s2_885_1695,s2_n103_99,s4_n40_7,s1_below_4282,s1_below_2,s2_2001_2003,s2_760_2075,s3_17_37,Passenger Car,s3_28_48,Deployed,s2_97_208,s1_below_1,Male,s2_37_80,s3_141_159,s2_164_318,s3_80_160,s2_2_4
1775,s2_885_1695,s2_n103_99,s4_n40_7,s1_below_4282,s5_5_6,s2_2001_2003,s2_760_2075,s3_17_37,Passenger Car,s4_48_64,Deployed,s2_97_208,s1_below_1,Female,s3_80_96,s3_141_159,s2_164_318,s3_80_160,s2_2_4
1776,s3_1695_2555,s2_n103_99,s4_n40_7,s1_below_4282,s2_2_3,s5_2007_2009,s2_760_2075,s3_17_37,Passenger Car,s2_11_28,Deployed,s2_97_208,s1_below_1,Male,s3_80_96,s4_159_169,s2_164_318,s3_80_160,s3_4_5
1777,s2_885_1695,s2_n103_99,s5_7_up,s1_below_4282,s1_below_2,s3_2003_2005,s2_760_2075,s5_47_57,Passenger Car,s5_64_76,Not Deployed,s2_97_208,s1_below_1,Female,s6_130_up,s3_141_159,s2_164_318,s6_260_up,s2_2_4
1778,s2_885_1695,s2_n103_99,s4_n40_7,s1_below_4282,s2_2_3,s4_2005_2007,s2_760_2075,s5_47_57,Passenger Car,s3_28_48,Not Deployed,s2_97_208,s1_below_1,Male,s3_80_96,s3_141_159,s2_164_318,s3_80_160,s2_2_4
1779,s2_885_1695,s2_n103_99,s4_n40_7,s1_below_4282,s2_2_3,s2_2001_2003,s2_760_2075,s4_37_47,Passenger Car,s2_11_28,Not Deployed,s2_97_208,s1_below_1,Female,s2_37_80,s3_141_159,s2_164_318,s3_80_160,s2_2_4
1780,s2_885_1695,s2_n103_99,s4_n40_7,s1_below_4282,s1_below_2,s2_2001_2003,s2_760_2075,s3_17_37,Passenger Car,s4_48_64,Not Deployed,s2_97_208,s1_below_1,Female,s2_37_80,s3_141_159,s2_164_318,s3_80_160,s2_2_4
1781,s3_1695_2555,s2_n103_99,s4_n40_7,s1_below_4282,s3_3_4,s3_2003_2005,s2_760_2075,s4_37_47,Truck (<=6000 lbs.),s5_64_76,Deployed,s2_97_208,s1_below_1,Female,s2_37_80,s3_141_159,s2_164_318,s3_80_160,s2_2_4
1782,s2_885_1695,s2_n103_99,s4_n40_7,s1_below_4282,s3_3_4,s1_below_2001,s2_760_2075,s3_17_37,Truck (<=6000 lbs.),s4_48_64,Not Deployed,s2_97_208,s1_below_1,Male,s4_96_114,s3_141_159,s2_164_318,s4_160_220,s2_2_4
1783,s2_885_1695,s2_n103_99,s4_n40_7,s1_below_4282,s4_4_5,s1_below_2001,s3_2075_3730,s3_17_37,Passenger Car,s3_28_48,Deployed,s2_97_208,s2_1_2,Female,s4_96_114,s3_141_159,s2_164_318,s4_160_220,s2_2_4
1784,s2_885_1695,s2_n103_99,s5_7_up,s1_below_4282,s3_3_4,s1_below_2001,s2_760_2075,s3_17_37,Passenger Car,s3_28_48,Not Deployed,s2_97_208,s2_1_2,Male,s2_37_80,s3_141_159,s2_164_318,s6_260_up,s2_2_4
1785,s2_885_1695,s2_n103_99,s3_n81_n40,s1_below_4282,s5_5_6,s2_2001_2003,s2_760_2075,s5_47_57,Passenger Car,s4_48_64,Deployed,s2_97_208,s2_1_2,Female,s2_37_80,s3_141_159,s2_164_318,s3_80_160,s2_2_4
1786,s2_885_1695,s2_n103_99,s4_n40_7,s1_below_4282,s2_2_3,s4_2005_2007,s2_760_2075,s3_17_37,Passenger Car,s2_11_28,Not Deployed,s2_97_208,s1_below_1,Female,s2_37_80,s3_141_159,s2_164_318,s3_80_160,s2_2_4
1787,s2_885_1695,s2_n103_99,s4_n40_7,s1_below_4282,s1_below_2,s5_2007_2009,s3_2075_3730,s3_17_37,Passenger Car,s4_48_64,Not Deployed,s2_97_208,s1_below_1,Female,s4_96_114,s3_141_159,s2_164_318,s3_80_160,s2_2_4
1788,s4_2555_3715,s2_n103_99,s4_n40_7,s1_below_4282,s1_below_2,s3_2003_2005,s2_760_2075,s3_17_37,Truck (<=10000 lbs.),s4_48_64,Not Deployed,s2_97_208,s1_below_1,Male,s5_114_130,s5_169_179,s3_318_464,s3_80_160,s4_5_6
1789,s2_885_1695,s2_n103_99,s4_n40_7,s1_below_4282,s4_4_5,s4_2005_2007,s2_760_2075,s3_17_37,Passenger Car,s4_48_64,Not Deployed,s2_97_208,s1_below_1,Female,s3_80_96,s3_141_159,s2_164_318,s4_160_220,s2_2_4
1790,s2_885_1695,s2_n103_99,s4_n40_7,s1_below_4282,s3_3_4,s3_2003_2005,s2_760_2075,s3_17_37,Passenger Car,s3_28_48,Deployed,s2_97_208,s1_below_1,Female,s3_80_96,s3_141_159,s2_164_318,s4_160_220,s2_2_4
1791,s4_2555_3715,s2_n103_99,s4_n40_7,s1_below_4282,s2_2_3,s5_2007_2009,s2_760_2075,s5_47_57,Truck (<=10000 lbs.),s4_48_64,Not Deployed,s2_97_208,s1_below_1,Male,s3_80_96,s5_169_179,s3_318_464,s4_160_220,s4_5_6
1792,s2_885_1695,s2_n103_99,s5_7_up,s1_below_4282,s2_2_3,s4_2005_2007,s3_2075_3730,s5_47_57,Passenger Car,s3_28_48,Not Deployed,s2_97_208,s4_3_4,Male,s4_96_114,s3_141_159,s2_164_318,s6_260_up,s2_2_4
1793,s2_885_1695,s2_n103_99,s4_n40_7,s1_below_4282,s4_4_5,s4_2005_2007,s2_760_2075,s5_47_57,Passenger Car,s3_28_48,Not Deployed,s2_97_208,s1_below_1,Female,s2_37_80,s3_141_159,s2_164_318,s4_160_220,s2_2_4
1794,s3_1695_2555,s2_n103_99,s4_n40_7,s1_below_4282,s4_4_5,s2_2001_2003,s3_2075_3730,s5_47_57,Passenger Car,s4_48_64,Deployed,s2_97_208,s2_1_2,Male,s4_96_114,s3_141_159,s2_164_318,s3_80_160,s2_2_4
1795,s3_1695_2555,s2_n103_99,s5_7_up,s1_below_4282,s4_4_5,s2_2001_2003,s2_760_2075,s5_47_57,Truck (<=10000 lbs.),s3_28_48,Not Deployed,s2_97_208,s1_below_1,Male,s3_80_96,s4_159_169,s3_318_464,s6_260_up,s4_5_6
1796,s2_885_1695,s2_n103_99,s5_7_up,s1_below_4282,s1_below_2,s4_2005_2007,s2_760_2075,s5_47_57,Passenger Car,s2_11_28,Deployed,s2_97_208,s2_1_2,Male,s2_37_80,s3_141_159,s2_164_318,s3_80_160,s2_2_4
1797,s3_1695_2555,s2_n103_99,s4_n40_7,s1_below_4282,s1_below_2,s3_2003_2005,s2_760_2075,s4_37_47,Truck (<=10000 lbs.),s3_28_48,Deployed,s2_97_208,s1_below_1,Female,s2_37_80,s3_141_159,s2_164_318,s3_80_160,s2_2_4
1798,s3_1695_2555,s2_n103_99,s4_n40_7,s1_below_4282,s2_2_3,s2_2001_2003,s2_760_2075,s3_17_37,Truck (<=6000 lbs.),s3_28_48,Deployed,s2_97_208,s2_1_2,Male,s2_37_80,s4_159_169,s2_164_318,s3_80_160,s2_2_4
1799,s2_885_1695,s2_n103_99,s4_n40_7,s1_below_4282,s4_4_5,s1_below_2001,s2_760_2075,s3_17_37,Truck (<=6000 lbs.),s5_64_76,Not Deployed,s2_97_208,s1_below_1,Female,s2_37_80,s3_141_159,s2_164_318,s4_160_220,s2_2_4
1800,s2_885_1695,s2_n103_99,s4_n40_7,s1_below_4282,s4_4_5,s3_2003_2005,s2_760_2075,s3_17_37,Passenger Car,s3_28_48,Not Deployed,s2_97_208,s1_below_1,Male,s2_37_80,s3_141_159,s2_164_318,s3_80_160,s2_2_4
1801,s2_885_1695,s2_n103_99,s4_n40_7,s1_below_4282,s3_3_4,s4_2005_2007,s2_760_2075,s3_17_37,Passenger Car,s4_48_64,Not Deployed,s2_97_208,s1_below_1,Female,s2_37_80,s3_141_159,s2_164_318,s3_80_160,s2_2_4
1802,s3_1695_2555,s2_n103_99,s4_n40_7,s1_below_4282,s2_2_3,s3_2003_2005,s2_760_2075,s3_17_37,Truck (<=10000 lbs.),s3_28_48,Not Deployed,s2_97_208,s1_below_1,Female,s6_130_up,s5_169_179,s2_164_318,s2_40_80,s3_4_5
1803,s3_1695_2555,s2_n103_99,s4_n40_7,s1_below_4282,s3_3_4,s4_2005_2007,s3_2075_3730,s3_17_37,Passenger Car,s3_28_48,Deployed,s2_97_208,s1_below_1,Female,s3_80_96,s3_141_159,s2_164_318,s3_80_160,s2_2_4
1804,s3_1695_2555,s2_n103_99,s5_7_up,s1_below_4282,s3_3_4,s5_2007_2009,s2_760_2075,s5_47_57,Passenger Car,s4_48_64,Not Deployed,s2_97_208,s1_below_1,Female,s4_96_114,s3_141_159,s2_164_318,s6_260_up,s2_2_4
1805,s3_1695_2555,s2_n103_99,s5_7_up,s1_below_4282,s4_4_5,s2_2001_2003,s2_760_2075,s5_47_57,Passenger Car,s3_28_48,Not Deployed,s2_97_208,s1_below_1,Male,s6_130_up,s4_159_169,s2_164_318,s6_260_up,s2_2_4
1806,s3_1695_2555,s2_n103_99,s5_7_up,s1_below_4282,s1_below_2,s5_2007_2009,s3_2075_3730,s5_47_57,Truck (<=6000 lbs.),s3_28_48,Not Deployed,s2_97_208,s1_below_1,Male,s4_96_114,s5_169_179,s2_164_318,s6_260_up,s2_2_4
1807,s3_1695_2555,s2_n103_99,s4_n40_7,s1_below_4282,s2_2_3,s4_2005_2007,s2_760_2075,s5_47_57,Truck (<=6000 lbs.),s4_48_64,Not Deployed,s2_97_208,s1_below_1,Female,s3_80_96,s3_141_159,s2_164_318,s3_80_160,s2_2_4
1808,s2_885_1695,s2_n103_99,s4_n40_7,s1_below_4282,s1_below_2,s4_2005_2007,s2_760_2075,s3_17_37,Passenger Car,s2_11_28,Not Deployed,s2_97_208,s1_below_1,Female,s2_37_80,s3_141_159,s2_164_318,s2_40_80,s2_2_4
1809,s2_885_1695,s2_n103_99,s4_n40_7,s1_below_4282,s1_below_2,s2_2001_2003,s2_760_2075,s3_17_37,Truck (<=6000 lbs.),s3_28_48,Deployed,s2_97_208,s1_below_1,Male,s3_80_96,s3_141_159,s2_164_318,s4_160_220,s2_2_4
1810,s3_1695_2555,s2_n103_99,s5_7_up,s1_below_4282,s2_2_3,s5_2007_2009,s2_760_2075,s3_17_37,Truck (<=6000 lbs.),s3_28_48,Not Deployed,s2_97_208,s2_1_2,Female,s2_37_80,s4_159_169,s2_164_318,s6_260_up,s2_2_4
1811,s3_1695_2555,s2_n103_99,s4_n40_7,s1_below_4282,s2_2_3,s3_2003_2005,s2_760_2075,s4_37_47,Truck (<=6000 lbs.),s3_28_48,Not Deployed,s2_97_208,s1_below_1,Female,s4_96_114,s3_141_159,s2_164_318,s3_80_160,s2_2_4
1812,s3_1695_2555,s2_n103_99,s4_n40_7,s1_below_4282,s2_2_3,s5_2007_2009,s3_2075_3730,s3_17_37,Passenger Car,s4_48_64,Not Deployed,s2_97_208,s1_below_1,Male,s4_96_114,s3_141_159,s2_164_318,s4_160_220,s2_2_4
1813,s3_1695_2555,s2_n103_99,s4_n40_7,s1_below_4282,s4_4_5,s1_below_2001,s2_760_2075,s3_17_37,Passenger Car,s4_48_64,Not Deployed,s2_97_208,s1_below_1,Male,s4_96_114,s3_141_159,s2_164_318,s3_80_160,s2_2_4
1814,s2_885_1695,s2_n103_99,s4_n40_7,s1_below_4282,s3_3_4,s4_2005_2007,s2_760_2075,s4_37_47,Passenger Car,s2_11_28,Not Deployed,s2_97_208,s1_below_1,Female,s2_37_80,s3_141_159,s2_164_318,s4_160_220,s2_2_4
1815,s2_885_1695,s2_n103_99,s4_n40_7,s1_below_4282,s1_below_2,s3_2003_2005,s2_760_2075,s3_17_37,Passenger Car,s2_11_28,Deployed,s2_97_208,s3_2_3,Male,s3_80_96,s3_141_159,s2_164_318,s3_80_160,s2_2_4
1816,s2_885_1695,s2_n103_99,s4_n40_7,s1_below_4282,s1_below_2,s1_below_2001,s2_760_2075,s3_17_37,Passenger Car,s2_11_28,Deployed,s2_97_208,s1_below_1,Male,s2_37_80,s3_141_159,s2_164_318,s3_80_160,s2_2_4
1817,s4_2555_3715,s2_n103_99,s3_n81_n40,s1_below_4282,s3_3_4,s2_2001_2003,s2_760_2075,s4_37_47,Truck (<=10000 lbs.),s5_64_76,Deployed,s2_97_208,s4_3_4,Male,s3_80_96,s5_169_179,s2_164_318,s3_80_160,s3_4_5
1818,s2_885_1695,s2_n103_99,s4_n40_7,s1_below_4282,s1_below_2,s2_2001_2003,s2_760_2075,s3_17_37,Truck (<=6000 lbs.),s4_48_64,Not Deployed,s2_97_208,s1_below_1,Female,s3_80_96,s3_141_159,s2_164_318,s3_80_160,s2_2_4
1819,s2_885_1695,s2_n103_99,s4_n40_7,s1_below_4282,s2_2_3,s4_2005_2007,s2_760_2075,s5_47_57,Passenger Car,s2_11_28,Deployed,s2_97_208,s1_below_1,Female,s2_37_80,s3_141_159,s2_164_318,s3_80_160,s2_2_4
1820,s3_1695_2555,s2_n103_99,s4_n40_7,s1_below_4282,s2_2_3,s2_2001_2003,s2_760_2075,s5_47_57,Truck (<=6000 lbs.),s3_28_48,Not Deployed,s2_97_208,s1_below_1,Male,s4_96_114,s3_141_159,s2_164_318,s3_80_160,s2_2_4
1821,s2_885_1695,s2_n103_99,s4_n40_7,s1_below_4282,s2_2_3,s2_2001_2003,s3_2075_3730,s3_17_37,Passenger Car,s2_11_28,Deployed,s2_97_208,s1_below_1,Female,s2_37_80,s3_141_159,s2_164_318,s3_80_160,s2_2_4
1822,s3_1695_2555,s2_n103_99,s3_n81_n40,s1_below_4282,s2_2_3,s4_2005_2007,s3_2075_3730,s5_47_57,Truck (<=6000 lbs.),s4_48_64,Deployed,s2_97_208,s4_3_4,Male,s3_80_96,s4_159_169,s3_318_464,s3_80_160,s4_5_6
1823,s4_2555_3715,s2_n103_99,s4_n40_7,s1_below_4282,s2_2_3,s4_2005_2007,s2_760_2075,s3_17_37,Truck (<=10000 lbs.),s4_48_64,Not Deployed,s2_97_208,s1_below_1,Male,s2_37_80,s4_159_169,s3_318_464,s3_80_160,s4_5_6
1824,s3_1695_2555,s2_n103_99,s4_n40_7,s1_below_4282,s2_2_3,s2_2001_2003,s2_760_2075,s4_37_47,Truck (<=6000 lbs.),s2_11_28,Not Deployed,s2_97_208,s1_below_1,Female,s2_37_80,s3_141_159,s2_164_318,s3_80_160,s2_2_4
1825,s2_885_1695,s2_n103_99,s4_n40_7,s1_below_4282,s1_below_2,s5_2007_2009,s2_760_2075,s4_37_47,Passenger Car,s3_28_48,Not Deployed,s2_97_208,s1_below_1,Female,s2_37_80,s3_141_159,s2_164_318,s4_160_220,s2_2_4
1826,s3_1695_2555,s2_n103_99,s4_n40_7,s1_below_4282,s1_below_2,s3_2003_2005,s3_2075_3730,s3_17_37,Truck (<=6000 lbs.),s3_28_48,Not Deployed,s2_97_208,s1_below_1,Female,s2_37_80,s4_159_169,s2_164_318,s3_80_160,s3_4_5
1827,s2_885_1695,s2_n103_99,s4_n40_7,s1_below_4282,s4_4_5,s5_2007_2009,s2_760_2075,s3_17_37,Passenger Car,s2_11_28,Not Deployed,s2_97_208,s1_below_1,Female,s2_37_80,s3_141_159,s2_164_318,s3_80_160,s2_2_4
1828,s2_885_1695,s2_n103_99,s4_n40_7,s1_below_4282,s2_2_3,s2_2001_2003,s2_760_2075,s3_17_37,Passenger Car,s2_11_28,Not Deployed,s2_97_208,s1_below_1,Male,s4_96_114,s3_141_159,s2_164_318,s4_160_220,s2_2_4
1829,s2_885_1695,s2_n103_99,s4_n40_7,s1_below_4282,s3_3_4,s4_2005_2007,s2_760_2075,s3_17_37,Passenger Car,s2_11_28,Not Deployed,s2_97_208,s1_below_1,Female,s2_37_80,s3_141_159,s2_164_318,s3_80_160,s2_2_4
1830,s2_885_1695,s2_n103_99,s4_n40_7,s1_below_4282,s1_below_2,s4_2005_2007,s2_760_2075,s5_47_57,Truck (<=6000 lbs.),s4_48_64,Not Deployed,s2_97_208,s1_below_1,Male,s3_80_96,s3_141_159,s3_318_464,s5_220_260,s2_2_4
1831,s3_1695_2555,s2_n103_99,s4_n40_7,s1_below_4282,s3_3_4,s1_below_2001,s2_760_2075,s3_17_37,Truck (<=6000 lbs.),s4_48_64,Not Deployed,s2_97_208,s1_below_1,Male,s4_96_114,s4_159_169,s2_164_318,s5_220_260,s2_2_4
1832,s2_885_1695,s2_n103_99,s4_n40_7,s1_below_4282,s3_3_4,s1_below_2001,s2_760_2075,s3_17_37,Truck (<=6000 lbs.),s3_28_48,Deployed,s2_97_208,s1_below_1,Female,s2_37_80,s3_141_159,s2_164_318,s3_80_160,s2_2_4
1833,s2_885_1695,s2_n103_99,s4_n40_7,s1_below_4282,s1_below_2,s2_2001_2003,s2_760_2075,s3_17_37,Truck (<=6000 lbs.),s2_11_28,Deployed,s2_97_208,s1_below_1,Male,s2_37_80,s3_141_159,s2_164_318,s3_80_160,s2_2_4
1834,s3_1695_2555,s2_n103_99,s4_n40_7,s1_below_4282,s1_below_2,s3_2003_2005,s2_760_2075,s3_17_37,Truck (<=6000 lbs.),s2_11_28,Deployed,s2_97_208,s1_below_1,Male,s2_37_80,s3_141_159,s2_164_318,s3_80_160,s2_2_4
1835,s2_885_1695,s2_n103_99,s4_n40_7,s1_below_4282,s1_below_2,s5_2007_2009,s2_760_2075,s5_47_57,Passenger Car,s4_48_64,Deployed,s2_97_208,s3_2_3,Female,s2_37_80,s3_141_159,s2_164_318,s4_160_220,s2_2_4
1836,s3_1695_2555,s2_n103_99,s5_7_up,s1_below_4282,s2_2_3,s5_2007_2009,s3_2075_3730,s6_57_up,Truck (<=6000 lbs.),s6_76_up,Not Deployed,s2_97_208,s1_below_1,Male,s2_37_80,s4_159_169,s2_164_318,s3_80_160,s3_4_5
1837,s2_885_1695,s2_n103_99,s4_n40_7,s1_below_4282,s1_below_2,s2_2001_2003,s2_760_2075,s4_37_47,Passenger Car,s3_28_48,Not Deployed,s2_97_208,s3_2_3,Male,s4_96_114,s3_141_159,s2_164_318,s1_below_40,s2_2_4
1838,s3_1695_2555,s2_n103_99,s4_n40_7,s1_below_4282,s1_below_2,s4_2005_2007,s2_760_2075,s6_57_up,Truck (<=10000 lbs.),s3_28_48,Not Deployed,s2_97_208,s1_below_1,Male,s4_96_114,s4_159_169,s2_164_318,s3_80_160,s3_4_5
1839,s2_885_1695,s2_n103_99,s3_n81_n40,s1_below_4282,s4_4_5,s1_below_2001,s2_760_2075,s3_17_37,Passenger Car,s3_28_48,Deployed,s2_97_208,s3_2_3,Male,s5_114_130,s3_141_159,s2_164_318,s3_80_160,s2_2_4
1840,s2_885_1695,s2_n103_99,s4_n40_7,s1_below_4282,s3_3_4,s3_2003_2005,s2_760_2075,s3_17_37,Passenger Car,s4_48_64,Deployed,s2_97_208,s1_below_1,Male,s3_80_96,s3_141_159,s2_164_318,s3_80_160,s2_2_4
1841,s3_1695_2555,s2_n103_99,s4_n40_7,s1_below_4282,s1_below_2,s1_below_2001,s2_760_2075,s6_57_up,Truck (<=10000 lbs.),s4_48_64,Not Deployed,s2_97_208,s1_below_1,Male,s2_37_80,s3_141_159,s2_164_318,s4_160_220,s2_2_4
1842,s2_885_1695,s2_n103_99,s4_n40_7,s1_below_4282,s1_below_2,s1_below_2001,s2_760_2075,s3_17_37,Passenger Car,s2_11_28,Not Deployed,s2_97_208,s1_below_1,Female,s2_37_80,s3_141_159,s2_164_318,s3_80_160,s2_2_4
1843,s2_885_1695,s2_n103_99,s4_n40_7,s1_below_4282,s1_below_2,s1_below_2001,s2_760_2075,s3_17_37,Truck (<=6000 lbs.),s4_48_64,Not Deployed,s2_97_208,s1_below_1,Female,s2_37_80,s3_141_159,s2_164_318,s3_80_160,s2_2_4
1844,s2_885_1695,s2_n103_99,s4_n40_7,s1_below_4282,s2_2_3,s5_2007_2009,s2_760_2075,s4_37_47,Passenger Car,s2_11_28,Not Deployed,s2_97_208,s1_below_1,Male,s2_37_80,s3_141_159,s2_164_318,s4_160_220,s2_2_4
1845,s3_1695_2555,s2_n103_99,s4_n40_7,s1_below_4282,s1_below_2,s5_2007_2009,s2_760_2075,s4_37_47,Truck (<=6000 lbs.),s3_28_48,Not Deployed,s2_97_208,s1_below_1,Male,s3_80_96,s4_159_169,s2_164_318,s4_160_220,s2_2_4
1846,s2_885_1695,s2_n103_99,s5_7_up,s1_below_4282,s3_3_4,s4_2005_2007,s2_760_2075,s4_37_47,Passenger Car,s2_11_28,Not Deployed,s2_97_208,s1_below_1,Female,s2_37_80,s3_141_159,s2_164_318,s6_260_up,s2_2_4
1847,s2_885_1695,s2_n103_99,s5_7_up,s1_below_4282,s2_2_3,s4_2005_2007,s2_760_2075,s3_17_37,Passenger Car,s3_28_48,Not Deployed,s2_97_208,s1_below_1,Female,s2_37_80,s3_141_159,s2_164_318,s6_260_up,s2_2_4
1848,s2_885_1695,s2_n103_99,s4_n40_7,s1_below_4282,s2_2_3,s3_2003_2005,s2_760_2075,s3_17_37,Passenger Car,s2_11_28,Deployed,s2_97_208,s1_below_1,Male,s2_37_80,s3_141_159,s2_164_318,s3_80_160,s2_2_4
1849,s2_885_1695,s2_n103_99,s5_7_up,s1_below_4282,s1_below_2,s3_2003_2005,s3_2075_3730,s5_47_57,Passenger Car,s3_28_48,Not Deployed,s2_97_208,s1_below_1,Female,s2_37_80,s3_141_159,s2_164_318,s6_260_up,s2_2_4
1850,s3_1695_2555,s2_n103_99,s4_n40_7,s1_below_4282,s1_below_2,s4_2005_2007,s2_760_2075,s5_47_57,Truck (<=10000 lbs.),s3_28_48,Deployed,s2_97_208,s1_below_1,Male,s2_37_80,s5_169_179,s3_318_464,s3_80_160,s4_5_6
1851,s3_1695_2555,s2_n103_99,s3_n81_n40,s1_below_4282,s1_below_2,s3_2003_2005,s3_2075_3730,s5_47_57,Truck (<=10000 lbs.),s4_48_64,Deployed,s2_97_208,s2_1_2,Male,s5_114_130,s4_159_169,s2_164_318,s3_80_160,s3_4_5
1852,s2_885_1695,s2_n103_99,s4_n40_7,s1_below_4282,s1_below_2,s4_2005_2007,s2_760_2075,s5_47_57,Passenger Car,s2_11_28,Deployed,s2_97_208,s1_below_1,Male,s3_80_96,s3_141_159,s2_164_318,s3_80_160,s2_2_4
1853,s3_1695_2555,s2_n103_99,s4_n40_7,s1_below_4282,s1_below_2,s3_2003_2005,s2_760_2075,s5_47_57,Passenger Car,s3_28_48,Deployed,s2_97_208,s1_below_1,Male,s5_114_130,s3_141_159,s2_164_318,s4_160_220,s2_2_4
1854,s2_885_1695,s2_n103_99,s4_n40_7,s1_below_4282,s1_below_2,s4_2005_2007,s2_760_2075,s6_57_up,Truck (<=6000 lbs.),s3_28_48,Not Deployed,s2_97_208,s1_below_1,Male,s3_80_96,s3_141_159,s2_164_318,s3_80_160,s2_2_4
1855,s3_1695_2555,s2_n103_99,s4_n40_7,s1_below_4282,s1_below_2,s3_2003_2005,s3_2075_3730,s2_7_17,Truck (<=6000 lbs.),s3_28_48,Not Deployed,s2_97_208,s1_below_1,Female,s3_80_96,s3_141_159,s2_164_318,s2_40_80,s3_4_5
1856,s2_885_1695,s2_n103_99,s4_n40_7,s1_below_4282,s2_2_3,s1_below_2001,s2_760_2075,s3_17_37,Truck (<=6000 lbs.),s3_28_48,Deployed,s2_97_208,s1_below_1,Female,s3_80_96,s3_141_159,s2_164_318,s3_80_160,s2_2_4
1857,s2_885_1695,s2_n103_99,s4_n40_7,s1_below_4282,s1_below_2,s5_2007_2009,s3_2075_3730,s5_47_57,Passenger Car,s4_48_64,Deployed,s2_97_208,s2_1_2,Female,s2_37_80,s3_141_159,s2_164_318,s3_80_160,s2_2_4
1858,s2_885_1695,s2_n103_99,s4_n40_7,s1_below_4282,s3_3_4,s3_2003_2005,s2_760_2075,s3_17_37,Passenger Car,s3_28_48,Not Deployed,s2_97_208,s1_below_1,Female,s2_37_80,s3_141_159,s2_164_318,s3_80_160,s2_2_4
1859,s2_885_1695,s2_n103_99,s4_n40_7,s1_below_4282,s2_2_3,s4_2005_2007,s3_2075_3730,s3_17_37,Passenger Car,s4_48_64,Not Deployed,s2_97_208,s1_below_1,Female,s2_37_80,s3_141_159,s2_164_318,s2_40_80,s2_2_4
1860,s2_885_1695,s2_n103_99,s5_7_up,s1_below_4282,s4_4_5,s3_2003_2005,s2_760_2075,s3_17_37,Truck (<=6000 lbs.),s4_48_64,Not Deployed,s2_97_208,s1_below_1,Female,s2_37_80,s3_141_159,s2_164_318,s4_160_220,s2_2_4
1861,s3_1695_2555,s2_n103_99,s4_n40_7,s1_below_4282,s1_below_2,s1_below_2001,s2_760_2075,s5_47_57,Truck (<=6000 lbs.),s3_28_48,Deployed,s2_97_208,s1_below_1,Male,s2_37_80,s3_141_159,s2_164_318,s3_80_160,s2_2_4
1862,s2_885_1695,s2_n103_99,s4_n40_7,s1_below_4282,s1_below_2,s3_2003_2005,s2_760_2075,s3_17_37,Passenger Car,s3_28_48,Not Deployed,s2_97_208,s1_below_1,Female,s2_37_80,s3_141_159,s2_164_318,s3_80_160,s2_2_4
1863,s2_885_1695,s2_n103_99,s4_n40_7,s1_below_4282,s4_4_5,s2_2001_2003,s2_760_2075,s3_17_37,Passenger Car,s2_11_28,Not Deployed,s2_97_208,s1_below_1,Male,s3_80_96,s3_141_159,s2_164_318,s3_80_160,s2_2_4
1864,s2_885_1695,s2_n103_99,s5_7_up,s1_below_4282,s1_below_2,s2_2001_2003,s2_760_2075,s4_37_47,Passenger Car,s2_11_28,Not Deployed,s2_97_208,s4_3_4,Female,s2_37_80,s3_141_159,s2_164_318,s1_below_40,s2_2_4
1865,s2_885_1695,s2_n103_99,s4_n40_7,s1_below_4282,s1_below_2,s2_2001_2003,s2_760_2075,s4_37_47,Truck (<=6000 lbs.),s4_48_64,Not Deployed,s2_97_208,s1_below_1,Male,s3_80_96,s3_141_159,s2_164_318,s3_80_160,s2_2_4
1866,s2_885_1695,s2_n103_99,s4_n40_7,s1_below_4282,s1_below_2,s1_below_2001,s2_760_2075,s5_47_57,Truck (<=6000 lbs.),s2_11_28,Not Deployed,s2_97_208,s1_below_1,Male,s3_80_96,s3_141_159,s3_318_464,s2_40_80,s2_2_4
1867,s2_885_1695,s2_n103_99,s5_7_up,s1_below_4282,s1_below_2,s5_2007_2009,s2_760_2075,s3_17_37,Passenger Car,s2_11_28,Not Deployed,s2_97_208,s1_below_1,Male,s4_96_114,s3_141_159,s2_164_318,s6_260_up,s2_2_4
1868,s3_1695_2555,s2_n103_99,s5_7_up,s1_below_4282,s1_below_2,s5_2007_2009,s2_760_2075,s5_47_57,Truck (<=6000 lbs.),s2_11_28,Not Deployed,s2_97_208,s1_below_1,Female,s2_37_80,s4_159_169,s2_164_318,s6_260_up,s2_2_4
1869,s3_1695_2555,s2_n103_99,s4_n40_7,s1_below_4282,s1_below_2,s3_2003_2005,s2_760_2075,s6_57_up,Truck (<=6000 lbs.),s4_48_64,Deployed,s2_97_208,s4_3_4,Male,s5_114_130,s3_141_159,s2_164_318,s3_80_160,s2_2_4
1870,s2_885_1695,s2_n103_99,s4_n40_7,s1_below_4282,s1_below_2,s4_2005_2007,s2_760_2075,s6_57_up,Passenger Car,s3_28_48,Deployed,s2_97_208,s3_2_3,Male,s4_96_114,s3_141_159,s2_164_318,s3_80_160,s2_2_4
1871,s2_885_1695,s2_n103_99,s4_n40_7,s1_below_4282,s3_3_4,s4_2005_2007,s2_760_2075,s3_17_37,Passenger Car,s5_64_76,Not Deployed,s2_97_208,s1_below_1,Male,s2_37_80,s3_141_159,s2_164_318,s3_80_160,s2_2_4
1872,s2_885_1695,s2_n103_99,s5_7_up,s1_below_4282,s3_3_4,s3_2003_2005,s2_760_2075,s6_57_up,Passenger Car,s3_28_48,Not Deployed,s2_97_208,s5_4_5,Female,s2_37_80,s3_141_159,s2_164_318,s6_260_up,s2_2_4
1873,s3_1695_2555,s2_n103_99,s4_n40_7,s1_below_4282,s2_2_3,s3_2003_2005,s2_760_2075,s5_47_57,Truck (<=10000 lbs.),s4_48_64,Not Deployed,s2_97_208,s1_below_1,Female,s2_37_80,s4_159_169,s2_164_318,s3_80_160,s3_4_5
1874,s2_885_1695,s2_n103_99,s3_n81_n40,s1_below_4282,s1_below_2,s1_below_2001,s2_760_2075,s5_47_57,Passenger Car,s2_11_28,Deployed,s2_97_208,s1_below_1,Male,s2_37_80,s3_141_159,s2_164_318,s3_80_160,s2_2_4
1875,s2_885_1695,s2_n103_99,s4_n40_7,s1_below_4282,s4_4_5,s4_2005_2007,s2_760_2075,s4_37_47,Passenger Car,s4_48_64,Deployed,s2_97_208,s1_below_1,Male,s3_80_96,s3_141_159,s2_164_318,s4_160_220,s2_2_4
1876,s3_1695_2555,s2_n103_99,s4_n40_7,s1_below_4282,s1_below_2,s4_2005_2007,s3_2075_3730,s5_47_57,Truck (<=6000 lbs.),s2_11_28,Deployed,s2_97_208,s1_below_1,Male,s2_37_80,s3_141_159,s2_164_318,s4_160_220,s2_2_4
1877,s2_885_1695,s2_n103_99,s4_n40_7,s1_below_4282,s1_below_2,s4_2005_2007,s2_760_2075,s4_37_47,Truck (<=6000 lbs.),s4_48_64,Deployed,s2_97_208,s1_below_1,Female,s2_37_80,s3_141_159,s2_164_318,s3_80_160,s2_2_4
1878,s2_885_1695,s2_n103_99,s5_7_up,s1_below_4282,s5_5_6,s4_2005_2007,s2_760_2075,s4_37_47,Passenger Car,s3_28_48,Deployed,s2_97_208,s1_below_1,Female,s3_80_96,s3_141_159,s2_164_318,s6_260_up,s2_2_4
1879,s4_2555_3715,s2_n103_99,s4_n40_7,s1_below_4282,s1_below_2,s3_2003_2005,s2_760_2075,s5_47_57,Truck (<=10000 lbs.),s3_28_48,Not Deployed,s2_97_208,s1_below_1,Male,s3_80_96,s5_169_179,s3_318_464,s3_80_160,s5_6_7
1880,s2_885_1695,s2_n103_99,s4_n40_7,s1_below_4282,s1_below_2,s3_2003_2005,s2_760_2075,s1_below_7,Passenger Car,s2_11_28,Deployed,s2_97_208,s1_below_1,Female,s2_37_80,s3_141_159,s2_164_318,s2_40_80,s2_2_4
1881,s2_885_1695,s2_n103_99,s5_7_up,s1_below_4282,s4_4_5,s5_2007_2009,s2_760_2075,s4_37_47,Passenger Car,s4_48_64,Not Deployed,s2_97_208,s1_below_1,Female,s2_37_80,s3_141_159,s2_164_318,s6_260_up,s2_2_4
1882,s2_885_1695,s2_n103_99,s4_n40_7,s1_below_4282,s1_below_2,s1_below_2001,s2_760_2075,s5_47_57,Passenger Car,s2_11_28,Deployed,s2_97_208,s1_below_1,Female,s5_114_130,s3_141_159,s2_164_318,s4_160_220,s2_2_4
1883,s2_885_1695,s2_n103_99,s4_n40_7,s1_below_4282,s4_4_5,s5_2007_2009,s2_760_2075,s4_37_47,Passenger Car,s5_64_76,Not Deployed,s2_97_208,s1_below_1,Male,s2_37_80,s3_141_159,s2_164_318,s3_80_160,s2_2_4
1884,s2_885_1695,s2_n103_99,s4_n40_7,s1_below_4282,s1_below_2,s2_2001_2003,s2_760_2075,s3_17_37,Passenger Car,s2_11_28,Not Deployed,s2_97_208,s1_below_1,Male,s2_37_80,s3_141_159,s2_164_318,s2_40_80,s2_2_4
1885,s3_1695_2555,s2_n103_99,s4_n40_7,s1_below_4282,s3_3_4,s2_2001_2003,s2_760_2075,s5_47_57,Passenger Car,s3_28_48,Deployed,s2_97_208,s1_below_1,Male,s3_80_96,s3_141_159,s2_164_318,s3_80_160,s2_2_4
1886,s2_885_1695,s2_n103_99,s4_n40_7,s1_below_4282,s1_below_2,s5_2007_2009,s2_760_2075,s5_47_57,Passenger Car,s4_48_64,Deployed,s2_97_208,s1_below_1,Male,s3_80_96,s3_141_159,s2_164_318,s3_80_160,s2_2_4
1887,s2_885_1695,s2_n103_99,s4_n40_7,s1_below_4282,s4_4_5,s3_2003_2005,s2_760_2075,s3_17_37,Passenger Car,s3_28_48,Deployed,s2_97_208,s1_below_1,Male,s4_96_114,s3_141_159,s2_164_318,s3_80_160,s2_2_4
1888,s2_885_1695,s2_n103_99,s4_n40_7,s1_below_4282,s4_4_5,s3_2003_2005,s2_760_2075,s3_17_37,Passenger Car,s3_28_48,Not Deployed,s2_97_208,s1_below_1,Male,s4_96_114,s3_141_159,s2_164_318,s3_80_160,s2_2_4
1889,s2_885_1695,s2_n103_99,s4_n40_7,s1_below_4282,s1_below_2,s4_2005_2007,s2_760_2075,s6_57_up,Passenger Car,s3_28_48,Not Deployed,s2_97_208,s1_below_1,Female,s3_80_96,s3_141_159,s2_164_318,s3_80_160,s2_2_4
1890,s2_885_1695,s2_n103_99,s3_n81_n40,s1_below_4282,s1_below_2,s3_2003_2005,s3_2075_3730,s3_17_37,Truck (<=6000 lbs.),s4_48_64,Deployed,s2_97_208,s1_below_1,Female,s2_37_80,s3_141_159,s2_164_318,s3_80_160,s2_2_4
1891,s2_885_1695,s2_n103_99,s4_n40_7,s1_below_4282,s3_3_4,s1_below_2001,s2_760_2075,s5_47_57,Passenger Car,s2_11_28,Not Deployed,s2_97_208,s1_below_1,Male,s3_80_96,s3_141_159,s2_164_318,s3_80_160,s2_2_4
1892,s2_885_1695,s2_n103_99,s4_n40_7,s1_below_4282,s1_below_2,s5_2007_2009,s2_760_2075,s5_47_57,Passenger Car,s2_11_28,Deployed,s2_97_208,s4_3_4,Female,s2_37_80,s3_141_159,s2_164_318,s4_160_220,s2_2_4
1893,s2_885_1695,s2_n103_99,s4_n40_7,s1_below_4282,s3_3_4,s5_2007_2009,s3_2075_3730,s4_37_47,Passenger Car,s2_11_28,Not Deployed,s2_97_208,s1_below_1,Female,s2_37_80,s3_141_159,s2_164_318,s3_80_160,s2_2_4
1894,s2_885_1695,s2_n103_99,s4_n40_7,s1_below_4282,s1_below_2,s3_2003_2005,s2_760_2075,s3_17_37,Truck (<=6000 lbs.),s2_11_28,Not Deployed,s2_97_208,s1_below_1,Male,s2_37_80,s3_141_159,s2_164_318,s3_80_160,s2_2_4
1895,s2_885_1695,s2_n103_99,s4_n40_7,s1_below_4282,s4_4_5,s4_2005_2007,s3_2075_3730,s4_37_47,Passenger Car,s2_11_28,Deployed,s2_97_208,s1_below_1,Female,s2_37_80,s3_141_159,s2_164_318,s3_80_160,s2_2_4
1896,s2_885_1695,s2_n103_99,s4_n40_7,s1_below_4282,s1_below_2,s1_below_2001,s2_760_2075,s5_47_57,Truck (<=6000 lbs.),s3_28_48,Deployed,s2_97_208,s2_1_2,Female,s2_37_80,s3_141_159,s2_164_318,s3_80_160,s2_2_4
1897,s2_885_1695,s2_n103_99,s4_n40_7,s1_below_4282,s1_below_2,s3_2003_2005,s2_760_2075,s5_47_57,Passenger Car,s2_11_28,Not Deployed,s2_97_208,s1_below_1,Male,s3_80_96,s3_141_159,s2_164_318,s3_80_160,s2_2_4
1898,s2_885_1695,s2_n103_99,s4_n40_7,s1_below_4282,s3_3_4,s1_below_2001,s2_760_2075,s4_37_47,Passenger Car,s2_11_28,Not Deployed,s2_97_208,s1_below_1,Male,s3_80_96,s3_141_159,s2_164_318,s4_160_220,s2_2_4
1899,s3_1695_2555,s2_n103_99,s4_n40_7,s1_below_4282,s3_3_4,s4_2005_2007,s2_760_2075,s4_37_47,Truck (<=6000 lbs.),s3_28_48,Deployed,s2_97_208,s1_below_1,Female,s3_80_96,s5_169_179,s2_164_318,s3_80_160,s3_4_5
1900,s2_885_1695,s2_n103_99,s4_n40_7,s1_below_4282,s2_2_3,s3_2003_2005,s2_760_2075,s6_57_up,Passenger Car,s2_11_28,Deployed,s2_97_208,s1_below_1,Male,s4_96_114,s3_141_159,s2_164_318,s3_80_160,s2_2_4
1901,s2_885_1695,s2_n103_99,s4_n40_7,s1_below_4282,s2_2_3,s2_2001_2003,s2_760_2075,s3_17_37,Passenger Car,s3_28_48,Not Deployed,s2_97_208,s6_5_up,Female,s4_96_114,s3_141_159,s2_164_318,s2_40_80,s2_2_4
1902,s2_885_1695,s2_n103_99,s4_n40_7,s1_below_4282,s3_3_4,s4_2005_2007,s2_760_2075,s2_7_17,Truck (<=6000 lbs.),s4_48_64,Not Deployed,s2_97_208,s1_below_1,Female,s2_37_80,s3_141_159,s2_164_318,s4_160_220,s2_2_4
1903,s2_885_1695,s2_n103_99,s4_n40_7,s1_below_4282,s3_3_4,s4_2005_2007,s2_760_2075,s3_17_37,Passenger Car,s3_28_48,Deployed,s2_97_208,s1_below_1,Male,s3_80_96,s3_141_159,s2_164_318,s3_80_160,s2_2_4
1904,s2_885_1695,s2_n103_99,s4_n40_7,s1_below_4282,s2_2_3,s2_2001_2003,s2_760_2075,s3_17_37,Passenger Car,s4_48_64,Deployed,s2_97_208,s1_below_1,Female,s5_114_130,s3_141_159,s2_164_318,s3_80_160,s2_2_4
1905,s2_885_1695,s2_n103_99,s4_n40_7,s1_below_4282,s4_4_5,s1_below_2001,s3_2075_3730,s4_37_47,Passenger Car,s4_48_64,Deployed,s2_97_208,s1_below_1,Male,s3_80_96,s3_141_159,s2_164_318,s4_160_220,s2_2_4
1906,s2_885_1695,s2_n103_99,s5_7_up,s1_below_4282,s1_below_2,s5_2007_2009,s2_760_2075,s5_47_57,Passenger Car,s4_48_64,Not Deployed,s2_97_208,s1_below_1,Female,s2_37_80,s3_141_159,s2_164_318,s4_160_220,s2_2_4
1907,s2_885_1695,s2_n103_99,s5_7_up,s1_below_4282,s2_2_3,s1_below_2001,s2_760_2075,s6_57_up,Passenger Car,s4_48_64,Not Deployed,s2_97_208,s1_below_1,Male,s4_96_114,s3_141_159,s2_164_318,s6_260_up,s2_2_4
1908,s2_885_1695,s2_n103_99,s4_n40_7,s1_below_4282,s4_4_5,s5_2007_2009,s2_760_2075,s4_37_47,Passenger Car,s2_11_28,Not Deployed,s2_97_208,s1_below_1,Female,s2_37_80,s3_141_159,s2_164_318,s4_160_220,s2_2_4
1909,s3_1695_2555,s2_n103_99,s5_7_up,s1_below_4282,s2_2_3,s1_below_2001,s2_760_2075,s6_57_up,Passenger Car,s2_11_28,Not Deployed,s2_97_208,s1_below_1,Female,s2_37_80,s3_141_159,s2_164_318,s6_260_up,s2_2_4
1910,s2_885_1695,s2_n103_99,s4_n40_7,s1_below_4282,s2_2_3,s3_2003_2005,s2_760_2075,s1_below_7,Passenger Car,s2_11_28,Not Deployed,s2_97_208,s1_below_1,Male,s5_114_130,s3_141_159,s2_164_318,s3_80_160,s2_2_4
1911,s3_1695_2555,s2_n103_99,s4_n40_7,s1_below_4282,s1_below_2,s2_2001_2003,s2_760_2075,s3_17_37,Truck (<=10000 lbs.),s5_64_76,Not Deployed,s2_97_208,s1_below_1,Male,s5_114_130,s4_159_169,s3_318_464,s4_160_220,s4_5_6
1912,s2_885_1695,s2_n103_99,s3_n81_n40,s1_below_4282,s1_below_2,s4_2005_2007,s3_2075_3730,s3_17_37,Passenger Car,s2_11_28,Deployed,s2_97_208,s3_2_3,Female,s2_37_80,s3_141_159,s2_164_318,s3_80_160,s2_2_4
1913,s2_885_1695,s2_n103_99,s4_n40_7,s1_below_4282,s4_4_5,s5_2007_2009,s2_760_2075,s4_37_47,Passenger Car,s4_48_64,Deployed,s2_97_208,s1_below_1,Female,s2_37_80,s3_141_159,s2_164_318,s3_80_160,s2_2_4
1914,s3_1695_2555,s2_n103_99,s4_n40_7,s1_below_4282,s2_2_3,s4_2005_2007,s2_760_2075,s4_37_47,Truck (<=6000 lbs.),s3_28_48,Not Deployed,s2_97_208,s1_below_1,Male,s4_96_114,s4_159_169,s2_164_318,s3_80_160,s2_2_4
1915,s3_1695_2555,s2_n103_99,s4_n40_7,s1_below_4282,s5_5_6,s3_2003_2005,s2_760_2075,s4_37_47,Truck (<=6000 lbs.),s5_64_76,Not Deployed,s2_97_208,s1_below_1,Female,s3_80_96,s3_141_159,s2_164_318,s3_80_160,s3_4_5
1916,s2_885_1695,s2_n103_99,s4_n40_7,s1_below_4282,s2_2_3,s5_2007_2009,s2_760_2075,s5_47_57,Passenger Car,s4_48_64,Not Deployed,s2_97_208,s2_1_2,Female,s2_37_80,s3_141_159,s2_164_318,s2_40_80,s2_2_4
1917,s2_885_1695,s2_n103_99,s3_n81_n40,s1_below_4282,s3_3_4,s4_2005_2007,s3_2075_3730,s3_17_37,Passenger Car,s3_28_48,Deployed,s2_97_208,s3_2_3,Female,s4_96_114,s3_141_159,s2_164_318,s3_80_160,s2_2_4
1918,s3_1695_2555,s2_n103_99,s4_n40_7,s1_below_4282,s4_4_5,s2_2001_2003,s3_2075_3730,s4_37_47,Truck (<=6000 lbs.),s3_28_48,Deployed,s2_97_208,s1_below_1,Female,s2_37_80,s3_141_159,s2_164_318,s3_80_160,s3_4_5
1919,s2_885_1695,s2_n103_99,s4_n40_7,s1_below_4282,s1_below_2,s1_below_2001,s2_760_2075,s2_7_17,Passenger Car,s4_48_64,Deployed,s2_97_208,s1_below_1,Female,s3_80_96,s3_141_159,s2_164_318,s3_80_160,s2_2_4
1920,s3_1695_2555,s2_n103_99,s4_n40_7,s1_below_4282,s3_3_4,s3_2003_2005,s3_2075_3730,s5_47_57,Truck (<=6000 lbs.),s3_28_48,Deployed,s2_97_208,s1_below_1,Male,s3_80_96,s3_141_159,s2_164_318,s3_80_160,s2_2_4
1921,s3_1695_2555,s2_n103_99,s5_7_up,s1_below_4282,s3_3_4,s3_2003_2005,s2_760_2075,s5_47_57,Truck (<=10000 lbs.),s3_28_48,Not Deployed,s2_97_208,s1_below_1,Male,s2_37_80,s3_141_159,s2_164_318,s6_260_up,s2_2_4
1922,s3_1695_2555,s2_n103_99,s4_n40_7,s1_below_4282,s3_3_4,s4_2005_2007,s2_760_2075,s3_17_37,Passenger Car,s4_48_64,Not Deployed,s2_97_208,s1_below_1,Female,s2_37_80,s4_159_169,s2_164_318,s4_160_220,s3_4_5
1923,s2_885_1695,s2_n103_99,s4_n40_7,s1_below_4282,s3_3_4,s3_2003_2005,s2_760_2075,s3_17_37,Passenger Car,s5_64_76,Deployed,s2_97_208,s1_below_1,Male,s2_37_80,s3_141_159,s2_164_318,s4_160_220,s2_2_4
1924,s2_885_1695,s2_n103_99,s4_n40_7,s1_below_4282,s3_3_4,s1_below_2001,s2_760_2075,s3_17_37,Passenger Car,s3_28_48,Deployed,s2_97_208,s1_below_1,Female,s4_96_114,s3_141_159,s2_164_318,s3_80_160,s2_2_4
1925,s2_885_1695,s2_n103_99,s4_n40_7,s1_below_4282,s1_below_2,s2_2001_2003,s2_760_2075,s3_17_37,Passenger Car,s2_11_28,Deployed,s2_97_208,s1_below_1,Female,s4_96_114,s3_141_159,s2_164_318,s3_80_160,s2_2_4
1926,s3_1695_2555,s2_n103_99,s4_n40_7,s1_below_4282,s5_5_6,s5_2007_2009,s2_760_2075,s5_47_57,Truck (<=6000 lbs.),s4_48_64,Deployed,s2_97_208,s1_below_1,Male,s2_37_80,s3_141_159,s2_164_318,s3_80_160,s2_2_4
1927,s2_885_1695,s2_n103_99,s4_n40_7,s1_below_4282,s4_4_5,s3_2003_2005,s2_760_2075,s4_37_47,Passenger Car,s2_11_28,Not Deployed,s2_97_208,s1_below_1,Female,s2_37_80,s3_141_159,s2_164_318,s2_40_80,s2_2_4
1928,s3_1695_2555,s2_n103_99,s4_n40_7,s1_below_4282,s1_below_2,s4_2005_2007,s2_760_2075,s4_37_47,Truck (<=6000 lbs.),s5_64_76,Not Deployed,s2_97_208,s1_below_1,Male,s5_114_130,s4_159_169,s2_164_318,s2_40_80,s3_4_5
1929,s2_885_1695,s2_n103_99,s4_n40_7,s1_below_4282,s2_2_3,s4_2005_2007,s2_760_2075,s6_57_up,Passenger Car,s2_11_28,Deployed,s2_97_208,s1_below_1,Female,s2_37_80,s3_141_159,s2_164_318,s3_80_160,s2_2_4
1930,s2_885_1695,s2_n103_99,s4_n40_7,s1_below_4282,s1_below_2,s5_2007_2009,s3_2075_3730,s3_17_37,Passenger Car,s4_48_64,Not Deployed,s2_97_208,s1_below_1,Female,s2_37_80,s3_141_159,s2_164_318,s3_80_160,s2_2_4
1931,s2_885_1695,s2_n103_99,s4_n40_7,s1_below_4282,s2_2_3,s4_2005_2007,s3_2075_3730,s6_57_up,Passenger Car,s3_28_48,Not Deployed,s2_97_208,s2_1_2,Female,s2_37_80,s3_141_159,s2_164_318,s3_80_160,s2_2_4
1932,s2_885_1695,s2_n103_99,s3_n81_n40,s1_below_4282,s2_2_3,s2_2001_2003,s3_2075_3730,s6_57_up,Passenger Car,s5_64_76,Not Deployed,s2_97_208,s1_below_1,Male,s3_80_96,s3_141_159,s2_164_318,s2_40_80,s2_2_4
1933,s2_885_1695,s2_n103_99,s3_n81_n40,s1_below_4282,s1_below_2,s2_2001_2003,s2_760_2075,s5_47_57,Passenger Car,s4_48_64,Deployed,s2_97_208,s3_2_3,Male,s2_37_80,s3_141_159,s2_164_318,s4_160_220,s2_2_4
1934,s2_885_1695,s2_n103_99,s4_n40_7,s1_below_4282,s4_4_5,s2_2001_2003,s3_2075_3730,s3_17_37,Truck (<=6000 lbs.),s2_11_28,Not Deployed,s2_97_208,s1_below_1,Male,s2_37_80,s2_116_141,s2_164_318,s2_40_80,s2_2_4
1935,s3_1695_2555,s2_n103_99,s4_n40_7,s1_below_4282,s3_3_4,s3_2003_2005,s2_760_2075,s5_47_57,Truck (<=10000 lbs.),s3_28_48,Deployed,s2_97_208,s1_below_1,Male,s3_80_96,s5_169_179,s3_318_464,s3_80_160,s4_5_6
1936,s2_885_1695,s2_n103_99,s4_n40_7,s1_below_4282,s2_2_3,s3_2003_2005,s3_2075_3730,s5_47_57,Passenger Car,s3_28_48,Not Deployed,s2_97_208,s1_below_1,Female,s3_80_96,s3_141_159,s2_164_318,s2_40_80,s2_2_4
1937,s2_885_1695,s2_n103_99,s4_n40_7,s1_below_4282,s4_4_5,s2_2001_2003,s2_760_2075,s4_37_47,Passenger Car,s2_11_28,Not Deployed,s2_97_208,s1_below_1,Female,s5_114_130,s3_141_159,s2_164_318,s3_80_160,s2_2_4
1938,s2_885_1695,s2_n103_99,s3_n81_n40,s1_below_4282,s3_3_4,s2_2001_2003,s2_760_2075,s4_37_47,Passenger Car,s2_11_28,Deployed,s2_97_208,s2_1_2,Male,s2_37_80,s3_141_159,s2_164_318,s3_80_160,s2_2_4
1939,s2_885_1695,s2_n103_99,s4_n40_7,s1_below_4282,s1_below_2,s2_2001_2003,s2_760_2075,s1_below_7,Passenger Car,s6_76_up,Not Deployed,s2_97_208,s1_below_1,Female,s2_37_80,s3_141_159,s2_164_318,s2_40_80,s2_2_4
1940,s2_885_1695,s2_n103_99,s4_n40_7,s1_below_4282,s2_2_3,s3_2003_2005,s2_760_2075,s4_37_47,Passenger Car,s2_11_28,Not Deployed,s2_97_208,s1_below_1,Female,s2_37_80,s3_141_159,s2_164_318,s3_80_160,s2_2_4
1941,s2_885_1695,s2_n103_99,s4_n40_7,s1_below_4282,s4_4_5,s1_below_2001,s2_760_2075,s4_37_47,Passenger Car,s2_11_28,Not Deployed,s2_97_208,s1_below_1,Female,s3_80_96,s3_141_159,s2_164_318,s4_160_220,s2_2_4
1942,s3_1695_2555,s2_n103_99,s4_n40_7,s1_below_4282,s5_5_6,s1_below_2001,s2_760_2075,s4_37_47,Truck (<=6000 lbs.),s2_11_28,Deployed,s2_97_208,s1_below_1,Female,s2_37_80,s4_159_169,s2_164_318,s3_80_160,s2_2_4
1943,s2_885_1695,s2_n103_99,s4_n40_7,s1_below_4282,s2_2_3,s4_2005_2007,s2_760_2075,s3_17_37,Passenger Car,s5_64_76,Not Deployed,s2_97_208,s1_below_1,Male,s2_37_80,s3_141_159,s2_164_318,s2_40_80,s2_2_4
1944,s2_885_1695,s2_n103_99,s4_n40_7,s1_below_4282,s1_below_2,s3_2003_2005,s3_2075_3730,s4_37_47,Passenger Car,s6_76_up,Deployed,s2_97_208,s3_2_3,Male,s2_37_80,s3_141_159,s2_164_318,s3_80_160,s2_2_4
1945,s3_1695_2555,s2_n103_99,s4_n40_7,s1_below_4282,s1_below_2,s3_2003_2005,s2_760_2075,s4_37_47,Truck (<=10000 lbs.),s4_48_64,Not Deployed,s2_97_208,s1_below_1,Male,s3_80_96,s4_159_169,s3_318_464,s4_160_220,s4_5_6
1946,s2_885_1695,s2_n103_99,s4_n40_7,s1_below_4282,s1_below_2,s4_2005_2007,s2_760_2075,s5_47_57,Passenger Car,s4_48_64,Deployed,s2_97_208,s2_1_2,Female,s2_37_80,s3_141_159,s2_164_318,s3_80_160,s2_2_4
1947,s2_885_1695,s2_n103_99,s4_n40_7,s1_below_4282,s5_5_6,s3_2003_2005,s2_760_2075,s4_37_47,Passenger Car,s3_28_48,Not Deployed,s2_97_208,s1_below_1,Female,s2_37_80,s3_141_159,s2_164_318,s3_80_160,s2_2_4
1948,s2_885_1695,s2_n103_99,s4_n40_7,s1_below_4282,s4_4_5,s5_2007_2009,s2_760_2075,s4_37_47,Passenger Car,s5_64_76,Deployed,s2_97_208,s1_below_1,Male,s4_96_114,s3_141_159,s2_164_318,s3_80_160,s2_2_4
1949,s2_885_1695,s2_n103_99,s4_n40_7,s1_below_4282,s2_2_3,s5_2007_2009,s2_760_2075,s3_17_37,Passenger Car,s3_28_48,Not Deployed,s2_97_208,s1_below_1,Male,s3_80_96,s3_141_159,s2_164_318,s2_40_80,s2_2_4
1950,s2_885_1695,s2_n103_99,s4_n40_7,s1_below_4282,s1_below_2,s2_2001_2003,s2_760_2075,s4_37_47,Passenger Car,s3_28_48,Deployed,s2_97_208,s1_below_1,Male,s4_96_114,s3_141_159,s2_164_318,s4_160_220,s2_2_4
1951,s2_885_1695,s2_n103_99,s5_7_up,s1_below_4282,s4_4_5,s4_2005_2007,s3_2075_3730,s4_37_47,Passenger Car,s4_48_64,Not Deployed,s2_97_208,s1_below_1,Male,s3_80_96,s3_141_159,s2_164_318,s6_260_up,s2_2_4
1952,s2_885_1695,s2_n103_99,s4_n40_7,s1_below_4282,s4_4_5,s3_2003_2005,s2_760_2075,s4_37_47,Passenger Car,s3_28_48,Not Deployed,s2_97_208,s1_below_1,Female,s2_37_80,s3_141_159,s2_164_318,s3_80_160,s2_2_4
1953,s2_885_1695,s2_n103_99,s4_n40_7,s1_below_4282,s2_2_3,s2_2001_2003,s2_760_2075,s4_37_47,Passenger Car,s5_64_76,Not Deployed,s2_97_208,s1_below_1,Female,s3_80_96,s3_141_159,s2_164_318,s3_80_160,s2_2_4
1954,s2_885_1695,s2_n103_99,s4_n40_7,s1_below_4282,s4_4_5,s4_2005_2007,s2_760_2075,s4_37_47,Passenger Car,s3_28_48,Not Deployed,s2_97_208,s1_below_1,Female,s3_80_96,s3_141_159,s2_164_318,s4_160_220,s2_2_4
1955,s2_885_1695,s2_n103_99,s4_n40_7,s1_below_4282,s2_2_3,s3_2003_2005,s2_760_2075,s6_57_up,Truck (<=6000 lbs.),s2_11_28,Deployed,s2_97_208,s1_below_1,Male,s2_37_80,s3_141_159,s3_318_464,s3_80_160,s3_4_5
1956,s2_885_1695,s2_n103_99,s3_n81_n40,s1_below_4282,s3_3_4,s5_2007_2009,s2_760_2075,s5_47_57,Passenger Car,s3_28_48,Deployed,s2_97_208,s1_below_1,Female,s2_37_80,s3_141_159,s2_164_318,s3_80_160,s2_2_4
1957,s2_885_1695,s2_n103_99,s4_n40_7,s1_below_4282,s4_4_5,s4_2005_2007,s2_760_2075,s4_37_47,Truck (<=6000 lbs.),s3_28_48,Deployed,s2_97_208,s1_below_1,Female,s2_37_80,s3_141_159,s2_164_318,s3_80_160,s2_2_4
1958,s2_885_1695,s2_n103_99,s4_n40_7,s1_below_4282,s1_below_2,s2_2001_2003,s2_760_2075,s3_17_37,Passenger Car,s3_28_48,Deployed,s2_97_208,s1_below_1,Female,s2_37_80,s3_141_159,s2_164_318,s3_80_160,s2_2_4
1959,s2_885_1695,s2_n103_99,s4_n40_7,s1_below_4282,s4_4_5,s4_2005_2007,s2_760_2075,s3_17_37,Passenger Car,s2_11_28,Not Deployed,s2_97_208,s1_below_1,Male,s2_37_80,s3_141_159,s2_164_318,s3_80_160,s2_2_4
1960,s2_885_1695,s2_n103_99,s4_n40_7,s1_below_4282,s1_below_2,s5_2007_2009,s3_2075_3730,s3_17_37,Truck (<=6000 lbs.),s3_28_48,Deployed,s2_97_208,s1_below_1,Male,s4_96_114,s3_141_159,s2_164_318,s4_160_220,s2_2_4
1961,s3_1695_2555,s2_n103_99,s4_n40_7,s1_below_4282,s3_3_4,s4_2005_2007,s2_760_2075,s4_37_47,Truck (<=10000 lbs.),s4_48_64,Not Deployed,s2_97_208,s1_below_1,Female,s2_37_80,s5_169_179,s3_318_464,s3_80_160,s4_5_6
1962,s2_885_1695,s2_n103_99,s4_n40_7,s1_below_4282,s2_2_3,s2_2001_2003,s2_760_2075,s6_57_up,Passenger Car,s2_11_28,Deployed,s2_97_208,s1_below_1,Male,s2_37_80,s3_141_159,s2_164_318,s3_80_160,s2_2_4
1963,s2_885_1695,s2_n103_99,s4_n40_7,s1_below_4282,s1_below_2,s2_2001_2003,s2_760_2075,s5_47_57,Passenger Car,s5_64_76,Not Deployed,s2_97_208,s1_below_1,Female,s2_37_80,s3_141_159,s2_164_318,s2_40_80,s2_2_4
1964,s2_885_1695,s2_n103_99,s3_n81_n40,s1_below_4282,s4_4_5,s5_2007_2009,s3_2075_3730,s4_37_47,Truck (<=6000 lbs.),s3_28_48,Deployed,s2_97_208,s1_below_1,Female,s2_37_80,s3_141_159,s2_164_318,s3_80_160,s2_2_4
1965,s3_1695_2555,s2_n103_99,s4_n40_7,s1_below_4282,s5_5_6,s1_below_2001,s2_760_2075,s4_37_47,Truck (<=10000 lbs.),s2_11_28,Deployed,s2_97_208,s1_below_1,Male,s3_80_96,s3_141_159,s2_164_318,s3_80_160,s2_2_4
1966,s3_1695_2555,s2_n103_99,s4_n40_7,s1_below_4282,s2_2_3,s3_2003_2005,s3_2075_3730,s4_37_47,Truck (<=10000 lbs.),s3_28_48,Not Deployed,s2_97_208,s1_below_1,Male,s4_96_114,s4_159_169,s3_318_464,s2_40_80,s5_6_7
1967,s3_1695_2555,s2_n103_99,s4_n40_7,s1_below_4282,s4_4_5,s3_2003_2005,s3_2075_3730,s4_37_47,Truck (<=10000 lbs.),s3_28_48,Not Deployed,s2_97_208,s1_below_1,Male,s6_130_up,s5_169_179,s3_318_464,s3_80_160,s4_5_6
1968,s3_1695_2555,s2_n103_99,s4_n40_7,s1_below_4282,s1_below_2,s3_2003_2005,s2_760_2075,s4_37_47,Truck (<=10000 lbs.),s3_28_48,Not Deployed,s2_97_208,s1_below_1,Male,s4_96_114,s5_169_179,s3_318_464,s3_80_160,s5_6_7
1969,s3_1695_2555,s2_n103_99,s4_n40_7,s1_below_4282,s5_5_6,s4_2005_2007,s2_760_2075,s4_37_47,Truck (<=6000 lbs.),s3_28_48,Not Deployed,s2_97_208,s1_below_1,Female,s4_96_114,s3_141_159,s2_164_318,s3_80_160,s2_2_4
1970,s2_885_1695,s2_n103_99,s5_7_up,s1_below_4282,s5_5_6,s4_2005_2007,s2_760_2075,s4_37_47,Passenger Car,s4_48_64,Not Deployed,s2_97_208,s1_below_1,Female,s2_37_80,s3_141_159,s2_164_318,s6_260_up,s2_2_4
1971,s3_1695_2555,s2_n103_99,s5_7_up,s1_below_4282,s3_3_4,s4_2005_2007,s2_760_2075,s4_37_47,Passenger Car,s4_48_64,Not Deployed,s2_97_208,s1_below_1,Male,s2_37_80,s3_141_159,s2_164_318,s4_160_220,s3_4_5
1972,s2_885_1695,s2_n103_99,s4_n40_7,s1_below_4282,s1_below_2,s4_2005_2007,s2_760_2075,s4_37_47,Truck (<=6000 lbs.),s4_48_64,Deployed,s2_97_208,s1_below_1,Female,s2_37_80,s3_141_159,s2_164_318,s3_80_160,s2_2_4
1973,s2_885_1695,s2_n103_99,s4_n40_7,s1_below_4282,s4_4_5,s4_2005_2007,s3_2075_3730,s3_17_37,Truck (<=6000 lbs.),s5_64_76,Not Deployed,s2_97_208,s1_below_1,Male,s2_37_80,s3_141_159,s2_164_318,s2_40_80,s2_2_4
1974,s3_1695_2555,s2_n103_99,s4_n40_7,s1_below_4282,s4_4_5,s3_2003_2005,s3_2075_3730,s4_37_47,Truck (<=6000 lbs.),s3_28_48,Deployed,s2_97_208,s1_below_1,Female,s2_37_80,s4_159_169,s2_164_318,s3_80_160,s2_2_4
1975,s2_885_1695,s2_n103_99,s4_n40_7,s1_below_4282,s1_below_2,s3_2003_2005,s2_760_2075,s4_37_47,Passenger Car,s2_11_28,Deployed,s2_97_208,s1_below_1,Female,s2_37_80,s3_141_159,s2_164_318,s3_80_160,s2_2_4
1976,s2_885_1695,s2_n103_99,s4_n40_7,s1_below_4282,s2_2_3,s2_2001_2003,s2_760_2075,s6_57_up,Passenger Car,s2_11_28,Deployed,s2_97_208,s1_below_1,Female,s4_96_114,s3_141_159,s2_164_318,s3_80_160,s2_2_4
1977,s2_885_1695,s2_n103_99,s4_n40_7,s1_below_4282,s3_3_4,s2_2001_2003,s2_760_2075,s4_37_47,Passenger Car,s6_76_up,Deployed,s2_97_208,s1_below_1,Male,s2_37_80,s3_141_159,s2_164_318,s3_80_160,s2_2_4
1978,s2_885_1695,s2_n103_99,s4_n40_7,s1_below_4282,s3_3_4,s2_2001_2003,s2_760_2075,s4_37_47,Passenger Car,s6_76_up,Deployed,s2_97_208,s1_below_1,Female,s3_80_96,s3_141_159,s2_164_318,s3_80_160,s2_2_4
1979,s3_1695_2555,s2_n103_99,s4_n40_7,s1_below_4282,s5_5_6,s3_2003_2005,s2_760_2075,s4_37_47,Truck (<=6000 lbs.),s6_76_up,Not Deployed,s2_97_208,s1_below_1,Female,s2_37_80,s3_141_159,s2_164_318,s3_80_160,s3_4_5
1980,s2_885_1695,s2_n103_99,s4_n40_7,s1_below_4282,s2_2_3,s4_2005_2007,s2_760_2075,s3_17_37,Passenger Car,s4_48_64,Not Deployed,s2_97_208,s1_below_1,Female,s2_37_80,s3_141_159,s2_164_318,s4_160_220,s2_2_4
1981,s3_1695_2555,s2_n103_99,s4_n40_7,s1_below_4282,s1_below_2,s3_2003_2005,s2_760_2075,s3_17_37,Truck (<=10000 lbs.),s3_28_48,Not Deployed,s2_97_208,s1_below_1,Female,s2_37_80,s3_141_159,s3_318_464,s3_80_160,s3_4_5
1982,s2_885_1695,s2_n103_99,s4_n40_7,s1_below_4282,s4_4_5,s4_2005_2007,s2_760_2075,s3_17_37,Passenger Car,s2_11_28,Deployed,s2_97_208,s1_below_1,Male,s2_37_80,s3_141_159,s2_164_318,s3_80_160,s2_2_4
1983,s2_885_1695,s2_n103_99,s4_n40_7,s1_below_4282,s4_4_5,s4_2005_2007,s2_760_2075,s4_37_47,Passenger Car,s5_64_76,Deployed,s2_97_208,s2_1_2,Female,s2_37_80,s3_141_159,s2_164_318,s3_80_160,s2_2_4
1984,s2_885_1695,s2_n103_99,s4_n40_7,s1_below_4282,s4_4_5,s4_2005_2007,s3_2075_3730,s3_17_37,Truck (<=6000 lbs.),s5_64_76,Not Deployed,s2_97_208,s1_below_1,Female,s2_37_80,s3_141_159,s2_164_318,s4_160_220,s2_2_4
1985,s3_1695_2555,s2_n103_99,s5_7_up,s1_below_4282,s4_4_5,s5_2007_2009,s2_760_2075,s3_17_37,Truck (<=6000 lbs.),s3_28_48,Not Deployed,s2_97_208,s1_below_1,Female,s3_80_96,s3_141_159,s2_164_318,s1_below_40,s2_2_4
1986,s2_885_1695,s2_n103_99,s4_n40_7,s1_below_4282,s3_3_4,s4_2005_2007,s3_2075_3730,s3_17_37,Passenger Car,s4_48_64,Deployed,s2_97_208,s2_1_2,Female,s4_96_114,s3_141_159,s2_164_318,s3_80_160,s2_2_4
1987,s2_885_1695,s2_n103_99,s4_n40_7,s1_below_4282,s4_4_5,s5_2007_2009,s3_2075_3730,s4_37_47,Passenger Car,s2_11_28,Deployed,s2_97_208,s1_below_1,Female,s2_37_80,s3_141_159,s2_164_318,s3_80_160,s2_2_4
1988,s2_885_1695,s2_n103_99,s4_n40_7,s1_below_4282,s1_below_2,s4_2005_2007,s2_760_2075,s5_47_57,Passenger Car,s2_11_28,Not Deployed,s2_97_208,s1_below_1,Male,s3_80_96,s3_141_159,s2_164_318,s3_80_160,s2_2_4
1989,s3_1695_2555,s2_n103_99,s4_n40_7,s1_below_4282,s1_below_2,s1_below_2001,s2_760_2075,s4_37_47,Passenger Car,s4_48_64,Deployed,s2_97_208,s1_below_1,Female,s2_37_80,s3_141_159,s2_164_318,s4_160_220,s2_2_4
1990,s2_885_1695,s2_n103_99,s4_n40_7,s1_below_4282,s2_2_3,s4_2005_2007,s2_760_2075,s4_37_47,Truck (<=6000 lbs.),s3_28_48,Deployed,s2_97_208,s3_2_3,Male,s5_114_130,s3_141_159,s2_164_318,s2_40_80,s2_2_4
1991,s2_885_1695,s2_n103_99,s4_n40_7,s1_below_4282,s2_2_3,s4_2005_2007,s2_760_2075,s3_17_37,Passenger Car,s4_48_64,Deployed,s2_97_208,s1_below_1,Male,s6_130_up,s3_141_159,s2_164_318,s2_40_80,s2_2_4
1992,s2_885_1695,s2_n103_99,s4_n40_7,s1_below_4282,s3_3_4,s2_2001_2003,s2_760_2075,s3_17_37,Passenger Car,s5_64_76,Not Deployed,s2_97_208,s1_below_1,Female,s2_37_80,s3_141_159,s2_164_318,s4_160_220,s2_2_4
1993,s3_1695_2555,s2_n103_99,s4_n40_7,s1_below_4282,s1_below_2,s4_2005_2007,s2_760_2075,s4_37_47,Truck (<=6000 lbs.),s2_11_28,Deployed,s2_97_208,s1_below_1,Female,s2_37_80,s3_141_159,s2_164_318,s3_80_160,s3_4_5
1994,s2_885_1695,s2_n103_99,s4_n40_7,s1_below_4282,s1_below_2,s3_2003_2005,s2_760_2075,s5_47_57,Truck (<=6000 lbs.),s6_76_up,Deployed,s2_97_208,s3_2_3,Male,s3_80_96,s3_141_159,s2_164_318,s3_80_160,s2_2_4
1995,s3_1695_2555,s2_n103_99,s4_n40_7,s1_below_4282,s1_below_2,s1_below_2001,s2_760_2075,s5_47_57,Truck (<=6000 lbs.),s4_48_64,Deployed,s2_97_208,s1_below_1,Male,s2_37_80,s3_141_159,s3_318_464,s3_80_160,s3_4_5
1996,s2_885_1695,s2_n103_99,s3_n81_n40,s1_below_4282,s4_4_5,s2_2001_2003,s2_760_2075,s4_37_47,Passenger Car,s2_11_28,Deployed,s2_97_208,s1_below_1,Male,s3_80_96,s3_141_159,s2_164_318,s3_80_160,s2_2_4
1997,s3_1695_2555,s2_n103_99,s3_n81_n40,s1_below_4282,s5_5_6,s1_below_2001,s3_2075_3730,s4_37_47,Truck (<=6000 lbs.),s3_28_48,Deployed,s2_97_208,s1_below_1,Male,s3_80_96,s4_159_169,s2_164_318,s2_40_80,s2_2_4
1998,s4_2555_3715,s2_n103_99,s4_n40_7,s1_below_4282,s1_below_2,s2_2001_2003,s2_760_2075,s4_37_47,Truck (<=10000 lbs.),s3_28_48,Not Deployed,s2_97_208,s1_below_1,Male,s6_130_up,s5_169_179,s3_318_464,s3_80_160,s4_5_6
1999,s2_885_1695,s2_n103_99,s5_7_up,s1_below_4282,s1_below_2,s4_2005_2007,s2_760_2075,s4_37_47,Truck (<=6000 lbs.),s5_64_76,Not Deployed,s2_97_208,s1_below_1,Male,s3_80_96,s3_141_159,s2_164_318,s6_260_up,s2_2_4
2000,s3_1695_2555,s2_n103_99,s4_n40_7,s1_below_4282,s2_2_3,s2_2001_2003,s2_760_2075,s6_57_up,Truck (<=6000 lbs.),s2_11_28,Not Deployed,s2_97_208,s1_below_1,Female,s5_114_130,s3_141_159,s2_164_318,s3_80_160,s2_2_4
2001,s2_885_1695,s2_n103_99,s4_n40_7,s1_below_4282,s1_below_2,s2_2001_2003,s2_760_2075,s3_17_37,Passenger Car,s3_28_48,Deployed,s2_97_208,s1_below_1,Female,s2_37_80,s3_141_159,s2_164_318,s3_80_160,s2_2_4
2002,s3_1695_2555,s2_n103_99,s4_n40_7,s1_below_4282,s1_below_2,s5_2007_2009,s2_760_2075,s5_47_57,Truck (<=10000 lbs.),s3_28_48,Deployed,s2_97_208,s1_below_1,Male,s2_37_80,s5_169_179,s3_318_464,s3_80_160,s4_5_6
2003,s2_885_1695,s2_n103_99,s4_n40_7,s1_below_4282,s3_3_4,s1_below_2001,s2_760_2075,s4_37_47,Passenger Car,s2_11_28,Deployed,s2_97_208,s1_below_1,Female,s2_37_80,s3_141_159,s2_164_318,s3_80_160,s2_2_4
2004,s2_885_1695,s2_n103_99,s4_n40_7,s1_below_4282,s4_4_5,s2_2001_2003,s2_760_2075,s3_17_37,Passenger Car,s4_48_64,Deployed,s2_97_208,s1_below_1,Male,s2_37_80,s3_141_159,s2_164_318,s3_80_160,s2_2_4
2005,s3_1695_2555,s2_n103_99,s4_n40_7,s1_below_4282,s3_3_4,s2_2001_2003,s2_760_2075,s3_17_37,Truck (<=6000 lbs.),s4_48_64,Deployed,s2_97_208,s1_below_1,Female,s2_37_80,s4_159_169,s2_164_318,s3_80_160,s2_2_4
2006,s3_1695_2555,s2_n103_99,s4_n40_7,s1_below_4282,s1_below_2,s3_2003_2005,s2_760_2075,s3_17_37,Truck (<=6000 lbs.),s2_11_28,Deployed,s2_97_208,s4_3_4,Male,s2_37_80,s4_159_169,s2_164_318,s3_80_160,s2_2_4
2007,s3_1695_2555,s2_n103_99,s4_n40_7,s1_below_4282,s4_4_5,s4_2005_2007,s2_760_2075,s4_37_47,Truck (<=6000 lbs.),s4_48_64,Deployed,s2_97_208,s1_below_1,Male,s3_80_96,s3_141_159,s3_318_464,s2_40_80,s3_4_5
2008,s2_885_1695,s2_n103_99,s4_n40_7,s1_below_4282,s3_3_4,s5_2007_2009,s2_760_2075,s4_37_47,Passenger Car,s6_76_up,Deployed,s2_97_208,s1_below_1,Female,s2_37_80,s3_141_159,s2_164_318,s3_80_160,s2_2_4
2009,s3_1695_2555,s2_n103_99,s4_n40_7,s1_below_4282,s1_below_2,s2_2001_2003,s3_2075_3730,s5_47_57,Truck (<=6000 lbs.),s2_11_28,Not Deployed,s2_97_208,s1_below_1,Female,s6_130_up,s3_141_159,s2_164_318,s4_160_220,s2_2_4
2010,s4_2555_3715,s2_n103_99,s4_n40_7,s1_below_4282,s2_2_3,s2_2001_2003,s2_760_2075,s4_37_47,Truck (<=10000 lbs.),s3_28_48,Not Deployed,s2_97_208,s1_below_1,Male,s3_80_96,s4_159_169,s3_318_464,s3_80_160,s4_5_6
2011,s3_1695_2555,s2_n103_99,s4_n40_7,s1_below_4282,s4_4_5,s4_2005_2007,s2_760_2075,s4_37_47,Truck (<=6000 lbs.),s3_28_48,Deployed,s2_97_208,s1_below_1,Female,s5_114_130,s4_159_169,s2_164_318,s4_160_220,s3_4_5
2012,s2_885_1695,s2_n103_99,s4_n40_7,s1_below_4282,s3_3_4,s3_2003_2005,s2_760_2075,s3_17_37,Passenger Car,s3_28_48,Deployed,s2_97_208,s1_below_1,Male,s4_96_114,s3_141_159,s2_164_318,s2_40_80,s2_2_4
2013,s2_885_1695,s2_n103_99,s4_n40_7,s1_below_4282,s2_2_3,s2_2001_2003,s3_2075_3730,s6_57_up,Passenger Car,s3_28_48,Deployed,s2_97_208,s1_below_1,Female,s4_96_114,s3_141_159,s2_164_318,s3_80_160,s2_2_4
2014,s2_885_1695,s2_n103_99,s4_n40_7,s1_below_4282,s5_5_6,s2_2001_2003,s2_760_2075,s4_37_47,Passenger Car,s2_11_28,Deployed,s2_97_208,s2_1_2,Male,s2_37_80,s3_141_159,s2_164_318,s4_160_220,s2_2_4
2015,s2_885_1695,s2_n103_99,s4_n40_7,s1_below_4282,s3_3_4,s5_2007_2009,s2_760_2075,s3_17_37,Passenger Car,s2_11_28,Not Deployed,s2_97_208,s1_below_1,Male,s3_80_96,s3_141_159,s2_164_318,s3_80_160,s2_2_4
2016,s3_1695_2555,s2_n103_99,s4_n40_7,s1_below_4282,s3_3_4,s2_2001_2003,s3_2075_3730,s3_17_37,Truck (<=10000 lbs.),s3_28_48,Not Deployed,s2_97_208,s1_below_1,Male,s2_37_80,s5_169_179,s3_318_464,s4_160_220,s4_5_6
2017,s2_885_1695,s2_n103_99,s4_n40_7,s1_below_4282,s4_4_5,s2_2001_2003,s2_760_2075,s4_37_47,Passenger Car,s2_11_28,Not Deployed,s2_97_208,s1_below_1,Male,s2_37_80,s3_141_159,s2_164_318,s3_80_160,s2_2_4
2018,s3_1695_2555,s2_n103_99,s3_n81_n40,s1_below_4282,s5_5_6,s5_2007_2009,s2_760_2075,s4_37_47,Truck (<=6000 lbs.),s3_28_48,Deployed,s2_97_208,s1_below_1,Female,s3_80_96,s3_141_159,s2_164_318,s2_40_80,s3_4_5
2019,s3_1695_2555,s2_n103_99,s4_n40_7,s1_below_4282,s3_3_4,s1_below_2001,s2_760_2075,s4_37_47,Truck (<=6000 lbs.),s4_48_64,Not Deployed,s2_97_208,s1_below_1,Female,s3_80_96,s3_141_159,s2_164_318,s3_80_160,s2_2_4
2020,s2_885_1695,s2_n103_99,s4_n40_7,s1_below_4282,s1_below_2,s5_2007_2009,s3_2075_3730,s4_37_47,Passenger Car,s4_48_64,Not Deployed,s2_97_208,s1_below_1,Male,s4_96_114,s3_141_159,s2_164_318,s4_160_220,s2_2_4
2021,s2_885_1695,s2_n103_99,s4_n40_7,s1_below_4282,s4_4_5,s4_2005_2007,s3_2075_3730,s4_37_47,Passenger Car,s4_48_64,Not Deployed,s2_97_208,s1_below_1,Female,s2_37_80,s3_141_159,s2_164_318,s3_80_160,s2_2_4
2022,s3_1695_2555,s2_n103_99,s4_n40_7,s1_below_4282,s4_4_5,s4_2005_2007,s2_760_2075,s4_37_47,Truck (<=6000 lbs.),s2_11_28,Not Deployed,s2_97_208,s1_below_1,Female,s3_80_96,s3_141_159,s2_164_318,s3_80_160,s2_2_4
2023,s2_885_1695,s2_n103_99,s4_n40_7,s1_below_4282,s4_4_5,s3_2003_2005,s2_760_2075,s4_37_47,Passenger Car,s2_11_28,Deployed,s2_97_208,s1_below_1,Female,s2_37_80,s3_141_159,s2_164_318,s3_80_160,s2_2_4
2024,s4_2555_3715,s2_n103_99,s4_n40_7,s1_below_4282,s2_2_3,s4_2005_2007,s2_760_2075,s5_47_57,Truck (<=10000 lbs.),s4_48_64,Deployed,s2_97_208,s1_below_1,Female,s4_96_114,s5_169_179,s2_164_318,s3_80_160,s3_4_5
2025,s2_885_1695,s2_n103_99,s4_n40_7,s1_below_4282,s3_3_4,s3_2003_2005,s2_760_2075,s3_17_37,Passenger Car,s2_11_28,Deployed,s2_97_208,s1_below_1,Male,s2_37_80,s3_141_159,s2_164_318,s3_80_160,s2_2_4
2026,s2_885_1695,s2_n103_99,s4_n40_7,s1_below_4282,s3_3_4,s3_2003_2005,s2_760_2075,s4_37_47,Truck (<=6000 lbs.),s4_48_64,Deployed,s2_97_208,s1_below_1,Male,s4_96_114,s3_141_159,s2_164_318,s4_160_220,s2_2_4
2027,s2_885_1695,s2_n103_99,s4_n40_7,s1_below_4282,s3_3_4,s4_2005_2007,s2_760_2075,s3_17_37,Passenger Car,s4_48_64,Not Deployed,s2_97_208,s1_below_1,Male,s3_80_96,s3_141_159,s2_164_318,s3_80_160,s2_2_4
2028,s2_885_1695,s2_n103_99,s3_n81_n40,s1_below_4282,s2_2_3,s5_2007_2009,s2_760_2075,s6_57_up,Truck (<=6000 lbs.),s3_28_48,Deployed,s2_97_208,s3_2_3,Female,s2_37_80,s3_141_159,s2_164_318,s3_80_160,s2_2_4
2029,s2_885_1695,s2_n103_99,s4_n40_7,s1_below_4282,s1_below_2,s2_2001_2003,s2_760_2075,s3_17_37,Passenger Car,s3_28_48,Deployed,s2_97_208,s1_below_1,Female,s2_37_80,s3_141_159,s2_164_318,s3_80_160,s2_2_4
2030,s2_885_1695,s2_n103_99,s5_7_up,s1_below_4282,s1_below_2,s3_2003_2005,s2_760_2075,s5_47_57,Passenger Car,s3_28_48,Not Deployed,s2_97_208,s1_below_1,Female,s2_37_80,s3_141_159,s2_164_318,s6_260_up,s2_2_4
2031,s2_885_1695,s2_n103_99,s4_n40_7,s1_below_4282,s4_4_5,s3_2003_2005,s2_760_2075,s5_47_57,Passenger Car,s4_48_64,Deployed,s2_97_208,s1_below_1,Female,s2_37_80,s3_141_159,s2_164_318,s3_80_160,s2_2_4
2032,s2_885_1695,s2_n103_99,s4_n40_7,s1_below_4282,s2_2_3,s3_2003_2005,s3_2075_3730,s3_17_37,Passenger Car,s2_11_28,Not Deployed,s2_97_208,s1_below_1,Male,s2_37_80,s3_141_159,s2_164_318,s5_220_260,s2_2_4
2033,s2_885_1695,s2_n103_99,s4_n40_7,s1_below_4282,s2_2_3,s2_2001_2003,s2_760_2075,s3_17_37,Passenger Car,s4_48_64,Deployed,s2_97_208,s1_below_1,Female,s3_80_96,s3_141_159,s2_164_318,s2_40_80,s2_2_4
2034,s2_885_1695,s2_n103_99,s3_n81_n40,s1_below_4282,s1_below_2,s4_2005_2007,s2_760_2075,s5_47_57,Passenger Car,s2_11_28,Deployed,s2_97_208,s4_3_4,Female,s2_37_80,s3_141_159,s2_164_318,s3_80_160,s2_2_4
2035,s3_1695_2555,s2_n103_99,s3_n81_n40,s1_below_4282,s1_below_2,s2_2001_2003,s2_760_2075,s5_47_57,Truck (<=6000 lbs.),s3_28_48,Deployed,s2_97_208,s1_below_1,Female,s3_80_96,s4_159_169,s2_164_318,s3_80_160,s3_4_5
2036,s2_885_1695,s2_n103_99,s4_n40_7,s1_below_4282,s2_2_3,s4_2005_2007,s2_760_2075,s6_57_up,Passenger Car,s4_48_64,Not Deployed,s2_97_208,s1_below_1,Female,s2_37_80,s3_141_159,s2_164_318,s3_80_160,s2_2_4
2037,s2_885_1695,s2_n103_99,s4_n40_7,s1_below_4282,s1_below_2,s1_below_2001,s2_760_2075,s5_47_57,Passenger Car,s2_11_28,Deployed,s2_97_208,s1_below_1,Male,s2_37_80,s3_141_159,s2_164_318,s4_160_220,s2_2_4
2038,s3_1695_2555,s2_n103_99,s4_n40_7,s1_below_4282,s1_below_2,s4_2005_2007,s2_760_2075,s5_47_57,Passenger Car,s5_64_76,Deployed,s2_97_208,s1_below_1,Male,s2_37_80,s4_159_169,s2_164_318,s3_80_160,s2_2_4
2039,s2_885_1695,s2_n103_99,s4_n40_7,s1_below_4282,s1_below_2,s2_2001_2003,s2_760_2075,s5_47_57,Truck (<=6000 lbs.),s4_48_64,Deployed,s2_97_208,s1_below_1,Female,s2_37_80,s3_141_159,s2_164_318,s4_160_220,s2_2_4
2040,s2_885_1695,s2_n103_99,s4_n40_7,s1_below_4282,s1_below_2,s5_2007_2009,s2_760_2075,s5_47_57,Passenger Car,s6_76_up,Not Deployed,s2_97_208,s1_below_1,Male,s2_37_80,s3_141_159,s2_164_318,s4_160_220,s2_2_4
2041,s2_885_1695,s2_n103_99,s4_n40_7,s1_below_4282,s1_below_2,s1_below_2001,s2_760_2075,s4_37_47,Passenger Car,s3_28_48,Deployed,s2_97_208,s1_below_1,Male,s3_80_96,s3_141_159,s2_164_318,s3_80_160,s2_2_4
2042,s3_1695_2555,s2_n103_99,s4_n40_7,s1_below_4282,s1_below_2,s1_below_2001,s2_760_2075,s4_37_47,Truck (<=10000 lbs.),s3_28_48,Not Deployed,s2_97_208,s1_below_1,Male,s4_96_114,s4_159_169,s3_318_464,s2_40_80,s4_5_6
2043,s2_885_1695,s2_n103_99,s4_n40_7,s1_below_4282,s1_below_2,s1_below_2001,s2_760_2075,s4_37_47,Truck (<=6000 lbs.),s2_11_28,Not Deployed,s2_97_208,s1_below_1,Female,s2_37_80,s3_141_159,s2_164_318,s4_160_220,s2_2_4
2044,s2_885_1695,s2_n103_99,s4_n40_7,s1_below_4282,s4_4_5,s4_2005_2007,s2_760_2075,s4_37_47,Passenger Car,s3_28_48,Deployed,s2_97_208,s1_below_1,Female,s2_37_80,s3_141_159,s2_164_318,s3_80_160,s2_2_4
2045,s2_885_1695,s2_n103_99,s4_n40_7,s1_below_4282,s4_4_5,s2_2001_2003,s2_760_2075,s3_17_37,Passenger Car,s2_11_28,Deployed,s2_97_208,s1_below_1,Female,s2_37_80,s3_141_159,s2_164_318,s4_160_220,s2_2_4
2046,s2_885_1695,s2_n103_99,s4_n40_7,s1_below_4282,s2_2_3,s3_2003_2005,s2_760_2075,s3_17_37,Passenger Car,s4_48_64,Not Deployed,s2_97_208,s1_below_1,Female,s2_37_80,s3_141_159,s2_164_318,s3_80_160,s2_2_4
2047,s2_885_1695,s2_n103_99,s4_n40_7,s1_below_4282,s4_4_5,s1_below_2001,s2_760_2075,s3_17_37,Passenger Car,s3_28_48,Deployed,s2_97_208,s1_below_1,Male,s4_96_114,s3_141_159,s2_164_318,s3_80_160,s2_2_4
2048,s2_885_1695,s2_n103_99,s4_n40_7,s1_below_4282,s1_below_2,s2_2001_2003,s2_760_2075,s5_47_57,Passenger Car,s2_11_28,Deployed,s2_97_208,s1_below_1,Female,s2_37_80,s3_141_159,s2_164_318,s3_80_160,s2_2_4
2049,s2_885_1695,s2_n103_99,s4_n40_7,s1_below_4282,s4_4_5,s4_2005_2007,s2_760_2075,s5_47_57,Passenger Car,s3_28_48,Deployed,s2_97_208,s1_below_1,Male,s5_114_130,s3_141_159,s2_164_318,s3_80_160,s2_2_4
2050,s3_1695_2555,s2_n103_99,s5_7_up,s1_below_4282,s1_below_2,s3_2003_2005,s2_760_2075,s5_47_57,Truck (<=6000 lbs.),s4_48_64,Not Deployed,s2_97_208,s1_below_1,Female,s2_37_80,s3_141_159,s2_164_318,s5_220_260,s2_2_4
2051,s3_1695_2555,s2_n103_99,s4_n40_7,s1_below_4282,s2_2_3,s4_2005_2007,s2_760_2075,s5_47_57,Truck (<=10000 lbs.),s2_11_28,Not Deployed,s2_97_208,s1_below_1,Male,s2_37_80,s5_169_179,s3_318_464,s3_80_160,s4_5_6
2052,s2_885_1695,s2_n103_99,s4_n40_7,s1_below_4282,s2_2_3,s1_below_2001,s2_760_2075,s4_37_47,Passenger Car,s4_48_64,Not Deployed,s2_97_208,s1_below_1,Female,s2_37_80,s3_141_159,s2_164_318,s3_80_160,s2_2_4
2053,s3_1695_2555,s2_n103_99,s4_n40_7,s1_below_4282,s2_2_3,s4_2005_2007,s2_760_2075,s4_37_47,Truck (<=6000 lbs.),s3_28_48,Not Deployed,s2_97_208,s1_below_1,Male,s6_130_up,s3_141_159,s2_164_318,s3_80_160,s2_2_4
2054,s4_2555_3715,s2_n103_99,s4_n40_7,s1_below_4282,s4_4_5,s3_2003_2005,s3_2075_3730,s4_37_47,Truck (<=10000 lbs.),s4_48_64,Not Deployed,s2_97_208,s1_below_1,Female,s2_37_80,s5_169_179,s3_318_464,s4_160_220,s5_6_7
2055,s2_885_1695,s2_n103_99,s4_n40_7,s1_below_4282,s1_below_2,s2_2001_2003,s2_760_2075,s5_47_57,Passenger Car,s4_48_64,Deployed,s2_97_208,s1_below_1,Female,s3_80_96,s3_141_159,s2_164_318,s3_80_160,s2_2_4
2056,s2_885_1695,s2_n103_99,s4_n40_7,s1_below_4282,s1_below_2,s2_2001_2003,s2_760_2075,s5_47_57,Passenger Car,s2_11_28,Deployed,s2_97_208,s1_below_1,Female,s2_37_80,s3_141_159,s2_164_318,s3_80_160,s2_2_4
2057,s2_885_1695,s2_n103_99,s4_n40_7,s1_below_4282,s4_4_5,s2_2001_2003,s2_760_2075,s4_37_47,Passenger Car,s2_11_28,Deployed,s2_97_208,s1_below_1,Male,s3_80_96,s3_141_159,s2_164_318,s3_80_160,s2_2_4
2058,s2_885_1695,s2_n103_99,s4_n40_7,s1_below_4282,s4_4_5,s5_2007_2009,s2_760_2075,s3_17_37,Truck (<=6000 lbs.),s2_11_28,Not Deployed,s2_97_208,s1_below_1,Female,s2_37_80,s3_141_159,s2_164_318,s3_80_160,s2_2_4
2059,s2_885_1695,s2_n103_99,s4_n40_7,s1_below_4282,s1_below_2,s2_2001_2003,s2_760_2075,s3_17_37,Passenger Car,s4_48_64,Deployed,s2_97_208,s1_below_1,Female,s2_37_80,s3_141_159,s2_164_318,s3_80_160,s2_2_4
2060,s2_885_1695,s2_n103_99,s4_n40_7,s1_below_4282,s3_3_4,s2_2001_2003,s2_760_2075,s4_37_47,Passenger Car,s3_28_48,Not Deployed,s2_97_208,s1_below_1,Male,s4_96_114,s3_141_159,s2_164_318,s4_160_220,s2_2_4
2061,s2_885_1695,s2_n103_99,s4_n40_7,s1_below_4282,s4_4_5,s4_2005_2007,s2_760_2075,s3_17_37,Passenger Car,s3_28_48,Deployed,s2_97_208,s1_below_1,Female,s2_37_80,s3_141_159,s2_164_318,s4_160_220,s2_2_4
2062,s3_1695_2555,s2_n103_99,s4_n40_7,s1_below_4282,s1_below_2,s3_2003_2005,s2_760_2075,s5_47_57,Truck (<=10000 lbs.),s2_11_28,Not Deployed,s2_97_208,s1_below_1,Female,s2_37_80,s4_159_169,s2_164_318,s2_40_80,s3_4_5
2063,s2_885_1695,s2_n103_99,s4_n40_7,s1_below_4282,s2_2_3,s3_2003_2005,s2_760_2075,s3_17_37,Passenger Car,s4_48_64,Deployed,s2_97_208,s1_below_1,Male,s2_37_80,s3_141_159,s2_164_318,s2_40_80,s2_2_4
2064,s2_885_1695,s2_n103_99,s4_n40_7,s1_below_4282,s1_below_2,s2_2001_2003,s2_760_2075,s4_37_47,Passenger Car,s2_11_28,Not Deployed,s2_97_208,s1_below_1,Female,s2_37_80,s3_141_159,s2_164_318,s3_80_160,s2_2_4
2065,s2_885_1695,s2_n103_99,s4_n40_7,s1_below_4282,s2_2_3,s4_2005_2007,s3_2075_3730,s5_47_57,Passenger Car,s2_11_28,Deployed,s2_97_208,s1_below_1,Male,s3_80_96,s3_141_159,s2_164_318,s3_80_160,s2_2_4
2066,s3_1695_2555,s2_n103_99,s4_n40_7,s1_below_4282,s2_2_3,s3_2003_2005,s2_760_2075,s5_47_57,Truck (<=10000 lbs.),s4_48_64,Deployed,s2_97_208,s1_below_1,Male,s4_96_114,s4_159_169,s2_164_318,s4_160_220,s3_4_5
2067,s2_885_1695,s2_n103_99,s4_n40_7,s1_below_4282,s4_4_5,s1_below_2001,s2_760_2075,s3_17_37,Passenger Car,s2_11_28,Deployed,s2_97_208,s1_below_1,Female,s2_37_80,s3_141_159,s2_164_318,s3_80_160,s2_2_4
2068,s2_885_1695,s2_n103_99,s4_n40_7,s1_below_4282,s1_below_2,s1_below_2001,s2_760_2075,s4_37_47,Passenger Car,s2_11_28,Deployed,s2_97_208,s2_1_2,Male,s2_37_80,s3_141_159,s2_164_318,s3_80_160,s2_2_4
2069,s2_885_1695,s2_n103_99,s4_n40_7,s1_below_4282,s3_3_4,s3_2003_2005,s3_2075_3730,s4_37_47,Passenger Car,s6_76_up,Deployed,s2_97_208,s1_below_1,Male,s3_80_96,s3_141_159,s2_164_318,s3_80_160,s2_2_4
2070,s2_885_1695,s2_n103_99,s4_n40_7,s1_below_4282,s3_3_4,s4_2005_2007,s2_760_2075,s3_17_37,Passenger Car,s4_48_64,Deployed,s2_97_208,s1_below_1,Female,s2_37_80,s3_141_159,s2_164_318,s3_80_160,s2_2_4
2071,s2_885_1695,s2_n103_99,s4_n40_7,s1_below_4282,s1_below_2,s2_2001_2003,s2_760_2075,s3_17_37,Passenger Car,s2_11_28,Not Deployed,s2_97_208,s1_below_1,Male,s2_37_80,s3_141_159,s2_164_318,s3_80_160,s2_2_4
2072,s2_885_1695,s2_n103_99,s4_n40_7,s1_below_4282,s1_below_2,s1_below_2001,s2_760_2075,s3_17_37,Passenger Car,s2_11_28,Deployed,s2_97_208,s1_below_1,Female,s3_80_96,s3_141_159,s2_164_318,s3_80_160,s2_2_4
2073,s3_1695_2555,s2_n103_99,s4_n40_7,s1_below_4282,s2_2_3,s2_2001_2003,s2_760_2075,s5_47_57,Truck (<=10000 lbs.),s4_48_64,Not Deployed,s2_97_208,s1_below_1,Female,s2_37_80,s4_159_169,s3_318_464,s3_80_160,s4_5_6
2074,s3_1695_2555,s2_n103_99,s4_n40_7,s1_below_4282,s1_below_2,s4_2005_2007,s2_760_2075,s3_17_37,Passenger Car,s4_48_64,Not Deployed,s2_97_208,s1_below_1,Female,s2_37_80,s4_159_169,s2_164_318,s3_80_160,s3_4_5
2075,s2_885_1695,s2_n103_99,s4_n40_7,s1_below_4282,s3_3_4,s3_2003_2005,s2_760_2075,s3_17_37,Passenger Car,s6_76_up,Deployed,s2_97_208,s2_1_2,Female,s2_37_80,s3_141_159,s2_164_318,s2_40_80,s2_2_4
2076,s2_885_1695,s2_n103_99,s4_n40_7,s1_below_4282,s1_below_2,s4_2005_2007,s3_2075_3730,s3_17_37,Passenger Car,s4_48_64,Not Deployed,s2_97_208,s1_below_1,Female,s3_80_96,s3_141_159,s2_164_318,s4_160_220,s2_2_4
2077,s2_885_1695,s2_n103_99,s4_n40_7,s1_below_4282,s1_below_2,s1_below_2001,s2_760_2075,s3_17_37,Passenger Car,s3_28_48,Not Deployed,s2_97_208,s1_below_1,Female,s2_37_80,s3_141_159,s2_164_318,s3_80_160,s2_2_4
2078,s2_885_1695,s2_n103_99,s5_7_up,s1_below_4282,s1_below_2,s2_2001_2003,s3_2075_3730,s5_47_57,Truck (<=6000 lbs.),s3_28_48,Not Deployed,s2_97_208,s1_below_1,Male,s4_96_114,s2_116_141,s2_164_318,s6_260_up,s2_2_4
2079,s3_1695_2555,s2_n103_99,s4_n40_7,s1_below_4282,s1_below_2,s3_2003_2005,s2_760_2075,s5_47_57,Truck (<=6000 lbs.),s3_28_48,Deployed,s2_97_208,s3_2_3,Male,s3_80_96,s5_169_179,s2_164_318,s3_80_160,s3_4_5
2080,s2_885_1695,s2_n103_99,s4_n40_7,s1_below_4282,s2_2_3,s2_2001_2003,s2_760_2075,s4_37_47,Passenger Car,s2_11_28,Not Deployed,s2_97_208,s1_below_1,Female,s2_37_80,s3_141_159,s2_164_318,s4_160_220,s2_2_4
2081,s2_885_1695,s2_n103_99,s4_n40_7,s1_below_4282,s1_below_2,s1_below_2001,s2_760_2075,s5_47_57,Truck (<=6000 lbs.),s5_64_76,Not Deployed,s2_97_208,s1_below_1,Male,s2_37_80,s3_141_159,s2_164_318,s4_160_220,s2_2_4
2082,s2_885_1695,s2_n103_99,s4_n40_7,s1_below_4282,s2_2_3,s4_2005_2007,s2_760_2075,s5_47_57,Passenger Car,s2_11_28,Not Deployed,s2_97_208,s1_below_1,Female,s2_37_80,s3_141_159,s2_164_318,s4_160_220,s2_2_4
2083,s3_1695_2555,s2_n103_99,s4_n40_7,s1_below_4282,s1_below_2,s2_2001_2003,s2_760_2075,s6_57_up,Truck (<=6000 lbs.),s2_11_28,Not Deployed,s2_97_208,s1_below_1,Female,s2_37_80,s4_159_169,s2_164_318,s3_80_160,s3_4_5
2084,s2_885_1695,s2_n103_99,s5_7_up,s1_below_4282,s1_below_2,s3_2003_2005,s3_2075_3730,s4_37_47,Passenger Car,s2_11_28,Not Deployed,s2_97_208,s1_below_1,Female,s2_37_80,s3_141_159,s2_164_318,s6_260_up,s2_2_4
2085,s2_885_1695,s2_n103_99,s3_n81_n40,s1_below_4282,s4_4_5,s2_2001_2003,s2_760_2075,s4_37_47,Passenger Car,s2_11_28,Deployed,s2_97_208,s1_below_1,Male,s3_80_96,s3_141_159,s2_164_318,s3_80_160,s2_2_4
2086,s2_885_1695,s2_n103_99,s4_n40_7,s1_below_4282,s2_2_3,s4_2005_2007,s2_760_2075,s3_17_37,Passenger Car,s2_11_28,Not Deployed,s2_97_208,s1_below_1,Male,s2_37_80,s3_141_159,s2_164_318,s4_160_220,s2_2_4
2087,s2_885_1695,s2_n103_99,s4_n40_7,s1_below_4282,s2_2_3,s2_2001_2003,s2_760_2075,s5_47_57,Passenger Car,s6_76_up,Not Deployed,s2_97_208,s2_1_2,Female,s2_37_80,s3_141_159,s2_164_318,s3_80_160,s2_2_4
2088,s2_885_1695,s2_n103_99,s4_n40_7,s1_below_4282,s4_4_5,s2_2001_2003,s2_760_2075,s3_17_37,Truck (<=6000 lbs.),s3_28_48,Deployed,s2_97_208,s1_below_1,Male,s2_37_80,s3_141_159,s2_164_318,s3_80_160,s2_2_4
2089,s3_1695_2555,s2_n103_99,s4_n40_7,s1_below_4282,s1_below_2,s2_2001_2003,s2_760_2075,s5_47_57,Truck (<=6000 lbs.),s5_64_76,Deployed,s2_97_208,s2_1_2,Male,s3_80_96,s3_141_159,s2_164_318,s2_40_80,s2_2_4
2090,s3_1695_2555,s2_n103_99,s4_n40_7,s1_below_4282,s4_4_5,s2_2001_2003,s2_760_2075,s5_47_57,Truck (<=6000 lbs.),s3_28_48,Not Deployed,s2_97_208,s1_below_1,Male,s3_80_96,s3_141_159,s2_164_318,s4_160_220,s2_2_4
2091,s3_1695_2555,s2_n103_99,s4_n40_7,s1_below_4282,s4_4_5,s4_2005_2007,s2_760_2075,s5_47_57,Truck (<=6000 lbs.),s3_28_48,Deployed,s2_97_208,s2_1_2,Female,s2_37_80,s4_159_169,s2_164_318,s3_80_160,s2_2_4
2092,s3_1695_2555,s2_n103_99,s4_n40_7,s1_below_4282,s1_below_2,s2_2001_2003,s3_2075_3730,s3_17_37,Truck (<=10000 lbs.),s3_28_48,Not Deployed,s2_97_208,s1_below_1,Female,s3_80_96,s5_169_179,s3_318_464,s3_80_160,s4_5_6
2093,s4_2555_3715,s2_n103_99,s4_n40_7,s1_below_4282,s1_below_2,s4_2005_2007,s3_2075_3730,s3_17_37,Truck (<=10000 lbs.),s4_48_64,Not Deployed,s2_97_208,s1_below_1,Male,s5_114_130,s5_169_179,s2_164_318,s4_160_220,s3_4_5
2094,s2_885_1695,s2_n103_99,s4_n40_7,s1_below_4282,s1_below_2,s2_2001_2003,s2_760_2075,s3_17_37,Passenger Car,s3_28_48,Deployed,s2_97_208,s1_below_1,Female,s2_37_80,s3_141_159,s2_164_318,s3_80_160,s2_2_4
2095,s2_885_1695,s2_n103_99,s4_n40_7,s1_below_4282,s4_4_5,s1_below_2001,s3_2075_3730,s5_47_57,Passenger Car,s2_11_28,Deployed,s2_97_208,s1_below_1,Female,s2_37_80,s3_141_159,s2_164_318,s3_80_160,s2_2_4
2096,s2_885_1695,s2_n103_99,s4_n40_7,s1_below_4282,s1_below_2,s3_2003_2005,s2_760_2075,s4_37_47,Passenger Car,s3_28_48,Deployed,s2_97_208,s3_2_3,Male,s3_80_96,s3_141_159,s2_164_318,s4_160_220,s2_2_4
2097,s3_1695_2555,s2_n103_99,s4_n40_7,s1_below_4282,s3_3_4,s1_below_2001,s2_760_2075,s3_17_37,Passenger Car,s3_28_48,Not Deployed,s2_97_208,s3_2_3,Female,s2_37_80,s3_141_159,s2_164_318,s4_160_220,s2_2_4
2098,s3_1695_2555,s2_n103_99,s4_n40_7,s1_below_4282,s2_2_3,s4_2005_2007,s2_760_2075,s3_17_37,Truck (<=6000 lbs.),s5_64_76,Not Deployed,s2_97_208,s1_below_1,Male,s4_96_114,s4_159_169,s2_164_318,s3_80_160,s3_4_5
2099,s3_1695_2555,s2_n103_99,s4_n40_7,s1_below_4282,s5_5_6,s2_2001_2003,s3_2075_3730,s3_17_37,Truck (<=6000 lbs.),s2_11_28,Not Deployed,s2_97_208,s1_below_1,Male,s2_37_80,s3_141_159,s2_164_318,s4_160_220,s2_2_4
2100,s3_1695_2555,s2_n103_99,s4_n40_7,s1_below_4282,s5_5_6,s4_2005_2007,s2_760_2075,s3_17_37,Truck (<=10000 lbs.),s3_28_48,Not Deployed,s2_97_208,s1_below_1,Female,s2_37_80,s4_159_169,s2_164_318,s3_80_160,s3_4_5
2101,s3_1695_2555,s2_n103_99,s4_n40_7,s1_below_4282,s2_2_3,s2_2001_2003,s2_760_2075,s3_17_37,Truck (<=6000 lbs.),s2_11_28,Not Deployed,s2_97_208,s1_below_1,Female,s2_37_80,s3_141_159,s2_164_318,s3_80_160,s2_2_4
2102,s2_885_1695,s2_n103_99,s5_7_up,s1_below_4282,s2_2_3,s4_2005_2007,s2_760_2075,s6_57_up,Passenger Car,s6_76_up,Not Deployed,s2_97_208,s2_1_2,Female,s3_80_96,s3_141_159,s2_164_318,s6_260_up,s2_2_4
2103,s2_885_1695,s2_n103_99,s4_n40_7,s1_below_4282,s1_below_2,s3_2003_2005,s2_760_2075,s3_17_37,Passenger Car,s5_64_76,Not Deployed,s2_97_208,s1_below_1,Female,s2_37_80,s3_141_159,s2_164_318,s3_80_160,s2_2_4
2104,s2_885_1695,s2_n103_99,s4_n40_7,s1_below_4282,s1_below_2,s4_2005_2007,s2_760_2075,s4_37_47,Passenger Car,s2_11_28,Not Deployed,s2_97_208,s1_below_1,Female,s2_37_80,s3_141_159,s2_164_318,s2_40_80,s2_2_4
2105,s2_885_1695,s2_n103_99,s4_n40_7,s1_below_4282,s1_below_2,s2_2001_2003,s2_760_2075,s3_17_37,Truck (<=6000 lbs.),s3_28_48,Not Deployed,s2_97_208,s1_below_1,Male,s6_130_up,s3_141_159,s3_318_464,s3_80_160,s2_2_4
2106,s2_885_1695,s2_n103_99,s4_n40_7,s1_below_4282,s1_below_2,s4_2005_2007,s2_760_2075,s3_17_37,Passenger Car,s6_76_up,Not Deployed,s2_97_208,s1_below_1,Male,s3_80_96,s3_141_159,s2_164_318,s4_160_220,s2_2_4
2107,s2_885_1695,s2_n103_99,s4_n40_7,s1_below_4282,s4_4_5,s2_2001_2003,s2_760_2075,s4_37_47,Passenger Car,s6_76_up,Not Deployed,s2_97_208,s1_below_1,Female,s2_37_80,s3_141_159,s2_164_318,s3_80_160,s2_2_4
2108,s3_1695_2555,s2_n103_99,s5_7_up,s1_below_4282,s1_below_2,s5_2007_2009,s2_760_2075,s3_17_37,Truck (<=6000 lbs.),s3_28_48,Deployed,s2_97_208,s1_below_1,Female,s2_37_80,s4_159_169,s2_164_318,s3_80_160,s3_4_5
2109,s3_1695_2555,s2_n103_99,s4_n40_7,s1_below_4282,s4_4_5,s2_2001_2003,s2_760_2075,s3_17_37,Passenger Car,s4_48_64,Deployed,s2_97_208,s1_below_1,Male,s4_96_114,s3_141_159,s2_164_318,s3_80_160,s3_4_5
2110,s3_1695_2555,s2_n103_99,s4_n40_7,s1_below_4282,s1_below_2,s4_2005_2007,s2_760_2075,s2_7_17,Passenger Car,s2_11_28,Not Deployed,s2_97_208,s1_below_1,Female,s2_37_80,s3_141_159,s2_164_318,s3_80_160,s2_2_4
2111,s3_1695_2555,s2_n103_99,s4_n40_7,s1_below_4282,s1_below_2,s2_2001_2003,s2_760_2075,s3_17_37,Truck (<=10000 lbs.),s4_48_64,Not Deployed,s2_97_208,s1_below_1,Female,s2_37_80,s4_159_169,s2_164_318,s3_80_160,s3_4_5
2112,s2_885_1695,s2_n103_99,s4_n40_7,s1_below_4282,s3_3_4,s5_2007_2009,s2_760_2075,s3_17_37,Passenger Car,s4_48_64,Deployed,s2_97_208,s1_below_1,Female,s2_37_80,s3_141_159,s2_164_318,s3_80_160,s2_2_4
2113,s2_885_1695,s2_n103_99,s4_n40_7,s1_below_4282,s4_4_5,s4_2005_2007,s2_760_2075,s6_57_up,Passenger Car,s2_11_28,Deployed,s2_97_208,s1_below_1,Male,s3_80_96,s3_141_159,s2_164_318,s3_80_160,s2_2_4
2114,s3_1695_2555,s2_n103_99,s4_n40_7,s1_below_4282,s1_below_2,s3_2003_2005,s2_760_2075,s3_17_37,Truck (<=6000 lbs.),s2_11_28,Not Deployed,s2_97_208,s1_below_1,Male,s2_37_80,s4_159_169,s2_164_318,s3_80_160,s3_4_5
2115,s3_1695_2555,s2_n103_99,s3_n81_n40,s1_below_4282,s1_below_2,s3_2003_2005,s2_760_2075,s3_17_37,Passenger Car,s3_28_48,Deployed,s2_97_208,s1_below_1,Male,s6_130_up,s3_141_159,s2_164_318,s3_80_160,s2_2_4
2116,s2_885_1695,s2_n103_99,s5_7_up,s1_below_4282,s4_4_5,s1_below_2001,s2_760_2075,s4_37_47,Passenger Car,s2_11_28,Not Deployed,s2_97_208,s1_below_1,Female,s2_37_80,s3_141_159,s2_164_318,s6_260_up,s2_2_4
2117,s2_885_1695,s2_n103_99,s4_n40_7,s1_below_4282,s3_3_4,s5_2007_2009,s3_2075_3730,s3_17_37,Truck (<=6000 lbs.),s4_48_64,Deployed,s2_97_208,s2_1_2,Female,s2_37_80,s3_141_159,s3_318_464,s4_160_220,s3_4_5
2118,s3_1695_2555,s2_n103_99,s4_n40_7,s1_below_4282,s4_4_5,s4_2005_2007,s2_760_2075,s3_17_37,Truck (<=10000 lbs.),s2_11_28,Not Deployed,s2_97_208,s1_below_1,Female,s2_37_80,s5_169_179,s3_318_464,s3_80_160,s5_6_7
2119,s2_885_1695,s2_n103_99,s5_7_up,s1_below_4282,s5_5_6,s5_2007_2009,s2_760_2075,s6_57_up,Passenger Car,s2_11_28,Not Deployed,s2_97_208,s1_below_1,Female,s2_37_80,s3_141_159,s2_164_318,s6_260_up,s2_2_4
2120,s3_1695_2555,s2_n103_99,s4_n40_7,s1_below_4282,s1_below_2,s2_2001_2003,s2_760_2075,s3_17_37,Truck (<=6000 lbs.),s3_28_48,Not Deployed,s2_97_208,s1_below_1,Female,s2_37_80,s4_159_169,s2_164_318,s3_80_160,s3_4_5
2121,s2_885_1695,s2_n103_99,s4_n40_7,s1_below_4282,s1_below_2,s4_2005_2007,s2_760_2075,s3_17_37,Truck (<=6000 lbs.),s3_28_48,Not Deployed,s2_97_208,s1_below_1,Female,s2_37_80,s3_141_159,s2_164_318,s2_40_80,s2_2_4
2122,s2_885_1695,s2_n103_99,s4_n40_7,s1_below_4282,s2_2_3,s2_2001_2003,s2_760_2075,s4_37_47,Passenger Car,s3_28_48,Deployed,s2_97_208,s1_below_1,Male,s2_37_80,s3_141_159,s2_164_318,s3_80_160,s2_2_4
2123,s2_885_1695,s2_n103_99,s5_7_up,s1_below_4282,s2_2_3,s3_2003_2005,s2_760_2075,s4_37_47,Truck (<=6000 lbs.),s4_48_64,Not Deployed,s2_97_208,s1_below_1,Male,s3_80_96,s3_141_159,s2_164_318,s6_260_up,s2_2_4
2124,s3_1695_2555,s2_n103_99,s4_n40_7,s1_below_4282,s4_4_5,s3_2003_2005,s3_2075_3730,s4_37_47,Truck (<=10000 lbs.),s4_48_64,Not Deployed,s2_97_208,s1_below_1,Male,s2_37_80,s5_169_179,s3_318_464,s3_80_160,s4_5_6
2125,s2_885_1695,s2_n103_99,s3_n81_n40,s1_below_4282,s1_below_2,s3_2003_2005,s3_2075_3730,s3_17_37,Passenger Car,s2_11_28,Deployed,s2_97_208,s1_below_1,Male,s2_37_80,s3_141_159,s2_164_318,s2_40_80,s2_2_4
2126,s2_885_1695,s2_n103_99,s4_n40_7,s1_below_4282,s3_3_4,s5_2007_2009,s2_760_2075,s3_17_37,Passenger Car,s6_76_up,Deployed,s2_97_208,s2_1_2,Female,s4_96_114,s3_141_159,s2_164_318,s4_160_220,s2_2_4
2127,s2_885_1695,s2_n103_99,s4_n40_7,s1_below_4282,s1_below_2,s4_2005_2007,s2_760_2075,s3_17_37,Passenger Car,s3_28_48,Deployed,s2_97_208,s1_below_1,Female,s2_37_80,s3_141_159,s2_164_318,s4_160_220,s2_2_4
2128,s2_885_1695,s2_n103_99,s4_n40_7,s1_below_4282,s1_below_2,s2_2001_2003,s2_760_2075,s3_17_37,Passenger Car,s2_11_28,Deployed,s2_97_208,s1_below_1,Male,s3_80_96,s3_141_159,s2_164_318,s3_80_160,s2_2_4
2129,s2_885_1695,s2_n103_99,s4_n40_7,s1_below_4282,s1_below_2,s4_2005_2007,s2_760_2075,s3_17_37,Passenger Car,s2_11_28,Not Deployed,s2_97_208,s1_below_1,Female,s2_37_80,s3_141_159,s2_164_318,s2_40_80,s2_2_4
2130,s2_885_1695,s2_n103_99,s4_n40_7,s1_below_4282,s3_3_4,s3_2003_2005,s2_760_2075,s3_17_37,Passenger Car,s3_28_48,Not Deployed,s2_97_208,s1_below_1,Female,s2_37_80,s3_141_159,s2_164_318,s3_80_160,s2_2_4
2131,s2_885_1695,s2_n103_99,s4_n40_7,s1_below_4282,s1_below_2,s4_2005_2007,s2_760_2075,s3_17_37,Passenger Car,s3_28_48,Deployed,s2_97_208,s1_below_1,Female,s2_37_80,s3_141_159,s2_164_318,s3_80_160,s2_2_4
2132,s2_885_1695,s2_n103_99,s4_n40_7,s1_below_4282,s1_below_2,s2_2001_2003,s2_760_2075,s3_17_37,Passenger Car,s2_11_28,Deployed,s2_97_208,s1_below_1,Female,s2_37_80,s3_141_159,s2_164_318,s4_160_220,s2_2_4
2133,s2_885_1695,s2_n103_99,s4_n40_7,s1_below_4282,s1_below_2,s4_2005_2007,s2_760_2075,s3_17_37,Passenger Car,s3_28_48,Not Deployed,s2_97_208,s1_below_1,Female,s3_80_96,s3_141_159,s2_164_318,s2_40_80,s2_2_4
2134,s2_885_1695,s2_n103_99,s4_n40_7,s1_below_4282,s3_3_4,s5_2007_2009,s2_760_2075,s3_17_37,Passenger Car,s4_48_64,Deployed,s2_97_208,s1_below_1,Male,s2_37_80,s3_141_159,s2_164_318,s3_80_160,s2_2_4
2135,s4_2555_3715,s2_n103_99,s4_n40_7,s1_below_4282,s5_5_6,s2_2001_2003,s2_760_2075,s6_57_up,Truck (<=10000 lbs.),s3_28_48,Not Deployed,s2_97_208,s1_below_1,Male,s4_96_114,s4_159_169,s2_164_318,s3_80_160,s3_4_5
2136,s2_885_1695,s2_n103_99,s4_n40_7,s1_below_4282,s2_2_3,s5_2007_2009,s2_760_2075,s4_37_47,Passenger Car,s2_11_28,Deployed,s2_97_208,s1_below_1,Female,s2_37_80,s3_141_159,s2_164_318,s3_80_160,s2_2_4
2137,s2_885_1695,s2_n103_99,s4_n40_7,s1_below_4282,s2_2_3,s4_2005_2007,s2_760_2075,s4_37_47,Passenger Car,s3_28_48,Deployed,s2_97_208,s1_below_1,Male,s2_37_80,s3_141_159,s2_164_318,s3_80_160,s2_2_4
2138,s2_885_1695,s2_n103_99,s4_n40_7,s1_below_4282,s1_below_2,s1_below_2001,s2_760_2075,s3_17_37,Passenger Car,s4_48_64,Not Deployed,s2_97_208,s1_below_1,Female,s3_80_96,s3_141_159,s2_164_318,s2_40_80,s2_2_4
2139,s3_1695_2555,s2_n103_99,s4_n40_7,s1_below_4282,s3_3_4,s4_2005_2007,s2_760_2075,s4_37_47,Passenger Car,s5_64_76,Not Deployed,s2_97_208,s1_below_1,Male,s3_80_96,s3_141_159,s2_164_318,s4_160_220,s2_2_4
2140,s2_885_1695,s2_n103_99,s4_n40_7,s1_below_4282,s4_4_5,s1_below_2001,s2_760_2075,s3_17_37,Passenger Car,s6_76_up,Deployed,s2_97_208,s1_below_1,Female,s2_37_80,s3_141_159,s2_164_318,s3_80_160,s2_2_4
2141,s3_1695_2555,s2_n103_99,s4_n40_7,s1_below_4282,s3_3_4,s3_2003_2005,s2_760_2075,s3_17_37,Truck (<=6000 lbs.),s4_48_64,Not Deployed,s2_97_208,s1_below_1,Female,s5_114_130,s3_141_159,s2_164_318,s3_80_160,s2_2_4
2142,s3_1695_2555,s2_n103_99,s4_n40_7,s1_below_4282,s1_below_2,s1_below_2001,s2_760_2075,s3_17_37,Truck (<=6000 lbs.),s5_64_76,Not Deployed,s2_97_208,s4_3_4,Female,s3_80_96,s4_159_169,s2_164_318,s2_40_80,s2_2_4
2143,s3_1695_2555,s2_n103_99,s4_n40_7,s1_below_4282,s6_6_up,s2_2001_2003,s2_760_2075,s3_17_37,Truck (<=10000 lbs.),s3_28_48,Deployed,s2_97_208,s1_below_1,Male,s4_96_114,s4_159_169,s3_318_464,s3_80_160,s4_5_6
2144,s3_1695_2555,s2_n103_99,s5_7_up,s1_below_4282,s1_below_2,s3_2003_2005,s2_760_2075,s3_17_37,Truck (<=6000 lbs.),s3_28_48,Not Deployed,s2_97_208,s1_below_1,Female,s2_37_80,s3_141_159,s2_164_318,s6_260_up,s2_2_4
2145,s2_885_1695,s2_n103_99,s4_n40_7,s1_below_4282,s3_3_4,s5_2007_2009,s2_760_2075,s4_37_47,Passenger Car,s4_48_64,Deployed,s2_97_208,s1_below_1,Male,s4_96_114,s3_141_159,s2_164_318,s4_160_220,s2_2_4
2146,s2_885_1695,s2_n103_99,s4_n40_7,s1_below_4282,s3_3_4,s3_2003_2005,s2_760_2075,s4_37_47,Passenger Car,s3_28_48,Deployed,s2_97_208,s1_below_1,Female,s2_37_80,s3_141_159,s2_164_318,s3_80_160,s2_2_4
2147,s2_885_1695,s2_n103_99,s4_n40_7,s1_below_4282,s4_4_5,s3_2003_2005,s2_760_2075,s4_37_47,Truck (<=6000 lbs.),s3_28_48,Deployed,s2_97_208,s1_below_1,Male,s6_130_up,s3_141_159,s2_164_318,s3_80_160,s2_2_4
2148,s2_885_1695,s2_n103_99,s4_n40_7,s1_below_4282,s1_below_2,s5_2007_2009,s2_760_2075,s4_37_47,Passenger Car,s3_28_48,Not Deployed,s2_97_208,s1_below_1,Male,s2_37_80,s3_141_159,s2_164_318,s3_80_160,s2_2_4
2149,s2_885_1695,s2_n103_99,s4_n40_7,s1_below_4282,s1_below_2,s5_2007_2009,s2_760_2075,s4_37_47,Passenger Car,s2_11_28,Not Deployed,s2_97_208,s1_below_1,Female,s2_37_80,s3_141_159,s2_164_318,s3_80_160,s2_2_4
2150,s2_885_1695,s2_n103_99,s4_n40_7,s1_below_4282,s5_5_6,s2_2001_2003,s2_760_2075,s6_57_up,Passenger Car,s3_28_48,Deployed,s2_97_208,s1_below_1,Female,s2_37_80,s3_141_159,s2_164_318,s3_80_160,s2_2_4
2151,s3_1695_2555,s2_n103_99,s4_n40_7,s1_below_4282,s2_2_3,s3_2003_2005,s2_760_2075,s3_17_37,Truck (<=6000 lbs.),s2_11_28,Deployed,s2_97_208,s1_below_1,Male,s2_37_80,s4_159_169,s2_164_318,s3_80_160,s3_4_5
2152,s2_885_1695,s2_n103_99,s4_n40_7,s1_below_4282,s4_4_5,s5_2007_2009,s2_760_2075,s6_57_up,Passenger Car,s4_48_64,Not Deployed,s2_97_208,s1_below_1,Female,s2_37_80,s3_141_159,s2_164_318,s6_260_up,s2_2_4
2153,s3_1695_2555,s2_n103_99,s4_n40_7,s1_below_4282,s2_2_3,s1_below_2001,s2_760_2075,s3_17_37,Truck (<=10000 lbs.),s4_48_64,Deployed,s2_97_208,s1_below_1,Female,s2_37_80,s4_159_169,s2_164_318,s3_80_160,s3_4_5
2154,s2_885_1695,s2_n103_99,s5_7_up,s1_below_4282,s2_2_3,s3_2003_2005,s3_2075_3730,s3_17_37,Passenger Car,s2_11_28,Not Deployed,s2_97_208,s1_below_1,Male,s2_37_80,s3_141_159,s2_164_318,s6_260_up,s2_2_4
2155,s2_885_1695,s2_n103_99,s4_n40_7,s1_below_4282,s3_3_4,s2_2001_2003,s2_760_2075,s4_37_47,Passenger Car,s3_28_48,Deployed,s2_97_208,s1_below_1,Male,s2_37_80,s3_141_159,s2_164_318,s2_40_80,s2_2_4
2156,s2_885_1695,s2_n103_99,s4_n40_7,s1_below_4282,s4_4_5,s4_2005_2007,s2_760_2075,s3_17_37,Passenger Car,s3_28_48,Deployed,s2_97_208,s1_below_1,Female,s2_37_80,s3_141_159,s2_164_318,s3_80_160,s2_2_4
2157,s2_885_1695,s2_n103_99,s4_n40_7,s1_below_4282,s3_3_4,s4_2005_2007,s2_760_2075,s4_37_47,Passenger Car,s3_28_48,Deployed,s2_97_208,s1_below_1,Male,s2_37_80,s3_141_159,s2_164_318,s3_80_160,s2_2_4
2158,s3_1695_2555,s2_n103_99,s4_n40_7,s1_below_4282,s1_below_2,s2_2001_2003,s3_2075_3730,s3_17_37,Truck (<=10000 lbs.),s4_48_64,Not Deployed,s2_97_208,s1_below_1,Female,s2_37_80,s5_169_179,s3_318_464,s3_80_160,s4_5_6
2159,s2_885_1695,s2_n103_99,s4_n40_7,s1_below_4282,s4_4_5,s1_below_2001,s2_760_2075,s3_17_37,Passenger Car,s3_28_48,Deployed,s2_97_208,s1_below_1,Male,s3_80_96,s3_141_159,s2_164_318,s3_80_160,s2_2_4
2160,s2_885_1695,s2_n103_99,s4_n40_7,s1_below_4282,s4_4_5,s2_2001_2003,s2_760_2075,s3_17_37,Passenger Car,s5_64_76,Deployed,s2_97_208,s1_below_1,Male,s2_37_80,s3_141_159,s2_164_318,s3_80_160,s2_2_4
2161,s2_885_1695,s2_n103_99,s5_7_up,s1_below_4282,s1_below_2,s4_2005_2007,s2_760_2075,s3_17_37,Passenger Car,s2_11_28,Not Deployed,s2_97_208,s3_2_3,Female,s3_80_96,s3_141_159,s2_164_318,s6_260_up,s2_2_4
2162,s3_1695_2555,s2_n103_99,s4_n40_7,s1_below_4282,s2_2_3,s2_2001_2003,s2_760_2075,s4_37_47,Passenger Car,s3_28_48,Deployed,s2_97_208,s5_4_5,Male,s4_96_114,s3_141_159,s2_164_318,s3_80_160,s2_2_4
2163,s2_885_1695,s2_n103_99,s4_n40_7,s1_below_4282,s2_2_3,s3_2003_2005,s2_760_2075,s3_17_37,Passenger Car,s2_11_28,Not Deployed,s2_97_208,s1_below_1,Female,s2_37_80,s3_141_159,s2_164_318,s2_40_80,s2_2_4
2164,s2_885_1695,s2_n103_99,s4_n40_7,s1_below_4282,s4_4_5,s4_2005_2007,s2_760_2075,s3_17_37,Passenger Car,s3_28_48,Deployed,s2_97_208,s1_below_1,Male,s4_96_114,s3_141_159,s2_164_318,s3_80_160,s2_2_4
2165,s3_1695_2555,s2_n103_99,s4_n40_7,s1_below_4282,s1_below_2,s5_2007_2009,s2_760_2075,s3_17_37,Passenger Car,s4_48_64,Not Deployed,s2_97_208,s1_below_1,Male,s3_80_96,s4_159_169,s2_164_318,s3_80_160,s3_4_5
2166,s2_885_1695,s2_n103_99,s4_n40_7,s1_below_4282,s3_3_4,s3_2003_2005,s2_760_2075,s3_17_37,Passenger Car,s3_28_48,Not Deployed,s2_97_208,s1_below_1,Female,s2_37_80,s3_141_159,s2_164_318,s4_160_220,s2_2_4
2167,s2_885_1695,s2_n103_99,s4_n40_7,s1_below_4282,s3_3_4,s2_2001_2003,s2_760_2075,s4_37_47,Passenger Car,s3_28_48,Not Deployed,s2_97_208,s1_below_1,Male,s3_80_96,s3_141_159,s2_164_318,s3_80_160,s2_2_4
2168,s3_1695_2555,s2_n103_99,s4_n40_7,s1_below_4282,s1_below_2,s2_2001_2003,s2_760_2075,s3_17_37,Truck (<=6000 lbs.),s5_64_76,Not Deployed,s2_97_208,s1_below_1,Female,s2_37_80,s3_141_159,s2_164_318,s3_80_160,s2_2_4
2169,s2_885_1695,s2_n103_99,s4_n40_7,s1_below_4282,s1_below_2,s2_2001_2003,s2_760_2075,s3_17_37,Passenger Car,s3_28_48,Not Deployed,s2_97_208,s1_below_1,Female,s2_37_80,s3_141_159,s2_164_318,s2_40_80,s2_2_4
2170,s2_885_1695,s2_n103_99,s4_n40_7,s1_below_4282,s1_below_2,s2_2001_2003,s3_2075_3730,s3_17_37,Passenger Car,s3_28_48,Not Deployed,s2_97_208,s1_below_1,Male,s3_80_96,s3_141_159,s2_164_318,s2_40_80,s2_2_4
2171,s3_1695_2555,s2_n103_99,s4_n40_7,s1_below_4282,s1_below_2,s3_2003_2005,s2_760_2075,s3_17_37,Truck (<=6000 lbs.),s4_48_64,Not Deployed,s2_97_208,s1_below_1,Female,s3_80_96,s3_141_159,s2_164_318,s3_80_160,s2_2_4
2172,s2_885_1695,s2_n103_99,s5_7_up,s1_below_4282,s4_4_5,s3_2003_2005,s2_760_2075,s6_57_up,Passenger Car,s3_28_48,Not Deployed,s2_97_208,s1_below_1,Female,s2_37_80,s3_141_159,s2_164_318,s6_260_up,s2_2_4
2173,s2_885_1695,s2_n103_99,s4_n40_7,s1_below_4282,s2_2_3,s4_2005_2007,s2_760_2075,s3_17_37,Passenger Car,s3_28_48,Not Deployed,s2_97_208,s1_below_1,Female,s2_37_80,s3_141_159,s2_164_318,s2_40_80,s2_2_4
2174,s3_1695_2555,s2_n103_99,s4_n40_7,s1_below_4282,s4_4_5,s4_2005_2007,s2_760_2075,s3_17_37,Truck (<=6000 lbs.),s3_28_48,Deployed,s2_97_208,s1_below_1,Female,s3_80_96,s4_159_169,s2_164_318,s3_80_160,s3_4_5
2175,s3_1695_2555,s2_n103_99,s5_7_up,s1_below_4282,s4_4_5,s3_2003_2005,s2_760_2075,s3_17_37,Truck (<=6000 lbs.),s4_48_64,Not Deployed,s2_97_208,s1_below_1,Female,s3_80_96,s3_141_159,s2_164_318,s6_260_up,s2_2_4
2176,s2_885_1695,s2_n103_99,s4_n40_7,s1_below_4282,s2_2_3,s2_2001_2003,s2_760_2075,s3_17_37,Passenger Car,s2_11_28,Not Deployed,s2_97_208,s1_below_1,Female,s2_37_80,s3_141_159,s2_164_318,s3_80_160,s2_2_4
2177,s3_1695_2555,s2_n103_99,s4_n40_7,s1_below_4282,s3_3_4,s5_2007_2009,s2_760_2075,s3_17_37,Truck (<=10000 lbs.),s2_11_28,Deployed,s2_97_208,s3_2_3,Male,s3_80_96,s5_169_179,s2_164_318,s3_80_160,s3_4_5
2178,s3_1695_2555,s2_n103_99,s4_n40_7,s1_below_4282,s4_4_5,s1_below_2001,s2_760_2075,s4_37_47,Truck (<=6000 lbs.),s4_48_64,Deployed,s2_97_208,s1_below_1,Male,s3_80_96,s4_159_169,s2_164_318,s4_160_220,s3_4_5
2179,s2_885_1695,s2_n103_99,s4_n40_7,s1_below_4282,s1_below_2,s1_below_2001,s2_760_2075,s3_17_37,Passenger Car,s2_11_28,Not Deployed,s2_97_208,s2_1_2,Female,s2_37_80,s3_141_159,s2_164_318,s2_40_80,s2_2_4
2180,s3_1695_2555,s2_n103_99,s4_n40_7,s1_below_4282,s4_4_5,s2_2001_2003,s2_760_2075,s3_17_37,Truck (<=10000 lbs.),s3_28_48,Not Deployed,s2_97_208,s1_below_1,Male,s2_37_80,s3_141_159,s2_164_318,s3_80_160,s2_2_4
2181,s2_885_1695,s2_n103_99,s4_n40_7,s1_below_4282,s4_4_5,s4_2005_2007,s3_2075_3730,s3_17_37,Passenger Car,s3_28_48,Not Deployed,s2_97_208,s1_below_1,Female,s3_80_96,s3_141_159,s2_164_318,s4_160_220,s2_2_4
2182,s2_885_1695,s2_n103_99,s4_n40_7,s1_below_4282,s1_below_2,s4_2005_2007,s2_760_2075,s3_17_37,Passenger Car,s2_11_28,Not Deployed,s2_97_208,s1_below_1,Female,s3_80_96,s3_141_159,s2_164_318,s3_80_160,s2_2_4
2183,s2_885_1695,s2_n103_99,s4_n40_7,s1_below_4282,s3_3_4,s1_below_2001,s2_760_2075,s3_17_37,Passenger Car,s6_76_up,Deployed,s2_97_208,s1_below_1,Male,s3_80_96,s3_141_159,s2_164_318,s3_80_160,s2_2_4
2184,s3_1695_2555,s2_n103_99,s4_n40_7,s1_below_4282,s1_below_2,s4_2005_2007,s2_760_2075,s3_17_37,Passenger Car,s3_28_48,Deployed,s2_97_208,s1_below_1,Male,s3_80_96,s3_141_159,s2_164_318,s3_80_160,s3_4_5
2185,s2_885_1695,s2_n103_99,s4_n40_7,s1_below_4282,s2_2_3,s1_below_2001,s2_760_2075,s3_17_37,Passenger Car,s2_11_28,Deployed,s2_97_208,s1_below_1,Female,s3_80_96,s3_141_159,s2_164_318,s3_80_160,s2_2_4
2186,s2_885_1695,s2_n103_99,s4_n40_7,s1_below_4282,s4_4_5,s2_2001_2003,s2_760_2075,s3_17_37,Passenger Car,s5_64_76,Not Deployed,s2_97_208,s1_below_1,Male,s2_37_80,s3_141_159,s2_164_318,s3_80_160,s2_2_4
2187,s2_885_1695,s2_n103_99,s4_n40_7,s1_below_4282,s3_3_4,s3_2003_2005,s2_760_2075,s4_37_47,Passenger Car,s2_11_28,Deployed,s2_97_208,s1_below_1,Female,s2_37_80,s3_141_159,s2_164_318,s3_80_160,s2_2_4
2188,s2_885_1695,s2_n103_99,s4_n40_7,s1_below_4282,s1_below_2,s5_2007_2009,s2_760_2075,s2_7_17,Passenger Car,s3_28_48,Not Deployed,s2_97_208,s1_below_1,Male,s3_80_96,s3_141_159,s2_164_318,s4_160_220,s2_2_4
2189,s3_1695_2555,s2_n103_99,s4_n40_7,s1_below_4282,s3_3_4,s5_2007_2009,s2_760_2075,s4_37_47,Truck (<=6000 lbs.),s5_64_76,Not Deployed,s2_97_208,s1_below_1,Male,s3_80_96,s3_141_159,s2_164_318,s4_160_220,s2_2_4
2190,s2_885_1695,s2_n103_99,s4_n40_7,s1_below_4282,s3_3_4,s4_2005_2007,s2_760_2075,s4_37_47,Passenger Car,s6_76_up,Deployed,s2_97_208,s4_3_4,Male,s2_37_80,s3_141_159,s2_164_318,s4_160_220,s2_2_4
2191,s2_885_1695,s2_n103_99,s4_n40_7,s1_below_4282,s3_3_4,s4_2005_2007,s2_760_2075,s4_37_47,Passenger Car,s6_76_up,Deployed,s2_97_208,s4_3_4,Female,s2_37_80,s3_141_159,s2_164_318,s3_80_160,s2_2_4
2192,s2_885_1695,s2_n103_99,s4_n40_7,s1_below_4282,s3_3_4,s4_2005_2007,s2_760_2075,s4_37_47,Passenger Car,s2_11_28,Deployed,s2_97_208,s1_below_1,Male,s3_80_96,s3_141_159,s2_164_318,s3_80_160,s2_2_4
2193,s3_1695_2555,s2_n103_99,s4_n40_7,s1_below_4282,s3_3_4,s4_2005_2007,s2_760_2075,s3_17_37,Passenger Car,s4_48_64,Not Deployed,s2_97_208,s1_below_1,Female,s2_37_80,s4_159_169,s2_164_318,s3_80_160,s3_4_5
2194,s2_885_1695,s2_n103_99,s4_n40_7,s1_below_4282,s3_3_4,s1_below_2001,s2_760_2075,s3_17_37,Passenger Car,s4_48_64,Not Deployed,s2_97_208,s1_below_1,Female,s2_37_80,s3_141_159,s2_164_318,s1_below_40,s2_2_4
2195,s2_885_1695,s2_n103_99,s5_7_up,s1_below_4282,s2_2_3,s4_2005_2007,s3_2075_3730,s4_37_47,Passenger Car,s4_48_64,Not Deployed,s2_97_208,s1_below_1,Female,s2_37_80,s3_141_159,s2_164_318,s6_260_up,s2_2_4
2196,s3_1695_2555,s2_n103_99,s4_n40_7,s1_below_4282,s2_2_3,s4_2005_2007,s2_760_2075,s3_17_37,Truck (<=6000 lbs.),s3_28_48,Not Deployed,s2_97_208,s1_below_1,Female,s2_37_80,s3_141_159,s2_164_318,s3_80_160,s2_2_4
2197,s2_885_1695,s2_n103_99,s5_7_up,s1_below_4282,s4_4_5,s2_2001_2003,s3_2075_3730,s3_17_37,Passenger Car,s4_48_64,Not Deployed,s2_97_208,s1_below_1,Female,s5_114_130,s3_141_159,s2_164_318,s6_260_up,s2_2_4
2198,s2_885_1695,s2_n103_99,s4_n40_7,s1_below_4282,s2_2_3,s5_2007_2009,s2_760_2075,s3_17_37,Passenger Car,s2_11_28,Not Deployed,s2_97_208,s2_1_2,Male,s2_37_80,s3_141_159,s2_164_318,s5_220_260,s2_2_4
2199,s3_1695_2555,s2_n103_99,s5_7_up,s1_below_4282,s4_4_5,s5_2007_2009,s2_760_2075,s6_57_up,Truck (<=10000 lbs.),s3_28_48,Not Deployed,s2_97_208,s1_below_1,Female,s3_80_96,s4_159_169,s2_164_318,s6_260_up,s3_4_5
2200,s2_885_1695,s2_n103_99,s4_n40_7,s1_below_4282,s3_3_4,s2_2001_2003,s2_760_2075,s3_17_37,Passenger Car,s2_11_28,Deployed,s2_97_208,s1_below_1,Female,s2_37_80,s3_141_159,s2_164_318,s3_80_160,s2_2_4
2201,s2_885_1695,s2_n103_99,s4_n40_7,s1_below_4282,s4_4_5,s1_below_2001,s2_760_2075,s4_37_47,Passenger Car,s3_28_48,Deployed,s2_97_208,s1_below_1,Female,s2_37_80,s3_141_159,s2_164_318,s4_160_220,s2_2_4
2202,s2_885_1695,s2_n103_99,s4_n40_7,s1_below_4282,s1_below_2,s2_2001_2003,s3_2075_3730,s2_7_17,Truck (<=6000 lbs.),s4_48_64,Not Deployed,s2_97_208,s1_below_1,Male,s3_80_96,s3_141_159,s2_164_318,s2_40_80,s2_2_4
2203,s4_2555_3715,s2_n103_99,s4_n40_7,s1_below_4282,s4_4_5,s3_2003_2005,s3_2075_3730,s3_17_37,Truck (<=10000 lbs.),s3_28_48,Not Deployed,s2_97_208,s1_below_1,Male,s4_96_114,s5_169_179,s3_318_464,s3_80_160,s5_6_7
2204,s2_885_1695,s2_n103_99,s4_n40_7,s1_below_4282,s3_3_4,s4_2005_2007,s2_760_2075,s3_17_37,Passenger Car,s4_48_64,Deployed,s2_97_208,s3_2_3,Female,s2_37_80,s3_141_159,s2_164_318,s4_160_220,s2_2_4
2205,s2_885_1695,s2_n103_99,s4_n40_7,s1_below_4282,s2_2_3,s5_2007_2009,s2_760_2075,s4_37_47,Passenger Car,s3_28_48,Deployed,s2_97_208,s1_below_1,Female,s3_80_96,s3_141_159,s2_164_318,s3_80_160,s2_2_4
2206,s2_885_1695,s2_n103_99,s4_n40_7,s1_below_4282,s1_below_2,s5_2007_2009,s2_760_2075,s4_37_47,Truck (<=6000 lbs.),s2_11_28,Not Deployed,s2_97_208,s1_below_1,Female,s2_37_80,s3_141_159,s2_164_318,s2_40_80,s2_2_4
2207,s2_885_1695,s2_n103_99,s4_n40_7,s1_below_4282,s3_3_4,s3_2003_2005,s2_760_2075,s4_37_47,Passenger Car,s3_28_48,Deployed,s2_97_208,s1_below_1,Male,s2_37_80,s3_141_159,s2_164_318,s4_160_220,s2_2_4
2208,s2_885_1695,s2_n103_99,s4_n40_7,s1_below_4282,s4_4_5,s4_2005_2007,s2_760_2075,s3_17_37,Passenger Car,s6_76_up,Deployed,s2_97_208,s4_3_4,Male,s4_96_114,s3_141_159,s2_164_318,s3_80_160,s2_2_4
2209,s2_885_1695,s2_n103_99,s4_n40_7,s1_below_4282,s3_3_4,s3_2003_2005,s2_760_2075,s3_17_37,Passenger Car,s3_28_48,Deployed,s2_97_208,s1_below_1,Male,s6_130_up,s3_141_159,s2_164_318,s3_80_160,s2_2_4
2210,s3_1695_2555,s2_n103_99,s4_n40_7,s1_below_4282,s4_4_5,s4_2005_2007,s2_760_2075,s3_17_37,Truck (<=6000 lbs.),s3_28_48,Deployed,s2_97_208,s1_below_1,Male,s2_37_80,s3_141_159,s2_164_318,s4_160_220,s2_2_4
2211,s3_1695_2555,s2_n103_99,s4_n40_7,s1_below_4282,s3_3_4,s5_2007_2009,s2_760_2075,s3_17_37,Passenger Car,s2_11_28,Deployed,s2_97_208,s1_below_1,Male,s3_80_96,s4_159_169,s2_164_318,s3_80_160,s3_4_5
2212,s2_885_1695,s2_n103_99,s4_n40_7,s1_below_4282,s4_4_5,s2_2001_2003,s2_760_2075,s4_37_47,Passenger Car,s4_48_64,Deployed,s2_97_208,s2_1_2,Female,s3_80_96,s3_141_159,s2_164_318,s3_80_160,s2_2_4
2213,s3_1695_2555,s2_n103_99,s4_n40_7,s1_below_4282,s4_4_5,s4_2005_2007,s2_760_2075,s4_37_47,Truck (<=6000 lbs.),s3_28_48,Deployed,s2_97_208,s1_below_1,Male,s2_37_80,s4_159_169,s2_164_318,s3_80_160,s3_4_5
2214,s2_885_1695,s2_n103_99,s4_n40_7,s1_below_4282,s3_3_4,s3_2003_2005,s2_760_2075,s3_17_37,Passenger Car,s2_11_28,Deployed,s2_97_208,s1_below_1,Female,s2_37_80,s3_141_159,s2_164_318,s4_160_220,s2_2_4
2215,s2_885_1695,s2_n103_99,s4_n40_7,s1_below_4282,s3_3_4,s3_2003_2005,s2_760_2075,s3_17_37,Passenger Car,s2_11_28,Deployed,s2_97_208,s1_below_1,Male,s3_80_96,s3_141_159,s2_164_318,s3_80_160,s2_2_4
2216,s2_885_1695,s2_n103_99,s4_n40_7,s1_below_4282,s4_4_5,s3_2003_2005,s2_760_2075,s3_17_37,Passenger Car,s5_64_76,Deployed,s2_97_208,s1_below_1,Male,s3_80_96,s3_141_159,s2_164_318,s3_80_160,s2_2_4
2217,s2_885_1695,s2_n103_99,s4_n40_7,s1_below_4282,s3_3_4,s1_below_2001,s2_760_2075,s3_17_37,Passenger Car,s5_64_76,Not Deployed,s2_97_208,s1_below_1,Female,s2_37_80,s3_141_159,s2_164_318,s3_80_160,s2_2_4
2218,s2_885_1695,s2_n103_99,s4_n40_7,s1_below_4282,s4_4_5,s4_2005_2007,s3_2075_3730,s6_57_up,Passenger Car,s4_48_64,Deployed,s2_97_208,s1_below_1,Female,s2_37_80,s3_141_159,s2_164_318,s6_260_up,s2_2_4
2219,s2_885_1695,s2_n103_99,s4_n40_7,s1_below_4282,s1_below_2,s4_2005_2007,s3_2075_3730,s3_17_37,Truck (<=6000 lbs.),s4_48_64,Not Deployed,s2_97_208,s1_below_1,Male,s3_80_96,s3_141_159,s2_164_318,s3_80_160,s2_2_4
2220,s2_885_1695,s2_n103_99,s4_n40_7,s1_below_4282,s3_3_4,s5_2007_2009,s2_760_2075,s4_37_47,Passenger Car,s5_64_76,Deployed,s2_97_208,s1_below_1,Female,s2_37_80,s3_141_159,s2_164_318,s4_160_220,s2_2_4
2221,s2_885_1695,s2_n103_99,s4_n40_7,s1_below_4282,s2_2_3,s3_2003_2005,s2_760_2075,s4_37_47,Passenger Car,s2_11_28,Deployed,s2_97_208,s1_below_1,Male,s2_37_80,s3_141_159,s2_164_318,s3_80_160,s2_2_4
2222,s3_1695_2555,s2_n103_99,s4_n40_7,s1_below_4282,s2_2_3,s4_2005_2007,s2_760_2075,s3_17_37,Passenger Car,s3_28_48,Not Deployed,s2_97_208,s1_below_1,Male,s2_37_80,s4_159_169,s2_164_318,s4_160_220,s2_2_4
2223,s2_885_1695,s2_n103_99,s4_n40_7,s1_below_4282,s4_4_5,s4_2005_2007,s2_760_2075,s4_37_47,Passenger Car,s2_11_28,Not Deployed,s2_97_208,s1_below_1,Female,s2_37_80,s3_141_159,s2_164_318,s3_80_160,s2_2_4
2224,s2_885_1695,s2_n103_99,s4_n40_7,s1_below_4282,s4_4_5,s2_2001_2003,s2_760_2075,s4_37_47,Truck (<=6000 lbs.),s5_64_76,Not Deployed,s2_97_208,s1_below_1,Female,s5_114_130,s3_141_159,s2_164_318,s4_160_220,s2_2_4
2225,s2_885_1695,s2_n103_99,s4_n40_7,s1_below_4282,s4_4_5,s1_below_2001,s2_760_2075,s3_17_37,Passenger Car,s3_28_48,Not Deployed,s2_97_208,s1_below_1,Male,s2_37_80,s3_141_159,s2_164_318,s2_40_80,s2_2_4
2226,s2_885_1695,s2_n103_99,s4_n40_7,s1_below_4282,s4_4_5,s4_2005_2007,s2_760_2075,s4_37_47,Passenger Car,s2_11_28,Not Deployed,s2_97_208,s1_below_1,Female,s2_37_80,s3_141_159,s2_164_318,s3_80_160,s2_2_4
2227,s2_885_1695,s2_n103_99,s4_n40_7,s1_below_4282,s1_below_2,s3_2003_2005,s2_760_2075,s4_37_47,Passenger Car,s2_11_28,Deployed,s2_97_208,s1_below_1,Female,s2_37_80,s3_141_159,s2_164_318,s3_80_160,s2_2_4
2228,s3_1695_2555,s2_n103_99,s4_n40_7,s1_below_4282,s2_2_3,s1_below_2001,s2_760_2075,s4_37_47,Truck (<=10000 lbs.),s4_48_64,Deployed,s2_97_208,s1_below_1,Female,s3_80_96,s4_159_169,s2_164_318,s4_160_220,s3_4_5
2229,s2_885_1695,s2_n103_99,s4_n40_7,s1_below_4282,s1_below_2,s4_2005_2007,s3_2075_3730,s3_17_37,Passenger Car,s2_11_28,Deployed,s2_97_208,s1_below_1,Female,s2_37_80,s3_141_159,s2_164_318,s3_80_160,s2_2_4
2230,s2_885_1695,s2_n103_99,s4_n40_7,s1_below_4282,s1_below_2,s5_2007_2009,s2_760_2075,s4_37_47,Passenger Car,s5_64_76,Deployed,s2_97_208,s1_below_1,Male,s3_80_96,s3_141_159,s2_164_318,s3_80_160,s2_2_4
2231,s2_885_1695,s2_n103_99,s4_n40_7,s1_below_4282,s4_4_5,s3_2003_2005,s2_760_2075,s4_37_47,Passenger Car,s2_11_28,Deployed,s2_97_208,s1_below_1,Female,s2_37_80,s3_141_159,s2_164_318,s3_80_160,s2_2_4
2232,s2_885_1695,s2_n103_99,s4_n40_7,s1_below_4282,s4_4_5,s4_2005_2007,s2_760_2075,s4_37_47,Passenger Car,s2_11_28,Deployed,s2_97_208,s1_below_1,Female,s2_37_80,s3_141_159,s2_164_318,s4_160_220,s2_2_4
2233,s2_885_1695,s2_n103_99,s4_n40_7,s1_below_4282,s4_4_5,s2_2001_2003,s2_760_2075,s4_37_47,Passenger Car,s2_11_28,Deployed,s2_97_208,s1_below_1,Male,s4_96_114,s3_141_159,s2_164_318,s4_160_220,s2_2_4
2234,s2_885_1695,s2_n103_99,s4_n40_7,s1_below_4282,s4_4_5,s4_2005_2007,s2_760_2075,s4_37_47,Passenger Car,s2_11_28,Deployed,s2_97_208,s1_below_1,Male,s2_37_80,s3_141_159,s2_164_318,s4_160_220,s2_2_4
2235,s3_1695_2555,s2_n103_99,s4_n40_7,s1_below_4282,s4_4_5,s4_2005_2007,s2_760_2075,s6_57_up,Truck (<=6000 lbs.),s4_48_64,Deployed,s2_97_208,s1_below_1,Female,s4_96_114,s4_159_169,s2_164_318,s4_160_220,s3_4_5
2236,s2_885_1695,s2_n103_99,s4_n40_7,s1_below_4282,s3_3_4,s4_2005_2007,s2_760_2075,s4_37_47,Passenger Car,s2_11_28,Deployed,s2_97_208,s1_below_1,Male,s2_37_80,s3_141_159,s2_164_318,s4_160_220,s2_2_4
2237,s2_885_1695,s2_n103_99,s4_n40_7,s1_below_4282,s6_6_up,s4_2005_2007,s2_760_2075,s4_37_47,Passenger Car,s3_28_48,Deployed,s2_97_208,s1_below_1,Male,s2_37_80,s3_141_159,s2_164_318,s3_80_160,s2_2_4
2238,s3_1695_2555,s2_n103_99,s4_n40_7,s1_below_4282,s3_3_4,s3_2003_2005,s2_760_2075,s3_17_37,Truck (<=6000 lbs.),s3_28_48,Deployed,s2_97_208,s1_below_1,Female,s2_37_80,s5_169_179,s2_164_318,s3_80_160,s2_2_4
2239,s3_1695_2555,s2_n103_99,s4_n40_7,s1_below_4282,s2_2_3,s4_2005_2007,s2_760_2075,s3_17_37,Truck (<=6000 lbs.),s3_28_48,Deployed,s2_97_208,s1_below_1,Male,s3_80_96,s4_159_169,s2_164_318,s4_160_220,s3_4_5
2240,s2_885_1695,s2_n103_99,s3_n81_n40,s1_below_4282,s4_4_5,s4_2005_2007,s3_2075_3730,s5_47_57,Passenger Car,s3_28_48,Deployed,s2_97_208,s1_below_1,Male,s4_96_114,s3_141_159,s2_164_318,s3_80_160,s2_2_4
2241,s2_885_1695,s2_n103_99,s4_n40_7,s1_below_4282,s4_4_5,s4_2005_2007,s2_760_2075,s4_37_47,Passenger Car,s2_11_28,Deployed,s2_97_208,s3_2_3,Female,s2_37_80,s3_141_159,s2_164_318,s3_80_160,s2_2_4
2242,s2_885_1695,s2_n103_99,s5_7_up,s1_below_4282,s4_4_5,s4_2005_2007,s2_760_2075,s4_37_47,Passenger Car,s2_11_28,Not Deployed,s2_97_208,s1_below_1,Male,s4_96_114,s3_141_159,s2_164_318,s6_260_up,s2_2_4
2243,s2_885_1695,s2_n103_99,s4_n40_7,s1_below_4282,s1_below_2,s4_2005_2007,s2_760_2075,s3_17_37,Passenger Car,s4_48_64,Not Deployed,s2_97_208,s1_below_1,Male,s5_114_130,s3_141_159,s2_164_318,s3_80_160,s2_2_4
2244,s2_885_1695,s2_n103_99,s4_n40_7,s1_below_4282,s1_below_2,s3_2003_2005,s2_760_2075,s3_17_37,Passenger Car,s3_28_48,Deployed,s2_97_208,s1_below_1,Female,s2_37_80,s3_141_159,s2_164_318,s3_80_160,s2_2_4
2245,s4_2555_3715,s2_n103_99,s4_n40_7,s1_below_4282,s1_below_2,s3_2003_2005,s2_760_2075,s4_37_47,Truck (<=10000 lbs.),s3_28_48,Deployed,s2_97_208,s1_below_1,Female,s2_37_80,s5_169_179,s3_318_464,s3_80_160,s5_6_7
2246,s4_2555_3715,s2_n103_99,s4_n40_7,s1_below_4282,s1_below_2,s5_2007_2009,s2_760_2075,s4_37_47,Truck (<=10000 lbs.),s3_28_48,Deployed,s2_97_208,s1_below_1,Male,s3_80_96,s5_169_179,s3_318_464,s3_80_160,s5_6_7
2247,s2_885_1695,s2_n103_99,s4_n40_7,s1_below_4282,s4_4_5,s1_below_2001,s3_2075_3730,s4_37_47,Passenger Car,s3_28_48,Not Deployed,s2_97_208,s1_below_1,Male,s3_80_96,s3_141_159,s2_164_318,s3_80_160,s2_2_4
2248,s2_885_1695,s2_n103_99,s4_n40_7,s1_below_4282,s5_5_6,s5_2007_2009,s2_760_2075,s6_57_up,Passenger Car,s3_28_48,Deployed,s2_97_208,s1_below_1,Male,s3_80_96,s3_141_159,s2_164_318,s3_80_160,s2_2_4
2249,s3_1695_2555,s2_n103_99,s4_n40_7,s1_below_4282,s2_2_3,s4_2005_2007,s2_760_2075,s3_17_37,Truck (<=6000 lbs.),s3_28_48,Not Deployed,s2_97_208,s1_below_1,Female,s2_37_80,s4_159_169,s2_164_318,s3_80_160,s2_2_4
2250,s2_885_1695,s2_n103_99,s4_n40_7,s1_below_4282,s4_4_5,s1_below_2001,s2_760_2075,s3_17_37,Passenger Car,s3_28_48,Deployed,s2_97_208,s1_below_1,Male,s2_37_80,s3_141_159,s2_164_318,s4_160_220,s2_2_4
2251,s2_885_1695,s2_n103_99,s4_n40_7,s1_below_4282,s4_4_5,s2_2001_2003,s2_760_2075,s3_17_37,Passenger Car,s3_28_48,Not Deployed,s2_97_208,s1_below_1,Male,s2_37_80,s3_141_159,s2_164_318,s3_80_160,s2_2_4
2252,s3_1695_2555,s2_n103_99,s4_n40_7,s1_below_4282,s1_below_2,s2_2001_2003,s2_760_2075,s4_37_47,Truck (<=6000 lbs.),s3_28_48,Not Deployed,s2_97_208,s1_below_1,Female,s2_37_80,s3_141_159,s2_164_318,s3_80_160,s2_2_4
2253,s2_885_1695,s2_n103_99,s4_n40_7,s1_below_4282,s4_4_5,s5_2007_2009,s2_760_2075,s4_37_47,Passenger Car,s3_28_48,Not Deployed,s2_97_208,s1_below_1,Female,s2_37_80,s3_141_159,s2_164_318,s4_160_220,s2_2_4
2254,s2_885_1695,s2_n103_99,s3_n81_n40,s1_below_4282,s4_4_5,s2_2001_2003,s2_760_2075,s4_37_47,Passenger Car,s4_48_64,Deployed,s2_97_208,s1_below_1,Female,s2_37_80,s3_141_159,s2_164_318,s3_80_160,s2_2_4
2255,s2_885_1695,s2_n103_99,s4_n40_7,s1_below_4282,s1_below_2,s5_2007_2009,s3_2075_3730,s6_57_up,Passenger Car,s3_28_48,Deployed,s2_97_208,s1_below_1,Male,s4_96_114,s3_141_159,s2_164_318,s3_80_160,s2_2_4
2256,s2_885_1695,s2_n103_99,s4_n40_7,s1_below_4282,s1_below_2,s5_2007_2009,s2_760_2075,s4_37_47,Passenger Car,s4_48_64,Deployed,s2_97_208,s1_below_1,Female,s2_37_80,s3_141_159,s2_164_318,s3_80_160,s2_2_4
2257,s2_885_1695,s2_n103_99,s4_n40_7,s1_below_4282,s2_2_3,s3_2003_2005,s2_760_2075,s3_17_37,Passenger Car,s2_11_28,Deployed,s2_97_208,s1_below_1,Female,s2_37_80,s3_141_159,s2_164_318,s3_80_160,s2_2_4
2258,s2_885_1695,s2_n103_99,s5_7_up,s1_below_4282,s2_2_3,s5_2007_2009,s2_760_2075,s4_37_47,Passenger Car,s3_28_48,Not Deployed,s2_97_208,s1_below_1,Male,s4_96_114,s3_141_159,s2_164_318,s6_260_up,s2_2_4
2259,s2_885_1695,s2_n103_99,s4_n40_7,s1_below_4282,s2_2_3,s1_below_2001,s2_760_2075,s5_47_57,Passenger Car,s2_11_28,Not Deployed,s2_97_208,s1_below_1,Female,s2_37_80,s3_141_159,s2_164_318,s3_80_160,s2_2_4
2260,s2_885_1695,s2_n103_99,s4_n40_7,s1_below_4282,s4_4_5,s5_2007_2009,s3_2075_3730,s4_37_47,Passenger Car,s4_48_64,Deployed,s2_97_208,s1_below_1,Male,s3_80_96,s3_141_159,s2_164_318,s3_80_160,s2_2_4
2261,s2_885_1695,s2_n103_99,s4_n40_7,s1_below_4282,s2_2_3,s4_2005_2007,s2_760_2075,s4_37_47,Passenger Car,s4_48_64,Not Deployed,s2_97_208,s1_below_1,Female,s4_96_114,s3_141_159,s2_164_318,s2_40_80,s2_2_4
2262,s3_1695_2555,s2_n103_99,s4_n40_7,s1_below_4282,s1_below_2,s2_2001_2003,s3_2075_3730,s3_17_37,Truck (<=10000 lbs.),s2_11_28,Not Deployed,s2_97_208,s1_below_1,Male,s2_37_80,s3_141_159,s3_318_464,s3_80_160,s3_4_5
2263,s4_2555_3715,s2_n103_99,s4_n40_7,s1_below_4282,s1_below_2,s5_2007_2009,s2_760_2075,s3_17_37,Truck (<=10000 lbs.),s3_28_48,Deployed,s2_97_208,s1_below_1,Male,s3_80_96,s4_159_169,s2_164_318,s2_40_80,s3_4_5
2264,s2_885_1695,s2_n103_99,s4_n40_7,s1_below_4282,s2_2_3,s2_2001_2003,s2_760_2075,s6_57_up,Passenger Car,s2_11_28,Not Deployed,s2_97_208,s1_below_1,Male,s2_37_80,s3_141_159,s2_164_318,s3_80_160,s2_2_4
2265,s2_885_1695,s2_n103_99,s4_n40_7,s1_below_4282,s5_5_6,s4_2005_2007,s2_760_2075,s4_37_47,Passenger Car,s2_11_28,Deployed,s2_97_208,s3_2_3,Female,s2_37_80,s3_141_159,s2_164_318,s3_80_160,s2_2_4
2266,s2_885_1695,s2_n103_99,s4_n40_7,s1_below_4282,s1_below_2,s5_2007_2009,s2_760_2075,s5_47_57,Passenger Car,s2_11_28,Deployed,s2_97_208,s1_below_1,Male,s2_37_80,s3_141_159,s2_164_318,s3_80_160,s2_2_4
2267,s2_885_1695,s2_n103_99,s4_n40_7,s1_below_4282,s1_below_2,s2_2001_2003,s2_760_2075,s4_37_47,Passenger Car,s3_28_48,Not Deployed,s2_97_208,s1_below_1,Male,s3_80_96,s3_141_159,s2_164_318,s4_160_220,s2_2_4
2268,s2_885_1695,s2_n103_99,s4_n40_7,s1_below_4282,s2_2_3,s1_below_2001,s2_760_2075,s4_37_47,Passenger Car,s2_11_28,Deployed,s2_97_208,s1_below_1,Female,s2_37_80,s3_141_159,s2_164_318,s3_80_160,s2_2_4
2269,s2_885_1695,s2_n103_99,s4_n40_7,s1_below_4282,s1_below_2,s1_below_2001,s3_2075_3730,s4_37_47,Passenger Car,s2_11_28,Not Deployed,s2_97_208,s1_below_1,Male,s2_37_80,s3_141_159,s2_164_318,s3_80_160,s2_2_4
2270,s3_1695_2555,s2_n103_99,s4_n40_7,s1_below_4282,s3_3_4,s5_2007_2009,s2_760_2075,s3_17_37,Truck (<=10000 lbs.),s3_28_48,Not Deployed,s2_97_208,s1_below_1,Female,s2_37_80,s4_159_169,s2_164_318,s3_80_160,s3_4_5
2271,s3_1695_2555,s2_n103_99,s4_n40_7,s1_below_4282,s1_below_2,s4_2005_2007,s2_760_2075,s4_37_47,Truck (<=10000 lbs.),s4_48_64,Deployed,s2_97_208,s1_below_1,Female,s2_37_80,s4_159_169,s2_164_318,s3_80_160,s3_4_5
2272,s2_885_1695,s2_n103_99,s4_n40_7,s1_below_4282,s2_2_3,s2_2001_2003,s2_760_2075,s3_17_37,Passenger Car,s4_48_64,Not Deployed,s2_97_208,s2_1_2,Male,s4_96_114,s3_141_159,s2_164_318,s3_80_160,s2_2_4
2273,s3_1695_2555,s2_n103_99,s4_n40_7,s1_below_4282,s2_2_3,s1_below_2001,s2_760_2075,s6_57_up,Truck (<=6000 lbs.),s2_11_28,Not Deployed,s2_97_208,s1_below_1,Male,s3_80_96,s4_159_169,s2_164_318,s3_80_160,s2_2_4
2274,s3_1695_2555,s2_n103_99,s4_n40_7,s1_below_4282,s1_below_2,s1_below_2001,s2_760_2075,s4_37_47,Truck (<=6000 lbs.),s2_11_28,Not Deployed,s2_97_208,s1_below_1,Male,s2_37_80,s3_141_159,s2_164_318,s3_80_160,s2_2_4
2275,s2_885_1695,s2_n103_99,s5_7_up,s1_below_4282,s1_below_2,s4_2005_2007,s2_760_2075,s4_37_47,Passenger Car,s4_48_64,Not Deployed,s2_97_208,s1_below_1,Male,s4_96_114,s3_141_159,s2_164_318,s6_260_up,s2_2_4
2276,s3_1695_2555,s2_n103_99,s4_n40_7,s1_below_4282,s2_2_3,s4_2005_2007,s2_760_2075,s4_37_47,Truck (<=10000 lbs.),s4_48_64,Not Deployed,s2_97_208,s1_below_1,Female,s2_37_80,s4_159_169,s2_164_318,s3_80_160,s2_2_4
2277,s2_885_1695,s2_n103_99,s5_7_up,s1_below_4282,s2_2_3,s1_below_2001,s3_2075_3730,s4_37_47,Passenger Car,s4_48_64,Not Deployed,s2_97_208,s1_below_1,Male,s5_114_130,s3_141_159,s2_164_318,s6_260_up,s2_2_4
2278,s3_1695_2555,s2_n103_99,s5_7_up,s1_below_4282,s3_3_4,s4_2005_2007,s2_760_2075,s5_47_57,Truck (<=6000 lbs.),s4_48_64,Not Deployed,s2_97_208,s1_below_1,Male,s3_80_96,s4_159_169,s2_164_318,s6_260_up,s3_4_5
2279,s4_2555_3715,s2_n103_99,s4_n40_7,s1_below_4282,s6_6_up,s2_2001_2003,s2_760_2075,s4_37_47,Truck (<=10000 lbs.),s2_11_28,Not Deployed,s2_97_208,s1_below_1,Male,s3_80_96,s5_169_179,s3_318_464,s3_80_160,s4_5_6
2280,s2_885_1695,s2_n103_99,s4_n40_7,s1_below_4282,s3_3_4,s3_2003_2005,s3_2075_3730,s4_37_47,Passenger Car,s2_11_28,Deployed,s2_97_208,s1_below_1,Male,s4_96_114,s3_141_159,s2_164_318,s3_80_160,s2_2_4
2281,s2_885_1695,s2_n103_99,s4_n40_7,s1_below_4282,s4_4_5,s2_2001_2003,s2_760_2075,s4_37_47,Passenger Car,s3_28_48,Deployed,s2_97_208,s1_below_1,Male,s3_80_96,s3_141_159,s2_164_318,s3_80_160,s2_2_4
2282,s2_885_1695,s2_n103_99,s4_n40_7,s1_below_4282,s2_2_3,s2_2001_2003,s2_760_2075,s4_37_47,Passenger Car,s4_48_64,Not Deployed,s2_97_208,s1_below_1,Male,s3_80_96,s3_141_159,s2_164_318,s3_80_160,s2_2_4
2283,s2_885_1695,s2_n103_99,s5_7_up,s1_below_4282,s1_below_2,s3_2003_2005,s2_760_2075,s4_37_47,Passenger Car,s5_64_76,Not Deployed,s2_97_208,s1_below_1,Male,s2_37_80,s3_141_159,s2_164_318,s6_260_up,s2_2_4
2284,s3_1695_2555,s2_n103_99,s4_n40_7,s1_below_4282,s2_2_3,s5_2007_2009,s2_760_2075,s3_17_37,Truck (<=6000 lbs.),s4_48_64,Not Deployed,s2_97_208,s1_below_1,Male,s3_80_96,s3_141_159,s2_164_318,s2_40_80,s2_2_4
2285,s3_1695_2555,s2_n103_99,s4_n40_7,s1_below_4282,s1_below_2,s3_2003_2005,s2_760_2075,s4_37_47,Truck (<=6000 lbs.),s3_28_48,Deployed,s2_97_208,s1_below_1,Male,s4_96_114,s3_141_159,s2_164_318,s3_80_160,s2_2_4
2286,s2_885_1695,s2_n103_99,s4_n40_7,s1_below_4282,s1_below_2,s4_2005_2007,s2_760_2075,s3_17_37,Passenger Car,s2_11_28,Deployed,s2_97_208,s1_below_1,Female,s2_37_80,s3_141_159,s2_164_318,s3_80_160,s2_2_4
2287,s3_1695_2555,s2_n103_99,s4_n40_7,s1_below_4282,s4_4_5,s1_below_2001,s2_760_2075,s4_37_47,Passenger Car,s5_64_76,Not Deployed,s2_97_208,s1_below_1,Male,s3_80_96,s3_141_159,s2_164_318,s3_80_160,s2_2_4
2288,s3_1695_2555,s2_n103_99,s4_n40_7,s1_below_4282,s3_3_4,s5_2007_2009,s3_2075_3730,s5_47_57,Truck (<=6000 lbs.),s2_11_28,Deployed,s2_97_208,s1_below_1,Female,s2_37_80,s4_159_169,s2_164_318,s3_80_160,s2_2_4
2289,s2_885_1695,s2_n103_99,s4_n40_7,s1_below_4282,s2_2_3,s3_2003_2005,s2_760_2075,s4_37_47,Passenger Car,s2_11_28,Deployed,s2_97_208,s1_below_1,Female,s2_37_80,s3_141_159,s2_164_318,s3_80_160,s2_2_4
2290,s2_885_1695,s2_n103_99,s5_7_up,s1_below_4282,s2_2_3,s4_2005_2007,s2_760_2075,s4_37_47,Passenger Car,s3_28_48,Not Deployed,s2_97_208,s1_below_1,Female,s2_37_80,s3_141_159,s2_164_318,s6_260_up,s2_2_4
2291,s2_885_1695,s2_n103_99,s5_7_up,s1_below_4282,s2_2_3,s1_below_2001,s2_760_2075,s4_37_47,Passenger Car,s3_28_48,Not Deployed,s2_97_208,s1_below_1,Female,s2_37_80,s3_141_159,s2_164_318,s6_260_up,s2_2_4
2292,s3_1695_2555,s2_n103_99,s4_n40_7,s1_below_4282,s1_below_2,s3_2003_2005,s2_760_2075,s3_17_37,Passenger Car,s4_48_64,Not Deployed,s2_97_208,s1_below_1,Female,s2_37_80,s3_141_159,s2_164_318,s3_80_160,s2_2_4
2293,s3_1695_2555,s2_n103_99,s4_n40_7,s1_below_4282,s2_2_3,s4_2005_2007,s2_760_2075,s4_37_47,Truck (<=10000 lbs.),s3_28_48,Not Deployed,s2_97_208,s1_below_1,Female,s2_37_80,s5_169_179,s3_318_464,s3_80_160,s4_5_6
2294,s2_885_1695,s2_n103_99,s4_n40_7,s1_below_4282,s4_4_5,s1_below_2001,s2_760_2075,s3_17_37,Passenger Car,s3_28_48,Deployed,s2_97_208,s1_below_1,Male,s5_114_130,s3_141_159,s2_164_318,s3_80_160,s2_2_4
2295,s2_885_1695,s2_n103_99,s4_n40_7,s1_below_4282,s1_below_2,s2_2001_2003,s2_760_2075,s5_47_57,Passenger Car,s4_48_64,Deployed,s2_97_208,s1_below_1,Male,s3_80_96,s3_141_159,s2_164_318,s3_80_160,s2_2_4
2296,s4_2555_3715,s2_n103_99,s4_n40_7,s1_below_4282,s6_6_up,s4_2005_2007,s2_760_2075,s4_37_47,Truck (<=10000 lbs.),s3_28_48,Not Deployed,s2_97_208,s1_below_1,Male,s3_80_96,s5_169_179,s3_318_464,s3_80_160,s5_6_7
2297,s2_885_1695,s2_n103_99,s4_n40_7,s1_below_4282,s2_2_3,s3_2003_2005,s3_2075_3730,s1_below_7,Passenger Car,s2_11_28,Not Deployed,s2_97_208,s2_1_2,Female,s2_37_80,s3_141_159,s2_164_318,s2_40_80,s2_2_4
2298,s3_1695_2555,s2_n103_99,s4_n40_7,s1_below_4282,s1_below_2,s3_2003_2005,s3_2075_3730,s5_47_57,Truck (<=6000 lbs.),s4_48_64,Deployed,s2_97_208,s1_below_1,Female,s2_37_80,s3_141_159,s2_164_318,s3_80_160,s2_2_4
2299,s3_1695_2555,s2_n103_99,s4_n40_7,s1_below_4282,s3_3_4,s4_2005_2007,s2_760_2075,s4_37_47,Truck (<=6000 lbs.),s4_48_64,Deployed,s2_97_208,s1_below_1,Female,s2_37_80,s4_159_169,s2_164_318,s3_80_160,s2_2_4
2300,s2_885_1695,s2_n103_99,s5_7_up,s1_below_4282,s3_3_4,s4_2005_2007,s2_760_2075,s6_57_up,Passenger Car,s2_11_28,Not Deployed,s2_97_208,s1_below_1,Male,s2_37_80,s3_141_159,s2_164_318,s6_260_up,s2_2_4
2301,s2_885_1695,s2_n103_99,s4_n40_7,s1_below_4282,s3_3_4,s2_2001_2003,s2_760_2075,s4_37_47,Passenger Car,s4_48_64,Not Deployed,s2_97_208,s1_below_1,Male,s2_37_80,s3_141_159,s2_164_318,s4_160_220,s2_2_4
2302,s2_885_1695,s2_n103_99,s4_n40_7,s1_below_4282,s3_3_4,s5_2007_2009,s2_760_2075,s5_47_57,Truck (<=6000 lbs.),s3_28_48,Deployed,s2_97_208,s1_below_1,Male,s2_37_80,s3_141_159,s2_164_318,s3_80_160,s2_2_4
2303,s2_885_1695,s2_n103_99,s4_n40_7,s1_below_4282,s1_below_2,s5_2007_2009,s2_760_2075,s4_37_47,Passenger Car,s2_11_28,Not Deployed,s2_97_208,s1_below_1,Male,s3_80_96,s3_141_159,s2_164_318,s3_80_160,s2_2_4
2304,s2_885_1695,s2_n103_99,s4_n40_7,s1_below_4282,s2_2_3,s3_2003_2005,s3_2075_3730,s5_47_57,Passenger Car,s4_48_64,Not Deployed,s2_97_208,s1_below_1,Female,s2_37_80,s3_141_159,s2_164_318,s3_80_160,s2_2_4
2305,s2_885_1695,s2_n103_99,s4_n40_7,s1_below_4282,s3_3_4,s4_2005_2007,s2_760_2075,s4_37_47,Passenger Car,s3_28_48,Deployed,s2_97_208,s2_1_2,Female,s2_37_80,s3_141_159,s2_164_318,s3_80_160,s2_2_4
2306,s2_885_1695,s2_n103_99,s4_n40_7,s1_below_4282,s2_2_3,s5_2007_2009,s2_760_2075,s4_37_47,Passenger Car,s3_28_48,Not Deployed,s2_97_208,s1_below_1,Female,s3_80_96,s3_141_159,s2_164_318,s4_160_220,s2_2_4
2307,s3_1695_2555,s2_n103_99,s4_n40_7,s1_below_4282,s2_2_3,s2_2001_2003,s2_760_2075,s4_37_47,Truck (<=6000 lbs.),s3_28_48,Deployed,s2_97_208,s1_below_1,Female,s6_130_up,s4_159_169,s2_164_318,s3_80_160,s3_4_5
2308,s2_885_1695,s2_n103_99,s4_n40_7,s1_below_4282,s2_2_3,s4_2005_2007,s2_760_2075,s3_17_37,Passenger Car,s2_11_28,Not Deployed,s2_97_208,s1_below_1,Male,s3_80_96,s3_141_159,s2_164_318,s3_80_160,s2_2_4
2309,s2_885_1695,s2_n103_99,s4_n40_7,s1_below_4282,s3_3_4,s2_2001_2003,s2_760_2075,s3_17_37,Passenger Car,s2_11_28,Not Deployed,s2_97_208,s1_below_1,Female,s2_37_80,s3_141_159,s2_164_318,s3_80_160,s2_2_4
2310,s4_2555_3715,s2_n103_99,s4_n40_7,s1_below_4282,s3_3_4,s5_2007_2009,s3_2075_3730,s4_37_47,Truck (<=10000 lbs.),s5_64_76,Deployed,s2_97_208,s1_below_1,Male,s3_80_96,s4_159_169,s2_164_318,s4_160_220,s3_4_5
2311,s3_1695_2555,s2_n103_99,s4_n40_7,s1_below_4282,s3_3_4,s4_2005_2007,s3_2075_3730,s4_37_47,Truck (<=10000 lbs.),s3_28_48,Deployed,s2_97_208,s1_below_1,Male,s3_80_96,s4_159_169,s3_318_464,s3_80_160,s4_5_6
2312,s2_885_1695,s2_n103_99,s4_n40_7,s1_below_4282,s1_below_2,s1_below_2001,s2_760_2075,s3_17_37,Passenger Car,s2_11_28,Not Deployed,s2_97_208,s1_below_1,Male,s2_37_80,s3_141_159,s2_164_318,s3_80_160,s2_2_4
2313,s2_885_1695,s2_n103_99,s4_n40_7,s1_below_4282,s2_2_3,s4_2005_2007,s2_760_2075,s5_47_57,Passenger Car,s3_28_48,Deployed,s2_97_208,s1_below_1,Female,s2_37_80,s3_141_159,s2_164_318,s3_80_160,s2_2_4
2314,s3_1695_2555,s2_n103_99,s4_n40_7,s1_below_4282,s4_4_5,s4_2005_2007,s2_760_2075,s4_37_47,Truck (<=10000 lbs.),s3_28_48,Not Deployed,s2_97_208,s1_below_1,Female,s2_37_80,s5_169_179,s2_164_318,s3_80_160,s3_4_5
2315,s2_885_1695,s2_n103_99,s5_7_up,s1_below_4282,s4_4_5,s1_below_2001,s3_2075_3730,s4_37_47,Passenger Car,s3_28_48,Not Deployed,s2_97_208,s1_below_1,Female,s2_37_80,s3_141_159,s2_164_318,s6_260_up,s2_2_4
2316,s3_1695_2555,s2_n103_99,s3_n81_n40,s1_below_4282,s2_2_3,s5_2007_2009,s3_2075_3730,s4_37_47,Truck (<=10000 lbs.),s2_11_28,Deployed,s2_97_208,s2_1_2,Male,s3_80_96,s5_169_179,s3_318_464,s3_80_160,s5_6_7
2317,s2_885_1695,s2_n103_99,s4_n40_7,s1_below_4282,s2_2_3,s2_2001_2003,s3_2075_3730,s3_17_37,Passenger Car,s4_48_64,Deployed,s2_97_208,s2_1_2,Female,s5_114_130,s3_141_159,s2_164_318,s3_80_160,s2_2_4
2318,s2_885_1695,s2_n103_99,s5_7_up,s1_below_4282,s2_2_3,s5_2007_2009,s2_760_2075,s4_37_47,Truck (<=6000 lbs.),s2_11_28,Not Deployed,s2_97_208,s1_below_1,Female,s3_80_96,s3_141_159,s2_164_318,s6_260_up,s2_2_4
2319,s3_1695_2555,s2_n103_99,s4_n40_7,s1_below_4282,s3_3_4,s2_2001_2003,s2_760_2075,s4_37_47,Truck (<=10000 lbs.),s2_11_28,Deployed,s2_97_208,s1_below_1,Female,s2_37_80,s4_159_169,s2_164_318,s3_80_160,s3_4_5
2320,s2_885_1695,s2_n103_99,s4_n40_7,s1_below_4282,s2_2_3,s1_below_2001,s2_760_2075,s6_57_up,Passenger Car,s4_48_64,Not Deployed,s2_97_208,s1_below_1,Female,s2_37_80,s3_141_159,s2_164_318,s3_80_160,s2_2_4
2321,s3_1695_2555,s2_n103_99,s4_n40_7,s1_below_4282,s1_below_2,s2_2001_2003,s2_760_2075,s4_37_47,Truck (<=6000 lbs.),s3_28_48,Not Deployed,s2_97_208,s1_below_1,Female,s2_37_80,s3_141_159,s2_164_318,s1_below_40,s2_2_4
2322,s2_885_1695,s2_n103_99,s4_n40_7,s1_below_4282,s1_below_2,s4_2005_2007,s2_760_2075,s4_37_47,Passenger Car,s5_64_76,Deployed,s2_97_208,s1_below_1,Female,s2_37_80,s3_141_159,s2_164_318,s3_80_160,s2_2_4
2323,s3_1695_2555,s2_n103_99,s4_n40_7,s1_below_4282,s1_below_2,s3_2003_2005,s2_760_2075,s4_37_47,Truck (<=10000 lbs.),s3_28_48,Not Deployed,s2_97_208,s1_below_1,Male,s4_96_114,s4_159_169,s2_164_318,s2_40_80,s3_4_5
2324,s2_885_1695,s2_n103_99,s4_n40_7,s1_below_4282,s4_4_5,s5_2007_2009,s3_2075_3730,s4_37_47,Truck (<=6000 lbs.),s2_11_28,Deployed,s2_97_208,s1_below_1,Male,s2_37_80,s3_141_159,s2_164_318,s3_80_160,s2_2_4
2325,s2_885_1695,s2_n103_99,s4_n40_7,s1_below_4282,s1_below_2,s3_2003_2005,s2_760_2075,s3_17_37,Passenger Car,s2_11_28,Deployed,s2_97_208,s1_below_1,Female,s2_37_80,s3_141_159,s2_164_318,s3_80_160,s2_2_4
2326,s2_885_1695,s2_n103_99,s4_n40_7,s1_below_4282,s1_below_2,s2_2001_2003,s2_760_2075,s3_17_37,Passenger Car,s3_28_48,Deployed,s2_97_208,s1_below_1,Male,s3_80_96,s3_141_159,s2_164_318,s3_80_160,s2_2_4
2327,s3_1695_2555,s2_n103_99,s4_n40_7,s1_below_4282,s1_below_2,s3_2003_2005,s2_760_2075,s3_17_37,Truck (<=6000 lbs.),s4_48_64,Not Deployed,s2_97_208,s1_below_1,Female,s2_37_80,s3_141_159,s2_164_318,s4_160_220,s2_2_4
2328,s2_885_1695,s2_n103_99,s4_n40_7,s1_below_4282,s2_2_3,s2_2001_2003,s2_760_2075,s4_37_47,Truck (<=6000 lbs.),s3_28_48,Deployed,s2_97_208,s1_below_1,Male,s3_80_96,s3_141_159,s2_164_318,s3_80_160,s2_2_4
2329,s2_885_1695,s2_n103_99,s4_n40_7,s1_below_4282,s2_2_3,s2_2001_2003,s2_760_2075,s4_37_47,Passenger Car,s2_11_28,Not Deployed,s2_97_208,s4_3_4,Male,s2_37_80,s3_141_159,s2_164_318,s2_40_80,s2_2_4
2330,s2_885_1695,s2_n103_99,s4_n40_7,s1_below_4282,s2_2_3,s4_2005_2007,s2_760_2075,s4_37_47,Passenger Car,s3_28_48,Not Deployed,s2_97_208,s1_below_1,Female,s2_37_80,s3_141_159,s2_164_318,s3_80_160,s2_2_4
2331,s3_1695_2555,s2_n103_99,s4_n40_7,s1_below_4282,s1_below_2,s5_2007_2009,s2_760_2075,s3_17_37,Truck (<=10000 lbs.),s4_48_64,Deployed,s2_97_208,s1_below_1,Female,s4_96_114,s3_141_159,s2_164_318,s3_80_160,s2_2_4
2332,s2_885_1695,s2_n103_99,s4_n40_7,s1_below_4282,s1_below_2,s4_2005_2007,s2_760_2075,s3_17_37,Passenger Car,s5_64_76,Deployed,s2_97_208,s3_2_3,Female,s2_37_80,s3_141_159,s2_164_318,s3_80_160,s2_2_4
2333,s2_885_1695,s2_n103_99,s4_n40_7,s1_below_4282,s1_below_2,s3_2003_2005,s2_760_2075,s6_57_up,Passenger Car,s3_28_48,Not Deployed,s2_97_208,s1_below_1,Male,s2_37_80,s3_141_159,s2_164_318,s3_80_160,s2_2_4
2334,s2_885_1695,s2_n103_99,s4_n40_7,s1_below_4282,s4_4_5,s4_2005_2007,s2_760_2075,s4_37_47,Passenger Car,s4_48_64,Not Deployed,s2_97_208,s1_below_1,Male,s4_96_114,s3_141_159,s2_164_318,s3_80_160,s2_2_4
2335,s2_885_1695,s2_n103_99,s4_n40_7,s1_below_4282,s4_4_5,s2_2001_2003,s2_760_2075,s4_37_47,Passenger Car,s4_48_64,Not Deployed,s2_97_208,s1_below_1,Female,s2_37_80,s3_141_159,s2_164_318,s3_80_160,s2_2_4
2336,s3_1695_2555,s2_n103_99,s4_n40_7,s1_below_4282,s5_5_6,s2_2001_2003,s2_760_2075,s4_37_47,Truck (<=10000 lbs.),s2_11_28,Not Deployed,s2_97_208,s1_below_1,Male,s2_37_80,s4_159_169,s3_318_464,s4_160_220,s4_5_6
2337,s2_885_1695,s2_n103_99,s4_n40_7,s1_below_4282,s4_4_5,s4_2005_2007,s3_2075_3730,s4_37_47,Passenger Car,s3_28_48,Deployed,s2_97_208,s2_1_2,Female,s2_37_80,s3_141_159,s2_164_318,s3_80_160,s2_2_4
2338,s2_885_1695,s2_n103_99,s4_n40_7,s1_below_4282,s6_6_up,s5_2007_2009,s2_760_2075,s4_37_47,Passenger Car,s2_11_28,Deployed,s2_97_208,s1_below_1,Female,s2_37_80,s3_141_159,s2_164_318,s3_80_160,s2_2_4
2339,s3_1695_2555,s2_n103_99,s4_n40_7,s1_below_4282,s3_3_4,s4_2005_2007,s2_760_2075,s4_37_47,Truck (<=6000 lbs.),s2_11_28,Deployed,s2_97_208,s1_below_1,Female,s2_37_80,s4_159_169,s2_164_318,s3_80_160,s3_4_5
2340,s2_885_1695,s2_n103_99,s5_7_up,s1_below_4282,s3_3_4,s1_below_2001,s2_760_2075,s4_37_47,Passenger Car,s4_48_64,Deployed,s2_97_208,s1_below_1,Female,s2_37_80,s3_141_159,s2_164_318,s6_260_up,s2_2_4
2341,s2_885_1695,s2_n103_99,s4_n40_7,s1_below_4282,s2_2_3,s4_2005_2007,s2_760_2075,s4_37_47,Truck (<=6000 lbs.),s2_11_28,Deployed,s2_97_208,s2_1_2,Female,s2_37_80,s3_141_159,s2_164_318,s4_160_220,s2_2_4
2342,s2_885_1695,s2_n103_99,s4_n40_7,s1_below_4282,s2_2_3,s3_2003_2005,s2_760_2075,s4_37_47,Passenger Car,s3_28_48,Deployed,s2_97_208,s2_1_2,Male,s4_96_114,s3_141_159,s2_164_318,s3_80_160,s2_2_4
2343,s2_885_1695,s2_n103_99,s4_n40_7,s1_below_4282,s4_4_5,s2_2001_2003,s2_760_2075,s5_47_57,Passenger Car,s3_28_48,Not Deployed,s2_97_208,s1_below_1,Female,s2_37_80,s3_141_159,s2_164_318,s3_80_160,s2_2_4
2344,s2_885_1695,s2_n103_99,s4_n40_7,s1_below_4282,s3_3_4,s2_2001_2003,s2_760_2075,s3_17_37,Passenger Car,s2_11_28,Deployed,s2_97_208,s1_below_1,Female,s2_37_80,s3_141_159,s2_164_318,s3_80_160,s2_2_4
2345,s2_885_1695,s2_n103_99,s4_n40_7,s1_below_4282,s2_2_3,s2_2001_2003,s2_760_2075,s5_47_57,Passenger Car,s2_11_28,Deployed,s2_97_208,s1_below_1,Female,s2_37_80,s3_141_159,s2_164_318,s3_80_160,s2_2_4
2346,s2_885_1695,s2_n103_99,s4_n40_7,s1_below_4282,s2_2_3,s3_2003_2005,s2_760_2075,s6_57_up,Passenger Car,s5_64_76,Deployed,s2_97_208,s2_1_2,Male,s6_130_up,s3_141_159,s2_164_318,s3_80_160,s2_2_4
2347,s3_1695_2555,s2_n103_99,s4_n40_7,s1_below_4282,s3_3_4,s1_below_2001,s2_760_2075,s5_47_57,Truck (<=6000 lbs.),s6_76_up,Not Deployed,s2_97_208,s1_below_1,Female,s2_37_80,s4_159_169,s2_164_318,s3_80_160,s2_2_4
2348,s2_885_1695,s2_n103_99,s4_n40_7,s1_below_4282,s2_2_3,s4_2005_2007,s2_760_2075,s4_37_47,Passenger Car,s3_28_48,Deployed,s2_97_208,s1_below_1,Female,s3_80_96,s3_141_159,s2_164_318,s4_160_220,s2_2_4
2349,s3_1695_2555,s2_n103_99,s4_n40_7,s1_below_4282,s1_below_2,s3_2003_2005,s2_760_2075,s4_37_47,Truck (<=6000 lbs.),s2_11_28,Not Deployed,s2_97_208,s1_below_1,Male,s2_37_80,s5_169_179,s2_164_318,s2_40_80,s2_2_4
2350,s3_1695_2555,s2_n103_99,s3_n81_n40,s1_below_4282,s4_4_5,s1_below_2001,s2_760_2075,s4_37_47,Truck (<=6000 lbs.),s2_11_28,Deployed,s2_97_208,s3_2_3,Female,s2_37_80,s3_141_159,s2_164_318,s3_80_160,s2_2_4
2351,s3_1695_2555,s2_n103_99,s4_n40_7,s1_below_4282,s4_4_5,s5_2007_2009,s2_760_2075,s4_37_47,Truck (<=10000 lbs.),s5_64_76,Not Deployed,s2_97_208,s1_below_1,Female,s2_37_80,s4_159_169,s2_164_318,s4_160_220,s3_4_5
2352,s3_1695_2555,s2_n103_99,s4_n40_7,s1_below_4282,s4_4_5,s3_2003_2005,s2_760_2075,s4_37_47,Truck (<=6000 lbs.),s4_48_64,Not Deployed,s2_97_208,s1_below_1,Male,s4_96_114,s4_159_169,s2_164_318,s3_80_160,s2_2_4
2353,s2_885_1695,s2_n103_99,s4_n40_7,s1_below_4282,s2_2_3,s2_2001_2003,s2_760_2075,s3_17_37,Truck (<=6000 lbs.),s2_11_28,Deployed,s2_97_208,s1_below_1,Female,s2_37_80,s3_141_159,s2_164_318,s4_160_220,s2_2_4
2354,s2_885_1695,s2_n103_99,s4_n40_7,s1_below_4282,s1_below_2,s2_2001_2003,s2_760_2075,s4_37_47,Truck (<=6000 lbs.),s2_11_28,Not Deployed,s2_97_208,s1_below_1,Male,s2_37_80,s3_141_159,s2_164_318,s4_160_220,s2_2_4
2355,s3_1695_2555,s2_n103_99,s4_n40_7,s1_below_4282,s5_5_6,s2_2001_2003,s2_760_2075,s5_47_57,Truck (<=6000 lbs.),s4_48_64,Deployed,s2_97_208,s1_below_1,Female,s6_130_up,s4_159_169,s2_164_318,s3_80_160,s3_4_5
2356,s2_885_1695,s2_n103_99,s4_n40_7,s1_below_4282,s2_2_3,s4_2005_2007,s2_760_2075,s5_47_57,Passenger Car,s4_48_64,Deployed,s2_97_208,s3_2_3,Female,s4_96_114,s3_141_159,s2_164_318,s3_80_160,s2_2_4
2357,s3_1695_2555,s2_n103_99,s4_n40_7,s1_below_4282,s1_below_2,s4_2005_2007,s2_760_2075,s3_17_37,Truck (<=10000 lbs.),s3_28_48,Not Deployed,s2_97_208,s1_below_1,Female,s3_80_96,s4_159_169,s2_164_318,s3_80_160,s3_4_5
2358,s2_885_1695,s2_n103_99,s5_7_up,s1_below_4282,s1_below_2,s4_2005_2007,s3_2075_3730,s4_37_47,Truck (<=6000 lbs.),s4_48_64,Not Deployed,s2_97_208,s1_below_1,Female,s2_37_80,s3_141_159,s2_164_318,s3_80_160,s2_2_4
2359,s3_1695_2555,s2_n103_99,s4_n40_7,s1_below_4282,s4_4_5,s4_2005_2007,s2_760_2075,s4_37_47,Truck (<=6000 lbs.),s5_64_76,Not Deployed,s2_97_208,s1_below_1,Female,s2_37_80,s4_159_169,s2_164_318,s3_80_160,s3_4_5
2360,s2_885_1695,s2_n103_99,s4_n40_7,s1_below_4282,s1_below_2,s4_2005_2007,s2_760_2075,s4_37_47,Passenger Car,s2_11_28,Not Deployed,s2_97_208,s1_below_1,Female,s4_96_114,s3_141_159,s2_164_318,s3_80_160,s2_2_4
2361,s3_1695_2555,s2_n103_99,s3_n81_n40,s1_below_4282,s4_4_5,s2_2001_2003,s2_760_2075,s4_37_47,Passenger Car,s2_11_28,Deployed,s2_97_208,s1_below_1,Male,s3_80_96,s4_159_169,s2_164_318,s3_80_160,s2_2_4
2362,s2_885_1695,s2_n103_99,s4_n40_7,s1_below_4282,s3_3_4,s2_2001_2003,s2_760_2075,s4_37_47,Passenger Car,s6_76_up,Not Deployed,s2_97_208,s5_4_5,Male,s2_37_80,s3_141_159,s2_164_318,s4_160_220,s2_2_4
2363,s3_1695_2555,s2_n103_99,s4_n40_7,s1_below_4282,s4_4_5,s2_2001_2003,s2_760_2075,s4_37_47,Truck (<=10000 lbs.),s5_64_76,Deployed,s2_97_208,s1_below_1,Male,s4_96_114,s5_169_179,s2_164_318,s3_80_160,s3_4_5
2364,s2_885_1695,s2_n103_99,s3_n81_n40,s1_below_4282,s3_3_4,s1_below_2001,s2_760_2075,s4_37_47,Passenger Car,s2_11_28,Deployed,s2_97_208,s3_2_3,Female,s2_37_80,s3_141_159,s2_164_318,s3_80_160,s2_2_4
2365,s2_885_1695,s2_n103_99,s4_n40_7,s1_below_4282,s2_2_3,s2_2001_2003,s2_760_2075,s3_17_37,Truck (<=6000 lbs.),s2_11_28,Not Deployed,s2_97_208,s1_below_1,Female,s2_37_80,s3_141_159,s2_164_318,s2_40_80,s2_2_4
2366,s3_1695_2555,s2_n103_99,s4_n40_7,s1_below_4282,s1_below_2,s4_2005_2007,s2_760_2075,s4_37_47,Truck (<=6000 lbs.),s2_11_28,Not Deployed,s2_97_208,s1_below_1,Male,s6_130_up,s4_159_169,s2_164_318,s3_80_160,s3_4_5
2367,s2_885_1695,s2_n103_99,s4_n40_7,s1_below_4282,s1_below_2,s3_2003_2005,s2_760_2075,s3_17_37,Passenger Car,s2_11_28,Deployed,s2_97_208,s2_1_2,Female,s2_37_80,s3_141_159,s2_164_318,s3_80_160,s2_2_4
2368,s2_885_1695,s2_n103_99,s4_n40_7,s1_below_4282,s4_4_5,s4_2005_2007,s2_760_2075,s4_37_47,Truck (<=6000 lbs.),s3_28_48,Deployed,s2_97_208,s1_below_1,Male,s2_37_80,s3_141_159,s2_164_318,s3_80_160,s2_2_4
2369,s3_1695_2555,s2_n103_99,s3_n81_n40,s1_below_4282,s1_below_2,s3_2003_2005,s2_760_2075,s5_47_57,Truck (<=6000 lbs.),s3_28_48,Deployed,s2_97_208,s1_below_1,Male,s3_80_96,s3_141_159,s3_318_464,s3_80_160,s2_2_4
2370,s2_885_1695,s2_n103_99,s4_n40_7,s1_below_4282,s2_2_3,s5_2007_2009,s2_760_2075,s4_37_47,Truck (<=6000 lbs.),s3_28_48,Deployed,s2_97_208,s1_below_1,Male,s4_96_114,s3_141_159,s3_318_464,s3_80_160,s2_2_4
2371,s2_885_1695,s2_n103_99,s4_n40_7,s1_below_4282,s1_below_2,s4_2005_2007,s2_760_2075,s4_37_47,Passenger Car,s2_11_28,Deployed,s2_97_208,s1_below_1,Female,s2_37_80,s3_141_159,s2_164_318,s3_80_160,s2_2_4
2372,s2_885_1695,s2_n103_99,s5_7_up,s1_below_4282,s1_below_2,s2_2001_2003,s2_760_2075,s3_17_37,Passenger Car,s5_64_76,Not Deployed,s2_97_208,s4_3_4,Female,s4_96_114,s3_141_159,s2_164_318,s5_220_260,s2_2_4
2373,s3_1695_2555,s2_n103_99,s4_n40_7,s1_below_4282,s1_below_2,s3_2003_2005,s2_760_2075,s3_17_37,Truck (<=6000 lbs.),s2_11_28,Not Deployed,s2_97_208,s1_below_1,Male,s3_80_96,s3_141_159,s2_164_318,s3_80_160,s2_2_4
2374,s2_885_1695,s2_n103_99,s4_n40_7,s1_below_4282,s2_2_3,s4_2005_2007,s2_760_2075,s3_17_37,Truck (<=6000 lbs.),s2_11_28,Deployed,s2_97_208,s2_1_2,Male,s2_37_80,s3_141_159,s2_164_318,s3_80_160,s2_2_4
2375,s2_885_1695,s2_n103_99,s3_n81_n40,s1_below_4282,s4_4_5,s2_2001_2003,s3_2075_3730,s4_37_47,Passenger Car,s4_48_64,Deployed,s2_97_208,s3_2_3,Female,s2_37_80,s3_141_159,s2_164_318,s3_80_160,s2_2_4
2376,s3_1695_2555,s2_n103_99,s4_n40_7,s1_below_4282,s4_4_5,s4_2005_2007,s2_760_2075,s4_37_47,Truck (<=6000 lbs.),s3_28_48,Deployed,s2_97_208,s1_below_1,Male,s4_96_114,s4_159_169,s2_164_318,s3_80_160,s2_2_4
2377,s2_885_1695,s2_n103_99,s4_n40_7,s1_below_4282,s1_below_2,s5_2007_2009,s2_760_2075,s4_37_47,Passenger Car,s2_11_28,Deployed,s2_97_208,s1_below_1,Female,s3_80_96,s3_141_159,s2_164_318,s3_80_160,s2_2_4
2378,s2_885_1695,s2_n103_99,s4_n40_7,s1_below_4282,s6_6_up,s2_2001_2003,s3_2075_3730,s4_37_47,Truck (<=6000 lbs.),s6_76_up,Deployed,s2_97_208,s1_below_1,Male,s3_80_96,s2_116_141,s2_164_318,s3_80_160,s2_2_4
2379,s2_885_1695,s2_n103_99,s4_n40_7,s1_below_4282,s4_4_5,s3_2003_2005,s2_760_2075,s4_37_47,Passenger Car,s2_11_28,Deployed,s2_97_208,s1_below_1,Female,s2_37_80,s3_141_159,s2_164_318,s3_80_160,s2_2_4
2380,s2_885_1695,s2_n103_99,s4_n40_7,s1_below_4282,s1_below_2,s4_2005_2007,s2_760_2075,s3_17_37,Truck (<=6000 lbs.),s4_48_64,Not Deployed,s2_97_208,s1_below_1,Male,s3_80_96,s3_141_159,s2_164_318,s4_160_220,s2_2_4
2381,s4_2555_3715,s2_n103_99,s4_n40_7,s1_below_4282,s1_below_2,s2_2001_2003,s2_760_2075,s5_47_57,Truck (<=10000 lbs.),s3_28_48,Deployed,s2_97_208,s1_below_1,Male,s2_37_80,s5_169_179,s3_318_464,s3_80_160,s5_6_7
2382,s2_885_1695,s2_n103_99,s4_n40_7,s1_below_4282,s4_4_5,s4_2005_2007,s2_760_2075,s4_37_47,Passenger Car,s2_11_28,Deployed,s2_97_208,s1_below_1,Female,s2_37_80,s3_141_159,s2_164_318,s3_80_160,s2_2_4
2383,s3_1695_2555,s2_n103_99,s4_n40_7,s1_below_4282,s1_below_2,s2_2001_2003,s2_760_2075,s1_below_7,Truck (<=6000 lbs.),s5_64_76,Not Deployed,s2_97_208,s1_below_1,Female,s3_80_96,s3_141_159,s2_164_318,s2_40_80,s2_2_4
2384,s2_885_1695,s2_n103_99,s4_n40_7,s1_below_4282,s4_4_5,s1_below_2001,s2_760_2075,s4_37_47,Passenger Car,s4_48_64,Deployed,s2_97_208,s1_below_1,Female,s2_37_80,s3_141_159,s2_164_318,s3_80_160,s2_2_4
2385,s3_1695_2555,s2_n103_99,s4_n40_7,s1_below_4282,s3_3_4,s3_2003_2005,s3_2075_3730,s4_37_47,Truck (<=10000 lbs.),s3_28_48,Deployed,s2_97_208,s3_2_3,Male,s3_80_96,s5_169_179,s3_318_464,s3_80_160,s4_5_6
2386,s3_1695_2555,s2_n103_99,s4_n40_7,s1_below_4282,s4_4_5,s3_2003_2005,s2_760_2075,s3_17_37,Truck (<=6000 lbs.),s4_48_64,Not Deployed,s2_97_208,s1_below_1,Female,s2_37_80,s4_159_169,s2_164_318,s3_80_160,s3_4_5
2387,s2_885_1695,s2_n103_99,s4_n40_7,s1_below_4282,s4_4_5,s3_2003_2005,s2_760_2075,s4_37_47,Truck (<=6000 lbs.),s6_76_up,Not Deployed,s2_97_208,s1_below_1,Male,s3_80_96,s3_141_159,s2_164_318,s3_80_160,s2_2_4
2388,s3_1695_2555,s2_n103_99,s4_n40_7,s1_below_4282,s1_below_2,s5_2007_2009,s2_760_2075,s4_37_47,Truck (<=6000 lbs.),s3_28_48,Deployed,s2_97_208,s2_1_2,Male,s2_37_80,s4_159_169,s3_318_464,s4_160_220,s3_4_5
2389,s2_885_1695,s2_n103_99,s4_n40_7,s1_below_4282,s1_below_2,s4_2005_2007,s2_760_2075,s4_37_47,Passenger Car,s4_48_64,Deployed,s2_97_208,s3_2_3,Female,s2_37_80,s3_141_159,s2_164_318,s3_80_160,s2_2_4
2390,s3_1695_2555,s2_n103_99,s4_n40_7,s1_below_4282,s1_below_2,s5_2007_2009,s2_760_2075,s4_37_47,Truck (<=10000 lbs.),s4_48_64,Not Deployed,s2_97_208,s3_2_3,Male,s4_96_114,s5_169_179,s3_318_464,s3_80_160,s4_5_6
2391,s3_1695_2555,s2_n103_99,s4_n40_7,s1_below_4282,s1_below_2,s4_2005_2007,s3_2075_3730,s3_17_37,Truck (<=6000 lbs.),s2_11_28,Not Deployed,s2_97_208,s1_below_1,Female,s2_37_80,s3_141_159,s2_164_318,s4_160_220,s2_2_4
2392,s2_885_1695,s2_n103_99,s4_n40_7,s1_below_4282,s1_below_2,s3_2003_2005,s2_760_2075,s4_37_47,Truck (<=6000 lbs.),s3_28_48,Deployed,s2_97_208,s3_2_3,Female,s3_80_96,s3_141_159,s2_164_318,s3_80_160,s2_2_4
2393,s3_1695_2555,s2_n103_99,s4_n40_7,s1_below_4282,s1_below_2,s5_2007_2009,s2_760_2075,s3_17_37,Truck (<=10000 lbs.),s3_28_48,Deployed,s2_97_208,s2_1_2,Male,s3_80_96,s5_169_179,s2_164_318,s3_80_160,s3_4_5
2394,s2_885_1695,s2_n103_99,s4_n40_7,s1_below_4282,s1_below_2,s3_2003_2005,s3_2075_3730,s4_37_47,Passenger Car,s4_48_64,Deployed,s2_97_208,s2_1_2,Female,s2_37_80,s3_141_159,s2_164_318,s3_80_160,s2_2_4
2395,s3_1695_2555,s2_n103_99,s4_n40_7,s1_below_4282,s2_2_3,s5_2007_2009,s2_760_2075,s5_47_57,Passenger Car,s5_64_76,Deployed,s2_97_208,s1_below_1,Male,s2_37_80,s4_159_169,s2_164_318,s4_160_220,s3_4_5
2396,s2_885_1695,s2_n103_99,s4_n40_7,s1_below_4282,s2_2_3,s3_2003_2005,s2_760_2075,s5_47_57,Passenger Car,s5_64_76,Deployed,s2_97_208,s1_below_1,Female,s2_37_80,s3_141_159,s2_164_318,s3_80_160,s2_2_4
2397,s2_885_1695,s2_n103_99,s4_n40_7,s1_below_4282,s3_3_4,s2_2001_2003,s2_760_2075,s4_37_47,Passenger Car,s4_48_64,Deployed,s2_97_208,s2_1_2,Female,s5_114_130,s3_141_159,s2_164_318,s3_80_160,s2_2_4
2398,s2_885_1695,s2_n103_99,s4_n40_7,s1_below_4282,s1_below_2,s4_2005_2007,s1_below_760,s3_17_37,Truck (<=6000 lbs.),s2_11_28,Deployed,s2_97_208,s1_below_1,Female,s2_37_80,s3_141_159,s2_164_318,s3_80_160,s2_2_4
2399,s2_885_1695,s2_n103_99,s4_n40_7,s1_below_4282,s1_below_2,s1_below_2001,s2_760_2075,s3_17_37,Truck (<=6000 lbs.),s2_11_28,Deployed,s2_97_208,s1_below_1,Female,s2_37_80,s3_141_159,s2_164_318,s3_80_160,s2_2_4
2400,s2_885_1695,s2_n103_99,s4_n40_7,s1_below_4282,s1_below_2,s4_2005_2007,s2_760_2075,s3_17_37,Passenger Car,s4_48_64,Deployed,s2_97_208,s3_2_3,Female,s2_37_80,s3_141_159,s2_164_318,s3_80_160,s2_2_4
2401,s2_885_1695,s2_n103_99,s4_n40_7,s1_below_4282,s4_4_5,s3_2003_2005,s2_760_2075,s4_37_47,Passenger Car,s2_11_28,Not Deployed,s2_97_208,s1_below_1,Male,s5_114_130,s3_141_159,s2_164_318,s3_80_160,s2_2_4
2402,s2_885_1695,s2_n103_99,s4_n40_7,s1_below_4282,s2_2_3,s3_2003_2005,s2_760_2075,s3_17_37,Passenger Car,s4_48_64,Deployed,s2_97_208,s1_below_1,Female,s4_96_114,s3_141_159,s2_164_318,s4_160_220,s2_2_4
2403,s2_885_1695,s2_n103_99,s4_n40_7,s1_below_4282,s4_4_5,s1_below_2001,s3_2075_3730,s4_37_47,Passenger Car,s2_11_28,Not Deployed,s2_97_208,s1_below_1,Female,s2_37_80,s3_141_159,s2_164_318,s4_160_220,s2_2_4
2404,s4_2555_3715,s2_n103_99,s4_n40_7,s1_below_4282,s1_below_2,s5_2007_2009,s2_760_2075,s4_37_47,Truck (<=10000 lbs.),s3_28_48,Not Deployed,s2_97_208,s1_below_1,Male,s2_37_80,s5_169_179,s3_318_464,s4_160_220,s6_7_up
2405,s2_885_1695,s2_n103_99,s4_n40_7,s1_below_4282,s3_3_4,s1_below_2001,s2_760_2075,s4_37_47,Truck (<=6000 lbs.),s3_28_48,Not Deployed,s2_97_208,s1_below_1,Female,s4_96_114,s4_159_169,s2_164_318,s3_80_160,s3_4_5
2406,s2_885_1695,s2_n103_99,s4_n40_7,s1_below_4282,s1_below_2,s4_2005_2007,s2_760_2075,s3_17_37,Passenger Car,s2_11_28,Deployed,s2_97_208,s1_below_1,Female,s4_96_114,s3_141_159,s2_164_318,s4_160_220,s2_2_4
2407,s2_885_1695,s2_n103_99,s4_n40_7,s1_below_4282,s5_5_6,s3_2003_2005,s2_760_2075,s4_37_47,Passenger Car,s2_11_28,Not Deployed,s2_97_208,s1_below_1,Female,s2_37_80,s3_141_159,s2_164_318,s4_160_220,s2_2_4
2408,s2_885_1695,s2_n103_99,s4_n40_7,s1_below_4282,s1_below_2,s2_2001_2003,s2_760_2075,s3_17_37,Passenger Car,s6_76_up,Not Deployed,s2_97_208,s1_below_1,Female,s2_37_80,s3_141_159,s2_164_318,s3_80_160,s2_2_4
2409,s2_885_1695,s2_n103_99,s4_n40_7,s1_below_4282,s1_below_2,s2_2001_2003,s2_760_2075,s3_17_37,Passenger Car,s4_48_64,Not Deployed,s2_97_208,s1_below_1,Female,s3_80_96,s3_141_159,s2_164_318,s2_40_80,s2_2_4
2410,s3_1695_2555,s2_n103_99,s4_n40_7,s1_below_4282,s4_4_5,s1_below_2001,s2_760_2075,s3_17_37,Truck (<=10000 lbs.),s4_48_64,Deployed,s2_97_208,s1_below_1,Male,s2_37_80,s4_159_169,s3_318_464,s3_80_160,s4_5_6
2411,s3_1695_2555,s2_n103_99,s4_n40_7,s1_below_4282,s1_below_2,s3_2003_2005,s2_760_2075,s3_17_37,Truck (<=6000 lbs.),s5_64_76,Deployed,s2_97_208,s1_below_1,Female,s2_37_80,s4_159_169,s2_164_318,s3_80_160,s3_4_5
2412,s2_885_1695,s2_n103_99,s4_n40_7,s1_below_4282,s1_below_2,s3_2003_2005,s2_760_2075,s3_17_37,Truck (<=6000 lbs.),s2_11_28,Deployed,s2_97_208,s1_below_1,Female,s2_37_80,s3_141_159,s2_164_318,s2_40_80,s2_2_4
2413,s3_1695_2555,s2_n103_99,s4_n40_7,s1_below_4282,s4_4_5,s4_2005_2007,s2_760_2075,s4_37_47,Truck (<=6000 lbs.),s4_48_64,Not Deployed,s2_97_208,s1_below_1,Female,s2_37_80,s4_159_169,s2_164_318,s3_80_160,s2_2_4
2414,s3_1695_2555,s2_n103_99,s4_n40_7,s1_below_4282,s1_below_2,s1_below_2001,s2_760_2075,s4_37_47,Passenger Car,s6_76_up,Not Deployed,s2_97_208,s1_below_1,Female,s2_37_80,s3_141_159,s2_164_318,s3_80_160,s2_2_4
2415,s2_885_1695,s2_n103_99,s4_n40_7,s1_below_4282,s5_5_6,s1_below_2001,s2_760_2075,s4_37_47,Passenger Car,s3_28_48,Deployed,s2_97_208,s1_below_1,Female,s4_96_114,s3_141_159,s2_164_318,s3_80_160,s2_2_4
2416,s2_885_1695,s2_n103_99,s3_n81_n40,s1_below_4282,s2_2_3,s5_2007_2009,s2_760_2075,s4_37_47,Passenger Car,s3_28_48,Deployed,s2_97_208,s1_below_1,Male,s3_80_96,s3_141_159,s2_164_318,s3_80_160,s2_2_4
2417,s2_885_1695,s2_n103_99,s5_7_up,s1_below_4282,s2_2_3,s1_below_2001,s2_760_2075,s4_37_47,Truck (<=6000 lbs.),s3_28_48,Not Deployed,s2_97_208,s1_below_1,Male,s3_80_96,s4_159_169,s2_164_318,s6_260_up,s3_4_5
2418,s3_1695_2555,s2_n103_99,s4_n40_7,s1_below_4282,s1_below_2,s5_2007_2009,s2_760_2075,s4_37_47,Truck (<=10000 lbs.),s4_48_64,Not Deployed,s2_97_208,s1_below_1,Male,s3_80_96,s5_169_179,s2_164_318,s3_80_160,s3_4_5
2419,s2_885_1695,s2_n103_99,s3_n81_n40,s1_below_4282,s4_4_5,s4_2005_2007,s3_2075_3730,s4_37_47,Passenger Car,s2_11_28,Deployed,s2_97_208,s3_2_3,Female,s2_37_80,s3_141_159,s2_164_318,s3_80_160,s2_2_4
2420,s4_2555_3715,s2_n103_99,s5_7_up,s1_below_4282,s4_4_5,s1_below_2001,s2_760_2075,s4_37_47,Truck (<=10000 lbs.),s3_28_48,Not Deployed,s2_97_208,s1_below_1,Female,s2_37_80,s5_169_179,s3_318_464,s6_260_up,s4_5_6
2421,s2_885_1695,s2_n103_99,s4_n40_7,s1_below_4282,s1_below_2,s4_2005_2007,s2_760_2075,s3_17_37,Passenger Car,s2_11_28,Deployed,s2_97_208,s1_below_1,Male,s3_80_96,s3_141_159,s2_164_318,s3_80_160,s2_2_4
2422,s2_885_1695,s2_n103_99,s4_n40_7,s1_below_4282,s4_4_5,s5_2007_2009,s2_760_2075,s4_37_47,Passenger Car,s4_48_64,Deployed,s2_97_208,s3_2_3,Male,s2_37_80,s3_141_159,s2_164_318,s3_80_160,s2_2_4
2423,s3_1695_2555,s2_n103_99,s5_7_up,s1_below_4282,s4_4_5,s2_2001_2003,s2_760_2075,s4_37_47,Truck (<=6000 lbs.),s4_48_64,Not Deployed,s2_97_208,s1_below_1,Female,s2_37_80,s3_141_159,s2_164_318,s6_260_up,s2_2_4
2424,s2_885_1695,s2_n103_99,s4_n40_7,s1_below_4282,s2_2_3,s5_2007_2009,s2_760_2075,s5_47_57,Truck (<=6000 lbs.),s3_28_48,Not Deployed,s2_97_208,s1_below_1,Female,s2_37_80,s3_141_159,s2_164_318,s3_80_160,s2_2_4
2425,s3_1695_2555,s2_n103_99,s5_7_up,s1_below_4282,s4_4_5,s2_2001_2003,s2_760_2075,s4_37_47,Truck (<=6000 lbs.),s5_64_76,Not Deployed,s2_97_208,s1_below_1,Female,s2_37_80,s3_141_159,s2_164_318,s6_260_up,s2_2_4
2426,s3_1695_2555,s2_n103_99,s4_n40_7,s1_below_4282,s1_below_2,s3_2003_2005,s2_760_2075,s3_17_37,Truck (<=6000 lbs.),s6_76_up,Deployed,s2_97_208,s4_3_4,Male,s2_37_80,s5_169_179,s2_164_318,s3_80_160,s3_4_5
2427,s4_2555_3715,s2_n103_99,s4_n40_7,s1_below_4282,s1_below_2,s1_below_2001,s2_760_2075,s3_17_37,Truck (<=10000 lbs.),s2_11_28,Not Deployed,s2_97_208,s1_below_1,Female,s2_37_80,s5_169_179,s3_318_464,s2_40_80,s5_6_7
2428,s2_885_1695,s2_n103_99,s4_n40_7,s1_below_4282,s2_2_3,s4_2005_2007,s2_760_2075,s5_47_57,Truck (<=6000 lbs.),s4_48_64,Deployed,s2_97_208,s3_2_3,Male,s3_80_96,s3_141_159,s2_164_318,s3_80_160,s2_2_4
2429,s2_885_1695,s2_n103_99,s4_n40_7,s1_below_4282,s2_2_3,s1_below_2001,s2_760_2075,s3_17_37,Passenger Car,s4_48_64,Deployed,s2_97_208,s1_below_1,Female,s2_37_80,s3_141_159,s2_164_318,s3_80_160,s2_2_4
2430,s2_885_1695,s2_n103_99,s4_n40_7,s1_below_4282,s2_2_3,s2_2001_2003,s2_760_2075,s4_37_47,Passenger Car,s5_64_76,Not Deployed,s2_97_208,s1_below_1,Female,s2_37_80,s3_141_159,s2_164_318,s3_80_160,s2_2_4
2431,s3_1695_2555,s2_n103_99,s4_n40_7,s1_below_4282,s2_2_3,s5_2007_2009,s2_760_2075,s3_17_37,Truck (<=10000 lbs.),s3_28_48,Not Deployed,s2_97_208,s1_below_1,Male,s5_114_130,s5_169_179,s3_318_464,s4_160_220,s4_5_6
2432,s2_885_1695,s2_n103_99,s4_n40_7,s1_below_4282,s3_3_4,s2_2001_2003,s3_2075_3730,s4_37_47,Truck (<=6000 lbs.),s2_11_28,Deployed,s2_97_208,s1_below_1,Female,s2_37_80,s3_141_159,s2_164_318,s3_80_160,s2_2_4
2433,s2_885_1695,s2_n103_99,s4_n40_7,s1_below_4282,s3_3_4,s4_2005_2007,s2_760_2075,s4_37_47,Passenger Car,s3_28_48,Not Deployed,s2_97_208,s1_below_1,Female,s2_37_80,s3_141_159,s2_164_318,s3_80_160,s2_2_4
2434,s2_885_1695,s2_n103_99,s4_n40_7,s1_below_4282,s1_below_2,s2_2001_2003,s3_2075_3730,s4_37_47,Passenger Car,s5_64_76,Deployed,s2_97_208,s1_below_1,Female,s2_37_80,s3_141_159,s2_164_318,s3_80_160,s2_2_4
2435,s4_2555_3715,s2_n103_99,s4_n40_7,s1_below_4282,s1_below_2,s4_2005_2007,s2_760_2075,s4_37_47,Truck (<=10000 lbs.),s3_28_48,Deployed,s2_97_208,s1_below_1,Male,s2_37_80,s5_169_179,s3_318_464,s3_80_160,s4_5_6
2436,s2_885_1695,s2_n103_99,s4_n40_7,s1_below_4282,s1_below_2,s4_2005_2007,s2_760_2075,s5_47_57,Passenger Car,s5_64_76,Not Deployed,s2_97_208,s1_below_1,Female,s2_37_80,s3_141_159,s2_164_318,s3_80_160,s2_2_4
2437,s3_1695_2555,s2_n103_99,s4_n40_7,s1_below_4282,s1_below_2,s4_2005_2007,s2_760_2075,s3_17_37,Passenger Car,s5_64_76,Not Deployed,s2_97_208,s1_below_1,Female,s2_37_80,s3_141_159,s2_164_318,s2_40_80,s2_2_4
2438,s2_885_1695,s2_n103_99,s3_n81_n40,s1_below_4282,s3_3_4,s4_2005_2007,s3_2075_3730,s5_47_57,Truck (<=6000 lbs.),s2_11_28,Not Deployed,s2_97_208,s1_below_1,Female,s2_37_80,s3_141_159,s2_164_318,s3_80_160,s2_2_4
2439,s2_885_1695,s2_n103_99,s4_n40_7,s1_below_4282,s4_4_5,s5_2007_2009,s2_760_2075,s4_37_47,Passenger Car,s2_11_28,Deployed,s2_97_208,s1_below_1,Female,s2_37_80,s3_141_159,s2_164_318,s4_160_220,s2_2_4
2440,s2_885_1695,s2_n103_99,s4_n40_7,s1_below_4282,s4_4_5,s5_2007_2009,s2_760_2075,s4_37_47,Passenger Car,s2_11_28,Deployed,s2_97_208,s1_below_1,Female,s2_37_80,s3_141_159,s2_164_318,s3_80_160,s2_2_4
2441,s2_885_1695,s2_n103_99,s5_7_up,s1_below_4282,s4_4_5,s1_below_2001,s2_760_2075,s4_37_47,Passenger Car,s2_11_28,Not Deployed,s2_97_208,s2_1_2,Male,s2_37_80,s3_141_159,s2_164_318,s6_260_up,s2_2_4
2442,s2_885_1695,s2_n103_99,s4_n40_7,s1_below_4282,s1_below_2,s4_2005_2007,s2_760_2075,s3_17_37,Passenger Car,s3_28_48,Not Deployed,s2_97_208,s1_below_1,Female,s3_80_96,s3_141_159,s2_164_318,s3_80_160,s2_2_4
2443,s2_885_1695,s2_n103_99,s4_n40_7,s1_below_4282,s2_2_3,s3_2003_2005,s2_760_2075,s5_47_57,Passenger Car,s4_48_64,Not Deployed,s2_97_208,s1_below_1,Male,s2_37_80,s3_141_159,s2_164_318,s3_80_160,s2_2_4
2444,s2_885_1695,s2_n103_99,s5_7_up,s1_below_4282,s2_2_3,s3_2003_2005,s2_760_2075,s5_47_57,Passenger Car,s3_28_48,Not Deployed,s2_97_208,s1_below_1,Female,s2_37_80,s3_141_159,s2_164_318,s6_260_up,s2_2_4
2445,s2_885_1695,s2_n103_99,s4_n40_7,s1_below_4282,s2_2_3,s4_2005_2007,s2_760_2075,s4_37_47,Passenger Car,s3_28_48,Not Deployed,s2_97_208,s1_below_1,Female,s4_96_114,s3_141_159,s2_164_318,s2_40_80,s2_2_4
2446,s2_885_1695,s2_n103_99,s4_n40_7,s1_below_4282,s1_below_2,s4_2005_2007,s2_760_2075,s4_37_47,Passenger Car,s4_48_64,Deployed,s2_97_208,s1_below_1,Female,s4_96_114,s3_141_159,s2_164_318,s3_80_160,s2_2_4
2447,s2_885_1695,s2_n103_99,s4_n40_7,s1_below_4282,s4_4_5,s2_2001_2003,s2_760_2075,s4_37_47,Passenger Car,s2_11_28,Deployed,s2_97_208,s1_below_1,Female,s2_37_80,s3_141_159,s2_164_318,s3_80_160,s2_2_4
2448,s2_885_1695,s2_n103_99,s4_n40_7,s1_below_4282,s1_below_2,s3_2003_2005,s2_760_2075,s4_37_47,Passenger Car,s4_48_64,Not Deployed,s2_97_208,s1_below_1,Female,s4_96_114,s3_141_159,s2_164_318,s4_160_220,s2_2_4
2449,s2_885_1695,s2_n103_99,s4_n40_7,s1_below_4282,s3_3_4,s1_below_2001,s2_760_2075,s4_37_47,Passenger Car,s2_11_28,Not Deployed,s2_97_208,s1_below_1,Female,s2_37_80,s3_141_159,s2_164_318,s6_260_up,s2_2_4
2450,s2_885_1695,s2_n103_99,s4_n40_7,s1_below_4282,s2_2_3,s5_2007_2009,s3_2075_3730,s3_17_37,Truck (<=6000 lbs.),s2_11_28,Not Deployed,s2_97_208,s1_below_1,Male,s2_37_80,s4_159_169,s2_164_318,s4_160_220,s2_2_4
2451,s3_1695_2555,s2_n103_99,s4_n40_7,s1_below_4282,s2_2_3,s2_2001_2003,s2_760_2075,s3_17_37,Truck (<=10000 lbs.),s2_11_28,Not Deployed,s2_97_208,s1_below_1,Male,s2_37_80,s4_159_169,s2_164_318,s3_80_160,s3_4_5
2452,s2_885_1695,s2_n103_99,s5_7_up,s1_below_4282,s1_below_2,s5_2007_2009,s2_760_2075,s4_37_47,Passenger Car,s3_28_48,Deployed,s2_97_208,s1_below_1,Female,s3_80_96,s3_141_159,s2_164_318,s6_260_up,s2_2_4
2453,s2_885_1695,s2_n103_99,s4_n40_7,s1_below_4282,s2_2_3,s2_2001_2003,s2_760_2075,s3_17_37,Passenger Car,s4_48_64,Not Deployed,s2_97_208,s1_below_1,Female,s2_37_80,s3_141_159,s2_164_318,s4_160_220,s2_2_4
2454,s2_885_1695,s2_n103_99,s4_n40_7,s1_below_4282,s3_3_4,s3_2003_2005,s2_760_2075,s3_17_37,Passenger Car,s4_48_64,Deployed,s2_97_208,s1_below_1,Male,s2_37_80,s3_141_159,s2_164_318,s3_80_160,s2_2_4
2455,s2_885_1695,s2_n103_99,s5_7_up,s1_below_4282,s3_3_4,s5_2007_2009,s2_760_2075,s3_17_37,Passenger Car,s3_28_48,Not Deployed,s2_97_208,s1_below_1,Female,s2_37_80,s3_141_159,s2_164_318,s6_260_up,s2_2_4
2456,s3_1695_2555,s2_n103_99,s4_n40_7,s1_below_4282,s3_3_4,s1_below_2001,s2_760_2075,s4_37_47,Truck (<=10000 lbs.),s3_28_48,Deployed,s2_97_208,s3_2_3,Male,s3_80_96,s3_141_159,s2_164_318,s3_80_160,s2_2_4
2457,s2_885_1695,s2_n103_99,s4_n40_7,s1_below_4282,s2_2_3,s5_2007_2009,s2_760_2075,s4_37_47,Passenger Car,s2_11_28,Deployed,s2_97_208,s1_below_1,Female,s2_37_80,s3_141_159,s2_164_318,s3_80_160,s2_2_4
2458,s3_1695_2555,s2_n103_99,s4_n40_7,s1_below_4282,s4_4_5,s2_2001_2003,s2_760_2075,s5_47_57,Truck (<=10000 lbs.),s2_11_28,Deployed,s2_97_208,s1_below_1,Female,s5_114_130,s4_159_169,s2_164_318,s4_160_220,s3_4_5
2459,s2_885_1695,s2_n103_99,s5_7_up,s1_below_4282,s1_below_2,s2_2001_2003,s3_2075_3730,s5_47_57,Truck (<=6000 lbs.),s4_48_64,Not Deployed,s2_97_208,s1_below_1,Female,s2_37_80,s3_141_159,s2_164_318,s6_260_up,s2_2_4
2460,s3_1695_2555,s2_n103_99,s4_n40_7,s1_below_4282,s3_3_4,s3_2003_2005,s2_760_2075,s5_47_57,Truck (<=10000 lbs.),s4_48_64,Not Deployed,s2_97_208,s1_below_1,Female,s2_37_80,s4_159_169,s2_164_318,s3_80_160,s3_4_5
2461,s2_885_1695,s2_n103_99,s5_7_up,s1_below_4282,s1_below_2,s3_2003_2005,s2_760_2075,s6_57_up,Passenger Car,s4_48_64,Not Deployed,s2_97_208,s1_below_1,Female,s2_37_80,s3_141_159,s2_164_318,s6_260_up,s2_2_4
2462,s2_885_1695,s2_n103_99,s4_n40_7,s1_below_4282,s1_below_2,s4_2005_2007,s2_760_2075,s6_57_up,Passenger Car,s3_28_48,Deployed,s2_97_208,s2_1_2,Male,s2_37_80,s3_141_159,s2_164_318,s3_80_160,s2_2_4
2463,s2_885_1695,s2_n103_99,s4_n40_7,s1_below_4282,s2_2_3,s5_2007_2009,s2_760_2075,s6_57_up,Passenger Car,s3_28_48,Deployed,s2_97_208,s1_below_1,Female,s4_96_114,s3_141_159,s2_164_318,s3_80_160,s2_2_4
2464,s3_1695_2555,s2_n103_99,s4_n40_7,s1_below_4282,s3_3_4,s2_2001_2003,s2_760_2075,s4_37_47,Truck (<=6000 lbs.),s2_11_28,Not Deployed,s2_97_208,s1_below_1,Male,s3_80_96,s3_141_159,s3_318_464,s3_80_160,s2_2_4
2465,s3_1695_2555,s2_n103_99,s4_n40_7,s1_below_4282,s2_2_3,s2_2001_2003,s2_760_2075,s3_17_37,Truck (<=10000 lbs.),s3_28_48,Not Deployed,s2_97_208,s1_below_1,Male,s4_96_114,s4_159_169,s2_164_318,s4_160_220,s3_4_5
2466,s3_1695_2555,s2_n103_99,s5_7_up,s1_below_4282,s4_4_5,s3_2003_2005,s3_2075_3730,s5_47_57,Truck (<=6000 lbs.),s4_48_64,Not Deployed,s2_97_208,s1_below_1,Female,s2_37_80,s3_141_159,s2_164_318,s6_260_up,s2_2_4
2467,s2_885_1695,s2_n103_99,s4_n40_7,s1_below_4282,s1_below_2,s2_2001_2003,s3_2075_3730,s4_37_47,Passenger Car,s2_11_28,Not Deployed,s2_97_208,s2_1_2,Male,s3_80_96,s3_141_159,s2_164_318,s2_40_80,s2_2_4
2468,s2_885_1695,s2_n103_99,s4_n40_7,s1_below_4282,s2_2_3,s3_2003_2005,s2_760_2075,s3_17_37,Passenger Car,s4_48_64,Not Deployed,s2_97_208,s1_below_1,Female,s2_37_80,s3_141_159,s2_164_318,s4_160_220,s2_2_4
2469,s2_885_1695,s2_n103_99,s4_n40_7,s1_below_4282,s2_2_3,s4_2005_2007,s2_760_2075,s5_47_57,Truck (<=6000 lbs.),s2_11_28,Not Deployed,s2_97_208,s2_1_2,Female,s2_37_80,s3_141_159,s2_164_318,s6_260_up,s2_2_4
2470,s2_885_1695,s2_n103_99,s4_n40_7,s1_below_4282,s3_3_4,s5_2007_2009,s3_2075_3730,s4_37_47,Passenger Car,s2_11_28,Deployed,s2_97_208,s2_1_2,Male,s2_37_80,s3_141_159,s2_164_318,s4_160_220,s2_2_4
2471,s3_1695_2555,s2_n103_99,s4_n40_7,s1_below_4282,s3_3_4,s2_2001_2003,s2_760_2075,s4_37_47,Truck (<=10000 lbs.),s2_11_28,Deployed,s2_97_208,s1_below_1,Male,s2_37_80,s4_159_169,s2_164_318,s3_80_160,s3_4_5
2472,s2_885_1695,s2_n103_99,s4_n40_7,s1_below_4282,s1_below_2,s4_2005_2007,s2_760_2075,s3_17_37,Passenger Car,s2_11_28,Deployed,s2_97_208,s1_below_1,Female,s2_37_80,s3_141_159,s2_164_318,s4_160_220,s2_2_4
2473,s2_885_1695,s2_n103_99,s4_n40_7,s1_below_4282,s1_below_2,s5_2007_2009,s2_760_2075,s4_37_47,Passenger Car,s2_11_28,Not Deployed,s2_97_208,s1_below_1,Female,s2_37_80,s3_141_159,s2_164_318,s4_160_220,s2_2_4
2474,s2_885_1695,s2_n103_99,s5_7_up,s1_below_4282,s1_below_2,s2_2001_2003,s2_760_2075,s6_57_up,Passenger Car,s4_48_64,Not Deployed,s2_97_208,s1_below_1,Female,s3_80_96,s3_141_159,s2_164_318,s6_260_up,s2_2_4
2475,s2_885_1695,s2_n103_99,s4_n40_7,s1_below_4282,s3_3_4,s3_2003_2005,s2_760_2075,s4_37_47,Passenger Car,s2_11_28,Deployed,s2_97_208,s1_below_1,Male,s2_37_80,s3_141_159,s2_164_318,s3_80_160,s2_2_4
2476,s2_885_1695,s2_n103_99,s4_n40_7,s1_below_4282,s2_2_3,s5_2007_2009,s2_760_2075,s3_17_37,Passenger Car,s2_11_28,Not Deployed,s2_97_208,s1_below_1,Female,s3_80_96,s3_141_159,s2_164_318,s2_40_80,s2_2_4
2477,s3_1695_2555,s2_n103_99,s5_7_up,s1_below_4282,s3_3_4,s2_2001_2003,s2_760_2075,s4_37_47,Truck (<=10000 lbs.),s2_11_28,Not Deployed,s2_97_208,s2_1_2,Male,s4_96_114,s5_169_179,s3_318_464,s4_160_220,s4_5_6
2478,s2_885_1695,s2_n103_99,s4_n40_7,s1_below_4282,s2_2_3,s5_2007_2009,s2_760_2075,s3_17_37,Passenger Car,s4_48_64,Not Deployed,s2_97_208,s1_below_1,Female,s2_37_80,s3_141_159,s2_164_318,s3_80_160,s2_2_4
2479,s2_885_1695,s2_n103_99,s4_n40_7,s1_below_4282,s3_3_4,s1_below_2001,s2_760_2075,s4_37_47,Passenger Car,s3_28_48,Not Deployed,s2_97_208,s2_1_2,Female,s2_37_80,s3_141_159,s2_164_318,s3_80_160,s2_2_4
2480,s2_885_1695,s2_n103_99,s4_n40_7,s1_below_4282,s1_below_2,s4_2005_2007,s2_760_2075,s5_47_57,Passenger Car,s5_64_76,Not Deployed,s2_97_208,s2_1_2,Female,s2_37_80,s3_141_159,s2_164_318,s3_80_160,s2_2_4
2481,s3_1695_2555,s2_n103_99,s4_n40_7,s1_below_4282,s1_below_2,s1_below_2001,s2_760_2075,s5_47_57,Truck (<=10000 lbs.),s3_28_48,Not Deployed,s2_97_208,s1_below_1,Male,s2_37_80,s5_169_179,s3_318_464,s3_80_160,s4_5_6
2482,s2_885_1695,s2_n103_99,s4_n40_7,s1_below_4282,s1_below_2,s5_2007_2009,s2_760_2075,s3_17_37,Passenger Car,s3_28_48,Not Deployed,s2_97_208,s1_below_1,Female,s4_96_114,s3_141_159,s2_164_318,s4_160_220,s2_2_4
2483,s3_1695_2555,s2_n103_99,s4_n40_7,s1_below_4282,s4_4_5,s3_2003_2005,s2_760_2075,s4_37_47,Truck (<=6000 lbs.),s3_28_48,Not Deployed,s2_97_208,s1_below_1,Female,s2_37_80,s3_141_159,s2_164_318,s3_80_160,s2_2_4
2484,s2_885_1695,s2_n103_99,s4_n40_7,s1_below_4282,s4_4_5,s3_2003_2005,s2_760_2075,s5_47_57,Passenger Car,s2_11_28,Deployed,s2_97_208,s1_below_1,Male,s2_37_80,s3_141_159,s2_164_318,s3_80_160,s2_2_4
2485,s3_1695_2555,s2_n103_99,s5_7_up,s1_below_4282,s3_3_4,s3_2003_2005,s2_760_2075,s6_57_up,Truck (<=6000 lbs.),s5_64_76,Not Deployed,s2_97_208,s2_1_2,Female,s2_37_80,s3_141_159,s2_164_318,s1_below_40,s2_2_4
2486,s3_1695_2555,s2_n103_99,s4_n40_7,s1_below_4282,s1_below_2,s1_below_2001,s2_760_2075,s3_17_37,Truck (<=10000 lbs.),s2_11_28,Not Deployed,s2_97_208,s1_below_1,Male,s2_37_80,s4_159_169,s2_164_318,s4_160_220,s3_4_5
2487,s2_885_1695,s2_n103_99,s4_n40_7,s1_below_4282,s4_4_5,s5_2007_2009,s3_2075_3730,s5_47_57,Passenger Car,s2_11_28,Not Deployed,s2_97_208,s1_below_1,Male,s2_37_80,s3_141_159,s2_164_318,s3_80_160,s2_2_4
2488,s3_1695_2555,s2_n103_99,s4_n40_7,s1_below_4282,s2_2_3,s3_2003_2005,s2_760_2075,s4_37_47,Truck (<=6000 lbs.),s3_28_48,Not Deployed,s2_97_208,s1_below_1,Female,s2_37_80,s3_141_159,s2_164_318,s2_40_80,s2_2_4
2489,s3_1695_2555,s2_n103_99,s4_n40_7,s1_below_4282,s2_2_3,s5_2007_2009,s2_760_2075,s3_17_37,Truck (<=6000 lbs.),s4_48_64,Not Deployed,s2_97_208,s1_below_1,Male,s2_37_80,s4_159_169,s2_164_318,s3_80_160,s2_2_4
2490,s3_1695_2555,s2_n103_99,s4_n40_7,s1_below_4282,s1_below_2,s3_2003_2005,s2_760_2075,s5_47_57,Truck (<=6000 lbs.),s3_28_48,Not Deployed,s2_97_208,s1_below_1,Female,s2_37_80,s3_141_159,s2_164_318,s3_80_160,s3_4_5
2491,s2_885_1695,s2_n103_99,s4_n40_7,s1_below_4282,s3_3_4,s2_2001_2003,s2_760_2075,s5_47_57,Passenger Car,s3_28_48,Not Deployed,s2_97_208,s1_below_1,Male,s2_37_80,s3_141_159,s2_164_318,s3_80_160,s2_2_4
2492,s2_885_1695,s2_n103_99,s3_n81_n40,s1_below_4282,s2_2_3,s2_2001_2003,s3_2075_3730,s4_37_47,Passenger Car,s2_11_28,Deployed,s2_97_208,s2_1_2,Female,s2_37_80,s3_141_159,s2_164_318,s4_160_220,s2_2_4
2493,s4_2555_3715,s2_n103_99,s4_n40_7,s1_below_4282,s3_3_4,s3_2003_2005,s2_760_2075,s4_37_47,Truck (<=10000 lbs.),s4_48_64,Deployed,s2_97_208,s1_below_1,Male,s4_96_114,s5_169_179,s3_318_464,s3_80_160,s5_6_7
2494,s2_885_1695,s2_n103_99,s4_n40_7,s1_below_4282,s2_2_3,s4_2005_2007,s2_760_2075,s3_17_37,Passenger Car,s2_11_28,Deployed,s2_97_208,s1_below_1,Female,s3_80_96,s3_141_159,s2_164_318,s3_80_160,s2_2_4
2495,s3_1695_2555,s2_n103_99,s4_n40_7,s1_below_4282,s2_2_3,s4_2005_2007,s2_760_2075,s3_17_37,Truck (<=6000 lbs.),s2_11_28,Not Deployed,s2_97_208,s1_below_1,Female,s2_37_80,s3_141_159,s2_164_318,s3_80_160,s2_2_4
2496,s2_885_1695,s2_n103_99,s4_n40_7,s1_below_4282,s3_3_4,s5_2007_2009,s2_760_2075,s5_47_57,Passenger Car,s4_48_64,Not Deployed,s2_97_208,s1_below_1,Male,s2_37_80,s3_141_159,s2_164_318,s3_80_160,s2_2_4
2497,s3_1695_2555,s2_n103_99,s4_n40_7,s1_below_4282,s3_3_4,s4_2005_2007,s2_760_2075,s5_47_57,Truck (<=6000 lbs.),s4_48_64,Not Deployed,s2_97_208,s1_below_1,Male,s2_37_80,s3_141_159,s2_164_318,s2_40_80,s2_2_4
2498,s2_885_1695,s2_n103_99,s4_n40_7,s1_below_4282,s1_below_2,s5_2007_2009,s2_760_2075,s4_37_47,Passenger Car,s3_28_48,Not Deployed,s2_97_208,s1_below_1,Female,s4_96_114,s3_141_159,s2_164_318,s2_40_80,s2_2_4
2499,s3_1695_2555,s2_n103_99,s4_n40_7,s1_below_4282,s3_3_4,s1_below_2001,s2_760_2075,s4_37_47,Passenger Car,s5_64_76,Not Deployed,s2_97_208,s1_below_1,Male,s6_130_up,s4_159_169,s2_164_318,s3_80_160,s3_4_5
2500,s2_885_1695,s2_n103_99,s4_n40_7,s1_below_4282,s1_below_2,s3_2003_2005,s2_760_2075,s4_37_47,Passenger Car,s4_48_64,Not Deployed,s2_97_208,s1_below_1,Female,s2_37_80,s3_141_159,s2_164_318,s2_40_80,s2_2_4
2501,s2_885_1695,s2_n103_99,s3_n81_n40,s1_below_4282,s1_below_2,s4_2005_2007,s2_760_2075,s4_37_47,Passenger Car,s3_28_48,Deployed,s2_97_208,s3_2_3,Female,s2_37_80,s3_141_159,s2_164_318,s3_80_160,s2_2_4
2502,s2_885_1695,s2_n103_99,s5_7_up,s1_below_4282,s2_2_3,s3_2003_2005,s2_760_2075,s4_37_47,Passenger Car,s3_28_48,Not Deployed,s2_97_208,s1_below_1,Female,s2_37_80,s3_141_159,s2_164_318,s6_260_up,s2_2_4
2503,s2_885_1695,s2_n103_99,s4_n40_7,s1_below_4282,s1_below_2,s4_2005_2007,s3_2075_3730,s4_37_47,Passenger Car,s2_11_28,Deployed,s2_97_208,s1_below_1,Male,s2_37_80,s3_141_159,s2_164_318,s3_80_160,s2_2_4
2504,s3_1695_2555,s2_n103_99,s4_n40_7,s1_below_4282,s3_3_4,s3_2003_2005,s2_760_2075,s4_37_47,Truck (<=10000 lbs.),s3_28_48,Deployed,s2_97_208,s1_below_1,Male,s3_80_96,s4_159_169,s3_318_464,s3_80_160,s4_5_6
2505,s3_1695_2555,s2_n103_99,s4_n40_7,s1_below_4282,s3_3_4,s2_2001_2003,s3_2075_3730,s4_37_47,Truck (<=6000 lbs.),s2_11_28,Not Deployed,s2_97_208,s1_below_1,Female,s2_37_80,s3_141_159,s2_164_318,s3_80_160,s2_2_4
2506,s3_1695_2555,s2_n103_99,s4_n40_7,s1_below_4282,s3_3_4,s2_2001_2003,s2_760_2075,s3_17_37,Truck (<=6000 lbs.),s2_11_28,Not Deployed,s2_97_208,s1_below_1,Female,s2_37_80,s3_141_159,s2_164_318,s4_160_220,s2_2_4
2507,s2_885_1695,s2_n103_99,s3_n81_n40,s1_below_4282,s1_below_2,s1_below_2001,s2_760_2075,s5_47_57,Truck (<=6000 lbs.),s5_64_76,Deployed,s2_97_208,s2_1_2,Male,s3_80_96,s3_141_159,s2_164_318,s3_80_160,s2_2_4
2508,s2_885_1695,s2_n103_99,s5_7_up,s1_below_4282,s5_5_6,s3_2003_2005,s2_760_2075,s4_37_47,Passenger Car,s3_28_48,Not Deployed,s2_97_208,s1_below_1,Female,s2_37_80,s3_141_159,s2_164_318,s6_260_up,s2_2_4
2509,s2_885_1695,s2_n103_99,s4_n40_7,s1_below_4282,s3_3_4,s5_2007_2009,s2_760_2075,s4_37_47,Passenger Car,s3_28_48,Deployed,s2_97_208,s1_below_1,Female,s2_37_80,s3_141_159,s2_164_318,s3_80_160,s2_2_4
2510,s3_1695_2555,s2_n103_99,s4_n40_7,s1_below_4282,s2_2_3,s2_2001_2003,s2_760_2075,s5_47_57,Truck (<=10000 lbs.),s3_28_48,Not Deployed,s2_97_208,s1_below_1,Female,s2_37_80,s4_159_169,s3_318_464,s3_80_160,s4_5_6
2511,s2_885_1695,s2_n103_99,s4_n40_7,s1_below_4282,s3_3_4,s3_2003_2005,s3_2075_3730,s5_47_57,Passenger Car,s4_48_64,Not Deployed,s2_97_208,s1_below_1,Male,s2_37_80,s3_141_159,s2_164_318,s3_80_160,s2_2_4
2512,s2_885_1695,s2_n103_99,s3_n81_n40,s1_below_4282,s1_below_2,s4_2005_2007,s2_760_2075,s5_47_57,Passenger Car,s3_28_48,Deployed,s2_97_208,s1_below_1,Female,s2_37_80,s3_141_159,s2_164_318,s3_80_160,s2_2_4
2513,s3_1695_2555,s2_n103_99,s4_n40_7,s1_below_4282,s2_2_3,s4_2005_2007,s2_760_2075,s4_37_47,Truck (<=6000 lbs.),s5_64_76,Not Deployed,s2_97_208,s1_below_1,Female,s2_37_80,s3_141_159,s2_164_318,s3_80_160,s2_2_4
2514,s2_885_1695,s2_n103_99,s4_n40_7,s1_below_4282,s3_3_4,s1_below_2001,s2_760_2075,s3_17_37,Passenger Car,s2_11_28,Not Deployed,s2_97_208,s1_below_1,Male,s2_37_80,s3_141_159,s2_164_318,s3_80_160,s2_2_4
2515,s2_885_1695,s2_n103_99,s4_n40_7,s1_below_4282,s3_3_4,s4_2005_2007,s2_760_2075,s4_37_47,Passenger Car,s2_11_28,Not Deployed,s2_97_208,s1_below_1,Female,s3_80_96,s3_141_159,s2_164_318,s3_80_160,s2_2_4
2516,s3_1695_2555,s2_n103_99,s4_n40_7,s1_below_4282,s1_below_2,s4_2005_2007,s2_760_2075,s3_17_37,Truck (<=6000 lbs.),s3_28_48,Not Deployed,s2_97_208,s2_1_2,Female,s2_37_80,s3_141_159,s2_164_318,s3_80_160,s2_2_4
2517,s3_1695_2555,s2_n103_99,s4_n40_7,s1_below_4282,s3_3_4,s4_2005_2007,s2_760_2075,s3_17_37,Truck (<=6000 lbs.),s3_28_48,Not Deployed,s2_97_208,s1_below_1,Female,s2_37_80,s3_141_159,s2_164_318,s4_160_220,s2_2_4
2518,s2_885_1695,s2_n103_99,s4_n40_7,s1_below_4282,s2_2_3,s2_2001_2003,s2_760_2075,s5_47_57,Passenger Car,s4_48_64,Not Deployed,s2_97_208,s1_below_1,Male,s2_37_80,s3_141_159,s2_164_318,s4_160_220,s2_2_4
2519,s3_1695_2555,s2_n103_99,s4_n40_7,s1_below_4282,s1_below_2,s3_2003_2005,s2_760_2075,s4_37_47,Truck (<=6000 lbs.),s4_48_64,Not Deployed,s2_97_208,s1_below_1,Male,s6_130_up,s4_159_169,s2_164_318,s3_80_160,s2_2_4
2520,s3_1695_2555,s2_n103_99,s4_n40_7,s1_below_4282,s1_below_2,s4_2005_2007,s3_2075_3730,s3_17_37,Truck (<=6000 lbs.),s2_11_28,Not Deployed,s2_97_208,s1_below_1,Male,s4_96_114,s3_141_159,s2_164_318,s2_40_80,s2_2_4
2521,s2_885_1695,s2_n103_99,s4_n40_7,s1_below_4282,s3_3_4,s1_below_2001,s2_760_2075,s4_37_47,Passenger Car,s3_28_48,Not Deployed,s2_97_208,s1_below_1,Female,s5_114_130,s3_141_159,s2_164_318,s3_80_160,s2_2_4
2522,s2_885_1695,s2_n103_99,s4_n40_7,s1_below_4282,s4_4_5,s5_2007_2009,s2_760_2075,s5_47_57,Passenger Car,s2_11_28,Not Deployed,s2_97_208,s1_below_1,Female,s2_37_80,s3_141_159,s2_164_318,s3_80_160,s2_2_4
2523,s3_1695_2555,s2_n103_99,s4_n40_7,s1_below_4282,s1_below_2,s4_2005_2007,s2_760_2075,s4_37_47,Truck (<=10000 lbs.),s3_28_48,Not Deployed,s2_97_208,s1_below_1,Female,s2_37_80,s5_169_179,s2_164_318,s3_80_160,s4_5_6
2524,s2_885_1695,s2_n103_99,s4_n40_7,s1_below_4282,s4_4_5,s2_2001_2003,s2_760_2075,s4_37_47,Passenger Car,s3_28_48,Not Deployed,s2_97_208,s1_below_1,Male,s3_80_96,s3_141_159,s2_164_318,s3_80_160,s2_2_4
2525,s3_1695_2555,s2_n103_99,s4_n40_7,s1_below_4282,s2_2_3,s3_2003_2005,s2_760_2075,s6_57_up,Truck (<=6000 lbs.),s3_28_48,Not Deployed,s2_97_208,s1_below_1,Male,s2_37_80,s3_141_159,s2_164_318,s3_80_160,s2_2_4
2526,s3_1695_2555,s2_n103_99,s4_n40_7,s1_below_4282,s1_below_2,s3_2003_2005,s2_760_2075,s5_47_57,Truck (<=6000 lbs.),s3_28_48,Not Deployed,s2_97_208,s1_below_1,Male,s2_37_80,s4_159_169,s2_164_318,s3_80_160,s3_4_5
2527,s2_885_1695,s2_n103_99,s4_n40_7,s1_below_4282,s4_4_5,s4_2005_2007,s2_760_2075,s4_37_47,Passenger Car,s2_11_28,Not Deployed,s2_97_208,s1_below_1,Female,s2_37_80,s3_141_159,s2_164_318,s4_160_220,s2_2_4
2528,s3_1695_2555,s2_n103_99,s4_n40_7,s1_below_4282,s1_below_2,s2_2001_2003,s2_760_2075,s3_17_37,Truck (<=6000 lbs.),s2_11_28,Not Deployed,s2_97_208,s1_below_1,Male,s3_80_96,s4_159_169,s2_164_318,s3_80_160,s2_2_4
2529,s2_885_1695,s2_n103_99,s4_n40_7,s1_below_4282,s1_below_2,s4_2005_2007,s2_760_2075,s3_17_37,Passenger Car,s2_11_28,Not Deployed,s2_97_208,s1_below_1,Female,s2_37_80,s3_141_159,s2_164_318,s3_80_160,s2_2_4
2530,s3_1695_2555,s2_n103_99,s4_n40_7,s1_below_4282,s1_below_2,s3_2003_2005,s2_760_2075,s3_17_37,Truck (<=10000 lbs.),s5_64_76,Not Deployed,s2_97_208,s1_below_1,Male,s4_96_114,s4_159_169,s3_318_464,s3_80_160,s4_5_6
2531,s2_885_1695,s2_n103_99,s4_n40_7,s1_below_4282,s4_4_5,s5_2007_2009,s2_760_2075,s5_47_57,Passenger Car,s3_28_48,Not Deployed,s2_97_208,s1_below_1,Female,s4_96_114,s3_141_159,s2_164_318,s4_160_220,s2_2_4
2532,s2_885_1695,s2_n103_99,s4_n40_7,s1_below_4282,s1_below_2,s4_2005_2007,s2_760_2075,s4_37_47,Truck (<=6000 lbs.),s3_28_48,Deployed,s2_97_208,s1_below_1,Male,s4_96_114,s4_159_169,s3_318_464,s3_80_160,s3_4_5
2533,s2_885_1695,s2_n103_99,s4_n40_7,s1_below_4282,s1_below_2,s1_below_2001,s2_760_2075,s5_47_57,Passenger Car,s3_28_48,Not Deployed,s2_97_208,s1_below_1,Male,s5_114_130,s3_141_159,s2_164_318,s3_80_160,s2_2_4
2534,s2_885_1695,s2_n103_99,s4_n40_7,s1_below_4282,s3_3_4,s2_2001_2003,s2_760_2075,s4_37_47,Passenger Car,s2_11_28,Deployed,s2_97_208,s1_below_1,Male,s2_37_80,s3_141_159,s2_164_318,s4_160_220,s2_2_4
2535,s2_885_1695,s2_n103_99,s4_n40_7,s1_below_4282,s4_4_5,s4_2005_2007,s2_760_2075,s5_47_57,Passenger Car,s2_11_28,Deployed,s2_97_208,s1_below_1,Female,s2_37_80,s3_141_159,s2_164_318,s3_80_160,s2_2_4
2536,s3_1695_2555,s2_n103_99,s4_n40_7,s1_below_4282,s4_4_5,s1_below_2001,s2_760_2075,s4_37_47,Truck (<=6000 lbs.),s2_11_28,Not Deployed,s2_97_208,s1_below_1,Male,s2_37_80,s3_141_159,s2_164_318,s5_220_260,s2_2_4
2537,s2_885_1695,s2_n103_99,s4_n40_7,s1_below_4282,s1_below_2,s4_2005_2007,s2_760_2075,s3_17_37,Passenger Car,s2_11_28,Deployed,s2_97_208,s2_1_2,Female,s2_37_80,s3_141_159,s2_164_318,s3_80_160,s2_2_4
2538,s3_1695_2555,s2_n103_99,s4_n40_7,s1_below_4282,s3_3_4,s3_2003_2005,s3_2075_3730,s4_37_47,Truck (<=6000 lbs.),s3_28_48,Not Deployed,s2_97_208,s1_below_1,Female,s4_96_114,s3_141_159,s2_164_318,s1_below_40,s2_2_4
2539,s3_1695_2555,s2_n103_99,s4_n40_7,s1_below_4282,s3_3_4,s5_2007_2009,s2_760_2075,s4_37_47,Truck (<=10000 lbs.),s4_48_64,Deployed,s2_97_208,s1_below_1,Male,s3_80_96,s5_169_179,s2_164_318,s3_80_160,s3_4_5
2540,s3_1695_2555,s2_n103_99,s4_n40_7,s1_below_4282,s1_below_2,s1_below_2001,s2_760_2075,s5_47_57,Truck (<=6000 lbs.),s2_11_28,Not Deployed,s2_97_208,s1_below_1,Female,s2_37_80,s3_141_159,s2_164_318,s3_80_160,s2_2_4
2541,s2_885_1695,s2_n103_99,s4_n40_7,s1_below_4282,s1_below_2,s4_2005_2007,s2_760_2075,s5_47_57,Passenger Car,s2_11_28,Not Deployed,s2_97_208,s1_below_1,Female,s2_37_80,s3_141_159,s2_164_318,s3_80_160,s2_2_4
2542,s2_885_1695,s2_n103_99,s4_n40_7,s1_below_4282,s3_3_4,s1_below_2001,s2_760_2075,s4_37_47,Truck (<=6000 lbs.),s5_64_76,Deployed,s2_97_208,s1_below_1,Female,s3_80_96,s3_141_159,s2_164_318,s3_80_160,s2_2_4
2543,s2_885_1695,s2_n103_99,s4_n40_7,s1_below_4282,s1_below_2,s5_2007_2009,s2_760_2075,s3_17_37,Passenger Car,s4_48_64,Deployed,s2_97_208,s1_below_1,Female,s2_37_80,s3_141_159,s2_164_318,s4_160_220,s2_2_4
2544,s3_1695_2555,s2_n103_99,s4_n40_7,s1_below_4282,s1_below_2,s2_2001_2003,s3_2075_3730,s5_47_57,Truck (<=6000 lbs.),s3_28_48,Deployed,s2_97_208,s2_1_2,Female,s2_37_80,s4_159_169,s2_164_318,s3_80_160,s3_4_5
2545,s4_2555_3715,s2_n103_99,s4_n40_7,s1_below_4282,s1_below_2,s5_2007_2009,s2_760_2075,s5_47_57,Truck (<=10000 lbs.),s3_28_48,Deployed,s2_97_208,s1_below_1,Female,s2_37_80,s5_169_179,s3_318_464,s4_160_220,s4_5_6
2546,s3_1695_2555,s2_n103_99,s4_n40_7,s1_below_4282,s2_2_3,s1_below_2001,s2_760_2075,s3_17_37,Truck (<=10000 lbs.),s3_28_48,Not Deployed,s2_97_208,s1_below_1,Female,s3_80_96,s4_159_169,s3_318_464,s3_80_160,s4_5_6
2547,s2_885_1695,s2_n103_99,s4_n40_7,s1_below_4282,s1_below_2,s4_2005_2007,s3_2075_3730,s3_17_37,Passenger Car,s3_28_48,Not Deployed,s2_97_208,s1_below_1,Female,s2_37_80,s3_141_159,s2_164_318,s3_80_160,s2_2_4
2548,s2_885_1695,s2_n103_99,s4_n40_7,s1_below_4282,s4_4_5,s4_2005_2007,s2_760_2075,s3_17_37,Passenger Car,s2_11_28,Deployed,s2_97_208,s1_below_1,Female,s2_37_80,s3_141_159,s2_164_318,s3_80_160,s2_2_4
2549,s3_1695_2555,s2_n103_99,s4_n40_7,s1_below_4282,s1_below_2,s1_below_2001,s2_760_2075,s3_17_37,Truck (<=6000 lbs.),s5_64_76,Deployed,s2_97_208,s1_below_1,Female,s4_96_114,s4_159_169,s2_164_318,s3_80_160,s3_4_5
2550,s2_885_1695,s2_n103_99,s4_n40_7,s1_below_4282,s1_below_2,s4_2005_2007,s2_760_2075,s4_37_47,Passenger Car,s4_48_64,Not Deployed,s2_97_208,s1_below_1,Male,s4_96_114,s3_141_159,s2_164_318,s2_40_80,s2_2_4
2551,s2_885_1695,s2_n103_99,s4_n40_7,s1_below_4282,s1_below_2,s5_2007_2009,s2_760_2075,s4_37_47,Passenger Car,s3_28_48,Not Deployed,s2_97_208,s1_below_1,Female,s4_96_114,s3_141_159,s2_164_318,s3_80_160,s2_2_4
2552,s3_1695_2555,s2_n103_99,s4_n40_7,s1_below_4282,s3_3_4,s5_2007_2009,s3_2075_3730,s5_47_57,Truck (<=10000 lbs.),s2_11_28,Deployed,s2_97_208,s2_1_2,Male,s2_37_80,s5_169_179,s3_318_464,s3_80_160,s4_5_6
2553,s4_2555_3715,s2_n103_99,s5_7_up,s1_below_4282,s3_3_4,s4_2005_2007,s3_2075_3730,s5_47_57,Truck (<=10000 lbs.),s2_11_28,Not Deployed,s2_97_208,s1_below_1,Male,s2_37_80,s5_169_179,s3_318_464,s6_260_up,s4_5_6
2554,s2_885_1695,s2_n103_99,s4_n40_7,s1_below_4282,s2_2_3,s4_2005_2007,s2_760_2075,s5_47_57,Passenger Car,s2_11_28,Deployed,s2_97_208,s1_below_1,Male,s3_80_96,s3_141_159,s2_164_318,s3_80_160,s2_2_4
2555,s3_1695_2555,s2_n103_99,s4_n40_7,s1_below_4282,s3_3_4,s3_2003_2005,s2_760_2075,s3_17_37,Truck (<=6000 lbs.),s3_28_48,Deployed,s2_97_208,s1_below_1,Female,s2_37_80,s3_141_159,s2_164_318,s3_80_160,s2_2_4
2556,s2_885_1695,s2_n103_99,s4_n40_7,s1_below_4282,s1_below_2,s1_below_2001,s3_2075_3730,s4_37_47,Passenger Car,s2_11_28,Not Deployed,s2_97_208,s1_below_1,Male,s5_114_130,s3_141_159,s2_164_318,s3_80_160,s2_2_4
2557,s2_885_1695,s2_n103_99,s5_7_up,s1_below_4282,s3_3_4,s3_2003_2005,s2_760_2075,s4_37_47,Passenger Car,s2_11_28,Not Deployed,s2_97_208,s1_below_1,Female,s2_37_80,s3_141_159,s2_164_318,s6_260_up,s2_2_4
2558,s2_885_1695,s2_n103_99,s4_n40_7,s1_below_4282,s3_3_4,s5_2007_2009,s2_760_2075,s3_17_37,Passenger Car,s2_11_28,Not Deployed,s2_97_208,s1_below_1,Male,s3_80_96,s3_141_159,s2_164_318,s3_80_160,s2_2_4
2559,s2_885_1695,s2_n103_99,s4_n40_7,s1_below_4282,s3_3_4,s3_2003_2005,s2_760_2075,s3_17_37,Passenger Car,s2_11_28,Deployed,s2_97_208,s1_below_1,Male,s3_80_96,s3_141_159,s2_164_318,s4_160_220,s2_2_4
2560,s2_885_1695,s2_n103_99,s4_n40_7,s1_below_4282,s1_below_2,s3_2003_2005,s2_760_2075,s3_17_37,Passenger Car,s2_11_28,Not Deployed,s2_97_208,s1_below_1,Female,s3_80_96,s3_141_159,s2_164_318,s3_80_160,s2_2_4
2561,s2_885_1695,s2_n103_99,s4_n40_7,s1_below_4282,s3_3_4,s4_2005_2007,s2_760_2075,s5_47_57,Passenger Car,s2_11_28,Not Deployed,s2_97_208,s1_below_1,Male,s2_37_80,s3_141_159,s2_164_318,s3_80_160,s2_2_4
2562,s2_885_1695,s2_n103_99,s4_n40_7,s1_below_4282,s2_2_3,s3_2003_2005,s3_2075_3730,s3_17_37,Passenger Car,s4_48_64,Not Deployed,s2_97_208,s2_1_2,Female,s3_80_96,s3_141_159,s2_164_318,s3_80_160,s2_2_4
2563,s2_885_1695,s2_n103_99,s4_n40_7,s1_below_4282,s4_4_5,s5_2007_2009,s2_760_2075,s3_17_37,Passenger Car,s4_48_64,Deployed,s2_97_208,s1_below_1,Male,s2_37_80,s3_141_159,s2_164_318,s3_80_160,s2_2_4
2564,s2_885_1695,s2_n103_99,s4_n40_7,s1_below_4282,s2_2_3,s4_2005_2007,s2_760_2075,s3_17_37,Passenger Car,s3_28_48,Deployed,s2_97_208,s1_below_1,Male,s3_80_96,s3_141_159,s2_164_318,s3_80_160,s2_2_4
2565,s3_1695_2555,s2_n103_99,s4_n40_7,s1_below_4282,s1_below_2,s2_2001_2003,s2_760_2075,s4_37_47,Truck (<=10000 lbs.),s4_48_64,Not Deployed,s2_97_208,s1_below_1,Male,s5_114_130,s4_159_169,s3_318_464,s3_80_160,s4_5_6
2566,s2_885_1695,s2_n103_99,s5_7_up,s1_below_4282,s1_below_2,s2_2001_2003,s2_760_2075,s3_17_37,Passenger Car,s2_11_28,Not Deployed,s2_97_208,s1_below_1,Male,s3_80_96,s3_141_159,s2_164_318,s6_260_up,s2_2_4
2567,s2_885_1695,s2_n103_99,s4_n40_7,s1_below_4282,s3_3_4,s4_2005_2007,s2_760_2075,s5_47_57,Passenger Car,s4_48_64,Not Deployed,s2_97_208,s1_below_1,Female,s3_80_96,s3_141_159,s2_164_318,s3_80_160,s2_2_4
2568,s2_885_1695,s2_n103_99,s4_n40_7,s1_below_4282,s3_3_4,s3_2003_2005,s2_760_2075,s4_37_47,Passenger Car,s3_28_48,Not Deployed,s2_97_208,s1_below_1,Male,s2_37_80,s3_141_159,s2_164_318,s3_80_160,s2_2_4
2569,s3_1695_2555,s2_n103_99,s4_n40_7,s1_below_4282,s1_below_2,s4_2005_2007,s2_760_2075,s3_17_37,Truck (<=10000 lbs.),s5_64_76,Not Deployed,s2_97_208,s1_below_1,Male,s4_96_114,s4_159_169,s3_318_464,s3_80_160,s4_5_6
2570,s2_885_1695,s2_n103_99,s4_n40_7,s1_below_4282,s1_below_2,s4_2005_2007,s2_760_2075,s4_37_47,Truck (<=6000 lbs.),s2_11_28,Deployed,s2_97_208,s1_below_1,Female,s2_37_80,s3_141_159,s2_164_318,s3_80_160,s2_2_4
2571,s3_1695_2555,s2_n103_99,s4_n40_7,s1_below_4282,s1_below_2,s3_2003_2005,s2_760_2075,s4_37_47,Truck (<=6000 lbs.),s2_11_28,Not Deployed,s2_97_208,s1_below_1,Male,s4_96_114,s3_141_159,s2_164_318,s3_80_160,s2_2_4
2572,s2_885_1695,s2_n103_99,s4_n40_7,s1_below_4282,s3_3_4,s4_2005_2007,s2_760_2075,s4_37_47,Passenger Car,s2_11_28,Deployed,s2_97_208,s1_below_1,Male,s3_80_96,s3_141_159,s2_164_318,s3_80_160,s2_2_4
2573,s3_1695_2555,s2_n103_99,s4_n40_7,s1_below_4282,s2_2_3,s1_below_2001,s2_760_2075,s3_17_37,Truck (<=6000 lbs.),s3_28_48,Deployed,s2_97_208,s1_below_1,Female,s2_37_80,s4_159_169,s2_164_318,s4_160_220,s3_4_5
2574,s2_885_1695,s2_n103_99,s4_n40_7,s1_below_4282,s2_2_3,s3_2003_2005,s2_760_2075,s3_17_37,Passenger Car,s2_11_28,Not Deployed,s2_97_208,s1_below_1,Female,s2_37_80,s3_141_159,s2_164_318,s3_80_160,s2_2_4
2575,s2_885_1695,s2_n103_99,s4_n40_7,s1_below_4282,s3_3_4,s1_below_2001,s2_760_2075,s4_37_47,Passenger Car,s3_28_48,Deployed,s2_97_208,s1_below_1,Male,s2_37_80,s3_141_159,s2_164_318,s3_80_160,s2_2_4
2576,s2_885_1695,s2_n103_99,s4_n40_7,s1_below_4282,s3_3_4,s2_2001_2003,s2_760_2075,s5_47_57,Passenger Car,s2_11_28,Not Deployed,s2_97_208,s1_below_1,Male,s3_80_96,s3_141_159,s2_164_318,s3_80_160,s2_2_4
2577,s3_1695_2555,s2_n103_99,s4_n40_7,s1_below_4282,s1_below_2,s2_2001_2003,s2_760_2075,s3_17_37,Truck (<=6000 lbs.),s2_11_28,Not Deployed,s2_97_208,s1_below_1,Male,s2_37_80,s3_141_159,s2_164_318,s3_80_160,s2_2_4
2578,s3_1695_2555,s2_n103_99,s4_n40_7,s1_below_4282,s1_below_2,s4_2005_2007,s2_760_2075,s3_17_37,Truck (<=6000 lbs.),s2_11_28,Not Deployed,s2_97_208,s1_below_1,Female,s2_37_80,s3_141_159,s2_164_318,s4_160_220,s2_2_4
2579,s2_885_1695,s2_n103_99,s4_n40_7,s1_below_4282,s2_2_3,s1_below_2001,s2_760_2075,s3_17_37,Passenger Car,s3_28_48,Not Deployed,s2_97_208,s1_below_1,Male,s4_96_114,s3_141_159,s2_164_318,s3_80_160,s2_2_4
2580,s3_1695_2555,s2_n103_99,s4_n40_7,s1_below_4282,s2_2_3,s3_2003_2005,s2_760_2075,s4_37_47,Truck (<=10000 lbs.),s3_28_48,Not Deployed,s2_97_208,s1_below_1,Female,s4_96_114,s5_169_179,s2_164_318,s3_80_160,s3_4_5
2581,s3_1695_2555,s2_n103_99,s4_n40_7,s1_below_4282,s2_2_3,s4_2005_2007,s2_760_2075,s3_17_37,Passenger Car,s2_11_28,Not Deployed,s2_97_208,s1_below_1,Female,s2_37_80,s4_159_169,s2_164_318,s4_160_220,s3_4_5
2582,s2_885_1695,s2_n103_99,s4_n40_7,s1_below_4282,s3_3_4,s2_2001_2003,s2_760_2075,s4_37_47,Passenger Car,s4_48_64,Not Deployed,s2_97_208,s1_below_1,Female,s5_114_130,s3_141_159,s2_164_318,s3_80_160,s2_2_4
2583,s3_1695_2555,s2_n103_99,s4_n40_7,s1_below_4282,s1_below_2,s5_2007_2009,s2_760_2075,s4_37_47,Truck (<=10000 lbs.),s3_28_48,Deployed,s2_97_208,s1_below_1,Male,s4_96_114,s5_169_179,s3_318_464,s3_80_160,s4_5_6
2584,s2_885_1695,s2_n103_99,s4_n40_7,s1_below_4282,s5_5_6,s5_2007_2009,s2_760_2075,s5_47_57,Passenger Car,s2_11_28,Not Deployed,s2_97_208,s1_below_1,Female,s2_37_80,s3_141_159,s2_164_318,s3_80_160,s2_2_4
2585,s3_1695_2555,s2_n103_99,s4_n40_7,s1_below_4282,s4_4_5,s2_2001_2003,s2_760_2075,s4_37_47,Truck (<=6000 lbs.),s2_11_28,Not Deployed,s2_97_208,s1_below_1,Male,s2_37_80,s3_141_159,s2_164_318,s3_80_160,s2_2_4
2586,s2_885_1695,s2_n103_99,s4_n40_7,s1_below_4282,s2_2_3,s4_2005_2007,s3_2075_3730,s4_37_47,Passenger Car,s2_11_28,Deployed,s2_97_208,s1_below_1,Female,s2_37_80,s3_141_159,s2_164_318,s3_80_160,s2_2_4
2587,s3_1695_2555,s2_n103_99,s4_n40_7,s1_below_4282,s1_below_2,s3_2003_2005,s2_760_2075,s4_37_47,Truck (<=10000 lbs.),s5_64_76,Not Deployed,s2_97_208,s1_below_1,Male,s3_80_96,s5_169_179,s3_318_464,s3_80_160,s4_5_6
2588,s3_1695_2555,s2_n103_99,s4_n40_7,s1_below_4282,s3_3_4,s4_2005_2007,s2_760_2075,s5_47_57,Truck (<=10000 lbs.),s3_28_48,Not Deployed,s2_97_208,s1_below_1,Male,s4_96_114,s5_169_179,s2_164_318,s4_160_220,s3_4_5
2589,s3_1695_2555,s2_n103_99,s4_n40_7,s1_below_4282,s4_4_5,s3_2003_2005,s3_2075_3730,s5_47_57,Truck (<=6000 lbs.),s3_28_48,Not Deployed,s2_97_208,s1_below_1,Male,s2_37_80,s3_141_159,s2_164_318,s3_80_160,s2_2_4
2590,s2_885_1695,s2_n103_99,s4_n40_7,s1_below_4282,s3_3_4,s5_2007_2009,s2_760_2075,s4_37_47,Truck (<=6000 lbs.),s2_11_28,Deployed,s2_97_208,s1_below_1,Male,s2_37_80,s3_141_159,s2_164_318,s3_80_160,s2_2_4
2591,s2_885_1695,s2_n103_99,s4_n40_7,s1_below_4282,s3_3_4,s1_below_2001,s2_760_2075,s4_37_47,Truck (<=6000 lbs.),s2_11_28,Deployed,s2_97_208,s1_below_1,Female,s2_37_80,s3_141_159,s2_164_318,s4_160_220,s2_2_4
2592,s2_885_1695,s2_n103_99,s4_n40_7,s1_below_4282,s1_below_2,s3_2003_2005,s2_760_2075,s4_37_47,Passenger Car,s2_11_28,Not Deployed,s2_97_208,s1_below_1,Female,s2_37_80,s3_141_159,s2_164_318,s3_80_160,s2_2_4
2593,s2_885_1695,s2_n103_99,s4_n40_7,s1_below_4282,s3_3_4,s3_2003_2005,s3_2075_3730,s3_17_37,Passenger Car,s2_11_28,Not Deployed,s2_97_208,s1_below_1,Female,s2_37_80,s3_141_159,s2_164_318,s5_220_260,s2_2_4
2594,s2_885_1695,s2_n103_99,s4_n40_7,s1_below_4282,s3_3_4,s2_2001_2003,s2_760_2075,s4_37_47,Passenger Car,s3_28_48,Deployed,s2_97_208,s1_below_1,Male,s4_96_114,s3_141_159,s2_164_318,s3_80_160,s2_2_4
2595,s2_885_1695,s2_n103_99,s5_7_up,s1_below_4282,s3_3_4,s3_2003_2005,s2_760_2075,s4_37_47,Passenger Car,s6_76_up,Not Deployed,s2_97_208,s2_1_2,Female,s3_80_96,s3_141_159,s2_164_318,s6_260_up,s2_2_4
2596,s2_885_1695,s2_n103_99,s4_n40_7,s1_below_4282,s1_below_2,s4_2005_2007,s2_760_2075,s4_37_47,Passenger Car,s5_64_76,Not Deployed,s2_97_208,s1_below_1,Male,s3_80_96,s3_141_159,s2_164_318,s3_80_160,s2_2_4
2597,s3_1695_2555,s2_n103_99,s4_n40_7,s1_below_4282,s3_3_4,s2_2001_2003,s3_2075_3730,s4_37_47,Truck (<=6000 lbs.),s4_48_64,Not Deployed,s2_97_208,s3_2_3,Female,s4_96_114,s3_141_159,s2_164_318,s4_160_220,s2_2_4
2598,s2_885_1695,s2_n103_99,s4_n40_7,s1_below_4282,s3_3_4,s2_2001_2003,s2_760_2075,s5_47_57,Passenger Car,s2_11_28,Deployed,s2_97_208,s1_below_1,Male,s2_37_80,s3_141_159,s2_164_318,s4_160_220,s2_2_4
2599,s3_1695_2555,s2_n103_99,s4_n40_7,s1_below_4282,s2_2_3,s3_2003_2005,s3_2075_3730,s5_47_57,Truck (<=10000 lbs.),s5_64_76,Deployed,s2_97_208,s1_below_1,Male,s3_80_96,s4_159_169,s3_318_464,s3_80_160,s4_5_6
2600,s2_885_1695,s2_n103_99,s4_n40_7,s1_below_4282,s1_below_2,s2_2001_2003,s2_760_2075,s4_37_47,Passenger Car,s2_11_28,Deployed,s2_97_208,s1_below_1,Female,s2_37_80,s3_141_159,s2_164_318,s3_80_160,s2_2_4
2601,s3_1695_2555,s2_n103_99,s4_n40_7,s1_below_4282,s1_below_2,s2_2001_2003,s2_760_2075,s3_17_37,Truck (<=6000 lbs.),s2_11_28,Not Deployed,s2_97_208,s1_below_1,Female,s2_37_80,s3_141_159,s2_164_318,s3_80_160,s2_2_4
2602,s3_1695_2555,s2_n103_99,s4_n40_7,s1_below_4282,s3_3_4,s4_2005_2007,s2_760_2075,s5_47_57,Truck (<=10000 lbs.),s6_76_up,Deployed,s2_97_208,s1_below_1,Male,s3_80_96,s5_169_179,s2_164_318,s4_160_220,s3_4_5
2603,s2_885_1695,s2_n103_99,s4_n40_7,s1_below_4282,s2_2_3,s3_2003_2005,s2_760_2075,s4_37_47,Truck (<=6000 lbs.),s4_48_64,Deployed,s2_97_208,s1_below_1,Male,s2_37_80,s3_141_159,s2_164_318,s3_80_160,s2_2_4
2604,s3_1695_2555,s2_n103_99,s5_7_up,s1_below_4282,s1_below_2,s4_2005_2007,s2_760_2075,s3_17_37,Truck (<=6000 lbs.),s5_64_76,Not Deployed,s2_97_208,s1_below_1,Female,s2_37_80,s3_141_159,s2_164_318,s4_160_220,s2_2_4
2605,s3_1695_2555,s2_n103_99,s4_n40_7,s1_below_4282,s3_3_4,s3_2003_2005,s3_2075_3730,s5_47_57,Truck (<=6000 lbs.),s2_11_28,Deployed,s2_97_208,s1_below_1,Female,s2_37_80,s4_159_169,s2_164_318,s3_80_160,s3_4_5
2606,s3_1695_2555,s2_n103_99,s4_n40_7,s1_below_4282,s4_4_5,s4_2005_2007,s2_760_2075,s4_37_47,Truck (<=6000 lbs.),s4_48_64,Deployed,s2_97_208,s1_below_1,Female,s2_37_80,s4_159_169,s2_164_318,s3_80_160,s2_2_4
2607,s2_885_1695,s2_n103_99,s5_7_up,s1_below_4282,s3_3_4,s2_2001_2003,s2_760_2075,s5_47_57,Passenger Car,s2_11_28,Not Deployed,s2_97_208,s2_1_2,Female,s2_37_80,s3_141_159,s2_164_318,s6_260_up,s2_2_4
2608,s2_885_1695,s2_n103_99,s5_7_up,s1_below_4282,s1_below_2,s4_2005_2007,s2_760_2075,s3_17_37,Passenger Car,s2_11_28,Not Deployed,s2_97_208,s1_below_1,Female,s2_37_80,s3_141_159,s2_164_318,s6_260_up,s2_2_4
2609,s2_885_1695,s2_n103_99,s4_n40_7,s1_below_4282,s3_3_4,s3_2003_2005,s2_760_2075,s4_37_47,Passenger Car,s2_11_28,Deployed,s2_97_208,s1_below_1,Male,s4_96_114,s3_141_159,s2_164_318,s3_80_160,s2_2_4
2610,s3_1695_2555,s2_n103_99,s4_n40_7,s1_below_4282,s2_2_3,s5_2007_2009,s3_2075_3730,s5_47_57,Truck (<=10000 lbs.),s3_28_48,Not Deployed,s2_97_208,s1_below_1,Male,s4_96_114,s5_169_179,s3_318_464,s2_40_80,s4_5_6
2611,s3_1695_2555,s2_n103_99,s4_n40_7,s1_below_4282,s3_3_4,s3_2003_2005,s2_760_2075,s4_37_47,Truck (<=10000 lbs.),s6_76_up,Deployed,s2_97_208,s1_below_1,Male,s3_80_96,s5_169_179,s3_318_464,s4_160_220,s4_5_6
2612,s3_1695_2555,s2_n103_99,s4_n40_7,s1_below_4282,s2_2_3,s4_2005_2007,s3_2075_3730,s4_37_47,Truck (<=10000 lbs.),s3_28_48,Deployed,s2_97_208,s1_below_1,Male,s5_114_130,s5_169_179,s3_318_464,s3_80_160,s4_5_6
2613,s3_1695_2555,s2_n103_99,s4_n40_7,s1_below_4282,s2_2_3,s4_2005_2007,s3_2075_3730,s4_37_47,Truck (<=10000 lbs.),s3_28_48,Not Deployed,s2_97_208,s1_below_1,Male,s4_96_114,s5_169_179,s3_318_464,s4_160_220,s4_5_6
2614,s2_885_1695,s2_n103_99,s4_n40_7,s1_below_4282,s4_4_5,s3_2003_2005,s2_760_2075,s3_17_37,Passenger Car,s2_11_28,Deployed,s2_97_208,s4_3_4,Male,s2_37_80,s3_141_159,s2_164_318,s4_160_220,s2_2_4
2615,s4_2555_3715,s2_n103_99,s4_n40_7,s1_below_4282,s3_3_4,s5_2007_2009,s2_760_2075,s3_17_37,Truck (<=10000 lbs.),s4_48_64,Not Deployed,s2_97_208,s1_below_1,Male,s3_80_96,s5_169_179,s3_318_464,s3_80_160,s6_7_up
2616,s2_885_1695,s2_n103_99,s4_n40_7,s1_below_4282,s1_below_2,s5_2007_2009,s2_760_2075,s4_37_47,Passenger Car,s4_48_64,Not Deployed,s2_97_208,s1_below_1,Male,s2_37_80,s3_141_159,s2_164_318,s3_80_160,s2_2_4
2617,s2_885_1695,s2_n103_99,s4_n40_7,s1_below_4282,s3_3_4,s1_below_2001,s2_760_2075,s3_17_37,Passenger Car,s3_28_48,Deployed,s2_97_208,s1_below_1,Female,s2_37_80,s3_141_159,s2_164_318,s4_160_220,s2_2_4
2618,s2_885_1695,s2_n103_99,s4_n40_7,s1_below_4282,s3_3_4,s4_2005_2007,s2_760_2075,s3_17_37,Passenger Car,s3_28_48,Deployed,s2_97_208,s1_below_1,Female,s2_37_80,s3_141_159,s2_164_318,s3_80_160,s2_2_4
2619,s2_885_1695,s2_n103_99,s5_7_up,s1_below_4282,s2_2_3,s3_2003_2005,s2_760_2075,s6_57_up,Passenger Car,s3_28_48,Not Deployed,s2_97_208,s1_below_1,Male,s4_96_114,s3_141_159,s2_164_318,s6_260_up,s2_2_4
2620,s3_1695_2555,s2_n103_99,s4_n40_7,s1_below_4282,s3_3_4,s2_2001_2003,s2_760_2075,s4_37_47,Truck (<=10000 lbs.),s2_11_28,Deployed,s2_97_208,s1_below_1,Male,s3_80_96,s5_169_179,s2_164_318,s3_80_160,s3_4_5
2621,s3_1695_2555,s2_n103_99,s4_n40_7,s1_below_4282,s2_2_3,s3_2003_2005,s2_760_2075,s4_37_47,Truck (<=6000 lbs.),s3_28_48,Deployed,s2_97_208,s1_below_1,Male,s3_80_96,s5_169_179,s2_164_318,s3_80_160,s3_4_5
2622,s2_885_1695,s2_n103_99,s4_n40_7,s1_below_4282,s2_2_3,s3_2003_2005,s2_760_2075,s3_17_37,Passenger Car,s2_11_28,Deployed,s2_97_208,s3_2_3,Male,s2_37_80,s3_141_159,s2_164_318,s3_80_160,s2_2_4
2623,s2_885_1695,s2_n103_99,s4_n40_7,s1_below_4282,s3_3_4,s2_2001_2003,s2_760_2075,s3_17_37,Passenger Car,s2_11_28,Deployed,s2_97_208,s2_1_2,Female,s3_80_96,s3_141_159,s2_164_318,s4_160_220,s2_2_4
2624,s2_885_1695,s2_n103_99,s4_n40_7,s1_below_4282,s4_4_5,s2_2001_2003,s2_760_2075,s3_17_37,Passenger Car,s3_28_48,Deployed,s2_97_208,s1_below_1,Female,s4_96_114,s3_141_159,s2_164_318,s4_160_220,s2_2_4
2625,s2_885_1695,s2_n103_99,s4_n40_7,s1_below_4282,s2_2_3,s4_2005_2007,s2_760_2075,s4_37_47,Passenger Car,s3_28_48,Deployed,s2_97_208,s2_1_2,Male,s3_80_96,s3_141_159,s2_164_318,s3_80_160,s2_2_4
2626,s2_885_1695,s2_n103_99,s5_7_up,s1_below_4282,s4_4_5,s5_2007_2009,s2_760_2075,s3_17_37,Passenger Car,s4_48_64,Not Deployed,s2_97_208,s1_below_1,Male,s3_80_96,s3_141_159,s2_164_318,s6_260_up,s2_2_4
2627,s3_1695_2555,s2_n103_99,s4_n40_7,s1_below_4282,s4_4_5,s1_below_2001,s2_760_2075,s5_47_57,Truck (<=10000 lbs.),s3_28_48,Deployed,s2_97_208,s1_below_1,Male,s5_114_130,s4_159_169,s3_318_464,s3_80_160,s4_5_6
2628,s2_885_1695,s2_n103_99,s4_n40_7,s1_below_4282,s3_3_4,s2_2001_2003,s2_760_2075,s6_57_up,Passenger Car,s3_28_48,Deployed,s2_97_208,s2_1_2,Male,s3_80_96,s3_141_159,s2_164_318,s3_80_160,s2_2_4
2629,s2_885_1695,s2_n103_99,s4_n40_7,s1_below_4282,s3_3_4,s4_2005_2007,s2_760_2075,s6_57_up,Passenger Car,s3_28_48,Deployed,s2_97_208,s1_below_1,Female,s2_37_80,s3_141_159,s2_164_318,s3_80_160,s2_2_4
2630,s2_885_1695,s2_n103_99,s4_n40_7,s1_below_4282,s1_below_2,s5_2007_2009,s2_760_2075,s3_17_37,Passenger Car,s3_28_48,Not Deployed,s2_97_208,s1_below_1,Female,s2_37_80,s3_141_159,s2_164_318,s3_80_160,s2_2_4
2631,s3_1695_2555,s2_n103_99,s4_n40_7,s1_below_4282,s4_4_5,s5_2007_2009,s2_760_2075,s3_17_37,Truck (<=10000 lbs.),s2_11_28,Deployed,s2_97_208,s1_below_1,Female,s2_37_80,s4_159_169,s2_164_318,s3_80_160,s2_2_4
2632,s2_885_1695,s2_n103_99,s5_7_up,s1_below_4282,s3_3_4,s2_2001_2003,s2_760_2075,s6_57_up,Passenger Car,s4_48_64,Not Deployed,s2_97_208,s1_below_1,Male,s3_80_96,s3_141_159,s2_164_318,s6_260_up,s2_2_4
2633,s3_1695_2555,s2_n103_99,s4_n40_7,s1_below_4282,s3_3_4,s1_below_2001,s3_2075_3730,s3_17_37,Truck (<=10000 lbs.),s2_11_28,Deployed,s2_97_208,s1_below_1,Female,s2_37_80,s4_159_169,s2_164_318,s3_80_160,s3_4_5
2634,s3_1695_2555,s2_n103_99,s4_n40_7,s1_below_4282,s2_2_3,s5_2007_2009,s3_2075_3730,s3_17_37,Truck (<=10000 lbs.),s4_48_64,Not Deployed,s2_97_208,s1_below_1,Male,s3_80_96,s5_169_179,s2_164_318,s4_160_220,s3_4_5
2635,s2_885_1695,s2_n103_99,s4_n40_7,s1_below_4282,s3_3_4,s2_2001_2003,s2_760_2075,s4_37_47,Passenger Car,s5_64_76,Deployed,s2_97_208,s5_4_5,Female,s2_37_80,s3_141_159,s2_164_318,s2_40_80,s2_2_4
2636,s2_885_1695,s2_n103_99,s4_n40_7,s1_below_4282,s3_3_4,s4_2005_2007,s2_760_2075,s6_57_up,Passenger Car,s2_11_28,Deployed,s2_97_208,s1_below_1,Male,s2_37_80,s5_169_179,s2_164_318,s4_160_220,s3_4_5
2637,s2_885_1695,s2_n103_99,s4_n40_7,s1_below_4282,s3_3_4,s1_below_2001,s2_760_2075,s3_17_37,Passenger Car,s3_28_48,Deployed,s2_97_208,s1_below_1,Female,s2_37_80,s3_141_159,s2_164_318,s4_160_220,s2_2_4
2638,s2_885_1695,s2_n103_99,s4_n40_7,s1_below_4282,s1_below_2,s3_2003_2005,s2_760_2075,s4_37_47,Passenger Car,s2_11_28,Deployed,s2_97_208,s1_below_1,Female,s2_37_80,s3_141_159,s2_164_318,s2_40_80,s2_2_4
2639,s3_1695_2555,s2_n103_99,s5_7_up,s1_below_4282,s3_3_4,s5_2007_2009,s2_760_2075,s6_57_up,Truck (<=6000 lbs.),s3_28_48,Not Deployed,s2_97_208,s1_below_1,Male,s2_37_80,s4_159_169,s2_164_318,s6_260_up,s2_2_4
2640,s3_1695_2555,s2_n103_99,s4_n40_7,s1_below_4282,s1_below_2,s3_2003_2005,s2_760_2075,s3_17_37,Truck (<=10000 lbs.),s3_28_48,Deployed,s2_97_208,s3_2_3,Male,s3_80_96,s4_159_169,s3_318_464,s3_80_160,s4_5_6
2641,s3_1695_2555,s2_n103_99,s4_n40_7,s1_below_4282,s2_2_3,s3_2003_2005,s3_2075_3730,s3_17_37,Truck (<=10000 lbs.),s2_11_28,Deployed,s2_97_208,s1_below_1,Male,s2_37_80,s5_169_179,s3_318_464,s3_80_160,s4_5_6
2642,s2_885_1695,s2_n103_99,s4_n40_7,s1_below_4282,s3_3_4,s3_2003_2005,s2_760_2075,s3_17_37,Passenger Car,s3_28_48,Not Deployed,s2_97_208,s1_below_1,Male,s2_37_80,s3_141_159,s2_164_318,s3_80_160,s2_2_4
2643,s2_885_1695,s2_n103_99,s4_n40_7,s1_below_4282,s2_2_3,s5_2007_2009,s2_760_2075,s3_17_37,Passenger Car,s2_11_28,Deployed,s2_97_208,s1_below_1,Male,s3_80_96,s3_141_159,s2_164_318,s3_80_160,s2_2_4
2644,s4_2555_3715,s2_n103_99,s4_n40_7,s1_below_4282,s3_3_4,s3_2003_2005,s3_2075_3730,s3_17_37,Truck (<=10000 lbs.),s3_28_48,Not Deployed,s2_97_208,s1_below_1,Male,s2_37_80,s5_169_179,s3_318_464,s4_160_220,s4_5_6
2645,s3_1695_2555,s2_n103_99,s3_n81_n40,s1_below_4282,s3_3_4,s4_2005_2007,s3_2075_3730,s6_57_up,Truck (<=10000 lbs.),s2_11_28,Deployed,s2_97_208,s3_2_3,Female,s2_37_80,s5_169_179,s3_318_464,s3_80_160,s4_5_6
2646,s2_885_1695,s2_n103_99,s5_7_up,s1_below_4282,s4_4_5,s5_2007_2009,s2_760_2075,s6_57_up,Passenger Car,s2_11_28,Not Deployed,s2_97_208,s1_below_1,Female,s2_37_80,s3_141_159,s2_164_318,s6_260_up,s2_2_4
2647,s2_885_1695,s2_n103_99,s4_n40_7,s1_below_4282,s4_4_5,s5_2007_2009,s2_760_2075,s6_57_up,Passenger Car,s2_11_28,Not Deployed,s2_97_208,s1_below_1,Female,s2_37_80,s3_141_159,s2_164_318,s4_160_220,s2_2_4
2648,s2_885_1695,s2_n103_99,s5_7_up,s1_below_4282,s3_3_4,s2_2001_2003,s2_760_2075,s3_17_37,Passenger Car,s2_11_28,Not Deployed,s2_97_208,s1_below_1,Female,s2_37_80,s3_141_159,s2_164_318,s6_260_up,s2_2_4
2649,s4_2555_3715,s2_n103_99,s4_n40_7,s1_below_4282,s2_2_3,s4_2005_2007,s2_760_2075,s4_37_47,Truck (<=10000 lbs.),s4_48_64,Deployed,s2_97_208,s1_below_1,Male,s3_80_96,s5_169_179,s3_318_464,s3_80_160,s4_5_6
2650,s3_1695_2555,s2_n103_99,s5_7_up,s1_below_4282,s2_2_3,s1_below_2001,s3_2075_3730,s4_37_47,Truck (<=6000 lbs.),s3_28_48,Not Deployed,s2_97_208,s1_below_1,Male,s3_80_96,s3_141_159,s2_164_318,s6_260_up,s2_2_4
2651,s2_885_1695,s2_n103_99,s4_n40_7,s1_below_4282,s3_3_4,s4_2005_2007,s3_2075_3730,s6_57_up,Passenger Car,s2_11_28,Deployed,s2_97_208,s1_below_1,Female,s2_37_80,s3_141_159,s2_164_318,s3_80_160,s2_2_4
2652,s2_885_1695,s2_n103_99,s4_n40_7,s1_below_4282,s2_2_3,s2_2001_2003,s2_760_2075,s3_17_37,Passenger Car,s3_28_48,Not Deployed,s2_97_208,s3_2_3,Male,s2_37_80,s3_141_159,s2_164_318,s4_160_220,s2_2_4
2653,s3_1695_2555,s2_n103_99,s4_n40_7,s1_below_4282,s5_5_6,s3_2003_2005,s2_760_2075,s4_37_47,Passenger Car,s3_28_48,Deployed,s2_97_208,s1_below_1,Male,s4_96_114,s3_141_159,s2_164_318,s3_80_160,s2_2_4
2654,s2_885_1695,s2_n103_99,s3_n81_n40,s1_below_4282,s2_2_3,s4_2005_2007,s2_760_2075,s4_37_47,Passenger Car,s2_11_28,Deployed,s2_97_208,s3_2_3,Male,s2_37_80,s3_141_159,s2_164_318,s3_80_160,s2_2_4
2655,s2_885_1695,s2_n103_99,s3_n81_n40,s1_below_4282,s2_2_3,s5_2007_2009,s2_760_2075,s4_37_47,Passenger Car,s2_11_28,Deployed,s2_97_208,s1_below_1,Male,s4_96_114,s4_159_169,s2_164_318,s3_80_160,s3_4_5
2656,s3_1695_2555,s2_n103_99,s4_n40_7,s1_below_4282,s1_below_2,s5_2007_2009,s3_2075_3730,s4_37_47,Passenger Car,s4_48_64,Not Deployed,s2_97_208,s1_below_1,Male,s3_80_96,s3_141_159,s2_164_318,s5_220_260,s2_2_4
2657,s2_885_1695,s2_n103_99,s4_n40_7,s1_below_4282,s3_3_4,s4_2005_2007,s2_760_2075,s3_17_37,Passenger Car,s2_11_28,Not Deployed,s2_97_208,s1_below_1,Female,s2_37_80,s3_141_159,s2_164_318,s2_40_80,s2_2_4
2658,s3_1695_2555,s2_n103_99,s3_n81_n40,s1_below_4282,s4_4_5,s3_2003_2005,s2_760_2075,s6_57_up,Truck (<=6000 lbs.),s4_48_64,Deployed,s2_97_208,s2_1_2,Male,s4_96_114,s4_159_169,s2_164_318,s3_80_160,s3_4_5
2659,s2_885_1695,s2_n103_99,s4_n40_7,s1_below_4282,s4_4_5,s2_2001_2003,s2_760_2075,s6_57_up,Passenger Car,s4_48_64,Not Deployed,s2_97_208,s1_below_1,Male,s3_80_96,s3_141_159,s2_164_318,s3_80_160,s2_2_4
2660,s3_1695_2555,s2_n103_99,s4_n40_7,s1_below_4282,s3_3_4,s4_2005_2007,s2_760_2075,s6_57_up,Truck (<=10000 lbs.),s2_11_28,Deployed,s2_97_208,s1_below_1,Male,s2_37_80,s4_159_169,s3_318_464,s3_80_160,s4_5_6
2661,s2_885_1695,s2_n103_99,s5_7_up,s1_below_4282,s3_3_4,s4_2005_2007,s2_760_2075,s6_57_up,Passenger Car,s4_48_64,Not Deployed,s2_97_208,s5_4_5,Male,s2_37_80,s3_141_159,s2_164_318,s6_260_up,s2_2_4
2662,s2_885_1695,s2_n103_99,s4_n40_7,s1_below_4282,s1_below_2,s1_below_2001,s2_760_2075,s6_57_up,Passenger Car,s3_28_48,Not Deployed,s2_97_208,s4_3_4,Female,s4_96_114,s3_141_159,s2_164_318,s6_260_up,s2_2_4
2663,s2_885_1695,s2_n103_99,s4_n40_7,s1_below_4282,s3_3_4,s4_2005_2007,s2_760_2075,s3_17_37,Passenger Car,s4_48_64,Deployed,s2_97_208,s1_below_1,Female,s2_37_80,s3_141_159,s2_164_318,s3_80_160,s2_2_4
2664,s2_885_1695,s2_n103_99,s4_n40_7,s1_below_4282,s2_2_3,s5_2007_2009,s3_2075_3730,s3_17_37,Passenger Car,s3_28_48,Not Deployed,s2_97_208,s1_below_1,Male,s6_130_up,s3_141_159,s2_164_318,s4_160_220,s2_2_4
2665,s2_885_1695,s2_n103_99,s4_n40_7,s1_below_4282,s2_2_3,s5_2007_2009,s2_760_2075,s3_17_37,Passenger Car,s3_28_48,Deployed,s2_97_208,s1_below_1,Female,s2_37_80,s3_141_159,s2_164_318,s4_160_220,s2_2_4
2666,s3_1695_2555,s2_n103_99,s4_n40_7,s1_below_4282,s4_4_5,s1_below_2001,s2_760_2075,s6_57_up,Truck (<=10000 lbs.),s3_28_48,Not Deployed,s2_97_208,s1_below_1,Male,s2_37_80,s6_179_up,s2_164_318,s1_below_40,s4_5_6
2667,s3_1695_2555,s2_n103_99,s5_7_up,s1_below_4282,s3_3_4,s3_2003_2005,s2_760_2075,s6_57_up,Truck (<=6000 lbs.),s2_11_28,Deployed,s2_97_208,s1_below_1,Female,s2_37_80,s3_141_159,s2_164_318,s3_80_160,s2_2_4
2668,s3_1695_2555,s2_n103_99,s4_n40_7,s1_below_4282,s2_2_3,s4_2005_2007,s2_760_2075,s6_57_up,Truck (<=10000 lbs.),s3_28_48,Deployed,s2_97_208,s1_below_1,Male,s5_114_130,s5_169_179,s2_164_318,s3_80_160,s3_4_5
2669,s4_2555_3715,s2_n103_99,s4_n40_7,s1_below_4282,s2_2_3,s5_2007_2009,s2_760_2075,s6_57_up,Truck (<=10000 lbs.),s3_28_48,Deployed,s2_97_208,s1_below_1,Male,s3_80_96,s4_159_169,s2_164_318,s3_80_160,s2_2_4
2670,s2_885_1695,s2_n103_99,s5_7_up,s1_below_4282,s2_2_3,s2_2001_2003,s3_2075_3730,s6_57_up,Truck (<=6000 lbs.),s2_11_28,Not Deployed,s2_97_208,s1_below_1,Female,s2_37_80,s3_141_159,s2_164_318,s6_260_up,s2_2_4
2671,s3_1695_2555,s2_n103_99,s4_n40_7,s1_below_4282,s3_3_4,s2_2001_2003,s3_2075_3730,s3_17_37,Passenger Car,s3_28_48,Not Deployed,s2_97_208,s1_below_1,Female,s2_37_80,s3_141_159,s2_164_318,s3_80_160,s2_2_4
2672,s3_1695_2555,s2_n103_99,s3_n81_n40,s2_4282_6970,s2_2_3,s2_2001_2003,s2_760_2075,s6_57_up,Truck (<=10000 lbs.),s3_28_48,Deployed,s2_97_208,s2_1_2,Male,s3_80_96,s5_169_179,s3_318_464,s3_80_160,s4_5_6
2673,s2_885_1695,s2_n103_99,s4_n40_7,s1_below_4282,s3_3_4,s4_2005_2007,s2_760_2075,s6_57_up,Passenger Car,s4_48_64,Deployed,s2_97_208,s3_2_3,Female,s2_37_80,s3_141_159,s2_164_318,s3_80_160,s2_2_4
2674,s3_1695_2555,s2_n103_99,s4_n40_7,s1_below_4282,s1_below_2,s5_2007_2009,s2_760_2075,s3_17_37,Passenger Car,s4_48_64,Not Deployed,s2_97_208,s1_below_1,Female,s4_96_114,s4_159_169,s2_164_318,s4_160_220,s2_2_4
2675,s3_1695_2555,s2_n103_99,s4_n40_7,s1_below_4282,s2_2_3,s5_2007_2009,s2_760_2075,s4_37_47,Passenger Car,s3_28_48,Deployed,s2_97_208,s1_below_1,Male,s3_80_96,s4_159_169,s2_164_318,s3_80_160,s3_4_5
2676,s2_885_1695,s2_n103_99,s4_n40_7,s1_below_4282,s2_2_3,s4_2005_2007,s2_760_2075,s3_17_37,Passenger Car,s2_11_28,Not Deployed,s2_97_208,s1_below_1,Female,s2_37_80,s3_141_159,s2_164_318,s3_80_160,s2_2_4
2677,s2_885_1695,s2_n103_99,s5_7_up,s1_below_4282,s3_3_4,s4_2005_2007,s2_760_2075,s5_47_57,Passenger Car,s3_28_48,Not Deployed,s2_97_208,s1_below_1,Female,s2_37_80,s3_141_159,s2_164_318,s6_260_up,s2_2_4
2678,s2_885_1695,s2_n103_99,s4_n40_7,s1_below_4282,s3_3_4,s2_2001_2003,s2_760_2075,s5_47_57,Passenger Car,s4_48_64,Deployed,s2_97_208,s1_below_1,Female,s2_37_80,s3_141_159,s2_164_318,s6_260_up,s2_2_4
2679,s2_885_1695,s2_n103_99,s5_7_up,s1_below_4282,s3_3_4,s3_2003_2005,s2_760_2075,s5_47_57,Passenger Car,s2_11_28,Not Deployed,s2_97_208,s1_below_1,Female,s2_37_80,s3_141_159,s2_164_318,s1_below_40,s2_2_4
2680,s2_885_1695,s2_n103_99,s4_n40_7,s1_below_4282,s3_3_4,s5_2007_2009,s2_760_2075,s5_47_57,Truck (<=6000 lbs.),s3_28_48,Deployed,s2_97_208,s1_below_1,Female,s2_37_80,s3_141_159,s2_164_318,s3_80_160,s2_2_4
2681,s2_885_1695,s2_n103_99,s4_n40_7,s1_below_4282,s1_below_2,s4_2005_2007,s2_760_2075,s3_17_37,Passenger Car,s3_28_48,Deployed,s2_97_208,s1_below_1,Female,s2_37_80,s3_141_159,s2_164_318,s3_80_160,s2_2_4
2682,s2_885_1695,s2_n103_99,s4_n40_7,s1_below_4282,s1_below_2,s4_2005_2007,s3_2075_3730,s3_17_37,Passenger Car,s3_28_48,Not Deployed,s2_97_208,s1_below_1,Female,s2_37_80,s3_141_159,s2_164_318,s3_80_160,s2_2_4
2683,s2_885_1695,s2_n103_99,s5_7_up,s1_below_4282,s1_below_2,s2_2001_2003,s2_760_2075,s3_17_37,Passenger Car,s3_28_48,Not Deployed,s2_97_208,s1_below_1,Male,s3_80_96,s3_141_159,s2_164_318,s6_260_up,s2_2_4
2684,s2_885_1695,s2_n103_99,s4_n40_7,s2_4282_6970,s1_below_2,s2_2001_2003,s2_760_2075,s3_17_37,Passenger Car,s4_48_64,Deployed,s2_97_208,s2_1_2,Male,s2_37_80,s3_141_159,s2_164_318,s5_220_260,s2_2_4
2685,s2_885_1695,s2_n103_99,s4_n40_7,s1_below_4282,s3_3_4,s2_2001_2003,s2_760_2075,s5_47_57,Truck (<=6000 lbs.),s3_28_48,Not Deployed,s2_97_208,s1_below_1,Female,s2_37_80,s3_141_159,s2_164_318,s3_80_160,s2_2_4
2686,s2_885_1695,s2_n103_99,s4_n40_7,s1_below_4282,s1_below_2,s2_2001_2003,s2_760_2075,s3_17_37,Passenger Car,s4_48_64,Not Deployed,s2_97_208,s1_below_1,Female,s2_37_80,s3_141_159,s2_164_318,s3_80_160,s2_2_4
2687,s2_885_1695,s2_n103_99,s4_n40_7,s1_below_4282,s1_below_2,s4_2005_2007,s2_760_2075,s3_17_37,Passenger Car,s2_11_28,Not Deployed,s2_97_208,s1_below_1,Female,s2_37_80,s3_141_159,s2_164_318,s4_160_220,s2_2_4
2688,s3_1695_2555,s2_n103_99,s4_n40_7,s1_below_4282,s1_below_2,s3_2003_2005,s2_760_2075,s3_17_37,Truck (<=6000 lbs.),s4_48_64,Not Deployed,s2_97_208,s1_below_1,Female,s3_80_96,s3_141_159,s2_164_318,s5_220_260,s2_2_4
2689,s2_885_1695,s2_n103_99,s4_n40_7,s1_below_4282,s2_2_3,s4_2005_2007,s2_760_2075,s3_17_37,Passenger Car,s3_28_48,Deployed,s2_97_208,s1_below_1,Male,s4_96_114,s3_141_159,s2_164_318,s3_80_160,s2_2_4
2690,s2_885_1695,s2_n103_99,s4_n40_7,s1_below_4282,s1_below_2,s3_2003_2005,s2_760_2075,s3_17_37,Passenger Car,s3_28_48,Deployed,s2_97_208,s1_below_1,Female,s2_37_80,s3_141_159,s2_164_318,s3_80_160,s2_2_4
2691,s2_885_1695,s2_n103_99,s4_n40_7,s1_below_4282,s3_3_4,s4_2005_2007,s2_760_2075,s5_47_57,Passenger Car,s4_48_64,Not Deployed,s2_97_208,s1_below_1,Female,s2_37_80,s3_141_159,s2_164_318,s3_80_160,s2_2_4
2692,s4_2555_3715,s2_n103_99,s5_7_up,s1_below_4282,s3_3_4,s3_2003_2005,s2_760_2075,s5_47_57,Truck (<=10000 lbs.),s3_28_48,Not Deployed,s2_97_208,s1_below_1,Male,s3_80_96,s5_169_179,s2_164_318,s6_260_up,s3_4_5
2693,s3_1695_2555,s2_n103_99,s4_n40_7,s1_below_4282,s1_below_2,s3_2003_2005,s2_760_2075,s3_17_37,Passenger Car,s5_64_76,Not Deployed,s2_97_208,s1_below_1,Male,s3_80_96,s4_159_169,s2_164_318,s1_below_40,s2_2_4
2694,s3_1695_2555,s2_n103_99,s4_n40_7,s1_below_4282,s1_below_2,s3_2003_2005,s2_760_2075,s3_17_37,Truck (<=6000 lbs.),s3_28_48,Not Deployed,s2_97_208,s1_below_1,Female,s3_80_96,s3_141_159,s2_164_318,s3_80_160,s2_2_4
2695,s2_885_1695,s2_n103_99,s4_n40_7,s1_below_4282,s1_below_2,s4_2005_2007,s2_760_2075,s3_17_37,Truck (<=6000 lbs.),s4_48_64,Not Deployed,s2_97_208,s1_below_1,Female,s3_80_96,s3_141_159,s2_164_318,s3_80_160,s2_2_4
2696,s3_1695_2555,s2_n103_99,s4_n40_7,s1_below_4282,s1_below_2,s3_2003_2005,s2_760_2075,s5_47_57,Truck (<=6000 lbs.),s4_48_64,Not Deployed,s2_97_208,s1_below_1,Male,s4_96_114,s3_141_159,s2_164_318,s3_80_160,s2_2_4
2697,s2_885_1695,s2_n103_99,s4_n40_7,s1_below_4282,s5_5_6,s4_2005_2007,s2_760_2075,s5_47_57,Truck (<=6000 lbs.),s4_48_64,Deployed,s2_97_208,s1_below_1,Female,s2_37_80,s3_141_159,s2_164_318,s3_80_160,s2_2_4
2698,s2_885_1695,s2_n103_99,s4_n40_7,s1_below_4282,s3_3_4,s3_2003_2005,s2_760_2075,s4_37_47,Passenger Car,s2_11_28,Deployed,s2_97_208,s3_2_3,Female,s3_80_96,s3_141_159,s2_164_318,s3_80_160,s2_2_4
2699,s3_1695_2555,s2_n103_99,s4_n40_7,s1_below_4282,s3_3_4,s4_2005_2007,s2_760_2075,s4_37_47,Passenger Car,s4_48_64,Deployed,s2_97_208,s2_1_2,Male,s2_37_80,s4_159_169,s2_164_318,s3_80_160,s2_2_4
2700,s2_885_1695,s2_n103_99,s4_n40_7,s1_below_4282,s3_3_4,s4_2005_2007,s2_760_2075,s5_47_57,Passenger Car,s2_11_28,Deployed,s2_97_208,s3_2_3,Female,s2_37_80,s3_141_159,s2_164_318,s3_80_160,s2_2_4
2701,s2_885_1695,s2_n103_99,s4_n40_7,s1_below_4282,s1_below_2,s5_2007_2009,s2_760_2075,s3_17_37,Truck (<=6000 lbs.),s4_48_64,Not Deployed,s2_97_208,s1_below_1,Female,s3_80_96,s3_141_159,s2_164_318,s5_220_260,s2_2_4
2702,s2_885_1695,s2_n103_99,s4_n40_7,s1_below_4282,s3_3_4,s5_2007_2009,s2_760_2075,s4_37_47,Passenger Car,s3_28_48,Deployed,s2_97_208,s1_below_1,Male,s5_114_130,s3_141_159,s2_164_318,s3_80_160,s2_2_4
2703,s2_885_1695,s2_n103_99,s5_7_up,s1_below_4282,s3_3_4,s5_2007_2009,s2_760_2075,s4_37_47,Passenger Car,s5_64_76,Not Deployed,s2_97_208,s1_below_1,Male,s2_37_80,s3_141_159,s2_164_318,s6_260_up,s2_2_4
2704,s2_885_1695,s2_n103_99,s5_7_up,s1_below_4282,s2_2_3,s5_2007_2009,s3_2075_3730,s5_47_57,Passenger Car,s4_48_64,Not Deployed,s2_97_208,s1_below_1,Female,s2_37_80,s3_141_159,s2_164_318,s6_260_up,s2_2_4
2705,s3_1695_2555,s2_n103_99,s4_n40_7,s1_below_4282,s1_below_2,s4_2005_2007,s2_760_2075,s3_17_37,Truck (<=6000 lbs.),s2_11_28,Not Deployed,s2_97_208,s1_below_1,Female,s2_37_80,s3_141_159,s2_164_318,s3_80_160,s2_2_4
2706,s3_1695_2555,s2_n103_99,s4_n40_7,s1_below_4282,s1_below_2,s4_2005_2007,s2_760_2075,s3_17_37,Passenger Car,s3_28_48,Not Deployed,s2_97_208,s1_below_1,Male,s2_37_80,s4_159_169,s2_164_318,s3_80_160,s2_2_4
2707,s3_1695_2555,s2_n103_99,s4_n40_7,s1_below_4282,s4_4_5,s3_2003_2005,s3_2075_3730,s3_17_37,Truck (<=10000 lbs.),s5_64_76,Deployed,s2_97_208,s1_below_1,Male,s4_96_114,s5_169_179,s3_318_464,s3_80_160,s4_5_6
2708,s4_2555_3715,s2_n103_99,s5_7_up,s1_below_4282,s4_4_5,s3_2003_2005,s3_2075_3730,s3_17_37,Truck (<=10000 lbs.),s3_28_48,Not Deployed,s2_97_208,s1_below_1,Male,s2_37_80,s5_169_179,s3_318_464,s6_260_up,s4_5_6
2709,s2_885_1695,s2_n103_99,s4_n40_7,s1_below_4282,s3_3_4,s2_2001_2003,s2_760_2075,s3_17_37,Passenger Car,s3_28_48,Deployed,s2_97_208,s3_2_3,Male,s6_130_up,s3_141_159,s2_164_318,s3_80_160,s2_2_4
2710,s2_885_1695,s2_n103_99,s4_n40_7,s1_below_4282,s3_3_4,s2_2001_2003,s3_2075_3730,s3_17_37,Passenger Car,s3_28_48,Not Deployed,s2_97_208,s1_below_1,Female,s2_37_80,s3_141_159,s2_164_318,s3_80_160,s2_2_4
2711,s3_1695_2555,s2_n103_99,s4_n40_7,s1_below_4282,s3_3_4,s1_below_2001,s2_760_2075,s3_17_37,Truck (<=10000 lbs.),s5_64_76,Not Deployed,s2_97_208,s1_below_1,Male,s3_80_96,s4_159_169,s3_318_464,s3_80_160,s4_5_6
2712,s2_885_1695,s2_n103_99,s3_n81_n40,s1_below_4282,s1_below_2,s4_2005_2007,s2_760_2075,s3_17_37,Passenger Car,s3_28_48,Deployed,s2_97_208,s1_below_1,Female,s2_37_80,s4_159_169,s2_164_318,s3_80_160,s2_2_4
2713,s2_885_1695,s2_n103_99,s4_n40_7,s1_below_4282,s1_below_2,s5_2007_2009,s2_760_2075,s3_17_37,Passenger Car,s3_28_48,Not Deployed,s2_97_208,s1_below_1,Male,s3_80_96,s3_141_159,s2_164_318,s3_80_160,s2_2_4
2714,s2_885_1695,s2_n103_99,s5_7_up,s1_below_4282,s4_4_5,s1_below_2001,s2_760_2075,s3_17_37,Passenger Car,s4_48_64,Not Deployed,s2_97_208,s3_2_3,Male,s4_96_114,s3_141_159,s2_164_318,s6_260_up,s2_2_4
2715,s2_885_1695,s2_n103_99,s4_n40_7,s1_below_4282,s3_3_4,s4_2005_2007,s2_760_2075,s3_17_37,Passenger Car,s2_11_28,Deployed,s2_97_208,s2_1_2,Female,s2_37_80,s3_141_159,s2_164_318,s3_80_160,s2_2_4
2716,s3_1695_2555,s2_n103_99,s5_7_up,s1_below_4282,s3_3_4,s2_2001_2003,s2_760_2075,s3_17_37,Truck (<=6000 lbs.),s3_28_48,Not Deployed,s2_97_208,s1_below_1,Female,s4_96_114,s3_141_159,s2_164_318,s6_260_up,s2_2_4
2717,s2_885_1695,s2_n103_99,s5_7_up,s1_below_4282,s4_4_5,s3_2003_2005,s3_2075_3730,s3_17_37,Passenger Car,s6_76_up,Not Deployed,s2_97_208,s1_below_1,Male,s2_37_80,s3_141_159,s2_164_318,s6_260_up,s2_2_4
2718,s2_885_1695,s2_n103_99,s4_n40_7,s1_below_4282,s1_below_2,s5_2007_2009,s2_760_2075,s3_17_37,Passenger Car,s2_11_28,Deployed,s2_97_208,s1_below_1,Female,s2_37_80,s3_141_159,s2_164_318,s3_80_160,s2_2_4
2719,s2_885_1695,s2_n103_99,s4_n40_7,s1_below_4282,s2_2_3,s1_below_2001,s2_760_2075,s3_17_37,Passenger Car,s4_48_64,Deployed,s2_97_208,s5_4_5,Female,s4_96_114,s3_141_159,s2_164_318,s3_80_160,s2_2_4
2720,s2_885_1695,s2_n103_99,s4_n40_7,s1_below_4282,s4_4_5,s3_2003_2005,s2_760_2075,s3_17_37,Passenger Car,s3_28_48,Deployed,s2_97_208,s2_1_2,Female,s2_37_80,s3_141_159,s2_164_318,s4_160_220,s2_2_4
2721,s3_1695_2555,s2_n103_99,s4_n40_7,s1_below_4282,s2_2_3,s3_2003_2005,s2_760_2075,s3_17_37,Passenger Car,s2_11_28,Not Deployed,s2_97_208,s1_below_1,Male,s2_37_80,s3_141_159,s2_164_318,s4_160_220,s2_2_4
2722,s2_885_1695,s2_n103_99,s4_n40_7,s1_below_4282,s2_2_3,s5_2007_2009,s2_760_2075,s3_17_37,Passenger Car,s3_28_48,Deployed,s2_97_208,s1_below_1,Female,s2_37_80,s3_141_159,s2_164_318,s3_80_160,s2_2_4
2723,s2_885_1695,s2_n103_99,s4_n40_7,s1_below_4282,s3_3_4,s2_2001_2003,s2_760_2075,s3_17_37,Truck (<=6000 lbs.),s5_64_76,Not Deployed,s2_97_208,s1_below_1,Female,s2_37_80,s2_116_141,s2_164_318,s4_160_220,s2_2_4
2724,s2_885_1695,s2_n103_99,s4_n40_7,s1_below_4282,s3_3_4,s3_2003_2005,s2_760_2075,s3_17_37,Passenger Car,s2_11_28,Deployed,s2_97_208,s1_below_1,Female,s2_37_80,s3_141_159,s2_164_318,s3_80_160,s2_2_4
2725,s2_885_1695,s2_n103_99,s4_n40_7,s1_below_4282,s1_below_2,s4_2005_2007,s2_760_2075,s5_47_57,Passenger Car,s2_11_28,Deployed,s2_97_208,s1_below_1,Female,s2_37_80,s3_141_159,s2_164_318,s3_80_160,s2_2_4
2726,s2_885_1695,s2_n103_99,s4_n40_7,s1_below_4282,s1_below_2,s2_2001_2003,s2_760_2075,s3_17_37,Passenger Car,s3_28_48,Not Deployed,s2_97_208,s1_below_1,Female,s3_80_96,s3_141_159,s2_164_318,s3_80_160,s2_2_4
2727,s3_1695_2555,s2_n103_99,s4_n40_7,s1_below_4282,s3_3_4,s2_2001_2003,s2_760_2075,s4_37_47,Truck (<=6000 lbs.),s3_28_48,Deployed,s2_97_208,s2_1_2,Male,s4_96_114,s3_141_159,s2_164_318,s3_80_160,s2_2_4
2728,s3_1695_2555,s2_n103_99,s4_n40_7,s1_below_4282,s1_below_2,s4_2005_2007,s2_760_2075,s3_17_37,Truck (<=6000 lbs.),s5_64_76,Not Deployed,s2_97_208,s1_below_1,Female,s4_96_114,s4_159_169,s2_164_318,s3_80_160,s3_4_5
2729,s2_885_1695,s2_n103_99,s4_n40_7,s1_below_4282,s2_2_3,s4_2005_2007,s3_2075_3730,s5_47_57,Passenger Car,s3_28_48,Deployed,s2_97_208,s1_below_1,Female,s2_37_80,s3_141_159,s2_164_318,s4_160_220,s2_2_4
2730,s2_885_1695,s2_n103_99,s5_7_up,s1_below_4282,s1_below_2,s4_2005_2007,s2_760_2075,s4_37_47,Passenger Car,s2_11_28,Not Deployed,s2_97_208,s3_2_3,Female,s2_37_80,s3_141_159,s2_164_318,s6_260_up,s2_2_4
2731,s2_885_1695,s2_n103_99,s4_n40_7,s1_below_4282,s3_3_4,s4_2005_2007,s2_760_2075,s3_17_37,Passenger Car,s5_64_76,Not Deployed,s2_97_208,s1_below_1,Female,s3_80_96,s3_141_159,s2_164_318,s3_80_160,s2_2_4
2732,s2_885_1695,s2_n103_99,s4_n40_7,s1_below_4282,s4_4_5,s4_2005_2007,s2_760_2075,s3_17_37,Passenger Car,s3_28_48,Not Deployed,s2_97_208,s1_below_1,Male,s6_130_up,s3_141_159,s2_164_318,s3_80_160,s2_2_4
2733,s2_885_1695,s2_n103_99,s4_n40_7,s1_below_4282,s2_2_3,s2_2001_2003,s2_760_2075,s3_17_37,Passenger Car,s3_28_48,Deployed,s2_97_208,s1_below_1,Male,s2_37_80,s3_141_159,s2_164_318,s3_80_160,s2_2_4
2734,s2_885_1695,s2_n103_99,s3_n81_n40,s1_below_4282,s1_below_2,s2_2001_2003,s2_760_2075,s5_47_57,Passenger Car,s4_48_64,Not Deployed,s2_97_208,s1_below_1,Female,s2_37_80,s3_141_159,s2_164_318,s1_below_40,s2_2_4
2735,s2_885_1695,s2_n103_99,s4_n40_7,s1_below_4282,s1_below_2,s3_2003_2005,s2_760_2075,s3_17_37,Passenger Car,s4_48_64,Deployed,s2_97_208,s1_below_1,Female,s2_37_80,s3_141_159,s2_164_318,s2_40_80,s2_2_4
2736,s2_885_1695,s2_n103_99,s5_7_up,s1_below_4282,s3_3_4,s4_2005_2007,s3_2075_3730,s3_17_37,Passenger Car,s2_11_28,Not Deployed,s2_97_208,s1_below_1,Male,s3_80_96,s3_141_159,s2_164_318,s6_260_up,s2_2_4
2737,s2_885_1695,s2_n103_99,s4_n40_7,s1_below_4282,s1_below_2,s3_2003_2005,s2_760_2075,s3_17_37,Passenger Car,s2_11_28,Not Deployed,s2_97_208,s1_below_1,Female,s2_37_80,s3_141_159,s2_164_318,s3_80_160,s2_2_4
2738,s3_1695_2555,s2_n103_99,s4_n40_7,s1_below_4282,s3_3_4,s3_2003_2005,s2_760_2075,s3_17_37,Truck (<=10000 lbs.),s3_28_48,Deployed,s2_97_208,s1_below_1,Male,s3_80_96,s5_169_179,s3_318_464,s3_80_160,s4_5_6
2739,s3_1695_2555,s2_n103_99,s4_n40_7,s1_below_4282,s1_below_2,s4_2005_2007,s2_760_2075,s4_37_47,Passenger Car,s4_48_64,Not Deployed,s2_97_208,s1_below_1,Male,s4_96_114,s4_159_169,s2_164_318,s4_160_220,s2_2_4
2740,s2_885_1695,s2_n103_99,s4_n40_7,s1_below_4282,s4_4_5,s2_2001_2003,s2_760_2075,s5_47_57,Passenger Car,s3_28_48,Not Deployed,s2_97_208,s1_below_1,Male,s2_37_80,s3_141_159,s2_164_318,s3_80_160,s2_2_4
2741,s2_885_1695,s2_n103_99,s4_n40_7,s1_below_4282,s1_below_2,s2_2001_2003,s2_760_2075,s3_17_37,Passenger Car,s2_11_28,Deployed,s2_97_208,s1_below_1,Female,s2_37_80,s2_116_141,s2_164_318,s3_80_160,s2_2_4
2742,s2_885_1695,s2_n103_99,s4_n40_7,s1_below_4282,s4_4_5,s5_2007_2009,s2_760_2075,s5_47_57,Passenger Car,s4_48_64,Not Deployed,s2_97_208,s1_below_1,Male,s3_80_96,s3_141_159,s2_164_318,s3_80_160,s2_2_4
2743,s3_1695_2555,s2_n103_99,s4_n40_7,s1_below_4282,s4_4_5,s2_2001_2003,s2_760_2075,s3_17_37,Truck (<=6000 lbs.),s3_28_48,Deployed,s2_97_208,s1_below_1,Male,s2_37_80,s3_141_159,s2_164_318,s3_80_160,s2_2_4
2744,s3_1695_2555,s2_n103_99,s5_7_up,s1_below_4282,s4_4_5,s4_2005_2007,s2_760_2075,s3_17_37,Passenger Car,s3_28_48,Not Deployed,s2_97_208,s1_below_1,Female,s3_80_96,s4_159_169,s2_164_318,s6_260_up,s3_4_5
2745,s3_1695_2555,s2_n103_99,s4_n40_7,s1_below_4282,s1_below_2,s3_2003_2005,s2_760_2075,s6_57_up,Truck (<=10000 lbs.),s2_11_28,Not Deployed,s2_97_208,s2_1_2,Male,s4_96_114,s5_169_179,s3_318_464,s3_80_160,s4_5_6
2746,s2_885_1695,s2_n103_99,s4_n40_7,s1_below_4282,s3_3_4,s2_2001_2003,s2_760_2075,s3_17_37,Passenger Car,s2_11_28,Not Deployed,s2_97_208,s1_below_1,Female,s3_80_96,s3_141_159,s2_164_318,s2_40_80,s2_2_4
2747,s2_885_1695,s2_n103_99,s4_n40_7,s1_below_4282,s4_4_5,s3_2003_2005,s2_760_2075,s5_47_57,Passenger Car,s2_11_28,Deployed,s2_97_208,s1_below_1,Female,s2_37_80,s3_141_159,s2_164_318,s3_80_160,s2_2_4
2748,s2_885_1695,s2_n103_99,s4_n40_7,s1_below_4282,s4_4_5,s4_2005_2007,s3_2075_3730,s5_47_57,Truck (<=6000 lbs.),s2_11_28,Deployed,s2_97_208,s1_below_1,Female,s2_37_80,s3_141_159,s2_164_318,s3_80_160,s2_2_4
2749,s3_1695_2555,s2_n103_99,s4_n40_7,s1_below_4282,s2_2_3,s4_2005_2007,s2_760_2075,s4_37_47,Truck (<=10000 lbs.),s3_28_48,Not Deployed,s2_97_208,s1_below_1,Female,s2_37_80,s3_141_159,s2_164_318,s3_80_160,s2_2_4
2750,s3_1695_2555,s2_n103_99,s4_n40_7,s1_below_4282,s4_4_5,s2_2001_2003,s2_760_2075,s4_37_47,Truck (<=6000 lbs.),s3_28_48,Deployed,s2_97_208,s1_below_1,Female,s2_37_80,s3_141_159,s2_164_318,s3_80_160,s2_2_4
2751,s2_885_1695,s2_n103_99,s4_n40_7,s1_below_4282,s3_3_4,s3_2003_2005,s2_760_2075,s3_17_37,Passenger Car,s3_28_48,Deployed,s2_97_208,s1_below_1,Female,s2_37_80,s3_141_159,s2_164_318,s4_160_220,s2_2_4
2752,s2_885_1695,s2_n103_99,s4_n40_7,s1_below_4282,s3_3_4,s1_below_2001,s2_760_2075,s3_17_37,Passenger Car,s4_48_64,Deployed,s2_97_208,s1_below_1,Female,s3_80_96,s3_141_159,s2_164_318,s3_80_160,s2_2_4
2753,s2_885_1695,s2_n103_99,s4_n40_7,s1_below_4282,s1_below_2,s1_below_2001,s2_760_2075,s5_47_57,Truck (<=6000 lbs.),s2_11_28,Deployed,s2_97_208,s1_below_1,Female,s2_37_80,s3_141_159,s2_164_318,s3_80_160,s2_2_4
2754,s2_885_1695,s2_n103_99,s4_n40_7,s1_below_4282,s1_below_2,s5_2007_2009,s3_2075_3730,s3_17_37,Passenger Car,s2_11_28,Not Deployed,s2_97_208,s1_below_1,Female,s2_37_80,s3_141_159,s2_164_318,s2_40_80,s2_2_4
2755,s3_1695_2555,s2_n103_99,s4_n40_7,s1_below_4282,s1_below_2,s4_2005_2007,s2_760_2075,s3_17_37,Passenger Car,s4_48_64,Deployed,s2_97_208,s1_below_1,Male,s4_96_114,s4_159_169,s2_164_318,s3_80_160,s3_4_5
2756,s2_885_1695,s2_n103_99,s4_n40_7,s1_below_4282,s3_3_4,s4_2005_2007,s2_760_2075,s3_17_37,Passenger Car,s4_48_64,Not Deployed,s2_97_208,s1_below_1,Male,s4_96_114,s3_141_159,s2_164_318,s4_160_220,s2_2_4
2757,s3_1695_2555,s2_n103_99,s4_n40_7,s1_below_4282,s1_below_2,s2_2001_2003,s2_760_2075,s3_17_37,Truck (<=10000 lbs.),s2_11_28,Not Deployed,s2_97_208,s1_below_1,Male,s2_37_80,s4_159_169,s2_164_318,s3_80_160,s3_4_5
2758,s2_885_1695,s2_n103_99,s5_7_up,s1_below_4282,s3_3_4,s2_2001_2003,s2_760_2075,s5_47_57,Passenger Car,s2_11_28,Not Deployed,s2_97_208,s2_1_2,Male,s2_37_80,s3_141_159,s2_164_318,s6_260_up,s2_2_4
2759,s2_885_1695,s2_n103_99,s4_n40_7,s1_below_4282,s1_below_2,s2_2001_2003,s2_760_2075,s3_17_37,Passenger Car,s5_64_76,Not Deployed,s2_97_208,s1_below_1,Female,s4_96_114,s3_141_159,s2_164_318,s2_40_80,s2_2_4
2760,s2_885_1695,s2_n103_99,s4_n40_7,s1_below_4282,s2_2_3,s3_2003_2005,s2_760_2075,s4_37_47,Passenger Car,s3_28_48,Not Deployed,s2_97_208,s1_below_1,Female,s6_130_up,s3_141_159,s2_164_318,s4_160_220,s2_2_4
2761,s2_885_1695,s2_n103_99,s4_n40_7,s1_below_4282,s1_below_2,s5_2007_2009,s2_760_2075,s4_37_47,Truck (<=6000 lbs.),s4_48_64,Not Deployed,s2_97_208,s1_below_1,Male,s3_80_96,s3_141_159,s2_164_318,s3_80_160,s2_2_4
2762,s2_885_1695,s2_n103_99,s4_n40_7,s1_below_4282,s1_below_2,s5_2007_2009,s2_760_2075,s5_47_57,Passenger Car,s6_76_up,Deployed,s2_97_208,s1_below_1,Female,s2_37_80,s3_141_159,s2_164_318,s3_80_160,s2_2_4
2763,s3_1695_2555,s2_n103_99,s4_n40_7,s1_below_4282,s2_2_3,s3_2003_2005,s2_760_2075,s3_17_37,Truck (<=6000 lbs.),s2_11_28,Deployed,s2_97_208,s1_below_1,Male,s3_80_96,s4_159_169,s2_164_318,s4_160_220,s3_4_5
2764,s4_2555_3715,s2_n103_99,s4_n40_7,s1_below_4282,s4_4_5,s2_2001_2003,s2_760_2075,s4_37_47,Truck (<=10000 lbs.),s2_11_28,Not Deployed,s2_97_208,s1_below_1,Male,s4_96_114,s5_169_179,s3_318_464,s2_40_80,s4_5_6
2765,s2_885_1695,s2_n103_99,s4_n40_7,s1_below_4282,s4_4_5,s1_below_2001,s3_2075_3730,s4_37_47,Passenger Car,s3_28_48,Not Deployed,s2_97_208,s1_below_1,Male,s3_80_96,s3_141_159,s2_164_318,s3_80_160,s2_2_4
2766,s3_1695_2555,s2_n103_99,s4_n40_7,s1_below_4282,s3_3_4,s1_below_2001,s3_2075_3730,s4_37_47,Truck (<=10000 lbs.),s4_48_64,Deployed,s2_97_208,s2_1_2,Male,s4_96_114,s3_141_159,s3_318_464,s2_40_80,s3_4_5
2767,s2_885_1695,s2_n103_99,s4_n40_7,s1_below_4282,s3_3_4,s2_2001_2003,s2_760_2075,s3_17_37,Passenger Car,s2_11_28,Not Deployed,s2_97_208,s1_below_1,Male,s6_130_up,s3_141_159,s2_164_318,s4_160_220,s2_2_4
2768,s2_885_1695,s2_n103_99,s5_7_up,s1_below_4282,s1_below_2,s1_below_2001,s2_760_2075,s3_17_37,Passenger Car,s3_28_48,Not Deployed,s2_97_208,s1_below_1,Male,s3_80_96,s3_141_159,s2_164_318,s1_below_40,s2_2_4
2769,s3_1695_2555,s2_n103_99,s4_n40_7,s1_below_4282,s1_below_2,s4_2005_2007,s2_760_2075,s4_37_47,Passenger Car,s3_28_48,Not Deployed,s2_97_208,s1_below_1,Male,s4_96_114,s4_159_169,s2_164_318,s3_80_160,s2_2_4
2770,s2_885_1695,s2_n103_99,s4_n40_7,s1_below_4282,s5_5_6,s3_2003_2005,s2_760_2075,s4_37_47,Passenger Car,s4_48_64,Not Deployed,s2_97_208,s1_below_1,Male,s4_96_114,s3_141_159,s2_164_318,s3_80_160,s2_2_4
2771,s3_1695_2555,s2_n103_99,s4_n40_7,s1_below_4282,s3_3_4,s3_2003_2005,s2_760_2075,s3_17_37,Truck (<=10000 lbs.),s3_28_48,Not Deployed,s2_97_208,s1_below_1,Female,s2_37_80,s4_159_169,s3_318_464,s3_80_160,s4_5_6
2772,s3_1695_2555,s2_n103_99,s4_n40_7,s1_below_4282,s2_2_3,s5_2007_2009,s2_760_2075,s4_37_47,Truck (<=6000 lbs.),s4_48_64,Deployed,s2_97_208,s1_below_1,Female,s6_130_up,s4_159_169,s2_164_318,s3_80_160,s2_2_4
2773,s2_885_1695,s2_n103_99,s4_n40_7,s1_below_4282,s2_2_3,s3_2003_2005,s2_760_2075,s4_37_47,Truck (<=6000 lbs.),s4_48_64,Deployed,s2_97_208,s1_below_1,Female,s2_37_80,s3_141_159,s2_164_318,s4_160_220,s2_2_4
2774,s2_885_1695,s2_n103_99,s4_n40_7,s1_below_4282,s1_below_2,s4_2005_2007,s2_760_2075,s3_17_37,Passenger Car,s3_28_48,Deployed,s2_97_208,s1_below_1,Female,s2_37_80,s3_141_159,s2_164_318,s3_80_160,s2_2_4
2775,s3_1695_2555,s2_n103_99,s4_n40_7,s1_below_4282,s2_2_3,s4_2005_2007,s2_760_2075,s3_17_37,Truck (<=6000 lbs.),s2_11_28,Deployed,s2_97_208,s1_below_1,Male,s2_37_80,s3_141_159,s3_318_464,s3_80_160,s3_4_5
2776,s4_2555_3715,s2_n103_99,s4_n40_7,s1_below_4282,s1_below_2,s3_2003_2005,s2_760_2075,s4_37_47,Truck (<=10000 lbs.),s3_28_48,Not Deployed,s2_97_208,s1_below_1,Female,s2_37_80,s5_169_179,s2_164_318,s3_80_160,s3_4_5
2777,s2_885_1695,s2_n103_99,s4_n40_7,s1_below_4282,s1_below_2,s4_2005_2007,s2_760_2075,s4_37_47,Passenger Car,s2_11_28,Deployed,s2_97_208,s2_1_2,Female,s2_37_80,s3_141_159,s2_164_318,s4_160_220,s2_2_4
2778,s2_885_1695,s2_n103_99,s4_n40_7,s1_below_4282,s3_3_4,s1_below_2001,s2_760_2075,s4_37_47,Passenger Car,s4_48_64,Deployed,s2_97_208,s1_below_1,Female,s2_37_80,s3_141_159,s2_164_318,s3_80_160,s2_2_4
2779,s3_1695_2555,s2_n103_99,s4_n40_7,s1_below_4282,s1_below_2,s5_2007_2009,s2_760_2075,s3_17_37,Passenger Car,s3_28_48,Not Deployed,s2_97_208,s1_below_1,Male,s5_114_130,s4_159_169,s2_164_318,s3_80_160,s2_2_4
2780,s2_885_1695,s2_n103_99,s4_n40_7,s1_below_4282,s2_2_3,s3_2003_2005,s2_760_2075,s4_37_47,Passenger Car,s3_28_48,Not Deployed,s2_97_208,s1_below_1,Female,s2_37_80,s3_141_159,s2_164_318,s3_80_160,s2_2_4
2781,s3_1695_2555,s2_n103_99,s4_n40_7,s1_below_4282,s1_below_2,s4_2005_2007,s2_760_2075,s4_37_47,Truck (<=10000 lbs.),s2_11_28,Not Deployed,s2_97_208,s1_below_1,Male,s2_37_80,s4_159_169,s3_318_464,s3_80_160,s4_5_6
2782,s3_1695_2555,s2_n103_99,s4_n40_7,s1_below_4282,s4_4_5,s4_2005_2007,s2_760_2075,s4_37_47,Passenger Car,s2_11_28,Deployed,s2_97_208,s1_below_1,Male,s4_96_114,s4_159_169,s2_164_318,s3_80_160,s3_4_5
2783,s2_885_1695,s2_n103_99,s4_n40_7,s1_below_4282,s3_3_4,s2_2001_2003,s3_2075_3730,s3_17_37,Passenger Car,s4_48_64,Not Deployed,s2_97_208,s1_below_1,Female,s6_130_up,s3_141_159,s2_164_318,s3_80_160,s2_2_4
2784,s3_1695_2555,s2_n103_99,s4_n40_7,s1_below_4282,s3_3_4,s3_2003_2005,s2_760_2075,s3_17_37,Truck (<=6000 lbs.),s2_11_28,Not Deployed,s2_97_208,s1_below_1,Male,s3_80_96,s3_141_159,s2_164_318,s3_80_160,s2_2_4
2785,s3_1695_2555,s2_n103_99,s4_n40_7,s1_below_4282,s1_below_2,s5_2007_2009,s2_760_2075,s3_17_37,Truck (<=6000 lbs.),s4_48_64,Not Deployed,s2_97_208,s1_below_1,Female,s2_37_80,s3_141_159,s2_164_318,s3_80_160,s2_2_4
2786,s3_1695_2555,s2_n103_99,s4_n40_7,s1_below_4282,s3_3_4,s3_2003_2005,s2_760_2075,s4_37_47,Truck (<=6000 lbs.),s3_28_48,Not Deployed,s2_97_208,s1_below_1,Male,s3_80_96,s3_141_159,s2_164_318,s3_80_160,s2_2_4
2787,s2_885_1695,s2_n103_99,s4_n40_7,s1_below_4282,s1_below_2,s3_2003_2005,s3_2075_3730,s5_47_57,Passenger Car,s3_28_48,Deployed,s2_97_208,s1_below_1,Female,s2_37_80,s3_141_159,s2_164_318,s3_80_160,s2_2_4
2788,s2_885_1695,s2_n103_99,s4_n40_7,s1_below_4282,s3_3_4,s2_2001_2003,s2_760_2075,s4_37_47,Truck (<=6000 lbs.),s3_28_48,Deployed,s2_97_208,s1_below_1,Female,s2_37_80,s3_141_159,s3_318_464,s3_80_160,s2_2_4
2789,s2_885_1695,s2_n103_99,s4_n40_7,s1_below_4282,s4_4_5,s4_2005_2007,s2_760_2075,s3_17_37,Passenger Car,s2_11_28,Not Deployed,s2_97_208,s1_below_1,Female,s2_37_80,s3_141_159,s2_164_318,s3_80_160,s2_2_4
2790,s2_885_1695,s2_n103_99,s4_n40_7,s1_below_4282,s1_below_2,s1_below_2001,s2_760_2075,s3_17_37,Passenger Car,s2_11_28,Deployed,s2_97_208,s1_below_1,Male,s2_37_80,s3_141_159,s2_164_318,s4_160_220,s2_2_4
2791,s3_1695_2555,s2_n103_99,s4_n40_7,s1_below_4282,s1_below_2,s2_2001_2003,s2_760_2075,s6_57_up,Passenger Car,s2_11_28,Not Deployed,s2_97_208,s1_below_1,Male,s3_80_96,s3_141_159,s2_164_318,s3_80_160,s2_2_4
2792,s2_885_1695,s2_n103_99,s4_n40_7,s1_below_4282,s3_3_4,s3_2003_2005,s2_760_2075,s3_17_37,Passenger Car,s2_11_28,Not Deployed,s2_97_208,s1_below_1,Male,s2_37_80,s3_141_159,s2_164_318,s3_80_160,s2_2_4
2793,s2_885_1695,s2_n103_99,s5_7_up,s1_below_4282,s1_below_2,s2_2001_2003,s2_760_2075,s6_57_up,Passenger Car,s2_11_28,Not Deployed,s2_97_208,s1_below_1,Male,s3_80_96,s3_141_159,s2_164_318,s6_260_up,s2_2_4
2794,s3_1695_2555,s2_n103_99,s4_n40_7,s1_below_4282,s1_below_2,s1_below_2001,s3_2075_3730,s4_37_47,Truck (<=10000 lbs.),s2_11_28,Not Deployed,s2_97_208,s1_below_1,Male,s3_80_96,s5_169_179,s3_318_464,s2_40_80,s4_5_6
2795,s3_1695_2555,s2_n103_99,s4_n40_7,s1_below_4282,s2_2_3,s3_2003_2005,s2_760_2075,s4_37_47,Truck (<=10000 lbs.),s4_48_64,Deployed,s2_97_208,s1_below_1,Male,s2_37_80,s4_159_169,s3_318_464,s3_80_160,s4_5_6
2796,s2_885_1695,s2_n103_99,s4_n40_7,s1_below_4282,s3_3_4,s5_2007_2009,s2_760_2075,s3_17_37,Passenger Car,s2_11_28,Deployed,s2_97_208,s1_below_1,Female,s2_37_80,s3_141_159,s2_164_318,s3_80_160,s2_2_4
2797,s2_885_1695,s2_n103_99,s4_n40_7,s1_below_4282,s1_below_2,s4_2005_2007,s3_2075_3730,s6_57_up,Passenger Car,s6_76_up,Deployed,s2_97_208,s1_below_1,Male,s3_80_96,s3_141_159,s2_164_318,s3_80_160,s2_2_4
2798,s3_1695_2555,s2_n103_99,s4_n40_7,s1_below_4282,s1_below_2,s3_2003_2005,s2_760_2075,s3_17_37,Truck (<=6000 lbs.),s6_76_up,Not Deployed,s2_97_208,s1_below_1,Male,s2_37_80,s3_141_159,s2_164_318,s3_80_160,s2_2_4
2799,s2_885_1695,s2_n103_99,s4_n40_7,s1_below_4282,s2_2_3,s1_below_2001,s2_760_2075,s4_37_47,Passenger Car,s2_11_28,Not Deployed,s2_97_208,s1_below_1,Female,s4_96_114,s3_141_159,s2_164_318,s3_80_160,s2_2_4
2800,s3_1695_2555,s2_n103_99,s4_n40_7,s1_below_4282,s3_3_4,s2_2001_2003,s2_760_2075,s3_17_37,Truck (<=6000 lbs.),s2_11_28,Deployed,s2_97_208,s3_2_3,Female,s2_37_80,s3_141_159,s2_164_318,s3_80_160,s2_2_4
2801,s2_885_1695,s2_n103_99,s4_n40_7,s1_below_4282,s3_3_4,s2_2001_2003,s2_760_2075,s3_17_37,Truck (<=6000 lbs.),s2_11_28,Deployed,s2_97_208,s1_below_1,Male,s3_80_96,s3_141_159,s2_164_318,s4_160_220,s2_2_4
2802,s2_885_1695,s2_n103_99,s4_n40_7,s1_below_4282,s3_3_4,s1_below_2001,s2_760_2075,s3_17_37,Passenger Car,s4_48_64,Deployed,s2_97_208,s1_below_1,Male,s3_80_96,s3_141_159,s2_164_318,s3_80_160,s2_2_4
2803,s2_885_1695,s2_n103_99,s4_n40_7,s1_below_4282,s3_3_4,s2_2001_2003,s2_760_2075,s3_17_37,Passenger Car,s6_76_up,Not Deployed,s2_97_208,s1_below_1,Male,s2_37_80,s3_141_159,s2_164_318,s4_160_220,s2_2_4
2804,s2_885_1695,s2_n103_99,s4_n40_7,s1_below_4282,s1_below_2,s1_below_2001,s2_760_2075,s3_17_37,Passenger Car,s2_11_28,Deployed,s2_97_208,s1_below_1,Female,s2_37_80,s3_141_159,s2_164_318,s3_80_160,s2_2_4
2805,s2_885_1695,s2_n103_99,s4_n40_7,s1_below_4282,s1_below_2,s5_2007_2009,s2_760_2075,s3_17_37,Truck (<=6000 lbs.),s4_48_64,Not Deployed,s2_97_208,s1_below_1,Female,s3_80_96,s3_141_159,s2_164_318,s4_160_220,s2_2_4
2806,s2_885_1695,s2_n103_99,s4_n40_7,s1_below_4282,s1_below_2,s3_2003_2005,s2_760_2075,s3_17_37,Truck (<=6000 lbs.),s3_28_48,Not Deployed,s2_97_208,s1_below_1,Female,s2_37_80,s3_141_159,s2_164_318,s3_80_160,s2_2_4
2807,s2_885_1695,s2_n103_99,s4_n40_7,s1_below_4282,s2_2_3,s2_2001_2003,s2_760_2075,s3_17_37,Passenger Car,s6_76_up,Not Deployed,s2_97_208,s1_below_1,Female,s3_80_96,s3_141_159,s2_164_318,s4_160_220,s2_2_4
2808,s3_1695_2555,s2_n103_99,s4_n40_7,s1_below_4282,s3_3_4,s3_2003_2005,s3_2075_3730,s5_47_57,Truck (<=6000 lbs.),s3_28_48,Deployed,s2_97_208,s1_below_1,Male,s3_80_96,s4_159_169,s2_164_318,s2_40_80,s3_4_5
2809,s3_1695_2555,s2_n103_99,s4_n40_7,s1_below_4282,s4_4_5,s5_2007_2009,s2_760_2075,s4_37_47,Truck (<=6000 lbs.),s3_28_48,Deployed,s2_97_208,s1_below_1,Male,s3_80_96,s5_169_179,s2_164_318,s3_80_160,s2_2_4
2810,s2_885_1695,s2_n103_99,s4_n40_7,s1_below_4282,s1_below_2,s3_2003_2005,s2_760_2075,s4_37_47,Passenger Car,s2_11_28,Not Deployed,s2_97_208,s1_below_1,Male,s3_80_96,s3_141_159,s2_164_318,s3_80_160,s2_2_4
2811,s2_885_1695,s2_n103_99,s4_n40_7,s1_below_4282,s3_3_4,s4_2005_2007,s2_760_2075,s4_37_47,Truck (<=6000 lbs.),s2_11_28,Deployed,s2_97_208,s1_below_1,Female,s3_80_96,s3_141_159,s2_164_318,s4_160_220,s2_2_4
2812,s2_885_1695,s2_n103_99,s4_n40_7,s1_below_4282,s2_2_3,s5_2007_2009,s3_2075_3730,s3_17_37,Passenger Car,s2_11_28,Deployed,s2_97_208,s1_below_1,Male,s2_37_80,s3_141_159,s2_164_318,s3_80_160,s2_2_4
2813,s2_885_1695,s2_n103_99,s4_n40_7,s1_below_4282,s3_3_4,s2_2001_2003,s3_2075_3730,s3_17_37,Passenger Car,s3_28_48,Not Deployed,s2_97_208,s2_1_2,Male,s3_80_96,s3_141_159,s2_164_318,s3_80_160,s2_2_4
2814,s2_885_1695,s2_n103_99,s4_n40_7,s1_below_4282,s1_below_2,s3_2003_2005,s2_760_2075,s3_17_37,Passenger Car,s2_11_28,Not Deployed,s2_97_208,s1_below_1,Female,s2_37_80,s3_141_159,s2_164_318,s3_80_160,s2_2_4
2815,s2_885_1695,s2_n103_99,s4_n40_7,s1_below_4282,s4_4_5,s1_below_2001,s3_2075_3730,s4_37_47,Passenger Car,s3_28_48,Deployed,s2_97_208,s4_3_4,Female,s2_37_80,s3_141_159,s2_164_318,s3_80_160,s2_2_4
2816,s3_1695_2555,s2_n103_99,s4_n40_7,s1_below_4282,s5_5_6,s2_2001_2003,s2_760_2075,s4_37_47,Truck (<=10000 lbs.),s2_11_28,Not Deployed,s2_97_208,s1_below_1,Male,s5_114_130,s4_159_169,s3_318_464,s3_80_160,s4_5_6
2817,s2_885_1695,s2_n103_99,s3_n81_n40,s1_below_4282,s3_3_4,s3_2003_2005,s2_760_2075,s4_37_47,Passenger Car,s2_11_28,Deployed,s2_97_208,s5_4_5,Female,s2_37_80,s3_141_159,s2_164_318,s4_160_220,s2_2_4
2818,s3_1695_2555,s2_n103_99,s4_n40_7,s1_below_4282,s3_3_4,s4_2005_2007,s2_760_2075,s3_17_37,Truck (<=6000 lbs.),s3_28_48,Not Deployed,s2_97_208,s1_below_1,Female,s3_80_96,s3_141_159,s2_164_318,s4_160_220,s2_2_4
2819,s3_1695_2555,s2_n103_99,s4_n40_7,s1_below_4282,s2_2_3,s2_2001_2003,s2_760_2075,s3_17_37,Truck (<=10000 lbs.),s2_11_28,Not Deployed,s2_97_208,s1_below_1,Male,s2_37_80,s4_159_169,s2_164_318,s3_80_160,s3_4_5
2820,s2_885_1695,s2_n103_99,s4_n40_7,s1_below_4282,s3_3_4,s4_2005_2007,s3_2075_3730,s4_37_47,Passenger Car,s3_28_48,Not Deployed,s2_97_208,s1_below_1,Male,s4_96_114,s3_141_159,s2_164_318,s3_80_160,s2_2_4
2821,s2_885_1695,s2_n103_99,s4_n40_7,s1_below_4282,s1_below_2,s2_2001_2003,s2_760_2075,s4_37_47,Passenger Car,s4_48_64,Deployed,s2_97_208,s1_below_1,Female,s2_37_80,s3_141_159,s2_164_318,s3_80_160,s2_2_4
2822,s2_885_1695,s2_n103_99,s4_n40_7,s1_below_4282,s1_below_2,s2_2001_2003,s2_760_2075,s3_17_37,Passenger Car,s2_11_28,Not Deployed,s2_97_208,s1_below_1,Female,s6_130_up,s3_141_159,s2_164_318,s3_80_160,s2_2_4
2823,s2_885_1695,s2_n103_99,s4_n40_7,s1_below_4282,s2_2_3,s2_2001_2003,s2_760_2075,s3_17_37,Passenger Car,s2_11_28,Deployed,s2_97_208,s1_below_1,Female,s2_37_80,s3_141_159,s2_164_318,s4_160_220,s2_2_4
2824,s3_1695_2555,s2_n103_99,s4_n40_7,s1_below_4282,s2_2_3,s4_2005_2007,s2_760_2075,s3_17_37,Truck (<=6000 lbs.),s5_64_76,Deployed,s2_97_208,s1_below_1,Male,s3_80_96,s4_159_169,s2_164_318,s3_80_160,s3_4_5
2825,s2_885_1695,s2_n103_99,s4_n40_7,s1_below_4282,s1_below_2,s2_2001_2003,s2_760_2075,s3_17_37,Passenger Car,s3_28_48,Not Deployed,s2_97_208,s1_below_1,Male,s4_96_114,s3_141_159,s2_164_318,s3_80_160,s2_2_4
2826,s2_885_1695,s2_n103_99,s4_n40_7,s1_below_4282,s4_4_5,s3_2003_2005,s2_760_2075,s3_17_37,Passenger Car,s2_11_28,Not Deployed,s2_97_208,s1_below_1,Female,s2_37_80,s3_141_159,s2_164_318,s3_80_160,s2_2_4
2827,s2_885_1695,s2_n103_99,s4_n40_7,s1_below_4282,s4_4_5,s3_2003_2005,s2_760_2075,s4_37_47,Truck (<=6000 lbs.),s4_48_64,Not Deployed,s2_97_208,s1_below_1,Female,s2_37_80,s3_141_159,s2_164_318,s4_160_220,s2_2_4
2828,s3_1695_2555,s2_n103_99,s3_n81_n40,s1_below_4282,s2_2_3,s3_2003_2005,s2_760_2075,s6_57_up,Truck (<=6000 lbs.),s2_11_28,Deployed,s2_97_208,s1_below_1,Male,s3_80_96,s3_141_159,s2_164_318,s3_80_160,s2_2_4
2829,s2_885_1695,s2_n103_99,s4_n40_7,s2_4282_6970,s1_below_2,s5_2007_2009,s2_760_2075,s6_57_up,Passenger Car,s2_11_28,Deployed,s2_97_208,s2_1_2,Male,s2_37_80,s3_141_159,s2_164_318,s4_160_220,s2_2_4
2830,s3_1695_2555,s2_n103_99,s4_n40_7,s1_below_4282,s4_4_5,s5_2007_2009,s2_760_2075,s4_37_47,Truck (<=6000 lbs.),s3_28_48,Deployed,s2_97_208,s1_below_1,Male,s3_80_96,s3_141_159,s2_164_318,s4_160_220,s2_2_4
2831,s2_885_1695,s2_n103_99,s4_n40_7,s1_below_4282,s3_3_4,s3_2003_2005,s2_760_2075,s4_37_47,Passenger Car,s2_11_28,Deployed,s2_97_208,s1_below_1,Male,s2_37_80,s3_141_159,s2_164_318,s3_80_160,s2_2_4
2832,s2_885_1695,s2_n103_99,s4_n40_7,s1_below_4282,s4_4_5,s1_below_2001,s2_760_2075,s4_37_47,Passenger Car,s2_11_28,Deployed,s2_97_208,s1_below_1,Female,s2_37_80,s3_141_159,s2_164_318,s4_160_220,s2_2_4
2833,s3_1695_2555,s2_n103_99,s4_n40_7,s1_below_4282,s1_below_2,s3_2003_2005,s2_760_2075,s4_37_47,Passenger Car,s5_64_76,Not Deployed,s2_97_208,s1_below_1,Male,s3_80_96,s4_159_169,s2_164_318,s2_40_80,s2_2_4
2834,s3_1695_2555,s2_n103_99,s3_n81_n40,s1_below_4282,s2_2_3,s4_2005_2007,s2_760_2075,s3_17_37,Passenger Car,s3_28_48,Deployed,s2_97_208,s2_1_2,Male,s3_80_96,s4_159_169,s2_164_318,s3_80_160,s2_2_4
2835,s3_1695_2555,s2_n103_99,s4_n40_7,s1_below_4282,s1_below_2,s2_2001_2003,s2_760_2075,s6_57_up,Truck (<=6000 lbs.),s3_28_48,Not Deployed,s2_97_208,s1_below_1,Male,s3_80_96,s3_141_159,s2_164_318,s3_80_160,s2_2_4
2836,s2_885_1695,s2_n103_99,s5_7_up,s1_below_4282,s1_below_2,s4_2005_2007,s2_760_2075,s3_17_37,Passenger Car,s5_64_76,Not Deployed,s2_97_208,s1_below_1,Female,s6_130_up,s3_141_159,s2_164_318,s6_260_up,s2_2_4
2837,s2_885_1695,s2_n103_99,s2_n112_n81,s1_below_4282,s1_below_2,s1_below_2001,s2_760_2075,s4_37_47,Passenger Car,s2_11_28,Deployed,s2_97_208,s5_4_5,Female,s2_37_80,s3_141_159,s2_164_318,s3_80_160,s2_2_4
2838,s2_885_1695,s2_n103_99,s4_n40_7,s1_below_4282,s1_below_2,s1_below_2001,s3_2075_3730,s3_17_37,Passenger Car,s4_48_64,Deployed,s2_97_208,s3_2_3,Female,s2_37_80,s3_141_159,s2_164_318,s2_40_80,s2_2_4
2839,s2_885_1695,s2_n103_99,s4_n40_7,s1_below_4282,s3_3_4,s1_below_2001,s3_2075_3730,s3_17_37,Passenger Car,s3_28_48,Not Deployed,s2_97_208,s1_below_1,Male,s3_80_96,s3_141_159,s2_164_318,s3_80_160,s2_2_4
2840,s2_885_1695,s2_n103_99,s4_n40_7,s1_below_4282,s4_4_5,s3_2003_2005,s2_760_2075,s3_17_37,Passenger Car,s2_11_28,Deployed,s2_97_208,s1_below_1,Female,s2_37_80,s3_141_159,s2_164_318,s4_160_220,s2_2_4
2841,s2_885_1695,s2_n103_99,s4_n40_7,s1_below_4282,s3_3_4,s4_2005_2007,s2_760_2075,s3_17_37,Passenger Car,s2_11_28,Deployed,s2_97_208,s1_below_1,Male,s2_37_80,s3_141_159,s2_164_318,s3_80_160,s2_2_4
2842,s2_885_1695,s2_n103_99,s4_n40_7,s1_below_4282,s1_below_2,s4_2005_2007,s2_760_2075,s4_37_47,Passenger Car,s4_48_64,Not Deployed,s2_97_208,s1_below_1,Female,s2_37_80,s3_141_159,s2_164_318,s3_80_160,s2_2_4
2843,s2_885_1695,s2_n103_99,s4_n40_7,s1_below_4282,s1_below_2,s2_2001_2003,s2_760_2075,s3_17_37,Passenger Car,s2_11_28,Not Deployed,s2_97_208,s1_below_1,Male,s5_114_130,s3_141_159,s2_164_318,s3_80_160,s2_2_4
2844,s2_885_1695,s2_n103_99,s4_n40_7,s1_below_4282,s1_below_2,s4_2005_2007,s2_760_2075,s3_17_37,Passenger Car,s2_11_28,Not Deployed,s2_97_208,s1_below_1,Female,s3_80_96,s3_141_159,s2_164_318,s1_below_40,s2_2_4
2845,s3_1695_2555,s2_n103_99,s4_n40_7,s1_below_4282,s1_below_2,s1_below_2001,s2_760_2075,s3_17_37,Truck (<=10000 lbs.),s3_28_48,Not Deployed,s2_97_208,s1_below_1,Male,s3_80_96,s4_159_169,s2_164_318,s3_80_160,s3_4_5
2846,s2_885_1695,s2_n103_99,s4_n40_7,s1_below_4282,s4_4_5,s4_2005_2007,s3_2075_3730,s3_17_37,Passenger Car,s2_11_28,Deployed,s2_97_208,s4_3_4,Male,s3_80_96,s3_141_159,s2_164_318,s3_80_160,s2_2_4
2847,s3_1695_2555,s2_n103_99,s4_n40_7,s1_below_4282,s4_4_5,s3_2003_2005,s2_760_2075,s4_37_47,Truck (<=10000 lbs.),s2_11_28,Not Deployed,s2_97_208,s1_below_1,Female,s2_37_80,s3_141_159,s3_318_464,s3_80_160,s3_4_5
2848,s2_885_1695,s2_n103_99,s4_n40_7,s1_below_4282,s1_below_2,s4_2005_2007,s2_760_2075,s4_37_47,Truck (<=6000 lbs.),s3_28_48,Deployed,s2_97_208,s1_below_1,Female,s2_37_80,s3_141_159,s2_164_318,s3_80_160,s2_2_4
2849,s2_885_1695,s2_n103_99,s4_n40_7,s1_below_4282,s2_2_3,s5_2007_2009,s2_760_2075,s4_37_47,Passenger Car,s3_28_48,Not Deployed,s2_97_208,s1_below_1,Female,s2_37_80,s3_141_159,s2_164_318,s4_160_220,s2_2_4
2850,s2_885_1695,s2_n103_99,s4_n40_7,s1_below_4282,s2_2_3,s2_2001_2003,s3_2075_3730,s3_17_37,Passenger Car,s2_11_28,Deployed,s2_97_208,s3_2_3,Male,s4_96_114,s3_141_159,s2_164_318,s3_80_160,s2_2_4
2851,s3_1695_2555,s2_n103_99,s5_7_up,s1_below_4282,s2_2_3,s4_2005_2007,s2_760_2075,s3_17_37,Truck (<=6000 lbs.),s3_28_48,Not Deployed,s2_97_208,s1_below_1,Female,s2_37_80,s3_141_159,s2_164_318,s6_260_up,s2_2_4
2852,s3_1695_2555,s2_n103_99,s2_n112_n81,s1_below_4282,s1_below_2,s2_2001_2003,s3_2075_3730,s5_47_57,Truck (<=6000 lbs.),s6_76_up,Deployed,s2_97_208,s6_5_up,Male,s4_96_114,s4_159_169,s2_164_318,s4_160_220,s3_4_5
2853,s2_885_1695,s2_n103_99,s4_n40_7,s1_below_4282,s2_2_3,s1_below_2001,s2_760_2075,s3_17_37,Passenger Car,s4_48_64,Not Deployed,s2_97_208,s1_below_1,Female,s3_80_96,s3_141_159,s2_164_318,s4_160_220,s2_2_4
2854,s2_885_1695,s2_n103_99,s4_n40_7,s1_below_4282,s2_2_3,s4_2005_2007,s2_760_2075,s3_17_37,Passenger Car,s4_48_64,Deployed,s2_97_208,s2_1_2,Male,s3_80_96,s3_141_159,s2_164_318,s2_40_80,s2_2_4
2855,s3_1695_2555,s2_n103_99,s4_n40_7,s1_below_4282,s1_below_2,s5_2007_2009,s2_760_2075,s3_17_37,Truck (<=6000 lbs.),s3_28_48,Deployed,s2_97_208,s2_1_2,Female,s2_37_80,s3_141_159,s2_164_318,s3_80_160,s2_2_4
2856,s3_1695_2555,s2_n103_99,s4_n40_7,s1_below_4282,s1_below_2,s2_2001_2003,s2_760_2075,s3_17_37,Truck (<=6000 lbs.),s3_28_48,Not Deployed,s2_97_208,s1_below_1,Female,s2_37_80,s3_141_159,s2_164_318,s2_40_80,s2_2_4
2857,s3_1695_2555,s2_n103_99,s4_n40_7,s1_below_4282,s4_4_5,s1_below_2001,s2_760_2075,s4_37_47,Truck (<=6000 lbs.),s3_28_48,Not Deployed,s2_97_208,s1_below_1,Male,s2_37_80,s3_141_159,s2_164_318,s1_below_40,s2_2_4
2858,s2_885_1695,s2_n103_99,s4_n40_7,s1_below_4282,s4_4_5,s4_2005_2007,s2_760_2075,s3_17_37,Passenger Car,s2_11_28,Not Deployed,s2_97_208,s1_below_1,Male,s2_37_80,s3_141_159,s2_164_318,s3_80_160,s2_2_4
2859,s2_885_1695,s2_n103_99,s5_7_up,s1_below_4282,s2_2_3,s3_2003_2005,s2_760_2075,s4_37_47,Passenger Car,s2_11_28,Not Deployed,s2_97_208,s1_below_1,Female,s2_37_80,s3_141_159,s2_164_318,s6_260_up,s2_2_4
2860,s4_2555_3715,s2_n103_99,s4_n40_7,s1_below_4282,s5_5_6,s3_2003_2005,s2_760_2075,s4_37_47,Truck (<=10000 lbs.),s4_48_64,Deployed,s2_97_208,s1_below_1,Male,s5_114_130,s5_169_179,s3_318_464,s3_80_160,s5_6_7
2861,s2_885_1695,s2_n103_99,s4_n40_7,s1_below_4282,s4_4_5,s4_2005_2007,s2_760_2075,s4_37_47,Passenger Car,s2_11_28,Not Deployed,s2_97_208,s1_below_1,Female,s2_37_80,s3_141_159,s2_164_318,s3_80_160,s2_2_4
2862,s3_1695_2555,s2_n103_99,s4_n40_7,s1_below_4282,s1_below_2,s2_2001_2003,s2_760_2075,s4_37_47,Truck (<=10000 lbs.),s4_48_64,Deployed,s2_97_208,s1_below_1,Male,s4_96_114,s3_141_159,s3_318_464,s3_80_160,s3_4_5
2863,s3_1695_2555,s2_n103_99,s5_7_up,s1_below_4282,s1_below_2,s4_2005_2007,s2_760_2075,s3_17_37,Truck (<=6000 lbs.),s3_28_48,Not Deployed,s2_97_208,s1_below_1,Female,s2_37_80,s4_159_169,s2_164_318,s6_260_up,s3_4_5
2864,s3_1695_2555,s2_n103_99,s4_n40_7,s1_below_4282,s1_below_2,s4_2005_2007,s2_760_2075,s6_57_up,Truck (<=6000 lbs.),s5_64_76,Deployed,s2_97_208,s1_below_1,Male,s3_80_96,s3_141_159,s2_164_318,s3_80_160,s2_2_4
2865,s2_885_1695,s2_n103_99,s5_7_up,s1_below_4282,s5_5_6,s1_below_2001,s2_760_2075,s4_37_47,Truck (<=6000 lbs.),s4_48_64,Not Deployed,s2_97_208,s1_below_1,Female,s4_96_114,s3_141_159,s2_164_318,s6_260_up,s2_2_4
2866,s3_1695_2555,s2_n103_99,s4_n40_7,s1_below_4282,s2_2_3,s4_2005_2007,s2_760_2075,s6_57_up,Truck (<=10000 lbs.),s2_11_28,Deployed,s2_97_208,s1_below_1,Male,s3_80_96,s3_141_159,s2_164_318,s3_80_160,s2_2_4
2867,s2_885_1695,s2_n103_99,s4_n40_7,s1_below_4282,s1_below_2,s3_2003_2005,s2_760_2075,s4_37_47,Truck (<=6000 lbs.),s5_64_76,Deployed,s2_97_208,s1_below_1,Male,s2_37_80,s3_141_159,s2_164_318,s4_160_220,s2_2_4
2868,s2_885_1695,s2_n103_99,s4_n40_7,s1_below_4282,s1_below_2,s3_2003_2005,s2_760_2075,s4_37_47,Truck (<=6000 lbs.),s2_11_28,Deployed,s2_97_208,s1_below_1,Male,s4_96_114,s3_141_159,s2_164_318,s3_80_160,s2_2_4
2869,s2_885_1695,s2_n103_99,s4_n40_7,s1_below_4282,s3_3_4,s4_2005_2007,s2_760_2075,s3_17_37,Passenger Car,s5_64_76,Not Deployed,s2_97_208,s1_below_1,Female,s2_37_80,s3_141_159,s2_164_318,s3_80_160,s2_2_4
2870,s2_885_1695,s2_n103_99,s4_n40_7,s1_below_4282,s3_3_4,s2_2001_2003,s2_760_2075,s3_17_37,Passenger Car,s2_11_28,Deployed,s2_97_208,s1_below_1,Male,s2_37_80,s3_141_159,s2_164_318,s3_80_160,s2_2_4
2871,s3_1695_2555,s2_n103_99,s4_n40_7,s1_below_4282,s5_5_6,s3_2003_2005,s2_760_2075,s4_37_47,Truck (<=6000 lbs.),s3_28_48,Deployed,s2_97_208,s1_below_1,Female,s4_96_114,s5_169_179,s2_164_318,s3_80_160,s4_5_6
2872,s3_1695_2555,s2_n103_99,s4_n40_7,s1_below_4282,s4_4_5,s3_2003_2005,s2_760_2075,s4_37_47,Truck (<=6000 lbs.),s4_48_64,Not Deployed,s2_97_208,s1_below_1,Female,s2_37_80,s3_141_159,s2_164_318,s3_80_160,s2_2_4
2873,s2_885_1695,s2_n103_99,s5_7_up,s1_below_4282,s4_4_5,s4_2005_2007,s3_2075_3730,s4_37_47,Passenger Car,s4_48_64,Not Deployed,s2_97_208,s1_below_1,Male,s4_96_114,s3_141_159,s2_164_318,s6_260_up,s2_2_4
2874,s2_885_1695,s2_n103_99,s4_n40_7,s1_below_4282,s4_4_5,s2_2001_2003,s3_2075_3730,s4_37_47,Passenger Car,s2_11_28,Not Deployed,s2_97_208,s1_below_1,Male,s2_37_80,s3_141_159,s2_164_318,s3_80_160,s2_2_4
2875,s3_1695_2555,s2_n103_99,s4_n40_7,s1_below_4282,s3_3_4,s4_2005_2007,s2_760_2075,s4_37_47,Truck (<=6000 lbs.),s2_11_28,Deployed,s2_97_208,s1_below_1,Male,s3_80_96,s4_159_169,s2_164_318,s3_80_160,s2_2_4
2876,s2_885_1695,s2_n103_99,s5_7_up,s1_below_4282,s3_3_4,s1_below_2001,s2_760_2075,s4_37_47,Truck (<=6000 lbs.),s2_11_28,Not Deployed,s2_97_208,s1_below_1,Female,s2_37_80,s3_141_159,s2_164_318,s4_160_220,s2_2_4
2877,s3_1695_2555,s2_n103_99,s4_n40_7,s1_below_4282,s4_4_5,s3_2003_2005,s3_2075_3730,s4_37_47,Truck (<=10000 lbs.),s3_28_48,Not Deployed,s2_97_208,s1_below_1,Female,s2_37_80,s3_141_159,s2_164_318,s3_80_160,s2_2_4
2878,s3_1695_2555,s2_n103_99,s4_n40_7,s1_below_4282,s2_2_3,s4_2005_2007,s2_760_2075,s3_17_37,Truck (<=6000 lbs.),s4_48_64,Not Deployed,s2_97_208,s1_below_1,Female,s2_37_80,s4_159_169,s2_164_318,s3_80_160,s2_2_4
2879,s3_1695_2555,s2_n103_99,s5_7_up,s1_below_4282,s3_3_4,s3_2003_2005,s2_760_2075,s4_37_47,Truck (<=6000 lbs.),s4_48_64,Not Deployed,s2_97_208,s1_below_1,Female,s4_96_114,s3_141_159,s2_164_318,s6_260_up,s2_2_4
2880,s2_885_1695,s2_n103_99,s4_n40_7,s1_below_4282,s2_2_3,s3_2003_2005,s2_760_2075,s6_57_up,Passenger Car,s3_28_48,Not Deployed,s2_97_208,s1_below_1,Male,s2_37_80,s3_141_159,s2_164_318,s3_80_160,s2_2_4
2881,s3_1695_2555,s2_n103_99,s4_n40_7,s1_below_4282,s6_6_up,s4_2005_2007,s2_760_2075,s4_37_47,Truck (<=6000 lbs.),s4_48_64,Deployed,s2_97_208,s1_below_1,Male,s2_37_80,s4_159_169,s2_164_318,s3_80_160,s2_2_4
2882,s2_885_1695,s2_n103_99,s4_n40_7,s1_below_4282,s3_3_4,s1_below_2001,s2_760_2075,s5_47_57,Passenger Car,s2_11_28,Deployed,s2_97_208,s1_below_1,Female,s2_37_80,s3_141_159,s2_164_318,s4_160_220,s2_2_4
2883,s3_1695_2555,s2_n103_99,s4_n40_7,s1_below_4282,s3_3_4,s4_2005_2007,s2_760_2075,s5_47_57,Truck (<=6000 lbs.),s3_28_48,Deployed,s2_97_208,s1_below_1,Female,s2_37_80,s4_159_169,s2_164_318,s3_80_160,s2_2_4
2884,s2_885_1695,s2_n103_99,s5_7_up,s1_below_4282,s1_below_2,s4_2005_2007,s2_760_2075,s3_17_37,Passenger Car,s2_11_28,Not Deployed,s2_97_208,s1_below_1,Female,s3_80_96,s3_141_159,s2_164_318,s6_260_up,s2_2_4
2885,s2_885_1695,s2_n103_99,s5_7_up,s1_below_4282,s3_3_4,s4_2005_2007,s3_2075_3730,s4_37_47,Truck (<=6000 lbs.),s2_11_28,Not Deployed,s2_97_208,s1_below_1,Female,s2_37_80,s3_141_159,s2_164_318,s6_260_up,s2_2_4
2886,s2_885_1695,s2_n103_99,s4_n40_7,s1_below_4282,s1_below_2,s3_2003_2005,s2_760_2075,s3_17_37,Passenger Car,s6_76_up,Deployed,s2_97_208,s1_below_1,Female,s2_37_80,s3_141_159,s2_164_318,s3_80_160,s2_2_4
2887,s2_885_1695,s2_n103_99,s5_7_up,s1_below_4282,s4_4_5,s5_2007_2009,s2_760_2075,s4_37_47,Passenger Car,s4_48_64,Not Deployed,s2_97_208,s1_below_1,Female,s2_37_80,s3_141_159,s2_164_318,s6_260_up,s2_2_4
2888,s2_885_1695,s2_n103_99,s4_n40_7,s1_below_4282,s1_below_2,s3_2003_2005,s2_760_2075,s3_17_37,Passenger Car,s2_11_28,Not Deployed,s2_97_208,s1_below_1,Male,s2_37_80,s3_141_159,s2_164_318,s3_80_160,s2_2_4
2889,s2_885_1695,s2_n103_99,s4_n40_7,s1_below_4282,s1_below_2,s2_2001_2003,s3_2075_3730,s2_7_17,Passenger Car,s4_48_64,Not Deployed,s2_97_208,s1_below_1,Female,s2_37_80,s3_141_159,s2_164_318,s3_80_160,s2_2_4
2890,s3_1695_2555,s2_n103_99,s4_n40_7,s1_below_4282,s3_3_4,s5_2007_2009,s3_2075_3730,s3_17_37,Truck (<=6000 lbs.),s3_28_48,Deployed,s2_97_208,s1_below_1,Female,s2_37_80,s3_141_159,s2_164_318,s3_80_160,s2_2_4
2891,s2_885_1695,s2_n103_99,s5_7_up,s1_below_4282,s3_3_4,s3_2003_2005,s2_760_2075,s3_17_37,Truck (<=6000 lbs.),s3_28_48,Not Deployed,s2_97_208,s1_below_1,Female,s2_37_80,s3_141_159,s2_164_318,s6_260_up,s2_2_4
2892,s3_1695_2555,s2_n103_99,s4_n40_7,s1_below_4282,s6_6_up,s5_2007_2009,s2_760_2075,s4_37_47,Truck (<=6000 lbs.),s3_28_48,Deployed,s2_97_208,s1_below_1,Female,s2_37_80,s4_159_169,s2_164_318,s4_160_220,s3_4_5
2893,s2_885_1695,s2_n103_99,s4_n40_7,s1_below_4282,s1_below_2,s1_below_2001,s3_2075_3730,s3_17_37,Truck (<=6000 lbs.),s2_11_28,Not Deployed,s2_97_208,s1_below_1,Female,s2_37_80,s3_141_159,s2_164_318,s3_80_160,s2_2_4
2894,s3_1695_2555,s2_n103_99,s4_n40_7,s1_below_4282,s5_5_6,s2_2001_2003,s2_760_2075,s4_37_47,Truck (<=6000 lbs.),s3_28_48,Deployed,s2_97_208,s2_1_2,Male,s3_80_96,s4_159_169,s2_164_318,s3_80_160,s3_4_5
2895,s2_885_1695,s2_n103_99,s4_n40_7,s1_below_4282,s4_4_5,s1_below_2001,s2_760_2075,s4_37_47,Passenger Car,s3_28_48,Not Deployed,s2_97_208,s1_below_1,Female,s2_37_80,s3_141_159,s2_164_318,s2_40_80,s2_2_4
2896,s2_885_1695,s2_n103_99,s5_7_up,s1_below_4282,s1_below_2,s1_below_2001,s2_760_2075,s3_17_37,Passenger Car,s2_11_28,Not Deployed,s2_97_208,s1_below_1,Female,s2_37_80,s3_141_159,s2_164_318,s6_260_up,s2_2_4
2897,s4_2555_3715,s2_n103_99,s3_n81_n40,s1_below_4282,s3_3_4,s4_2005_2007,s2_760_2075,s4_37_47,Truck (<=10000 lbs.),s3_28_48,Not Deployed,s2_97_208,s1_below_1,Female,s2_37_80,s5_169_179,s2_164_318,s4_160_220,s3_4_5
2898,s2_885_1695,s2_n103_99,s4_n40_7,s1_below_4282,s6_6_up,s1_below_2001,s3_2075_3730,s3_17_37,Passenger Car,s2_11_28,Not Deployed,s2_97_208,s1_below_1,Male,s2_37_80,s3_141_159,s2_164_318,s4_160_220,s2_2_4
2899,s3_1695_2555,s2_n103_99,s4_n40_7,s1_below_4282,s5_5_6,s2_2001_2003,s2_760_2075,s3_17_37,Truck (<=10000 lbs.),s2_11_28,Not Deployed,s2_97_208,s1_below_1,Female,s2_37_80,s3_141_159,s2_164_318,s3_80_160,s2_2_4
2900,s2_885_1695,s2_n103_99,s4_n40_7,s1_below_4282,s3_3_4,s4_2005_2007,s2_760_2075,s4_37_47,Passenger Car,s4_48_64,Deployed,s2_97_208,s1_below_1,Male,s2_37_80,s3_141_159,s2_164_318,s3_80_160,s2_2_4
2901,s3_1695_2555,s2_n103_99,s4_n40_7,s1_below_4282,s2_2_3,s2_2001_2003,s2_760_2075,s4_37_47,Truck (<=10000 lbs.),s2_11_28,Not Deployed,s2_97_208,s1_below_1,Male,s2_37_80,s3_141_159,s2_164_318,s3_80_160,s2_2_4
2902,s2_885_1695,s2_n103_99,s4_n40_7,s1_below_4282,s1_below_2,s3_2003_2005,s3_2075_3730,s3_17_37,Passenger Car,s2_11_28,Not Deployed,s2_97_208,s1_below_1,Male,s2_37_80,s3_141_159,s2_164_318,s3_80_160,s2_2_4
2903,s2_885_1695,s2_n103_99,s4_n40_7,s1_below_4282,s2_2_3,s5_2007_2009,s2_760_2075,s6_57_up,Passenger Car,s2_11_28,Deployed,s2_97_208,s2_1_2,Female,s2_37_80,s3_141_159,s2_164_318,s3_80_160,s2_2_4
2904,s4_2555_3715,s2_n103_99,s3_n81_n40,s1_below_4282,s1_below_2,s5_2007_2009,s2_760_2075,s3_17_37,Truck (<=10000 lbs.),s3_28_48,Deployed,s2_97_208,s2_1_2,Female,s2_37_80,s5_169_179,s2_164_318,s3_80_160,s4_5_6
2905,s2_885_1695,s2_n103_99,s4_n40_7,s1_below_4282,s1_below_2,s2_2001_2003,s2_760_2075,s3_17_37,Passenger Car,s3_28_48,Not Deployed,s2_97_208,s1_below_1,Male,s2_37_80,s3_141_159,s2_164_318,s3_80_160,s2_2_4
2906,s4_2555_3715,s2_n103_99,s4_n40_7,s1_below_4282,s2_2_3,s1_below_2001,s2_760_2075,s4_37_47,Truck (<=10000 lbs.),s3_28_48,Not Deployed,s2_97_208,s1_below_1,Male,s3_80_96,s4_159_169,s3_318_464,s3_80_160,s4_5_6
2907,s2_885_1695,s2_n103_99,s4_n40_7,s1_below_4282,s1_below_2,s3_2003_2005,s2_760_2075,s4_37_47,Passenger Car,s2_11_28,Not Deployed,s2_97_208,s1_below_1,Female,s2_37_80,s3_141_159,s2_164_318,s3_80_160,s2_2_4
2908,s2_885_1695,s2_n103_99,s4_n40_7,s1_below_4282,s5_5_6,s2_2001_2003,s3_2075_3730,s4_37_47,Passenger Car,s2_11_28,Not Deployed,s2_97_208,s1_below_1,Female,s3_80_96,s3_141_159,s2_164_318,s3_80_160,s2_2_4
2909,s2_885_1695,s2_n103_99,s4_n40_7,s1_below_4282,s1_below_2,s4_2005_2007,s3_2075_3730,s3_17_37,Passenger Car,s3_28_48,Not Deployed,s2_97_208,s2_1_2,Female,s2_37_80,s3_141_159,s2_164_318,s3_80_160,s2_2_4
2910,s2_885_1695,s2_n103_99,s3_n81_n40,s1_below_4282,s3_3_4,s4_2005_2007,s2_760_2075,s4_37_47,Passenger Car,s3_28_48,Deployed,s2_97_208,s1_below_1,Male,s4_96_114,s3_141_159,s2_164_318,s3_80_160,s2_2_4
2911,s2_885_1695,s2_n103_99,s4_n40_7,s1_below_4282,s6_6_up,s1_below_2001,s2_760_2075,s4_37_47,Passenger Car,s3_28_48,Not Deployed,s2_97_208,s1_below_1,Male,s3_80_96,s3_141_159,s2_164_318,s4_160_220,s2_2_4
2912,s3_1695_2555,s2_n103_99,s4_n40_7,s1_below_4282,s4_4_5,s3_2003_2005,s3_2075_3730,s4_37_47,Passenger Car,s3_28_48,Deployed,s2_97_208,s1_below_1,Female,s3_80_96,s3_141_159,s2_164_318,s4_160_220,s2_2_4
2913,s4_2555_3715,s2_n103_99,s4_n40_7,s1_below_4282,s4_4_5,s5_2007_2009,s2_760_2075,s4_37_47,Truck (<=10000 lbs.),s4_48_64,Deployed,s2_97_208,s1_below_1,Male,s3_80_96,s5_169_179,s3_318_464,s3_80_160,s5_6_7
2914,s3_1695_2555,s2_n103_99,s4_n40_7,s1_below_4282,s4_4_5,s4_2005_2007,s2_760_2075,s3_17_37,Passenger Car,s2_11_28,Not Deployed,s2_97_208,s1_below_1,Male,s2_37_80,s4_159_169,s2_164_318,s3_80_160,s2_2_4
2915,s2_885_1695,s2_n103_99,s4_n40_7,s1_below_4282,s2_2_3,s4_2005_2007,s2_760_2075,s5_47_57,Passenger Car,s3_28_48,Deployed,s2_97_208,s2_1_2,Female,s2_37_80,s3_141_159,s2_164_318,s3_80_160,s2_2_4
2916,s2_885_1695,s2_n103_99,s5_7_up,s1_below_4282,s5_5_6,s4_2005_2007,s3_2075_3730,s3_17_37,Passenger Car,s3_28_48,Not Deployed,s2_97_208,s1_below_1,Male,s3_80_96,s3_141_159,s2_164_318,s6_260_up,s2_2_4
2917,s2_885_1695,s2_n103_99,s4_n40_7,s1_below_4282,s1_below_2,s3_2003_2005,s2_760_2075,s6_57_up,Passenger Car,s3_28_48,Not Deployed,s2_97_208,s1_below_1,Female,s3_80_96,s3_141_159,s2_164_318,s3_80_160,s2_2_4
2918,s2_885_1695,s2_n103_99,s4_n40_7,s1_below_4282,s3_3_4,s3_2003_2005,s2_760_2075,s4_37_47,Passenger Car,s3_28_48,Deployed,s2_97_208,s1_below_1,Female,s2_37_80,s3_141_159,s2_164_318,s3_80_160,s2_2_4
2919,s2_885_1695,s2_n103_99,s4_n40_7,s1_below_4282,s1_below_2,s5_2007_2009,s2_760_2075,s4_37_47,Truck (<=6000 lbs.),s3_28_48,Deployed,s2_97_208,s1_below_1,Female,s3_80_96,s3_141_159,s2_164_318,s3_80_160,s2_2_4
2920,s2_885_1695,s2_n103_99,s4_n40_7,s1_below_4282,s3_3_4,s2_2001_2003,s2_760_2075,s4_37_47,Passenger Car,s6_76_up,Not Deployed,s2_97_208,s1_below_1,Female,s2_37_80,s3_141_159,s2_164_318,s4_160_220,s2_2_4
2921,s2_885_1695,s2_n103_99,s4_n40_7,s1_below_4282,s1_below_2,s4_2005_2007,s2_760_2075,s4_37_47,Passenger Car,s4_48_64,Not Deployed,s2_97_208,s1_below_1,Female,s4_96_114,s3_141_159,s2_164_318,s1_below_40,s2_2_4
2922,s2_885_1695,s2_n103_99,s5_7_up,s1_below_4282,s2_2_3,s2_2001_2003,s2_760_2075,s4_37_47,Truck (<=6000 lbs.),s5_64_76,Not Deployed,s2_97_208,s1_below_1,Female,s3_80_96,s3_141_159,s2_164_318,s6_260_up,s2_2_4
2923,s2_885_1695,s2_n103_99,s4_n40_7,s1_below_4282,s3_3_4,s2_2001_2003,s2_760_2075,s3_17_37,Passenger Car,s3_28_48,Not Deployed,s2_97_208,s1_below_1,Female,s2_37_80,s3_141_159,s2_164_318,s4_160_220,s2_2_4
2924,s2_885_1695,s2_n103_99,s5_7_up,s1_below_4282,s2_2_3,s2_2001_2003,s2_760_2075,s4_37_47,Truck (<=6000 lbs.),s4_48_64,Not Deployed,s2_97_208,s1_below_1,Female,s3_80_96,s3_141_159,s3_318_464,s6_260_up,s2_2_4
2925,s2_885_1695,s2_n103_99,s5_7_up,s1_below_4282,s4_4_5,s3_2003_2005,s2_760_2075,s4_37_47,Passenger Car,s6_76_up,Deployed,s2_97_208,s1_below_1,Female,s2_37_80,s3_141_159,s2_164_318,s6_260_up,s2_2_4
2926,s4_2555_3715,s2_n103_99,s4_n40_7,s1_below_4282,s3_3_4,s4_2005_2007,s2_760_2075,s4_37_47,Truck (<=10000 lbs.),s3_28_48,Deployed,s2_97_208,s1_below_1,Male,s2_37_80,s5_169_179,s3_318_464,s3_80_160,s5_6_7
2927,s2_885_1695,s2_n103_99,s4_n40_7,s1_below_4282,s1_below_2,s4_2005_2007,s3_2075_3730,s3_17_37,Passenger Car,s5_64_76,Not Deployed,s2_97_208,s3_2_3,Female,s3_80_96,s3_141_159,s2_164_318,s2_40_80,s2_2_4
2928,s2_885_1695,s2_n103_99,s4_n40_7,s1_below_4282,s5_5_6,s4_2005_2007,s2_760_2075,s3_17_37,Passenger Car,s3_28_48,Not Deployed,s2_97_208,s1_below_1,Female,s3_80_96,s3_141_159,s2_164_318,s3_80_160,s2_2_4
2929,s3_1695_2555,s2_n103_99,s4_n40_7,s1_below_4282,s3_3_4,s3_2003_2005,s2_760_2075,s3_17_37,Truck (<=10000 lbs.),s3_28_48,Deployed,s2_97_208,s1_below_1,Male,s3_80_96,s4_159_169,s3_318_464,s3_80_160,s4_5_6
2930,s2_885_1695,s2_n103_99,s4_n40_7,s1_below_4282,s6_6_up,s5_2007_2009,s3_2075_3730,s4_37_47,Passenger Car,s4_48_64,Deployed,s2_97_208,s1_below_1,Female,s2_37_80,s3_141_159,s2_164_318,s3_80_160,s2_2_4
2931,s3_1695_2555,s2_n103_99,s5_7_up,s1_below_4282,s2_2_3,s2_2001_2003,s2_760_2075,s4_37_47,Truck (<=6000 lbs.),s5_64_76,Not Deployed,s2_97_208,s1_below_1,Female,s2_37_80,s4_159_169,s2_164_318,s6_260_up,s3_4_5
2932,s2_885_1695,s2_n103_99,s4_n40_7,s1_below_4282,s2_2_3,s3_2003_2005,s3_2075_3730,s3_17_37,Passenger Car,s2_11_28,Not Deployed,s2_97_208,s1_below_1,Female,s2_37_80,s3_141_159,s2_164_318,s3_80_160,s2_2_4
2933,s3_1695_2555,s2_n103_99,s5_7_up,s1_below_4282,s1_below_2,s3_2003_2005,s2_760_2075,s3_17_37,Truck (<=6000 lbs.),s3_28_48,Not Deployed,s2_97_208,s1_below_1,Female,s2_37_80,s5_169_179,s2_164_318,s5_220_260,s2_2_4
2934,s2_885_1695,s2_n103_99,s4_n40_7,s1_below_4282,s1_below_2,s4_2005_2007,s3_2075_3730,s3_17_37,Passenger Car,s2_11_28,Deployed,s2_97_208,s1_below_1,Male,s2_37_80,s3_141_159,s2_164_318,s3_80_160,s2_2_4
2935,s2_885_1695,s2_n103_99,s5_7_up,s1_below_4282,s6_6_up,s3_2003_2005,s2_760_2075,s4_37_47,Passenger Car,s2_11_28,Not Deployed,s2_97_208,s1_below_1,Male,s4_96_114,s3_141_159,s2_164_318,s6_260_up,s2_2_4
2936,s3_1695_2555,s2_n103_99,s4_n40_7,s1_below_4282,s1_below_2,s1_below_2001,s2_760_2075,s3_17_37,Passenger Car,s5_64_76,Not Deployed,s2_97_208,s1_below_1,Male,s4_96_114,s3_141_159,s2_164_318,s4_160_220,s2_2_4
2937,s2_885_1695,s2_n103_99,s4_n40_7,s1_below_4282,s1_below_2,s4_2005_2007,s2_760_2075,s3_17_37,Passenger Car,s2_11_28,Deployed,s2_97_208,s1_below_1,Male,s4_96_114,s3_141_159,s2_164_318,s3_80_160,s2_2_4
2938,s3_1695_2555,s2_n103_99,s4_n40_7,s1_below_4282,s3_3_4,s2_2001_2003,s2_760_2075,s4_37_47,Truck (<=6000 lbs.),s3_28_48,Not Deployed,s2_97_208,s1_below_1,Male,s3_80_96,s3_141_159,s2_164_318,s3_80_160,s2_2_4
2939,s2_885_1695,s2_n103_99,s4_n40_7,s1_below_4282,s3_3_4,s2_2001_2003,s2_760_2075,s6_57_up,Passenger Car,s2_11_28,Deployed,s2_97_208,s1_below_1,Male,s4_96_114,s3_141_159,s2_164_318,s3_80_160,s2_2_4
2940,s2_885_1695,s2_n103_99,s4_n40_7,s1_below_4282,s2_2_3,s2_2001_2003,s2_760_2075,s4_37_47,Passenger Car,s4_48_64,Deployed,s2_97_208,s1_below_1,Male,s4_96_114,s3_141_159,s2_164_318,s3_80_160,s2_2_4
2941,s2_885_1695,s2_n103_99,s4_n40_7,s1_below_4282,s2_2_3,s2_2001_2003,s2_760_2075,s4_37_47,Passenger Car,s5_64_76,Not Deployed,s2_97_208,s1_below_1,Female,s2_37_80,s3_141_159,s2_164_318,s3_80_160,s2_2_4
2942,s3_1695_2555,s2_n103_99,s4_n40_7,s1_below_4282,s3_3_4,s2_2001_2003,s2_760_2075,s4_37_47,Truck (<=6000 lbs.),s3_28_48,Not Deployed,s2_97_208,s1_below_1,Female,s2_37_80,s3_141_159,s2_164_318,s3_80_160,s2_2_4
2943,s3_1695_2555,s2_n103_99,s4_n40_7,s1_below_4282,s4_4_5,s2_2001_2003,s2_760_2075,s4_37_47,Truck (<=6000 lbs.),s2_11_28,Not Deployed,s2_97_208,s1_below_1,Female,s3_80_96,s3_141_159,s2_164_318,s4_160_220,s2_2_4
2944,s3_1695_2555,s2_n103_99,s4_n40_7,s1_below_4282,s4_4_5,s3_2003_2005,s3_2075_3730,s4_37_47,Truck (<=6000 lbs.),s2_11_28,Not Deployed,s2_97_208,s1_below_1,Female,s2_37_80,s5_169_179,s2_164_318,s3_80_160,s4_5_6
2945,s3_1695_2555,s2_n103_99,s4_n40_7,s1_below_4282,s5_5_6,s3_2003_2005,s2_760_2075,s4_37_47,Truck (<=6000 lbs.),s3_28_48,Not Deployed,s2_97_208,s1_below_1,Male,s3_80_96,s4_159_169,s2_164_318,s2_40_80,s2_2_4
2946,s2_885_1695,s2_n103_99,s4_n40_7,s1_below_4282,s2_2_3,s5_2007_2009,s2_760_2075,s3_17_37,Passenger Car,s3_28_48,Deployed,s2_97_208,s1_below_1,Female,s2_37_80,s3_141_159,s2_164_318,s3_80_160,s2_2_4
2947,s2_885_1695,s2_n103_99,s4_n40_7,s1_below_4282,s1_below_2,s5_2007_2009,s2_760_2075,s3_17_37,Passenger Car,s3_28_48,Not Deployed,s2_97_208,s1_below_1,Female,s2_37_80,s3_141_159,s2_164_318,s3_80_160,s2_2_4
2948,s3_1695_2555,s2_n103_99,s4_n40_7,s1_below_4282,s3_3_4,s2_2001_2003,s2_760_2075,s6_57_up,Truck (<=6000 lbs.),s2_11_28,Not Deployed,s2_97_208,s1_below_1,Male,s2_37_80,s3_141_159,s2_164_318,s3_80_160,s2_2_4
2949,s2_885_1695,s2_n103_99,s4_n40_7,s1_below_4282,s3_3_4,s4_2005_2007,s2_760_2075,s3_17_37,Passenger Car,s6_76_up,Deployed,s2_97_208,s1_below_1,Male,s2_37_80,s3_141_159,s2_164_318,s4_160_220,s2_2_4
2950,s4_2555_3715,s2_n103_99,s4_n40_7,s1_below_4282,s1_below_2,s4_2005_2007,s2_760_2075,s3_17_37,Truck (<=10000 lbs.),s4_48_64,Deployed,s2_97_208,s1_below_1,Male,s4_96_114,s5_169_179,s3_318_464,s3_80_160,s4_5_6
2951,s2_885_1695,s2_n103_99,s4_n40_7,s1_below_4282,s3_3_4,s4_2005_2007,s3_2075_3730,s4_37_47,Passenger Car,s3_28_48,Not Deployed,s2_97_208,s1_below_1,Female,s3_80_96,s3_141_159,s2_164_318,s2_40_80,s2_2_4
2952,s2_885_1695,s2_n103_99,s4_n40_7,s1_below_4282,s2_2_3,s2_2001_2003,s3_2075_3730,s4_37_47,Passenger Car,s4_48_64,Deployed,s2_97_208,s1_below_1,Female,s2_37_80,s3_141_159,s2_164_318,s3_80_160,s2_2_4
2953,s2_885_1695,s2_n103_99,s4_n40_7,s1_below_4282,s3_3_4,s3_2003_2005,s3_2075_3730,s4_37_47,Passenger Car,s2_11_28,Not Deployed,s2_97_208,s1_below_1,Female,s2_37_80,s3_141_159,s2_164_318,s3_80_160,s2_2_4
2954,s3_1695_2555,s2_n103_99,s4_n40_7,s1_below_4282,s3_3_4,s3_2003_2005,s2_760_2075,s4_37_47,Truck (<=10000 lbs.),s3_28_48,Deployed,s2_97_208,s1_below_1,Male,s4_96_114,s4_159_169,s2_164_318,s3_80_160,s3_4_5
2955,s3_1695_2555,s2_n103_99,s4_n40_7,s1_below_4282,s4_4_5,s2_2001_2003,s3_2075_3730,s4_37_47,Truck (<=6000 lbs.),s2_11_28,Not Deployed,s2_97_208,s1_below_1,Female,s2_37_80,s3_141_159,s2_164_318,s3_80_160,s2_2_4
2956,s2_885_1695,s2_n103_99,s4_n40_7,s1_below_4282,s1_below_2,s4_2005_2007,s2_760_2075,s4_37_47,Passenger Car,s3_28_48,Not Deployed,s2_97_208,s1_below_1,Male,s5_114_130,s3_141_159,s2_164_318,s3_80_160,s2_2_4
2957,s3_1695_2555,s2_n103_99,s5_7_up,s1_below_4282,s2_2_3,s4_2005_2007,s2_760_2075,s4_37_47,Truck (<=6000 lbs.),s2_11_28,Not Deployed,s2_97_208,s1_below_1,Female,s2_37_80,s3_141_159,s2_164_318,s6_260_up,s2_2_4
2958,s2_885_1695,s2_n103_99,s4_n40_7,s1_below_4282,s1_below_2,s1_below_2001,s2_760_2075,s3_17_37,Passenger Car,s5_64_76,Not Deployed,s2_97_208,s1_below_1,Female,s2_37_80,s3_141_159,s2_164_318,s4_160_220,s2_2_4
2959,s2_885_1695,s2_n103_99,s4_n40_7,s1_below_4282,s2_2_3,s2_2001_2003,s2_760_2075,s4_37_47,Passenger Car,s3_28_48,Not Deployed,s2_97_208,s1_below_1,Female,s3_80_96,s3_141_159,s2_164_318,s3_80_160,s2_2_4
2960,s2_885_1695,s2_n103_99,s4_n40_7,s1_below_4282,s1_below_2,s4_2005_2007,s2_760_2075,s5_47_57,Truck (<=6000 lbs.),s2_11_28,Deployed,s2_97_208,s1_below_1,Male,s3_80_96,s3_141_159,s2_164_318,s3_80_160,s2_2_4
2961,s3_1695_2555,s2_n103_99,s5_7_up,s1_below_4282,s1_below_2,s4_2005_2007,s2_760_2075,s5_47_57,Passenger Car,s3_28_48,Not Deployed,s2_97_208,s1_below_1,Female,s3_80_96,s3_141_159,s2_164_318,s6_260_up,s2_2_4
2962,s3_1695_2555,s2_n103_99,s4_n40_7,s1_below_4282,s2_2_3,s4_2005_2007,s2_760_2075,s4_37_47,Truck (<=6000 lbs.),s5_64_76,Not Deployed,s2_97_208,s1_below_1,Female,s2_37_80,s4_159_169,s3_318_464,s3_80_160,s3_4_5
2963,s4_2555_3715,s2_n103_99,s4_n40_7,s1_below_4282,s1_below_2,s4_2005_2007,s3_2075_3730,s3_17_37,Truck (<=10000 lbs.),s3_28_48,Deployed,s2_97_208,s1_below_1,Male,s3_80_96,s5_169_179,s3_318_464,s4_160_220,s5_6_7
2964,s3_1695_2555,s2_n103_99,s4_n40_7,s1_below_4282,s1_below_2,s2_2001_2003,s3_2075_3730,s3_17_37,Truck (<=6000 lbs.),s5_64_76,Not Deployed,s2_97_208,s1_below_1,Female,s2_37_80,s3_141_159,s2_164_318,s3_80_160,s2_2_4
2965,s2_885_1695,s2_n103_99,s4_n40_7,s1_below_4282,s4_4_5,s4_2005_2007,s2_760_2075,s4_37_47,Truck (<=6000 lbs.),s4_48_64,Not Deployed,s2_97_208,s1_below_1,Male,s2_37_80,s3_141_159,s2_164_318,s3_80_160,s2_2_4
2966,s3_1695_2555,s2_n103_99,s4_n40_7,s1_below_4282,s1_below_2,s1_below_2001,s2_760_2075,s4_37_47,Truck (<=10000 lbs.),s2_11_28,Not Deployed,s2_97_208,s1_below_1,Male,s3_80_96,s4_159_169,s2_164_318,s3_80_160,s3_4_5
2967,s2_885_1695,s2_n103_99,s4_n40_7,s1_below_4282,s4_4_5,s2_2001_2003,s2_760_2075,s3_17_37,Truck (<=6000 lbs.),s4_48_64,Not Deployed,s2_97_208,s1_below_1,Male,s3_80_96,s3_141_159,s3_318_464,s3_80_160,s2_2_4
2968,s2_885_1695,s2_n103_99,s4_n40_7,s1_below_4282,s2_2_3,s2_2001_2003,s2_760_2075,s4_37_47,Truck (<=6000 lbs.),s6_76_up,Not Deployed,s2_97_208,s1_below_1,Male,s2_37_80,s3_141_159,s3_318_464,s4_160_220,s2_2_4
2969,s2_885_1695,s2_n103_99,s5_7_up,s1_below_4282,s4_4_5,s2_2001_2003,s3_2075_3730,s3_17_37,Passenger Car,s4_48_64,Not Deployed,s2_97_208,s1_below_1,Male,s3_80_96,s3_141_159,s2_164_318,s6_260_up,s2_2_4
2970,s3_1695_2555,s2_n103_99,s5_7_up,s1_below_4282,s1_below_2,s4_2005_2007,s3_2075_3730,s4_37_47,Truck (<=6000 lbs.),s2_11_28,Not Deployed,s2_97_208,s1_below_1,Female,s2_37_80,s3_141_159,s2_164_318,s6_260_up,s2_2_4
2971,s2_885_1695,s2_n103_99,s4_n40_7,s1_below_4282,s4_4_5,s3_2003_2005,s2_760_2075,s4_37_47,Truck (<=6000 lbs.),s2_11_28,Deployed,s2_97_208,s1_below_1,Female,s2_37_80,s3_141_159,s2_164_318,s4_160_220,s2_2_4
2972,s2_885_1695,s2_n103_99,s4_n40_7,s1_below_4282,s4_4_5,s2_2001_2003,s2_760_2075,s4_37_47,Truck (<=6000 lbs.),s4_48_64,Deployed,s2_97_208,s1_below_1,Female,s2_37_80,s3_141_159,s2_164_318,s3_80_160,s2_2_4
2973,s2_885_1695,s2_n103_99,s4_n40_7,s1_below_4282,s5_5_6,s1_below_2001,s2_760_2075,s4_37_47,Passenger Car,s2_11_28,Not Deployed,s2_97_208,s2_1_2,Female,s2_37_80,s3_141_159,s2_164_318,s3_80_160,s2_2_4
2974,s3_1695_2555,s2_n103_99,s4_n40_7,s1_below_4282,s4_4_5,s4_2005_2007,s2_760_2075,s3_17_37,Truck (<=10000 lbs.),s3_28_48,Deployed,s2_97_208,s1_below_1,Male,s2_37_80,s5_169_179,s3_318_464,s3_80_160,s4_5_6
2975,s2_885_1695,s2_n103_99,s2_n112_n81,s1_below_4282,s4_4_5,s1_below_2001,s3_2075_3730,s4_37_47,Passenger Car,s3_28_48,Deployed,s2_97_208,s3_2_3,Male,s3_80_96,s3_141_159,s2_164_318,s3_80_160,s2_2_4
2976,s3_1695_2555,s2_n103_99,s3_n81_n40,s2_4282_6970,s4_4_5,s5_2007_2009,s2_760_2075,s4_37_47,Truck (<=10000 lbs.),s3_28_48,Deployed,s2_97_208,s1_below_1,Male,s4_96_114,s5_169_179,s3_318_464,s3_80_160,s4_5_6
2977,s3_1695_2555,s2_n103_99,s4_n40_7,s1_below_4282,s5_5_6,s1_below_2001,s2_760_2075,s4_37_47,Truck (<=10000 lbs.),s5_64_76,Not Deployed,s2_97_208,s1_below_1,Male,s3_80_96,s4_159_169,s3_318_464,s4_160_220,s4_5_6
2978,s2_885_1695,s2_n103_99,s4_n40_7,s1_below_4282,s5_5_6,s5_2007_2009,s2_760_2075,s4_37_47,Passenger Car,s4_48_64,Deployed,s2_97_208,s1_below_1,Female,s4_96_114,s3_141_159,s2_164_318,s3_80_160,s2_2_4
2979,s2_885_1695,s2_n103_99,s3_n81_n40,s1_below_4282,s4_4_5,s5_2007_2009,s3_2075_3730,s4_37_47,Passenger Car,s2_11_28,Deployed,s2_97_208,s1_below_1,Female,s2_37_80,s3_141_159,s2_164_318,s3_80_160,s2_2_4
2980,s3_1695_2555,s2_n103_99,s4_n40_7,s1_below_4282,s2_2_3,s4_2005_2007,s2_760_2075,s3_17_37,Truck (<=10000 lbs.),s3_28_48,Not Deployed,s2_97_208,s1_below_1,Female,s2_37_80,s5_169_179,s2_164_318,s3_80_160,s3_4_5
2981,s3_1695_2555,s2_n103_99,s5_7_up,s1_below_4282,s1_below_2,s3_2003_2005,s2_760_2075,s6_57_up,Truck (<=6000 lbs.),s4_48_64,Not Deployed,s2_97_208,s1_below_1,Female,s2_37_80,s3_141_159,s3_318_464,s6_260_up,s3_4_5
2982,s3_1695_2555,s2_n103_99,s4_n40_7,s1_below_4282,s1_below_2,s4_2005_2007,s2_760_2075,s6_57_up,Truck (<=6000 lbs.),s4_48_64,Not Deployed,s2_97_208,s1_below_1,Male,s3_80_96,s3_141_159,s3_318_464,s3_80_160,s3_4_5
2983,s3_1695_2555,s2_n103_99,s4_n40_7,s1_below_4282,s1_below_2,s5_2007_2009,s2_760_2075,s6_57_up,Truck (<=6000 lbs.),s6_76_up,Not Deployed,s2_97_208,s3_2_3,Male,s3_80_96,s3_141_159,s2_164_318,s3_80_160,s2_2_4
2984,s2_885_1695,s2_n103_99,s4_n40_7,s1_below_4282,s1_below_2,s4_2005_2007,s2_760_2075,s3_17_37,Passenger Car,s2_11_28,Deployed,s2_97_208,s1_below_1,Male,s3_80_96,s3_141_159,s2_164_318,s3_80_160,s2_2_4
2985,s4_2555_3715,s2_n103_99,s4_n40_7,s1_below_4282,s4_4_5,s5_2007_2009,s2_760_2075,s3_17_37,Truck (<=10000 lbs.),s4_48_64,Not Deployed,s2_97_208,s1_below_1,Male,s4_96_114,s5_169_179,s3_318_464,s3_80_160,s5_6_7
2986,s4_2555_3715,s2_n103_99,s4_n40_7,s1_below_4282,s4_4_5,s1_below_2001,s2_760_2075,s3_17_37,Truck (<=10000 lbs.),s2_11_28,Deployed,s2_97_208,s1_below_1,Male,s2_37_80,s5_169_179,s3_318_464,s4_160_220,s5_6_7
2987,s3_1695_2555,s2_n103_99,s4_n40_7,s1_below_4282,s4_4_5,s3_2003_2005,s3_2075_3730,s3_17_37,Truck (<=10000 lbs.),s4_48_64,Not Deployed,s2_97_208,s1_below_1,Female,s4_96_114,s4_159_169,s2_164_318,s3_80_160,s3_4_5
2988,s3_1695_2555,s2_n103_99,s5_7_up,s1_below_4282,s1_below_2,s3_2003_2005,s2_760_2075,s6_57_up,Truck (<=10000 lbs.),s3_28_48,Not Deployed,s2_97_208,s1_below_1,Male,s6_130_up,s5_169_179,s3_318_464,s6_260_up,s4_5_6
2989,s2_885_1695,s2_n103_99,s4_n40_7,s1_below_4282,s4_4_5,s2_2001_2003,s2_760_2075,s3_17_37,Passenger Car,s2_11_28,Deployed,s2_97_208,s1_below_1,Female,s2_37_80,s3_141_159,s2_164_318,s3_80_160,s2_2_4
2990,s2_885_1695,s2_n103_99,s4_n40_7,s1_below_4282,s2_2_3,s1_below_2001,s2_760_2075,s3_17_37,Passenger Car,s3_28_48,Deployed,s2_97_208,s1_below_1,Male,s6_130_up,s3_141_159,s2_164_318,s3_80_160,s2_2_4
2991,s2_885_1695,s2_n103_99,s4_n40_7,s1_below_4282,s4_4_5,s1_below_2001,s3_2075_3730,s3_17_37,Passenger Car,s2_11_28,Deployed,s2_97_208,s2_1_2,Female,s2_37_80,s3_141_159,s2_164_318,s3_80_160,s2_2_4
2992,s3_1695_2555,s2_n103_99,s4_n40_7,s1_below_4282,s4_4_5,s4_2005_2007,s2_760_2075,s3_17_37,Truck (<=6000 lbs.),s3_28_48,Not Deployed,s2_97_208,s1_below_1,Female,s2_37_80,s4_159_169,s2_164_318,s3_80_160,s3_4_5
2993,s2_885_1695,s2_n103_99,s4_n40_7,s1_below_4282,s1_below_2,s4_2005_2007,s2_760_2075,s3_17_37,Passenger Car,s2_11_28,Not Deployed,s2_97_208,s1_below_1,Female,s2_37_80,s3_141_159,s2_164_318,s2_40_80,s2_2_4
2994,s2_885_1695,s2_n103_99,s4_n40_7,s1_below_4282,s3_3_4,s1_below_2001,s2_760_2075,s3_17_37,Passenger Car,s3_28_48,Deployed,s2_97_208,s1_below_1,Female,s2_37_80,s3_141_159,s2_164_318,s3_80_160,s2_2_4
2995,s4_2555_3715,s2_n103_99,s4_n40_7,s1_below_4282,s1_below_2,s3_2003_2005,s2_760_2075,s5_47_57,Truck (<=10000 lbs.),s3_28_48,Not Deployed,s2_97_208,s1_below_1,Male,s3_80_96,s5_169_179,s3_318_464,s3_80_160,s5_6_7
2996,s2_885_1695,s2_n103_99,s4_n40_7,s1_below_4282,s1_below_2,s2_2001_2003,s2_760_2075,s3_17_37,Passenger Car,s2_11_28,Not Deployed,s2_97_208,s2_1_2,Female,s2_37_80,s3_141_159,s2_164_318,s3_80_160,s2_2_4
2997,s2_885_1695,s2_n103_99,s4_n40_7,s1_below_4282,s4_4_5,s2_2001_2003,s2_760_2075,s3_17_37,Passenger Car,s2_11_28,Deployed,s2_97_208,s1_below_1,Female,s2_37_80,s3_141_159,s2_164_318,s4_160_220,s2_2_4
2998,s3_1695_2555,s2_n103_99,s4_n40_7,s1_below_4282,s2_2_3,s3_2003_2005,s2_760_2075,s3_17_37,Truck (<=6000 lbs.),s6_76_up,Deployed,s2_97_208,s1_below_1,Female,s2_37_80,s3_141_159,s2_164_318,s3_80_160,s2_2_4
2999,s2_885_1695,s2_n103_99,s4_n40_7,s1_below_4282,s2_2_3,s2_2001_2003,s2_760_2075,s4_37_47,Passenger Car,s6_76_up,Deployed,s2_97_208,s3_2_3,Female,s2_37_80,s3_141_159,s2_164_318,s4_160_220,s2_2_4
3000,s3_1695_2555,s2_n103_99,s4_n40_7,s1_below_4282,s5_5_6,s4_2005_2007,s3_2075_3730,s4_37_47,Truck (<=10000 lbs.),s4_48_64,Not Deployed,s2_97_208,s1_below_1,Male,s3_80_96,s5_169_179,s3_318_464,s4_160_220,s4_5_6
3001,s3_1695_2555,s2_n103_99,s4_n40_7,s1_below_4282,s4_4_5,s1_below_2001,s2_760_2075,s3_17_37,Truck (<=6000 lbs.),s2_11_28,Not Deployed,s2_97_208,s1_below_1,Female,s2_37_80,s3_141_159,s2_164_318,s4_160_220,s2_2_4
3002,s2_885_1695,s2_n103_99,s5_7_up,s1_below_4282,s4_4_5,s4_2005_2007,s2_760_2075,s4_37_47,Passenger Car,s6_76_up,Not Deployed,s2_97_208,s1_below_1,Female,s2_37_80,s3_141_159,s2_164_318,s6_260_up,s2_2_4
3003,s2_885_1695,s2_n103_99,s4_n40_7,s1_below_4282,s1_below_2,s1_below_2001,s2_760_2075,s6_57_up,Passenger Car,s2_11_28,Not Deployed,s2_97_208,s1_below_1,Male,s2_37_80,s3_141_159,s2_164_318,s3_80_160,s2_2_4
3004,s2_885_1695,s2_n103_99,s4_n40_7,s1_below_4282,s2_2_3,s2_2001_2003,s3_2075_3730,s2_7_17,Passenger Car,s3_28_48,Not Deployed,s2_97_208,s1_below_1,Male,s3_80_96,s3_141_159,s2_164_318,s2_40_80,s2_2_4
3005,s2_885_1695,s2_n103_99,s4_n40_7,s1_below_4282,s4_4_5,s3_2003_2005,s2_760_2075,s3_17_37,Passenger Car,s3_28_48,Deployed,s2_97_208,s1_below_1,Female,s3_80_96,s3_141_159,s2_164_318,s3_80_160,s2_2_4
3006,s2_885_1695,s2_n103_99,s5_7_up,s1_below_4282,s1_below_2,s4_2005_2007,s2_760_2075,s5_47_57,Passenger Car,s4_48_64,Not Deployed,s2_97_208,s1_below_1,Male,s3_80_96,s3_141_159,s2_164_318,s3_80_160,s2_2_4
3007,s2_885_1695,s2_n103_99,s4_n40_7,s1_below_4282,s1_below_2,s2_2001_2003,s2_760_2075,s4_37_47,Passenger Car,s3_28_48,Deployed,s2_97_208,s1_below_1,Female,s2_37_80,s3_141_159,s2_164_318,s3_80_160,s2_2_4
3008,s2_885_1695,s2_n103_99,s4_n40_7,s1_below_4282,s2_2_3,s4_2005_2007,s2_760_2075,s4_37_47,Passenger Car,s4_48_64,Not Deployed,s2_97_208,s1_below_1,Female,s3_80_96,s3_141_159,s2_164_318,s3_80_160,s2_2_4
3009,s2_885_1695,s2_n103_99,s4_n40_7,s1_below_4282,s2_2_3,s1_below_2001,s3_2075_3730,s6_57_up,Passenger Car,s5_64_76,Not Deployed,s2_97_208,s1_below_1,Female,s4_96_114,s3_141_159,s2_164_318,s3_80_160,s2_2_4
3010,s4_2555_3715,s2_n103_99,s4_n40_7,s1_below_4282,s1_below_2,s5_2007_2009,s2_760_2075,s3_17_37,Truck (<=10000 lbs.),s3_28_48,Not Deployed,s2_97_208,s1_below_1,Female,s2_37_80,s5_169_179,s3_318_464,s2_40_80,s4_5_6
3011,s2_885_1695,s2_n103_99,s4_n40_7,s1_below_4282,s4_4_5,s3_2003_2005,s3_2075_3730,s3_17_37,Passenger Car,s4_48_64,Deployed,s2_97_208,s1_below_1,Female,s2_37_80,s3_141_159,s2_164_318,s3_80_160,s2_2_4
3012,s2_885_1695,s2_n103_99,s5_7_up,s1_below_4282,s1_below_2,s3_2003_2005,s3_2075_3730,s4_37_47,Passenger Car,s4_48_64,Not Deployed,s2_97_208,s1_below_1,Female,s3_80_96,s3_141_159,s2_164_318,s6_260_up,s2_2_4
3013,s2_885_1695,s2_n103_99,s4_n40_7,s1_below_4282,s2_2_3,s4_2005_2007,s2_760_2075,s5_47_57,Passenger Car,s2_11_28,Deployed,s2_97_208,s1_below_1,Male,s2_37_80,s3_141_159,s2_164_318,s4_160_220,s2_2_4
3014,s4_2555_3715,s2_n103_99,s4_n40_7,s1_below_4282,s1_below_2,s4_2005_2007,s2_760_2075,s4_37_47,Truck (<=10000 lbs.),s3_28_48,Not Deployed,s2_97_208,s2_1_2,Male,s5_114_130,s5_169_179,s3_318_464,s6_260_up,s5_6_7
3015,s2_885_1695,s2_n103_99,s5_7_up,s2_4282_6970,s1_below_2,s3_2003_2005,s2_760_2075,s4_37_47,Passenger Car,s3_28_48,Not Deployed,s2_97_208,s1_below_1,Female,s2_37_80,s3_141_159,s2_164_318,s3_80_160,s2_2_4
3016,s3_1695_2555,s2_n103_99,s4_n40_7,s1_below_4282,s1_below_2,s5_2007_2009,s2_760_2075,s5_47_57,Truck (<=6000 lbs.),s3_28_48,Deployed,s2_97_208,s1_below_1,Male,s4_96_114,s4_159_169,s2_164_318,s3_80_160,s2_2_4
3017,s2_885_1695,s2_n103_99,s4_n40_7,s1_below_4282,s1_below_2,s4_2005_2007,s2_760_2075,s3_17_37,Passenger Car,s2_11_28,Not Deployed,s2_97_208,s1_below_1,Female,s2_37_80,s3_141_159,s2_164_318,s4_160_220,s2_2_4
3018,s3_1695_2555,s2_n103_99,s4_n40_7,s1_below_4282,s4_4_5,s1_below_2001,s3_2075_3730,s5_47_57,Truck (<=6000 lbs.),s5_64_76,Deployed,s2_97_208,s3_2_3,Male,s5_114_130,s3_141_159,s2_164_318,s3_80_160,s2_2_4
3019,s3_1695_2555,s2_n103_99,s4_n40_7,s1_below_4282,s4_4_5,s4_2005_2007,s2_760_2075,s3_17_37,Truck (<=6000 lbs.),s3_28_48,Deployed,s2_97_208,s1_below_1,Female,s2_37_80,s4_159_169,s2_164_318,s3_80_160,s2_2_4
3020,s3_1695_2555,s2_n103_99,s5_7_up,s1_below_4282,s1_below_2,s3_2003_2005,s3_2075_3730,s3_17_37,Truck (<=10000 lbs.),s3_28_48,Not Deployed,s2_97_208,s1_below_1,Female,s2_37_80,s4_159_169,s3_318_464,s6_260_up,s4_5_6
3021,s2_885_1695,s2_n103_99,s5_7_up,s1_below_4282,s2_2_3,s5_2007_2009,s2_760_2075,s3_17_37,Passenger Car,s2_11_28,Not Deployed,s2_97_208,s1_below_1,Female,s2_37_80,s3_141_159,s2_164_318,s6_260_up,s2_2_4
3022,s4_2555_3715,s2_n103_99,s4_n40_7,s1_below_4282,s1_below_2,s5_2007_2009,s2_760_2075,s6_57_up,Truck (<=10000 lbs.),s3_28_48,Not Deployed,s2_97_208,s1_below_1,Male,s2_37_80,s5_169_179,s3_318_464,s3_80_160,s5_6_7
3023,s2_885_1695,s2_n103_99,s5_7_up,s1_below_4282,s1_below_2,s1_below_2001,s3_2075_3730,s6_57_up,Truck (<=6000 lbs.),s5_64_76,Not Deployed,s2_97_208,s2_1_2,Male,s4_96_114,s3_141_159,s2_164_318,s6_260_up,s2_2_4
3024,s3_1695_2555,s2_n103_99,s4_n40_7,s1_below_4282,s1_below_2,s5_2007_2009,s2_760_2075,s3_17_37,Passenger Car,s3_28_48,Deployed,s2_97_208,s1_below_1,Male,s3_80_96,s4_159_169,s2_164_318,s3_80_160,s2_2_4
3025,s3_1695_2555,s2_n103_99,s4_n40_7,s1_below_4282,s1_below_2,s2_2001_2003,s2_760_2075,s3_17_37,Truck (<=10000 lbs.),s3_28_48,Not Deployed,s2_97_208,s1_below_1,Female,s2_37_80,s4_159_169,s2_164_318,s2_40_80,s3_4_5
3026,s2_885_1695,s2_n103_99,s4_n40_7,s1_below_4282,s4_4_5,s3_2003_2005,s3_2075_3730,s4_37_47,Passenger Car,s3_28_48,Deployed,s2_97_208,s1_below_1,Female,s2_37_80,s3_141_159,s2_164_318,s3_80_160,s2_2_4
3027,s3_1695_2555,s2_n103_99,s4_n40_7,s1_below_4282,s1_below_2,s3_2003_2005,s3_2075_3730,s4_37_47,Truck (<=6000 lbs.),s3_28_48,Deployed,s2_97_208,s1_below_1,Female,s2_37_80,s4_159_169,s2_164_318,s4_160_220,s3_4_5
3028,s2_885_1695,s2_n103_99,s4_n40_7,s1_below_4282,s2_2_3,s4_2005_2007,s2_760_2075,s3_17_37,Passenger Car,s4_48_64,Not Deployed,s2_97_208,s2_1_2,Female,s2_37_80,s3_141_159,s2_164_318,s2_40_80,s2_2_4
3029,s2_885_1695,s2_n103_99,s4_n40_7,s1_below_4282,s4_4_5,s4_2005_2007,s2_760_2075,s3_17_37,Truck (<=6000 lbs.),s5_64_76,Not Deployed,s2_97_208,s1_below_1,Female,s2_37_80,s3_141_159,s2_164_318,s3_80_160,s2_2_4
3030,s3_1695_2555,s2_n103_99,s4_n40_7,s1_below_4282,s1_below_2,s4_2005_2007,s2_760_2075,s3_17_37,Passenger Car,s3_28_48,Not Deployed,s2_97_208,s1_below_1,Female,s2_37_80,s4_159_169,s2_164_318,s2_40_80,s3_4_5
3031,s3_1695_2555,s2_n103_99,s4_n40_7,s1_below_4282,s1_below_2,s3_2003_2005,s2_760_2075,s4_37_47,Truck (<=10000 lbs.),s2_11_28,Not Deployed,s2_97_208,s1_below_1,Female,s2_37_80,s4_159_169,s3_318_464,s3_80_160,s4_5_6
3032,s3_1695_2555,s2_n103_99,s4_n40_7,s1_below_4282,s4_4_5,s3_2003_2005,s2_760_2075,s3_17_37,Truck (<=6000 lbs.),s2_11_28,Not Deployed,s2_97_208,s1_below_1,Female,s2_37_80,s4_159_169,s3_318_464,s3_80_160,s4_5_6
3033,s2_885_1695,s2_n103_99,s4_n40_7,s1_below_4282,s3_3_4,s4_2005_2007,s2_760_2075,s4_37_47,Passenger Car,s2_11_28,Not Deployed,s2_97_208,s1_below_1,Male,s3_80_96,s3_141_159,s2_164_318,s3_80_160,s2_2_4
3034,s2_885_1695,s2_n103_99,s4_n40_7,s1_below_4282,s5_5_6,s4_2005_2007,s2_760_2075,s5_47_57,Passenger Car,s2_11_28,Deployed,s2_97_208,s1_below_1,Male,s3_80_96,s3_141_159,s2_164_318,s3_80_160,s2_2_4
3035,s3_1695_2555,s2_n103_99,s4_n40_7,s1_below_4282,s4_4_5,s3_2003_2005,s2_760_2075,s3_17_37,Truck (<=10000 lbs.),s2_11_28,Not Deployed,s2_97_208,s1_below_1,Female,s4_96_114,s5_169_179,s2_164_318,s4_160_220,s3_4_5
3036,s4_2555_3715,s2_n103_99,s4_n40_7,s1_below_4282,s4_4_5,s5_2007_2009,s3_2075_3730,s3_17_37,Truck (<=10000 lbs.),s3_28_48,Not Deployed,s2_97_208,s1_below_1,Male,s3_80_96,s5_169_179,s3_318_464,s3_80_160,s5_6_7
3037,s3_1695_2555,s2_n103_99,s4_n40_7,s1_below_4282,s2_2_3,s4_2005_2007,s2_760_2075,s3_17_37,Truck (<=6000 lbs.),s2_11_28,Deployed,s2_97_208,s1_below_1,Female,s2_37_80,s4_159_169,s3_318_464,s3_80_160,s3_4_5
3038,s2_885_1695,s2_n103_99,s4_n40_7,s1_below_4282,s4_4_5,s2_2001_2003,s2_760_2075,s3_17_37,Passenger Car,s2_11_28,Deployed,s2_97_208,s1_below_1,Male,s2_37_80,s3_141_159,s2_164_318,s4_160_220,s2_2_4
3039,s3_1695_2555,s2_n103_99,s4_n40_7,s1_below_4282,s1_below_2,s5_2007_2009,s2_760_2075,s3_17_37,Truck (<=6000 lbs.),s4_48_64,Not Deployed,s2_97_208,s1_below_1,Female,s2_37_80,s5_169_179,s2_164_318,s2_40_80,s3_4_5
3040,s2_885_1695,s2_n103_99,s4_n40_7,s1_below_4282,s2_2_3,s5_2007_2009,s2_760_2075,s3_17_37,Passenger Car,s6_76_up,Not Deployed,s2_97_208,s1_below_1,Female,s4_96_114,s3_141_159,s2_164_318,s2_40_80,s2_2_4
3041,s3_1695_2555,s2_n103_99,s4_n40_7,s1_below_4282,s3_3_4,s1_below_2001,s2_760_2075,s4_37_47,Truck (<=10000 lbs.),s6_76_up,Not Deployed,s2_97_208,s1_below_1,Male,s3_80_96,s5_169_179,s3_318_464,s4_160_220,s4_5_6
3042,s3_1695_2555,s2_n103_99,s4_n40_7,s1_below_4282,s4_4_5,s2_2001_2003,s3_2075_3730,s5_47_57,Truck (<=6000 lbs.),s5_64_76,Not Deployed,s2_97_208,s1_below_1,Male,s2_37_80,s3_141_159,s2_164_318,s4_160_220,s2_2_4
3043,s3_1695_2555,s2_n103_99,s4_n40_7,s1_below_4282,s4_4_5,s3_2003_2005,s3_2075_3730,s3_17_37,Truck (<=6000 lbs.),s4_48_64,Not Deployed,s2_97_208,s1_below_1,Female,s2_37_80,s3_141_159,s2_164_318,s3_80_160,s2_2_4
3044,s2_885_1695,s2_n103_99,s4_n40_7,s1_below_4282,s4_4_5,s2_2001_2003,s2_760_2075,s3_17_37,Passenger Car,s6_76_up,Deployed,s2_97_208,s4_3_4,Male,s3_80_96,s3_141_159,s2_164_318,s3_80_160,s2_2_4
3045,s3_1695_2555,s2_n103_99,s4_n40_7,s1_below_4282,s1_below_2,s5_2007_2009,s2_760_2075,s3_17_37,Truck (<=6000 lbs.),s2_11_28,Not Deployed,s2_97_208,s1_below_1,Male,s4_96_114,s4_159_169,s3_318_464,s4_160_220,s4_5_6
3046,s3_1695_2555,s2_n103_99,s4_n40_7,s1_below_4282,s4_4_5,s3_2003_2005,s2_760_2075,s3_17_37,Truck (<=6000 lbs.),s3_28_48,Not Deployed,s2_97_208,s1_below_1,Female,s3_80_96,s3_141_159,s2_164_318,s3_80_160,s2_2_4
3047,s3_1695_2555,s2_n103_99,s5_7_up,s1_below_4282,s1_below_2,s3_2003_2005,s3_2075_3730,s3_17_37,Truck (<=6000 lbs.),s3_28_48,Not Deployed,s2_97_208,s1_below_1,Female,s3_80_96,s3_141_159,s2_164_318,s3_80_160,s2_2_4
3048,s3_1695_2555,s2_n103_99,s4_n40_7,s1_below_4282,s4_4_5,s5_2007_2009,s2_760_2075,s3_17_37,Truck (<=10000 lbs.),s2_11_28,Deployed,s2_97_208,s1_below_1,Female,s2_37_80,s5_169_179,s3_318_464,s3_80_160,s4_5_6
3049,s3_1695_2555,s2_n103_99,s4_n40_7,s1_below_4282,s1_below_2,s3_2003_2005,s2_760_2075,s6_57_up,Truck (<=10000 lbs.),s3_28_48,Not Deployed,s2_97_208,s1_below_1,Female,s2_37_80,s5_169_179,s3_318_464,s5_220_260,s4_5_6
3050,s3_1695_2555,s2_n103_99,s4_n40_7,s1_below_4282,s3_3_4,s4_2005_2007,s2_760_2075,s3_17_37,Truck (<=6000 lbs.),s2_11_28,Deployed,s2_97_208,s1_below_1,Female,s2_37_80,s5_169_179,s2_164_318,s3_80_160,s3_4_5
3051,s3_1695_2555,s2_n103_99,s5_7_up,s1_below_4282,s3_3_4,s4_2005_2007,s2_760_2075,s3_17_37,Truck (<=6000 lbs.),s2_11_28,Not Deployed,s2_97_208,s1_below_1,Male,s3_80_96,s3_141_159,s3_318_464,s6_260_up,s2_2_4
3052,s3_1695_2555,s2_n103_99,s4_n40_7,s1_below_4282,s3_3_4,s4_2005_2007,s2_760_2075,s3_17_37,Truck (<=6000 lbs.),s3_28_48,Not Deployed,s2_97_208,s1_below_1,Female,s3_80_96,s4_159_169,s2_164_318,s3_80_160,s3_4_5
3053,s2_885_1695,s2_n103_99,s4_n40_7,s1_below_4282,s4_4_5,s2_2001_2003,s2_760_2075,s4_37_47,Truck (<=6000 lbs.),s6_76_up,Not Deployed,s2_97_208,s1_below_1,Male,s2_37_80,s3_141_159,s2_164_318,s3_80_160,s2_2_4
3054,s2_885_1695,s2_n103_99,s5_7_up,s1_below_4282,s4_4_5,s3_2003_2005,s2_760_2075,s4_37_47,Passenger Car,s4_48_64,Not Deployed,s2_97_208,s1_below_1,Male,s4_96_114,s3_141_159,s2_164_318,s6_260_up,s2_2_4
3055,s4_2555_3715,s2_n103_99,s4_n40_7,s1_below_4282,s1_below_2,s3_2003_2005,s2_760_2075,s3_17_37,Truck (<=10000 lbs.),s4_48_64,Not Deployed,s2_97_208,s1_below_1,Female,s2_37_80,s4_159_169,s3_318_464,s3_80_160,s4_5_6
3056,s3_1695_2555,s2_n103_99,s4_n40_7,s1_below_4282,s1_below_2,s5_2007_2009,s2_760_2075,s3_17_37,Truck (<=6000 lbs.),s5_64_76,Deployed,s2_97_208,s1_below_1,Female,s2_37_80,s4_159_169,s2_164_318,s3_80_160,s3_4_5
3057,s2_885_1695,s2_n103_99,s4_n40_7,s1_below_4282,s1_below_2,s4_2005_2007,s2_760_2075,s4_37_47,Truck (<=6000 lbs.),s3_28_48,Deployed,s2_97_208,s1_below_1,Female,s2_37_80,s3_141_159,s2_164_318,s6_260_up,s2_2_4
3058,s2_885_1695,s2_n103_99,s4_n40_7,s1_below_4282,s2_2_3,s3_2003_2005,s2_760_2075,s3_17_37,Passenger Car,s2_11_28,Deployed,s2_97_208,s1_below_1,Female,s2_37_80,s3_141_159,s2_164_318,s4_160_220,s2_2_4
3059,s2_885_1695,s2_n103_99,s5_7_up,s1_below_4282,s1_below_2,s2_2001_2003,s2_760_2075,s4_37_47,Passenger Car,s2_11_28,Not Deployed,s2_97_208,s1_below_1,Female,s2_37_80,s3_141_159,s2_164_318,s6_260_up,s2_2_4
3060,s3_1695_2555,s2_n103_99,s4_n40_7,s1_below_4282,s4_4_5,s1_below_2001,s2_760_2075,s4_37_47,Passenger Car,s5_64_76,Not Deployed,s2_97_208,s1_below_1,Female,s2_37_80,s3_141_159,s2_164_318,s3_80_160,s2_2_4
3061,s3_1695_2555,s2_n103_99,s5_7_up,s1_below_4282,s4_4_5,s2_2001_2003,s2_760_2075,s5_47_57,Truck (<=10000 lbs.),s2_11_28,Not Deployed,s2_97_208,s1_below_1,Male,s3_80_96,s3_141_159,s3_318_464,s6_260_up,s3_4_5
3062,s4_2555_3715,s2_n103_99,s4_n40_7,s1_below_4282,s1_below_2,s4_2005_2007,s2_760_2075,s5_47_57,Truck (<=10000 lbs.),s3_28_48,Not Deployed,s2_97_208,s1_below_1,Female,s2_37_80,s5_169_179,s3_318_464,s3_80_160,s4_5_6
3063,s3_1695_2555,s2_n103_99,s4_n40_7,s1_below_4282,s4_4_5,s5_2007_2009,s2_760_2075,s5_47_57,Truck (<=10000 lbs.),s3_28_48,Not Deployed,s2_97_208,s1_below_1,Male,s3_80_96,s5_169_179,s3_318_464,s4_160_220,s4_5_6
3064,s4_2555_3715,s2_n103_99,s4_n40_7,s1_below_4282,s1_below_2,s2_2001_2003,s2_760_2075,s5_47_57,Truck (<=10000 lbs.),s2_11_28,Not Deployed,s2_97_208,s1_below_1,Female,s2_37_80,s5_169_179,s3_318_464,s5_220_260,s5_6_7
3065,s2_885_1695,s2_n103_99,s4_n40_7,s1_below_4282,s1_below_2,s4_2005_2007,s2_760_2075,s4_37_47,Truck (<=6000 lbs.),s6_76_up,Not Deployed,s2_97_208,s3_2_3,Male,s3_80_96,s3_141_159,s2_164_318,s2_40_80,s2_2_4
3066,s3_1695_2555,s2_n103_99,s4_n40_7,s1_below_4282,s5_5_6,s5_2007_2009,s3_2075_3730,s4_37_47,Truck (<=6000 lbs.),s6_76_up,Not Deployed,s2_97_208,s1_below_1,Female,s2_37_80,s4_159_169,s2_164_318,s3_80_160,s3_4_5
3067,s3_1695_2555,s2_n103_99,s4_n40_7,s1_below_4282,s2_2_3,s4_2005_2007,s3_2075_3730,s5_47_57,Truck (<=6000 lbs.),s2_11_28,Deployed,s2_97_208,s1_below_1,Male,s3_80_96,s3_141_159,s2_164_318,s4_160_220,s2_2_4
3068,s2_885_1695,s2_n103_99,s4_n40_7,s1_below_4282,s1_below_2,s4_2005_2007,s3_2075_3730,s5_47_57,Passenger Car,s4_48_64,Not Deployed,s2_97_208,s1_below_1,Female,s3_80_96,s3_141_159,s2_164_318,s3_80_160,s2_2_4
3069,s2_885_1695,s2_n103_99,s4_n40_7,s1_below_4282,s6_6_up,s1_below_2001,s2_760_2075,s3_17_37,Passenger Car,s4_48_64,Deployed,s2_97_208,s2_1_2,Male,s3_80_96,s3_141_159,s2_164_318,s3_80_160,s2_2_4
3070,s3_1695_2555,s2_n103_99,s4_n40_7,s1_below_4282,s4_4_5,s1_below_2001,s2_760_2075,s3_17_37,Truck (<=6000 lbs.),s2_11_28,Not Deployed,s2_97_208,s1_below_1,Male,s2_37_80,s3_141_159,s2_164_318,s4_160_220,s2_2_4
3071,s4_2555_3715,s2_n103_99,s4_n40_7,s1_below_4282,s6_6_up,s4_2005_2007,s2_760_2075,s3_17_37,Truck (<=10000 lbs.),s2_11_28,Deployed,s2_97_208,s1_below_1,Male,s3_80_96,s4_159_169,s2_164_318,s3_80_160,s3_4_5
3072,s2_885_1695,s2_n103_99,s4_n40_7,s1_below_4282,s6_6_up,s3_2003_2005,s2_760_2075,s3_17_37,Passenger Car,s4_48_64,Not Deployed,s2_97_208,s1_below_1,Female,s2_37_80,s3_141_159,s2_164_318,s2_40_80,s2_2_4
3073,s2_885_1695,s2_n103_99,s4_n40_7,s1_below_4282,s6_6_up,s4_2005_2007,s2_760_2075,s3_17_37,Passenger Car,s4_48_64,Not Deployed,s2_97_208,s2_1_2,Female,s2_37_80,s3_141_159,s2_164_318,s2_40_80,s2_2_4
3074,s2_885_1695,s2_n103_99,s4_n40_7,s1_below_4282,s4_4_5,s4_2005_2007,s2_760_2075,s3_17_37,Passenger Car,s2_11_28,Deployed,s2_97_208,s2_1_2,Male,s2_37_80,s3_141_159,s2_164_318,s3_80_160,s2_2_4
3075,s2_885_1695,s2_n103_99,s4_n40_7,s1_below_4282,s4_4_5,s1_below_2001,s2_760_2075,s3_17_37,Passenger Car,s2_11_28,Not Deployed,s2_97_208,s1_below_1,Male,s2_37_80,s3_141_159,s2_164_318,s3_80_160,s2_2_4
3076,s2_885_1695,s2_n103_99,s4_n40_7,s1_below_4282,s4_4_5,s1_below_2001,s2_760_2075,s4_37_47,Passenger Car,s2_11_28,Deployed,s2_97_208,s1_below_1,Female,s2_37_80,s3_141_159,s2_164_318,s3_80_160,s2_2_4
3077,s3_1695_2555,s2_n103_99,s5_7_up,s1_below_4282,s3_3_4,s5_2007_2009,s2_760_2075,s6_57_up,Passenger Car,s3_28_48,Not Deployed,s2_97_208,s2_1_2,Male,s3_80_96,s3_141_159,s2_164_318,s6_260_up,s2_2_4
3078,s3_1695_2555,s2_n103_99,s4_n40_7,s1_below_4282,s6_6_up,s1_below_2001,s2_760_2075,s4_37_47,Truck (<=6000 lbs.),s3_28_48,Not Deployed,s2_97_208,s1_below_1,Female,s2_37_80,s3_141_159,s2_164_318,s4_160_220,s2_2_4
3079,s2_885_1695,s2_n103_99,s4_n40_7,s1_below_4282,s3_3_4,s3_2003_2005,s2_760_2075,s6_57_up,Passenger Car,s4_48_64,Not Deployed,s2_97_208,s1_below_1,Female,s2_37_80,s3_141_159,s2_164_318,s3_80_160,s2_2_4
3080,s2_885_1695,s2_n103_99,s4_n40_7,s1_below_4282,s3_3_4,s4_2005_2007,s2_760_2075,s6_57_up,Passenger Car,s3_28_48,Not Deployed,s2_97_208,s1_below_1,Male,s2_37_80,s3_141_159,s2_164_318,s3_80_160,s2_2_4
3081,s2_885_1695,s2_n103_99,s4_n40_7,s1_below_4282,s5_5_6,s3_2003_2005,s2_760_2075,s6_57_up,Passenger Car,s2_11_28,Not Deployed,s2_97_208,s1_below_1,Female,s2_37_80,s3_141_159,s2_164_318,s2_40_80,s2_2_4
3082,s2_885_1695,s2_n103_99,s4_n40_7,s1_below_4282,s4_4_5,s4_2005_2007,s3_2075_3730,s3_17_37,Passenger Car,s4_48_64,Deployed,s2_97_208,s1_below_1,Female,s2_37_80,s3_141_159,s2_164_318,s3_80_160,s2_2_4
3083,s2_885_1695,s2_n103_99,s4_n40_7,s1_below_4282,s4_4_5,s5_2007_2009,s2_760_2075,s3_17_37,Passenger Car,s4_48_64,Not Deployed,s2_97_208,s1_below_1,Female,s2_37_80,s3_141_159,s2_164_318,s3_80_160,s2_2_4
3084,s3_1695_2555,s2_n103_99,s4_n40_7,s1_below_4282,s4_4_5,s3_2003_2005,s3_2075_3730,s4_37_47,Truck (<=6000 lbs.),s3_28_48,Not Deployed,s2_97_208,s1_below_1,Male,s5_114_130,s3_141_159,s2_164_318,s3_80_160,s2_2_4
3085,s2_885_1695,s2_n103_99,s4_n40_7,s1_below_4282,s6_6_up,s3_2003_2005,s2_760_2075,s3_17_37,Passenger Car,s2_11_28,Deployed,s2_97_208,s1_below_1,Male,s2_37_80,s3_141_159,s2_164_318,s4_160_220,s2_2_4
3086,s2_885_1695,s2_n103_99,s4_n40_7,s1_below_4282,s6_6_up,s4_2005_2007,s2_760_2075,s3_17_37,Passenger Car,s4_48_64,Not Deployed,s2_97_208,s1_below_1,Male,s4_96_114,s3_141_159,s2_164_318,s3_80_160,s2_2_4
3087,s2_885_1695,s2_n103_99,s4_n40_7,s1_below_4282,s6_6_up,s2_2001_2003,s2_760_2075,s4_37_47,Passenger Car,s3_28_48,Deployed,s2_97_208,s3_2_3,Female,s6_130_up,s3_141_159,s2_164_318,s3_80_160,s2_2_4
3088,s3_1695_2555,s2_n103_99,s4_n40_7,s1_below_4282,s6_6_up,s5_2007_2009,s2_760_2075,s4_37_47,Passenger Car,s3_28_48,Deployed,s2_97_208,s2_1_2,Female,s2_37_80,s3_141_159,s2_164_318,s3_80_160,s2_2_4
3089,s2_885_1695,s2_n103_99,s5_7_up,s1_below_4282,s6_6_up,s3_2003_2005,s2_760_2075,s4_37_47,Passenger Car,s4_48_64,Not Deployed,s2_97_208,s6_5_up,Female,s2_37_80,s3_141_159,s2_164_318,s6_260_up,s2_2_4
3090,s2_885_1695,s2_n103_99,s4_n40_7,s1_below_4282,s6_6_up,s1_below_2001,s2_760_2075,s3_17_37,Passenger Car,s3_28_48,Deployed,s2_97_208,s1_below_1,Male,s2_37_80,s3_141_159,s2_164_318,s3_80_160,s2_2_4
3091,s2_885_1695,s2_n103_99,s4_n40_7,s1_below_4282,s4_4_5,s2_2001_2003,s2_760_2075,s3_17_37,Passenger Car,s3_28_48,Deployed,s2_97_208,s1_below_1,Female,s2_37_80,s3_141_159,s2_164_318,s4_160_220,s2_2_4
3092,s2_885_1695,s2_n103_99,s4_n40_7,s1_below_4282,s4_4_5,s5_2007_2009,s2_760_2075,s3_17_37,Passenger Car,s4_48_64,Deployed,s2_97_208,s1_below_1,Female,s2_37_80,s3_141_159,s2_164_318,s3_80_160,s2_2_4
3093,s3_1695_2555,s2_n103_99,s4_n40_7,s1_below_4282,s6_6_up,s3_2003_2005,s2_760_2075,s3_17_37,Truck (<=10000 lbs.),s3_28_48,Deployed,s2_97_208,s1_below_1,Male,s3_80_96,s4_159_169,s3_318_464,s4_160_220,s4_5_6
3094,s2_885_1695,s2_n103_99,s3_n81_n40,s1_below_4282,s6_6_up,s2_2001_2003,s3_2075_3730,s3_17_37,Passenger Car,s2_11_28,Deployed,s2_97_208,s2_1_2,Male,s3_80_96,s3_141_159,s2_164_318,s3_80_160,s2_2_4
3095,s2_885_1695,s2_n103_99,s4_n40_7,s1_below_4282,s6_6_up,s4_2005_2007,s2_760_2075,s3_17_37,Passenger Car,s2_11_28,Deployed,s2_97_208,s1_below_1,Male,s2_37_80,s3_141_159,s2_164_318,s3_80_160,s2_2_4
3096,s2_885_1695,s2_n103_99,s4_n40_7,s1_below_4282,s6_6_up,s4_2005_2007,s2_760_2075,s3_17_37,Passenger Car,s6_76_up,Deployed,s2_97_208,s1_below_1,Male,s3_80_96,s3_141_159,s2_164_318,s4_160_220,s2_2_4
3097,s3_1695_2555,s2_n103_99,s3_n81_n40,s1_below_4282,s5_5_6,s5_2007_2009,s2_760_2075,s6_57_up,Truck (<=10000 lbs.),s4_48_64,Deployed,s2_97_208,s1_below_1,Male,s4_96_114,s4_159_169,s2_164_318,s3_80_160,s2_2_4
3098,s2_885_1695,s2_n103_99,s4_n40_7,s1_below_4282,s5_5_6,s5_2007_2009,s2_760_2075,s3_17_37,Passenger Car,s3_28_48,Not Deployed,s2_97_208,s1_below_1,Female,s3_80_96,s3_141_159,s2_164_318,s4_160_220,s2_2_4
3099,s3_1695_2555,s2_n103_99,s4_n40_7,s1_below_4282,s6_6_up,s1_below_2001,s2_760_2075,s3_17_37,Truck (<=6000 lbs.),s2_11_28,Deployed,s2_97_208,s1_below_1,Female,s2_37_80,s3_141_159,s2_164_318,s3_80_160,s2_2_4
3100,s2_885_1695,s2_n103_99,s4_n40_7,s1_below_4282,s4_4_5,s3_2003_2005,s3_2075_3730,s4_37_47,Truck (<=6000 lbs.),s3_28_48,Not Deployed,s2_97_208,s1_below_1,Female,s3_80_96,s3_141_159,s2_164_318,s1_below_40,s2_2_4
3101,s2_885_1695,s2_n103_99,s5_7_up,s1_below_4282,s3_3_4,s5_2007_2009,s2_760_2075,s3_17_37,Passenger Car,s3_28_48,Deployed,s2_97_208,s1_below_1,Female,s2_37_80,s3_141_159,s2_164_318,s3_80_160,s2_2_4
3102,s3_1695_2555,s2_n103_99,s4_n40_7,s1_below_4282,s4_4_5,s3_2003_2005,s2_760_2075,s3_17_37,Truck (<=6000 lbs.),s3_28_48,Not Deployed,s2_97_208,s1_below_1,Female,s2_37_80,s3_141_159,s2_164_318,s3_80_160,s2_2_4
3103,s2_885_1695,s2_n103_99,s4_n40_7,s1_below_4282,s6_6_up,s2_2001_2003,s2_760_2075,s3_17_37,Passenger Car,s3_28_48,Deployed,s2_97_208,s1_below_1,Female,s2_37_80,s3_141_159,s2_164_318,s3_80_160,s2_2_4
3104,s2_885_1695,s2_n103_99,s4_n40_7,s1_below_4282,s1_below_2,s4_2005_2007,s2_760_2075,s6_57_up,Passenger Car,s2_11_28,Not Deployed,s2_97_208,s1_below_1,Female,s2_37_80,s3_141_159,s2_164_318,s3_80_160,s2_2_4
3105,s3_1695_2555,s2_n103_99,s4_n40_7,s1_below_4282,s6_6_up,s5_2007_2009,s2_760_2075,s3_17_37,Truck (<=10000 lbs.),s3_28_48,Not Deployed,s2_97_208,s1_below_1,Male,s3_80_96,s5_169_179,s3_318_464,s3_80_160,s5_6_7
3106,s2_885_1695,s2_n103_99,s4_n40_7,s1_below_4282,s4_4_5,s5_2007_2009,s2_760_2075,s3_17_37,Passenger Car,s3_28_48,Not Deployed,s2_97_208,s1_below_1,Female,s2_37_80,s3_141_159,s2_164_318,s3_80_160,s2_2_4
3107,s2_885_1695,s2_n103_99,s5_7_up,s1_below_4282,s4_4_5,s4_2005_2007,s2_760_2075,s3_17_37,Passenger Car,s3_28_48,Not Deployed,s2_97_208,s1_below_1,Male,s3_80_96,s3_141_159,s2_164_318,s6_260_up,s2_2_4
3108,s2_885_1695,s2_n103_99,s4_n40_7,s1_below_4282,s4_4_5,s1_below_2001,s2_760_2075,s3_17_37,Passenger Car,s3_28_48,Not Deployed,s2_97_208,s1_below_1,Female,s2_37_80,s3_141_159,s2_164_318,s3_80_160,s2_2_4
3109,s3_1695_2555,s2_n103_99,s4_n40_7,s1_below_4282,s4_4_5,s2_2001_2003,s2_760_2075,s3_17_37,Truck (<=10000 lbs.),s3_28_48,Deployed,s2_97_208,s1_below_1,Female,s2_37_80,s5_169_179,s2_164_318,s3_80_160,s3_4_5
3110,s2_885_1695,s2_n103_99,s4_n40_7,s1_below_4282,s5_5_6,s5_2007_2009,s2_760_2075,s3_17_37,Passenger Car,s2_11_28,Deployed,s2_97_208,s1_below_1,Male,s2_37_80,s3_141_159,s2_164_318,s3_80_160,s2_2_4
3111,s2_885_1695,s2_n103_99,s4_n40_7,s1_below_4282,s4_4_5,s3_2003_2005,s2_760_2075,s4_37_47,Passenger Car,s2_11_28,Not Deployed,s2_97_208,s1_below_1,Male,s2_37_80,s3_141_159,s2_164_318,s4_160_220,s2_2_4
3112,s3_1695_2555,s2_n103_99,s4_n40_7,s1_below_4282,s4_4_5,s4_2005_2007,s2_760_2075,s3_17_37,Truck (<=6000 lbs.),s3_28_48,Deployed,s2_97_208,s1_below_1,Female,s2_37_80,s3_141_159,s2_164_318,s3_80_160,s2_2_4
3113,s2_885_1695,s2_n103_99,s4_n40_7,s1_below_4282,s4_4_5,s3_2003_2005,s2_760_2075,s3_17_37,Passenger Car,s5_64_76,Deployed,s2_97_208,s3_2_3,Male,s3_80_96,s3_141_159,s2_164_318,s4_160_220,s2_2_4
3114,s3_1695_2555,s2_n103_99,s4_n40_7,s1_below_4282,s4_4_5,s5_2007_2009,s2_760_2075,s4_37_47,Truck (<=6000 lbs.),s3_28_48,Not Deployed,s2_97_208,s1_below_1,Female,s2_37_80,s3_141_159,s2_164_318,s3_80_160,s2_2_4
3115,s3_1695_2555,s2_n103_99,s4_n40_7,s1_below_4282,s4_4_5,s3_2003_2005,s2_760_2075,s3_17_37,Passenger Car,s5_64_76,Deployed,s2_97_208,s1_below_1,Female,s3_80_96,s3_141_159,s2_164_318,s3_80_160,s2_2_4
3116,s3_1695_2555,s2_n103_99,s3_n81_n40,s1_below_4282,s4_4_5,s4_2005_2007,s3_2075_3730,s3_17_37,Truck (<=6000 lbs.),s4_48_64,Deployed,s2_97_208,s4_3_4,Female,s3_80_96,s4_159_169,s2_164_318,s3_80_160,s2_2_4
3117,s2_885_1695,s2_n103_99,s4_n40_7,s1_below_4282,s4_4_5,s5_2007_2009,s2_760_2075,s4_37_47,Passenger Car,s3_28_48,Deployed,s2_97_208,s3_2_3,Male,s4_96_114,s3_141_159,s2_164_318,s4_160_220,s2_2_4
3118,s3_1695_2555,s2_n103_99,s4_n40_7,s1_below_4282,s2_2_3,s3_2003_2005,s2_760_2075,s4_37_47,Truck (<=6000 lbs.),s3_28_48,Deployed,s2_97_208,s1_below_1,Male,s3_80_96,s3_141_159,s3_318_464,s3_80_160,s3_4_5
3119,s3_1695_2555,s2_n103_99,s4_n40_7,s1_below_4282,s1_below_2,s3_2003_2005,s2_760_2075,s4_37_47,Truck (<=6000 lbs.),s2_11_28,Not Deployed,s2_97_208,s1_below_1,Female,s2_37_80,s3_141_159,s2_164_318,s3_80_160,s2_2_4
3120,s3_1695_2555,s2_n103_99,s4_n40_7,s1_below_4282,s4_4_5,s5_2007_2009,s2_760_2075,s3_17_37,Passenger Car,s2_11_28,Deployed,s2_97_208,s1_below_1,Male,s3_80_96,s4_159_169,s2_164_318,s3_80_160,s3_4_5
3121,s2_885_1695,s2_n103_99,s4_n40_7,s1_below_4282,s6_6_up,s4_2005_2007,s2_760_2075,s3_17_37,Passenger Car,s2_11_28,Deployed,s2_97_208,s2_1_2,Female,s2_37_80,s3_141_159,s2_164_318,s3_80_160,s2_2_4
3122,s3_1695_2555,s2_n103_99,s4_n40_7,s1_below_4282,s6_6_up,s2_2001_2003,s2_760_2075,s3_17_37,Truck (<=10000 lbs.),s4_48_64,Deployed,s2_97_208,s1_below_1,Female,s2_37_80,s4_159_169,s2_164_318,s3_80_160,s3_4_5
3123,s2_885_1695,s2_n103_99,s4_n40_7,s1_below_4282,s4_4_5,s2_2001_2003,s3_2075_3730,s3_17_37,Passenger Car,s3_28_48,Deployed,s2_97_208,s1_below_1,Male,s4_96_114,s3_141_159,s2_164_318,s4_160_220,s2_2_4
3124,s2_885_1695,s2_n103_99,s4_n40_7,s1_below_4282,s1_below_2,s4_2005_2007,s2_760_2075,s3_17_37,Passenger Car,s3_28_48,Not Deployed,s2_97_208,s1_below_1,Male,s3_80_96,s3_141_159,s2_164_318,s3_80_160,s2_2_4
3125,s2_885_1695,s2_n103_99,s4_n40_7,s1_below_4282,s1_below_2,s4_2005_2007,s2_760_2075,s3_17_37,Passenger Car,s6_76_up,Deployed,s2_97_208,s3_2_3,Male,s4_96_114,s3_141_159,s2_164_318,s4_160_220,s2_2_4
3126,s2_885_1695,s2_n103_99,s4_n40_7,s1_below_4282,s1_below_2,s4_2005_2007,s2_760_2075,s3_17_37,Passenger Car,s3_28_48,Deployed,s2_97_208,s1_below_1,Male,s2_37_80,s3_141_159,s2_164_318,s3_80_160,s2_2_4
3127,s2_885_1695,s2_n103_99,s4_n40_7,s1_below_4282,s2_2_3,s1_below_2001,s2_760_2075,s3_17_37,Passenger Car,s3_28_48,Deployed,s2_97_208,s1_below_1,Female,s2_37_80,s3_141_159,s2_164_318,s3_80_160,s2_2_4
3128,s2_885_1695,s2_n103_99,s5_7_up,s1_below_4282,s2_2_3,s5_2007_2009,s2_760_2075,s3_17_37,Passenger Car,s3_28_48,Not Deployed,s2_97_208,s1_below_1,Female,s2_37_80,s3_141_159,s2_164_318,s6_260_up,s2_2_4
3129,s2_885_1695,s2_n103_99,s4_n40_7,s1_below_4282,s4_4_5,s1_below_2001,s2_760_2075,s4_37_47,Passenger Car,s2_11_28,Not Deployed,s2_97_208,s1_below_1,Male,s4_96_114,s3_141_159,s2_164_318,s3_80_160,s2_2_4
3130,s3_1695_2555,s2_n103_99,s4_n40_7,s1_below_4282,s4_4_5,s1_below_2001,s2_760_2075,s3_17_37,Truck (<=6000 lbs.),s2_11_28,Not Deployed,s2_97_208,s1_below_1,Female,s2_37_80,s3_141_159,s2_164_318,s3_80_160,s2_2_4
3131,s2_885_1695,s2_n103_99,s4_n40_7,s1_below_4282,s1_below_2,s2_2001_2003,s2_760_2075,s3_17_37,Passenger Car,s2_11_28,Not Deployed,s2_97_208,s1_below_1,Female,s2_37_80,s3_141_159,s2_164_318,s4_160_220,s2_2_4
3132,s2_885_1695,s2_n103_99,s4_n40_7,s1_below_4282,s1_below_2,s3_2003_2005,s3_2075_3730,s3_17_37,Passenger Car,s2_11_28,Deployed,s2_97_208,s1_below_1,Female,s2_37_80,s3_141_159,s2_164_318,s3_80_160,s2_2_4
3133,s2_885_1695,s2_n103_99,s4_n40_7,s1_below_4282,s4_4_5,s4_2005_2007,s2_760_2075,s4_37_47,Passenger Car,s2_11_28,Deployed,s2_97_208,s2_1_2,Female,s4_96_114,s3_141_159,s2_164_318,s3_80_160,s2_2_4
3134,s2_885_1695,s2_n103_99,s4_n40_7,s1_below_4282,s2_2_3,s1_below_2001,s2_760_2075,s3_17_37,Truck (<=6000 lbs.),s5_64_76,Not Deployed,s2_97_208,s1_below_1,Male,s4_96_114,s3_141_159,s2_164_318,s4_160_220,s2_2_4
3135,s2_885_1695,s2_n103_99,s5_7_up,s1_below_4282,s1_below_2,s4_2005_2007,s3_2075_3730,s4_37_47,Passenger Car,s3_28_48,Not Deployed,s2_97_208,s1_below_1,Female,s2_37_80,s3_141_159,s2_164_318,s6_260_up,s2_2_4
3136,s2_885_1695,s2_n103_99,s4_n40_7,s1_below_4282,s2_2_3,s5_2007_2009,s2_760_2075,s3_17_37,Passenger Car,s2_11_28,Deployed,s2_97_208,s1_below_1,Male,s2_37_80,s3_141_159,s2_164_318,s3_80_160,s2_2_4
3137,s2_885_1695,s2_n103_99,s4_n40_7,s1_below_4282,s2_2_3,s4_2005_2007,s2_760_2075,s5_47_57,Passenger Car,s3_28_48,Deployed,s2_97_208,s1_below_1,Female,s2_37_80,s3_141_159,s2_164_318,s3_80_160,s2_2_4
3138,s2_885_1695,s2_n103_99,s4_n40_7,s1_below_4282,s4_4_5,s2_2001_2003,s2_760_2075,s3_17_37,Passenger Car,s2_11_28,Deployed,s2_97_208,s2_1_2,Female,s2_37_80,s3_141_159,s2_164_318,s3_80_160,s2_2_4
3139,s2_885_1695,s2_n103_99,s4_n40_7,s1_below_4282,s1_below_2,s2_2001_2003,s2_760_2075,s3_17_37,Passenger Car,s2_11_28,Not Deployed,s2_97_208,s1_below_1,Male,s2_37_80,s3_141_159,s2_164_318,s3_80_160,s2_2_4
3140,s3_1695_2555,s2_n103_99,s4_n40_7,s1_below_4282,s1_below_2,s3_2003_2005,s2_760_2075,s6_57_up,Truck (<=6000 lbs.),s4_48_64,Not Deployed,s2_97_208,s1_below_1,Male,s4_96_114,s3_141_159,s2_164_318,s4_160_220,s2_2_4
3141,s3_1695_2555,s2_n103_99,s4_n40_7,s1_below_4282,s2_2_3,s3_2003_2005,s3_2075_3730,s3_17_37,Truck (<=10000 lbs.),s3_28_48,Not Deployed,s2_97_208,s1_below_1,Female,s3_80_96,s5_169_179,s3_318_464,s3_80_160,s4_5_6
3142,s4_2555_3715,s2_n103_99,s4_n40_7,s1_below_4282,s2_2_3,s3_2003_2005,s2_760_2075,s6_57_up,Truck (<=10000 lbs.),s3_28_48,Not Deployed,s2_97_208,s1_below_1,Male,s3_80_96,s5_169_179,s3_318_464,s2_40_80,s4_5_6
3143,s2_885_1695,s2_n103_99,s5_7_up,s1_below_4282,s2_2_3,s5_2007_2009,s3_2075_3730,s6_57_up,Passenger Car,s3_28_48,Not Deployed,s2_97_208,s1_below_1,Female,s2_37_80,s3_141_159,s2_164_318,s6_260_up,s2_2_4
3144,s2_885_1695,s2_n103_99,s5_7_up,s1_below_4282,s1_below_2,s2_2001_2003,s2_760_2075,s3_17_37,Passenger Car,s4_48_64,Not Deployed,s2_97_208,s1_below_1,Female,s3_80_96,s3_141_159,s2_164_318,s6_260_up,s2_2_4
3145,s2_885_1695,s2_n103_99,s4_n40_7,s1_below_4282,s3_3_4,s2_2001_2003,s2_760_2075,s6_57_up,Passenger Car,s2_11_28,Not Deployed,s2_97_208,s1_below_1,Female,s2_37_80,s3_141_159,s2_164_318,s3_80_160,s2_2_4
3146,s2_885_1695,s2_n103_99,s4_n40_7,s1_below_4282,s4_4_5,s3_2003_2005,s2_760_2075,s3_17_37,Passenger Car,s3_28_48,Not Deployed,s2_97_208,s1_below_1,Female,s2_37_80,s3_141_159,s2_164_318,s3_80_160,s2_2_4
3147,s2_885_1695,s2_n103_99,s4_n40_7,s1_below_4282,s4_4_5,s2_2001_2003,s2_760_2075,s4_37_47,Passenger Car,s3_28_48,Deployed,s2_97_208,s1_below_1,Female,s2_37_80,s3_141_159,s2_164_318,s3_80_160,s2_2_4
3148,s2_885_1695,s2_n103_99,s4_n40_7,s1_below_4282,s2_2_3,s5_2007_2009,s2_760_2075,s3_17_37,Passenger Car,s3_28_48,Deployed,s2_97_208,s1_below_1,Female,s3_80_96,s3_141_159,s2_164_318,s3_80_160,s2_2_4
3149,s2_885_1695,s2_n103_99,s4_n40_7,s1_below_4282,s4_4_5,s3_2003_2005,s2_760_2075,s3_17_37,Passenger Car,s3_28_48,Not Deployed,s2_97_208,s1_below_1,Male,s2_37_80,s3_141_159,s2_164_318,s3_80_160,s2_2_4
3150,s2_885_1695,s2_n103_99,s5_7_up,s1_below_4282,s1_below_2,s5_2007_2009,s2_760_2075,s5_47_57,Truck (<=6000 lbs.),s2_11_28,Not Deployed,s2_97_208,s1_below_1,Female,s6_130_up,s3_141_159,s2_164_318,s6_260_up,s2_2_4
3151,s3_1695_2555,s2_n103_99,s3_n81_n40,s1_below_4282,s1_below_2,s2_2001_2003,s3_2075_3730,s4_37_47,Truck (<=10000 lbs.),s5_64_76,Deployed,s2_97_208,s5_4_5,Male,s2_37_80,s4_159_169,s3_318_464,s3_80_160,s4_5_6
3152,s2_885_1695,s2_n103_99,s4_n40_7,s1_below_4282,s1_below_2,s2_2001_2003,s2_760_2075,s3_17_37,Passenger Car,s3_28_48,Not Deployed,s2_97_208,s1_below_1,Female,s2_37_80,s3_141_159,s2_164_318,s3_80_160,s2_2_4
3153,s3_1695_2555,s2_n103_99,s4_n40_7,s1_below_4282,s6_6_up,s1_below_2001,s2_760_2075,s4_37_47,Truck (<=6000 lbs.),s3_28_48,Deployed,s2_97_208,s1_below_1,Male,s4_96_114,s3_141_159,s2_164_318,s3_80_160,s2_2_4
3154,s2_885_1695,s2_n103_99,s4_n40_7,s1_below_4282,s2_2_3,s3_2003_2005,s2_760_2075,s3_17_37,Passenger Car,s4_48_64,Deployed,s2_97_208,s1_below_1,Female,s4_96_114,s3_141_159,s2_164_318,s4_160_220,s2_2_4
3155,s3_1695_2555,s2_n103_99,s4_n40_7,s1_below_4282,s2_2_3,s2_2001_2003,s2_760_2075,s3_17_37,Truck (<=10000 lbs.),s3_28_48,Deployed,s2_97_208,s2_1_2,Female,s3_80_96,s3_141_159,s2_164_318,s3_80_160,s2_2_4
3156,s2_885_1695,s2_n103_99,s4_n40_7,s1_below_4282,s2_2_3,s4_2005_2007,s3_2075_3730,s3_17_37,Passenger Car,s3_28_48,Deployed,s2_97_208,s1_below_1,Female,s2_37_80,s3_141_159,s2_164_318,s4_160_220,s2_2_4
3157,s2_885_1695,s2_n103_99,s4_n40_7,s1_below_4282,s3_3_4,s4_2005_2007,s2_760_2075,s6_57_up,Passenger Car,s2_11_28,Deployed,s2_97_208,s1_below_1,Male,s2_37_80,s3_141_159,s2_164_318,s3_80_160,s2_2_4
3158,s2_885_1695,s2_n103_99,s4_n40_7,s1_below_4282,s2_2_3,s1_below_2001,s3_2075_3730,s4_37_47,Passenger Car,s6_76_up,Not Deployed,s2_97_208,s4_3_4,Male,s3_80_96,s3_141_159,s2_164_318,s4_160_220,s2_2_4
3159,s3_1695_2555,s2_n103_99,s5_7_up,s1_below_4282,s1_below_2,s3_2003_2005,s3_2075_3730,s6_57_up,Truck (<=10000 lbs.),s3_28_48,Not Deployed,s2_97_208,s1_below_1,Male,s3_80_96,s3_141_159,s2_164_318,s6_260_up,s2_2_4
3160,s2_885_1695,s2_n103_99,s3_n81_n40,s1_below_4282,s4_4_5,s1_below_2001,s2_760_2075,s4_37_47,Passenger Car,s2_11_28,Deployed,s2_97_208,s1_below_1,Male,s3_80_96,s3_141_159,s2_164_318,s3_80_160,s2_2_4
3161,s3_1695_2555,s2_n103_99,s4_n40_7,s1_below_4282,s4_4_5,s5_2007_2009,s2_760_2075,s4_37_47,Truck (<=6000 lbs.),s4_48_64,Deployed,s2_97_208,s3_2_3,Male,s4_96_114,s4_159_169,s2_164_318,s3_80_160,s2_2_4
3162,s2_885_1695,s2_n103_99,s4_n40_7,s1_below_4282,s4_4_5,s3_2003_2005,s2_760_2075,s3_17_37,Passenger Car,s3_28_48,Not Deployed,s2_97_208,s1_below_1,Male,s2_37_80,s3_141_159,s2_164_318,s3_80_160,s2_2_4
3163,s2_885_1695,s2_n103_99,s5_7_up,s1_below_4282,s5_5_6,s1_below_2001,s3_2075_3730,s3_17_37,Passenger Car,s3_28_48,Not Deployed,s2_97_208,s1_below_1,Female,s2_37_80,s3_141_159,s2_164_318,s6_260_up,s2_2_4
3164,s3_1695_2555,s2_n103_99,s4_n40_7,s1_below_4282,s1_below_2,s5_2007_2009,s2_760_2075,s3_17_37,Truck (<=6000 lbs.),s3_28_48,Not Deployed,s2_97_208,s1_below_1,Female,s2_37_80,s3_141_159,s2_164_318,s3_80_160,s2_2_4
3165,s2_885_1695,s2_n103_99,s4_n40_7,s1_below_4282,s4_4_5,s5_2007_2009,s2_760_2075,s3_17_37,Passenger Car,s2_11_28,Not Deployed,s2_97_208,s1_below_1,Male,s3_80_96,s3_141_159,s2_164_318,s3_80_160,s2_2_4
3166,s2_885_1695,s2_n103_99,s4_n40_7,s1_below_4282,s4_4_5,s4_2005_2007,s2_760_2075,s3_17_37,Passenger Car,s4_48_64,Not Deployed,s2_97_208,s1_below_1,Female,s2_37_80,s3_141_159,s2_164_318,s4_160_220,s2_2_4
3167,s3_1695_2555,s2_n103_99,s5_7_up,s1_below_4282,s3_3_4,s5_2007_2009,s2_760_2075,s3_17_37,Truck (<=6000 lbs.),s4_48_64,Not Deployed,s2_97_208,s1_below_1,Female,s2_37_80,s4_159_169,s2_164_318,s4_160_220,s2_2_4
3168,s2_885_1695,s2_n103_99,s4_n40_7,s1_below_4282,s1_below_2,s2_2001_2003,s2_760_2075,s3_17_37,Passenger Car,s3_28_48,Not Deployed,s2_97_208,s1_below_1,Male,s2_37_80,s3_141_159,s2_164_318,s3_80_160,s2_2_4
3169,s3_1695_2555,s2_n103_99,s4_n40_7,s1_below_4282,s6_6_up,s4_2005_2007,s3_2075_3730,s3_17_37,Truck (<=6000 lbs.),s3_28_48,Deployed,s2_97_208,s1_below_1,Male,s2_37_80,s5_169_179,s2_164_318,s3_80_160,s2_2_4
3170,s3_1695_2555,s2_n103_99,s5_7_up,s1_below_4282,s6_6_up,s1_below_2001,s3_2075_3730,s3_17_37,Truck (<=10000 lbs.),s5_64_76,Not Deployed,s2_97_208,s1_below_1,Male,s2_37_80,s4_159_169,s3_318_464,s6_260_up,s4_5_6
3171,s2_885_1695,s2_n103_99,s4_n40_7,s1_below_4282,s1_below_2,s4_2005_2007,s2_760_2075,s3_17_37,Passenger Car,s3_28_48,Not Deployed,s2_97_208,s1_below_1,Female,s2_37_80,s3_141_159,s2_164_318,s1_below_40,s2_2_4
3172,s3_1695_2555,s2_n103_99,s4_n40_7,s1_below_4282,s3_3_4,s2_2001_2003,s2_760_2075,s3_17_37,Truck (<=6000 lbs.),s5_64_76,Not Deployed,s2_97_208,s1_below_1,Female,s6_130_up,s4_159_169,s2_164_318,s3_80_160,s3_4_5
3173,s2_885_1695,s2_n103_99,s5_7_up,s1_below_4282,s3_3_4,s4_2005_2007,s2_760_2075,s3_17_37,Passenger Car,s2_11_28,Not Deployed,s2_97_208,s1_below_1,Male,s2_37_80,s3_141_159,s2_164_318,s6_260_up,s2_2_4
3174,s2_885_1695,s2_n103_99,s4_n40_7,s1_below_4282,s2_2_3,s4_2005_2007,s2_760_2075,s3_17_37,Passenger Car,s2_11_28,Not Deployed,s2_97_208,s1_below_1,Female,s2_37_80,s3_141_159,s2_164_318,s4_160_220,s2_2_4
3175,s2_885_1695,s2_n103_99,s4_n40_7,s1_below_4282,s1_below_2,s3_2003_2005,s2_760_2075,s3_17_37,Passenger Car,s3_28_48,Deployed,s2_97_208,s1_below_1,Male,s4_96_114,s3_141_159,s2_164_318,s3_80_160,s2_2_4
3176,s2_885_1695,s2_n103_99,s4_n40_7,s1_below_4282,s1_below_2,s3_2003_2005,s2_760_2075,s3_17_37,Passenger Car,s5_64_76,Deployed,s2_97_208,s1_below_1,Female,s3_80_96,s3_141_159,s2_164_318,s3_80_160,s2_2_4
3177,s3_1695_2555,s2_n103_99,s4_n40_7,s1_below_4282,s2_2_3,s1_below_2001,s2_760_2075,s3_17_37,Truck (<=10000 lbs.),s2_11_28,Not Deployed,s2_97_208,s1_below_1,Male,s4_96_114,s3_141_159,s2_164_318,s4_160_220,s2_2_4
3178,s2_885_1695,s2_n103_99,s4_n40_7,s1_below_4282,s2_2_3,s5_2007_2009,s3_2075_3730,s3_17_37,Passenger Car,s3_28_48,Deployed,s2_97_208,s1_below_1,Female,s2_37_80,s3_141_159,s2_164_318,s3_80_160,s2_2_4
3179,s2_885_1695,s2_n103_99,s4_n40_7,s1_below_4282,s4_4_5,s3_2003_2005,s2_760_2075,s3_17_37,Passenger Car,s3_28_48,Not Deployed,s2_97_208,s1_below_1,Female,s2_37_80,s3_141_159,s2_164_318,s3_80_160,s2_2_4
3180,s3_1695_2555,s2_n103_99,s5_7_up,s1_below_4282,s5_5_6,s1_below_2001,s2_760_2075,s3_17_37,Truck (<=6000 lbs.),s3_28_48,Not Deployed,s2_97_208,s1_below_1,Male,s2_37_80,s4_159_169,s2_164_318,s6_260_up,s2_2_4
3181,s3_1695_2555,s2_n103_99,s4_n40_7,s1_below_4282,s5_5_6,s4_2005_2007,s2_760_2075,s3_17_37,Truck (<=10000 lbs.),s3_28_48,Not Deployed,s2_97_208,s1_below_1,Male,s4_96_114,s3_141_159,s2_164_318,s3_80_160,s2_2_4
3182,s2_885_1695,s2_n103_99,s4_n40_7,s1_below_4282,s3_3_4,s1_below_2001,s3_2075_3730,s3_17_37,Passenger Car,s2_11_28,Not Deployed,s2_97_208,s1_below_1,Male,s3_80_96,s3_141_159,s2_164_318,s5_220_260,s2_2_4
3183,s3_1695_2555,s2_n103_99,s4_n40_7,s1_below_4282,s1_below_2,s2_2001_2003,s2_760_2075,s3_17_37,Truck (<=6000 lbs.),s4_48_64,Not Deployed,s2_97_208,s1_below_1,Male,s4_96_114,s3_141_159,s2_164_318,s3_80_160,s2_2_4
3184,s2_885_1695,s2_n103_99,s4_n40_7,s1_below_4282,s4_4_5,s1_below_2001,s3_2075_3730,s3_17_37,Passenger Car,s2_11_28,Deployed,s2_97_208,s1_below_1,Male,s2_37_80,s3_141_159,s2_164_318,s3_80_160,s2_2_4
3185,s2_885_1695,s2_n103_99,s4_n40_7,s1_below_4282,s2_2_3,s2_2001_2003,s2_760_2075,s3_17_37,Passenger Car,s3_28_48,Not Deployed,s2_97_208,s5_4_5,Male,s4_96_114,s3_141_159,s2_164_318,s5_220_260,s2_2_4
3186,s2_885_1695,s2_n103_99,s4_n40_7,s1_below_4282,s4_4_5,s4_2005_2007,s2_760_2075,s6_57_up,Passenger Car,s4_48_64,Not Deployed,s2_97_208,s1_below_1,Male,s2_37_80,s3_141_159,s2_164_318,s3_80_160,s2_2_4
3187,s2_885_1695,s2_n103_99,s5_7_up,s1_below_4282,s2_2_3,s3_2003_2005,s2_760_2075,s4_37_47,Passenger Car,s3_28_48,Not Deployed,s2_97_208,s1_below_1,Male,s4_96_114,s3_141_159,s2_164_318,s6_260_up,s2_2_4
3188,s2_885_1695,s2_n103_99,s4_n40_7,s1_below_4282,s3_3_4,s4_2005_2007,s2_760_2075,s3_17_37,Passenger Car,s2_11_28,Not Deployed,s2_97_208,s1_below_1,Female,s2_37_80,s3_141_159,s2_164_318,s3_80_160,s2_2_4
3189,s2_885_1695,s2_n103_99,s4_n40_7,s1_below_4282,s1_below_2,s2_2001_2003,s2_760_2075,s3_17_37,Passenger Car,s2_11_28,Not Deployed,s2_97_208,s1_below_1,Female,s2_37_80,s3_141_159,s2_164_318,s4_160_220,s2_2_4
3190,s3_1695_2555,s2_n103_99,s5_7_up,s1_below_4282,s4_4_5,s1_below_2001,s2_760_2075,s5_47_57,Truck (<=6000 lbs.),s3_28_48,Not Deployed,s2_97_208,s2_1_2,Female,s2_37_80,s3_141_159,s2_164_318,s6_260_up,s2_2_4
3191,s2_885_1695,s2_n103_99,s5_7_up,s1_below_4282,s2_2_3,s4_2005_2007,s2_760_2075,s3_17_37,Truck (<=6000 lbs.),s3_28_48,Not Deployed,s2_97_208,s1_below_1,Female,s2_37_80,s3_141_159,s2_164_318,s1_below_40,s2_2_4
3192,s3_1695_2555,s2_n103_99,s4_n40_7,s1_below_4282,s2_2_3,s1_below_2001,s2_760_2075,s3_17_37,Truck (<=6000 lbs.),s2_11_28,Not Deployed,s2_97_208,s1_below_1,Female,s2_37_80,s4_159_169,s2_164_318,s3_80_160,s3_4_5
3193,s2_885_1695,s2_n103_99,s4_n40_7,s1_below_4282,s1_below_2,s5_2007_2009,s3_2075_3730,s3_17_37,Passenger Car,s2_11_28,Deployed,s2_97_208,s1_below_1,Female,s3_80_96,s3_141_159,s2_164_318,s3_80_160,s2_2_4
3194,s2_885_1695,s2_n103_99,s4_n40_7,s1_below_4282,s4_4_5,s4_2005_2007,s2_760_2075,s3_17_37,Passenger Car,s4_48_64,Not Deployed,s2_97_208,s1_below_1,Female,s3_80_96,s3_141_159,s2_164_318,s3_80_160,s2_2_4
3195,s2_885_1695,s2_n103_99,s4_n40_7,s1_below_4282,s2_2_3,s3_2003_2005,s2_760_2075,s3_17_37,Passenger Car,s3_28_48,Not Deployed,s2_97_208,s1_below_1,Male,s2_37_80,s3_141_159,s2_164_318,s3_80_160,s2_2_4
3196,s2_885_1695,s2_n103_99,s4_n40_7,s1_below_4282,s3_3_4,s5_2007_2009,s2_760_2075,s3_17_37,Truck (<=6000 lbs.),s4_48_64,Deployed,s2_97_208,s1_below_1,Female,s2_37_80,s3_141_159,s2_164_318,s3_80_160,s2_2_4
3197,s3_1695_2555,s2_n103_99,s5_7_up,s1_below_4282,s3_3_4,s5_2007_2009,s2_760_2075,s3_17_37,Passenger Car,s3_28_48,Not Deployed,s2_97_208,s1_below_1,Male,s4_96_114,s4_159_169,s2_164_318,s6_260_up,s2_2_4
3198,s2_885_1695,s2_n103_99,s4_n40_7,s1_below_4282,s5_5_6,s1_below_2001,s2_760_2075,s3_17_37,Passenger Car,s4_48_64,Not Deployed,s2_97_208,s1_below_1,Female,s2_37_80,s3_141_159,s2_164_318,s4_160_220,s2_2_4
3199,s2_885_1695,s2_n103_99,s4_n40_7,s1_below_4282,s1_below_2,s1_below_2001,s2_760_2075,s3_17_37,Passenger Car,s2_11_28,Deployed,s2_97_208,s1_below_1,Male,s3_80_96,s3_141_159,s2_164_318,s3_80_160,s2_2_4
3200,s2_885_1695,s2_n103_99,s4_n40_7,s1_below_4282,s2_2_3,s5_2007_2009,s2_760_2075,s3_17_37,Passenger Car,s2_11_28,Not Deployed,s2_97_208,s1_below_1,Male,s2_37_80,s3_141_159,s2_164_318,s2_40_80,s2_2_4
3201,s3_1695_2555,s2_n103_99,s5_7_up,s1_below_4282,s2_2_3,s3_2003_2005,s2_760_2075,s3_17_37,Truck (<=10000 lbs.),s4_48_64,Not Deployed,s2_97_208,s1_below_1,Male,s4_96_114,s5_169_179,s3_318_464,s6_260_up,s4_5_6
3202,s2_885_1695,s2_n103_99,s4_n40_7,s1_below_4282,s2_2_3,s3_2003_2005,s2_760_2075,s3_17_37,Passenger Car,s3_28_48,Not Deployed,s2_97_208,s1_below_1,Female,s2_37_80,s3_141_159,s2_164_318,s4_160_220,s2_2_4
3203,s2_885_1695,s2_n103_99,s4_n40_7,s1_below_4282,s1_below_2,s4_2005_2007,s2_760_2075,s3_17_37,Passenger Car,s2_11_28,Deployed,s2_97_208,s1_below_1,Male,s2_37_80,s3_141_159,s2_164_318,s2_40_80,s2_2_4
3204,s3_1695_2555,s2_n103_99,s4_n40_7,s1_below_4282,s4_4_5,s3_2003_2005,s2_760_2075,s3_17_37,Truck (<=10000 lbs.),s3_28_48,Not Deployed,s2_97_208,s1_below_1,Female,s2_37_80,s3_141_159,s2_164_318,s3_80_160,s2_2_4
3205,s4_2555_3715,s2_n103_99,s4_n40_7,s1_below_4282,s1_below_2,s5_2007_2009,s2_760_2075,s4_37_47,Truck (<=10000 lbs.),s3_28_48,Deployed,s2_97_208,s1_below_1,Male,s2_37_80,s5_169_179,s3_318_464,s3_80_160,s4_5_6
3206,s3_1695_2555,s2_n103_99,s4_n40_7,s1_below_4282,s1_below_2,s4_2005_2007,s2_760_2075,s3_17_37,Truck (<=6000 lbs.),s3_28_48,Deployed,s2_97_208,s1_below_1,Female,s2_37_80,s4_159_169,s2_164_318,s3_80_160,s3_4_5
3207,s2_885_1695,s2_n103_99,s4_n40_7,s1_below_4282,s1_below_2,s4_2005_2007,s2_760_2075,s3_17_37,Passenger Car,s2_11_28,Not Deployed,s2_97_208,s1_below_1,Male,s2_37_80,s3_141_159,s2_164_318,s2_40_80,s2_2_4
3208,s3_1695_2555,s2_n103_99,s5_7_up,s1_below_4282,s6_6_up,s2_2001_2003,s2_760_2075,s3_17_37,Passenger Car,s4_48_64,Not Deployed,s2_97_208,s1_below_1,Male,s4_96_114,s3_141_159,s2_164_318,s6_260_up,s2_2_4
3209,s2_885_1695,s2_n103_99,s4_n40_7,s1_below_4282,s1_below_2,s2_2001_2003,s2_760_2075,s3_17_37,Truck (<=6000 lbs.),s2_11_28,Not Deployed,s2_97_208,s1_below_1,Male,s2_37_80,s3_141_159,s2_164_318,s3_80_160,s2_2_4
3210,s2_885_1695,s2_n103_99,s4_n40_7,s1_below_4282,s6_6_up,s2_2001_2003,s2_760_2075,s3_17_37,Passenger Car,s4_48_64,Deployed,s2_97_208,s1_below_1,Male,s4_96_114,s3_141_159,s2_164_318,s3_80_160,s2_2_4
3211,s2_885_1695,s2_n103_99,s5_7_up,s1_below_4282,s4_4_5,s5_2007_2009,s2_760_2075,s3_17_37,Passenger Car,s4_48_64,Not Deployed,s2_97_208,s1_below_1,Male,s3_80_96,s3_141_159,s2_164_318,s4_160_220,s2_2_4
3212,s2_885_1695,s2_n103_99,s5_7_up,s1_below_4282,s6_6_up,s4_2005_2007,s2_760_2075,s3_17_37,Passenger Car,s3_28_48,Deployed,s2_97_208,s6_5_up,Male,s4_96_114,s3_141_159,s2_164_318,s6_260_up,s2_2_4
3213,s2_885_1695,s2_n103_99,s4_n40_7,s1_below_4282,s1_below_2,s2_2001_2003,s3_2075_3730,s3_17_37,Passenger Car,s4_48_64,Not Deployed,s2_97_208,s2_1_2,Female,s2_37_80,s3_141_159,s2_164_318,s4_160_220,s2_2_4
3214,s2_885_1695,s2_n103_99,s4_n40_7,s1_below_4282,s2_2_3,s3_2003_2005,s2_760_2075,s3_17_37,Passenger Car,s5_64_76,Deployed,s2_97_208,s3_2_3,Female,s2_37_80,s3_141_159,s2_164_318,s2_40_80,s2_2_4
3215,s3_1695_2555,s2_n103_99,s4_n40_7,s1_below_4282,s3_3_4,s4_2005_2007,s2_760_2075,s3_17_37,Truck (<=6000 lbs.),s3_28_48,Deployed,s2_97_208,s1_below_1,Female,s2_37_80,s4_159_169,s2_164_318,s4_160_220,s3_4_5
3216,s3_1695_2555,s2_n103_99,s4_n40_7,s1_below_4282,s1_below_2,s2_2001_2003,s3_2075_3730,s3_17_37,Passenger Car,s3_28_48,Not Deployed,s2_97_208,s1_below_1,Male,s3_80_96,s3_141_159,s2_164_318,s4_160_220,s2_2_4
3217,s2_885_1695,s2_n103_99,s4_n40_7,s1_below_4282,s2_2_3,s4_2005_2007,s2_760_2075,s3_17_37,Truck (<=6000 lbs.),s4_48_64,Not Deployed,s2_97_208,s1_below_1,Male,s3_80_96,s3_141_159,s2_164_318,s3_80_160,s2_2_4
3218,s3_1695_2555,s2_n103_99,s4_n40_7,s1_below_4282,s2_2_3,s3_2003_2005,s2_760_2075,s4_37_47,Truck (<=6000 lbs.),s3_28_48,Deployed,s2_97_208,s1_below_1,Male,s5_114_130,s3_141_159,s2_164_318,s3_80_160,s2_2_4
3219,s2_885_1695,s2_n103_99,s4_n40_7,s1_below_4282,s4_4_5,s3_2003_2005,s2_760_2075,s6_57_up,Passenger Car,s2_11_28,Not Deployed,s2_97_208,s1_below_1,Male,s2_37_80,s3_141_159,s2_164_318,s6_260_up,s2_2_4
3220,s2_885_1695,s2_n103_99,s4_n40_7,s1_below_4282,s4_4_5,s4_2005_2007,s3_2075_3730,s3_17_37,Passenger Car,s3_28_48,Deployed,s2_97_208,s1_below_1,Female,s2_37_80,s3_141_159,s2_164_318,s4_160_220,s2_2_4
3221,s3_1695_2555,s2_n103_99,s4_n40_7,s1_below_4282,s1_below_2,s2_2001_2003,s2_760_2075,s3_17_37,Truck (<=6000 lbs.),s3_28_48,Not Deployed,s2_97_208,s1_below_1,Female,s2_37_80,s3_141_159,s2_164_318,s3_80_160,s2_2_4
3222,s2_885_1695,s2_n103_99,s3_n81_n40,s1_below_4282,s1_below_2,s4_2005_2007,s2_760_2075,s3_17_37,Passenger Car,s2_11_28,Deployed,s2_97_208,s1_below_1,Female,s2_37_80,s3_141_159,s2_164_318,s3_80_160,s2_2_4
3223,s2_885_1695,s2_n103_99,s4_n40_7,s1_below_4282,s1_below_2,s4_2005_2007,s2_760_2075,s5_47_57,Passenger Car,s3_28_48,Not Deployed,s2_97_208,s1_below_1,Male,s2_37_80,s3_141_159,s2_164_318,s3_80_160,s2_2_4
3224,s2_885_1695,s2_n103_99,s4_n40_7,s1_below_4282,s2_2_3,s2_2001_2003,s2_760_2075,s3_17_37,Passenger Car,s2_11_28,Deployed,s2_97_208,s1_below_1,Male,s2_37_80,s3_141_159,s2_164_318,s4_160_220,s2_2_4
3225,s3_1695_2555,s2_n103_99,s4_n40_7,s1_below_4282,s1_below_2,s4_2005_2007,s2_760_2075,s3_17_37,Passenger Car,s3_28_48,Not Deployed,s2_97_208,s1_below_1,Male,s4_96_114,s3_141_159,s2_164_318,s2_40_80,s2_2_4
3226,s4_2555_3715,s2_n103_99,s5_7_up,s1_below_4282,s1_below_2,s5_2007_2009,s2_760_2075,s5_47_57,Truck (<=10000 lbs.),s3_28_48,Not Deployed,s2_97_208,s1_below_1,Female,s2_37_80,s5_169_179,s3_318_464,s6_260_up,s4_5_6
3227,s3_1695_2555,s2_n103_99,s4_n40_7,s1_below_4282,s1_below_2,s5_2007_2009,s2_760_2075,s4_37_47,Truck (<=10000 lbs.),s4_48_64,Not Deployed,s2_97_208,s1_below_1,Male,s3_80_96,s5_169_179,s3_318_464,s3_80_160,s4_5_6
3228,s3_1695_2555,s2_n103_99,s5_7_up,s1_below_4282,s1_below_2,s5_2007_2009,s3_2075_3730,s4_37_47,Truck (<=6000 lbs.),s3_28_48,Deployed,s2_97_208,s1_below_1,Male,s4_96_114,s3_141_159,s3_318_464,s6_260_up,s3_4_5
3229,s2_885_1695,s2_n103_99,s4_n40_7,s1_below_4282,s1_below_2,s5_2007_2009,s2_760_2075,s1_below_7,Passenger Car,s4_48_64,Not Deployed,s2_97_208,s1_below_1,Female,s2_37_80,s3_141_159,s2_164_318,s3_80_160,s2_2_4
3230,s2_885_1695,s2_n103_99,s4_n40_7,s1_below_4282,s5_5_6,s2_2001_2003,s2_760_2075,s3_17_37,Truck (<=6000 lbs.),s5_64_76,Deployed,s2_97_208,s2_1_2,Female,s2_37_80,s4_159_169,s2_164_318,s3_80_160,s2_2_4
3231,s2_885_1695,s2_n103_99,s4_n40_7,s1_below_4282,s1_below_2,s3_2003_2005,s2_760_2075,s5_47_57,Passenger Car,s3_28_48,Deployed,s2_97_208,s1_below_1,Female,s2_37_80,s3_141_159,s2_164_318,s3_80_160,s2_2_4
3232,s2_885_1695,s2_n103_99,s4_n40_7,s1_below_4282,s1_below_2,s3_2003_2005,s2_760_2075,s5_47_57,Truck (<=6000 lbs.),s4_48_64,Deployed,s2_97_208,s1_below_1,Male,s4_96_114,s3_141_159,s2_164_318,s4_160_220,s2_2_4
3233,s2_885_1695,s2_n103_99,s4_n40_7,s1_below_4282,s1_below_2,s3_2003_2005,s3_2075_3730,s4_37_47,Truck (<=6000 lbs.),s3_28_48,Not Deployed,s2_97_208,s2_1_2,Female,s3_80_96,s3_141_159,s2_164_318,s3_80_160,s2_2_4
3234,s3_1695_2555,s2_n103_99,s4_n40_7,s1_below_4282,s1_below_2,s3_2003_2005,s2_760_2075,s4_37_47,Truck (<=6000 lbs.),s3_28_48,Deployed,s2_97_208,s1_below_1,Female,s2_37_80,s3_141_159,s2_164_318,s3_80_160,s2_2_4
3235,s2_885_1695,s2_n103_99,s4_n40_7,s1_below_4282,s1_below_2,s3_2003_2005,s2_760_2075,s3_17_37,Passenger Car,s2_11_28,Not Deployed,s2_97_208,s1_below_1,Male,s3_80_96,s3_141_159,s2_164_318,s3_80_160,s2_2_4
3236,s2_885_1695,s2_n103_99,s3_n81_n40,s1_below_4282,s2_2_3,s4_2005_2007,s2_760_2075,s4_37_47,Passenger Car,s2_11_28,Deployed,s2_97_208,s1_below_1,Female,s2_37_80,s3_141_159,s2_164_318,s3_80_160,s2_2_4
3237,s2_885_1695,s2_n103_99,s5_7_up,s1_below_4282,s2_2_3,s1_below_2001,s2_760_2075,s4_37_47,Truck (<=6000 lbs.),s2_11_28,Not Deployed,s2_97_208,s1_below_1,Male,s3_80_96,s2_116_141,s2_164_318,s6_260_up,s2_2_4
3238,s3_1695_2555,s2_n103_99,s4_n40_7,s1_below_4282,s1_below_2,s1_below_2001,s2_760_2075,s4_37_47,Truck (<=6000 lbs.),s3_28_48,Deployed,s2_97_208,s3_2_3,Female,s2_37_80,s3_141_159,s2_164_318,s3_80_160,s2_2_4
3239,s2_885_1695,s2_n103_99,s4_n40_7,s1_below_4282,s1_below_2,s1_below_2001,s2_760_2075,s4_37_47,Passenger Car,s2_11_28,Not Deployed,s2_97_208,s1_below_1,Female,s2_37_80,s3_141_159,s2_164_318,s4_160_220,s2_2_4
3240,s2_885_1695,s2_n103_99,s4_n40_7,s1_below_4282,s1_below_2,s4_2005_2007,s2_760_2075,s4_37_47,Passenger Car,s2_11_28,Deployed,s2_97_208,s1_below_1,Male,s4_96_114,s3_141_159,s2_164_318,s3_80_160,s2_2_4
3241,s3_1695_2555,s2_n103_99,s4_n40_7,s1_below_4282,s1_below_2,s2_2001_2003,s2_760_2075,s4_37_47,Truck (<=6000 lbs.),s4_48_64,Deployed,s2_97_208,s2_1_2,Female,s2_37_80,s4_159_169,s2_164_318,s3_80_160,s2_2_4
3242,s2_885_1695,s2_n103_99,s4_n40_7,s1_below_4282,s1_below_2,s2_2001_2003,s2_760_2075,s4_37_47,Passenger Car,s5_64_76,Deployed,s2_97_208,s1_below_1,Male,s2_37_80,s3_141_159,s2_164_318,s3_80_160,s2_2_4
3243,s2_885_1695,s2_n103_99,s5_7_up,s1_below_4282,s1_below_2,s3_2003_2005,s2_760_2075,s3_17_37,Passenger Car,s2_11_28,Not Deployed,s2_97_208,s1_below_1,Male,s2_37_80,s3_141_159,s2_164_318,s4_160_220,s2_2_4
3244,s2_885_1695,s2_n103_99,s5_7_up,s1_below_4282,s1_below_2,s3_2003_2005,s2_760_2075,s4_37_47,Passenger Car,s2_11_28,Not Deployed,s2_97_208,s1_below_1,Male,s2_37_80,s3_141_159,s2_164_318,s6_260_up,s2_2_4
3245,s3_1695_2555,s2_n103_99,s4_n40_7,s1_below_4282,s3_3_4,s4_2005_2007,s2_760_2075,s4_37_47,Truck (<=10000 lbs.),s2_11_28,Not Deployed,s2_97_208,s1_below_1,Male,s2_37_80,s5_169_179,s3_318_464,s4_160_220,s4_5_6
3246,s2_885_1695,s2_n103_99,s4_n40_7,s1_below_4282,s1_below_2,s5_2007_2009,s3_2075_3730,s5_47_57,Passenger Car,s4_48_64,Not Deployed,s2_97_208,s1_below_1,Male,s3_80_96,s3_141_159,s2_164_318,s3_80_160,s2_2_4
3247,s3_1695_2555,s2_n103_99,s4_n40_7,s1_below_4282,s3_3_4,s3_2003_2005,s2_760_2075,s5_47_57,Truck (<=6000 lbs.),s2_11_28,Deployed,s2_97_208,s1_below_1,Male,s3_80_96,s4_159_169,s2_164_318,s4_160_220,s2_2_4
3248,s3_1695_2555,s2_n103_99,s4_n40_7,s1_below_4282,s1_below_2,s2_2001_2003,s2_760_2075,s4_37_47,Truck (<=6000 lbs.),s3_28_48,Deployed,s2_97_208,s2_1_2,Female,s2_37_80,s3_141_159,s2_164_318,s3_80_160,s2_2_4
3249,s3_1695_2555,s2_n103_99,s4_n40_7,s1_below_4282,s1_below_2,s4_2005_2007,s2_760_2075,s4_37_47,Truck (<=6000 lbs.),s3_28_48,Not Deployed,s2_97_208,s1_below_1,Male,s4_96_114,s4_159_169,s2_164_318,s3_80_160,s3_4_5
3250,s2_885_1695,s2_n103_99,s5_7_up,s1_below_4282,s2_2_3,s4_2005_2007,s2_760_2075,s3_17_37,Passenger Car,s4_48_64,Not Deployed,s2_97_208,s1_below_1,Male,s3_80_96,s3_141_159,s2_164_318,s6_260_up,s2_2_4
3251,s2_885_1695,s2_n103_99,s4_n40_7,s1_below_4282,s1_below_2,s3_2003_2005,s2_760_2075,s4_37_47,Passenger Car,s3_28_48,Deployed,s2_97_208,s2_1_2,Male,s5_114_130,s3_141_159,s2_164_318,s4_160_220,s2_2_4
3252,s2_885_1695,s2_n103_99,s4_n40_7,s1_below_4282,s1_below_2,s2_2001_2003,s3_2075_3730,s5_47_57,Passenger Car,s4_48_64,Not Deployed,s2_97_208,s1_below_1,Male,s5_114_130,s3_141_159,s2_164_318,s3_80_160,s2_2_4
3253,s4_2555_3715,s2_n103_99,s4_n40_7,s1_below_4282,s1_below_2,s4_2005_2007,s2_760_2075,s5_47_57,Truck (<=10000 lbs.),s3_28_48,Deployed,s2_97_208,s1_below_1,Male,s2_37_80,s5_169_179,s2_164_318,s3_80_160,s3_4_5
3254,s3_1695_2555,s2_n103_99,s5_7_up,s1_below_4282,s1_below_2,s3_2003_2005,s3_2075_3730,s4_37_47,Truck (<=6000 lbs.),s3_28_48,Not Deployed,s2_97_208,s1_below_1,Male,s2_37_80,s4_159_169,s2_164_318,s6_260_up,s3_4_5
3255,s2_885_1695,s2_n103_99,s5_7_up,s1_below_4282,s2_2_3,s2_2001_2003,s3_2075_3730,s5_47_57,Passenger Car,s3_28_48,Not Deployed,s2_97_208,s1_below_1,Female,s2_37_80,s3_141_159,s2_164_318,s6_260_up,s2_2_4
3256,s3_1695_2555,s2_n103_99,s4_n40_7,s1_below_4282,s1_below_2,s3_2003_2005,s2_760_2075,s4_37_47,Truck (<=6000 lbs.),s4_48_64,Deployed,s2_97_208,s2_1_2,Female,s2_37_80,s3_141_159,s2_164_318,s3_80_160,s2_2_4
3257,s2_885_1695,s2_n103_99,s5_7_up,s1_below_4282,s2_2_3,s2_2001_2003,s2_760_2075,s4_37_47,Passenger Car,s4_48_64,Deployed,s2_97_208,s1_below_1,Female,s4_96_114,s3_141_159,s2_164_318,s6_260_up,s2_2_4
3258,s2_885_1695,s2_n103_99,s5_7_up,s1_below_4282,s1_below_2,s1_below_2001,s2_760_2075,s4_37_47,Passenger Car,s4_48_64,Not Deployed,s2_97_208,s1_below_1,Female,s4_96_114,s3_141_159,s2_164_318,s1_below_40,s2_2_4
3259,s3_1695_2555,s2_n103_99,s4_n40_7,s1_below_4282,s3_3_4,s1_below_2001,s3_2075_3730,s4_37_47,Truck (<=10000 lbs.),s4_48_64,Deployed,s2_97_208,s1_below_1,Male,s2_37_80,s4_159_169,s3_318_464,s3_80_160,s4_5_6
3260,s2_885_1695,s2_n103_99,s4_n40_7,s1_below_4282,s1_below_2,s2_2001_2003,s2_760_2075,s5_47_57,Truck (<=6000 lbs.),s4_48_64,Deployed,s2_97_208,s3_2_3,Female,s2_37_80,s3_141_159,s2_164_318,s3_80_160,s2_2_4
3261,s2_885_1695,s2_n103_99,s4_n40_7,s1_below_4282,s1_below_2,s4_2005_2007,s2_760_2075,s5_47_57,Passenger Car,s2_11_28,Deployed,s2_97_208,s1_below_1,Male,s2_37_80,s3_141_159,s2_164_318,s4_160_220,s2_2_4
3262,s2_885_1695,s2_n103_99,s4_n40_7,s1_below_4282,s1_below_2,s2_2001_2003,s2_760_2075,s4_37_47,Passenger Car,s3_28_48,Not Deployed,s2_97_208,s1_below_1,Male,s3_80_96,s3_141_159,s2_164_318,s3_80_160,s2_2_4
3263,s2_885_1695,s2_n103_99,s4_n40_7,s1_below_4282,s1_below_2,s2_2001_2003,s2_760_2075,s4_37_47,Passenger Car,s3_28_48,Not Deployed,s2_97_208,s1_below_1,Female,s4_96_114,s3_141_159,s2_164_318,s3_80_160,s2_2_4
3264,s3_1695_2555,s2_n103_99,s4_n40_7,s1_below_4282,s2_2_3,s5_2007_2009,s2_760_2075,s5_47_57,Truck (<=6000 lbs.),s3_28_48,Deployed,s2_97_208,s1_below_1,Female,s2_37_80,s4_159_169,s2_164_318,s3_80_160,s3_4_5
3265,s3_1695_2555,s2_n103_99,s5_7_up,s1_below_4282,s2_2_3,s4_2005_2007,s2_760_2075,s4_37_47,Truck (<=10000 lbs.),s3_28_48,Not Deployed,s2_97_208,s1_below_1,Female,s2_37_80,s4_159_169,s2_164_318,s6_260_up,s3_4_5
3266,s2_885_1695,s2_n103_99,s4_n40_7,s1_below_4282,s2_2_3,s2_2001_2003,s3_2075_3730,s4_37_47,Passenger Car,s3_28_48,Not Deployed,s2_97_208,s1_below_1,Female,s2_37_80,s3_141_159,s2_164_318,s3_80_160,s2_2_4
3267,s3_1695_2555,s2_n103_99,s4_n40_7,s1_below_4282,s2_2_3,s4_2005_2007,s3_2075_3730,s4_37_47,Truck (<=6000 lbs.),s4_48_64,Deployed,s2_97_208,s2_1_2,Female,s2_37_80,s4_159_169,s2_164_318,s3_80_160,s2_2_4
3268,s3_1695_2555,s2_n103_99,s4_n40_7,s1_below_4282,s1_below_2,s5_2007_2009,s2_760_2075,s4_37_47,Truck (<=10000 lbs.),s3_28_48,Not Deployed,s2_97_208,s1_below_1,Female,s3_80_96,s5_169_179,s3_318_464,s3_80_160,s4_5_6
3269,s2_885_1695,s2_n103_99,s4_n40_7,s1_below_4282,s3_3_4,s2_2001_2003,s2_760_2075,s3_17_37,Passenger Car,s2_11_28,Deployed,s2_97_208,s2_1_2,Male,s3_80_96,s3_141_159,s2_164_318,s3_80_160,s2_2_4
3270,s2_885_1695,s2_n103_99,s4_n40_7,s1_below_4282,s1_below_2,s4_2005_2007,s3_2075_3730,s4_37_47,Passenger Car,s4_48_64,Deployed,s2_97_208,s2_1_2,Male,s3_80_96,s3_141_159,s2_164_318,s3_80_160,s2_2_4
3271,s3_1695_2555,s2_n103_99,s5_7_up,s1_below_4282,s1_below_2,s5_2007_2009,s2_760_2075,s4_37_47,Truck (<=10000 lbs.),s3_28_48,Deployed,s2_97_208,s1_below_1,Male,s4_96_114,s3_141_159,s2_164_318,s6_260_up,s2_2_4
3272,s2_885_1695,s2_n103_99,s4_n40_7,s1_below_4282,s1_below_2,s1_below_2001,s2_760_2075,s4_37_47,Passenger Car,s4_48_64,Deployed,s2_97_208,s1_below_1,Male,s3_80_96,s3_141_159,s2_164_318,s3_80_160,s2_2_4
3273,s2_885_1695,s2_n103_99,s4_n40_7,s1_below_4282,s4_4_5,s1_below_2001,s2_760_2075,s4_37_47,Passenger Car,s2_11_28,Not Deployed,s2_97_208,s1_below_1,Male,s3_80_96,s3_141_159,s2_164_318,s3_80_160,s2_2_4
3274,s2_885_1695,s2_n103_99,s3_n81_n40,s1_below_4282,s2_2_3,s2_2001_2003,s2_760_2075,s5_47_57,Passenger Car,s6_76_up,Deployed,s2_97_208,s4_3_4,Male,s3_80_96,s3_141_159,s2_164_318,s3_80_160,s2_2_4
3275,s2_885_1695,s2_n103_99,s4_n40_7,s1_below_4282,s1_below_2,s4_2005_2007,s2_760_2075,s4_37_47,Passenger Car,s2_11_28,Deployed,s2_97_208,s1_below_1,Female,s2_37_80,s3_141_159,s2_164_318,s3_80_160,s2_2_4
3276,s2_885_1695,s2_n103_99,s4_n40_7,s1_below_4282,s1_below_2,s2_2001_2003,s2_760_2075,s5_47_57,Truck (<=6000 lbs.),s4_48_64,Deployed,s2_97_208,s2_1_2,Female,s5_114_130,s3_141_159,s2_164_318,s3_80_160,s2_2_4
3277,s2_885_1695,s2_n103_99,s4_n40_7,s1_below_4282,s1_below_2,s2_2001_2003,s2_760_2075,s4_37_47,Passenger Car,s2_11_28,Deployed,s2_97_208,s1_below_1,Male,s2_37_80,s3_141_159,s2_164_318,s4_160_220,s2_2_4
3278,s2_885_1695,s2_n103_99,s4_n40_7,s1_below_4282,s2_2_3,s3_2003_2005,s2_760_2075,s4_37_47,Passenger Car,s2_11_28,Deployed,s2_97_208,s1_below_1,Male,s3_80_96,s3_141_159,s2_164_318,s3_80_160,s2_2_4
3279,s2_885_1695,s2_n103_99,s4_n40_7,s1_below_4282,s4_4_5,s4_2005_2007,s2_760_2075,s4_37_47,Passenger Car,s4_48_64,Deployed,s2_97_208,s1_below_1,Male,s4_96_114,s3_141_159,s2_164_318,s3_80_160,s2_2_4
3280,s3_1695_2555,s2_n103_99,s4_n40_7,s1_below_4282,s3_3_4,s3_2003_2005,s2_760_2075,s5_47_57,Truck (<=6000 lbs.),s3_28_48,Deployed,s2_97_208,s1_below_1,Female,s2_37_80,s3_141_159,s2_164_318,s4_160_220,s2_2_4
3281,s3_1695_2555,s2_n103_99,s4_n40_7,s1_below_4282,s1_below_2,s4_2005_2007,s2_760_2075,s5_47_57,Truck (<=6000 lbs.),s3_28_48,Deployed,s2_97_208,s2_1_2,Female,s2_37_80,s3_141_159,s2_164_318,s2_40_80,s2_2_4
3282,s2_885_1695,s2_n103_99,s4_n40_7,s1_below_4282,s1_below_2,s1_below_2001,s2_760_2075,s5_47_57,Passenger Car,s2_11_28,Deployed,s2_97_208,s1_below_1,Male,s2_37_80,s3_141_159,s2_164_318,s3_80_160,s2_2_4
3283,s3_1695_2555,s2_n103_99,s4_n40_7,s1_below_4282,s1_below_2,s3_2003_2005,s2_760_2075,s3_17_37,Truck (<=6000 lbs.),s4_48_64,Not Deployed,s2_97_208,s1_below_1,Female,s3_80_96,s3_141_159,s2_164_318,s1_below_40,s2_2_4
3284,s2_885_1695,s2_n103_99,s4_n40_7,s1_below_4282,s2_2_3,s4_2005_2007,s2_760_2075,s4_37_47,Passenger Car,s3_28_48,Deployed,s2_97_208,s1_below_1,Female,s2_37_80,s3_141_159,s2_164_318,s2_40_80,s2_2_4
3285,s2_885_1695,s2_n103_99,s5_7_up,s1_below_4282,s1_below_2,s5_2007_2009,s3_2075_3730,s3_17_37,Passenger Car,s6_76_up,Not Deployed,s2_97_208,s1_below_1,Female,s2_37_80,s3_141_159,s2_164_318,s6_260_up,s2_2_4
3286,s2_885_1695,s2_n103_99,s4_n40_7,s1_below_4282,s2_2_3,s3_2003_2005,s2_760_2075,s5_47_57,Passenger Car,s2_11_28,Not Deployed,s2_97_208,s1_below_1,Male,s2_37_80,s3_141_159,s2_164_318,s3_80_160,s2_2_4
3287,s2_885_1695,s2_n103_99,s4_n40_7,s1_below_4282,s4_4_5,s4_2005_2007,s3_2075_3730,s3_17_37,Passenger Car,s3_28_48,Not Deployed,s2_97_208,s1_below_1,Female,s3_80_96,s3_141_159,s2_164_318,s4_160_220,s2_2_4
3288,s2_885_1695,s2_n103_99,s4_n40_7,s1_below_4282,s1_below_2,s2_2001_2003,s2_760_2075,s3_17_37,Passenger Car,s4_48_64,Not Deployed,s2_97_208,s1_below_1,Female,s2_37_80,s3_141_159,s2_164_318,s4_160_220,s2_2_4
3289,s2_885_1695,s2_n103_99,s4_n40_7,s1_below_4282,s1_below_2,s4_2005_2007,s2_760_2075,s3_17_37,Passenger Car,s2_11_28,Not Deployed,s2_97_208,s1_below_1,Female,s2_37_80,s3_141_159,s2_164_318,s3_80_160,s2_2_4
3290,s2_885_1695,s2_n103_99,s4_n40_7,s1_below_4282,s2_2_3,s1_below_2001,s2_760_2075,s3_17_37,Passenger Car,s3_28_48,Not Deployed,s2_97_208,s1_below_1,Female,s2_37_80,s3_141_159,s2_164_318,s4_160_220,s2_2_4
3291,s3_1695_2555,s2_n103_99,s4_n40_7,s1_below_4282,s1_below_2,s3_2003_2005,s2_760_2075,s4_37_47,Truck (<=10000 lbs.),s2_11_28,Not Deployed,s2_97_208,s1_below_1,Male,s3_80_96,s4_159_169,s2_164_318,s4_160_220,s3_4_5
3292,s2_885_1695,s2_n103_99,s4_n40_7,s1_below_4282,s1_below_2,s4_2005_2007,s2_760_2075,s3_17_37,Passenger Car,s3_28_48,Deployed,s2_97_208,s1_below_1,Male,s2_37_80,s3_141_159,s2_164_318,s3_80_160,s2_2_4
3293,s2_885_1695,s2_n103_99,s4_n40_7,s1_below_4282,s1_below_2,s3_2003_2005,s2_760_2075,s3_17_37,Passenger Car,s4_48_64,Deployed,s2_97_208,s1_below_1,Female,s3_80_96,s3_141_159,s2_164_318,s3_80_160,s2_2_4
3294,s3_1695_2555,s2_n103_99,s5_7_up,s1_below_4282,s1_below_2,s2_2001_2003,s2_760_2075,s3_17_37,Truck (<=6000 lbs.),s2_11_28,Not Deployed,s2_97_208,s1_below_1,Male,s2_37_80,s4_159_169,s2_164_318,s6_260_up,s2_2_4
3295,s2_885_1695,s2_n103_99,s4_n40_7,s1_below_4282,s2_2_3,s4_2005_2007,s2_760_2075,s4_37_47,Passenger Car,s4_48_64,Not Deployed,s2_97_208,s1_below_1,Male,s4_96_114,s3_141_159,s2_164_318,s3_80_160,s2_2_4
3296,s2_885_1695,s2_n103_99,s4_n40_7,s1_below_4282,s2_2_3,s4_2005_2007,s2_760_2075,s4_37_47,Passenger Car,s2_11_28,Not Deployed,s2_97_208,s1_below_1,Female,s2_37_80,s3_141_159,s2_164_318,s1_below_40,s2_2_4
3297,s2_885_1695,s2_n103_99,s4_n40_7,s1_below_4282,s1_below_2,s1_below_2001,s2_760_2075,s3_17_37,Truck (<=6000 lbs.),s4_48_64,Not Deployed,s2_97_208,s1_below_1,Male,s2_37_80,s4_159_169,s2_164_318,s3_80_160,s2_2_4
3298,s2_885_1695,s2_n103_99,s4_n40_7,s1_below_4282,s3_3_4,s4_2005_2007,s2_760_2075,s5_47_57,Passenger Car,s2_11_28,Not Deployed,s2_97_208,s1_below_1,Male,s3_80_96,s3_141_159,s2_164_318,s3_80_160,s2_2_4
3299,s3_1695_2555,s2_n103_99,s4_n40_7,s1_below_4282,s1_below_2,s4_2005_2007,s2_760_2075,s3_17_37,Truck (<=6000 lbs.),s6_76_up,Deployed,s2_97_208,s1_below_1,Male,s2_37_80,s3_141_159,s2_164_318,s3_80_160,s2_2_4
3300,s2_885_1695,s2_n103_99,s4_n40_7,s1_below_4282,s1_below_2,s2_2001_2003,s2_760_2075,s3_17_37,Passenger Car,s4_48_64,Deployed,s2_97_208,s1_below_1,Female,s3_80_96,s3_141_159,s2_164_318,s3_80_160,s2_2_4
3301,s3_1695_2555,s2_n103_99,s4_n40_7,s1_below_4282,s2_2_3,s4_2005_2007,s2_760_2075,s3_17_37,Truck (<=6000 lbs.),s3_28_48,Not Deployed,s2_97_208,s1_below_1,Female,s2_37_80,s4_159_169,s2_164_318,s3_80_160,s2_2_4
3302,s2_885_1695,s2_n103_99,s4_n40_7,s1_below_4282,s1_below_2,s3_2003_2005,s2_760_2075,s3_17_37,Passenger Car,s3_28_48,Not Deployed,s2_97_208,s1_below_1,Male,s4_96_114,s3_141_159,s2_164_318,s1_below_40,s2_2_4
3303,s3_1695_2555,s2_n103_99,s4_n40_7,s1_below_4282,s1_below_2,s4_2005_2007,s2_760_2075,s5_47_57,Truck (<=6000 lbs.),s3_28_48,Not Deployed,s2_97_208,s1_below_1,Female,s5_114_130,s4_159_169,s2_164_318,s3_80_160,s3_4_5
3304,s2_885_1695,s2_n103_99,s4_n40_7,s1_below_4282,s1_below_2,s3_2003_2005,s2_760_2075,s3_17_37,Passenger Car,s4_48_64,Deployed,s2_97_208,s1_below_1,Male,s2_37_80,s3_141_159,s2_164_318,s3_80_160,s2_2_4
3305,s2_885_1695,s2_n103_99,s4_n40_7,s1_below_4282,s1_below_2,s4_2005_2007,s2_760_2075,s3_17_37,Passenger Car,s3_28_48,Not Deployed,s2_97_208,s1_below_1,Female,s2_37_80,s3_141_159,s2_164_318,s3_80_160,s2_2_4
3306,s3_1695_2555,s2_n103_99,s5_7_up,s1_below_4282,s2_2_3,s3_2003_2005,s3_2075_3730,s5_47_57,Truck (<=6000 lbs.),s4_48_64,Not Deployed,s2_97_208,s1_below_1,Female,s4_96_114,s4_159_169,s2_164_318,s6_260_up,s3_4_5
3307,s2_885_1695,s2_n103_99,s5_7_up,s1_below_4282,s4_4_5,s5_2007_2009,s2_760_2075,s3_17_37,Passenger Car,s3_28_48,Not Deployed,s2_97_208,s1_below_1,Male,s2_37_80,s3_141_159,s2_164_318,s4_160_220,s2_2_4
3308,s2_885_1695,s2_n103_99,s4_n40_7,s1_below_4282,s3_3_4,s1_below_2001,s2_760_2075,s3_17_37,Passenger Car,s4_48_64,Deployed,s2_97_208,s1_below_1,Male,s3_80_96,s3_141_159,s2_164_318,s3_80_160,s2_2_4
3309,s2_885_1695,s2_n103_99,s4_n40_7,s1_below_4282,s2_2_3,s5_2007_2009,s2_760_2075,s3_17_37,Passenger Car,s2_11_28,Not Deployed,s2_97_208,s1_below_1,Female,s2_37_80,s3_141_159,s2_164_318,s1_below_40,s2_2_4
3310,s2_885_1695,s2_n103_99,s4_n40_7,s1_below_4282,s2_2_3,s3_2003_2005,s2_760_2075,s3_17_37,Passenger Car,s4_48_64,Not Deployed,s2_97_208,s1_below_1,Male,s2_37_80,s3_141_159,s2_164_318,s3_80_160,s2_2_4
3311,s4_2555_3715,s2_n103_99,s4_n40_7,s1_below_4282,s2_2_3,s5_2007_2009,s2_760_2075,s3_17_37,Truck (<=10000 lbs.),s3_28_48,Not Deployed,s2_97_208,s1_below_1,Male,s4_96_114,s4_159_169,s2_164_318,s3_80_160,s2_2_4
3312,s3_1695_2555,s2_n103_99,s4_n40_7,s1_below_4282,s1_below_2,s2_2001_2003,s2_760_2075,s3_17_37,Truck (<=6000 lbs.),s2_11_28,Not Deployed,s2_97_208,s1_below_1,Male,s2_37_80,s4_159_169,s2_164_318,s3_80_160,s2_2_4
3313,s2_885_1695,s2_n103_99,s4_n40_7,s1_below_4282,s2_2_3,s1_below_2001,s2_760_2075,s3_17_37,Passenger Car,s3_28_48,Not Deployed,s2_97_208,s1_below_1,Female,s4_96_114,s3_141_159,s2_164_318,s3_80_160,s2_2_4
3314,s2_885_1695,s2_n103_99,s4_n40_7,s1_below_4282,s3_3_4,s3_2003_2005,s2_760_2075,s3_17_37,Passenger Car,s4_48_64,Deployed,s2_97_208,s1_below_1,Male,s2_37_80,s3_141_159,s2_164_318,s3_80_160,s2_2_4
3315,s2_885_1695,s2_n103_99,s4_n40_7,s1_below_4282,s1_below_2,s4_2005_2007,s2_760_2075,s3_17_37,Passenger Car,s4_48_64,Not Deployed,s2_97_208,s1_below_1,Male,s3_80_96,s3_141_159,s2_164_318,s1_below_40,s2_2_4
3316,s2_885_1695,s2_n103_99,s4_n40_7,s1_below_4282,s1_below_2,s1_below_2001,s2_760_2075,s3_17_37,Passenger Car,s4_48_64,Deployed,s2_97_208,s1_below_1,Female,s2_37_80,s3_141_159,s2_164_318,s3_80_160,s2_2_4
3317,s2_885_1695,s2_n103_99,s4_n40_7,s1_below_4282,s1_below_2,s3_2003_2005,s3_2075_3730,s3_17_37,Passenger Car,s3_28_48,Deployed,s2_97_208,s1_below_1,Female,s2_37_80,s3_141_159,s2_164_318,s3_80_160,s2_2_4
3318,s2_885_1695,s2_n103_99,s5_7_up,s1_below_4282,s2_2_3,s5_2007_2009,s2_760_2075,s5_47_57,Passenger Car,s4_48_64,Not Deployed,s2_97_208,s1_below_1,Female,s2_37_80,s3_141_159,s2_164_318,s6_260_up,s2_2_4
3319,s2_885_1695,s2_n103_99,s4_n40_7,s1_below_4282,s1_below_2,s1_below_2001,s2_760_2075,s3_17_37,Passenger Car,s3_28_48,Not Deployed,s2_97_208,s1_below_1,Male,s2_37_80,s3_141_159,s2_164_318,s6_260_up,s2_2_4
3320,s3_1695_2555,s2_n103_99,s4_n40_7,s1_below_4282,s1_below_2,s2_2001_2003,s2_760_2075,s3_17_37,Truck (<=6000 lbs.),s4_48_64,Not Deployed,s2_97_208,s1_below_1,Male,s4_96_114,s3_141_159,s2_164_318,s2_40_80,s2_2_4
3321,s2_885_1695,s2_n103_99,s4_n40_7,s1_below_4282,s1_below_2,s2_2001_2003,s2_760_2075,s3_17_37,Passenger Car,s4_48_64,Deployed,s2_97_208,s1_below_1,Male,s3_80_96,s3_141_159,s2_164_318,s3_80_160,s2_2_4
3322,s2_885_1695,s2_n103_99,s4_n40_7,s1_below_4282,s1_below_2,s4_2005_2007,s2_760_2075,s3_17_37,Truck (<=6000 lbs.),s2_11_28,Not Deployed,s2_97_208,s1_below_1,Male,s2_37_80,s3_141_159,s2_164_318,s2_40_80,s2_2_4
3323,s2_885_1695,s2_n103_99,s4_n40_7,s1_below_4282,s6_6_up,s4_2005_2007,s2_760_2075,s3_17_37,Passenger Car,s2_11_28,Deployed,s2_97_208,s1_below_1,Male,s2_37_80,s3_141_159,s2_164_318,s4_160_220,s2_2_4
3324,s2_885_1695,s2_n103_99,s4_n40_7,s1_below_4282,s4_4_5,s5_2007_2009,s2_760_2075,s3_17_37,Passenger Car,s3_28_48,Not Deployed,s2_97_208,s1_below_1,Male,s2_37_80,s3_141_159,s2_164_318,s3_80_160,s2_2_4
3325,s2_885_1695,s2_n103_99,s4_n40_7,s1_below_4282,s1_below_2,s5_2007_2009,s3_2075_3730,s3_17_37,Passenger Car,s3_28_48,Deployed,s2_97_208,s1_below_1,Female,s2_37_80,s3_141_159,s2_164_318,s3_80_160,s2_2_4
3326,s4_2555_3715,s2_n103_99,s5_7_up,s1_below_4282,s2_2_3,s2_2001_2003,s2_760_2075,s5_47_57,Truck (<=10000 lbs.),s3_28_48,Not Deployed,s2_97_208,s1_below_1,Female,s2_37_80,s4_159_169,s3_318_464,s4_160_220,s4_5_6
3327,s2_885_1695,s2_n103_99,s4_n40_7,s1_below_4282,s1_below_2,s5_2007_2009,s2_760_2075,s3_17_37,Passenger Car,s3_28_48,Deployed,s2_97_208,s1_below_1,Male,s4_96_114,s3_141_159,s2_164_318,s2_40_80,s2_2_4
3328,s2_885_1695,s2_n103_99,s4_n40_7,s1_below_4282,s1_below_2,s2_2001_2003,s2_760_2075,s3_17_37,Passenger Car,s2_11_28,Not Deployed,s2_97_208,s1_below_1,Male,s2_37_80,s3_141_159,s2_164_318,s2_40_80,s2_2_4
3329,s2_885_1695,s2_n103_99,s4_n40_7,s1_below_4282,s4_4_5,s1_below_2001,s2_760_2075,s3_17_37,Passenger Car,s3_28_48,Deployed,s2_97_208,s1_below_1,Male,s2_37_80,s3_141_159,s2_164_318,s3_80_160,s2_2_4
3330,s3_1695_2555,s2_n103_99,s4_n40_7,s1_below_4282,s1_below_2,s1_below_2001,s2_760_2075,s3_17_37,Passenger Car,s6_76_up,Not Deployed,s2_97_208,s5_4_5,Male,s3_80_96,s4_159_169,s2_164_318,s2_40_80,s2_2_4
3331,s2_885_1695,s2_n103_99,s4_n40_7,s1_below_4282,s1_below_2,s3_2003_2005,s2_760_2075,s3_17_37,Passenger Car,s3_28_48,Not Deployed,s2_97_208,s1_below_1,Male,s4_96_114,s3_141_159,s2_164_318,s3_80_160,s2_2_4
3332,s3_1695_2555,s2_n103_99,s4_n40_7,s1_below_4282,s3_3_4,s2_2001_2003,s2_760_2075,s5_47_57,Truck (<=6000 lbs.),s2_11_28,Not Deployed,s2_97_208,s1_below_1,Male,s2_37_80,s3_141_159,s2_164_318,s1_below_40,s2_2_4
3333,s2_885_1695,s2_n103_99,s4_n40_7,s1_below_4282,s1_below_2,s1_below_2001,s2_760_2075,s3_17_37,Passenger Car,s2_11_28,Deployed,s2_97_208,s1_below_1,Female,s2_37_80,s3_141_159,s2_164_318,s3_80_160,s2_2_4
3334,s3_1695_2555,s2_n103_99,s4_n40_7,s1_below_4282,s1_below_2,s2_2001_2003,s2_760_2075,s3_17_37,Truck (<=6000 lbs.),s3_28_48,Deployed,s2_97_208,s1_below_1,Male,s3_80_96,s4_159_169,s2_164_318,s3_80_160,s3_4_5
3335,s3_1695_2555,s2_n103_99,s4_n40_7,s1_below_4282,s1_below_2,s1_below_2001,s2_760_2075,s3_17_37,Truck (<=6000 lbs.),s2_11_28,Deployed,s2_97_208,s2_1_2,Male,s3_80_96,s3_141_159,s2_164_318,s3_80_160,s2_2_4
3336,s3_1695_2555,s2_n103_99,s4_n40_7,s1_below_4282,s2_2_3,s4_2005_2007,s2_760_2075,s3_17_37,Truck (<=6000 lbs.),s4_48_64,Deployed,s2_97_208,s1_below_1,Female,s3_80_96,s4_159_169,s2_164_318,s3_80_160,s3_4_5
3337,s3_1695_2555,s2_n103_99,s4_n40_7,s1_below_4282,s1_below_2,s2_2001_2003,s2_760_2075,s3_17_37,Truck (<=6000 lbs.),s4_48_64,Not Deployed,s2_97_208,s1_below_1,Male,s2_37_80,s4_159_169,s2_164_318,s2_40_80,s3_4_5
3338,s2_885_1695,s2_n103_99,s5_7_up,s1_below_4282,s3_3_4,s4_2005_2007,s2_760_2075,s3_17_37,Passenger Car,s3_28_48,Not Deployed,s2_97_208,s1_below_1,Female,s3_80_96,s3_141_159,s2_164_318,s6_260_up,s2_2_4
3339,s2_885_1695,s2_n103_99,s4_n40_7,s1_below_4282,s3_3_4,s3_2003_2005,s2_760_2075,s3_17_37,Passenger Car,s3_28_48,Not Deployed,s2_97_208,s1_below_1,Female,s2_37_80,s3_141_159,s2_164_318,s4_160_220,s2_2_4
3340,s2_885_1695,s2_n103_99,s5_7_up,s1_below_4282,s1_below_2,s2_2001_2003,s2_760_2075,s4_37_47,Passenger Car,s2_11_28,Not Deployed,s2_97_208,s1_below_1,Female,s2_37_80,s3_141_159,s2_164_318,s6_260_up,s2_2_4
3341,s3_1695_2555,s2_n103_99,s4_n40_7,s1_below_4282,s1_below_2,s4_2005_2007,s2_760_2075,s3_17_37,Truck (<=6000 lbs.),s4_48_64,Not Deployed,s2_97_208,s1_below_1,Male,s6_130_up,s4_159_169,s2_164_318,s3_80_160,s3_4_5
3342,s3_1695_2555,s2_n103_99,s4_n40_7,s1_below_4282,s1_below_2,s3_2003_2005,s2_760_2075,s3_17_37,Truck (<=6000 lbs.),s3_28_48,Not Deployed,s2_97_208,s1_below_1,Male,s4_96_114,s3_141_159,s2_164_318,s3_80_160,s2_2_4
3343,s2_885_1695,s2_n103_99,s4_n40_7,s1_below_4282,s1_below_2,s5_2007_2009,s3_2075_3730,s3_17_37,Passenger Car,s2_11_28,Deployed,s2_97_208,s1_below_1,Male,s2_37_80,s4_159_169,s2_164_318,s4_160_220,s3_4_5
3344,s2_885_1695,s2_n103_99,s3_n81_n40,s1_below_4282,s1_below_2,s1_below_2001,s2_760_2075,s3_17_37,Truck (<=6000 lbs.),s4_48_64,Deployed,s2_97_208,s1_below_1,Female,s3_80_96,s3_141_159,s2_164_318,s3_80_160,s2_2_4
3345,s3_1695_2555,s2_n103_99,s4_n40_7,s1_below_4282,s1_below_2,s4_2005_2007,s3_2075_3730,s3_17_37,Truck (<=6000 lbs.),s3_28_48,Not Deployed,s2_97_208,s1_below_1,Male,s2_37_80,s4_159_169,s2_164_318,s3_80_160,s3_4_5
3346,s3_1695_2555,s2_n103_99,s4_n40_7,s1_below_4282,s5_5_6,s5_2007_2009,s3_2075_3730,s3_17_37,Passenger Car,s2_11_28,Deployed,s2_97_208,s2_1_2,Male,s3_80_96,s3_141_159,s2_164_318,s3_80_160,s2_2_4
3347,s2_885_1695,s2_n103_99,s4_n40_7,s1_below_4282,s2_2_3,s2_2001_2003,s2_760_2075,s5_47_57,Truck (<=6000 lbs.),s4_48_64,Deployed,s2_97_208,s2_1_2,Male,s6_130_up,s3_141_159,s2_164_318,s3_80_160,s2_2_4
3348,s3_1695_2555,s2_n103_99,s4_n40_7,s1_below_4282,s1_below_2,s3_2003_2005,s2_760_2075,s3_17_37,Truck (<=6000 lbs.),s3_28_48,Not Deployed,s2_97_208,s1_below_1,Female,s3_80_96,s5_169_179,s2_164_318,s3_80_160,s2_2_4
3349,s3_1695_2555,s2_n103_99,s4_n40_7,s1_below_4282,s2_2_3,s2_2001_2003,s2_760_2075,s4_37_47,Truck (<=6000 lbs.),s4_48_64,Not Deployed,s2_97_208,s1_below_1,Female,s2_37_80,s4_159_169,s2_164_318,s3_80_160,s3_4_5
3350,s3_1695_2555,s2_n103_99,s4_n40_7,s1_below_4282,s1_below_2,s2_2001_2003,s2_760_2075,s3_17_37,Truck (<=6000 lbs.),s3_28_48,Not Deployed,s2_97_208,s1_below_1,Female,s2_37_80,s3_141_159,s2_164_318,s3_80_160,s2_2_4
3351,s3_1695_2555,s2_n103_99,s4_n40_7,s1_below_4282,s1_below_2,s5_2007_2009,s2_760_2075,s3_17_37,Passenger Car,s4_48_64,Not Deployed,s2_97_208,s1_below_1,Male,s4_96_114,s4_159_169,s2_164_318,s3_80_160,s2_2_4
3352,s2_885_1695,s2_n103_99,s5_7_up,s1_below_4282,s1_below_2,s1_below_2001,s2_760_2075,s3_17_37,Passenger Car,s2_11_28,Not Deployed,s2_97_208,s1_below_1,Female,s2_37_80,s3_141_159,s2_164_318,s4_160_220,s2_2_4
3353,s3_1695_2555,s2_n103_99,s5_7_up,s1_below_4282,s2_2_3,s2_2001_2003,s2_760_2075,s4_37_47,Truck (<=6000 lbs.),s4_48_64,Not Deployed,s2_97_208,s1_below_1,Female,s3_80_96,s4_159_169,s2_164_318,s6_260_up,s3_4_5
3354,s2_885_1695,s2_n103_99,s4_n40_7,s1_below_4282,s1_below_2,s1_below_2001,s2_760_2075,s3_17_37,Passenger Car,s3_28_48,Not Deployed,s2_97_208,s1_below_1,Female,s2_37_80,s3_141_159,s2_164_318,s4_160_220,s2_2_4
3355,s2_885_1695,s2_n103_99,s4_n40_7,s1_below_4282,s5_5_6,s4_2005_2007,s2_760_2075,s4_37_47,Passenger Car,s3_28_48,Not Deployed,s2_97_208,s1_below_1,Female,s2_37_80,s3_141_159,s2_164_318,s3_80_160,s2_2_4
3356,s2_885_1695,s2_n103_99,s4_n40_7,s1_below_4282,s1_below_2,s5_2007_2009,s2_760_2075,s3_17_37,Passenger Car,s5_64_76,Deployed,s2_97_208,s1_below_1,Female,s3_80_96,s3_141_159,s2_164_318,s3_80_160,s2_2_4
3357,s2_885_1695,s2_n103_99,s4_n40_7,s1_below_4282,s1_below_2,s5_2007_2009,s2_760_2075,s3_17_37,Passenger Car,s6_76_up,Not Deployed,s2_97_208,s1_below_1,Male,s3_80_96,s3_141_159,s2_164_318,s4_160_220,s2_2_4
3358,s2_885_1695,s2_n103_99,s4_n40_7,s1_below_4282,s1_below_2,s3_2003_2005,s2_760_2075,s4_37_47,Passenger Car,s4_48_64,Deployed,s2_97_208,s2_1_2,Female,s2_37_80,s3_141_159,s2_164_318,s3_80_160,s2_2_4
3359,s3_1695_2555,s2_n103_99,s4_n40_7,s1_below_4282,s3_3_4,s3_2003_2005,s2_760_2075,s5_47_57,Truck (<=6000 lbs.),s3_28_48,Deployed,s2_97_208,s1_below_1,Female,s2_37_80,s4_159_169,s2_164_318,s3_80_160,s3_4_5
3360,s3_1695_2555,s2_n103_99,s4_n40_7,s1_below_4282,s3_3_4,s4_2005_2007,s2_760_2075,s4_37_47,Passenger Car,s3_28_48,Not Deployed,s2_97_208,s1_below_1,Male,s3_80_96,s4_159_169,s2_164_318,s4_160_220,s2_2_4
3361,s2_885_1695,s2_n103_99,s4_n40_7,s1_below_4282,s3_3_4,s4_2005_2007,s2_760_2075,s3_17_37,Passenger Car,s3_28_48,Deployed,s2_97_208,s1_below_1,Male,s3_80_96,s3_141_159,s2_164_318,s3_80_160,s2_2_4
3362,s2_885_1695,s2_n103_99,s5_7_up,s1_below_4282,s5_5_6,s2_2001_2003,s2_760_2075,s4_37_47,Passenger Car,s2_11_28,Not Deployed,s2_97_208,s1_below_1,Male,s3_80_96,s3_141_159,s2_164_318,s6_260_up,s2_2_4
3363,s3_1695_2555,s2_n103_99,s3_n81_n40,s1_below_4282,s1_below_2,s2_2001_2003,s2_760_2075,s3_17_37,Truck (<=10000 lbs.),s3_28_48,Not Deployed,s2_97_208,s1_below_1,Male,s2_37_80,s4_159_169,s3_318_464,s2_40_80,s4_5_6
3364,s3_1695_2555,s2_n103_99,s4_n40_7,s1_below_4282,s1_below_2,s2_2001_2003,s2_760_2075,s3_17_37,Truck (<=6000 lbs.),s3_28_48,Not Deployed,s2_97_208,s1_below_1,Male,s2_37_80,s4_159_169,s2_164_318,s3_80_160,s3_4_5
3365,s2_885_1695,s2_n103_99,s4_n40_7,s1_below_4282,s5_5_6,s4_2005_2007,s2_760_2075,s5_47_57,Passenger Car,s5_64_76,Not Deployed,s2_97_208,s1_below_1,Female,s6_130_up,s3_141_159,s2_164_318,s4_160_220,s2_2_4
3366,s2_885_1695,s2_n103_99,s4_n40_7,s1_below_4282,s1_below_2,s5_2007_2009,s3_2075_3730,s3_17_37,Passenger Car,s3_28_48,Not Deployed,s2_97_208,s1_below_1,Female,s2_37_80,s3_141_159,s2_164_318,s3_80_160,s2_2_4
3367,s2_885_1695,s2_n103_99,s4_n40_7,s1_below_4282,s2_2_3,s1_below_2001,s2_760_2075,s4_37_47,Passenger Car,s2_11_28,Deployed,s2_97_208,s1_below_1,Male,s2_37_80,s3_141_159,s2_164_318,s3_80_160,s2_2_4
3368,s2_885_1695,s2_n103_99,s4_n40_7,s1_below_4282,s1_below_2,s2_2001_2003,s3_2075_3730,s3_17_37,Passenger Car,s2_11_28,Deployed,s2_97_208,s1_below_1,Female,s2_37_80,s3_141_159,s2_164_318,s3_80_160,s2_2_4
3369,s2_885_1695,s2_n103_99,s4_n40_7,s1_below_4282,s1_below_2,s1_below_2001,s2_760_2075,s4_37_47,Passenger Car,s4_48_64,Deployed,s2_97_208,s1_below_1,Female,s2_37_80,s3_141_159,s2_164_318,s3_80_160,s2_2_4
3370,s2_885_1695,s2_n103_99,s4_n40_7,s1_below_4282,s4_4_5,s4_2005_2007,s3_2075_3730,s4_37_47,Passenger Car,s2_11_28,Deployed,s2_97_208,s1_below_1,Female,s2_37_80,s3_141_159,s2_164_318,s3_80_160,s2_2_4
3371,s3_1695_2555,s2_n103_99,s4_n40_7,s1_below_4282,s4_4_5,s3_2003_2005,s2_760_2075,s4_37_47,Truck (<=10000 lbs.),s3_28_48,Not Deployed,s2_97_208,s1_below_1,Female,s2_37_80,s3_141_159,s3_318_464,s4_160_220,s3_4_5
3372,s2_885_1695,s2_n103_99,s4_n40_7,s1_below_4282,s1_below_2,s5_2007_2009,s2_760_2075,s3_17_37,Passenger Car,s2_11_28,Not Deployed,s2_97_208,s1_below_1,Female,s2_37_80,s3_141_159,s2_164_318,s3_80_160,s2_2_4
3373,s2_885_1695,s2_n103_99,s4_n40_7,s1_below_4282,s1_below_2,s2_2001_2003,s2_760_2075,s3_17_37,Passenger Car,s2_11_28,Not Deployed,s2_97_208,s1_below_1,Male,s3_80_96,s3_141_159,s2_164_318,s4_160_220,s2_2_4
3374,s2_885_1695,s2_n103_99,s4_n40_7,s1_below_4282,s3_3_4,s1_below_2001,s3_2075_3730,s3_17_37,Passenger Car,s2_11_28,Deployed,s2_97_208,s1_below_1,Female,s3_80_96,s3_141_159,s2_164_318,s3_80_160,s2_2_4
3375,s2_885_1695,s2_n103_99,s3_n81_n40,s1_below_4282,s1_below_2,s2_2001_2003,s2_760_2075,s5_47_57,Passenger Car,s3_28_48,Deployed,s2_97_208,s2_1_2,Female,s3_80_96,s3_141_159,s2_164_318,s3_80_160,s2_2_4
3376,s2_885_1695,s2_n103_99,s3_n81_n40,s1_below_4282,s1_below_2,s5_2007_2009,s2_760_2075,s5_47_57,Passenger Car,s2_11_28,Deployed,s2_97_208,s1_below_1,Male,s3_80_96,s3_141_159,s2_164_318,s3_80_160,s2_2_4
3377,s2_885_1695,s2_n103_99,s4_n40_7,s1_below_4282,s1_below_2,s5_2007_2009,s2_760_2075,s3_17_37,Passenger Car,s2_11_28,Not Deployed,s2_97_208,s1_below_1,Female,s2_37_80,s3_141_159,s2_164_318,s3_80_160,s2_2_4
3378,s2_885_1695,s2_n103_99,s3_n81_n40,s1_below_4282,s1_below_2,s3_2003_2005,s2_760_2075,s4_37_47,Passenger Car,s2_11_28,Deployed,s2_97_208,s1_below_1,Male,s3_80_96,s3_141_159,s2_164_318,s3_80_160,s2_2_4
3379,s2_885_1695,s2_n103_99,s4_n40_7,s1_below_4282,s1_below_2,s3_2003_2005,s2_760_2075,s3_17_37,Passenger Car,s2_11_28,Deployed,s2_97_208,s1_below_1,Male,s2_37_80,s3_141_159,s2_164_318,s3_80_160,s2_2_4
3380,s3_1695_2555,s2_n103_99,s4_n40_7,s1_below_4282,s2_2_3,s3_2003_2005,s2_760_2075,s4_37_47,Truck (<=6000 lbs.),s3_28_48,Deployed,s2_97_208,s1_below_1,Female,s3_80_96,s4_159_169,s2_164_318,s3_80_160,s3_4_5
3381,s2_885_1695,s2_n103_99,s4_n40_7,s1_below_4282,s2_2_3,s1_below_2001,s2_760_2075,s4_37_47,Passenger Car,s4_48_64,Not Deployed,s2_97_208,s1_below_1,Male,s5_114_130,s3_141_159,s2_164_318,s3_80_160,s2_2_4
3382,s2_885_1695,s2_n103_99,s4_n40_7,s1_below_4282,s2_2_3,s3_2003_2005,s3_2075_3730,s4_37_47,Passenger Car,s3_28_48,Deployed,s2_97_208,s1_below_1,Female,s2_37_80,s3_141_159,s2_164_318,s3_80_160,s2_2_4
3383,s3_1695_2555,s2_n103_99,s4_n40_7,s1_below_4282,s2_2_3,s4_2005_2007,s2_760_2075,s4_37_47,Truck (<=6000 lbs.),s3_28_48,Not Deployed,s2_97_208,s1_below_1,Female,s2_37_80,s5_169_179,s2_164_318,s4_160_220,s3_4_5
3384,s3_1695_2555,s2_n103_99,s4_n40_7,s1_below_4282,s2_2_3,s3_2003_2005,s2_760_2075,s4_37_47,Truck (<=6000 lbs.),s2_11_28,Deployed,s2_97_208,s1_below_1,Male,s2_37_80,s4_159_169,s2_164_318,s3_80_160,s2_2_4
3385,s2_885_1695,s2_n103_99,s5_7_up,s1_below_4282,s1_below_2,s5_2007_2009,s2_760_2075,s4_37_47,Passenger Car,s3_28_48,Not Deployed,s2_97_208,s1_below_1,Female,s2_37_80,s3_141_159,s2_164_318,s6_260_up,s2_2_4
3386,s2_885_1695,s2_n103_99,s4_n40_7,s1_below_4282,s1_below_2,s1_below_2001,s2_760_2075,s4_37_47,Passenger Car,s2_11_28,Not Deployed,s2_97_208,s1_below_1,Male,s5_114_130,s3_141_159,s2_164_318,s3_80_160,s2_2_4
3387,s2_885_1695,s2_n103_99,s4_n40_7,s1_below_4282,s1_below_2,s2_2001_2003,s2_760_2075,s3_17_37,Passenger Car,s6_76_up,Not Deployed,s2_97_208,s2_1_2,Male,s2_37_80,s3_141_159,s2_164_318,s2_40_80,s2_2_4
3388,s2_885_1695,s2_n103_99,s4_n40_7,s1_below_4282,s1_below_2,s4_2005_2007,s2_760_2075,s4_37_47,Passenger Car,s4_48_64,Not Deployed,s2_97_208,s1_below_1,Female,s3_80_96,s3_141_159,s2_164_318,s3_80_160,s2_2_4
3389,s2_885_1695,s2_n103_99,s4_n40_7,s1_below_4282,s4_4_5,s1_below_2001,s2_760_2075,s4_37_47,Passenger Car,s2_11_28,Deployed,s2_97_208,s1_below_1,Female,s4_96_114,s3_141_159,s2_164_318,s4_160_220,s2_2_4
3390,s2_885_1695,s2_n103_99,s4_n40_7,s1_below_4282,s1_below_2,s4_2005_2007,s2_760_2075,s4_37_47,Passenger Car,s5_64_76,Deployed,s2_97_208,s1_below_1,Male,s2_37_80,s3_141_159,s2_164_318,s4_160_220,s2_2_4
3391,s2_885_1695,s2_n103_99,s4_n40_7,s1_below_4282,s1_below_2,s4_2005_2007,s2_760_2075,s3_17_37,Passenger Car,s3_28_48,Not Deployed,s2_97_208,s1_below_1,Female,s3_80_96,s3_141_159,s2_164_318,s1_below_40,s2_2_4
3392,s3_1695_2555,s2_n103_99,s4_n40_7,s1_below_4282,s1_below_2,s4_2005_2007,s2_760_2075,s4_37_47,Truck (<=10000 lbs.),s3_28_48,Not Deployed,s2_97_208,s1_below_1,Male,s2_37_80,s5_169_179,s3_318_464,s3_80_160,s4_5_6
3393,s2_885_1695,s2_n103_99,s4_n40_7,s1_below_4282,s1_below_2,s1_below_2001,s3_2075_3730,s4_37_47,Passenger Car,s2_11_28,Deployed,s2_97_208,s1_below_1,Female,s2_37_80,s3_141_159,s2_164_318,s3_80_160,s2_2_4
3394,s2_885_1695,s2_n103_99,s4_n40_7,s1_below_4282,s1_below_2,s3_2003_2005,s2_760_2075,s4_37_47,Passenger Car,s3_28_48,Not Deployed,s2_97_208,s1_below_1,Male,s5_114_130,s3_141_159,s2_164_318,s3_80_160,s2_2_4
3395,s2_885_1695,s2_n103_99,s4_n40_7,s1_below_4282,s3_3_4,s3_2003_2005,s2_760_2075,s5_47_57,Passenger Car,s3_28_48,Deployed,s2_97_208,s1_below_1,Male,s2_37_80,s3_141_159,s2_164_318,s3_80_160,s2_2_4
3396,s3_1695_2555,s2_n103_99,s4_n40_7,s1_below_4282,s1_below_2,s4_2005_2007,s2_760_2075,s4_37_47,Passenger Car,s2_11_28,Not Deployed,s2_97_208,s1_below_1,Female,s2_37_80,s4_159_169,s2_164_318,s2_40_80,s3_4_5
3397,s3_1695_2555,s2_n103_99,s4_n40_7,s1_below_4282,s1_below_2,s4_2005_2007,s2_760_2075,s3_17_37,Truck (<=6000 lbs.),s3_28_48,Deployed,s2_97_208,s1_below_1,Female,s2_37_80,s4_159_169,s2_164_318,s3_80_160,s2_2_4
3398,s2_885_1695,s2_n103_99,s4_n40_7,s1_below_4282,s1_below_2,s5_2007_2009,s2_760_2075,s5_47_57,Passenger Car,s2_11_28,Not Deployed,s2_97_208,s1_below_1,Female,s2_37_80,s3_141_159,s2_164_318,s3_80_160,s2_2_4
3399,s2_885_1695,s2_n103_99,s4_n40_7,s1_below_4282,s4_4_5,s4_2005_2007,s2_760_2075,s4_37_47,Passenger Car,s4_48_64,Deployed,s2_97_208,s1_below_1,Male,s3_80_96,s3_141_159,s2_164_318,s3_80_160,s2_2_4
3400,s3_1695_2555,s2_n103_99,s5_7_up,s1_below_4282,s1_below_2,s4_2005_2007,s2_760_2075,s4_37_47,Truck (<=6000 lbs.),s5_64_76,Not Deployed,s2_97_208,s1_below_1,Female,s4_96_114,s3_141_159,s2_164_318,s6_260_up,s2_2_4
3401,s2_885_1695,s2_n103_99,s4_n40_7,s1_below_4282,s1_below_2,s1_below_2001,s2_760_2075,s4_37_47,Passenger Car,s3_28_48,Not Deployed,s2_97_208,s1_below_1,Male,s3_80_96,s3_141_159,s2_164_318,s3_80_160,s2_2_4
3402,s2_885_1695,s2_n103_99,s4_n40_7,s1_below_4282,s2_2_3,s5_2007_2009,s2_760_2075,s3_17_37,Passenger Car,s5_64_76,Not Deployed,s2_97_208,s1_below_1,Female,s3_80_96,s3_141_159,s2_164_318,s3_80_160,s2_2_4
3403,s2_885_1695,s2_n103_99,s4_n40_7,s1_below_4282,s2_2_3,s4_2005_2007,s2_760_2075,s5_47_57,Passenger Car,s2_11_28,Not Deployed,s2_97_208,s1_below_1,Female,s2_37_80,s3_141_159,s2_164_318,s4_160_220,s2_2_4
3404,s2_885_1695,s2_n103_99,s4_n40_7,s1_below_4282,s1_below_2,s4_2005_2007,s2_760_2075,s4_37_47,Passenger Car,s3_28_48,Deployed,s2_97_208,s1_below_1,Male,s4_96_114,s3_141_159,s2_164_318,s3_80_160,s2_2_4
3405,s3_1695_2555,s2_n103_99,s4_n40_7,s1_below_4282,s4_4_5,s3_2003_2005,s2_760_2075,s5_47_57,Truck (<=6000 lbs.),s3_28_48,Not Deployed,s2_97_208,s1_below_1,Female,s2_37_80,s4_159_169,s2_164_318,s3_80_160,s3_4_5
3406,s2_885_1695,s2_n103_99,s5_7_up,s1_below_4282,s1_below_2,s4_2005_2007,s2_760_2075,s5_47_57,Passenger Car,s4_48_64,Not Deployed,s2_97_208,s1_below_1,Female,s2_37_80,s3_141_159,s2_164_318,s6_260_up,s2_2_4
3407,s2_885_1695,s2_n103_99,s3_n81_n40,s1_below_4282,s1_below_2,s4_2005_2007,s2_760_2075,s4_37_47,Passenger Car,s4_48_64,Deployed,s2_97_208,s2_1_2,Male,s3_80_96,s3_141_159,s2_164_318,s3_80_160,s2_2_4
3408,s2_885_1695,s2_n103_99,s4_n40_7,s1_below_4282,s1_below_2,s1_below_2001,s2_760_2075,s4_37_47,Passenger Car,s2_11_28,Deployed,s2_97_208,s1_below_1,Male,s4_96_114,s3_141_159,s2_164_318,s3_80_160,s2_2_4
3409,s2_885_1695,s2_n103_99,s4_n40_7,s1_below_4282,s1_below_2,s4_2005_2007,s2_760_2075,s3_17_37,Passenger Car,s4_48_64,Deployed,s2_97_208,s1_below_1,Male,s3_80_96,s4_159_169,s2_164_318,s3_80_160,s3_4_5
3410,s2_885_1695,s2_n103_99,s4_n40_7,s1_below_4282,s1_below_2,s2_2001_2003,s2_760_2075,s4_37_47,Passenger Car,s4_48_64,Deployed,s2_97_208,s1_below_1,Female,s3_80_96,s3_141_159,s2_164_318,s4_160_220,s2_2_4
3411,s2_885_1695,s2_n103_99,s5_7_up,s1_below_4282,s1_below_2,s4_2005_2007,s2_760_2075,s3_17_37,Passenger Car,s3_28_48,Not Deployed,s2_97_208,s1_below_1,Male,s2_37_80,s3_141_159,s2_164_318,s6_260_up,s2_2_4
3412,s2_885_1695,s2_n103_99,s4_n40_7,s1_below_4282,s3_3_4,s5_2007_2009,s2_760_2075,s4_37_47,Passenger Car,s4_48_64,Not Deployed,s2_97_208,s1_below_1,Male,s3_80_96,s3_141_159,s2_164_318,s3_80_160,s2_2_4
3413,s2_885_1695,s2_n103_99,s4_n40_7,s1_below_4282,s3_3_4,s4_2005_2007,s2_760_2075,s4_37_47,Passenger Car,s4_48_64,Not Deployed,s2_97_208,s1_below_1,Female,s2_37_80,s3_141_159,s2_164_318,s4_160_220,s2_2_4
3414,s2_885_1695,s2_n103_99,s5_7_up,s1_below_4282,s1_below_2,s1_below_2001,s2_760_2075,s5_47_57,Passenger Car,s4_48_64,Not Deployed,s2_97_208,s1_below_1,Male,s5_114_130,s3_141_159,s2_164_318,s6_260_up,s2_2_4
3415,s2_885_1695,s2_n103_99,s4_n40_7,s1_below_4282,s1_below_2,s3_2003_2005,s2_760_2075,s5_47_57,Passenger Car,s2_11_28,Deployed,s2_97_208,s1_below_1,Male,s3_80_96,s3_141_159,s2_164_318,s1_below_40,s2_2_4
3416,s2_885_1695,s2_n103_99,s4_n40_7,s1_below_4282,s1_below_2,s3_2003_2005,s2_760_2075,s5_47_57,Passenger Car,s2_11_28,Not Deployed,s2_97_208,s1_below_1,Male,s2_37_80,s3_141_159,s2_164_318,s1_below_40,s2_2_4
3417,s2_885_1695,s2_n103_99,s4_n40_7,s1_below_4282,s1_below_2,s4_2005_2007,s2_760_2075,s3_17_37,Passenger Car,s2_11_28,Deployed,s2_97_208,s1_below_1,Female,s2_37_80,s3_141_159,s2_164_318,s4_160_220,s2_2_4
3418,s2_885_1695,s2_n103_99,s4_n40_7,s1_below_4282,s1_below_2,s1_below_2001,s2_760_2075,s3_17_37,Truck (<=6000 lbs.),s4_48_64,Not Deployed,s2_97_208,s1_below_1,Female,s4_96_114,s3_141_159,s2_164_318,s3_80_160,s2_2_4
3419,s3_1695_2555,s2_n103_99,s5_7_up,s1_below_4282,s3_3_4,s4_2005_2007,s2_760_2075,s5_47_57,Truck (<=6000 lbs.),s3_28_48,Not Deployed,s2_97_208,s1_below_1,Male,s4_96_114,s3_141_159,s2_164_318,s5_220_260,s2_2_4
3420,s3_1695_2555,s2_n103_99,s4_n40_7,s1_below_4282,s3_3_4,s2_2001_2003,s2_760_2075,s5_47_57,Truck (<=6000 lbs.),s2_11_28,Not Deployed,s2_97_208,s1_below_1,Male,s3_80_96,s3_141_159,s2_164_318,s2_40_80,s2_2_4
3421,s3_1695_2555,s2_n103_99,s4_n40_7,s1_below_4282,s1_below_2,s4_2005_2007,s2_760_2075,s3_17_37,Truck (<=6000 lbs.),s3_28_48,Deployed,s2_97_208,s1_below_1,Male,s2_37_80,s4_159_169,s2_164_318,s3_80_160,s3_4_5
3422,s2_885_1695,s2_n103_99,s4_n40_7,s1_below_4282,s5_5_6,s3_2003_2005,s2_760_2075,s4_37_47,Truck (<=6000 lbs.),s5_64_76,Deployed,s2_97_208,s1_below_1,Female,s2_37_80,s3_141_159,s2_164_318,s2_40_80,s2_2_4
3423,s2_885_1695,s2_n103_99,s5_7_up,s1_below_4282,s1_below_2,s1_below_2001,s3_2075_3730,s5_47_57,Passenger Car,s2_11_28,Deployed,s2_97_208,s1_below_1,Female,s4_96_114,s3_141_159,s2_164_318,s6_260_up,s2_2_4
3424,s2_885_1695,s2_n103_99,s3_n81_n40,s1_below_4282,s1_below_2,s2_2001_2003,s2_760_2075,s4_37_47,Passenger Car,s3_28_48,Deployed,s2_97_208,s2_1_2,Female,s2_37_80,s3_141_159,s2_164_318,s3_80_160,s2_2_4
3425,s2_885_1695,s2_n103_99,s4_n40_7,s1_below_4282,s1_below_2,s2_2001_2003,s2_760_2075,s3_17_37,Truck (<=6000 lbs.),s3_28_48,Not Deployed,s2_97_208,s1_below_1,Female,s2_37_80,s3_141_159,s2_164_318,s3_80_160,s2_2_4
3426,s3_1695_2555,s2_n103_99,s4_n40_7,s1_below_4282,s1_below_2,s4_2005_2007,s2_760_2075,s3_17_37,Truck (<=6000 lbs.),s4_48_64,Not Deployed,s2_97_208,s1_below_1,Male,s4_96_114,s3_141_159,s2_164_318,s2_40_80,s2_2_4
3427,s2_885_1695,s2_n103_99,s3_n81_n40,s1_below_4282,s2_2_3,s4_2005_2007,s2_760_2075,s4_37_47,Passenger Car,s2_11_28,Deployed,s2_97_208,s1_below_1,Female,s2_37_80,s3_141_159,s2_164_318,s3_80_160,s2_2_4
3428,s2_885_1695,s2_n103_99,s4_n40_7,s1_below_4282,s1_below_2,s2_2001_2003,s2_760_2075,s5_47_57,Passenger Car,s2_11_28,Deployed,s2_97_208,s3_2_3,Female,s2_37_80,s3_141_159,s2_164_318,s3_80_160,s2_2_4
3429,s3_1695_2555,s2_n103_99,s4_n40_7,s1_below_4282,s3_3_4,s2_2001_2003,s2_760_2075,s4_37_47,Truck (<=6000 lbs.),s2_11_28,Not Deployed,s2_97_208,s1_below_1,Female,s4_96_114,s3_141_159,s2_164_318,s3_80_160,s2_2_4
3430,s2_885_1695,s2_n103_99,s4_n40_7,s1_below_4282,s3_3_4,s1_below_2001,s2_760_2075,s4_37_47,Passenger Car,s2_11_28,Not Deployed,s2_97_208,s1_below_1,Male,s2_37_80,s3_141_159,s2_164_318,s4_160_220,s2_2_4
3431,s2_885_1695,s2_n103_99,s4_n40_7,s1_below_4282,s2_2_3,s5_2007_2009,s2_760_2075,s4_37_47,Passenger Car,s5_64_76,Not Deployed,s2_97_208,s1_below_1,Female,s2_37_80,s3_141_159,s2_164_318,s3_80_160,s2_2_4
3432,s2_885_1695,s2_n103_99,s4_n40_7,s1_below_4282,s4_4_5,s2_2001_2003,s2_760_2075,s5_47_57,Passenger Car,s2_11_28,Not Deployed,s2_97_208,s1_below_1,Female,s2_37_80,s3_141_159,s2_164_318,s3_80_160,s2_2_4
3433,s2_885_1695,s2_n103_99,s4_n40_7,s1_below_4282,s1_below_2,s3_2003_2005,s2_760_2075,s3_17_37,Passenger Car,s5_64_76,Not Deployed,s2_97_208,s1_below_1,Male,s5_114_130,s3_141_159,s2_164_318,s2_40_80,s2_2_4
3434,s2_885_1695,s2_n103_99,s5_7_up,s1_below_4282,s1_below_2,s3_2003_2005,s2_760_2075,s4_37_47,Truck (<=6000 lbs.),s3_28_48,Not Deployed,s2_97_208,s2_1_2,Male,s3_80_96,s3_141_159,s2_164_318,s6_260_up,s2_2_4
3435,s2_885_1695,s2_n103_99,s4_n40_7,s1_below_4282,s4_4_5,s4_2005_2007,s2_760_2075,s4_37_47,Passenger Car,s2_11_28,Not Deployed,s2_97_208,s1_below_1,Female,s2_37_80,s3_141_159,s2_164_318,s6_260_up,s2_2_4
3436,s2_885_1695,s2_n103_99,s5_7_up,s1_below_4282,s1_below_2,s4_2005_2007,s2_760_2075,s4_37_47,Truck (<=6000 lbs.),s5_64_76,Not Deployed,s2_97_208,s1_below_1,Female,s3_80_96,s3_141_159,s2_164_318,s6_260_up,s2_2_4
3437,s2_885_1695,s2_n103_99,s4_n40_7,s1_below_4282,s1_below_2,s1_below_2001,s2_760_2075,s3_17_37,Passenger Car,s2_11_28,Not Deployed,s2_97_208,s1_below_1,Female,s2_37_80,s3_141_159,s2_164_318,s3_80_160,s2_2_4
3438,s2_885_1695,s2_n103_99,s4_n40_7,s1_below_4282,s1_below_2,s1_below_2001,s2_760_2075,s4_37_47,Passenger Car,s3_28_48,Not Deployed,s2_97_208,s1_below_1,Male,s4_96_114,s3_141_159,s2_164_318,s3_80_160,s2_2_4
3439,s2_885_1695,s2_n103_99,s3_n81_n40,s1_below_4282,s4_4_5,s1_below_2001,s2_760_2075,s5_47_57,Passenger Car,s2_11_28,Deployed,s2_97_208,s1_below_1,Male,s3_80_96,s3_141_159,s2_164_318,s3_80_160,s2_2_4
3440,s3_1695_2555,s2_n103_99,s4_n40_7,s1_below_4282,s1_below_2,s1_below_2001,s2_760_2075,s4_37_47,Truck (<=6000 lbs.),s2_11_28,Deployed,s2_97_208,s1_below_1,Male,s4_96_114,s3_141_159,s2_164_318,s3_80_160,s2_2_4
3441,s3_1695_2555,s2_n103_99,s4_n40_7,s1_below_4282,s4_4_5,s3_2003_2005,s2_760_2075,s4_37_47,Truck (<=10000 lbs.),s3_28_48,Not Deployed,s2_97_208,s1_below_1,Male,s2_37_80,s5_169_179,s3_318_464,s3_80_160,s4_5_6
3442,s2_885_1695,s2_n103_99,s4_n40_7,s1_below_4282,s4_4_5,s1_below_2001,s3_2075_3730,s4_37_47,Passenger Car,s2_11_28,Deployed,s2_97_208,s1_below_1,Male,s2_37_80,s3_141_159,s2_164_318,s4_160_220,s2_2_4
3443,s3_1695_2555,s2_n103_99,s5_7_up,s1_below_4282,s1_below_2,s5_2007_2009,s2_760_2075,s3_17_37,Truck (<=10000 lbs.),s3_28_48,Not Deployed,s2_97_208,s1_below_1,Male,s3_80_96,s4_159_169,s2_164_318,s6_260_up,s2_2_4
3444,s2_885_1695,s2_n103_99,s4_n40_7,s1_below_4282,s1_below_2,s2_2001_2003,s3_2075_3730,s3_17_37,Passenger Car,s3_28_48,Not Deployed,s2_97_208,s1_below_1,Female,s2_37_80,s3_141_159,s2_164_318,s3_80_160,s2_2_4
3445,s2_885_1695,s2_n103_99,s4_n40_7,s1_below_4282,s1_below_2,s2_2001_2003,s2_760_2075,s3_17_37,Truck (<=6000 lbs.),s3_28_48,Not Deployed,s2_97_208,s1_below_1,Male,s2_37_80,s3_141_159,s2_164_318,s3_80_160,s2_2_4
3446,s3_1695_2555,s2_n103_99,s4_n40_7,s1_below_4282,s2_2_3,s1_below_2001,s2_760_2075,s5_47_57,Truck (<=6000 lbs.),s4_48_64,Deployed,s2_97_208,s1_below_1,Male,s4_96_114,s3_141_159,s2_164_318,s3_80_160,s2_2_4
3447,s2_885_1695,s2_n103_99,s5_7_up,s1_below_4282,s5_5_6,s1_below_2001,s3_2075_3730,s3_17_37,Passenger Car,s5_64_76,Not Deployed,s2_97_208,s1_below_1,Female,s3_80_96,s3_141_159,s2_164_318,s6_260_up,s2_2_4
3448,s2_885_1695,s2_n103_99,s4_n40_7,s1_below_4282,s1_below_2,s5_2007_2009,s2_760_2075,s3_17_37,Truck (<=6000 lbs.),s6_76_up,Deployed,s2_97_208,s1_below_1,Male,s2_37_80,s3_141_159,s2_164_318,s3_80_160,s2_2_4
3449,s2_885_1695,s2_n103_99,s5_7_up,s1_below_4282,s1_below_2,s2_2001_2003,s2_760_2075,s4_37_47,Passenger Car,s4_48_64,Not Deployed,s2_97_208,s1_below_1,Female,s2_37_80,s3_141_159,s2_164_318,s6_260_up,s2_2_4
3450,s2_885_1695,s2_n103_99,s4_n40_7,s1_below_4282,s3_3_4,s4_2005_2007,s2_760_2075,s4_37_47,Passenger Car,s5_64_76,Deployed,s2_97_208,s1_below_1,Male,s2_37_80,s3_141_159,s2_164_318,s3_80_160,s2_2_4
3451,s2_885_1695,s2_n103_99,s4_n40_7,s1_below_4282,s1_below_2,s2_2001_2003,s2_760_2075,s4_37_47,Truck (<=6000 lbs.),s4_48_64,Not Deployed,s2_97_208,s1_below_1,Female,s2_37_80,s3_141_159,s2_164_318,s3_80_160,s2_2_4
3452,s3_1695_2555,s2_n103_99,s4_n40_7,s1_below_4282,s1_below_2,s4_2005_2007,s2_760_2075,s4_37_47,Truck (<=10000 lbs.),s3_28_48,Not Deployed,s2_97_208,s1_below_1,Male,s2_37_80,s5_169_179,s3_318_464,s2_40_80,s5_6_7
3453,s2_885_1695,s2_n103_99,s4_n40_7,s1_below_4282,s4_4_5,s4_2005_2007,s3_2075_3730,s4_37_47,Truck (<=6000 lbs.),s2_11_28,Deployed,s2_97_208,s1_below_1,Female,s3_80_96,s3_141_159,s2_164_318,s3_80_160,s2_2_4
3454,s4_2555_3715,s2_n103_99,s4_n40_7,s1_below_4282,s4_4_5,s3_2003_2005,s2_760_2075,s4_37_47,Truck (<=10000 lbs.),s6_76_up,Not Deployed,s2_97_208,s1_below_1,Male,s4_96_114,s5_169_179,s3_318_464,s4_160_220,s5_6_7
3455,s3_1695_2555,s2_n103_99,s4_n40_7,s1_below_4282,s1_below_2,s4_2005_2007,s3_2075_3730,s4_37_47,Truck (<=10000 lbs.),s3_28_48,Not Deployed,s2_97_208,s1_below_1,Male,s2_37_80,s4_159_169,s2_164_318,s3_80_160,s2_2_4
3456,s2_885_1695,s2_n103_99,s3_n81_n40,s1_below_4282,s2_2_3,s1_below_2001,s2_760_2075,s4_37_47,Passenger Car,s2_11_28,Deployed,s2_97_208,s1_below_1,Female,s2_37_80,s3_141_159,s2_164_318,s3_80_160,s2_2_4
3457,s2_885_1695,s2_n103_99,s4_n40_7,s1_below_4282,s1_below_2,s1_below_2001,s2_760_2075,s4_37_47,Passenger Car,s5_64_76,Deployed,s2_97_208,s2_1_2,Male,s4_96_114,s3_141_159,s2_164_318,s3_80_160,s2_2_4
3458,s2_885_1695,s2_n103_99,s4_n40_7,s1_below_4282,s1_below_2,s3_2003_2005,s2_760_2075,s4_37_47,Truck (<=6000 lbs.),s3_28_48,Deployed,s2_97_208,s5_4_5,Male,s2_37_80,s3_141_159,s2_164_318,s3_80_160,s2_2_4
3459,s2_885_1695,s2_n103_99,s4_n40_7,s1_below_4282,s1_below_2,s3_2003_2005,s2_760_2075,s5_47_57,Passenger Car,s4_48_64,Deployed,s2_97_208,s1_below_1,Male,s5_114_130,s3_141_159,s2_164_318,s3_80_160,s2_2_4
3460,s2_885_1695,s2_n103_99,s4_n40_7,s1_below_4282,s1_below_2,s3_2003_2005,s2_760_2075,s5_47_57,Passenger Car,s4_48_64,Deployed,s2_97_208,s3_2_3,Male,s4_96_114,s3_141_159,s2_164_318,s3_80_160,s2_2_4
3461,s2_885_1695,s2_n103_99,s5_7_up,s1_below_4282,s1_below_2,s4_2005_2007,s2_760_2075,s5_47_57,Passenger Car,s4_48_64,Not Deployed,s2_97_208,s1_below_1,Female,s2_37_80,s3_141_159,s2_164_318,s6_260_up,s2_2_4
3462,s2_885_1695,s2_n103_99,s4_n40_7,s1_below_4282,s3_3_4,s1_below_2001,s3_2075_3730,s4_37_47,Passenger Car,s2_11_28,Deployed,s2_97_208,s1_below_1,Male,s4_96_114,s3_141_159,s2_164_318,s3_80_160,s2_2_4
3463,s4_2555_3715,s2_n103_99,s4_n40_7,s1_below_4282,s1_below_2,s3_2003_2005,s2_760_2075,s4_37_47,Truck (<=10000 lbs.),s3_28_48,Not Deployed,s2_97_208,s1_below_1,Female,s3_80_96,s5_169_179,s3_318_464,s4_160_220,s5_6_7
3464,s2_885_1695,s2_n103_99,s4_n40_7,s1_below_4282,s1_below_2,s5_2007_2009,s2_760_2075,s3_17_37,Passenger Car,s3_28_48,Deployed,s2_97_208,s1_below_1,Female,s2_37_80,s3_141_159,s2_164_318,s3_80_160,s2_2_4
3465,s2_885_1695,s2_n103_99,s5_7_up,s1_below_4282,s3_3_4,s1_below_2001,s2_760_2075,s4_37_47,Passenger Car,s4_48_64,Not Deployed,s2_97_208,s2_1_2,Male,s3_80_96,s3_141_159,s2_164_318,s6_260_up,s2_2_4
3466,s2_885_1695,s2_n103_99,s4_n40_7,s1_below_4282,s1_below_2,s4_2005_2007,s2_760_2075,s3_17_37,Passenger Car,s2_11_28,Not Deployed,s2_97_208,s1_below_1,Male,s3_80_96,s3_141_159,s2_164_318,s3_80_160,s2_2_4
3467,s3_1695_2555,s2_n103_99,s4_n40_7,s1_below_4282,s1_below_2,s4_2005_2007,s2_760_2075,s3_17_37,Passenger Car,s5_64_76,Deployed,s2_97_208,s4_3_4,Male,s3_80_96,s4_159_169,s2_164_318,s2_40_80,s2_2_4
3468,s2_885_1695,s2_n103_99,s4_n40_7,s1_below_4282,s1_below_2,s4_2005_2007,s2_760_2075,s4_37_47,Passenger Car,s2_11_28,Not Deployed,s2_97_208,s1_below_1,Female,s2_37_80,s3_141_159,s2_164_318,s1_below_40,s2_2_4
3469,s2_885_1695,s2_n103_99,s5_7_up,s1_below_4282,s1_below_2,s3_2003_2005,s2_760_2075,s4_37_47,Passenger Car,s2_11_28,Not Deployed,s2_97_208,s1_below_1,Male,s3_80_96,s3_141_159,s2_164_318,s6_260_up,s2_2_4
3470,s2_885_1695,s2_n103_99,s4_n40_7,s1_below_4282,s1_below_2,s5_2007_2009,s2_760_2075,s4_37_47,Passenger Car,s2_11_28,Deployed,s2_97_208,s1_below_1,Female,s2_37_80,s3_141_159,s2_164_318,s3_80_160,s2_2_4
3471,s3_1695_2555,s2_n103_99,s4_n40_7,s1_below_4282,s1_below_2,s4_2005_2007,s2_760_2075,s5_47_57,Truck (<=6000 lbs.),s3_28_48,Deployed,s2_97_208,s1_below_1,Female,s4_96_114,s3_141_159,s2_164_318,s3_80_160,s2_2_4
3472,s2_885_1695,s2_n103_99,s4_n40_7,s1_below_4282,s1_below_2,s1_below_2001,s2_760_2075,s5_47_57,Passenger Car,s2_11_28,Not Deployed,s2_97_208,s1_below_1,Male,s2_37_80,s3_141_159,s2_164_318,s2_40_80,s2_2_4
3473,s2_885_1695,s2_n103_99,s4_n40_7,s1_below_4282,s1_below_2,s4_2005_2007,s3_2075_3730,s4_37_47,Passenger Car,s4_48_64,Not Deployed,s2_97_208,s1_below_1,Male,s3_80_96,s3_141_159,s2_164_318,s3_80_160,s2_2_4
3474,s3_1695_2555,s2_n103_99,s4_n40_7,s1_below_4282,s2_2_3,s3_2003_2005,s2_760_2075,s5_47_57,Truck (<=10000 lbs.),s4_48_64,Not Deployed,s2_97_208,s1_below_1,Male,s5_114_130,s5_169_179,s3_318_464,s3_80_160,s4_5_6
3475,s2_885_1695,s2_n103_99,s4_n40_7,s1_below_4282,s1_below_2,s4_2005_2007,s2_760_2075,s4_37_47,Passenger Car,s3_28_48,Deployed,s2_97_208,s1_below_1,Male,s3_80_96,s3_141_159,s2_164_318,s3_80_160,s2_2_4
3476,s2_885_1695,s2_n103_99,s3_n81_n40,s1_below_4282,s3_3_4,s4_2005_2007,s2_760_2075,s4_37_47,Passenger Car,s2_11_28,Not Deployed,s2_97_208,s1_below_1,Male,s2_37_80,s3_141_159,s2_164_318,s3_80_160,s2_2_4
3477,s2_885_1695,s2_n103_99,s4_n40_7,s1_below_4282,s1_below_2,s3_2003_2005,s2_760_2075,s3_17_37,Passenger Car,s2_11_28,Not Deployed,s2_97_208,s1_below_1,Female,s2_37_80,s3_141_159,s2_164_318,s3_80_160,s2_2_4
3478,s3_1695_2555,s2_n103_99,s4_n40_7,s1_below_4282,s5_5_6,s3_2003_2005,s2_760_2075,s4_37_47,Truck (<=10000 lbs.),s4_48_64,Deployed,s2_97_208,s1_below_1,Female,s2_37_80,s5_169_179,s2_164_318,s3_80_160,s3_4_5
3479,s2_885_1695,s2_n103_99,s4_n40_7,s1_below_4282,s5_5_6,s5_2007_2009,s3_2075_3730,s3_17_37,Passenger Car,s2_11_28,Not Deployed,s2_97_208,s1_below_1,Female,s2_37_80,s3_141_159,s2_164_318,s4_160_220,s2_2_4
3480,s3_1695_2555,s2_n103_99,s4_n40_7,s1_below_4282,s4_4_5,s2_2001_2003,s2_760_2075,s3_17_37,Truck (<=6000 lbs.),s2_11_28,Not Deployed,s2_97_208,s1_below_1,Male,s3_80_96,s4_159_169,s2_164_318,s3_80_160,s2_2_4
3481,s2_885_1695,s2_n103_99,s4_n40_7,s1_below_4282,s1_below_2,s4_2005_2007,s2_760_2075,s3_17_37,Passenger Car,s2_11_28,Not Deployed,s2_97_208,s1_below_1,Female,s3_80_96,s3_141_159,s2_164_318,s3_80_160,s2_2_4
3482,s2_885_1695,s2_n103_99,s5_7_up,s1_below_4282,s1_below_2,s3_2003_2005,s2_760_2075,s3_17_37,Passenger Car,s4_48_64,Not Deployed,s2_97_208,s1_below_1,Male,s4_96_114,s3_141_159,s2_164_318,s4_160_220,s2_2_4
3483,s3_1695_2555,s2_n103_99,s4_n40_7,s1_below_4282,s3_3_4,s3_2003_2005,s2_760_2075,s4_37_47,Passenger Car,s2_11_28,Not Deployed,s2_97_208,s1_below_1,Female,s2_37_80,s3_141_159,s2_164_318,s3_80_160,s2_2_4
3484,s2_885_1695,s2_n103_99,s4_n40_7,s1_below_4282,s1_below_2,s1_below_2001,s2_760_2075,s3_17_37,Passenger Car,s2_11_28,Not Deployed,s2_97_208,s2_1_2,Female,s3_80_96,s3_141_159,s2_164_318,s4_160_220,s2_2_4
3485,s2_885_1695,s2_n103_99,s4_n40_7,s1_below_4282,s1_below_2,s4_2005_2007,s3_2075_3730,s3_17_37,Passenger Car,s3_28_48,Not Deployed,s2_97_208,s1_below_1,Female,s2_37_80,s3_141_159,s2_164_318,s3_80_160,s2_2_4
3486,s2_885_1695,s2_n103_99,s4_n40_7,s1_below_4282,s1_below_2,s4_2005_2007,s2_760_2075,s4_37_47,Truck (<=6000 lbs.),s3_28_48,Not Deployed,s2_97_208,s1_below_1,Female,s2_37_80,s4_159_169,s2_164_318,s3_80_160,s3_4_5
3487,s2_885_1695,s2_n103_99,s4_n40_7,s1_below_4282,s2_2_3,s2_2001_2003,s3_2075_3730,s4_37_47,Passenger Car,s3_28_48,Not Deployed,s2_97_208,s1_below_1,Female,s2_37_80,s3_141_159,s2_164_318,s3_80_160,s2_2_4
3488,s3_1695_2555,s2_n103_99,s4_n40_7,s1_below_4282,s1_below_2,s4_2005_2007,s2_760_2075,s3_17_37,Truck (<=6000 lbs.),s4_48_64,Deployed,s2_97_208,s2_1_2,Male,s2_37_80,s3_141_159,s2_164_318,s3_80_160,s2_2_4
3489,s3_1695_2555,s2_n103_99,s4_n40_7,s1_below_4282,s3_3_4,s3_2003_2005,s2_760_2075,s4_37_47,Truck (<=6000 lbs.),s2_11_28,Not Deployed,s2_97_208,s1_below_1,Female,s3_80_96,s3_141_159,s2_164_318,s3_80_160,s2_2_4
3490,s2_885_1695,s2_n103_99,s5_7_up,s1_below_4282,s3_3_4,s1_below_2001,s2_760_2075,s4_37_47,Passenger Car,s4_48_64,Deployed,s2_97_208,s1_below_1,Female,s2_37_80,s3_141_159,s2_164_318,s6_260_up,s2_2_4
3491,s3_1695_2555,s2_n103_99,s4_n40_7,s1_below_4282,s4_4_5,s2_2001_2003,s2_760_2075,s3_17_37,Truck (<=6000 lbs.),s4_48_64,Not Deployed,s2_97_208,s1_below_1,Female,s2_37_80,s3_141_159,s2_164_318,s2_40_80,s2_2_4
3492,s2_885_1695,s2_n103_99,s4_n40_7,s1_below_4282,s1_below_2,s4_2005_2007,s2_760_2075,s3_17_37,Passenger Car,s5_64_76,Not Deployed,s2_97_208,s1_below_1,Male,s3_80_96,s3_141_159,s2_164_318,s2_40_80,s2_2_4
3493,s2_885_1695,s2_n103_99,s5_7_up,s1_below_4282,s5_5_6,s2_2001_2003,s2_760_2075,s4_37_47,Truck (<=6000 lbs.),s4_48_64,Not Deployed,s2_97_208,s1_below_1,Male,s5_114_130,s3_141_159,s2_164_318,s5_220_260,s2_2_4
3494,s2_885_1695,s2_n103_99,s4_n40_7,s1_below_4282,s1_below_2,s5_2007_2009,s2_760_2075,s4_37_47,Passenger Car,s4_48_64,Deployed,s2_97_208,s1_below_1,Male,s2_37_80,s3_141_159,s2_164_318,s2_40_80,s2_2_4
3495,s2_885_1695,s2_n103_99,s5_7_up,s1_below_4282,s2_2_3,s4_2005_2007,s2_760_2075,s3_17_37,Passenger Car,s2_11_28,Not Deployed,s2_97_208,s1_below_1,Female,s2_37_80,s3_141_159,s2_164_318,s4_160_220,s2_2_4
3496,s2_885_1695,s2_n103_99,s4_n40_7,s1_below_4282,s3_3_4,s3_2003_2005,s2_760_2075,s3_17_37,Passenger Car,s2_11_28,Deployed,s2_97_208,s1_below_1,Male,s2_37_80,s3_141_159,s2_164_318,s3_80_160,s2_2_4
3497,s2_885_1695,s2_n103_99,s4_n40_7,s1_below_4282,s1_below_2,s5_2007_2009,s2_760_2075,s4_37_47,Passenger Car,s4_48_64,Deployed,s2_97_208,s1_below_1,Female,s2_37_80,s3_141_159,s2_164_318,s3_80_160,s2_2_4
3498,s2_885_1695,s2_n103_99,s4_n40_7,s1_below_4282,s4_4_5,s3_2003_2005,s2_760_2075,s4_37_47,Passenger Car,s6_76_up,Not Deployed,s2_97_208,s1_below_1,Female,s2_37_80,s3_141_159,s2_164_318,s3_80_160,s2_2_4
3499,s2_885_1695,s2_n103_99,s4_n40_7,s1_below_4282,s2_2_3,s3_2003_2005,s2_760_2075,s3_17_37,Passenger Car,s2_11_28,Deployed,s2_97_208,s1_below_1,Male,s4_96_114,s3_141_159,s2_164_318,s3_80_160,s2_2_4
3500,s2_885_1695,s2_n103_99,s4_n40_7,s1_below_4282,s3_3_4,s5_2007_2009,s2_760_2075,s4_37_47,Passenger Car,s4_48_64,Not Deployed,s2_97_208,s1_below_1,Male,s2_37_80,s3_141_159,s2_164_318,s3_80_160,s2_2_4
3501,s2_885_1695,s2_n103_99,s4_n40_7,s1_below_4282,s4_4_5,s5_2007_2009,s2_760_2075,s4_37_47,Passenger Car,s2_11_28,Deployed,s2_97_208,s1_below_1,Male,s2_37_80,s3_141_159,s2_164_318,s3_80_160,s2_2_4
3502,s3_1695_2555,s2_n103_99,s4_n40_7,s1_below_4282,s4_4_5,s4_2005_2007,s2_760_2075,s4_37_47,Truck (<=6000 lbs.),s4_48_64,Deployed,s2_97_208,s1_below_1,Male,s3_80_96,s4_159_169,s2_164_318,s3_80_160,s2_2_4
3503,s2_885_1695,s2_n103_99,s3_n81_n40,s1_below_4282,s4_4_5,s4_2005_2007,s2_760_2075,s3_17_37,Passenger Car,s5_64_76,Deployed,s2_97_208,s1_below_1,Female,s2_37_80,s3_141_159,s2_164_318,s2_40_80,s2_2_4
3504,s3_1695_2555,s2_n103_99,s4_n40_7,s1_below_4282,s1_below_2,s4_2005_2007,s2_760_2075,s3_17_37,Truck (<=6000 lbs.),s3_28_48,Not Deployed,s2_97_208,s2_1_2,Male,s4_96_114,s3_141_159,s2_164_318,s3_80_160,s2_2_4
3505,s2_885_1695,s2_n103_99,s4_n40_7,s1_below_4282,s1_below_2,s3_2003_2005,s2_760_2075,s3_17_37,Passenger Car,s4_48_64,Not Deployed,s2_97_208,s1_below_1,Male,s2_37_80,s3_141_159,s2_164_318,s4_160_220,s2_2_4
3506,s2_885_1695,s2_n103_99,s4_n40_7,s1_below_4282,s3_3_4,s4_2005_2007,s3_2075_3730,s4_37_47,Passenger Car,s2_11_28,Deployed,s2_97_208,s1_below_1,Female,s2_37_80,s3_141_159,s2_164_318,s3_80_160,s2_2_4
3507,s3_1695_2555,s2_n103_99,s4_n40_7,s1_below_4282,s2_2_3,s3_2003_2005,s2_760_2075,s4_37_47,Truck (<=10000 lbs.),s2_11_28,Not Deployed,s2_97_208,s1_below_1,Male,s2_37_80,s5_169_179,s3_318_464,s2_40_80,s4_5_6
3508,s2_885_1695,s2_n103_99,s4_n40_7,s1_below_4282,s4_4_5,s3_2003_2005,s2_760_2075,s3_17_37,Passenger Car,s2_11_28,Not Deployed,s2_97_208,s1_below_1,Male,s3_80_96,s3_141_159,s2_164_318,s4_160_220,s2_2_4
3509,s2_885_1695,s2_n103_99,s3_n81_n40,s1_below_4282,s2_2_3,s4_2005_2007,s2_760_2075,s4_37_47,Passenger Car,s2_11_28,Deployed,s2_97_208,s1_below_1,Male,s2_37_80,s3_141_159,s2_164_318,s3_80_160,s2_2_4
3510,s2_885_1695,s2_n103_99,s4_n40_7,s1_below_4282,s1_below_2,s2_2001_2003,s2_760_2075,s4_37_47,Passenger Car,s5_64_76,Not Deployed,s2_97_208,s1_below_1,Female,s2_37_80,s3_141_159,s2_164_318,s1_below_40,s2_2_4
3511,s2_885_1695,s2_n103_99,s4_n40_7,s1_below_4282,s1_below_2,s2_2001_2003,s2_760_2075,s3_17_37,Passenger Car,s2_11_28,Deployed,s2_97_208,s1_below_1,Male,s3_80_96,s3_141_159,s2_164_318,s3_80_160,s2_2_4
3512,s2_885_1695,s2_n103_99,s4_n40_7,s1_below_4282,s2_2_3,s4_2005_2007,s2_760_2075,s4_37_47,Passenger Car,s2_11_28,Not Deployed,s2_97_208,s1_below_1,Male,s2_37_80,s3_141_159,s2_164_318,s3_80_160,s2_2_4
3513,s2_885_1695,s2_n103_99,s4_n40_7,s1_below_4282,s3_3_4,s5_2007_2009,s3_2075_3730,s3_17_37,Truck (<=6000 lbs.),s2_11_28,Not Deployed,s2_97_208,s1_below_1,Male,s3_80_96,s3_141_159,s2_164_318,s3_80_160,s2_2_4
3514,s2_885_1695,s2_n103_99,s4_n40_7,s1_below_4282,s1_below_2,s4_2005_2007,s2_760_2075,s4_37_47,Passenger Car,s2_11_28,Not Deployed,s2_97_208,s1_below_1,Male,s3_80_96,s3_141_159,s2_164_318,s3_80_160,s2_2_4
3515,s2_885_1695,s2_n103_99,s5_7_up,s1_below_4282,s4_4_5,s2_2001_2003,s2_760_2075,s4_37_47,Passenger Car,s3_28_48,Not Deployed,s2_97_208,s1_below_1,Male,s2_37_80,s3_141_159,s2_164_318,s6_260_up,s2_2_4
3516,s2_885_1695,s2_n103_99,s4_n40_7,s1_below_4282,s2_2_3,s3_2003_2005,s2_760_2075,s4_37_47,Passenger Car,s4_48_64,Not Deployed,s2_97_208,s1_below_1,Male,s2_37_80,s3_141_159,s2_164_318,s4_160_220,s2_2_4
3517,s2_885_1695,s2_n103_99,s4_n40_7,s1_below_4282,s2_2_3,s4_2005_2007,s2_760_2075,s4_37_47,Passenger Car,s3_28_48,Deployed,s2_97_208,s1_below_1,Male,s4_96_114,s3_141_159,s2_164_318,s3_80_160,s2_2_4
3518,s2_885_1695,s2_n103_99,s4_n40_7,s1_below_4282,s1_below_2,s1_below_2001,s2_760_2075,s3_17_37,Passenger Car,s5_64_76,Deployed,s2_97_208,s2_1_2,Female,s3_80_96,s3_141_159,s2_164_318,s3_80_160,s2_2_4
3519,s3_1695_2555,s2_n103_99,s4_n40_7,s1_below_4282,s2_2_3,s4_2005_2007,s2_760_2075,s4_37_47,Truck (<=6000 lbs.),s4_48_64,Deployed,s2_97_208,s1_below_1,Male,s2_37_80,s4_159_169,s2_164_318,s3_80_160,s2_2_4
3520,s3_1695_2555,s2_n103_99,s5_7_up,s1_below_4282,s2_2_3,s2_2001_2003,s3_2075_3730,s4_37_47,Truck (<=6000 lbs.),s4_48_64,Not Deployed,s2_97_208,s1_below_1,Female,s4_96_114,s4_159_169,s2_164_318,s6_260_up,s3_4_5
3521,s2_885_1695,s2_n103_99,s4_n40_7,s1_below_4282,s3_3_4,s5_2007_2009,s2_760_2075,s3_17_37,Passenger Car,s4_48_64,Deployed,s2_97_208,s1_below_1,Male,s4_96_114,s3_141_159,s2_164_318,s4_160_220,s2_2_4
3522,s2_885_1695,s2_n103_99,s4_n40_7,s1_below_4282,s1_below_2,s2_2001_2003,s2_760_2075,s4_37_47,Passenger Car,s6_76_up,Not Deployed,s2_97_208,s2_1_2,Female,s2_37_80,s3_141_159,s2_164_318,s1_below_40,s2_2_4
3523,s2_885_1695,s2_n103_99,s4_n40_7,s1_below_4282,s1_below_2,s2_2001_2003,s2_760_2075,s3_17_37,Passenger Car,s5_64_76,Not Deployed,s2_97_208,s1_below_1,Female,s4_96_114,s3_141_159,s2_164_318,s3_80_160,s2_2_4
3524,s2_885_1695,s2_n103_99,s4_n40_7,s1_below_4282,s4_4_5,s5_2007_2009,s2_760_2075,s4_37_47,Passenger Car,s3_28_48,Deployed,s2_97_208,s1_below_1,Female,s2_37_80,s3_141_159,s2_164_318,s3_80_160,s2_2_4
3525,s2_885_1695,s2_n103_99,s4_n40_7,s1_below_4282,s4_4_5,s4_2005_2007,s2_760_2075,s4_37_47,Truck (<=6000 lbs.),s3_28_48,Deployed,s2_97_208,s1_below_1,Male,s3_80_96,s3_141_159,s2_164_318,s3_80_160,s2_2_4
3526,s2_885_1695,s2_n103_99,s5_7_up,s1_below_4282,s1_below_2,s5_2007_2009,s2_760_2075,s3_17_37,Passenger Car,s4_48_64,Not Deployed,s2_97_208,s1_below_1,Female,s2_37_80,s3_141_159,s2_164_318,s6_260_up,s2_2_4
3527,s2_885_1695,s2_n103_99,s4_n40_7,s1_below_4282,s2_2_3,s4_2005_2007,s2_760_2075,s3_17_37,Passenger Car,s4_48_64,Not Deployed,s2_97_208,s1_below_1,Female,s2_37_80,s3_141_159,s2_164_318,s3_80_160,s2_2_4
3528,s2_885_1695,s2_n103_99,s4_n40_7,s1_below_4282,s1_below_2,s2_2001_2003,s2_760_2075,s4_37_47,Passenger Car,s2_11_28,Not Deployed,s2_97_208,s1_below_1,Female,s2_37_80,s3_141_159,s2_164_318,s3_80_160,s2_2_4
3529,s3_1695_2555,s2_n103_99,s4_n40_7,s1_below_4282,s2_2_3,s2_2001_2003,s2_760_2075,s4_37_47,Truck (<=6000 lbs.),s2_11_28,Deployed,s2_97_208,s4_3_4,Male,s3_80_96,s4_159_169,s2_164_318,s3_80_160,s2_2_4
3530,s2_885_1695,s2_n103_99,s4_n40_7,s1_below_4282,s1_below_2,s4_2005_2007,s2_760_2075,s3_17_37,Truck (<=6000 lbs.),s3_28_48,Not Deployed,s2_97_208,s1_below_1,Female,s3_80_96,s3_141_159,s2_164_318,s3_80_160,s2_2_4
3531,s2_885_1695,s2_n103_99,s4_n40_7,s1_below_4282,s1_below_2,s4_2005_2007,s2_760_2075,s4_37_47,Passenger Car,s6_76_up,Deployed,s2_97_208,s1_below_1,Male,s3_80_96,s3_141_159,s2_164_318,s3_80_160,s2_2_4
3532,s3_1695_2555,s2_n103_99,s4_n40_7,s1_below_4282,s2_2_3,s3_2003_2005,s2_760_2075,s3_17_37,Truck (<=6000 lbs.),s3_28_48,Deployed,s2_97_208,s2_1_2,Female,s3_80_96,s4_159_169,s2_164_318,s3_80_160,s3_4_5
3533,s3_1695_2555,s2_n103_99,s4_n40_7,s1_below_4282,s2_2_3,s3_2003_2005,s2_760_2075,s3_17_37,Truck (<=6000 lbs.),s2_11_28,Not Deployed,s2_97_208,s1_below_1,Male,s2_37_80,s5_169_179,s2_164_318,s3_80_160,s3_4_5
3534,s3_1695_2555,s2_n103_99,s4_n40_7,s1_below_4282,s3_3_4,s3_2003_2005,s2_760_2075,s3_17_37,Truck (<=6000 lbs.),s3_28_48,Not Deployed,s2_97_208,s1_below_1,Female,s3_80_96,s3_141_159,s3_318_464,s3_80_160,s3_4_5
3535,s3_1695_2555,s2_n103_99,s4_n40_7,s1_below_4282,s1_below_2,s3_2003_2005,s2_760_2075,s4_37_47,Truck (<=10000 lbs.),s3_28_48,Not Deployed,s2_97_208,s1_below_1,Male,s5_114_130,s5_169_179,s3_318_464,s3_80_160,s5_6_7
3536,s2_885_1695,s2_n103_99,s4_n40_7,s1_below_4282,s1_below_2,s1_below_2001,s3_2075_3730,s3_17_37,Passenger Car,s3_28_48,Not Deployed,s2_97_208,s1_below_1,Female,s2_37_80,s3_141_159,s2_164_318,s4_160_220,s2_2_4
3537,s2_885_1695,s2_n103_99,s4_n40_7,s1_below_4282,s1_below_2,s5_2007_2009,s2_760_2075,s3_17_37,Passenger Car,s2_11_28,Not Deployed,s2_97_208,s1_below_1,Female,s6_130_up,s3_141_159,s2_164_318,s4_160_220,s2_2_4
3538,s2_885_1695,s2_n103_99,s4_n40_7,s1_below_4282,s1_below_2,s2_2001_2003,s2_760_2075,s3_17_37,Passenger Car,s3_28_48,Not Deployed,s2_97_208,s1_below_1,Female,s2_37_80,s3_141_159,s2_164_318,s3_80_160,s2_2_4
3539,s3_1695_2555,s2_n103_99,s4_n40_7,s1_below_4282,s1_below_2,s3_2003_2005,s2_760_2075,s1_below_7,Truck (<=6000 lbs.),s4_48_64,Not Deployed,s2_97_208,s1_below_1,Female,s2_37_80,s5_169_179,s2_164_318,s4_160_220,s2_2_4
3540,s2_885_1695,s2_n103_99,s4_n40_7,s1_below_4282,s4_4_5,s4_2005_2007,s2_760_2075,s4_37_47,Passenger Car,s2_11_28,Deployed,s2_97_208,s1_below_1,Male,s3_80_96,s3_141_159,s2_164_318,s3_80_160,s2_2_4
3541,s2_885_1695,s2_n103_99,s4_n40_7,s1_below_4282,s1_below_2,s5_2007_2009,s2_760_2075,s4_37_47,Passenger Car,s3_28_48,Deployed,s2_97_208,s1_below_1,Male,s3_80_96,s3_141_159,s2_164_318,s3_80_160,s2_2_4
3542,s3_1695_2555,s2_n103_99,s4_n40_7,s1_below_4282,s4_4_5,s5_2007_2009,s2_760_2075,s4_37_47,Truck (<=6000 lbs.),s3_28_48,Not Deployed,s2_97_208,s1_below_1,Female,s2_37_80,s3_141_159,s2_164_318,s3_80_160,s2_2_4
3543,s2_885_1695,s2_n103_99,s4_n40_7,s1_below_4282,s3_3_4,s1_below_2001,s2_760_2075,s4_37_47,Passenger Car,s3_28_48,Deployed,s2_97_208,s1_below_1,Male,s3_80_96,s3_141_159,s2_164_318,s3_80_160,s2_2_4
3544,s2_885_1695,s2_n103_99,s5_7_up,s1_below_4282,s3_3_4,s2_2001_2003,s2_760_2075,s4_37_47,Passenger Car,s2_11_28,Deployed,s2_97_208,s1_below_1,Female,s2_37_80,s3_141_159,s2_164_318,s6_260_up,s2_2_4
3545,s3_1695_2555,s2_n103_99,s5_7_up,s1_below_4282,s2_2_3,s1_below_2001,s2_760_2075,s4_37_47,Passenger Car,s3_28_48,Not Deployed,s2_97_208,s1_below_1,Male,s4_96_114,s3_141_159,s2_164_318,s6_260_up,s2_2_4
3546,s2_885_1695,s2_n103_99,s4_n40_7,s1_below_4282,s1_below_2,s3_2003_2005,s2_760_2075,s3_17_37,Passenger Car,s2_11_28,Not Deployed,s2_97_208,s1_below_1,Male,s2_37_80,s3_141_159,s2_164_318,s3_80_160,s2_2_4
3547,s2_885_1695,s2_n103_99,s4_n40_7,s1_below_4282,s1_below_2,s1_below_2001,s2_760_2075,s4_37_47,Passenger Car,s5_64_76,Not Deployed,s2_97_208,s2_1_2,Female,s2_37_80,s3_141_159,s2_164_318,s3_80_160,s2_2_4
3548,s2_885_1695,s2_n103_99,s4_n40_7,s1_below_4282,s1_below_2,s1_below_2001,s2_760_2075,s3_17_37,Passenger Car,s5_64_76,Not Deployed,s2_97_208,s1_below_1,Female,s3_80_96,s3_141_159,s2_164_318,s3_80_160,s2_2_4
3549,s3_1695_2555,s2_n103_99,s4_n40_7,s1_below_4282,s4_4_5,s4_2005_2007,s3_2075_3730,s3_17_37,Truck (<=6000 lbs.),s2_11_28,Deployed,s2_97_208,s1_below_1,Male,s5_114_130,s3_141_159,s2_164_318,s3_80_160,s2_2_4
3550,s3_1695_2555,s2_n103_99,s4_n40_7,s1_below_4282,s1_below_2,s4_2005_2007,s2_760_2075,s3_17_37,Truck (<=6000 lbs.),s3_28_48,Deployed,s2_97_208,s1_below_1,Male,s2_37_80,s3_141_159,s2_164_318,s2_40_80,s2_2_4
3551,s2_885_1695,s2_n103_99,s3_n81_n40,s1_below_4282,s1_below_2,s2_2001_2003,s2_760_2075,s3_17_37,Passenger Car,s4_48_64,Deployed,s2_97_208,s1_below_1,Female,s2_37_80,s3_141_159,s2_164_318,s1_below_40,s2_2_4
3552,s3_1695_2555,s2_n103_99,s4_n40_7,s1_below_4282,s3_3_4,s3_2003_2005,s2_760_2075,s3_17_37,Truck (<=6000 lbs.),s2_11_28,Deployed,s2_97_208,s2_1_2,Male,s2_37_80,s4_159_169,s2_164_318,s3_80_160,s3_4_5
3553,s2_885_1695,s2_n103_99,s4_n40_7,s1_below_4282,s1_below_2,s1_below_2001,s2_760_2075,s4_37_47,Passenger Car,s2_11_28,Deployed,s2_97_208,s1_below_1,Male,s4_96_114,s3_141_159,s2_164_318,s3_80_160,s2_2_4
3554,s2_885_1695,s2_n103_99,s3_n81_n40,s1_below_4282,s1_below_2,s3_2003_2005,s2_760_2075,s3_17_37,Passenger Car,s2_11_28,Deployed,s2_97_208,s1_below_1,Female,s3_80_96,s3_141_159,s2_164_318,s3_80_160,s2_2_4
3555,s2_885_1695,s2_n103_99,s4_n40_7,s1_below_4282,s4_4_5,s3_2003_2005,s2_760_2075,s3_17_37,Passenger Car,s5_64_76,Deployed,s2_97_208,s1_below_1,Female,s3_80_96,s3_141_159,s2_164_318,s3_80_160,s2_2_4
3556,s2_885_1695,s2_n103_99,s4_n40_7,s1_below_4282,s1_below_2,s3_2003_2005,s2_760_2075,s3_17_37,Passenger Car,s3_28_48,Not Deployed,s2_97_208,s1_below_1,Female,s2_37_80,s3_141_159,s2_164_318,s3_80_160,s2_2_4
3557,s2_885_1695,s2_n103_99,s3_n81_n40,s1_below_4282,s1_below_2,s4_2005_2007,s2_760_2075,s3_17_37,Passenger Car,s6_76_up,Not Deployed,s2_97_208,s3_2_3,Female,s2_37_80,s3_141_159,s2_164_318,s1_below_40,s2_2_4
3558,s3_1695_2555,s2_n103_99,s4_n40_7,s1_below_4282,s1_below_2,s2_2001_2003,s2_760_2075,s3_17_37,Passenger Car,s4_48_64,Not Deployed,s2_97_208,s1_below_1,Male,s4_96_114,s4_159_169,s2_164_318,s3_80_160,s2_2_4
3559,s3_1695_2555,s2_n103_99,s4_n40_7,s1_below_4282,s5_5_6,s5_2007_2009,s2_760_2075,s4_37_47,Truck (<=6000 lbs.),s4_48_64,Not Deployed,s2_97_208,s1_below_1,Female,s2_37_80,s4_159_169,s2_164_318,s3_80_160,s2_2_4
3560,s2_885_1695,s2_n103_99,s4_n40_7,s1_below_4282,s2_2_3,s1_below_2001,s2_760_2075,s4_37_47,Passenger Car,s3_28_48,Deployed,s2_97_208,s1_below_1,Male,s3_80_96,s3_141_159,s2_164_318,s3_80_160,s2_2_4
3561,s2_885_1695,s2_n103_99,s4_n40_7,s1_below_4282,s1_below_2,s2_2001_2003,s3_2075_3730,s4_37_47,Passenger Car,s5_64_76,Not Deployed,s2_97_208,s1_below_1,Female,s2_37_80,s3_141_159,s2_164_318,s3_80_160,s2_2_4
3562,s2_885_1695,s2_n103_99,s4_n40_7,s1_below_4282,s1_below_2,s4_2005_2007,s2_760_2075,s4_37_47,Passenger Car,s4_48_64,Deployed,s2_97_208,s1_below_1,Female,s2_37_80,s3_141_159,s2_164_318,s3_80_160,s2_2_4
3563,s2_885_1695,s2_n103_99,s4_n40_7,s1_below_4282,s1_below_2,s1_below_2001,s2_760_2075,s3_17_37,Passenger Car,s2_11_28,Not Deployed,s2_97_208,s1_below_1,Female,s2_37_80,s3_141_159,s2_164_318,s3_80_160,s2_2_4
3564,s2_885_1695,s2_n103_99,s4_n40_7,s1_below_4282,s1_below_2,s1_below_2001,s2_760_2075,s4_37_47,Passenger Car,s6_76_up,Not Deployed,s2_97_208,s1_below_1,Female,s2_37_80,s3_141_159,s2_164_318,s3_80_160,s2_2_4
3565,s2_885_1695,s2_n103_99,s4_n40_7,s1_below_4282,s4_4_5,s2_2001_2003,s2_760_2075,s4_37_47,Passenger Car,s5_64_76,Not Deployed,s2_97_208,s1_below_1,Male,s3_80_96,s3_141_159,s2_164_318,s4_160_220,s2_2_4
3566,s2_885_1695,s2_n103_99,s4_n40_7,s1_below_4282,s1_below_2,s4_2005_2007,s2_760_2075,s4_37_47,Passenger Car,s4_48_64,Not Deployed,s2_97_208,s1_below_1,Male,s5_114_130,s3_141_159,s2_164_318,s4_160_220,s2_2_4
3567,s2_885_1695,s2_n103_99,s4_n40_7,s1_below_4282,s2_2_3,s4_2005_2007,s2_760_2075,s3_17_37,Passenger Car,s5_64_76,Deployed,s2_97_208,s1_below_1,Female,s4_96_114,s3_141_159,s2_164_318,s3_80_160,s2_2_4
3568,s2_885_1695,s2_n103_99,s4_n40_7,s1_below_4282,s1_below_2,s5_2007_2009,s2_760_2075,s4_37_47,Truck (<=6000 lbs.),s3_28_48,Not Deployed,s2_97_208,s1_below_1,Female,s3_80_96,s3_141_159,s2_164_318,s3_80_160,s2_2_4
3569,s3_1695_2555,s2_n103_99,s4_n40_7,s1_below_4282,s1_below_2,s3_2003_2005,s2_760_2075,s3_17_37,Truck (<=6000 lbs.),s2_11_28,Deployed,s2_97_208,s3_2_3,Male,s2_37_80,s3_141_159,s2_164_318,s3_80_160,s2_2_4
3570,s2_885_1695,s2_n103_99,s4_n40_7,s1_below_4282,s4_4_5,s4_2005_2007,s2_760_2075,s3_17_37,Passenger Car,s3_28_48,Not Deployed,s2_97_208,s1_below_1,Female,s2_37_80,s3_141_159,s2_164_318,s3_80_160,s2_2_4
3571,s2_885_1695,s2_n103_99,s4_n40_7,s1_below_4282,s2_2_3,s4_2005_2007,s3_2075_3730,s3_17_37,Passenger Car,s2_11_28,Deployed,s2_97_208,s1_below_1,Male,s2_37_80,s3_141_159,s2_164_318,s3_80_160,s2_2_4
3572,s2_885_1695,s2_n103_99,s4_n40_7,s1_below_4282,s2_2_3,s4_2005_2007,s2_760_2075,s5_47_57,Passenger Car,s3_28_48,Not Deployed,s2_97_208,s1_below_1,Male,s2_37_80,s4_159_169,s1_below_164,s3_80_160,s1_below_2
3573,s3_1695_2555,s2_n103_99,s4_n40_7,s1_below_4282,s1_below_2,s4_2005_2007,s3_2075_3730,s3_17_37,Passenger Car,s4_48_64,Deployed,s2_97_208,s1_below_1,Male,s3_80_96,s3_141_159,s2_164_318,s4_160_220,s2_2_4
3574,s3_1695_2555,s2_n103_99,s3_n81_n40,s1_below_4282,s3_3_4,s3_2003_2005,s2_760_2075,s3_17_37,Truck (<=10000 lbs.),s4_48_64,Deployed,s2_97_208,s3_2_3,Male,s3_80_96,s4_159_169,s2_164_318,s3_80_160,s3_4_5
3575,s3_1695_2555,s2_n103_99,s5_7_up,s1_below_4282,s2_2_3,s2_2001_2003,s2_760_2075,s4_37_47,Truck (<=6000 lbs.),s4_48_64,Not Deployed,s2_97_208,s1_below_1,Male,s3_80_96,s3_141_159,s2_164_318,s6_260_up,s2_2_4
3576,s2_885_1695,s2_n103_99,s4_n40_7,s1_below_4282,s2_2_3,s2_2001_2003,s2_760_2075,s5_47_57,Passenger Car,s2_11_28,Not Deployed,s2_97_208,s1_below_1,Male,s2_37_80,s3_141_159,s2_164_318,s3_80_160,s2_2_4
3577,s3_1695_2555,s2_n103_99,s4_n40_7,s1_below_4282,s3_3_4,s4_2005_2007,s3_2075_3730,s3_17_37,Truck (<=10000 lbs.),s3_28_48,Deployed,s2_97_208,s1_below_1,Male,s2_37_80,s4_159_169,s3_318_464,s3_80_160,s4_5_6
3578,s2_885_1695,s2_n103_99,s4_n40_7,s1_below_4282,s6_6_up,s4_2005_2007,s2_760_2075,s3_17_37,Passenger Car,s3_28_48,Deployed,s2_97_208,s1_below_1,Female,s4_96_114,s3_141_159,s2_164_318,s5_220_260,s2_2_4
3579,s3_1695_2555,s2_n103_99,s4_n40_7,s1_below_4282,s3_3_4,s3_2003_2005,s2_760_2075,s3_17_37,Truck (<=6000 lbs.),s2_11_28,Not Deployed,s2_97_208,s1_below_1,Male,s4_96_114,s3_141_159,s2_164_318,s3_80_160,s2_2_4
3580,s2_885_1695,s2_n103_99,s4_n40_7,s1_below_4282,s1_below_2,s4_2005_2007,s2_760_2075,s3_17_37,Passenger Car,s4_48_64,Deployed,s2_97_208,s5_4_5,Male,s4_96_114,s3_141_159,s2_164_318,s4_160_220,s2_2_4
3581,s2_885_1695,s2_n103_99,s4_n40_7,s1_below_4282,s2_2_3,s2_2001_2003,s2_760_2075,s3_17_37,Passenger Car,s2_11_28,Not Deployed,s2_97_208,s1_below_1,Male,s2_37_80,s3_141_159,s2_164_318,s3_80_160,s2_2_4
3582,s3_1695_2555,s2_n103_99,s4_n40_7,s1_below_4282,s4_4_5,s2_2001_2003,s2_760_2075,s3_17_37,Truck (<=10000 lbs.),s3_28_48,Deployed,s2_97_208,s1_below_1,Female,s2_37_80,s4_159_169,s2_164_318,s4_160_220,s3_4_5
3583,s2_885_1695,s2_n103_99,s4_n40_7,s1_below_4282,s3_3_4,s2_2001_2003,s3_2075_3730,s3_17_37,Truck (<=6000 lbs.),s4_48_64,Not Deployed,s2_97_208,s1_below_1,Male,s3_80_96,s3_141_159,s2_164_318,s3_80_160,s2_2_4
3584,s2_885_1695,s2_n103_99,s4_n40_7,s1_below_4282,s1_below_2,s3_2003_2005,s2_760_2075,s3_17_37,Passenger Car,s4_48_64,Deployed,s2_97_208,s1_below_1,Male,s3_80_96,s3_141_159,s2_164_318,s1_below_40,s2_2_4
3585,s2_885_1695,s2_n103_99,s4_n40_7,s1_below_4282,s1_below_2,s4_2005_2007,s2_760_2075,s3_17_37,Passenger Car,s2_11_28,Deployed,s2_97_208,s1_below_1,Male,s2_37_80,s3_141_159,s2_164_318,s4_160_220,s2_2_4
3586,s3_1695_2555,s2_n103_99,s4_n40_7,s1_below_4282,s4_4_5,s2_2001_2003,s2_760_2075,s3_17_37,Truck (<=6000 lbs.),s2_11_28,Deployed,s2_97_208,s1_below_1,Female,s3_80_96,s3_141_159,s2_164_318,s3_80_160,s2_2_4
3587,s2_885_1695,s2_n103_99,s4_n40_7,s1_below_4282,s1_below_2,s3_2003_2005,s3_2075_3730,s3_17_37,Truck (<=6000 lbs.),s2_11_28,Deployed,s2_97_208,s2_1_2,Male,s2_37_80,s3_141_159,s2_164_318,s3_80_160,s2_2_4
3588,s3_1695_2555,s2_n103_99,s4_n40_7,s1_below_4282,s1_below_2,s4_2005_2007,s2_760_2075,s3_17_37,Truck (<=10000 lbs.),s2_11_28,Deployed,s2_97_208,s1_below_1,Female,s2_37_80,s4_159_169,s2_164_318,s3_80_160,s3_4_5
3589,s3_1695_2555,s2_n103_99,s4_n40_7,s1_below_4282,s1_below_2,s3_2003_2005,s2_760_2075,s3_17_37,Truck (<=6000 lbs.),s3_28_48,Deployed,s2_97_208,s1_below_1,Female,s3_80_96,s4_159_169,s2_164_318,s4_160_220,s3_4_5
3590,s2_885_1695,s2_n103_99,s4_n40_7,s1_below_4282,s1_below_2,s3_2003_2005,s2_760_2075,s3_17_37,Passenger Car,s2_11_28,Deployed,s2_97_208,s1_below_1,Female,s2_37_80,s3_141_159,s2_164_318,s3_80_160,s2_2_4
3591,s2_885_1695,s2_n103_99,s4_n40_7,s1_below_4282,s1_below_2,s3_2003_2005,s2_760_2075,s3_17_37,Passenger Car,s2_11_28,Deployed,s2_97_208,s1_below_1,Female,s2_37_80,s3_141_159,s2_164_318,s3_80_160,s2_2_4
3592,s3_1695_2555,s2_n103_99,s3_n81_n40,s1_below_4282,s1_below_2,s4_2005_2007,s2_760_2075,s3_17_37,Truck (<=6000 lbs.),s3_28_48,Deployed,s2_97_208,s4_3_4,Male,s4_96_114,s4_159_169,s2_164_318,s3_80_160,s2_2_4
3593,s2_885_1695,s2_n103_99,s4_n40_7,s1_below_4282,s3_3_4,s3_2003_2005,s2_760_2075,s3_17_37,Passenger Car,s2_11_28,Deployed,s2_97_208,s1_below_1,Female,s2_37_80,s3_141_159,s2_164_318,s4_160_220,s2_2_4
3594,s2_885_1695,s2_n103_99,s4_n40_7,s1_below_4282,s3_3_4,s4_2005_2007,s2_760_2075,s3_17_37,Passenger Car,s4_48_64,Not Deployed,s2_97_208,s1_below_1,Female,s4_96_114,s3_141_159,s2_164_318,s3_80_160,s2_2_4
3595,s2_885_1695,s2_n103_99,s4_n40_7,s1_below_4282,s1_below_2,s2_2001_2003,s2_760_2075,s3_17_37,Passenger Car,s2_11_28,Not Deployed,s2_97_208,s1_below_1,Male,s2_37_80,s3_141_159,s2_164_318,s4_160_220,s2_2_4
3596,s2_885_1695,s2_n103_99,s4_n40_7,s1_below_4282,s1_below_2,s5_2007_2009,s2_760_2075,s3_17_37,Passenger Car,s2_11_28,Not Deployed,s2_97_208,s1_below_1,Female,s2_37_80,s3_141_159,s2_164_318,s4_160_220,s2_2_4
3597,s2_885_1695,s2_n103_99,s4_n40_7,s1_below_4282,s1_below_2,s1_below_2001,s3_2075_3730,s3_17_37,Passenger Car,s2_11_28,Not Deployed,s2_97_208,s1_below_1,Female,s2_37_80,s3_141_159,s2_164_318,s4_160_220,s2_2_4
3598,s3_1695_2555,s2_n103_99,s4_n40_7,s1_below_4282,s1_below_2,s4_2005_2007,s2_760_2075,s3_17_37,Truck (<=10000 lbs.),s2_11_28,Not Deployed,s2_97_208,s1_below_1,Male,s3_80_96,s5_169_179,s3_318_464,s3_80_160,s4_5_6
3599,s2_885_1695,s2_n103_99,s5_7_up,s1_below_4282,s3_3_4,s5_2007_2009,s2_760_2075,s3_17_37,Passenger Car,s3_28_48,Not Deployed,s2_97_208,s1_below_1,Female,s2_37_80,s3_141_159,s2_164_318,s6_260_up,s2_2_4
3600,s2_885_1695,s2_n103_99,s4_n40_7,s1_below_4282,s4_4_5,s1_below_2001,s2_760_2075,s3_17_37,Truck (<=6000 lbs.),s2_11_28,Not Deployed,s2_97_208,s1_below_1,Female,s2_37_80,s3_141_159,s2_164_318,s4_160_220,s2_2_4
3601,s2_885_1695,s2_n103_99,s4_n40_7,s1_below_4282,s2_2_3,s4_2005_2007,s2_760_2075,s3_17_37,Passenger Car,s2_11_28,Deployed,s2_97_208,s1_below_1,Male,s2_37_80,s3_141_159,s2_164_318,s4_160_220,s2_2_4
3602,s2_885_1695,s2_n103_99,s3_n81_n40,s1_below_4282,s1_below_2,s2_2001_2003,s2_760_2075,s3_17_37,Passenger Car,s2_11_28,Deployed,s2_97_208,s3_2_3,Female,s2_37_80,s3_141_159,s2_164_318,s3_80_160,s2_2_4
3603,s3_1695_2555,s2_n103_99,s4_n40_7,s1_below_4282,s4_4_5,s5_2007_2009,s2_760_2075,s3_17_37,Passenger Car,s2_11_28,Not Deployed,s2_97_208,s2_1_2,Female,s2_37_80,s3_141_159,s2_164_318,s3_80_160,s3_4_5
3604,s2_885_1695,s2_n103_99,s4_n40_7,s1_below_4282,s6_6_up,s3_2003_2005,s2_760_2075,s3_17_37,Truck (<=6000 lbs.),s3_28_48,Deployed,s2_97_208,s1_below_1,Female,s4_96_114,s3_141_159,s2_164_318,s3_80_160,s2_2_4
3605,s2_885_1695,s2_n103_99,s4_n40_7,s1_below_4282,s3_3_4,s4_2005_2007,s2_760_2075,s3_17_37,Passenger Car,s3_28_48,Not Deployed,s2_97_208,s1_below_1,Female,s2_37_80,s3_141_159,s2_164_318,s3_80_160,s2_2_4
3606,s2_885_1695,s2_n103_99,s4_n40_7,s1_below_4282,s1_below_2,s4_2005_2007,s2_760_2075,s3_17_37,Passenger Car,s3_28_48,Not Deployed,s2_97_208,s1_below_1,Male,s3_80_96,s3_141_159,s2_164_318,s3_80_160,s2_2_4
3607,s2_885_1695,s2_n103_99,s4_n40_7,s1_below_4282,s3_3_4,s3_2003_2005,s2_760_2075,s3_17_37,Passenger Car,s3_28_48,Not Deployed,s2_97_208,s1_below_1,Female,s2_37_80,s3_141_159,s2_164_318,s4_160_220,s2_2_4
3608,s2_885_1695,s2_n103_99,s4_n40_7,s1_below_4282,s1_below_2,s3_2003_2005,s2_760_2075,s3_17_37,Passenger Car,s3_28_48,Not Deployed,s2_97_208,s1_below_1,Female,s2_37_80,s3_141_159,s2_164_318,s3_80_160,s2_2_4
3609,s2_885_1695,s2_n103_99,s4_n40_7,s1_below_4282,s1_below_2,s5_2007_2009,s2_760_2075,s3_17_37,Passenger Car,s2_11_28,Deployed,s2_97_208,s1_below_1,Male,s5_114_130,s3_141_159,s2_164_318,s4_160_220,s2_2_4
3610,s2_885_1695,s2_n103_99,s4_n40_7,s1_below_4282,s1_below_2,s3_2003_2005,s2_760_2075,s3_17_37,Passenger Car,s2_11_28,Not Deployed,s2_97_208,s1_below_1,Female,s2_37_80,s3_141_159,s2_164_318,s2_40_80,s2_2_4
3611,s3_1695_2555,s2_n103_99,s4_n40_7,s1_below_4282,s1_below_2,s2_2001_2003,s3_2075_3730,s3_17_37,Passenger Car,s3_28_48,Not Deployed,s2_97_208,s1_below_1,Male,s3_80_96,s3_141_159,s2_164_318,s2_40_80,s2_2_4
3612,s2_885_1695,s2_n103_99,s4_n40_7,s1_below_4282,s1_below_2,s5_2007_2009,s2_760_2075,s3_17_37,Passenger Car,s2_11_28,Not Deployed,s2_97_208,s1_below_1,Female,s2_37_80,s3_141_159,s2_164_318,s2_40_80,s2_2_4
3613,s3_1695_2555,s2_n103_99,s4_n40_7,s1_below_4282,s4_4_5,s2_2001_2003,s2_760_2075,s3_17_37,Truck (<=6000 lbs.),s2_11_28,Not Deployed,s2_97_208,s1_below_1,Male,s2_37_80,s3_141_159,s2_164_318,s3_80_160,s2_2_4
3614,s2_885_1695,s2_n103_99,s4_n40_7,s1_below_4282,s1_below_2,s1_below_2001,s2_760_2075,s3_17_37,Passenger Car,s4_48_64,Not Deployed,s2_97_208,s1_below_1,Male,s2_37_80,s3_141_159,s2_164_318,s3_80_160,s2_2_4
3615,s2_885_1695,s2_n103_99,s4_n40_7,s1_below_4282,s1_below_2,s2_2001_2003,s2_760_2075,s3_17_37,Passenger Car,s2_11_28,Not Deployed,s2_97_208,s1_below_1,Female,s4_96_114,s3_141_159,s2_164_318,s3_80_160,s2_2_4
3616,s3_1695_2555,s2_n103_99,s4_n40_7,s1_below_4282,s1_below_2,s2_2001_2003,s2_760_2075,s3_17_37,Truck (<=6000 lbs.),s4_48_64,Not Deployed,s2_97_208,s1_below_1,Male,s3_80_96,s4_159_169,s2_164_318,s3_80_160,s2_2_4
3617,s2_885_1695,s2_n103_99,s4_n40_7,s1_below_4282,s1_below_2,s5_2007_2009,s2_760_2075,s3_17_37,Passenger Car,s2_11_28,Not Deployed,s2_97_208,s1_below_1,Male,s2_37_80,s3_141_159,s2_164_318,s4_160_220,s2_2_4
3618,s2_885_1695,s2_n103_99,s4_n40_7,s1_below_4282,s1_below_2,s4_2005_2007,s2_760_2075,s3_17_37,Truck (<=6000 lbs.),s5_64_76,Not Deployed,s2_97_208,s1_below_1,Female,s2_37_80,s3_141_159,s2_164_318,s3_80_160,s2_2_4
3619,s3_1695_2555,s2_n103_99,s2_n112_n81,s1_below_4282,s1_below_2,s2_2001_2003,s2_760_2075,s3_17_37,Truck (<=6000 lbs.),s3_28_48,Deployed,s2_97_208,s1_below_1,Female,s2_37_80,s4_159_169,s2_164_318,s3_80_160,s2_2_4
3620,s2_885_1695,s2_n103_99,s4_n40_7,s1_below_4282,s1_below_2,s4_2005_2007,s2_760_2075,s3_17_37,Passenger Car,s5_64_76,Not Deployed,s2_97_208,s1_below_1,Male,s4_96_114,s3_141_159,s2_164_318,s3_80_160,s2_2_4
3621,s2_885_1695,s2_n103_99,s4_n40_7,s1_below_4282,s3_3_4,s4_2005_2007,s2_760_2075,s3_17_37,Passenger Car,s2_11_28,Deployed,s2_97_208,s1_below_1,Female,s4_96_114,s3_141_159,s2_164_318,s3_80_160,s2_2_4
3622,s2_885_1695,s2_n103_99,s4_n40_7,s1_below_4282,s1_below_2,s1_below_2001,s2_760_2075,s3_17_37,Passenger Car,s3_28_48,Not Deployed,s2_97_208,s1_below_1,Male,s4_96_114,s3_141_159,s2_164_318,s3_80_160,s2_2_4
3623,s2_885_1695,s2_n103_99,s4_n40_7,s1_below_4282,s1_below_2,s2_2001_2003,s2_760_2075,s3_17_37,Passenger Car,s3_28_48,Not Deployed,s2_97_208,s2_1_2,Female,s2_37_80,s3_141_159,s2_164_318,s4_160_220,s2_2_4
3624,s2_885_1695,s2_n103_99,s4_n40_7,s1_below_4282,s1_below_2,s4_2005_2007,s2_760_2075,s3_17_37,Passenger Car,s5_64_76,Not Deployed,s2_97_208,s1_below_1,Female,s4_96_114,s3_141_159,s2_164_318,s3_80_160,s2_2_4
3625,s3_1695_2555,s2_n103_99,s4_n40_7,s1_below_4282,s1_below_2,s1_below_2001,s2_760_2075,s3_17_37,Truck (<=6000 lbs.),s4_48_64,Not Deployed,s2_97_208,s1_below_1,Male,s3_80_96,s3_141_159,s2_164_318,s2_40_80,s2_2_4
3626,s2_885_1695,s2_n103_99,s4_n40_7,s1_below_4282,s1_below_2,s3_2003_2005,s2_760_2075,s3_17_37,Passenger Car,s5_64_76,Not Deployed,s2_97_208,s1_below_1,Male,s4_96_114,s3_141_159,s2_164_318,s3_80_160,s2_2_4
3627,s3_1695_2555,s2_n103_99,s4_n40_7,s1_below_4282,s1_below_2,s3_2003_2005,s2_760_2075,s3_17_37,Passenger Car,s3_28_48,Deployed,s2_97_208,s3_2_3,Male,s2_37_80,s3_141_159,s2_164_318,s4_160_220,s2_2_4
3628,s3_1695_2555,s2_n103_99,s4_n40_7,s1_below_4282,s1_below_2,s4_2005_2007,s2_760_2075,s3_17_37,Truck (<=6000 lbs.),s3_28_48,Not Deployed,s2_97_208,s1_below_1,Female,s2_37_80,s4_159_169,s2_164_318,s2_40_80,s3_4_5
3629,s3_1695_2555,s2_n103_99,s4_n40_7,s1_below_4282,s2_2_3,s2_2001_2003,s2_760_2075,s3_17_37,Truck (<=10000 lbs.),s3_28_48,Not Deployed,s2_97_208,s1_below_1,Male,s2_37_80,s5_169_179,s3_318_464,s3_80_160,s4_5_6
3630,s2_885_1695,s2_n103_99,s4_n40_7,s1_below_4282,s4_4_5,s2_2001_2003,s2_760_2075,s3_17_37,Passenger Car,s3_28_48,Deployed,s2_97_208,s1_below_1,Female,s3_80_96,s3_141_159,s2_164_318,s3_80_160,s2_2_4
3631,s2_885_1695,s2_n103_99,s5_7_up,s1_below_4282,s1_below_2,s1_below_2001,s2_760_2075,s3_17_37,Passenger Car,s3_28_48,Not Deployed,s2_97_208,s1_below_1,Female,s2_37_80,s3_141_159,s2_164_318,s6_260_up,s2_2_4
3632,s2_885_1695,s2_n103_99,s4_n40_7,s1_below_4282,s1_below_2,s3_2003_2005,s2_760_2075,s3_17_37,Passenger Car,s3_28_48,Not Deployed,s2_97_208,s1_below_1,Male,s2_37_80,s3_141_159,s2_164_318,s3_80_160,s2_2_4
3633,s2_885_1695,s2_n103_99,s4_n40_7,s1_below_4282,s1_below_2,s4_2005_2007,s2_760_2075,s3_17_37,Truck (<=6000 lbs.),s5_64_76,Not Deployed,s2_97_208,s1_below_1,Female,s2_37_80,s3_141_159,s2_164_318,s3_80_160,s2_2_4
3634,s2_885_1695,s2_n103_99,s4_n40_7,s1_below_4282,s1_below_2,s1_below_2001,s2_760_2075,s3_17_37,Passenger Car,s3_28_48,Deployed,s2_97_208,s1_below_1,Female,s2_37_80,s3_141_159,s2_164_318,s3_80_160,s2_2_4
3635,s2_885_1695,s2_n103_99,s4_n40_7,s1_below_4282,s1_below_2,s4_2005_2007,s3_2075_3730,s3_17_37,Passenger Car,s3_28_48,Deployed,s2_97_208,s1_below_1,Male,s5_114_130,s3_141_159,s2_164_318,s3_80_160,s2_2_4
3636,s3_1695_2555,s2_n103_99,s4_n40_7,s1_below_4282,s1_below_2,s5_2007_2009,s3_2075_3730,s3_17_37,Truck (<=6000 lbs.),s3_28_48,Not Deployed,s2_97_208,s1_below_1,Male,s6_130_up,s3_141_159,s2_164_318,s2_40_80,s2_2_4
3637,s2_885_1695,s2_n103_99,s4_n40_7,s1_below_4282,s1_below_2,s4_2005_2007,s2_760_2075,s4_37_47,Passenger Car,s2_11_28,Not Deployed,s2_97_208,s1_below_1,Female,s2_37_80,s3_141_159,s2_164_318,s3_80_160,s2_2_4
3638,s2_885_1695,s2_n103_99,s4_n40_7,s1_below_4282,s3_3_4,s3_2003_2005,s2_760_2075,s4_37_47,Passenger Car,s2_11_28,Not Deployed,s2_97_208,s1_below_1,Female,s3_80_96,s3_141_159,s2_164_318,s3_80_160,s2_2_4
3639,s2_885_1695,s2_n103_99,s4_n40_7,s1_below_4282,s3_3_4,s5_2007_2009,s2_760_2075,s4_37_47,Truck (<=6000 lbs.),s3_28_48,Not Deployed,s2_97_208,s1_below_1,Female,s2_37_80,s3_141_159,s2_164_318,s3_80_160,s2_2_4
3640,s2_885_1695,s2_n103_99,s4_n40_7,s1_below_4282,s1_below_2,s1_below_2001,s2_760_2075,s3_17_37,Truck (<=6000 lbs.),s6_76_up,Not Deployed,s2_97_208,s1_below_1,Male,s2_37_80,s3_141_159,s2_164_318,s3_80_160,s2_2_4
3641,s2_885_1695,s2_n103_99,s4_n40_7,s1_below_4282,s1_below_2,s2_2001_2003,s2_760_2075,s3_17_37,Passenger Car,s2_11_28,Not Deployed,s2_97_208,s1_below_1,Female,s2_37_80,s3_141_159,s2_164_318,s3_80_160,s2_2_4
3642,s3_1695_2555,s2_n103_99,s4_n40_7,s1_below_4282,s2_2_3,s3_2003_2005,s2_760_2075,s3_17_37,Truck (<=10000 lbs.),s4_48_64,Not Deployed,s2_97_208,s1_below_1,Male,s5_114_130,s3_141_159,s2_164_318,s3_80_160,s2_2_4
3643,s2_885_1695,s2_n103_99,s4_n40_7,s1_below_4282,s3_3_4,s3_2003_2005,s2_760_2075,s4_37_47,Passenger Car,s3_28_48,Not Deployed,s2_97_208,s1_below_1,Female,s3_80_96,s3_141_159,s2_164_318,s3_80_160,s2_2_4
3644,s2_885_1695,s2_n103_99,s4_n40_7,s1_below_4282,s1_below_2,s4_2005_2007,s2_760_2075,s3_17_37,Passenger Car,s3_28_48,Not Deployed,s2_97_208,s1_below_1,Female,s3_80_96,s3_141_159,s2_164_318,s3_80_160,s2_2_4
3645,s2_885_1695,s2_n103_99,s4_n40_7,s1_below_4282,s3_3_4,s4_2005_2007,s2_760_2075,s4_37_47,Passenger Car,s3_28_48,Deployed,s2_97_208,s2_1_2,Female,s3_80_96,s3_141_159,s2_164_318,s3_80_160,s2_2_4
3646,s2_885_1695,s2_n103_99,s4_n40_7,s1_below_4282,s3_3_4,s4_2005_2007,s2_760_2075,s3_17_37,Passenger Car,s2_11_28,Not Deployed,s2_97_208,s1_below_1,Male,s4_96_114,s3_141_159,s2_164_318,s3_80_160,s2_2_4
3647,s3_1695_2555,s2_n103_99,s4_n40_7,s1_below_4282,s1_below_2,s4_2005_2007,s2_760_2075,s3_17_37,Truck (<=6000 lbs.),s3_28_48,Deployed,s2_97_208,s1_below_1,Male,s3_80_96,s3_141_159,s2_164_318,s3_80_160,s2_2_4
3648,s3_1695_2555,s2_n103_99,s4_n40_7,s1_below_4282,s1_below_2,s4_2005_2007,s2_760_2075,s6_57_up,Truck (<=10000 lbs.),s4_48_64,Not Deployed,s2_97_208,s1_below_1,Male,s3_80_96,s5_169_179,s3_318_464,s3_80_160,s4_5_6
3649,s2_885_1695,s2_n103_99,s4_n40_7,s1_below_4282,s2_2_3,s4_2005_2007,s2_760_2075,s3_17_37,Passenger Car,s2_11_28,Deployed,s2_97_208,s1_below_1,Female,s2_37_80,s3_141_159,s2_164_318,s3_80_160,s2_2_4
3650,s2_885_1695,s2_n103_99,s4_n40_7,s1_below_4282,s1_below_2,s3_2003_2005,s2_760_2075,s3_17_37,Passenger Car,s3_28_48,Deployed,s2_97_208,s1_below_1,Female,s3_80_96,s3_141_159,s2_164_318,s3_80_160,s2_2_4
3651,s2_885_1695,s2_n103_99,s4_n40_7,s1_below_4282,s1_below_2,s2_2001_2003,s2_760_2075,s5_47_57,Passenger Car,s3_28_48,Deployed,s2_97_208,s1_below_1,Female,s2_37_80,s3_141_159,s2_164_318,s3_80_160,s2_2_4
3652,s2_885_1695,s2_n103_99,s5_7_up,s1_below_4282,s1_below_2,s2_2001_2003,s2_760_2075,s5_47_57,Passenger Car,s2_11_28,Not Deployed,s2_97_208,s1_below_1,Female,s2_37_80,s3_141_159,s2_164_318,s6_260_up,s2_2_4
3653,s2_885_1695,s2_n103_99,s4_n40_7,s1_below_4282,s1_below_2,s4_2005_2007,s2_760_2075,s3_17_37,Passenger Car,s2_11_28,Not Deployed,s2_97_208,s1_below_1,Female,s2_37_80,s3_141_159,s2_164_318,s3_80_160,s2_2_4
3654,s2_885_1695,s2_n103_99,s4_n40_7,s1_below_4282,s6_6_up,s1_below_2001,s2_760_2075,s4_37_47,Passenger Car,s6_76_up,Deployed,s2_97_208,s1_below_1,Female,s3_80_96,s3_141_159,s2_164_318,s3_80_160,s2_2_4
3655,s2_885_1695,s2_n103_99,s4_n40_7,s1_below_4282,s6_6_up,s2_2001_2003,s2_760_2075,s4_37_47,Passenger Car,s4_48_64,Not Deployed,s2_97_208,s1_below_1,Female,s2_37_80,s3_141_159,s2_164_318,s4_160_220,s2_2_4
3656,s3_1695_2555,s2_n103_99,s4_n40_7,s1_below_4282,s1_below_2,s4_2005_2007,s3_2075_3730,s3_17_37,Truck (<=10000 lbs.),s3_28_48,Not Deployed,s2_97_208,s1_below_1,Male,s4_96_114,s3_141_159,s2_164_318,s3_80_160,s2_2_4
3657,s2_885_1695,s2_n103_99,s4_n40_7,s1_below_4282,s2_2_3,s2_2001_2003,s2_760_2075,s3_17_37,Truck (<=6000 lbs.),s4_48_64,Not Deployed,s2_97_208,s1_below_1,Male,s4_96_114,s3_141_159,s2_164_318,s6_260_up,s2_2_4
3658,s2_885_1695,s2_n103_99,s4_n40_7,s1_below_4282,s2_2_3,s5_2007_2009,s2_760_2075,s3_17_37,Passenger Car,s5_64_76,Deployed,s2_97_208,s1_below_1,Male,s3_80_96,s3_141_159,s2_164_318,s3_80_160,s2_2_4
3659,s2_885_1695,s2_n103_99,s4_n40_7,s1_below_4282,s1_below_2,s1_below_2001,s3_2075_3730,s3_17_37,Passenger Car,s3_28_48,Deployed,s2_97_208,s1_below_1,Male,s4_96_114,s3_141_159,s2_164_318,s3_80_160,s2_2_4
3660,s3_1695_2555,s2_n103_99,s4_n40_7,s1_below_4282,s1_below_2,s4_2005_2007,s2_760_2075,s3_17_37,Truck (<=10000 lbs.),s2_11_28,Deployed,s2_97_208,s1_below_1,Male,s3_80_96,s4_159_169,s2_164_318,s3_80_160,s3_4_5
3661,s2_885_1695,s2_n103_99,s5_7_up,s1_below_4282,s1_below_2,s3_2003_2005,s2_760_2075,s3_17_37,Passenger Car,s2_11_28,Not Deployed,s2_97_208,s1_below_1,Female,s2_37_80,s3_141_159,s2_164_318,s6_260_up,s2_2_4
3662,s2_885_1695,s2_n103_99,s4_n40_7,s1_below_4282,s1_below_2,s5_2007_2009,s2_760_2075,s4_37_47,Passenger Car,s2_11_28,Deployed,s2_97_208,s1_below_1,Female,s3_80_96,s3_141_159,s2_164_318,s3_80_160,s2_2_4
3663,s2_885_1695,s2_n103_99,s5_7_up,s1_below_4282,s1_below_2,s4_2005_2007,s2_760_2075,s4_37_47,Passenger Car,s3_28_48,Not Deployed,s2_97_208,s1_below_1,Male,s4_96_114,s3_141_159,s2_164_318,s6_260_up,s2_2_4
3664,s2_885_1695,s2_n103_99,s4_n40_7,s1_below_4282,s1_below_2,s2_2001_2003,s2_760_2075,s3_17_37,Passenger Car,s6_76_up,Not Deployed,s2_97_208,s1_below_1,Female,s2_37_80,s3_141_159,s2_164_318,s3_80_160,s2_2_4
3665,s3_1695_2555,s2_n103_99,s4_n40_7,s1_below_4282,s1_below_2,s2_2001_2003,s2_760_2075,s3_17_37,Truck (<=6000 lbs.),s2_11_28,Not Deployed,s2_97_208,s1_below_1,Female,s2_37_80,s3_141_159,s2_164_318,s3_80_160,s2_2_4
3666,s2_885_1695,s2_n103_99,s4_n40_7,s1_below_4282,s1_below_2,s1_below_2001,s2_760_2075,s3_17_37,Truck (<=6000 lbs.),s6_76_up,Not Deployed,s2_97_208,s1_below_1,Male,s2_37_80,s3_141_159,s3_318_464,s3_80_160,s2_2_4
3667,s2_885_1695,s2_n103_99,s4_n40_7,s1_below_4282,s3_3_4,s4_2005_2007,s2_760_2075,s4_37_47,Passenger Car,s3_28_48,Not Deployed,s2_97_208,s1_below_1,Female,s3_80_96,s3_141_159,s2_164_318,s3_80_160,s2_2_4
3668,s3_1695_2555,s2_n103_99,s4_n40_7,s1_below_4282,s3_3_4,s3_2003_2005,s2_760_2075,s4_37_47,Truck (<=6000 lbs.),s3_28_48,Not Deployed,s2_97_208,s1_below_1,Female,s2_37_80,s3_141_159,s2_164_318,s3_80_160,s2_2_4
3669,s2_885_1695,s2_n103_99,s4_n40_7,s1_below_4282,s1_below_2,s1_below_2001,s2_760_2075,s3_17_37,Passenger Car,s2_11_28,Deployed,s2_97_208,s2_1_2,Female,s2_37_80,s3_141_159,s2_164_318,s3_80_160,s2_2_4
3670,s3_1695_2555,s2_n103_99,s4_n40_7,s1_below_4282,s1_below_2,s3_2003_2005,s2_760_2075,s3_17_37,Truck (<=10000 lbs.),s4_48_64,Not Deployed,s2_97_208,s1_below_1,Female,s2_37_80,s4_159_169,s2_164_318,s4_160_220,s3_4_5
3671,s2_885_1695,s2_n103_99,s4_n40_7,s1_below_4282,s3_3_4,s4_2005_2007,s2_760_2075,s3_17_37,Passenger Car,s4_48_64,Deployed,s2_97_208,s1_below_1,Female,s2_37_80,s3_141_159,s2_164_318,s3_80_160,s2_2_4
3672,s2_885_1695,s2_n103_99,s4_n40_7,s1_below_4282,s4_4_5,s4_2005_2007,s2_760_2075,s5_47_57,Passenger Car,s5_64_76,Not Deployed,s2_97_208,s1_below_1,Male,s3_80_96,s3_141_159,s2_164_318,s6_260_up,s2_2_4
3673,s2_885_1695,s2_n103_99,s4_n40_7,s1_below_4282,s1_below_2,s4_2005_2007,s2_760_2075,s4_37_47,Passenger Car,s2_11_28,Deployed,s2_97_208,s1_below_1,Female,s2_37_80,s3_141_159,s2_164_318,s3_80_160,s2_2_4
3674,s2_885_1695,s2_n103_99,s5_7_up,s1_below_4282,s1_below_2,s2_2001_2003,s2_760_2075,s4_37_47,Passenger Car,s2_11_28,Not Deployed,s2_97_208,s1_below_1,Female,s2_37_80,s3_141_159,s2_164_318,s6_260_up,s2_2_4
3675,s2_885_1695,s2_n103_99,s4_n40_7,s1_below_4282,s1_below_2,s4_2005_2007,s2_760_2075,s3_17_37,Passenger Car,s4_48_64,Deployed,s2_97_208,s1_below_1,Male,s3_80_96,s3_141_159,s2_164_318,s3_80_160,s2_2_4
3676,s2_885_1695,s2_n103_99,s4_n40_7,s1_below_4282,s1_below_2,s3_2003_2005,s2_760_2075,s3_17_37,Truck (<=6000 lbs.),s4_48_64,Deployed,s2_97_208,s1_below_1,Male,s3_80_96,s3_141_159,s2_164_318,s3_80_160,s2_2_4
3677,s2_885_1695,s2_n103_99,s4_n40_7,s1_below_4282,s2_2_3,s2_2001_2003,s2_760_2075,s3_17_37,Passenger Car,s3_28_48,Not Deployed,s2_97_208,s1_below_1,Female,s3_80_96,s3_141_159,s2_164_318,s4_160_220,s2_2_4
3678,s2_885_1695,s2_n103_99,s4_n40_7,s1_below_4282,s1_below_2,s1_below_2001,s2_760_2075,s3_17_37,Passenger Car,s2_11_28,Deployed,s2_97_208,s1_below_1,Female,s2_37_80,s3_141_159,s2_164_318,s3_80_160,s2_2_4
3679,s2_885_1695,s2_n103_99,s4_n40_7,s1_below_4282,s1_below_2,s2_2001_2003,s2_760_2075,s3_17_37,Passenger Car,s4_48_64,Not Deployed,s2_97_208,s1_below_1,Female,s2_37_80,s3_141_159,s2_164_318,s3_80_160,s2_2_4
3680,s3_1695_2555,s2_n103_99,s4_n40_7,s1_below_4282,s3_3_4,s4_2005_2007,s2_760_2075,s3_17_37,Truck (<=6000 lbs.),s5_64_76,Not Deployed,s2_97_208,s1_below_1,Female,s2_37_80,s3_141_159,s2_164_318,s2_40_80,s2_2_4
3681,s2_885_1695,s2_n103_99,s4_n40_7,s1_below_4282,s1_below_2,s2_2001_2003,s2_760_2075,s3_17_37,Passenger Car,s4_48_64,Not Deployed,s2_97_208,s1_below_1,Female,s3_80_96,s3_141_159,s2_164_318,s3_80_160,s2_2_4
3682,s2_885_1695,s2_n103_99,s4_n40_7,s1_below_4282,s1_below_2,s4_2005_2007,s2_760_2075,s3_17_37,Passenger Car,s3_28_48,Not Deployed,s2_97_208,s1_below_1,Female,s2_37_80,s3_141_159,s2_164_318,s3_80_160,s2_2_4
3683,s2_885_1695,s2_n103_99,s4_n40_7,s1_below_4282,s3_3_4,s2_2001_2003,s2_760_2075,s3_17_37,Passenger Car,s2_11_28,Deployed,s2_97_208,s1_below_1,Male,s4_96_114,s3_141_159,s2_164_318,s3_80_160,s2_2_4
3684,s2_885_1695,s2_n103_99,s4_n40_7,s1_below_4282,s3_3_4,s2_2001_2003,s2_760_2075,s3_17_37,Passenger Car,s3_28_48,Not Deployed,s2_97_208,s1_below_1,Male,s2_37_80,s3_141_159,s2_164_318,s3_80_160,s2_2_4
3685,s2_885_1695,s2_n103_99,s4_n40_7,s1_below_4282,s1_below_2,s5_2007_2009,s2_760_2075,s3_17_37,Passenger Car,s3_28_48,Not Deployed,s2_97_208,s1_below_1,Female,s2_37_80,s3_141_159,s2_164_318,s2_40_80,s2_2_4
3686,s3_1695_2555,s2_n103_99,s4_n40_7,s1_below_4282,s1_below_2,s2_2001_2003,s2_760_2075,s3_17_37,Truck (<=10000 lbs.),s2_11_28,Not Deployed,s2_97_208,s1_below_1,Male,s3_80_96,s3_141_159,s3_318_464,s3_80_160,s3_4_5
3687,s2_885_1695,s2_n103_99,s4_n40_7,s1_below_4282,s1_below_2,s1_below_2001,s2_760_2075,s3_17_37,Passenger Car,s3_28_48,Not Deployed,s2_97_208,s1_below_1,Female,s2_37_80,s3_141_159,s2_164_318,s4_160_220,s2_2_4
3688,s3_1695_2555,s2_n103_99,s4_n40_7,s1_below_4282,s1_below_2,s3_2003_2005,s2_760_2075,s4_37_47,Truck (<=6000 lbs.),s5_64_76,Not Deployed,s2_97_208,s1_below_1,Male,s4_96_114,s3_141_159,s3_318_464,s4_160_220,s2_2_4
3689,s3_1695_2555,s2_n103_99,s5_7_up,s1_below_4282,s1_below_2,s5_2007_2009,s2_760_2075,s3_17_37,Truck (<=6000 lbs.),s3_28_48,Not Deployed,s2_97_208,s1_below_1,Female,s2_37_80,s3_141_159,s2_164_318,s6_260_up,s2_2_4
3690,s2_885_1695,s2_n103_99,s4_n40_7,s1_below_4282,s1_below_2,s2_2001_2003,s2_760_2075,s3_17_37,Passenger Car,s2_11_28,Deployed,s2_97_208,s1_below_1,Female,s2_37_80,s3_141_159,s2_164_318,s3_80_160,s2_2_4
3691,s3_1695_2555,s2_n103_99,s4_n40_7,s1_below_4282,s1_below_2,s5_2007_2009,s2_760_2075,s3_17_37,Truck (<=6000 lbs.),s2_11_28,Not Deployed,s2_97_208,s1_below_1,Male,s4_96_114,s3_141_159,s2_164_318,s3_80_160,s2_2_4
3692,s2_885_1695,s2_n103_99,s4_n40_7,s1_below_4282,s4_4_5,s1_below_2001,s2_760_2075,s3_17_37,Passenger Car,s3_28_48,Not Deployed,s2_97_208,s1_below_1,Female,s2_37_80,s3_141_159,s2_164_318,s3_80_160,s2_2_4
3693,s2_885_1695,s2_n103_99,s4_n40_7,s1_below_4282,s1_below_2,s1_below_2001,s2_760_2075,s4_37_47,Passenger Car,s4_48_64,Deployed,s2_97_208,s1_below_1,Female,s3_80_96,s3_141_159,s2_164_318,s3_80_160,s2_2_4
3694,s2_885_1695,s2_n103_99,s5_7_up,s1_below_4282,s1_below_2,s1_below_2001,s2_760_2075,s4_37_47,Passenger Car,s2_11_28,Not Deployed,s2_97_208,s1_below_1,Female,s2_37_80,s3_141_159,s2_164_318,s6_260_up,s2_2_4
3695,s2_885_1695,s2_n103_99,s4_n40_7,s1_below_4282,s1_below_2,s4_2005_2007,s3_2075_3730,s3_17_37,Passenger Car,s3_28_48,Not Deployed,s2_97_208,s1_below_1,Female,s2_37_80,s3_141_159,s2_164_318,s5_220_260,s2_2_4
3696,s2_885_1695,s2_n103_99,s4_n40_7,s1_below_4282,s2_2_3,s4_2005_2007,s3_2075_3730,s3_17_37,Passenger Car,s4_48_64,Not Deployed,s2_97_208,s1_below_1,Female,s2_37_80,s3_141_159,s2_164_318,s4_160_220,s2_2_4
3697,s2_885_1695,s2_n103_99,s4_n40_7,s1_below_4282,s1_below_2,s1_below_2001,s2_760_2075,s5_47_57,Passenger Car,s4_48_64,Deployed,s2_97_208,s2_1_2,Male,s4_96_114,s3_141_159,s2_164_318,s3_80_160,s2_2_4
3698,s3_1695_2555,s2_n103_99,s3_n81_n40,s1_below_4282,s2_2_3,s5_2007_2009,s3_2075_3730,s4_37_47,Truck (<=6000 lbs.),s3_28_48,Deployed,s2_97_208,s1_below_1,Male,s3_80_96,s3_141_159,s3_318_464,s3_80_160,s2_2_4
3699,s2_885_1695,s2_n103_99,s4_n40_7,s1_below_4282,s2_2_3,s1_below_2001,s2_760_2075,s3_17_37,Passenger Car,s2_11_28,Not Deployed,s2_97_208,s1_below_1,Female,s2_37_80,s3_141_159,s2_164_318,s3_80_160,s2_2_4
3700,s3_1695_2555,s2_n103_99,s5_7_up,s1_below_4282,s1_below_2,s3_2003_2005,s2_760_2075,s4_37_47,Passenger Car,s5_64_76,Not Deployed,s2_97_208,s1_below_1,Male,s3_80_96,s3_141_159,s2_164_318,s6_260_up,s2_2_4
3701,s3_1695_2555,s2_n103_99,s4_n40_7,s1_below_4282,s1_below_2,s3_2003_2005,s2_760_2075,s3_17_37,Truck (<=6000 lbs.),s4_48_64,Not Deployed,s2_97_208,s1_below_1,Male,s3_80_96,s3_141_159,s2_164_318,s3_80_160,s2_2_4
3702,s2_885_1695,s2_n103_99,s4_n40_7,s1_below_4282,s1_below_2,s3_2003_2005,s2_760_2075,s3_17_37,Passenger Car,s3_28_48,Deployed,s2_97_208,s1_below_1,Male,s3_80_96,s3_141_159,s2_164_318,s3_80_160,s2_2_4
3703,s2_885_1695,s2_n103_99,s4_n40_7,s1_below_4282,s1_below_2,s3_2003_2005,s2_760_2075,s3_17_37,Truck (<=6000 lbs.),s2_11_28,Not Deployed,s2_97_208,s1_below_1,Female,s2_37_80,s3_141_159,s2_164_318,s2_40_80,s2_2_4
3704,s2_885_1695,s2_n103_99,s4_n40_7,s1_below_4282,s3_3_4,s3_2003_2005,s2_760_2075,s4_37_47,Passenger Car,s2_11_28,Not Deployed,s2_97_208,s1_below_1,Female,s2_37_80,s3_141_159,s2_164_318,s3_80_160,s2_2_4
3705,s2_885_1695,s2_n103_99,s4_n40_7,s1_below_4282,s3_3_4,s4_2005_2007,s2_760_2075,s4_37_47,Truck (<=6000 lbs.),s6_76_up,Not Deployed,s2_97_208,s1_below_1,Male,s2_37_80,s3_141_159,s2_164_318,s3_80_160,s2_2_4
3706,s2_885_1695,s2_n103_99,s4_n40_7,s2_4282_6970,s3_3_4,s3_2003_2005,s3_2075_3730,s3_17_37,Passenger Car,s2_11_28,Not Deployed,s2_97_208,s2_1_2,Male,s2_37_80,s3_141_159,s2_164_318,s5_220_260,s2_2_4
3707,s3_1695_2555,s2_n103_99,s3_n81_n40,s1_below_4282,s3_3_4,s1_below_2001,s2_760_2075,s3_17_37,Truck (<=10000 lbs.),s4_48_64,Deployed,s2_97_208,s3_2_3,Female,s2_37_80,s3_141_159,s2_164_318,s3_80_160,s2_2_4
3708,s2_885_1695,s2_n103_99,s4_n40_7,s1_below_4282,s3_3_4,s4_2005_2007,s2_760_2075,s3_17_37,Passenger Car,s2_11_28,Not Deployed,s2_97_208,s1_below_1,Female,s2_37_80,s3_141_159,s2_164_318,s3_80_160,s2_2_4
3709,s2_885_1695,s2_n103_99,s4_n40_7,s1_below_4282,s1_below_2,s3_2003_2005,s2_760_2075,s3_17_37,Passenger Car,s2_11_28,Deployed,s2_97_208,s1_below_1,Male,s2_37_80,s3_141_159,s2_164_318,s3_80_160,s2_2_4
3710,s2_885_1695,s2_n103_99,s5_7_up,s1_below_4282,s1_below_2,s2_2001_2003,s2_760_2075,s3_17_37,Passenger Car,s2_11_28,Not Deployed,s2_97_208,s1_below_1,Male,s2_37_80,s3_141_159,s2_164_318,s6_260_up,s2_2_4
3711,s2_885_1695,s2_n103_99,s4_n40_7,s1_below_4282,s1_below_2,s1_below_2001,s2_760_2075,s3_17_37,Truck (<=6000 lbs.),s3_28_48,Deployed,s2_97_208,s1_below_1,Female,s2_37_80,s3_141_159,s3_318_464,s3_80_160,s2_2_4
3712,s2_885_1695,s2_n103_99,s4_n40_7,s1_below_4282,s4_4_5,s1_below_2001,s2_760_2075,s3_17_37,Passenger Car,s2_11_28,Deployed,s2_97_208,s1_below_1,Female,s2_37_80,s3_141_159,s2_164_318,s3_80_160,s2_2_4
3713,s2_885_1695,s2_n103_99,s4_n40_7,s1_below_4282,s2_2_3,s4_2005_2007,s2_760_2075,s3_17_37,Truck (<=6000 lbs.),s3_28_48,Not Deployed,s2_97_208,s1_below_1,Female,s2_37_80,s3_141_159,s2_164_318,s2_40_80,s2_2_4
3714,s3_1695_2555,s2_n103_99,s4_n40_7,s1_below_4282,s1_below_2,s3_2003_2005,s2_760_2075,s3_17_37,Truck (<=10000 lbs.),s4_48_64,Not Deployed,s2_97_208,s1_below_1,Female,s3_80_96,s3_141_159,s3_318_464,s5_220_260,s3_4_5
3715,s2_885_1695,s2_n103_99,s4_n40_7,s1_below_4282,s2_2_3,s5_2007_2009,s2_760_2075,s4_37_47,Passenger Car,s4_48_64,Not Deployed,s2_97_208,s1_below_1,Male,s4_96_114,s3_141_159,s2_164_318,s4_160_220,s2_2_4
3716,s2_885_1695,s2_n103_99,s4_n40_7,s1_below_4282,s3_3_4,s1_below_2001,s2_760_2075,s4_37_47,Passenger Car,s6_76_up,Deployed,s2_97_208,s2_1_2,Female,s2_37_80,s3_141_159,s2_164_318,s4_160_220,s2_2_4
3717,s3_1695_2555,s2_n103_99,s4_n40_7,s1_below_4282,s3_3_4,s5_2007_2009,s2_760_2075,s4_37_47,Truck (<=6000 lbs.),s2_11_28,Not Deployed,s2_97_208,s1_below_1,Female,s2_37_80,s3_141_159,s2_164_318,s3_80_160,s2_2_4
3718,s2_885_1695,s2_n103_99,s4_n40_7,s1_below_4282,s3_3_4,s3_2003_2005,s2_760_2075,s4_37_47,Passenger Car,s3_28_48,Not Deployed,s2_97_208,s1_below_1,Male,s2_37_80,s3_141_159,s2_164_318,s3_80_160,s2_2_4
3719,s2_885_1695,s2_n103_99,s5_7_up,s1_below_4282,s3_3_4,s2_2001_2003,s2_760_2075,s4_37_47,Truck (<=6000 lbs.),s4_48_64,Not Deployed,s2_97_208,s1_below_1,Male,s4_96_114,s3_141_159,s2_164_318,s6_260_up,s2_2_4
3720,s3_1695_2555,s2_n103_99,s3_n81_n40,s1_below_4282,s2_2_3,s3_2003_2005,s2_760_2075,s3_17_37,Truck (<=6000 lbs.),s3_28_48,Deployed,s2_97_208,s1_below_1,Female,s2_37_80,s4_159_169,s2_164_318,s2_40_80,s2_2_4
3721,s2_885_1695,s2_n103_99,s5_7_up,s1_below_4282,s3_3_4,s5_2007_2009,s3_2075_3730,s4_37_47,Passenger Car,s4_48_64,Not Deployed,s2_97_208,s1_below_1,Female,s3_80_96,s3_141_159,s2_164_318,s6_260_up,s2_2_4
3722,s2_885_1695,s2_n103_99,s4_n40_7,s1_below_4282,s1_below_2,s4_2005_2007,s2_760_2075,s3_17_37,Passenger Car,s2_11_28,Not Deployed,s2_97_208,s1_below_1,Female,s2_37_80,s3_141_159,s2_164_318,s2_40_80,s2_2_4
3723,s2_885_1695,s2_n103_99,s4_n40_7,s1_below_4282,s3_3_4,s2_2001_2003,s2_760_2075,s4_37_47,Passenger Car,s3_28_48,Deployed,s2_97_208,s1_below_1,Male,s2_37_80,s3_141_159,s2_164_318,s3_80_160,s2_2_4
3724,s3_1695_2555,s2_n103_99,s4_n40_7,s1_below_4282,s1_below_2,s4_2005_2007,s2_760_2075,s3_17_37,Truck (<=6000 lbs.),s2_11_28,Deployed,s2_97_208,s1_below_1,Male,s3_80_96,s3_141_159,s2_164_318,s3_80_160,s2_2_4
3725,s2_885_1695,s2_n103_99,s4_n40_7,s1_below_4282,s1_below_2,s3_2003_2005,s2_760_2075,s3_17_37,Passenger Car,s2_11_28,Not Deployed,s2_97_208,s1_below_1,Female,s2_37_80,s3_141_159,s2_164_318,s3_80_160,s2_2_4
3726,s2_885_1695,s2_n103_99,s4_n40_7,s1_below_4282,s3_3_4,s3_2003_2005,s2_760_2075,s4_37_47,Truck (<=6000 lbs.),s3_28_48,Deployed,s2_97_208,s1_below_1,Male,s4_96_114,s3_141_159,s2_164_318,s3_80_160,s2_2_4
3727,s3_1695_2555,s2_n103_99,s5_7_up,s1_below_4282,s3_3_4,s1_below_2001,s2_760_2075,s4_37_47,Truck (<=6000 lbs.),s3_28_48,Not Deployed,s2_97_208,s1_below_1,Female,s2_37_80,s4_159_169,s2_164_318,s6_260_up,s3_4_5
3728,s2_885_1695,s2_n103_99,s4_n40_7,s1_below_4282,s3_3_4,s4_2005_2007,s2_760_2075,s4_37_47,Passenger Car,s3_28_48,Not Deployed,s2_97_208,s1_below_1,Male,s2_37_80,s3_141_159,s2_164_318,s3_80_160,s2_2_4
3729,s2_885_1695,s2_n103_99,s4_n40_7,s1_below_4282,s3_3_4,s5_2007_2009,s3_2075_3730,s3_17_37,Passenger Car,s2_11_28,Deployed,s2_97_208,s1_below_1,Male,s3_80_96,s3_141_159,s2_164_318,s3_80_160,s2_2_4
3730,s3_1695_2555,s2_n103_99,s4_n40_7,s1_below_4282,s3_3_4,s5_2007_2009,s2_760_2075,s3_17_37,Truck (<=10000 lbs.),s2_11_28,Not Deployed,s2_97_208,s1_below_1,Male,s2_37_80,s5_169_179,s2_164_318,s4_160_220,s3_4_5
3731,s2_885_1695,s2_n103_99,s3_n81_n40,s1_below_4282,s3_3_4,s1_below_2001,s3_2075_3730,s4_37_47,Truck (<=6000 lbs.),s3_28_48,Deployed,s2_97_208,s1_below_1,Male,s2_37_80,s3_141_159,s2_164_318,s3_80_160,s2_2_4
3732,s4_2555_3715,s2_n103_99,s5_7_up,s1_below_4282,s3_3_4,s3_2003_2005,s2_760_2075,s4_37_47,Truck (<=10000 lbs.),s3_28_48,Not Deployed,s2_97_208,s1_below_1,Male,s3_80_96,s5_169_179,s3_318_464,s6_260_up,s4_5_6
3733,s2_885_1695,s2_n103_99,s4_n40_7,s1_below_4282,s1_below_2,s4_2005_2007,s2_760_2075,s3_17_37,Passenger Car,s3_28_48,Deployed,s2_97_208,s1_below_1,Male,s2_37_80,s3_141_159,s2_164_318,s3_80_160,s2_2_4
3734,s2_885_1695,s2_n103_99,s4_n40_7,s1_below_4282,s3_3_4,s2_2001_2003,s2_760_2075,s3_17_37,Passenger Car,s2_11_28,Not Deployed,s2_97_208,s1_below_1,Female,s2_37_80,s3_141_159,s2_164_318,s4_160_220,s2_2_4
3735,s2_885_1695,s2_n103_99,s4_n40_7,s1_below_4282,s5_5_6,s1_below_2001,s2_760_2075,s4_37_47,Truck (<=6000 lbs.),s3_28_48,Not Deployed,s2_97_208,s1_below_1,Female,s2_37_80,s3_141_159,s2_164_318,s3_80_160,s2_2_4
3736,s2_885_1695,s2_n103_99,s4_n40_7,s1_below_4282,s1_below_2,s3_2003_2005,s2_760_2075,s4_37_47,Passenger Car,s4_48_64,Not Deployed,s2_97_208,s1_below_1,Female,s2_37_80,s3_141_159,s2_164_318,s5_220_260,s2_2_4
3737,s2_885_1695,s2_n103_99,s4_n40_7,s1_below_4282,s2_2_3,s1_below_2001,s3_2075_3730,s4_37_47,Passenger Car,s3_28_48,Deployed,s2_97_208,s3_2_3,Female,s3_80_96,s3_141_159,s2_164_318,s3_80_160,s2_2_4
3738,s2_885_1695,s2_n103_99,s4_n40_7,s1_below_4282,s1_below_2,s1_below_2001,s2_760_2075,s3_17_37,Passenger Car,s4_48_64,Deployed,s2_97_208,s1_below_1,Female,s2_37_80,s3_141_159,s2_164_318,s3_80_160,s2_2_4
3739,s2_885_1695,s2_n103_99,s4_n40_7,s1_below_4282,s1_below_2,s5_2007_2009,s2_760_2075,s3_17_37,Passenger Car,s2_11_28,Deployed,s2_97_208,s1_below_1,Female,s2_37_80,s3_141_159,s2_164_318,s3_80_160,s2_2_4
3740,s3_1695_2555,s2_n103_99,s4_n40_7,s1_below_4282,s1_below_2,s3_2003_2005,s2_760_2075,s3_17_37,Truck (<=6000 lbs.),s4_48_64,Not Deployed,s2_97_208,s1_below_1,Male,s3_80_96,s4_159_169,s2_164_318,s3_80_160,s3_4_5
3741,s2_885_1695,s2_n103_99,s4_n40_7,s1_below_4282,s4_4_5,s1_below_2001,s2_760_2075,s4_37_47,Passenger Car,s6_76_up,Not Deployed,s2_97_208,s1_below_1,Female,s2_37_80,s3_141_159,s2_164_318,s4_160_220,s2_2_4
3742,s2_885_1695,s2_n103_99,s4_n40_7,s1_below_4282,s1_below_2,s1_below_2001,s2_760_2075,s3_17_37,Passenger Car,s2_11_28,Deployed,s2_97_208,s1_below_1,Male,s2_37_80,s3_141_159,s2_164_318,s4_160_220,s2_2_4
3743,s2_885_1695,s2_n103_99,s4_n40_7,s1_below_4282,s1_below_2,s1_below_2001,s2_760_2075,s3_17_37,Truck (<=6000 lbs.),s3_28_48,Not Deployed,s2_97_208,s1_below_1,Female,s2_37_80,s4_159_169,s2_164_318,s3_80_160,s2_2_4
3744,s2_885_1695,s2_n103_99,s4_n40_7,s1_below_4282,s2_2_3,s4_2005_2007,s2_760_2075,s4_37_47,Passenger Car,s3_28_48,Not Deployed,s2_97_208,s1_below_1,Female,s3_80_96,s3_141_159,s2_164_318,s4_160_220,s2_2_4
3745,s3_1695_2555,s2_n103_99,s4_n40_7,s1_below_4282,s1_below_2,s3_2003_2005,s2_760_2075,s3_17_37,Truck (<=6000 lbs.),s2_11_28,Deployed,s2_97_208,s1_below_1,Female,s2_37_80,s5_169_179,s2_164_318,s2_40_80,s2_2_4
3746,s2_885_1695,s2_n103_99,s4_n40_7,s1_below_4282,s3_3_4,s4_2005_2007,s2_760_2075,s4_37_47,Truck (<=6000 lbs.),s4_48_64,Deployed,s2_97_208,s1_below_1,Female,s2_37_80,s3_141_159,s2_164_318,s3_80_160,s2_2_4
3747,s2_885_1695,s2_n103_99,s4_n40_7,s1_below_4282,s1_below_2,s2_2001_2003,s2_760_2075,s3_17_37,Passenger Car,s6_76_up,Not Deployed,s2_97_208,s1_below_1,Male,s3_80_96,s3_141_159,s2_164_318,s1_below_40,s2_2_4
3748,s2_885_1695,s2_n103_99,s4_n40_7,s1_below_4282,s1_below_2,s4_2005_2007,s2_760_2075,s4_37_47,Passenger Car,s4_48_64,Not Deployed,s2_97_208,s1_below_1,Female,s3_80_96,s3_141_159,s2_164_318,s3_80_160,s2_2_4
3749,s2_885_1695,s2_n103_99,s4_n40_7,s1_below_4282,s3_3_4,s1_below_2001,s2_760_2075,s4_37_47,Passenger Car,s2_11_28,Not Deployed,s2_97_208,s1_below_1,Female,s2_37_80,s3_141_159,s2_164_318,s4_160_220,s2_2_4
3750,s2_885_1695,s2_n103_99,s4_n40_7,s1_below_4282,s1_below_2,s5_2007_2009,s2_760_2075,s4_37_47,Passenger Car,s3_28_48,Deployed,s2_97_208,s1_below_1,Female,s2_37_80,s3_141_159,s2_164_318,s3_80_160,s2_2_4
3751,s2_885_1695,s2_n103_99,s4_n40_7,s1_below_4282,s1_below_2,s1_below_2001,s2_760_2075,s3_17_37,Passenger Car,s2_11_28,Not Deployed,s2_97_208,s1_below_1,Male,s3_80_96,s3_141_159,s2_164_318,s3_80_160,s2_2_4
3752,s2_885_1695,s2_n103_99,s4_n40_7,s1_below_4282,s3_3_4,s4_2005_2007,s2_760_2075,s3_17_37,Passenger Car,s3_28_48,Not Deployed,s2_97_208,s1_below_1,Female,s3_80_96,s3_141_159,s2_164_318,s3_80_160,s2_2_4
3753,s2_885_1695,s2_n103_99,s4_n40_7,s1_below_4282,s1_below_2,s4_2005_2007,s2_760_2075,s3_17_37,Passenger Car,s6_76_up,Not Deployed,s2_97_208,s1_below_1,Female,s2_37_80,s3_141_159,s2_164_318,s3_80_160,s2_2_4
3754,s2_885_1695,s2_n103_99,s4_n40_7,s1_below_4282,s1_below_2,s4_2005_2007,s3_2075_3730,s3_17_37,Passenger Car,s4_48_64,Deployed,s2_97_208,s1_below_1,Male,s4_96_114,s3_141_159,s2_164_318,s2_40_80,s2_2_4
3755,s2_885_1695,s2_n103_99,s4_n40_7,s1_below_4282,s1_below_2,s2_2001_2003,s2_760_2075,s3_17_37,Passenger Car,s3_28_48,Not Deployed,s2_97_208,s1_below_1,Male,s3_80_96,s3_141_159,s2_164_318,s2_40_80,s2_2_4
3756,s2_885_1695,s2_n103_99,s5_7_up,s1_below_4282,s1_below_2,s1_below_2001,s2_760_2075,s4_37_47,Passenger Car,s3_28_48,Not Deployed,s2_97_208,s1_below_1,Female,s2_37_80,s3_141_159,s2_164_318,s6_260_up,s2_2_4
3757,s3_1695_2555,s2_n103_99,s4_n40_7,s1_below_4282,s2_2_3,s4_2005_2007,s2_760_2075,s4_37_47,Truck (<=6000 lbs.),s3_28_48,Not Deployed,s2_97_208,s1_below_1,Female,s2_37_80,s4_159_169,s2_164_318,s3_80_160,s3_4_5
3758,s2_885_1695,s2_n103_99,s5_7_up,s1_below_4282,s2_2_3,s2_2001_2003,s3_2075_3730,s4_37_47,Passenger Car,s5_64_76,Not Deployed,s2_97_208,s1_below_1,Female,s2_37_80,s3_141_159,s2_164_318,s6_260_up,s2_2_4
3759,s2_885_1695,s2_n103_99,s4_n40_7,s1_below_4282,s1_below_2,s5_2007_2009,s2_760_2075,s4_37_47,Passenger Car,s4_48_64,Not Deployed,s2_97_208,s1_below_1,Male,s3_80_96,s3_141_159,s2_164_318,s3_80_160,s2_2_4
3760,s2_885_1695,s2_n103_99,s4_n40_7,s1_below_4282,s1_below_2,s3_2003_2005,s2_760_2075,s5_47_57,Truck (<=6000 lbs.),s3_28_48,Not Deployed,s2_97_208,s1_below_1,Female,s2_37_80,s3_141_159,s2_164_318,s3_80_160,s2_2_4
3761,s2_885_1695,s2_n103_99,s4_n40_7,s1_below_4282,s1_below_2,s1_below_2001,s2_760_2075,s3_17_37,Passenger Car,s2_11_28,Deployed,s2_97_208,s2_1_2,Male,s3_80_96,s3_141_159,s2_164_318,s3_80_160,s2_2_4
3762,s2_885_1695,s2_n103_99,s4_n40_7,s1_below_4282,s2_2_3,s3_2003_2005,s2_760_2075,s3_17_37,Passenger Car,s2_11_28,Deployed,s2_97_208,s1_below_1,Female,s2_37_80,s3_141_159,s2_164_318,s4_160_220,s2_2_4
3763,s3_1695_2555,s2_n103_99,s4_n40_7,s1_below_4282,s1_below_2,s3_2003_2005,s2_760_2075,s3_17_37,Truck (<=10000 lbs.),s4_48_64,Not Deployed,s2_97_208,s1_below_1,Male,s3_80_96,s4_159_169,s3_318_464,s2_40_80,s4_5_6
3764,s2_885_1695,s2_n103_99,s4_n40_7,s1_below_4282,s1_below_2,s4_2005_2007,s3_2075_3730,s3_17_37,Passenger Car,s3_28_48,Not Deployed,s2_97_208,s1_below_1,Female,s2_37_80,s3_141_159,s2_164_318,s3_80_160,s2_2_4
3765,s2_885_1695,s2_n103_99,s4_n40_7,s1_below_4282,s1_below_2,s1_below_2001,s2_760_2075,s3_17_37,Passenger Car,s2_11_28,Deployed,s2_97_208,s1_below_1,Female,s2_37_80,s3_141_159,s2_164_318,s4_160_220,s2_2_4
3766,s2_885_1695,s2_n103_99,s4_n40_7,s1_below_4282,s3_3_4,s4_2005_2007,s2_760_2075,s4_37_47,Passenger Car,s3_28_48,Not Deployed,s2_97_208,s1_below_1,Male,s4_96_114,s3_141_159,s2_164_318,s4_160_220,s2_2_4
3767,s3_1695_2555,s2_n103_99,s4_n40_7,s1_below_4282,s2_2_3,s3_2003_2005,s2_760_2075,s3_17_37,Truck (<=6000 lbs.),s4_48_64,Not Deployed,s2_97_208,s1_below_1,Male,s6_130_up,s4_159_169,s2_164_318,s3_80_160,s3_4_5
3768,s2_885_1695,s2_n103_99,s4_n40_7,s1_below_4282,s1_below_2,s4_2005_2007,s2_760_2075,s3_17_37,Passenger Car,s4_48_64,Deployed,s2_97_208,s1_below_1,Female,s2_37_80,s3_141_159,s2_164_318,s3_80_160,s2_2_4
3769,s2_885_1695,s2_n103_99,s4_n40_7,s1_below_4282,s3_3_4,s3_2003_2005,s2_760_2075,s3_17_37,Truck (<=6000 lbs.),s5_64_76,Not Deployed,s2_97_208,s1_below_1,Female,s6_130_up,s3_141_159,s2_164_318,s4_160_220,s2_2_4
3770,s2_885_1695,s2_n103_99,s4_n40_7,s1_below_4282,s3_3_4,s2_2001_2003,s2_760_2075,s3_17_37,Passenger Car,s2_11_28,Not Deployed,s2_97_208,s1_below_1,Female,s3_80_96,s3_141_159,s2_164_318,s3_80_160,s2_2_4
3771,s2_885_1695,s2_n103_99,s5_7_up,s1_below_4282,s1_below_2,s5_2007_2009,s3_2075_3730,s3_17_37,Passenger Car,s3_28_48,Not Deployed,s2_97_208,s1_below_1,Female,s2_37_80,s3_141_159,s2_164_318,s6_260_up,s2_2_4
3772,s3_1695_2555,s2_n103_99,s4_n40_7,s1_below_4282,s2_2_3,s4_2005_2007,s2_760_2075,s4_37_47,Truck (<=10000 lbs.),s3_28_48,Not Deployed,s2_97_208,s1_below_1,Male,s3_80_96,s5_169_179,s2_164_318,s3_80_160,s3_4_5
3773,s3_1695_2555,s2_n103_99,s4_n40_7,s1_below_4282,s1_below_2,s2_2001_2003,s2_760_2075,s3_17_37,Truck (<=6000 lbs.),s3_28_48,Deployed,s2_97_208,s1_below_1,Male,s2_37_80,s3_141_159,s2_164_318,s3_80_160,s2_2_4
3774,s2_885_1695,s2_n103_99,s4_n40_7,s1_below_4282,s3_3_4,s5_2007_2009,s3_2075_3730,s4_37_47,Passenger Car,s4_48_64,Deployed,s2_97_208,s3_2_3,Male,s3_80_96,s3_141_159,s2_164_318,s3_80_160,s2_2_4
3775,s4_2555_3715,s2_n103_99,s4_n40_7,s1_below_4282,s5_5_6,s3_2003_2005,s2_760_2075,s5_47_57,Truck (<=10000 lbs.),s4_48_64,Deployed,s2_97_208,s1_below_1,Male,s3_80_96,s4_159_169,s3_318_464,s3_80_160,s4_5_6
3776,s3_1695_2555,s2_n103_99,s5_7_up,s1_below_4282,s3_3_4,s4_2005_2007,s2_760_2075,s4_37_47,Passenger Car,s5_64_76,Not Deployed,s2_97_208,s1_below_1,Female,s1_below_37,s3_141_159,s2_164_318,s6_260_up,s2_2_4
3777,s3_1695_2555,s2_n103_99,s4_n40_7,s1_below_4282,s1_below_2,s3_2003_2005,s2_760_2075,s3_17_37,Truck (<=6000 lbs.),s4_48_64,Not Deployed,s2_97_208,s1_below_1,Female,s2_37_80,s3_141_159,s2_164_318,s3_80_160,s2_2_4
3778,s2_885_1695,s2_n103_99,s5_7_up,s1_below_4282,s2_2_3,s1_below_2001,s2_760_2075,s5_47_57,Passenger Car,s3_28_48,Not Deployed,s2_97_208,s2_1_2,Male,s4_96_114,s3_141_159,s2_164_318,s6_260_up,s2_2_4
3779,s3_1695_2555,s2_n103_99,s4_n40_7,s1_below_4282,s2_2_3,s1_below_2001,s2_760_2075,s5_47_57,Passenger Car,s3_28_48,Deployed,s2_97_208,s1_below_1,Male,s3_80_96,s3_141_159,s2_164_318,s3_80_160,s2_2_4
3780,s2_885_1695,s2_n103_99,s4_n40_7,s1_below_4282,s1_below_2,s3_2003_2005,s2_760_2075,s4_37_47,Passenger Car,s4_48_64,Not Deployed,s2_97_208,s1_below_1,Female,s3_80_96,s3_141_159,s2_164_318,s2_40_80,s2_2_4
3781,s2_885_1695,s2_n103_99,s4_n40_7,s1_below_4282,s1_below_2,s4_2005_2007,s2_760_2075,s4_37_47,Passenger Car,s3_28_48,Not Deployed,s2_97_208,s1_below_1,Male,s2_37_80,s3_141_159,s2_164_318,s2_40_80,s2_2_4
3782,s3_1695_2555,s2_n103_99,s4_n40_7,s1_below_4282,s3_3_4,s2_2001_2003,s3_2075_3730,s3_17_37,Truck (<=10000 lbs.),s3_28_48,Not Deployed,s2_97_208,s1_below_1,Male,s2_37_80,s5_169_179,s3_318_464,s3_80_160,s4_5_6
3783,s3_1695_2555,s2_n103_99,s5_7_up,s1_below_4282,s3_3_4,s4_2005_2007,s3_2075_3730,s3_17_37,Truck (<=10000 lbs.),s3_28_48,Not Deployed,s2_97_208,s1_below_1,Female,s4_96_114,s3_141_159,s2_164_318,s6_260_up,s2_2_4
3784,s3_1695_2555,s2_n103_99,s4_n40_7,s1_below_4282,s2_2_3,s5_2007_2009,s2_760_2075,s5_47_57,Passenger Car,s3_28_48,Deployed,s2_97_208,s1_below_1,Male,s4_96_114,s3_141_159,s2_164_318,s3_80_160,s2_2_4
3785,s3_1695_2555,s2_n103_99,s4_n40_7,s1_below_4282,s1_below_2,s3_2003_2005,s3_2075_3730,s4_37_47,Truck (<=6000 lbs.),s3_28_48,Not Deployed,s2_97_208,s1_below_1,Male,s4_96_114,s3_141_159,s2_164_318,s3_80_160,s2_2_4
3786,s3_1695_2555,s2_n103_99,s4_n40_7,s1_below_4282,s1_below_2,s1_below_2001,s2_760_2075,s4_37_47,Truck (<=6000 lbs.),s2_11_28,Deployed,s2_97_208,s2_1_2,Male,s4_96_114,s4_159_169,s2_164_318,s3_80_160,s3_4_5
3787,s3_1695_2555,s2_n103_99,s5_7_up,s1_below_4282,s1_below_2,s3_2003_2005,s2_760_2075,s4_37_47,Passenger Car,s3_28_48,Not Deployed,s2_97_208,s1_below_1,Male,s3_80_96,s3_141_159,s2_164_318,s6_260_up,s2_2_4
3788,s2_885_1695,s2_n103_99,s4_n40_7,s1_below_4282,s1_below_2,s5_2007_2009,s2_760_2075,s5_47_57,Passenger Car,s2_11_28,Not Deployed,s2_97_208,s3_2_3,Female,s2_37_80,s3_141_159,s2_164_318,s2_40_80,s2_2_4
3789,s3_1695_2555,s2_n103_99,s4_n40_7,s1_below_4282,s3_3_4,s3_2003_2005,s2_760_2075,s5_47_57,Truck (<=10000 lbs.),s3_28_48,Not Deployed,s2_97_208,s1_below_1,Female,s3_80_96,s5_169_179,s3_318_464,s3_80_160,s4_5_6
3790,s2_885_1695,s2_n103_99,s4_n40_7,s1_below_4282,s4_4_5,s4_2005_2007,s3_2075_3730,s5_47_57,Passenger Car,s2_11_28,Deployed,s2_97_208,s2_1_2,Female,s3_80_96,s3_141_159,s2_164_318,s4_160_220,s2_2_4
3791,s3_1695_2555,s2_n103_99,s3_n81_n40,s1_below_4282,s4_4_5,s2_2001_2003,s2_760_2075,s3_17_37,Truck (<=10000 lbs.),s3_28_48,Deployed,s2_97_208,s1_below_1,Male,s3_80_96,s3_141_159,s3_318_464,s3_80_160,s3_4_5
3792,s3_1695_2555,s2_n103_99,s5_7_up,s1_below_4282,s3_3_4,s5_2007_2009,s2_760_2075,s4_37_47,Truck (<=6000 lbs.),s2_11_28,Not Deployed,s2_97_208,s1_below_1,Male,s2_37_80,s4_159_169,s2_164_318,s6_260_up,s3_4_5
3793,s3_1695_2555,s2_n103_99,s4_n40_7,s1_below_4282,s2_2_3,s1_below_2001,s2_760_2075,s3_17_37,Truck (<=10000 lbs.),s3_28_48,Not Deployed,s2_97_208,s1_below_1,Male,s3_80_96,s5_169_179,s3_318_464,s3_80_160,s4_5_6
3794,s2_885_1695,s2_n103_99,s4_n40_7,s1_below_4282,s4_4_5,s3_2003_2005,s2_760_2075,s3_17_37,Passenger Car,s4_48_64,Deployed,s2_97_208,s1_below_1,Female,s3_80_96,s3_141_159,s2_164_318,s3_80_160,s2_2_4
3795,s3_1695_2555,s2_n103_99,s4_n40_7,s1_below_4282,s1_below_2,s4_2005_2007,s2_760_2075,s3_17_37,Truck (<=6000 lbs.),s2_11_28,Not Deployed,s2_97_208,s1_below_1,Female,s2_37_80,s3_141_159,s2_164_318,s3_80_160,s2_2_4
3796,s2_885_1695,s2_n103_99,s4_n40_7,s1_below_4282,s1_below_2,s4_2005_2007,s3_2075_3730,s3_17_37,Passenger Car,s3_28_48,Deployed,s2_97_208,s1_below_1,Female,s2_37_80,s3_141_159,s2_164_318,s3_80_160,s2_2_4
3797,s3_1695_2555,s2_n103_99,s4_n40_7,s1_below_4282,s3_3_4,s5_2007_2009,s2_760_2075,s3_17_37,Truck (<=10000 lbs.),s5_64_76,Not Deployed,s2_97_208,s1_below_1,Male,s3_80_96,s5_169_179,s3_318_464,s3_80_160,s4_5_6
3798,s2_885_1695,s2_n103_99,s3_n81_n40,s1_below_4282,s4_4_5,s2_2001_2003,s2_760_2075,s3_17_37,Passenger Car,s2_11_28,Deployed,s2_97_208,s1_below_1,Male,s2_37_80,s3_141_159,s2_164_318,s3_80_160,s2_2_4
3799,s2_885_1695,s2_n103_99,s5_7_up,s1_below_4282,s3_3_4,s4_2005_2007,s2_760_2075,s5_47_57,Passenger Car,s5_64_76,Not Deployed,s2_97_208,s1_below_1,Male,s5_114_130,s3_141_159,s2_164_318,s5_220_260,s2_2_4
3800,s2_885_1695,s2_n103_99,s5_7_up,s1_below_4282,s2_2_3,s3_2003_2005,s2_760_2075,s4_37_47,Passenger Car,s4_48_64,Not Deployed,s2_97_208,s1_below_1,Female,s2_37_80,s3_141_159,s2_164_318,s6_260_up,s2_2_4
3801,s3_1695_2555,s2_n103_99,s4_n40_7,s1_below_4282,s5_5_6,s1_below_2001,s2_760_2075,s4_37_47,Truck (<=6000 lbs.),s3_28_48,Not Deployed,s2_97_208,s1_below_1,Male,s2_37_80,s3_141_159,s2_164_318,s3_80_160,s2_2_4
3802,s3_1695_2555,s2_n103_99,s4_n40_7,s1_below_4282,s1_below_2,s2_2001_2003,s2_760_2075,s3_17_37,Truck (<=6000 lbs.),s5_64_76,Deployed,s2_97_208,s1_below_1,Female,s2_37_80,s4_159_169,s2_164_318,s3_80_160,s2_2_4
3803,s2_885_1695,s2_n103_99,s4_n40_7,s1_below_4282,s3_3_4,s1_below_2001,s2_760_2075,s6_57_up,Passenger Car,s2_11_28,Not Deployed,s2_97_208,s1_below_1,Male,s3_80_96,s3_141_159,s2_164_318,s3_80_160,s2_2_4
3804,s3_1695_2555,s2_n103_99,s4_n40_7,s1_below_4282,s3_3_4,s2_2001_2003,s3_2075_3730,s3_17_37,Truck (<=6000 lbs.),s3_28_48,Not Deployed,s2_97_208,s1_below_1,Male,s2_37_80,s4_159_169,s2_164_318,s3_80_160,s2_2_4
3805,s3_1695_2555,s2_n103_99,s4_n40_7,s1_below_4282,s4_4_5,s5_2007_2009,s3_2075_3730,s3_17_37,Truck (<=10000 lbs.),s4_48_64,Deployed,s2_97_208,s1_below_1,Male,s3_80_96,s3_141_159,s2_164_318,s3_80_160,s2_2_4
3806,s3_1695_2555,s2_n103_99,s3_n81_n40,s1_below_4282,s3_3_4,s1_below_2001,s2_760_2075,s5_47_57,Truck (<=6000 lbs.),s2_11_28,Deployed,s2_97_208,s1_below_1,Female,s2_37_80,s3_141_159,s2_164_318,s3_80_160,s2_2_4
3807,s3_1695_2555,s2_n103_99,s4_n40_7,s1_below_4282,s1_below_2,s1_below_2001,s2_760_2075,s5_47_57,Truck (<=6000 lbs.),s5_64_76,Deployed,s2_97_208,s1_below_1,Male,s2_37_80,s4_159_169,s2_164_318,s2_40_80,s3_4_5
3808,s3_1695_2555,s2_n103_99,s4_n40_7,s1_below_4282,s1_below_2,s1_below_2001,s2_760_2075,s3_17_37,Truck (<=6000 lbs.),s3_28_48,Deployed,s2_97_208,s1_below_1,Male,s3_80_96,s4_159_169,s2_164_318,s4_160_220,s3_4_5
3809,s3_1695_2555,s2_n103_99,s4_n40_7,s1_below_4282,s2_2_3,s5_2007_2009,s2_760_2075,s3_17_37,Passenger Car,s2_11_28,Deployed,s3_208_up,s1_below_1,Male,s4_96_114,s3_141_159,s2_164_318,s3_80_160,s3_4_5
3810,s2_885_1695,s2_n103_99,s5_7_up,s1_below_4282,s3_3_4,s2_2001_2003,s2_760_2075,s5_47_57,Passenger Car,s2_11_28,Not Deployed,s2_97_208,s1_below_1,Female,s2_37_80,s3_141_159,s2_164_318,s6_260_up,s2_2_4
3811,s2_885_1695,s2_n103_99,s4_n40_7,s1_below_4282,s1_below_2,s1_below_2001,s2_760_2075,s3_17_37,Passenger Car,s2_11_28,Not Deployed,s2_97_208,s1_below_1,Male,s2_37_80,s3_141_159,s2_164_318,s4_160_220,s2_2_4
3812,s2_885_1695,s2_n103_99,s4_n40_7,s1_below_4282,s3_3_4,s1_below_2001,s2_760_2075,s3_17_37,Truck (<=6000 lbs.),s4_48_64,Not Deployed,s2_97_208,s1_below_1,Female,s3_80_96,s3_141_159,s2_164_318,s3_80_160,s2_2_4
3813,s3_1695_2555,s2_n103_99,s4_n40_7,s1_below_4282,s3_3_4,s1_below_2001,s2_760_2075,s3_17_37,Truck (<=10000 lbs.),s3_28_48,Deployed,s2_97_208,s1_below_1,Male,s4_96_114,s4_159_169,s2_164_318,s4_160_220,s3_4_5
3814,s2_885_1695,s2_n103_99,s4_n40_7,s1_below_4282,s2_2_3,s5_2007_2009,s2_760_2075,s6_57_up,Passenger Car,s4_48_64,Deployed,s2_97_208,s1_below_1,Female,s4_96_114,s3_141_159,s2_164_318,s4_160_220,s2_2_4
3815,s3_1695_2555,s2_n103_99,s4_n40_7,s1_below_4282,s1_below_2,s4_2005_2007,s2_760_2075,s3_17_37,Truck (<=6000 lbs.),s2_11_28,Deployed,s2_97_208,s1_below_1,Female,s2_37_80,s4_159_169,s2_164_318,s3_80_160,s3_4_5
3816,s3_1695_2555,s2_n103_99,s4_n40_7,s1_below_4282,s2_2_3,s5_2007_2009,s2_760_2075,s4_37_47,Truck (<=10000 lbs.),s3_28_48,Deployed,s2_97_208,s2_1_2,Male,s4_96_114,s5_169_179,s3_318_464,s3_80_160,s4_5_6
3817,s3_1695_2555,s2_n103_99,s3_n81_n40,s1_below_4282,s2_2_3,s3_2003_2005,s3_2075_3730,s4_37_47,Truck (<=6000 lbs.),s4_48_64,Deployed,s2_97_208,s4_3_4,Female,s3_80_96,s4_159_169,s2_164_318,s3_80_160,s3_4_5
3818,s2_885_1695,s2_n103_99,s5_7_up,s1_below_4282,s3_3_4,s4_2005_2007,s2_760_2075,s5_47_57,Passenger Car,s3_28_48,Not Deployed,s2_97_208,s1_below_1,Male,s2_37_80,s3_141_159,s2_164_318,s6_260_up,s2_2_4
3819,s2_885_1695,s2_n103_99,s4_n40_7,s1_below_4282,s4_4_5,s4_2005_2007,s2_760_2075,s4_37_47,Passenger Car,s3_28_48,Not Deployed,s2_97_208,s1_below_1,Female,s4_96_114,s3_141_159,s2_164_318,s3_80_160,s2_2_4
3820,s3_1695_2555,s2_n103_99,s4_n40_7,s1_below_4282,s3_3_4,s5_2007_2009,s2_760_2075,s4_37_47,Truck (<=6000 lbs.),s3_28_48,Deployed,s2_97_208,s1_below_1,Male,s6_130_up,s4_159_169,s2_164_318,s4_160_220,s3_4_5
3821,s3_1695_2555,s2_n103_99,s4_n40_7,s1_below_4282,s3_3_4,s3_2003_2005,s2_760_2075,s5_47_57,Truck (<=6000 lbs.),s3_28_48,Not Deployed,s2_97_208,s1_below_1,Male,s3_80_96,s5_169_179,s2_164_318,s3_80_160,s4_5_6
3822,s3_1695_2555,s2_n103_99,s3_n81_n40,s2_4282_6970,s3_3_4,s1_below_2001,s2_760_2075,s3_17_37,Passenger Car,s2_11_28,Deployed,s2_97_208,s1_below_1,Male,s3_80_96,s3_141_159,s2_164_318,s4_160_220,s2_2_4
3823,s3_1695_2555,s2_n103_99,s3_n81_n40,s1_below_4282,s3_3_4,s4_2005_2007,s2_760_2075,s3_17_37,Truck (<=6000 lbs.),s3_28_48,Deployed,s2_97_208,s1_below_1,Female,s3_80_96,s3_141_159,s2_164_318,s3_80_160,s2_2_4
3824,s2_885_1695,s2_n103_99,s3_n81_n40,s1_below_4282,s4_4_5,s1_below_2001,s2_760_2075,s3_17_37,Passenger Car,s3_28_48,Not Deployed,s2_97_208,s1_below_1,Female,s2_37_80,s3_141_159,s2_164_318,s4_160_220,s2_2_4
3825,s2_885_1695,s2_n103_99,s4_n40_7,s1_below_4282,s3_3_4,s3_2003_2005,s2_760_2075,s4_37_47,Passenger Car,s3_28_48,Deployed,s2_97_208,s1_below_1,Male,s2_37_80,s3_141_159,s2_164_318,s3_80_160,s2_2_4
3826,s3_1695_2555,s2_n103_99,s4_n40_7,s1_below_4282,s3_3_4,s1_below_2001,s2_760_2075,s3_17_37,Truck (<=6000 lbs.),s3_28_48,Deployed,s2_97_208,s1_below_1,Female,s2_37_80,s3_141_159,s2_164_318,s4_160_220,s2_2_4
3827,s2_885_1695,s2_n103_99,s4_n40_7,s1_below_4282,s1_below_2,s5_2007_2009,s2_760_2075,s3_17_37,Passenger Car,s3_28_48,Not Deployed,s2_97_208,s1_below_1,Male,s3_80_96,s3_141_159,s2_164_318,s3_80_160,s2_2_4
3828,s2_885_1695,s2_n103_99,s4_n40_7,s1_below_4282,s3_3_4,s5_2007_2009,s2_760_2075,s3_17_37,Passenger Car,s2_11_28,Not Deployed,s2_97_208,s1_below_1,Female,s2_37_80,s3_141_159,s2_164_318,s3_80_160,s2_2_4
3829,s2_885_1695,s2_n103_99,s4_n40_7,s1_below_4282,s4_4_5,s1_below_2001,s3_2075_3730,s3_17_37,Passenger Car,s2_11_28,Not Deployed,s2_97_208,s1_below_1,Male,s3_80_96,s3_141_159,s2_164_318,s3_80_160,s2_2_4
3830,s2_885_1695,s2_n103_99,s4_n40_7,s1_below_4282,s1_below_2,s1_below_2001,s3_2075_3730,s3_17_37,Passenger Car,s2_11_28,Not Deployed,s2_97_208,s2_1_2,Male,s2_37_80,s3_141_159,s2_164_318,s4_160_220,s2_2_4
3831,s4_2555_3715,s2_n103_99,s4_n40_7,s1_below_4282,s1_below_2,s2_2001_2003,s2_760_2075,s3_17_37,Truck (<=10000 lbs.),s4_48_64,Not Deployed,s2_97_208,s2_1_2,Female,s5_114_130,s5_169_179,s2_164_318,s3_80_160,s3_4_5
3832,s3_1695_2555,s2_n103_99,s4_n40_7,s1_below_4282,s2_2_3,s3_2003_2005,s2_760_2075,s4_37_47,Truck (<=6000 lbs.),s3_28_48,Deployed,s2_97_208,s1_below_1,Female,s2_37_80,s3_141_159,s2_164_318,s3_80_160,s2_2_4
3833,s2_885_1695,s2_n103_99,s5_7_up,s1_below_4282,s1_below_2,s1_below_2001,s2_760_2075,s5_47_57,Passenger Car,s3_28_48,Not Deployed,s2_97_208,s1_below_1,Female,s2_37_80,s3_141_159,s2_164_318,s6_260_up,s2_2_4
3834,s2_885_1695,s2_n103_99,s4_n40_7,s1_below_4282,s4_4_5,s2_2001_2003,s2_760_2075,s3_17_37,Passenger Car,s3_28_48,Not Deployed,s2_97_208,s1_below_1,Male,s2_37_80,s3_141_159,s2_164_318,s3_80_160,s2_2_4
3835,s2_885_1695,s2_n103_99,s5_7_up,s1_below_4282,s4_4_5,s2_2001_2003,s2_760_2075,s3_17_37,Passenger Car,s2_11_28,Not Deployed,s2_97_208,s1_below_1,Male,s2_37_80,s3_141_159,s2_164_318,s6_260_up,s2_2_4
3836,s2_885_1695,s2_n103_99,s4_n40_7,s1_below_4282,s5_5_6,s4_2005_2007,s2_760_2075,s3_17_37,Truck (<=6000 lbs.),s3_28_48,Deployed,s2_97_208,s3_2_3,Female,s2_37_80,s3_141_159,s2_164_318,s4_160_220,s2_2_4
3837,s2_885_1695,s2_n103_99,s4_n40_7,s1_below_4282,s4_4_5,s2_2001_2003,s2_760_2075,s3_17_37,Passenger Car,s2_11_28,Deployed,s2_97_208,s1_below_1,Female,s2_37_80,s3_141_159,s2_164_318,s3_80_160,s2_2_4
3838,s3_1695_2555,s2_n103_99,s3_n81_n40,s1_below_4282,s1_below_2,s3_2003_2005,s2_760_2075,s3_17_37,Truck (<=10000 lbs.),s3_28_48,Deployed,s2_97_208,s2_1_2,Male,s3_80_96,s5_169_179,s3_318_464,s3_80_160,s4_5_6
3839,s2_885_1695,s2_n103_99,s3_n81_n40,s1_below_4282,s1_below_2,s4_2005_2007,s3_2075_3730,s3_17_37,Passenger Car,s2_11_28,Deployed,s2_97_208,s2_1_2,Female,s2_37_80,s3_141_159,s2_164_318,s3_80_160,s2_2_4
3840,s2_885_1695,s2_n103_99,s4_n40_7,s1_below_4282,s2_2_3,s4_2005_2007,s2_760_2075,s5_47_57,Passenger Car,s2_11_28,Not Deployed,s2_97_208,s1_below_1,Male,s4_96_114,s3_141_159,s2_164_318,s3_80_160,s2_2_4
3841,s2_885_1695,s2_n103_99,s3_n81_n40,s1_below_4282,s1_below_2,s4_2005_2007,s2_760_2075,s3_17_37,Passenger Car,s3_28_48,Deployed,s2_97_208,s2_1_2,Male,s2_37_80,s3_141_159,s2_164_318,s3_80_160,s2_2_4
3842,s3_1695_2555,s2_n103_99,s4_n40_7,s1_below_4282,s2_2_3,s4_2005_2007,s2_760_2075,s5_47_57,Truck (<=6000 lbs.),s5_64_76,Deployed,s2_97_208,s1_below_1,Female,s2_37_80,s3_141_159,s2_164_318,s3_80_160,s2_2_4
3843,s2_885_1695,s2_n103_99,s4_n40_7,s1_below_4282,s3_3_4,s5_2007_2009,s2_760_2075,s5_47_57,Passenger Car,s5_64_76,Not Deployed,s2_97_208,s1_below_1,Male,s4_96_114,s3_141_159,s2_164_318,s3_80_160,s2_2_4
3844,s2_885_1695,s2_n103_99,s4_n40_7,s1_below_4282,s3_3_4,s1_below_2001,s2_760_2075,s3_17_37,Passenger Car,s2_11_28,Deployed,s1_below_97,s1_below_1,Male,s2_37_80,s3_141_159,s2_164_318,s3_80_160,s2_2_4
3845,s2_885_1695,s2_n103_99,s4_n40_7,s1_below_4282,s4_4_5,s5_2007_2009,s2_760_2075,s5_47_57,Passenger Car,s4_48_64,Deployed,s2_97_208,s1_below_1,Male,s2_37_80,s3_141_159,s2_164_318,s3_80_160,s2_2_4
3846,s2_885_1695,s2_n103_99,s4_n40_7,s1_below_4282,s1_below_2,s1_below_2001,s2_760_2075,s3_17_37,Passenger Car,s2_11_28,Not Deployed,s2_97_208,s1_below_1,Female,s2_37_80,s3_141_159,s2_164_318,s3_80_160,s2_2_4
3847,s3_1695_2555,s2_n103_99,s4_n40_7,s1_below_4282,s1_below_2,s4_2005_2007,s2_760_2075,s4_37_47,Passenger Car,s6_76_up,Deployed,s2_97_208,s5_4_5,Female,s2_37_80,s4_159_169,s2_164_318,s3_80_160,s2_2_4
3848,s2_885_1695,s2_n103_99,s4_n40_7,s1_below_4282,s3_3_4,s4_2005_2007,s2_760_2075,s3_17_37,Passenger Car,s2_11_28,Not Deployed,s2_97_208,s1_below_1,Male,s2_37_80,s3_141_159,s2_164_318,s4_160_220,s2_2_4
3849,s2_885_1695,s2_n103_99,s4_n40_7,s1_below_4282,s2_2_3,s4_2005_2007,s2_760_2075,s5_47_57,Passenger Car,s2_11_28,Not Deployed,s2_97_208,s1_below_1,Male,s2_37_80,s3_141_159,s2_164_318,s4_160_220,s2_2_4
3850,s3_1695_2555,s2_n103_99,s5_7_up,s1_below_4282,s3_3_4,s5_2007_2009,s2_760_2075,s5_47_57,Passenger Car,s3_28_48,Not Deployed,s2_97_208,s1_below_1,Male,s3_80_96,s4_159_169,s2_164_318,s5_220_260,s2_2_4
3851,s3_1695_2555,s2_n103_99,s4_n40_7,s1_below_4282,s5_5_6,s4_2005_2007,s2_760_2075,s5_47_57,Truck (<=10000 lbs.),s2_11_28,Not Deployed,s2_97_208,s1_below_1,Male,s3_80_96,s5_169_179,s2_164_318,s3_80_160,s3_4_5
3852,s2_885_1695,s2_n103_99,s5_7_up,s1_below_4282,s1_below_2,s2_2001_2003,s2_760_2075,s6_57_up,Passenger Car,s3_28_48,Not Deployed,s2_97_208,s1_below_1,Male,s2_37_80,s3_141_159,s2_164_318,s6_260_up,s2_2_4
3853,s2_885_1695,s2_n103_99,s4_n40_7,s1_below_4282,s1_below_2,s2_2001_2003,s2_760_2075,s6_57_up,Passenger Car,s3_28_48,Deployed,s2_97_208,s1_below_1,Male,s2_37_80,s3_141_159,s2_164_318,s3_80_160,s2_2_4
3854,s3_1695_2555,s2_n103_99,s4_n40_7,s1_below_4282,s1_below_2,s4_2005_2007,s2_760_2075,s5_47_57,Truck (<=6000 lbs.),s4_48_64,Deployed,s2_97_208,s2_1_2,Male,s4_96_114,s4_159_169,s2_164_318,s3_80_160,s2_2_4
3855,s2_885_1695,s2_n103_99,s4_n40_7,s1_below_4282,s1_below_2,s4_2005_2007,s2_760_2075,s5_47_57,Passenger Car,s3_28_48,Not Deployed,s2_97_208,s1_below_1,Male,s4_96_114,s3_141_159,s2_164_318,s5_220_260,s2_2_4
3856,s2_885_1695,s2_n103_99,s5_7_up,s1_below_4282,s1_below_2,s2_2001_2003,s2_760_2075,s5_47_57,Passenger Car,s2_11_28,Not Deployed,s2_97_208,s3_2_3,Male,s2_37_80,s3_141_159,s2_164_318,s6_260_up,s2_2_4
3857,s2_885_1695,s2_n103_99,s4_n40_7,s1_below_4282,s1_below_2,s4_2005_2007,s3_2075_3730,s4_37_47,Passenger Car,s2_11_28,Deployed,s2_97_208,s1_below_1,Male,s4_96_114,s3_141_159,s2_164_318,s3_80_160,s2_2_4
3858,s2_885_1695,s2_n103_99,s4_n40_7,s1_below_4282,s1_below_2,s1_below_2001,s3_2075_3730,s3_17_37,Passenger Car,s2_11_28,Not Deployed,s2_97_208,s1_below_1,Female,s2_37_80,s3_141_159,s2_164_318,s2_40_80,s2_2_4
3859,s2_885_1695,s2_n103_99,s4_n40_7,s1_below_4282,s1_below_2,s1_below_2001,s2_760_2075,s4_37_47,Passenger Car,s3_28_48,Not Deployed,s2_97_208,s5_4_5,Male,s3_80_96,s3_141_159,s2_164_318,s4_160_220,s2_2_4
3860,s3_1695_2555,s2_n103_99,s3_n81_n40,s1_below_4282,s1_below_2,s1_below_2001,s2_760_2075,s4_37_47,Truck (<=6000 lbs.),s3_28_48,Deployed,s2_97_208,s3_2_3,Female,s2_37_80,s4_159_169,s3_318_464,s3_80_160,s4_5_6
3861,s2_885_1695,s2_n103_99,s4_n40_7,s1_below_4282,s1_below_2,s4_2005_2007,s3_2075_3730,s5_47_57,Passenger Car,s3_28_48,Not Deployed,s2_97_208,s1_below_1,Female,s6_130_up,s3_141_159,s2_164_318,s3_80_160,s2_2_4
3862,s2_885_1695,s2_n103_99,s5_7_up,s1_below_4282,s1_below_2,s3_2003_2005,s2_760_2075,s3_17_37,Passenger Car,s4_48_64,Not Deployed,s2_97_208,s1_below_1,Male,s2_37_80,s3_141_159,s2_164_318,s6_260_up,s2_2_4
3863,s3_1695_2555,s2_n103_99,s4_n40_7,s1_below_4282,s6_6_up,s2_2001_2003,s2_760_2075,s5_47_57,Truck (<=6000 lbs.),s6_76_up,Deployed,s2_97_208,s1_below_1,Male,s2_37_80,s4_159_169,s2_164_318,s3_80_160,s3_4_5
3864,s2_885_1695,s2_n103_99,s3_n81_n40,s1_below_4282,s1_below_2,s1_below_2001,s2_760_2075,s5_47_57,Passenger Car,s2_11_28,Deployed,s2_97_208,s4_3_4,Female,s2_37_80,s3_141_159,s2_164_318,s4_160_220,s2_2_4
3865,s2_885_1695,s2_n103_99,s4_n40_7,s1_below_4282,s1_below_2,s3_2003_2005,s2_760_2075,s5_47_57,Passenger Car,s4_48_64,Deployed,s2_97_208,s1_below_1,Female,s2_37_80,s3_141_159,s2_164_318,s4_160_220,s2_2_4
3866,s3_1695_2555,s2_n103_99,s4_n40_7,s1_below_4282,s1_below_2,s3_2003_2005,s2_760_2075,s5_47_57,Truck (<=6000 lbs.),s3_28_48,Not Deployed,s2_97_208,s2_1_2,Female,s2_37_80,s3_141_159,s2_164_318,s3_80_160,s2_2_4
3867,s2_885_1695,s2_n103_99,s5_7_up,s1_below_4282,s2_2_3,s1_below_2001,s2_760_2075,s4_37_47,Truck (<=6000 lbs.),s4_48_64,Deployed,s2_97_208,s2_1_2,Female,s2_37_80,s3_141_159,s2_164_318,s6_260_up,s2_2_4
3868,s2_885_1695,s2_n103_99,s4_n40_7,s1_below_4282,s1_below_2,s1_below_2001,s3_2075_3730,s6_57_up,Passenger Car,s2_11_28,Not Deployed,s2_97_208,s1_below_1,Female,s2_37_80,s3_141_159,s2_164_318,s3_80_160,s2_2_4
3869,s4_2555_3715,s2_n103_99,s4_n40_7,s1_below_4282,s1_below_2,s5_2007_2009,s2_760_2075,s6_57_up,Truck (<=10000 lbs.),s2_11_28,Deployed,s2_97_208,s1_below_1,Male,s2_37_80,s5_169_179,s2_164_318,s4_160_220,s3_4_5
3870,s3_1695_2555,s2_n103_99,s5_7_up,s1_below_4282,s1_below_2,s1_below_2001,s2_760_2075,s6_57_up,Truck (<=6000 lbs.),s2_11_28,Not Deployed,s2_97_208,s1_below_1,Female,s3_80_96,s3_141_159,s2_164_318,s6_260_up,s2_2_4
3871,s4_2555_3715,s2_n103_99,s4_n40_7,s1_below_4282,s5_5_6,s5_2007_2009,s2_760_2075,s4_37_47,Truck (<=10000 lbs.),s4_48_64,Deployed,s2_97_208,s1_below_1,Male,s4_96_114,s5_169_179,s2_164_318,s3_80_160,s3_4_5
3872,s2_885_1695,s2_n103_99,s5_7_up,s1_below_4282,s5_5_6,s1_below_2001,s3_2075_3730,s4_37_47,Truck (<=6000 lbs.),s3_28_48,Deployed,s2_97_208,s2_1_2,Female,s2_37_80,s3_141_159,s2_164_318,s6_260_up,s2_2_4
3873,s2_885_1695,s2_n103_99,s4_n40_7,s1_below_4282,s1_below_2,s2_2001_2003,s2_760_2075,s6_57_up,Truck (<=6000 lbs.),s2_11_28,Not Deployed,s2_97_208,s1_below_1,Female,s2_37_80,s3_141_159,s2_164_318,s1_below_40,s2_2_4
3874,s3_1695_2555,s2_n103_99,s4_n40_7,s1_below_4282,s2_2_3,s2_2001_2003,s2_760_2075,s3_17_37,Truck (<=6000 lbs.),s3_28_48,Not Deployed,s2_97_208,s1_below_1,Male,s5_114_130,s3_141_159,s2_164_318,s2_40_80,s2_2_4
3875,s2_885_1695,s2_n103_99,s4_n40_7,s1_below_4282,s3_3_4,s4_2005_2007,s2_760_2075,s3_17_37,Passenger Car,s3_28_48,Deployed,s2_97_208,s1_below_1,Male,s3_80_96,s3_141_159,s2_164_318,s3_80_160,s2_2_4
3876,s2_885_1695,s2_n103_99,s4_n40_7,s1_below_4282,s1_below_2,s5_2007_2009,s2_760_2075,s6_57_up,Passenger Car,s3_28_48,Not Deployed,s2_97_208,s1_below_1,Female,s2_37_80,s3_141_159,s2_164_318,s3_80_160,s2_2_4
3877,s2_885_1695,s2_n103_99,s4_n40_7,s1_below_4282,s1_below_2,s3_2003_2005,s2_760_2075,s4_37_47,Truck (<=6000 lbs.),s4_48_64,Not Deployed,s2_97_208,s1_below_1,Male,s3_80_96,s3_141_159,s2_164_318,s3_80_160,s2_2_4
3878,s2_885_1695,s2_n103_99,s4_n40_7,s1_below_4282,s2_2_3,s5_2007_2009,s2_760_2075,s4_37_47,Passenger Car,s3_28_48,Deployed,s2_97_208,s1_below_1,Female,s2_37_80,s3_141_159,s2_164_318,s3_80_160,s2_2_4
3879,s3_1695_2555,s2_n103_99,s4_n40_7,s1_below_4282,s4_4_5,s2_2001_2003,s2_760_2075,s4_37_47,Truck (<=6000 lbs.),s3_28_48,Deployed,s2_97_208,s2_1_2,Male,s3_80_96,s3_141_159,s2_164_318,s3_80_160,s2_2_4
3880,s2_885_1695,s2_n103_99,s4_n40_7,s1_below_4282,s4_4_5,s1_below_2001,s3_2075_3730,s4_37_47,Truck (<=6000 lbs.),s3_28_48,Deployed,s2_97_208,s1_below_1,Female,s5_114_130,s4_159_169,s2_164_318,s3_80_160,s2_2_4
3881,s2_885_1695,s2_n103_99,s4_n40_7,s1_below_4282,s4_4_5,s3_2003_2005,s2_760_2075,s4_37_47,Passenger Car,s3_28_48,Deployed,s2_97_208,s1_below_1,Female,s2_37_80,s3_141_159,s2_164_318,s3_80_160,s2_2_4
3882,s2_885_1695,s2_n103_99,s4_n40_7,s1_below_4282,s1_below_2,s4_2005_2007,s2_760_2075,s4_37_47,Passenger Car,s4_48_64,Not Deployed,s2_97_208,s1_below_1,Female,s4_96_114,s3_141_159,s2_164_318,s6_260_up,s2_2_4
3883,s3_1695_2555,s2_n103_99,s4_n40_7,s1_below_4282,s1_below_2,s4_2005_2007,s2_760_2075,s4_37_47,Truck (<=6000 lbs.),s4_48_64,Not Deployed,s2_97_208,s1_below_1,Male,s3_80_96,s3_141_159,s2_164_318,s2_40_80,s2_2_4
3884,s2_885_1695,s2_n103_99,s4_n40_7,s1_below_4282,s1_below_2,s4_2005_2007,s3_2075_3730,s4_37_47,Passenger Car,s2_11_28,Deployed,s2_97_208,s1_below_1,Male,s3_80_96,s3_141_159,s2_164_318,s3_80_160,s2_2_4
3885,s3_1695_2555,s2_n103_99,s4_n40_7,s1_below_4282,s1_below_2,s2_2001_2003,s2_760_2075,s3_17_37,Truck (<=6000 lbs.),s3_28_48,Not Deployed,s2_97_208,s1_below_1,Female,s3_80_96,s4_159_169,s2_164_318,s3_80_160,s3_4_5
3886,s2_885_1695,s2_n103_99,s4_n40_7,s1_below_4282,s1_below_2,s2_2001_2003,s2_760_2075,s5_47_57,Passenger Car,s3_28_48,Not Deployed,s2_97_208,s1_below_1,Female,s4_96_114,s3_141_159,s2_164_318,s3_80_160,s2_2_4
3887,s2_885_1695,s2_n103_99,s4_n40_7,s1_below_4282,s4_4_5,s4_2005_2007,s2_760_2075,s3_17_37,Passenger Car,s2_11_28,Not Deployed,s2_97_208,s1_below_1,Male,s2_37_80,s3_141_159,s2_164_318,s4_160_220,s2_2_4
3888,s2_885_1695,s2_n103_99,s4_n40_7,s1_below_4282,s1_below_2,s5_2007_2009,s2_760_2075,s5_47_57,Passenger Car,s4_48_64,Deployed,s2_97_208,s1_below_1,Female,s4_96_114,s3_141_159,s2_164_318,s3_80_160,s2_2_4
3889,s2_885_1695,s2_n103_99,s5_7_up,s1_below_4282,s5_5_6,s2_2001_2003,s2_760_2075,s4_37_47,Passenger Car,s2_11_28,Not Deployed,s2_97_208,s1_below_1,Male,s2_37_80,s3_141_159,s2_164_318,s6_260_up,s2_2_4
3890,s2_885_1695,s2_n103_99,s4_n40_7,s1_below_4282,s2_2_3,s1_below_2001,s2_760_2075,s5_47_57,Passenger Car,s2_11_28,Deployed,s2_97_208,s1_below_1,Female,s2_37_80,s3_141_159,s2_164_318,s3_80_160,s2_2_4
3891,s2_885_1695,s2_n103_99,s4_n40_7,s1_below_4282,s2_2_3,s4_2005_2007,s2_760_2075,s5_47_57,Passenger Car,s2_11_28,Deployed,s2_97_208,s1_below_1,Male,s2_37_80,s3_141_159,s2_164_318,s4_160_220,s2_2_4
3892,s2_885_1695,s2_n103_99,s4_n40_7,s1_below_4282,s2_2_3,s4_2005_2007,s3_2075_3730,s3_17_37,Passenger Car,s3_28_48,Not Deployed,s2_97_208,s1_below_1,Male,s3_80_96,s3_141_159,s2_164_318,s4_160_220,s2_2_4
3893,s2_885_1695,s2_n103_99,s4_n40_7,s1_below_4282,s1_below_2,s4_2005_2007,s2_760_2075,s4_37_47,Passenger Car,s5_64_76,Not Deployed,s2_97_208,s1_below_1,Male,s2_37_80,s4_159_169,s2_164_318,s2_40_80,s2_2_4
3894,s2_885_1695,s2_n103_99,s5_7_up,s1_below_4282,s1_below_2,s2_2001_2003,s2_760_2075,s4_37_47,Passenger Car,s3_28_48,Not Deployed,s2_97_208,s1_below_1,Female,s2_37_80,s3_141_159,s2_164_318,s6_260_up,s2_2_4
3895,s2_885_1695,s2_n103_99,s4_n40_7,s1_below_4282,s1_below_2,s4_2005_2007,s2_760_2075,s5_47_57,Passenger Car,s4_48_64,Deployed,s2_97_208,s1_below_1,Male,s3_80_96,s3_141_159,s2_164_318,s3_80_160,s2_2_4
3896,s2_885_1695,s2_n103_99,s4_n40_7,s1_below_4282,s1_below_2,s2_2001_2003,s2_760_2075,s3_17_37,Passenger Car,s3_28_48,Not Deployed,s2_97_208,s1_below_1,Female,s2_37_80,s3_141_159,s2_164_318,s2_40_80,s2_2_4
3897,s2_885_1695,s2_n103_99,s4_n40_7,s1_below_4282,s4_4_5,s1_below_2001,s2_760_2075,s4_37_47,Passenger Car,s2_11_28,Deployed,s2_97_208,s1_below_1,Male,s2_37_80,s3_141_159,s2_164_318,s3_80_160,s2_2_4
3898,s3_1695_2555,s2_n103_99,s4_n40_7,s1_below_4282,s3_3_4,s3_2003_2005,s2_760_2075,s3_17_37,Truck (<=6000 lbs.),s2_11_28,Deployed,s2_97_208,s1_below_1,Female,s2_37_80,s4_159_169,s2_164_318,s3_80_160,s2_2_4
3899,s2_885_1695,s2_n103_99,s4_n40_7,s1_below_4282,s3_3_4,s4_2005_2007,s2_760_2075,s3_17_37,Passenger Car,s2_11_28,Deployed,s2_97_208,s1_below_1,Male,s3_80_96,s3_141_159,s2_164_318,s3_80_160,s2_2_4
3900,s4_2555_3715,s2_n103_99,s3_n81_n40,s1_below_4282,s3_3_4,s2_2001_2003,s2_760_2075,s4_37_47,Passenger Car,s3_28_48,Deployed,s2_97_208,s2_1_2,Male,s3_80_96,s5_169_179,s2_164_318,s3_80_160,s3_4_5
3901,s3_1695_2555,s2_n103_99,s4_n40_7,s1_below_4282,s1_below_2,s4_2005_2007,s2_760_2075,s4_37_47,Truck (<=6000 lbs.),s2_11_28,Deployed,s2_97_208,s1_below_1,Female,s2_37_80,s3_141_159,s2_164_318,s4_160_220,s2_2_4
3902,s2_885_1695,s2_n103_99,s3_n81_n40,s1_below_4282,s1_below_2,s2_2001_2003,s2_760_2075,s4_37_47,Passenger Car,s3_28_48,Deployed,s2_97_208,s1_below_1,Male,s2_37_80,s3_141_159,s2_164_318,s3_80_160,s2_2_4
3903,s2_885_1695,s2_n103_99,s4_n40_7,s1_below_4282,s2_2_3,s4_2005_2007,s2_760_2075,s5_47_57,Passenger Car,s3_28_48,Not Deployed,s2_97_208,s1_below_1,Female,s2_37_80,s3_141_159,s2_164_318,s3_80_160,s2_2_4
3904,s3_1695_2555,s2_n103_99,s4_n40_7,s1_below_4282,s2_2_3,s1_below_2001,s2_760_2075,s3_17_37,Truck (<=6000 lbs.),s2_11_28,Not Deployed,s2_97_208,s1_below_1,Male,s3_80_96,s3_141_159,s2_164_318,s4_160_220,s3_4_5
3905,s2_885_1695,s2_n103_99,s4_n40_7,s1_below_4282,s4_4_5,s1_below_2001,s2_760_2075,s3_17_37,Passenger Car,s2_11_28,Deployed,s2_97_208,s1_below_1,Female,s2_37_80,s3_141_159,s2_164_318,s3_80_160,s2_2_4
3906,s4_2555_3715,s2_n103_99,s4_n40_7,s1_below_4282,s1_below_2,s5_2007_2009,s2_760_2075,s6_57_up,Truck (<=10000 lbs.),s2_11_28,Deployed,s2_97_208,s1_below_1,Female,s3_80_96,s5_169_179,s3_318_464,s3_80_160,s4_5_6
3907,s3_1695_2555,s2_n103_99,s4_n40_7,s1_below_4282,s2_2_3,s2_2001_2003,s3_2075_3730,s3_17_37,Truck (<=10000 lbs.),s3_28_48,Not Deployed,s2_97_208,s1_below_1,Male,s2_37_80,s5_169_179,s3_318_464,s3_80_160,s5_6_7
3908,s3_1695_2555,s2_n103_99,s4_n40_7,s1_below_4282,s2_2_3,s1_below_2001,s3_2075_3730,s3_17_37,Truck (<=10000 lbs.),s2_11_28,Not Deployed,s2_97_208,s2_1_2,Female,s3_80_96,s3_141_159,s2_164_318,s3_80_160,s2_2_4
3909,s2_885_1695,s2_n103_99,s4_n40_7,s1_below_4282,s1_below_2,s4_2005_2007,s2_760_2075,s4_37_47,Passenger Car,s3_28_48,Not Deployed,s2_97_208,s1_below_1,Female,s2_37_80,s3_141_159,s2_164_318,s2_40_80,s2_2_4
3910,s2_885_1695,s2_n103_99,s4_n40_7,s1_below_4282,s1_below_2,s2_2001_2003,s2_760_2075,s3_17_37,Passenger Car,s2_11_28,Deployed,s2_97_208,s1_below_1,Male,s2_37_80,s4_159_169,s2_164_318,s3_80_160,s2_2_4
3911,s2_885_1695,s2_n103_99,s5_7_up,s1_below_4282,s1_below_2,s3_2003_2005,s2_760_2075,s3_17_37,Passenger Car,s4_48_64,Deployed,s2_97_208,s1_below_1,Female,s4_96_114,s4_159_169,s2_164_318,s6_260_up,s2_2_4
3912,s2_885_1695,s2_n103_99,s4_n40_7,s1_below_4282,s1_below_2,s3_2003_2005,s3_2075_3730,s5_47_57,Passenger Car,s3_28_48,Deployed,s2_97_208,s1_below_1,Male,s5_114_130,s3_141_159,s2_164_318,s3_80_160,s2_2_4
3913,s3_1695_2555,s2_n103_99,s4_n40_7,s1_below_4282,s1_below_2,s3_2003_2005,s2_760_2075,s4_37_47,Truck (<=6000 lbs.),s3_28_48,Not Deployed,s2_97_208,s1_below_1,Female,s2_37_80,s4_159_169,s2_164_318,s3_80_160,s3_4_5
3914,s3_1695_2555,s2_n103_99,s4_n40_7,s1_below_4282,s1_below_2,s3_2003_2005,s2_760_2075,s5_47_57,Truck (<=6000 lbs.),s4_48_64,Not Deployed,s2_97_208,s1_below_1,Male,s3_80_96,s3_141_159,s2_164_318,s3_80_160,s2_2_4
3915,s2_885_1695,s2_n103_99,s4_n40_7,s1_below_4282,s1_below_2,s1_below_2001,s2_760_2075,s4_37_47,Passenger Car,s4_48_64,Deployed,s2_97_208,s1_below_1,Female,s2_37_80,s3_141_159,s2_164_318,s3_80_160,s2_2_4
3916,s2_885_1695,s2_n103_99,s4_n40_7,s1_below_4282,s2_2_3,s3_2003_2005,s3_2075_3730,s4_37_47,Passenger Car,s2_11_28,Deployed,s2_97_208,s1_below_1,Male,s2_37_80,s3_141_159,s2_164_318,s4_160_220,s2_2_4
3917,s3_1695_2555,s2_n103_99,s4_n40_7,s1_below_4282,s1_below_2,s1_below_2001,s2_760_2075,s5_47_57,Truck (<=6000 lbs.),s2_11_28,Not Deployed,s2_97_208,s1_below_1,Female,s2_37_80,s3_141_159,s2_164_318,s2_40_80,s2_2_4
3918,s3_1695_2555,s2_n103_99,s4_n40_7,s1_below_4282,s1_below_2,s2_2001_2003,s2_760_2075,s5_47_57,Passenger Car,s5_64_76,Deployed,s2_97_208,s1_below_1,Female,s2_37_80,s4_159_169,s2_164_318,s3_80_160,s2_2_4
3919,s3_1695_2555,s2_n103_99,s4_n40_7,s1_below_4282,s4_4_5,s4_2005_2007,s3_2075_3730,s4_37_47,Truck (<=6000 lbs.),s4_48_64,Deployed,s2_97_208,s3_2_3,Female,s4_96_114,s4_159_169,s2_164_318,s4_160_220,s3_4_5
3920,s4_2555_3715,s2_n103_99,s4_n40_7,s1_below_4282,s5_5_6,s5_2007_2009,s2_760_2075,s4_37_47,Truck (<=10000 lbs.),s3_28_48,Deployed,s2_97_208,s1_below_1,Male,s4_96_114,s5_169_179,s3_318_464,s3_80_160,s6_7_up
3921,s3_1695_2555,s2_n103_99,s4_n40_7,s1_below_4282,s4_4_5,s4_2005_2007,s2_760_2075,s4_37_47,Truck (<=6000 lbs.),s4_48_64,Deployed,s2_97_208,s1_below_1,Female,s3_80_96,s3_141_159,s2_164_318,s4_160_220,s2_2_4
3922,s2_885_1695,s2_n103_99,s4_n40_7,s1_below_4282,s1_below_2,s2_2001_2003,s2_760_2075,s5_47_57,Passenger Car,s5_64_76,Deployed,s2_97_208,s1_below_1,Female,s2_37_80,s3_141_159,s2_164_318,s3_80_160,s2_2_4
3923,s2_885_1695,s2_n103_99,s4_n40_7,s1_below_4282,s2_2_3,s3_2003_2005,s2_760_2075,s3_17_37,Passenger Car,s5_64_76,Deployed,s2_97_208,s1_below_1,Male,s2_37_80,s3_141_159,s2_164_318,s3_80_160,s2_2_4
3924,s2_885_1695,s2_n103_99,s4_n40_7,s1_below_4282,s2_2_3,s2_2001_2003,s2_760_2075,s4_37_47,Passenger Car,s4_48_64,Not Deployed,s2_97_208,s1_below_1,Female,s2_37_80,s3_141_159,s2_164_318,s2_40_80,s2_2_4
3925,s3_1695_2555,s2_n103_99,s4_n40_7,s1_below_4282,s4_4_5,s4_2005_2007,s2_760_2075,s4_37_47,Passenger Car,s4_48_64,Deployed,s2_97_208,s1_below_1,Male,s3_80_96,s3_141_159,s2_164_318,s3_80_160,s3_4_5
3926,s3_1695_2555,s2_n103_99,s5_7_up,s1_below_4282,s5_5_6,s1_below_2001,s2_760_2075,s4_37_47,Truck (<=10000 lbs.),s4_48_64,Not Deployed,s2_97_208,s1_below_1,Male,s3_80_96,s3_141_159,s2_164_318,s6_260_up,s2_2_4
3927,s2_885_1695,s2_n103_99,s4_n40_7,s1_below_4282,s2_2_3,s1_below_2001,s2_760_2075,s6_57_up,Truck (<=6000 lbs.),s3_28_48,Not Deployed,s2_97_208,s1_below_1,Male,s2_37_80,s3_141_159,s3_318_464,s3_80_160,s2_2_4
3928,s2_885_1695,s2_n103_99,s4_n40_7,s1_below_4282,s2_2_3,s2_2001_2003,s3_2075_3730,s3_17_37,Passenger Car,s2_11_28,Not Deployed,s2_97_208,s1_below_1,Female,s2_37_80,s3_141_159,s2_164_318,s3_80_160,s2_2_4
3929,s2_885_1695,s2_n103_99,s5_7_up,s1_below_4282,s4_4_5,s3_2003_2005,s2_760_2075,s4_37_47,Truck (<=6000 lbs.),s4_48_64,Not Deployed,s2_97_208,s3_2_3,Male,s3_80_96,s3_141_159,s2_164_318,s6_260_up,s2_2_4
3930,s3_1695_2555,s2_n103_99,s4_n40_7,s1_below_4282,s1_below_2,s4_2005_2007,s2_760_2075,s3_17_37,Passenger Car,s2_11_28,Not Deployed,s2_97_208,s1_below_1,Female,s5_114_130,s3_141_159,s2_164_318,s2_40_80,s2_2_4
3931,s3_1695_2555,s2_n103_99,s4_n40_7,s1_below_4282,s1_below_2,s5_2007_2009,s2_760_2075,s4_37_47,Truck (<=10000 lbs.),s3_28_48,Deployed,s2_97_208,s1_below_1,Male,s3_80_96,s5_169_179,s3_318_464,s3_80_160,s4_5_6
3932,s2_885_1695,s2_n103_99,s4_n40_7,s1_below_4282,s3_3_4,s2_2001_2003,s3_2075_3730,s3_17_37,Passenger Car,s2_11_28,Not Deployed,s2_97_208,s1_below_1,Female,s2_37_80,s3_141_159,s2_164_318,s3_80_160,s2_2_4
3933,s2_885_1695,s2_n103_99,s4_n40_7,s1_below_4282,s4_4_5,s5_2007_2009,s2_760_2075,s4_37_47,Passenger Car,s3_28_48,Not Deployed,s2_97_208,s1_below_1,Female,s2_37_80,s3_141_159,s2_164_318,s3_80_160,s2_2_4
3934,s2_885_1695,s2_n103_99,s4_n40_7,s1_below_4282,s2_2_3,s1_below_2001,s2_760_2075,s4_37_47,Passenger Car,s3_28_48,Not Deployed,s2_97_208,s1_below_1,Female,s3_80_96,s3_141_159,s2_164_318,s3_80_160,s2_2_4
3935,s2_885_1695,s2_n103_99,s4_n40_7,s1_below_4282,s2_2_3,s2_2001_2003,s2_760_2075,s4_37_47,Passenger Car,s2_11_28,Not Deployed,s2_97_208,s1_below_1,Male,s4_96_114,s3_141_159,s2_164_318,s3_80_160,s2_2_4
3936,s2_885_1695,s2_n103_99,s4_n40_7,s1_below_4282,s2_2_3,s2_2001_2003,s2_760_2075,s4_37_47,Truck (<=6000 lbs.),s5_64_76,Not Deployed,s2_97_208,s3_2_3,Male,s2_37_80,s3_141_159,s2_164_318,s2_40_80,s2_2_4
3937,s2_885_1695,s2_n103_99,s4_n40_7,s1_below_4282,s1_below_2,s5_2007_2009,s2_760_2075,s5_47_57,Passenger Car,s3_28_48,Not Deployed,s2_97_208,s1_below_1,Male,s4_96_114,s3_141_159,s2_164_318,s3_80_160,s2_2_4
3938,s2_885_1695,s2_n103_99,s4_n40_7,s1_below_4282,s1_below_2,s1_below_2001,s2_760_2075,s5_47_57,Truck (<=6000 lbs.),s2_11_28,Not Deployed,s2_97_208,s1_below_1,Female,s2_37_80,s3_141_159,s2_164_318,s3_80_160,s2_2_4
3939,s2_885_1695,s2_n103_99,s4_n40_7,s1_below_4282,s2_2_3,s1_below_2001,s2_760_2075,s3_17_37,Passenger Car,s4_48_64,Deployed,s2_97_208,s2_1_2,Female,s4_96_114,s3_141_159,s2_164_318,s3_80_160,s2_2_4
3940,s2_885_1695,s2_n103_99,s4_n40_7,s1_below_4282,s1_below_2,s4_2005_2007,s2_760_2075,s3_17_37,Passenger Car,s5_64_76,Not Deployed,s2_97_208,s1_below_1,Male,s3_80_96,s3_141_159,s2_164_318,s4_160_220,s2_2_4
3941,s3_1695_2555,s2_n103_99,s4_n40_7,s1_below_4282,s4_4_5,s3_2003_2005,s2_760_2075,s4_37_47,Truck (<=6000 lbs.),s3_28_48,Deployed,s2_97_208,s2_1_2,Male,s4_96_114,s4_159_169,s2_164_318,s3_80_160,s3_4_5
3942,s2_885_1695,s2_n103_99,s4_n40_7,s1_below_4282,s3_3_4,s5_2007_2009,s2_760_2075,s3_17_37,Passenger Car,s4_48_64,Not Deployed,s2_97_208,s1_below_1,Male,s2_37_80,s3_141_159,s2_164_318,s3_80_160,s2_2_4
3943,s2_885_1695,s2_n103_99,s4_n40_7,s1_below_4282,s2_2_3,s4_2005_2007,s2_760_2075,s6_57_up,Passenger Car,s2_11_28,Deployed,s2_97_208,s1_below_1,Female,s2_37_80,s3_141_159,s2_164_318,s3_80_160,s2_2_4
3944,s2_885_1695,s2_n103_99,s5_7_up,s1_below_4282,s2_2_3,s3_2003_2005,s2_760_2075,s6_57_up,Passenger Car,s2_11_28,Not Deployed,s2_97_208,s1_below_1,Male,s3_80_96,s3_141_159,s2_164_318,s6_260_up,s2_2_4
3945,s2_885_1695,s2_n103_99,s3_n81_n40,s1_below_4282,s3_3_4,s4_2005_2007,s2_760_2075,s3_17_37,Passenger Car,s3_28_48,Deployed,s2_97_208,s1_below_1,Male,s4_96_114,s3_141_159,s2_164_318,s3_80_160,s2_2_4
3946,s2_885_1695,s2_n103_99,s5_7_up,s1_below_4282,s1_below_2,s4_2005_2007,s2_760_2075,s6_57_up,Passenger Car,s4_48_64,Not Deployed,s2_97_208,s3_2_3,Female,s2_37_80,s3_141_159,s2_164_318,s6_260_up,s2_2_4
3947,s2_885_1695,s2_n103_99,s4_n40_7,s1_below_4282,s1_below_2,s4_2005_2007,s2_760_2075,s6_57_up,Passenger Car,s3_28_48,Deployed,s2_97_208,s1_below_1,Female,s2_37_80,s3_141_159,s2_164_318,s4_160_220,s2_2_4
3948,s3_1695_2555,s2_n103_99,s4_n40_7,s1_below_4282,s2_2_3,s1_below_2001,s2_760_2075,s6_57_up,Truck (<=6000 lbs.),s4_48_64,Deployed,s2_97_208,s1_below_1,Female,s2_37_80,s4_159_169,s2_164_318,s3_80_160,s3_4_5
3949,s2_885_1695,s2_n103_99,s4_n40_7,s1_below_4282,s1_below_2,s4_2005_2007,s3_2075_3730,s6_57_up,Passenger Car,s4_48_64,Deployed,s2_97_208,s1_below_1,Female,s2_37_80,s3_141_159,s2_164_318,s3_80_160,s2_2_4
3950,s2_885_1695,s2_n103_99,s4_n40_7,s1_below_4282,s4_4_5,s2_2001_2003,s2_760_2075,s3_17_37,Passenger Car,s3_28_48,Not Deployed,s2_97_208,s1_below_1,Male,s3_80_96,s3_141_159,s2_164_318,s3_80_160,s2_2_4
3951,s2_885_1695,s2_n103_99,s4_n40_7,s1_below_4282,s1_below_2,s4_2005_2007,s3_2075_3730,s5_47_57,Passenger Car,s3_28_48,Not Deployed,s2_97_208,s1_below_1,Male,s2_37_80,s3_141_159,s2_164_318,s2_40_80,s2_2_4
3952,s2_885_1695,s2_n103_99,s4_n40_7,s1_below_4282,s1_below_2,s1_below_2001,s2_760_2075,s6_57_up,Passenger Car,s2_11_28,Deployed,s2_97_208,s2_1_2,Male,s2_37_80,s3_141_159,s2_164_318,s3_80_160,s2_2_4
3953,s2_885_1695,s2_n103_99,s4_n40_7,s1_below_4282,s1_below_2,s1_below_2001,s3_2075_3730,s5_47_57,Passenger Car,s2_11_28,Not Deployed,s2_97_208,s4_3_4,Female,s2_37_80,s3_141_159,s2_164_318,s4_160_220,s2_2_4
3954,s2_885_1695,s2_n103_99,s4_n40_7,s1_below_4282,s1_below_2,s5_2007_2009,s2_760_2075,s3_17_37,Passenger Car,s6_76_up,Not Deployed,s2_97_208,s1_below_1,Female,s2_37_80,s3_141_159,s2_164_318,s2_40_80,s2_2_4
3955,s3_1695_2555,s2_n103_99,s4_n40_7,s1_below_4282,s1_below_2,s3_2003_2005,s2_760_2075,s3_17_37,Truck (<=6000 lbs.),s5_64_76,Not Deployed,s2_97_208,s1_below_1,Female,s3_80_96,s4_159_169,s2_164_318,s4_160_220,s2_2_4
3956,s2_885_1695,s2_n103_99,s3_n81_n40,s1_below_4282,s1_below_2,s1_below_2001,s2_760_2075,s5_47_57,Passenger Car,s4_48_64,Deployed,s2_97_208,s4_3_4,Male,s3_80_96,s4_159_169,s2_164_318,s3_80_160,s2_2_4
3957,s2_885_1695,s2_n103_99,s4_n40_7,s1_below_4282,s1_below_2,s5_2007_2009,s2_760_2075,s5_47_57,Passenger Car,s4_48_64,Deployed,s2_97_208,s1_below_1,Female,s3_80_96,s3_141_159,s2_164_318,s3_80_160,s2_2_4
3958,s2_885_1695,s2_n103_99,s4_n40_7,s1_below_4282,s1_below_2,s1_below_2001,s2_760_2075,s3_17_37,Passenger Car,s2_11_28,Not Deployed,s2_97_208,s1_below_1,Male,s3_80_96,s3_141_159,s2_164_318,s4_160_220,s2_2_4
3959,s2_885_1695,s2_n103_99,s4_n40_7,s1_below_4282,s3_3_4,s4_2005_2007,s2_760_2075,s3_17_37,Passenger Car,s3_28_48,Deployed,s2_97_208,s1_below_1,Female,s2_37_80,s3_141_159,s2_164_318,s3_80_160,s2_2_4
3960,s3_1695_2555,s2_n103_99,s4_n40_7,s1_below_4282,s4_4_5,s1_below_2001,s2_760_2075,s4_37_47,Truck (<=6000 lbs.),s2_11_28,Not Deployed,s2_97_208,s1_below_1,Female,s2_37_80,s3_141_159,s2_164_318,s4_160_220,s2_2_4
3961,s3_1695_2555,s2_n103_99,s4_n40_7,s1_below_4282,s2_2_3,s1_below_2001,s2_760_2075,s4_37_47,Truck (<=6000 lbs.),s2_11_28,Deployed,s2_97_208,s1_below_1,Female,s2_37_80,s3_141_159,s2_164_318,s3_80_160,s2_2_4
3962,s2_885_1695,s2_n103_99,s5_7_up,s1_below_4282,s1_below_2,s4_2005_2007,s2_760_2075,s6_57_up,Passenger Car,s3_28_48,Not Deployed,s2_97_208,s1_below_1,Female,s4_96_114,s3_141_159,s2_164_318,s6_260_up,s2_2_4
3963,s2_885_1695,s2_n103_99,s4_n40_7,s1_below_4282,s1_below_2,s1_below_2001,s2_760_2075,s5_47_57,Passenger Car,s3_28_48,Deployed,s2_97_208,s1_below_1,Female,s4_96_114,s3_141_159,s2_164_318,s4_160_220,s2_2_4
3964,s3_1695_2555,s2_n103_99,s4_n40_7,s1_below_4282,s1_below_2,s3_2003_2005,s3_2075_3730,s5_47_57,Truck (<=6000 lbs.),s3_28_48,Deployed,s2_97_208,s2_1_2,Female,s3_80_96,s4_159_169,s2_164_318,s4_160_220,s2_2_4
3965,s3_1695_2555,s2_n103_99,s4_n40_7,s1_below_4282,s3_3_4,s2_2001_2003,s2_760_2075,s3_17_37,Truck (<=10000 lbs.),s5_64_76,Not Deployed,s2_97_208,s1_below_1,Male,s3_80_96,s4_159_169,s3_318_464,s3_80_160,s4_5_6
3966,s2_885_1695,s2_n103_99,s4_n40_7,s1_below_4282,s2_2_3,s4_2005_2007,s3_2075_3730,s3_17_37,Passenger Car,s2_11_28,Deployed,s2_97_208,s1_below_1,Female,s3_80_96,s3_141_159,s2_164_318,s3_80_160,s2_2_4
3967,s2_885_1695,s2_n103_99,s4_n40_7,s1_below_4282,s1_below_2,s4_2005_2007,s2_760_2075,s4_37_47,Passenger Car,s2_11_28,Deployed,s2_97_208,s1_below_1,Male,s2_37_80,s3_141_159,s2_164_318,s3_80_160,s2_2_4
3968,s4_2555_3715,s2_n103_99,s4_n40_7,s1_below_4282,s1_below_2,s4_2005_2007,s2_760_2075,s4_37_47,Truck (<=10000 lbs.),s6_76_up,Not Deployed,s2_97_208,s1_below_1,Male,s2_37_80,s5_169_179,s3_318_464,s3_80_160,s4_5_6
3969,s3_1695_2555,s2_n103_99,s5_7_up,s1_below_4282,s1_below_2,s4_2005_2007,s2_760_2075,s4_37_47,Truck (<=6000 lbs.),s3_28_48,Deployed,s2_97_208,s1_below_1,Female,s2_37_80,s3_141_159,s2_164_318,s6_260_up,s2_2_4
3970,s3_1695_2555,s2_n103_99,s4_n40_7,s1_below_4282,s2_2_3,s3_2003_2005,s2_760_2075,s6_57_up,Truck (<=6000 lbs.),s2_11_28,Not Deployed,s2_97_208,s1_below_1,Female,s2_37_80,s3_141_159,s2_164_318,s3_80_160,s2_2_4
3971,s2_885_1695,s2_n103_99,s3_n81_n40,s1_below_4282,s1_below_2,s2_2001_2003,s3_2075_3730,s5_47_57,Passenger Car,s2_11_28,Deployed,s2_97_208,s1_below_1,Female,s2_37_80,s3_141_159,s2_164_318,s3_80_160,s2_2_4
3972,s2_885_1695,s2_n103_99,s4_n40_7,s1_below_4282,s3_3_4,s2_2001_2003,s2_760_2075,s3_17_37,Passenger Car,s2_11_28,Not Deployed,s2_97_208,s1_below_1,Female,s2_37_80,s3_141_159,s2_164_318,s4_160_220,s2_2_4
3973,s2_885_1695,s2_n103_99,s4_n40_7,s1_below_4282,s2_2_3,s5_2007_2009,s2_760_2075,s5_47_57,Passenger Car,s3_28_48,Not Deployed,s2_97_208,s1_below_1,Female,s2_37_80,s3_141_159,s2_164_318,s4_160_220,s2_2_4
3974,s2_885_1695,s2_n103_99,s4_n40_7,s1_below_4282,s2_2_3,s2_2001_2003,s3_2075_3730,s4_37_47,Passenger Car,s2_11_28,Not Deployed,s2_97_208,s1_below_1,Female,s2_37_80,s3_141_159,s2_164_318,s3_80_160,s2_2_4
3975,s2_885_1695,s2_n103_99,s4_n40_7,s1_below_4282,s4_4_5,s4_2005_2007,s2_760_2075,s3_17_37,Passenger Car,s2_11_28,Deployed,s2_97_208,s1_below_1,Male,s4_96_114,s3_141_159,s2_164_318,s3_80_160,s2_2_4
3976,s3_1695_2555,s2_n103_99,s4_n40_7,s1_below_4282,s1_below_2,s1_below_2001,s2_760_2075,s3_17_37,Truck (<=6000 lbs.),s3_28_48,Not Deployed,s2_97_208,s1_below_1,Male,s3_80_96,s3_141_159,s2_164_318,s3_80_160,s2_2_4
3977,s2_885_1695,s2_n103_99,s4_n40_7,s1_below_4282,s2_2_3,s1_below_2001,s2_760_2075,s3_17_37,Passenger Car,s2_11_28,Not Deployed,s2_97_208,s1_below_1,Female,s2_37_80,s3_141_159,s2_164_318,s2_40_80,s2_2_4
3978,s3_1695_2555,s2_n103_99,s4_n40_7,s1_below_4282,s3_3_4,s4_2005_2007,s2_760_2075,s3_17_37,Truck (<=6000 lbs.),s3_28_48,Not Deployed,s2_97_208,s1_below_1,Male,s5_114_130,s3_141_159,s2_164_318,s3_80_160,s2_2_4
3979,s2_885_1695,s2_n103_99,s4_n40_7,s1_below_4282,s1_below_2,s2_2001_2003,s2_760_2075,s5_47_57,Passenger Car,s2_11_28,Not Deployed,s2_97_208,s1_below_1,Male,s2_37_80,s3_141_159,s2_164_318,s4_160_220,s2_2_4
3980,s2_885_1695,s2_n103_99,s4_n40_7,s1_below_4282,s1_below_2,s2_2001_2003,s2_760_2075,s5_47_57,Passenger Car,s3_28_48,Deployed,s2_97_208,s1_below_1,Male,s3_80_96,s3_141_159,s2_164_318,s3_80_160,s2_2_4
3981,s2_885_1695,s2_n103_99,s4_n40_7,s1_below_4282,s2_2_3,s4_2005_2007,s3_2075_3730,s4_37_47,Passenger Car,s2_11_28,Deployed,s2_97_208,s1_below_1,Female,s2_37_80,s3_141_159,s2_164_318,s3_80_160,s2_2_4
3982,s2_885_1695,s2_n103_99,s4_n40_7,s1_below_4282,s1_below_2,s3_2003_2005,s3_2075_3730,s4_37_47,Passenger Car,s2_11_28,Deployed,s2_97_208,s1_below_1,Female,s2_37_80,s3_141_159,s2_164_318,s3_80_160,s2_2_4
3983,s3_1695_2555,s2_n103_99,s4_n40_7,s1_below_4282,s3_3_4,s1_below_2001,s2_760_2075,s3_17_37,Truck (<=6000 lbs.),s4_48_64,Not Deployed,s2_97_208,s1_below_1,Male,s3_80_96,s3_141_159,s2_164_318,s4_160_220,s2_2_4
3984,s2_885_1695,s2_n103_99,s5_7_up,s1_below_4282,s1_below_2,s4_2005_2007,s2_760_2075,s6_57_up,Passenger Car,s4_48_64,Deployed,s2_97_208,s6_5_up,Male,s4_96_114,s3_141_159,s2_164_318,s5_220_260,s2_2_4
3985,s2_885_1695,s2_n103_99,s4_n40_7,s1_below_4282,s1_below_2,s3_2003_2005,s2_760_2075,s5_47_57,Passenger Car,s4_48_64,Not Deployed,s2_97_208,s2_1_2,Female,s2_37_80,s3_141_159,s2_164_318,s3_80_160,s2_2_4
3986,s2_885_1695,s2_n103_99,s4_n40_7,s1_below_4282,s2_2_3,s4_2005_2007,s2_760_2075,s5_47_57,Passenger Car,s3_28_48,Deployed,s2_97_208,s1_below_1,Female,s2_37_80,s3_141_159,s2_164_318,s3_80_160,s2_2_4
3987,s3_1695_2555,s2_n103_99,s4_n40_7,s1_below_4282,s1_below_2,s2_2001_2003,s2_760_2075,s5_47_57,Truck (<=10000 lbs.),s3_28_48,Deployed,s2_97_208,s1_below_1,Male,s2_37_80,s3_141_159,s2_164_318,s4_160_220,s2_2_4
3988,s2_885_1695,s2_n103_99,s4_n40_7,s1_below_4282,s2_2_3,s2_2001_2003,s2_760_2075,s3_17_37,Passenger Car,s2_11_28,Not Deployed,s2_97_208,s1_below_1,Female,s2_37_80,s3_141_159,s2_164_318,s3_80_160,s2_2_4
3989,s2_885_1695,s2_n103_99,s4_n40_7,s1_below_4282,s2_2_3,s3_2003_2005,s2_760_2075,s3_17_37,Passenger Car,s4_48_64,Not Deployed,s2_97_208,s1_below_1,Female,s2_37_80,s3_141_159,s2_164_318,s3_80_160,s2_2_4
3990,s2_885_1695,s2_n103_99,s4_n40_7,s1_below_4282,s3_3_4,s1_below_2001,s2_760_2075,s3_17_37,Passenger Car,s4_48_64,Not Deployed,s2_97_208,s1_below_1,Male,s3_80_96,s3_141_159,s2_164_318,s4_160_220,s2_2_4
3991,s2_885_1695,s2_n103_99,s5_7_up,s1_below_4282,s3_3_4,s4_2005_2007,s2_760_2075,s3_17_37,Passenger Car,s4_48_64,Not Deployed,s2_97_208,s1_below_1,Male,s3_80_96,s3_141_159,s2_164_318,s6_260_up,s2_2_4
3992,s3_1695_2555,s2_n103_99,s4_n40_7,s1_below_4282,s3_3_4,s4_2005_2007,s3_2075_3730,s5_47_57,Truck (<=10000 lbs.),s2_11_28,Not Deployed,s2_97_208,s1_below_1,Female,s2_37_80,s3_141_159,s2_164_318,s3_80_160,s2_2_4
3993,s2_885_1695,s2_n103_99,s4_n40_7,s1_below_4282,s4_4_5,s1_below_2001,s2_760_2075,s4_37_47,Passenger Car,s2_11_28,Not Deployed,s2_97_208,s1_below_1,Male,s3_80_96,s3_141_159,s2_164_318,s2_40_80,s2_2_4
3994,s2_885_1695,s2_n103_99,s4_n40_7,s1_below_4282,s2_2_3,s1_below_2001,s2_760_2075,s4_37_47,Passenger Car,s2_11_28,Not Deployed,s2_97_208,s1_below_1,Female,s2_37_80,s3_141_159,s2_164_318,s3_80_160,s2_2_4
3995,s3_1695_2555,s2_n103_99,s4_n40_7,s1_below_4282,s4_4_5,s4_2005_2007,s2_760_2075,s4_37_47,Truck (<=6000 lbs.),s3_28_48,Deployed,s2_97_208,s1_below_1,Female,s2_37_80,s4_159_169,s2_164_318,s3_80_160,s2_2_4
3996,s2_885_1695,s2_n103_99,s4_n40_7,s1_below_4282,s1_below_2,s2_2001_2003,s2_760_2075,s4_37_47,Passenger Car,s2_11_28,Deployed,s2_97_208,s1_below_1,Female,s2_37_80,s3_141_159,s2_164_318,s4_160_220,s2_2_4
3997,s3_1695_2555,s2_n103_99,s4_n40_7,s1_below_4282,s1_below_2,s4_2005_2007,s3_2075_3730,s4_37_47,Truck (<=10000 lbs.),s3_28_48,Deployed,s2_97_208,s1_below_1,Male,s2_37_80,s5_169_179,s3_318_464,s2_40_80,s4_5_6
3998,s3_1695_2555,s2_n103_99,s4_n40_7,s1_below_4282,s3_3_4,s3_2003_2005,s3_2075_3730,s4_37_47,Truck (<=10000 lbs.),s4_48_64,Deployed,s2_97_208,s1_below_1,Male,s4_96_114,s5_169_179,s3_318_464,s3_80_160,s4_5_6
3999,s2_885_1695,s2_n103_99,s4_n40_7,s1_below_4282,s2_2_3,s4_2005_2007,s3_2075_3730,s3_17_37,Passenger Car,s3_28_48,Deployed,s2_97_208,s1_below_1,Female,s4_96_114,s3_141_159,s2_164_318,s3_80_160,s2_2_4
4000,s3_1695_2555,s2_n103_99,s4_n40_7,s1_below_4282,s1_below_2,s4_2005_2007,s2_760_2075,s5_47_57,Truck (<=6000 lbs.),s3_28_48,Not Deployed,s2_97_208,s1_below_1,Male,s2_37_80,s3_141_159,s2_164_318,s4_160_220,s2_2_4
4001,s2_885_1695,s2_n103_99,s4_n40_7,s1_below_4282,s2_2_3,s4_2005_2007,s3_2075_3730,s6_57_up,Passenger Car,s3_28_48,Deployed,s2_97_208,s1_below_1,Female,s3_80_96,s3_141_159,s2_164_318,s2_40_80,s2_2_4
4002,s2_885_1695,s2_n103_99,s4_n40_7,s1_below_4282,s2_2_3,s2_2001_2003,s2_760_2075,s6_57_up,Truck (<=6000 lbs.),s3_28_48,Not Deployed,s2_97_208,s1_below_1,Male,s5_114_130,s3_141_159,s2_164_318,s4_160_220,s2_2_4
4003,s2_885_1695,s2_n103_99,s4_n40_7,s1_below_4282,s4_4_5,s1_below_2001,s3_2075_3730,s4_37_47,Passenger Car,s3_28_48,Not Deployed,s2_97_208,s1_below_1,Female,s2_37_80,s2_116_141,s2_164_318,s3_80_160,s2_2_4
4004,s3_1695_2555,s2_n103_99,s4_n40_7,s1_below_4282,s2_2_3,s3_2003_2005,s2_760_2075,s4_37_47,Truck (<=10000 lbs.),s2_11_28,Deployed,s2_97_208,s1_below_1,Female,s2_37_80,s4_159_169,s2_164_318,s3_80_160,s3_4_5
4005,s2_885_1695,s2_n103_99,s4_n40_7,s1_below_4282,s3_3_4,s4_2005_2007,s3_2075_3730,s4_37_47,Passenger Car,s3_28_48,Deployed,s2_97_208,s1_below_1,Male,s3_80_96,s3_141_159,s2_164_318,s3_80_160,s2_2_4
4006,s4_2555_3715,s2_n103_99,s4_n40_7,s1_below_4282,s3_3_4,s4_2005_2007,s2_760_2075,s4_37_47,Truck (<=10000 lbs.),s2_11_28,Not Deployed,s2_97_208,s1_below_1,Male,s2_37_80,s5_169_179,s3_318_464,s3_80_160,s4_5_6
4007,s2_885_1695,s2_n103_99,s4_n40_7,s1_below_4282,s2_2_3,s2_2001_2003,s3_2075_3730,s6_57_up,Passenger Car,s2_11_28,Not Deployed,s2_97_208,s1_below_1,Female,s2_37_80,s3_141_159,s2_164_318,s3_80_160,s2_2_4
4008,s3_1695_2555,s2_n103_99,s5_7_up,s1_below_4282,s2_2_3,s2_2001_2003,s2_760_2075,s5_47_57,Truck (<=6000 lbs.),s6_76_up,Not Deployed,s2_97_208,s1_below_1,Female,s2_37_80,s4_159_169,s2_164_318,s4_160_220,s2_2_4
4009,s2_885_1695,s2_n103_99,s4_n40_7,s1_below_4282,s4_4_5,s4_2005_2007,s3_2075_3730,s4_37_47,Truck (<=6000 lbs.),s4_48_64,Not Deployed,s2_97_208,s1_below_1,Male,s2_37_80,s4_159_169,s2_164_318,s3_80_160,s2_2_4
4010,s2_885_1695,s2_n103_99,s4_n40_7,s1_below_4282,s3_3_4,s4_2005_2007,s2_760_2075,s4_37_47,Passenger Car,s6_76_up,Not Deployed,s2_97_208,s1_below_1,Male,s3_80_96,s3_141_159,s2_164_318,s3_80_160,s2_2_4
4011,s2_885_1695,s2_n103_99,s4_n40_7,s1_below_4282,s1_below_2,s2_2001_2003,s3_2075_3730,s5_47_57,Passenger Car,s5_64_76,Not Deployed,s2_97_208,s5_4_5,Female,s4_96_114,s3_141_159,s2_164_318,s2_40_80,s2_2_4
4012,s2_885_1695,s2_n103_99,s4_n40_7,s1_below_4282,s3_3_4,s4_2005_2007,s2_760_2075,s4_37_47,Truck (<=6000 lbs.),s4_48_64,Deployed,s2_97_208,s2_1_2,Male,s3_80_96,s3_141_159,s2_164_318,s3_80_160,s2_2_4
4013,s2_885_1695,s2_n103_99,s4_n40_7,s1_below_4282,s2_2_3,s3_2003_2005,s2_760_2075,s1_below_7,Passenger Car,s3_28_48,Not Deployed,s2_97_208,s1_below_1,Male,s4_96_114,s3_141_159,s2_164_318,s2_40_80,s2_2_4
4014,s2_885_1695,s2_n103_99,s4_n40_7,s1_below_4282,s4_4_5,s4_2005_2007,s2_760_2075,s4_37_47,Passenger Car,s5_64_76,Deployed,s2_97_208,s1_below_1,Female,s1_below_37,s3_141_159,s2_164_318,s3_80_160,s2_2_4
4015,s2_885_1695,s2_n103_99,s4_n40_7,s1_below_4282,s4_4_5,s1_below_2001,s2_760_2075,s5_47_57,Passenger Car,s3_28_48,Deployed,s2_97_208,s1_below_1,Female,s2_37_80,s4_159_169,s2_164_318,s4_160_220,s2_2_4
4016,s3_1695_2555,s2_n103_99,s4_n40_7,s1_below_4282,s4_4_5,s4_2005_2007,s2_760_2075,s5_47_57,Truck (<=6000 lbs.),s3_28_48,Deployed,s2_97_208,s1_below_1,Male,s3_80_96,s3_141_159,s2_164_318,s3_80_160,s2_2_4
4017,s2_885_1695,s2_n103_99,s5_7_up,s1_below_4282,s3_3_4,s4_2005_2007,s2_760_2075,s3_17_37,Passenger Car,s2_11_28,Not Deployed,s2_97_208,s1_below_1,Female,s2_37_80,s3_141_159,s2_164_318,s6_260_up,s2_2_4
4018,s2_885_1695,s2_n103_99,s4_n40_7,s1_below_4282,s4_4_5,s4_2005_2007,s2_760_2075,s4_37_47,Truck (<=6000 lbs.),s3_28_48,Deployed,s2_97_208,s2_1_2,Female,s2_37_80,s3_141_159,s2_164_318,s3_80_160,s2_2_4
4019,s3_1695_2555,s2_n103_99,s4_n40_7,s1_below_4282,s3_3_4,s1_below_2001,s3_2075_3730,s4_37_47,Truck (<=6000 lbs.),s3_28_48,Not Deployed,s2_97_208,s1_below_1,Female,s5_114_130,s3_141_159,s2_164_318,s3_80_160,s3_4_5
4020,s2_885_1695,s2_n103_99,s4_n40_7,s1_below_4282,s4_4_5,s1_below_2001,s2_760_2075,s3_17_37,Passenger Car,s2_11_28,Deployed,s2_97_208,s1_below_1,Male,s2_37_80,s3_141_159,s2_164_318,s3_80_160,s2_2_4
4021,s2_885_1695,s2_n103_99,s4_n40_7,s1_below_4282,s3_3_4,s2_2001_2003,s2_760_2075,s4_37_47,Passenger Car,s2_11_28,Not Deployed,s2_97_208,s1_below_1,Male,s4_96_114,s3_141_159,s2_164_318,s4_160_220,s2_2_4
4022,s3_1695_2555,s2_n103_99,s4_n40_7,s1_below_4282,s4_4_5,s4_2005_2007,s2_760_2075,s4_37_47,Passenger Car,s4_48_64,Not Deployed,s2_97_208,s1_below_1,Female,s2_37_80,s3_141_159,s2_164_318,s3_80_160,s2_2_4
4023,s2_885_1695,s2_n103_99,s4_n40_7,s1_below_4282,s4_4_5,s1_below_2001,s2_760_2075,s5_47_57,Passenger Car,s5_64_76,Deployed,s2_97_208,s1_below_1,Female,s2_37_80,s3_141_159,s2_164_318,s3_80_160,s2_2_4
4024,s3_1695_2555,s2_n103_99,s4_n40_7,s1_below_4282,s3_3_4,s2_2001_2003,s2_760_2075,s4_37_47,Truck (<=6000 lbs.),s3_28_48,Deployed,s2_97_208,s1_below_1,Male,s6_130_up,s3_141_159,s2_164_318,s3_80_160,s3_4_5
4025,s2_885_1695,s2_n103_99,s4_n40_7,s1_below_4282,s2_2_3,s3_2003_2005,s2_760_2075,s6_57_up,Passenger Car,s3_28_48,Deployed,s2_97_208,s1_below_1,Female,s2_37_80,s3_141_159,s2_164_318,s3_80_160,s2_2_4
4026,s2_885_1695,s2_n103_99,s4_n40_7,s1_below_4282,s4_4_5,s2_2001_2003,s2_760_2075,s4_37_47,Passenger Car,s2_11_28,Deployed,s2_97_208,s1_below_1,Male,s6_130_up,s3_141_159,s2_164_318,s3_80_160,s2_2_4
4027,s2_885_1695,s2_n103_99,s4_n40_7,s1_below_4282,s4_4_5,s2_2001_2003,s3_2075_3730,s4_37_47,Passenger Car,s5_64_76,Not Deployed,s2_97_208,s1_below_1,Female,s2_37_80,s3_141_159,s2_164_318,s2_40_80,s2_2_4
4028,s3_1695_2555,s2_n103_99,s5_7_up,s1_below_4282,s4_4_5,s2_2001_2003,s2_760_2075,s4_37_47,Passenger Car,s2_11_28,Not Deployed,s2_97_208,s1_below_1,Male,s5_114_130,s3_141_159,s2_164_318,s6_260_up,s2_2_4
4029,s2_885_1695,s2_n103_99,s4_n40_7,s1_below_4282,s4_4_5,s3_2003_2005,s2_760_2075,s4_37_47,Passenger Car,s2_11_28,Not Deployed,s2_97_208,s1_below_1,Male,s3_80_96,s3_141_159,s2_164_318,s3_80_160,s2_2_4
4030,s2_885_1695,s2_n103_99,s5_7_up,s1_below_4282,s4_4_5,s5_2007_2009,s2_760_2075,s4_37_47,Passenger Car,s3_28_48,Not Deployed,s2_97_208,s1_below_1,Female,s2_37_80,s3_141_159,s2_164_318,s6_260_up,s2_2_4
4031,s2_885_1695,s2_n103_99,s4_n40_7,s1_below_4282,s2_2_3,s2_2001_2003,s2_760_2075,s6_57_up,Passenger Car,s4_48_64,Not Deployed,s2_97_208,s3_2_3,Male,s3_80_96,s3_141_159,s2_164_318,s1_below_40,s2_2_4
4032,s2_885_1695,s2_n103_99,s3_n81_n40,s1_below_4282,s3_3_4,s4_2005_2007,s2_760_2075,s6_57_up,Passenger Car,s4_48_64,Deployed,s2_97_208,s1_below_1,Female,s3_80_96,s3_141_159,s2_164_318,s3_80_160,s2_2_4
4033,s3_1695_2555,s2_n103_99,s4_n40_7,s1_below_4282,s4_4_5,s2_2001_2003,s2_760_2075,s3_17_37,Truck (<=6000 lbs.),s6_76_up,Not Deployed,s2_97_208,s1_below_1,Male,s3_80_96,s4_159_169,s2_164_318,s4_160_220,s2_2_4
4034,s3_1695_2555,s2_n103_99,s4_n40_7,s1_below_4282,s2_2_3,s1_below_2001,s3_2075_3730,s3_17_37,Truck (<=6000 lbs.),s4_48_64,Not Deployed,s2_97_208,s1_below_1,Male,s4_96_114,s4_159_169,s2_164_318,s3_80_160,s3_4_5
4035,s3_1695_2555,s2_n103_99,s4_n40_7,s1_below_4282,s1_below_2,s1_below_2001,s2_760_2075,s4_37_47,Passenger Car,s4_48_64,Deployed,s2_97_208,s1_below_1,Female,s2_37_80,s3_141_159,s2_164_318,s3_80_160,s2_2_4
4036,s2_885_1695,s2_n103_99,s5_7_up,s1_below_4282,s1_below_2,s1_below_2001,s2_760_2075,s4_37_47,Passenger Car,s3_28_48,Deployed,s2_97_208,s1_below_1,Female,s2_37_80,s3_141_159,s2_164_318,s6_260_up,s2_2_4
4037,s2_885_1695,s2_n103_99,s4_n40_7,s1_below_4282,s2_2_3,s3_2003_2005,s3_2075_3730,s3_17_37,Passenger Car,s4_48_64,Not Deployed,s2_97_208,s1_below_1,Male,s3_80_96,s3_141_159,s2_164_318,s3_80_160,s2_2_4
4038,s3_1695_2555,s2_n103_99,s4_n40_7,s1_below_4282,s4_4_5,s4_2005_2007,s2_760_2075,s4_37_47,Truck (<=10000 lbs.),s3_28_48,Not Deployed,s2_97_208,s1_below_1,Male,s3_80_96,s5_169_179,s3_318_464,s3_80_160,s4_5_6
4039,s2_885_1695,s2_n103_99,s4_n40_7,s1_below_4282,s4_4_5,s4_2005_2007,s2_760_2075,s4_37_47,Passenger Car,s5_64_76,Not Deployed,s2_97_208,s1_below_1,Male,s3_80_96,s3_141_159,s2_164_318,s3_80_160,s2_2_4
4040,s2_885_1695,s2_n103_99,s4_n40_7,s1_below_4282,s1_below_2,s3_2003_2005,s2_760_2075,s5_47_57,Passenger Car,s2_11_28,Not Deployed,s2_97_208,s1_below_1,Female,s3_80_96,s3_141_159,s2_164_318,s4_160_220,s2_2_4
4041,s2_885_1695,s2_n103_99,s4_n40_7,s1_below_4282,s4_4_5,s2_2001_2003,s2_760_2075,s4_37_47,Passenger Car,s4_48_64,Deployed,s2_97_208,s2_1_2,Female,s2_37_80,s3_141_159,s2_164_318,s3_80_160,s2_2_4
4042,s2_885_1695,s2_n103_99,s4_n40_7,s1_below_4282,s5_5_6,s3_2003_2005,s2_760_2075,s4_37_47,Passenger Car,s6_76_up,Not Deployed,s2_97_208,s1_below_1,Female,s4_96_114,s3_141_159,s2_164_318,s4_160_220,s2_2_4
4043,s2_885_1695,s2_n103_99,s3_n81_n40,s1_below_4282,s4_4_5,s5_2007_2009,s2_760_2075,s5_47_57,Passenger Car,s2_11_28,Deployed,s2_97_208,s1_below_1,Female,s3_80_96,s3_141_159,s2_164_318,s3_80_160,s2_2_4
4044,s3_1695_2555,s2_n103_99,s4_n40_7,s1_below_4282,s2_2_3,s4_2005_2007,s2_760_2075,s6_57_up,Truck (<=10000 lbs.),s5_64_76,Not Deployed,s2_97_208,s1_below_1,Male,s2_37_80,s4_159_169,s3_318_464,s3_80_160,s4_5_6
4045,s2_885_1695,s2_n103_99,s5_7_up,s1_below_4282,s2_2_3,s4_2005_2007,s2_760_2075,s6_57_up,Passenger Car,s4_48_64,Not Deployed,s2_97_208,s1_below_1,Female,s2_37_80,s3_141_159,s2_164_318,s6_260_up,s2_2_4
4046,s4_2555_3715,s2_n103_99,s3_n81_n40,s1_below_4282,s1_below_2,s2_2001_2003,s3_2075_3730,s5_47_57,Truck (<=10000 lbs.),s2_11_28,Deployed,s2_97_208,s3_2_3,Male,s2_37_80,s5_169_179,s3_318_464,s3_80_160,s6_7_up
4047,s4_2555_3715,s2_n103_99,s3_n81_n40,s3_6970_up,s1_below_2,s2_2001_2003,s3_2075_3730,s5_47_57,Truck (<=10000 lbs.),s4_48_64,Deployed,s2_97_208,s4_3_4,Female,s2_37_80,s4_159_169,s3_318_464,s3_80_160,s4_5_6
4048,s3_1695_2555,s2_n103_99,s4_n40_7,s1_below_4282,s1_below_2,s2_2001_2003,s2_760_2075,s3_17_37,Truck (<=6000 lbs.),s2_11_28,Not Deployed,s2_97_208,s2_1_2,Male,s4_96_114,s3_141_159,s2_164_318,s2_40_80,s2_2_4
4049,s2_885_1695,s2_n103_99,s5_7_up,s1_below_4282,s1_below_2,s4_2005_2007,s2_760_2075,s6_57_up,Passenger Car,s4_48_64,Deployed,s2_97_208,s1_below_1,Female,s2_37_80,s3_141_159,s2_164_318,s6_260_up,s2_2_4
4050,s2_885_1695,s2_n103_99,s4_n40_7,s1_below_4282,s3_3_4,s2_2001_2003,s2_760_2075,s4_37_47,Truck (<=6000 lbs.),s4_48_64,Deployed,s2_97_208,s1_below_1,Male,s3_80_96,s2_116_141,s2_164_318,s4_160_220,s2_2_4
4051,s2_885_1695,s2_n103_99,s4_n40_7,s1_below_4282,s3_3_4,s1_below_2001,s2_760_2075,s4_37_47,Passenger Car,s2_11_28,Not Deployed,s2_97_208,s1_below_1,Male,s5_114_130,s3_141_159,s2_164_318,s3_80_160,s2_2_4
4052,s2_885_1695,s2_n103_99,s4_n40_7,s1_below_4282,s4_4_5,s4_2005_2007,s2_760_2075,s4_37_47,Truck (<=6000 lbs.),s2_11_28,Not Deployed,s2_97_208,s1_below_1,Male,s3_80_96,s3_141_159,s2_164_318,s4_160_220,s2_2_4
4053,s2_885_1695,s2_n103_99,s5_7_up,s1_below_4282,s3_3_4,s4_2005_2007,s2_760_2075,s3_17_37,Truck (<=6000 lbs.),s2_11_28,Not Deployed,s2_97_208,s1_below_1,Male,s3_80_96,s3_141_159,s2_164_318,s6_260_up,s2_2_4
4054,s2_885_1695,s2_n103_99,s4_n40_7,s1_below_4282,s1_below_2,s3_2003_2005,s2_760_2075,s5_47_57,Passenger Car,s2_11_28,Not Deployed,s2_97_208,s1_below_1,Male,s3_80_96,s3_141_159,s2_164_318,s4_160_220,s2_2_4
4055,s2_885_1695,s2_n103_99,s4_n40_7,s1_below_4282,s1_below_2,s3_2003_2005,s2_760_2075,s5_47_57,Passenger Car,s5_64_76,Not Deployed,s2_97_208,s1_below_1,Female,s2_37_80,s3_141_159,s2_164_318,s3_80_160,s2_2_4
4056,s2_885_1695,s2_n103_99,s4_n40_7,s1_below_4282,s4_4_5,s3_2003_2005,s2_760_2075,s4_37_47,Passenger Car,s3_28_48,Deployed,s2_97_208,s1_below_1,Male,s2_37_80,s3_141_159,s2_164_318,s3_80_160,s2_2_4
4057,s3_1695_2555,s2_n103_99,s4_n40_7,s1_below_4282,s3_3_4,s5_2007_2009,s2_760_2075,s3_17_37,Truck (<=10000 lbs.),s5_64_76,Not Deployed,s2_97_208,s1_below_1,Male,s2_37_80,s3_141_159,s2_164_318,s3_80_160,s2_2_4
4058,s3_1695_2555,s2_n103_99,s5_7_up,s1_below_4282,s2_2_3,s4_2005_2007,s2_760_2075,s6_57_up,Truck (<=10000 lbs.),s2_11_28,Not Deployed,s2_97_208,s1_below_1,Male,s3_80_96,s4_159_169,s3_318_464,s6_260_up,s4_5_6
4059,s2_885_1695,s2_n103_99,s4_n40_7,s1_below_4282,s4_4_5,s4_2005_2007,s2_760_2075,s3_17_37,Passenger Car,s2_11_28,Deployed,s2_97_208,s1_below_1,Female,s3_80_96,s3_141_159,s2_164_318,s2_40_80,s2_2_4
4060,s3_1695_2555,s2_n103_99,s4_n40_7,s1_below_4282,s4_4_5,s2_2001_2003,s2_760_2075,s4_37_47,Passenger Car,s4_48_64,Deployed,s2_97_208,s1_below_1,Male,s4_96_114,s3_141_159,s2_164_318,s3_80_160,s2_2_4
4061,s2_885_1695,s2_n103_99,s4_n40_7,s1_below_4282,s3_3_4,s1_below_2001,s2_760_2075,s3_17_37,Passenger Car,s2_11_28,Deployed,s2_97_208,s1_below_1,Female,s2_37_80,s3_141_159,s2_164_318,s3_80_160,s2_2_4
4062,s2_885_1695,s2_n103_99,s5_7_up,s1_below_4282,s1_below_2,s4_2005_2007,s2_760_2075,s5_47_57,Passenger Car,s2_11_28,Not Deployed,s2_97_208,s1_below_1,Male,s3_80_96,s3_141_159,s2_164_318,s6_260_up,s2_2_4
4063,s3_1695_2555,s2_n103_99,s4_n40_7,s1_below_4282,s2_2_3,s4_2005_2007,s2_760_2075,s3_17_37,Truck (<=6000 lbs.),s2_11_28,Deployed,s2_97_208,s1_below_1,Male,s2_37_80,s4_159_169,s2_164_318,s3_80_160,s3_4_5
4064,s2_885_1695,s2_n103_99,s4_n40_7,s1_below_4282,s3_3_4,s1_below_2001,s2_760_2075,s3_17_37,Truck (<=6000 lbs.),s4_48_64,Deployed,s2_97_208,s1_below_1,Female,s4_96_114,s3_141_159,s2_164_318,s3_80_160,s2_2_4
4065,s2_885_1695,s2_n103_99,s3_n81_n40,s1_below_4282,s2_2_3,s3_2003_2005,s2_760_2075,s6_57_up,Passenger Car,s5_64_76,Deployed,s2_97_208,s4_3_4,Male,s2_37_80,s3_141_159,s2_164_318,s3_80_160,s2_2_4
4066,s2_885_1695,s2_n103_99,s3_n81_n40,s1_below_4282,s2_2_3,s4_2005_2007,s2_760_2075,s6_57_up,Truck (<=6000 lbs.),s3_28_48,Deployed,s2_97_208,s2_1_2,Male,s2_37_80,s3_141_159,s2_164_318,s3_80_160,s2_2_4
4067,s2_885_1695,s2_n103_99,s4_n40_7,s1_below_4282,s4_4_5,s2_2001_2003,s2_760_2075,s4_37_47,Passenger Car,s3_28_48,Deployed,s2_97_208,s1_below_1,Male,s2_37_80,s3_141_159,s2_164_318,s3_80_160,s2_2_4
4068,s2_885_1695,s2_n103_99,s4_n40_7,s1_below_4282,s3_3_4,s5_2007_2009,s3_2075_3730,s4_37_47,Passenger Car,s4_48_64,Not Deployed,s2_97_208,s1_below_1,Male,s5_114_130,s3_141_159,s2_164_318,s4_160_220,s2_2_4
4069,s3_1695_2555,s2_n103_99,s4_n40_7,s1_below_4282,s2_2_3,s1_below_2001,s2_760_2075,s3_17_37,Passenger Car,s2_11_28,Deployed,s2_97_208,s1_below_1,Male,s4_96_114,s3_141_159,s2_164_318,s3_80_160,s2_2_4
4070,s3_1695_2555,s2_n103_99,s4_n40_7,s1_below_4282,s4_4_5,s4_2005_2007,s2_760_2075,s4_37_47,Truck (<=10000 lbs.),s3_28_48,Deployed,s2_97_208,s1_below_1,Male,s3_80_96,s5_169_179,s2_164_318,s3_80_160,s3_4_5
4071,s3_1695_2555,s2_n103_99,s4_n40_7,s1_below_4282,s3_3_4,s5_2007_2009,s3_2075_3730,s4_37_47,Truck (<=6000 lbs.),s4_48_64,Not Deployed,s2_97_208,s1_below_1,Male,s5_114_130,s4_159_169,s2_164_318,s4_160_220,s2_2_4
4072,s2_885_1695,s2_n103_99,s4_n40_7,s1_below_4282,s2_2_3,s1_below_2001,s2_760_2075,s4_37_47,Passenger Car,s2_11_28,Deployed,s2_97_208,s1_below_1,Male,s3_80_96,s3_141_159,s2_164_318,s3_80_160,s2_2_4
4073,s3_1695_2555,s2_n103_99,s4_n40_7,s1_below_4282,s1_below_2,s4_2005_2007,s2_760_2075,s3_17_37,Passenger Car,s2_11_28,Deployed,s2_97_208,s1_below_1,Male,s4_96_114,s4_159_169,s2_164_318,s3_80_160,s3_4_5
4074,s3_1695_2555,s2_n103_99,s5_7_up,s1_below_4282,s4_4_5,s4_2005_2007,s3_2075_3730,s4_37_47,Truck (<=6000 lbs.),s5_64_76,Not Deployed,s2_97_208,s1_below_1,Female,s5_114_130,s4_159_169,s2_164_318,s6_260_up,s3_4_5
4075,s2_885_1695,s2_n103_99,s4_n40_7,s1_below_4282,s1_below_2,s5_2007_2009,s2_760_2075,s3_17_37,Truck (<=6000 lbs.),s3_28_48,Not Deployed,s2_97_208,s1_below_1,Female,s2_37_80,s3_141_159,s2_164_318,s4_160_220,s2_2_4
4076,s3_1695_2555,s2_n103_99,s4_n40_7,s1_below_4282,s3_3_4,s1_below_2001,s2_760_2075,s3_17_37,Truck (<=6000 lbs.),s2_11_28,Not Deployed,s2_97_208,s1_below_1,Female,s2_37_80,s4_159_169,s2_164_318,s2_40_80,s2_2_4
4077,s2_885_1695,s2_n103_99,s4_n40_7,s1_below_4282,s4_4_5,s4_2005_2007,s2_760_2075,s3_17_37,Passenger Car,s3_28_48,Not Deployed,s2_97_208,s1_below_1,Female,s2_37_80,s3_141_159,s2_164_318,s3_80_160,s2_2_4
4078,s3_1695_2555,s2_n103_99,s4_n40_7,s1_below_4282,s1_below_2,s2_2001_2003,s3_2075_3730,s4_37_47,Truck (<=6000 lbs.),s6_76_up,Deployed,s2_97_208,s2_1_2,Female,s2_37_80,s3_141_159,s2_164_318,s3_80_160,s3_4_5
4079,s2_885_1695,s2_n103_99,s4_n40_7,s1_below_4282,s1_below_2,s5_2007_2009,s3_2075_3730,s4_37_47,Passenger Car,s2_11_28,Not Deployed,s2_97_208,s1_below_1,Male,s2_37_80,s3_141_159,s2_164_318,s3_80_160,s2_2_4
4080,s3_1695_2555,s2_n103_99,s4_n40_7,s1_below_4282,s2_2_3,s3_2003_2005,s2_760_2075,s6_57_up,Truck (<=6000 lbs.),s2_11_28,Not Deployed,s2_97_208,s1_below_1,Female,s2_37_80,s3_141_159,s2_164_318,s3_80_160,s2_2_4
4081,s2_885_1695,s2_n103_99,s4_n40_7,s1_below_4282,s3_3_4,s2_2001_2003,s2_760_2075,s3_17_37,Passenger Car,s3_28_48,Not Deployed,s2_97_208,s6_5_up,Female,s6_130_up,s3_141_159,s2_164_318,s3_80_160,s2_2_4
4082,s3_1695_2555,s2_n103_99,s4_n40_7,s1_below_4282,s1_below_2,s4_2005_2007,s2_760_2075,s3_17_37,Truck (<=10000 lbs.),s4_48_64,Deployed,s2_97_208,s1_below_1,Male,s6_130_up,s5_169_179,s3_318_464,s3_80_160,s4_5_6
4083,s3_1695_2555,s2_n103_99,s4_n40_7,s1_below_4282,s1_below_2,s5_2007_2009,s3_2075_3730,s3_17_37,Truck (<=6000 lbs.),s4_48_64,Deployed,s2_97_208,s1_below_1,Female,s2_37_80,s3_141_159,s2_164_318,s3_80_160,s2_2_4
4084,s2_885_1695,s2_n103_99,s4_n40_7,s1_below_4282,s1_below_2,s4_2005_2007,s2_760_2075,s5_47_57,Passenger Car,s2_11_28,Not Deployed,s2_97_208,s1_below_1,Male,s2_37_80,s3_141_159,s2_164_318,s3_80_160,s2_2_4
4085,s3_1695_2555,s2_n103_99,s4_n40_7,s1_below_4282,s4_4_5,s2_2001_2003,s2_760_2075,s4_37_47,Truck (<=6000 lbs.),s3_28_48,Deployed,s2_97_208,s1_below_1,Male,s2_37_80,s3_141_159,s2_164_318,s3_80_160,s3_4_5
4086,s2_885_1695,s2_n103_99,s5_7_up,s1_below_4282,s4_4_5,s5_2007_2009,s2_760_2075,s4_37_47,Passenger Car,s3_28_48,Not Deployed,s2_97_208,s1_below_1,Female,s3_80_96,s3_141_159,s2_164_318,s6_260_up,s2_2_4
4087,s3_1695_2555,s2_n103_99,s4_n40_7,s1_below_4282,s2_2_3,s2_2001_2003,s3_2075_3730,s5_47_57,Truck (<=6000 lbs.),s3_28_48,Deployed,s2_97_208,s1_below_1,Female,s2_37_80,s4_159_169,s2_164_318,s4_160_220,s3_4_5
4088,s4_2555_3715,s2_n103_99,s4_n40_7,s1_below_4282,s2_2_3,s4_2005_2007,s2_760_2075,s5_47_57,Truck (<=10000 lbs.),s3_28_48,Deployed,s2_97_208,s1_below_1,Male,s2_37_80,s5_169_179,s3_318_464,s3_80_160,s5_6_7
4089,s3_1695_2555,s2_n103_99,s4_n40_7,s1_below_4282,s2_2_3,s1_below_2001,s2_760_2075,s4_37_47,Truck (<=6000 lbs.),s4_48_64,Not Deployed,s2_97_208,s1_below_1,Female,s2_37_80,s4_159_169,s2_164_318,s3_80_160,s3_4_5
4090,s2_885_1695,s2_n103_99,s5_7_up,s1_below_4282,s2_2_3,s3_2003_2005,s2_760_2075,s4_37_47,Passenger Car,s3_28_48,Not Deployed,s2_97_208,s1_below_1,Female,s3_80_96,s3_141_159,s2_164_318,s6_260_up,s2_2_4
4091,s2_885_1695,s2_n103_99,s3_n81_n40,s1_below_4282,s1_below_2,s1_below_2001,s2_760_2075,s3_17_37,Passenger Car,s2_11_28,Deployed,s2_97_208,s3_2_3,Female,s2_37_80,s3_141_159,s2_164_318,s3_80_160,s2_2_4
4092,s2_885_1695,s2_n103_99,s5_7_up,s1_below_4282,s2_2_3,s1_below_2001,s2_760_2075,s6_57_up,Passenger Car,s5_64_76,Not Deployed,s2_97_208,s1_below_1,Female,s2_37_80,s3_141_159,s2_164_318,s6_260_up,s2_2_4
4093,s2_885_1695,s2_n103_99,s4_n40_7,s1_below_4282,s2_2_3,s4_2005_2007,s2_760_2075,s6_57_up,Truck (<=6000 lbs.),s4_48_64,Deployed,s2_97_208,s1_below_1,Female,s2_37_80,s3_141_159,s2_164_318,s3_80_160,s2_2_4
4094,s2_885_1695,s2_n103_99,s5_7_up,s1_below_4282,s3_3_4,s3_2003_2005,s3_2075_3730,s4_37_47,Passenger Car,s2_11_28,Not Deployed,s2_97_208,s1_below_1,Female,s4_96_114,s3_141_159,s2_164_318,s6_260_up,s2_2_4
4095,s3_1695_2555,s2_n103_99,s4_n40_7,s1_below_4282,s4_4_5,s1_below_2001,s2_760_2075,s4_37_47,Passenger Car,s3_28_48,Deployed,s2_97_208,s1_below_1,Male,s2_37_80,s3_141_159,s2_164_318,s4_160_220,s2_2_4
4096,s2_885_1695,s2_n103_99,s4_n40_7,s1_below_4282,s4_4_5,s1_below_2001,s2_760_2075,s3_17_37,Passenger Car,s3_28_48,Deployed,s2_97_208,s1_below_1,Male,s4_96_114,s3_141_159,s2_164_318,s4_160_220,s2_2_4
4097,s2_885_1695,s2_n103_99,s4_n40_7,s1_below_4282,s4_4_5,s2_2001_2003,s2_760_2075,s5_47_57,Passenger Car,s2_11_28,Deployed,s2_97_208,s1_below_1,Female,s2_37_80,s3_141_159,s2_164_318,s3_80_160,s2_2_4
4098,s2_885_1695,s2_n103_99,s4_n40_7,s1_below_4282,s1_below_2,s1_below_2001,s3_2075_3730,s5_47_57,Passenger Car,s2_11_28,Deployed,s2_97_208,s3_2_3,Female,s2_37_80,s3_141_159,s2_164_318,s5_220_260,s2_2_4
4099,s3_1695_2555,s2_n103_99,s4_n40_7,s1_below_4282,s1_below_2,s2_2001_2003,s2_760_2075,s5_47_57,Truck (<=10000 lbs.),s3_28_48,Deployed,s2_97_208,s1_below_1,Male,s4_96_114,s4_159_169,s3_318_464,s2_40_80,s4_5_6
4100,s2_885_1695,s2_n103_99,s4_n40_7,s1_below_4282,s4_4_5,s1_below_2001,s3_2075_3730,s4_37_47,Passenger Car,s4_48_64,Deployed,s2_97_208,s1_below_1,Female,s2_37_80,s3_141_159,s2_164_318,s3_80_160,s2_2_4
4101,s3_1695_2555,s2_n103_99,s4_n40_7,s1_below_4282,s1_below_2,s5_2007_2009,s3_2075_3730,s1_below_7,Passenger Car,s2_11_28,Not Deployed,s2_97_208,s1_below_1,Male,s2_37_80,s4_159_169,s2_164_318,s2_40_80,s2_2_4
4102,s2_885_1695,s2_n103_99,s4_n40_7,s1_below_4282,s1_below_2,s2_2001_2003,s2_760_2075,s5_47_57,Passenger Car,s2_11_28,Deployed,s2_97_208,s1_below_1,Female,s4_96_114,s3_141_159,s2_164_318,s3_80_160,s2_2_4
4103,s2_885_1695,s2_n103_99,s4_n40_7,s1_below_4282,s4_4_5,s4_2005_2007,s3_2075_3730,s3_17_37,Passenger Car,s5_64_76,Deployed,s2_97_208,s1_below_1,Male,s2_37_80,s3_141_159,s2_164_318,s3_80_160,s2_2_4
4104,s3_1695_2555,s2_n103_99,s4_n40_7,s1_below_4282,s3_3_4,s4_2005_2007,s2_760_2075,s6_57_up,Truck (<=6000 lbs.),s4_48_64,Not Deployed,s2_97_208,s1_below_1,Female,s2_37_80,s3_141_159,s2_164_318,s3_80_160,s2_2_4
4105,s2_885_1695,s2_n103_99,s4_n40_7,s1_below_4282,s3_3_4,s2_2001_2003,s2_760_2075,s6_57_up,Passenger Car,s2_11_28,Not Deployed,s2_97_208,s1_below_1,Male,s3_80_96,s3_141_159,s2_164_318,s3_80_160,s2_2_4
4106,s3_1695_2555,s2_n103_99,s4_n40_7,s1_below_4282,s3_3_4,s3_2003_2005,s2_760_2075,s3_17_37,Truck (<=6000 lbs.),s2_11_28,Not Deployed,s2_97_208,s1_below_1,Male,s3_80_96,s3_141_159,s2_164_318,s2_40_80,s3_4_5
4107,s2_885_1695,s2_n103_99,s5_7_up,s1_below_4282,s3_3_4,s3_2003_2005,s2_760_2075,s6_57_up,Passenger Car,s2_11_28,Not Deployed,s2_97_208,s1_below_1,Female,s2_37_80,s3_141_159,s2_164_318,s6_260_up,s2_2_4
4108,s2_885_1695,s2_n103_99,s4_n40_7,s1_below_4282,s1_below_2,s4_2005_2007,s3_2075_3730,s5_47_57,Passenger Car,s2_11_28,Not Deployed,s2_97_208,s1_below_1,Male,s2_37_80,s3_141_159,s2_164_318,s6_260_up,s2_2_4
4109,s2_885_1695,s2_n103_99,s5_7_up,s1_below_4282,s4_4_5,s1_below_2001,s2_760_2075,s5_47_57,Passenger Car,s3_28_48,Not Deployed,s2_97_208,s1_below_1,Female,s6_130_up,s3_141_159,s2_164_318,s4_160_220,s2_2_4
4110,s2_885_1695,s2_n103_99,s3_n81_n40,s1_below_4282,s1_below_2,s3_2003_2005,s2_760_2075,s3_17_37,Passenger Car,s2_11_28,Not Deployed,s2_97_208,s5_4_5,Female,s2_37_80,s3_141_159,s2_164_318,s2_40_80,s2_2_4
4111,s2_885_1695,s2_n103_99,s4_n40_7,s1_below_4282,s4_4_5,s2_2001_2003,s2_760_2075,s3_17_37,Truck (<=6000 lbs.),s5_64_76,Deployed,s2_97_208,s1_below_1,Male,s4_96_114,s3_141_159,s2_164_318,s4_160_220,s2_2_4
4112,s2_885_1695,s2_n103_99,s4_n40_7,s1_below_4282,s4_4_5,s1_below_2001,s2_760_2075,s4_37_47,Passenger Car,s6_76_up,Not Deployed,s2_97_208,s1_below_1,Male,s2_37_80,s3_141_159,s2_164_318,s4_160_220,s2_2_4
4113,s2_885_1695,s2_n103_99,s4_n40_7,s1_below_4282,s4_4_5,s2_2001_2003,s2_760_2075,s4_37_47,Passenger Car,s4_48_64,Deployed,s2_97_208,s1_below_1,Male,s4_96_114,s3_141_159,s2_164_318,s3_80_160,s2_2_4
4114,s3_1695_2555,s2_n103_99,s4_n40_7,s1_below_4282,s3_3_4,s4_2005_2007,s2_760_2075,s4_37_47,Truck (<=6000 lbs.),s2_11_28,Deployed,s2_97_208,s1_below_1,Female,s3_80_96,s3_141_159,s2_164_318,s3_80_160,s2_2_4
4115,s2_885_1695,s2_n103_99,s3_n81_n40,s1_below_4282,s1_below_2,s3_2003_2005,s2_760_2075,s5_47_57,Passenger Car,s4_48_64,Deployed,s2_97_208,s3_2_3,Male,s4_96_114,s3_141_159,s2_164_318,s3_80_160,s2_2_4
4116,s3_1695_2555,s2_n103_99,s4_n40_7,s1_below_4282,s4_4_5,s2_2001_2003,s3_2075_3730,s4_37_47,Passenger Car,s3_28_48,Not Deployed,s2_97_208,s1_below_1,Male,s3_80_96,s3_141_159,s2_164_318,s4_160_220,s2_2_4
4117,s3_1695_2555,s2_n103_99,s4_n40_7,s1_below_4282,s3_3_4,s2_2001_2003,s2_760_2075,s4_37_47,Passenger Car,s4_48_64,Not Deployed,s2_97_208,s1_below_1,Male,s3_80_96,s3_141_159,s2_164_318,s4_160_220,s2_2_4
4118,s2_885_1695,s2_n103_99,s4_n40_7,s1_below_4282,s3_3_4,s1_below_2001,s3_2075_3730,s3_17_37,Truck (<=6000 lbs.),s3_28_48,Not Deployed,s2_97_208,s1_below_1,Female,s2_37_80,s3_141_159,s2_164_318,s3_80_160,s2_2_4
4119,s2_885_1695,s2_n103_99,s4_n40_7,s1_below_4282,s3_3_4,s3_2003_2005,s2_760_2075,s4_37_47,Passenger Car,s2_11_28,Deployed,s2_97_208,s1_below_1,Male,s2_37_80,s3_141_159,s2_164_318,s3_80_160,s2_2_4
4120,s2_885_1695,s2_n103_99,s4_n40_7,s1_below_4282,s2_2_3,s2_2001_2003,s2_760_2075,s6_57_up,Passenger Car,s2_11_28,Not Deployed,s2_97_208,s1_below_1,Female,s4_96_114,s3_141_159,s2_164_318,s3_80_160,s2_2_4
4121,s2_885_1695,s2_n103_99,s5_7_up,s1_below_4282,s2_2_3,s3_2003_2005,s2_760_2075,s6_57_up,Passenger Car,s3_28_48,Not Deployed,s2_97_208,s1_below_1,Male,s2_37_80,s3_141_159,s2_164_318,s6_260_up,s2_2_4
4122,s2_885_1695,s2_n103_99,s4_n40_7,s1_below_4282,s1_below_2,s3_2003_2005,s2_760_2075,s6_57_up,Passenger Car,s2_11_28,Not Deployed,s2_97_208,s1_below_1,Female,s4_96_114,s3_141_159,s2_164_318,s3_80_160,s2_2_4
4123,s4_2555_3715,s2_n103_99,s4_n40_7,s1_below_4282,s3_3_4,s3_2003_2005,s2_760_2075,s5_47_57,Truck (<=10000 lbs.),s2_11_28,Not Deployed,s2_97_208,s1_below_1,Male,s2_37_80,s5_169_179,s3_318_464,s3_80_160,s5_6_7
4124,s2_885_1695,s2_n103_99,s4_n40_7,s1_below_4282,s4_4_5,s5_2007_2009,s2_760_2075,s5_47_57,Passenger Car,s2_11_28,Deployed,s2_97_208,s1_below_1,Male,s2_37_80,s3_141_159,s2_164_318,s3_80_160,s2_2_4
4125,s2_885_1695,s2_n103_99,s4_n40_7,s1_below_4282,s1_below_2,s4_2005_2007,s2_760_2075,s3_17_37,Passenger Car,s2_11_28,Not Deployed,s2_97_208,s1_below_1,Male,s3_80_96,s3_141_159,s2_164_318,s3_80_160,s2_2_4
4126,s3_1695_2555,s2_n103_99,s4_n40_7,s1_below_4282,s4_4_5,s4_2005_2007,s2_760_2075,s4_37_47,Truck (<=10000 lbs.),s3_28_48,Deployed,s2_97_208,s1_below_1,Female,s2_37_80,s4_159_169,s2_164_318,s3_80_160,s3_4_5
4127,s2_885_1695,s2_n103_99,s4_n40_7,s1_below_4282,s1_below_2,s2_2001_2003,s2_760_2075,s5_47_57,Passenger Car,s2_11_28,Deployed,s2_97_208,s1_below_1,Female,s2_37_80,s3_141_159,s2_164_318,s4_160_220,s2_2_4
4128,s3_1695_2555,s2_n103_99,s4_n40_7,s1_below_4282,s4_4_5,s4_2005_2007,s2_760_2075,s4_37_47,Truck (<=6000 lbs.),s2_11_28,Deployed,s2_97_208,s1_below_1,Male,s2_37_80,s3_141_159,s2_164_318,s3_80_160,s2_2_4
4129,s4_2555_3715,s2_n103_99,s4_n40_7,s1_below_4282,s2_2_3,s4_2005_2007,s3_2075_3730,s3_17_37,Truck (<=10000 lbs.),s4_48_64,Not Deployed,s2_97_208,s1_below_1,Female,s2_37_80,s5_169_179,s3_318_464,s4_160_220,s5_6_7
4130,s2_885_1695,s2_n103_99,s4_n40_7,s1_below_4282,s1_below_2,s1_below_2001,s2_760_2075,s3_17_37,Passenger Car,s3_28_48,Deployed,s2_97_208,s1_below_1,Female,s3_80_96,s3_141_159,s2_164_318,s3_80_160,s2_2_4
4131,s2_885_1695,s2_n103_99,s4_n40_7,s1_below_4282,s4_4_5,s3_2003_2005,s2_760_2075,s5_47_57,Passenger Car,s3_28_48,Deployed,s2_97_208,s1_below_1,Male,s4_96_114,s3_141_159,s2_164_318,s3_80_160,s2_2_4
4132,s2_885_1695,s2_n103_99,s4_n40_7,s1_below_4282,s1_below_2,s1_below_2001,s2_760_2075,s5_47_57,Passenger Car,s2_11_28,Deployed,s2_97_208,s1_below_1,Female,s2_37_80,s3_141_159,s2_164_318,s3_80_160,s2_2_4
4133,s2_885_1695,s2_n103_99,s4_n40_7,s1_below_4282,s3_3_4,s5_2007_2009,s2_760_2075,s5_47_57,Truck (<=6000 lbs.),s2_11_28,Deployed,s2_97_208,s1_below_1,Female,s2_37_80,s3_141_159,s2_164_318,s3_80_160,s2_2_4
4134,s2_885_1695,s2_n103_99,s4_n40_7,s1_below_4282,s3_3_4,s4_2005_2007,s2_760_2075,s5_47_57,Passenger Car,s3_28_48,Deployed,s2_97_208,s1_below_1,Male,s4_96_114,s3_141_159,s2_164_318,s4_160_220,s2_2_4
4135,s3_1695_2555,s2_n103_99,s4_n40_7,s1_below_4282,s4_4_5,s1_below_2001,s2_760_2075,s3_17_37,Truck (<=10000 lbs.),s4_48_64,Not Deployed,s2_97_208,s1_below_1,Male,s3_80_96,s5_169_179,s2_164_318,s3_80_160,s3_4_5
4136,s2_885_1695,s2_n103_99,s4_n40_7,s1_below_4282,s4_4_5,s5_2007_2009,s2_760_2075,s3_17_37,Passenger Car,s2_11_28,Deployed,s2_97_208,s1_below_1,Female,s5_114_130,s3_141_159,s2_164_318,s3_80_160,s2_2_4
4137,s2_885_1695,s2_n103_99,s4_n40_7,s1_below_4282,s1_below_2,s5_2007_2009,s2_760_2075,s4_37_47,Passenger Car,s6_76_up,Not Deployed,s2_97_208,s1_below_1,Female,s2_37_80,s3_141_159,s2_164_318,s3_80_160,s2_2_4
4138,s2_885_1695,s2_n103_99,s5_7_up,s1_below_4282,s6_6_up,s2_2001_2003,s2_760_2075,s4_37_47,Passenger Car,s3_28_48,Not Deployed,s2_97_208,s1_below_1,Female,s2_37_80,s3_141_159,s2_164_318,s6_260_up,s2_2_4
4139,s3_1695_2555,s2_n103_99,s4_n40_7,s1_below_4282,s4_4_5,s1_below_2001,s2_760_2075,s4_37_47,Truck (<=6000 lbs.),s3_28_48,Not Deployed,s2_97_208,s1_below_1,Female,s2_37_80,s3_141_159,s2_164_318,s4_160_220,s2_2_4
4140,s3_1695_2555,s2_n103_99,s4_n40_7,s1_below_4282,s4_4_5,s2_2001_2003,s2_760_2075,s4_37_47,Truck (<=6000 lbs.),s2_11_28,Deployed,s2_97_208,s1_below_1,Female,s2_37_80,s4_159_169,s2_164_318,s3_80_160,s2_2_4
4141,s2_885_1695,s2_n103_99,s4_n40_7,s1_below_4282,s4_4_5,s4_2005_2007,s3_2075_3730,s4_37_47,Passenger Car,s4_48_64,Not Deployed,s2_97_208,s1_below_1,Female,s3_80_96,s3_141_159,s2_164_318,s3_80_160,s2_2_4
4142,s2_885_1695,s2_n103_99,s4_n40_7,s1_below_4282,s2_2_3,s2_2001_2003,s2_760_2075,s3_17_37,Passenger Car,s2_11_28,Deployed,s2_97_208,s1_below_1,Female,s2_37_80,s3_141_159,s2_164_318,s4_160_220,s2_2_4
4143,s2_885_1695,s2_n103_99,s4_n40_7,s1_below_4282,s1_below_2,s3_2003_2005,s2_760_2075,s3_17_37,Passenger Car,s2_11_28,Deployed,s2_97_208,s1_below_1,Male,s2_37_80,s3_141_159,s2_164_318,s3_80_160,s2_2_4
4144,s2_885_1695,s2_n103_99,s4_n40_7,s1_below_4282,s2_2_3,s4_2005_2007,s2_760_2075,s5_47_57,Passenger Car,s3_28_48,Not Deployed,s2_97_208,s1_below_1,Female,s2_37_80,s3_141_159,s2_164_318,s3_80_160,s2_2_4
4145,s3_1695_2555,s2_n103_99,s4_n40_7,s1_below_4282,s3_3_4,s2_2001_2003,s2_760_2075,s3_17_37,Truck (<=6000 lbs.),s4_48_64,Not Deployed,s2_97_208,s1_below_1,Male,s4_96_114,s4_159_169,s2_164_318,s3_80_160,s3_4_5
4146,s2_885_1695,s2_n103_99,s4_n40_7,s1_below_4282,s4_4_5,s1_below_2001,s2_760_2075,s5_47_57,Passenger Car,s5_64_76,Deployed,s2_97_208,s1_below_1,Female,s2_37_80,s3_141_159,s2_164_318,s3_80_160,s2_2_4
4147,s2_885_1695,s2_n103_99,s4_n40_7,s1_below_4282,s4_4_5,s2_2001_2003,s2_760_2075,s4_37_47,Passenger Car,s3_28_48,Deployed,s2_97_208,s1_below_1,Female,s2_37_80,s3_141_159,s2_164_318,s3_80_160,s2_2_4
4148,s2_885_1695,s2_n103_99,s4_n40_7,s1_below_4282,s4_4_5,s1_below_2001,s2_760_2075,s3_17_37,Passenger Car,s2_11_28,Deployed,s2_97_208,s2_1_2,Female,s2_37_80,s3_141_159,s2_164_318,s2_40_80,s2_2_4
4149,s2_885_1695,s2_n103_99,s4_n40_7,s1_below_4282,s4_4_5,s3_2003_2005,s2_760_2075,s4_37_47,Passenger Car,s2_11_28,Deployed,s2_97_208,s1_below_1,Female,s2_37_80,s3_141_159,s2_164_318,s4_160_220,s2_2_4
4150,s3_1695_2555,s2_n103_99,s4_n40_7,s1_below_4282,s2_2_3,s3_2003_2005,s2_760_2075,s4_37_47,Truck (<=6000 lbs.),s3_28_48,Not Deployed,s2_97_208,s1_below_1,Male,s4_96_114,s3_141_159,s2_164_318,s3_80_160,s3_4_5
4151,s1_below_885,s2_n103_99,s4_n40_7,s1_below_4282,s2_2_3,s3_2003_2005,s2_760_2075,s6_57_up,Truck (<=6000 lbs.),s2_11_28,Deployed,s2_97_208,s1_below_1,Male,s2_37_80,s3_141_159,s2_164_318,s3_80_160,s2_2_4
4152,s3_1695_2555,s2_n103_99,s4_n40_7,s1_below_4282,s2_2_3,s5_2007_2009,s2_760_2075,s4_37_47,Truck (<=6000 lbs.),s5_64_76,Not Deployed,s2_97_208,s1_below_1,Male,s3_80_96,s3_141_159,s2_164_318,s3_80_160,s2_2_4
4153,s2_885_1695,s2_n103_99,s4_n40_7,s1_below_4282,s2_2_3,s1_below_2001,s2_760_2075,s4_37_47,Passenger Car,s2_11_28,Deployed,s2_97_208,s1_below_1,Male,s2_37_80,s3_141_159,s2_164_318,s3_80_160,s2_2_4
4154,s2_885_1695,s2_n103_99,s4_n40_7,s1_below_4282,s2_2_3,s1_below_2001,s2_760_2075,s4_37_47,Passenger Car,s2_11_28,Deployed,s2_97_208,s1_below_1,Female,s2_37_80,s3_141_159,s2_164_318,s3_80_160,s2_2_4
4155,s2_885_1695,s2_n103_99,s4_n40_7,s1_below_4282,s4_4_5,s5_2007_2009,s2_760_2075,s5_47_57,Passenger Car,s2_11_28,Not Deployed,s2_97_208,s1_below_1,Male,s3_80_96,s3_141_159,s2_164_318,s3_80_160,s2_2_4
4156,s3_1695_2555,s2_n103_99,s4_n40_7,s1_below_4282,s1_below_2,s2_2001_2003,s2_760_2075,s5_47_57,Truck (<=6000 lbs.),s2_11_28,Deployed,s2_97_208,s1_below_1,Female,s2_37_80,s4_159_169,s2_164_318,s4_160_220,s3_4_5
4157,s2_885_1695,s2_n103_99,s3_n81_n40,s1_below_4282,s1_below_2,s3_2003_2005,s2_760_2075,s3_17_37,Passenger Car,s4_48_64,Not Deployed,s2_97_208,s1_below_1,Female,s5_114_130,s3_141_159,s2_164_318,s1_below_40,s2_2_4
4158,s2_885_1695,s2_n103_99,s4_n40_7,s1_below_4282,s3_3_4,s4_2005_2007,s2_760_2075,s3_17_37,Passenger Car,s6_76_up,Not Deployed,s2_97_208,s1_below_1,Female,s2_37_80,s3_141_159,s2_164_318,s3_80_160,s2_2_4
4159,s2_885_1695,s2_n103_99,s4_n40_7,s1_below_4282,s4_4_5,s1_below_2001,s2_760_2075,s5_47_57,Passenger Car,s2_11_28,Deployed,s2_97_208,s1_below_1,Male,s2_37_80,s3_141_159,s2_164_318,s3_80_160,s2_2_4
4160,s2_885_1695,s2_n103_99,s4_n40_7,s1_below_4282,s1_below_2,s2_2001_2003,s2_760_2075,s3_17_37,Passenger Car,s3_28_48,Not Deployed,s2_97_208,s2_1_2,Female,s2_37_80,s3_141_159,s2_164_318,s2_40_80,s2_2_4
4161,s3_1695_2555,s2_n103_99,s4_n40_7,s1_below_4282,s1_below_2,s1_below_2001,s3_2075_3730,s5_47_57,Truck (<=6000 lbs.),s2_11_28,Deployed,s2_97_208,s1_below_1,Female,s2_37_80,s3_141_159,s2_164_318,s2_40_80,s3_4_5
4162,s2_885_1695,s2_n103_99,s4_n40_7,s1_below_4282,s1_below_2,s1_below_2001,s2_760_2075,s3_17_37,Passenger Car,s2_11_28,Deployed,s2_97_208,s1_below_1,Male,s2_37_80,s3_141_159,s2_164_318,s4_160_220,s2_2_4
4163,s2_885_1695,s2_n103_99,s4_n40_7,s1_below_4282,s2_2_3,s2_2001_2003,s2_760_2075,s5_47_57,Passenger Car,s6_76_up,Not Deployed,s2_97_208,s1_below_1,Female,s2_37_80,s3_141_159,s2_164_318,s4_160_220,s2_2_4
4164,s2_885_1695,s2_n103_99,s4_n40_7,s1_below_4282,s1_below_2,s4_2005_2007,s2_760_2075,s3_17_37,Truck (<=6000 lbs.),s5_64_76,Deployed,s2_97_208,s1_below_1,Female,s3_80_96,s3_141_159,s2_164_318,s3_80_160,s2_2_4
4165,s3_1695_2555,s2_n103_99,s4_n40_7,s1_below_4282,s4_4_5,s4_2005_2007,s2_760_2075,s3_17_37,Truck (<=6000 lbs.),s3_28_48,Not Deployed,s2_97_208,s1_below_1,Female,s2_37_80,s4_159_169,s2_164_318,s3_80_160,s3_4_5
4166,s2_885_1695,s2_n103_99,s4_n40_7,s1_below_4282,s4_4_5,s4_2005_2007,s2_760_2075,s3_17_37,Passenger Car,s2_11_28,Deployed,s2_97_208,s1_below_1,Male,s4_96_114,s3_141_159,s2_164_318,s4_160_220,s2_2_4
4167,s2_885_1695,s2_n103_99,s4_n40_7,s1_below_4282,s1_below_2,s3_2003_2005,s3_2075_3730,s3_17_37,Passenger Car,s2_11_28,Deployed,s2_97_208,s1_below_1,Female,s2_37_80,s3_141_159,s2_164_318,s2_40_80,s2_2_4
4168,s2_885_1695,s2_n103_99,s4_n40_7,s1_below_4282,s4_4_5,s2_2001_2003,s2_760_2075,s4_37_47,Passenger Car,s2_11_28,Deployed,s2_97_208,s1_below_1,Female,s2_37_80,s3_141_159,s2_164_318,s3_80_160,s2_2_4
4169,s2_885_1695,s2_n103_99,s4_n40_7,s1_below_4282,s1_below_2,s3_2003_2005,s2_760_2075,s5_47_57,Passenger Car,s2_11_28,Deployed,s2_97_208,s2_1_2,Female,s2_37_80,s3_141_159,s2_164_318,s3_80_160,s2_2_4
4170,s3_1695_2555,s2_n103_99,s4_n40_7,s1_below_4282,s1_below_2,s2_2001_2003,s2_760_2075,s5_47_57,Truck (<=10000 lbs.),s3_28_48,Not Deployed,s2_97_208,s1_below_1,Male,s3_80_96,s3_141_159,s2_164_318,s3_80_160,s2_2_4
4171,s2_885_1695,s2_n103_99,s4_n40_7,s1_below_4282,s2_2_3,s5_2007_2009,s2_760_2075,s3_17_37,Passenger Car,s5_64_76,Not Deployed,s2_97_208,s1_below_1,Male,s2_37_80,s3_141_159,s2_164_318,s4_160_220,s2_2_4
4172,s2_885_1695,s2_n103_99,s4_n40_7,s1_below_4282,s1_below_2,s3_2003_2005,s2_760_2075,s3_17_37,Truck (<=6000 lbs.),s5_64_76,Not Deployed,s2_97_208,s1_below_1,Male,s5_114_130,s3_141_159,s2_164_318,s3_80_160,s2_2_4
4173,s2_885_1695,s2_n103_99,s4_n40_7,s1_below_4282,s2_2_3,s1_below_2001,s2_760_2075,s4_37_47,Passenger Car,s3_28_48,Not Deployed,s2_97_208,s1_below_1,Male,s3_80_96,s3_141_159,s2_164_318,s4_160_220,s2_2_4
4174,s2_885_1695,s2_n103_99,s4_n40_7,s1_below_4282,s1_below_2,s3_2003_2005,s2_760_2075,s5_47_57,Passenger Car,s2_11_28,Deployed,s2_97_208,s1_below_1,Female,s2_37_80,s3_141_159,s2_164_318,s4_160_220,s2_2_4
4175,s3_1695_2555,s2_n103_99,s4_n40_7,s1_below_4282,s4_4_5,s1_below_2001,s2_760_2075,s5_47_57,Truck (<=10000 lbs.),s3_28_48,Not Deployed,s2_97_208,s1_below_1,Male,s3_80_96,s4_159_169,s3_318_464,s3_80_160,s4_5_6
4176,s2_885_1695,s2_n103_99,s3_n81_n40,s1_below_4282,s3_3_4,s1_below_2001,s2_760_2075,s3_17_37,Passenger Car,s2_11_28,Deployed,s2_97_208,s1_below_1,Male,s2_37_80,s3_141_159,s2_164_318,s3_80_160,s2_2_4
4177,s3_1695_2555,s2_n103_99,s4_n40_7,s1_below_4282,s1_below_2,s3_2003_2005,s2_760_2075,s3_17_37,Truck (<=6000 lbs.),s4_48_64,Not Deployed,s2_97_208,s1_below_1,Female,s2_37_80,s3_141_159,s2_164_318,s2_40_80,s2_2_4
4178,s2_885_1695,s2_n103_99,s4_n40_7,s1_below_4282,s1_below_2,s4_2005_2007,s2_760_2075,s4_37_47,Passenger Car,s2_11_28,Not Deployed,s2_97_208,s1_below_1,Female,s2_37_80,s3_141_159,s2_164_318,s4_160_220,s2_2_4
4179,s3_1695_2555,s2_n103_99,s4_n40_7,s1_below_4282,s1_below_2,s3_2003_2005,s2_760_2075,s4_37_47,Truck (<=6000 lbs.),s3_28_48,Not Deployed,s2_97_208,s1_below_1,Male,s3_80_96,s4_159_169,s2_164_318,s2_40_80,s3_4_5
4180,s2_885_1695,s2_n103_99,s4_n40_7,s1_below_4282,s2_2_3,s2_2001_2003,s2_760_2075,s5_47_57,Passenger Car,s4_48_64,Deployed,s2_97_208,s3_2_3,Male,s2_37_80,s3_141_159,s2_164_318,s2_40_80,s2_2_4
4181,s2_885_1695,s2_n103_99,s4_n40_7,s1_below_4282,s3_3_4,s1_below_2001,s2_760_2075,s4_37_47,Passenger Car,s2_11_28,Deployed,s2_97_208,s1_below_1,Male,s4_96_114,s3_141_159,s2_164_318,s3_80_160,s2_2_4
4182,s2_885_1695,s2_n103_99,s4_n40_7,s1_below_4282,s4_4_5,s2_2001_2003,s2_760_2075,s4_37_47,Passenger Car,s3_28_48,Not Deployed,s2_97_208,s1_below_1,Female,s2_37_80,s3_141_159,s2_164_318,s4_160_220,s2_2_4
4183,s2_885_1695,s2_n103_99,s4_n40_7,s1_below_4282,s4_4_5,s4_2005_2007,s2_760_2075,s4_37_47,Passenger Car,s4_48_64,Deployed,s2_97_208,s1_below_1,Female,s2_37_80,s3_141_159,s2_164_318,s3_80_160,s2_2_4
4184,s2_885_1695,s2_n103_99,s4_n40_7,s1_below_4282,s1_below_2,s4_2005_2007,s2_760_2075,s4_37_47,Passenger Car,s3_28_48,Deployed,s2_97_208,s1_below_1,Female,s2_37_80,s3_141_159,s2_164_318,s3_80_160,s2_2_4
4185,s2_885_1695,s2_n103_99,s4_n40_7,s1_below_4282,s1_below_2,s2_2001_2003,s2_760_2075,s3_17_37,Passenger Car,s4_48_64,Not Deployed,s2_97_208,s1_below_1,Female,s2_37_80,s3_141_159,s2_164_318,s3_80_160,s2_2_4
4186,s2_885_1695,s2_n103_99,s4_n40_7,s1_below_4282,s4_4_5,s3_2003_2005,s2_760_2075,s3_17_37,Passenger Car,s4_48_64,Deployed,s2_97_208,s1_below_1,Male,s3_80_96,s3_141_159,s2_164_318,s4_160_220,s2_2_4
4187,s2_885_1695,s2_n103_99,s5_7_up,s1_below_4282,s1_below_2,s5_2007_2009,s3_2075_3730,s5_47_57,Passenger Car,s3_28_48,Not Deployed,s2_97_208,s1_below_1,Male,s3_80_96,s3_141_159,s2_164_318,s1_below_40,s2_2_4
4188,s2_885_1695,s2_n103_99,s4_n40_7,s1_below_4282,s1_below_2,s2_2001_2003,s2_760_2075,s5_47_57,Passenger Car,s2_11_28,Deployed,s2_97_208,s1_below_1,Female,s2_37_80,s3_141_159,s2_164_318,s3_80_160,s2_2_4
4189,s2_885_1695,s2_n103_99,s3_n81_n40,s1_below_4282,s1_below_2,s2_2001_2003,s2_760_2075,s3_17_37,Truck (<=6000 lbs.),s2_11_28,Deployed,s2_97_208,s1_below_1,Male,s2_37_80,s3_141_159,s2_164_318,s3_80_160,s2_2_4
4190,s3_1695_2555,s2_n103_99,s4_n40_7,s1_below_4282,s4_4_5,s4_2005_2007,s2_760_2075,s3_17_37,Truck (<=10000 lbs.),s5_64_76,Not Deployed,s2_97_208,s1_below_1,Female,s2_37_80,s3_141_159,s2_164_318,s4_160_220,s2_2_4
4191,s2_885_1695,s2_n103_99,s4_n40_7,s1_below_4282,s4_4_5,s1_below_2001,s2_760_2075,s3_17_37,Passenger Car,s2_11_28,Not Deployed,s2_97_208,s1_below_1,Female,s2_37_80,s3_141_159,s2_164_318,s3_80_160,s2_2_4
4192,s3_1695_2555,s2_n103_99,s4_n40_7,s1_below_4282,s1_below_2,s1_below_2001,s2_760_2075,s5_47_57,Truck (<=10000 lbs.),s2_11_28,Deployed,s2_97_208,s2_1_2,Male,s3_80_96,s4_159_169,s3_318_464,s3_80_160,s4_5_6
4193,s3_1695_2555,s2_n103_99,s4_n40_7,s1_below_4282,s1_below_2,s2_2001_2003,s2_760_2075,s5_47_57,Truck (<=10000 lbs.),s3_28_48,Not Deployed,s2_97_208,s1_below_1,Female,s2_37_80,s3_141_159,s3_318_464,s4_160_220,s3_4_5
4194,s2_885_1695,s2_n103_99,s4_n40_7,s1_below_4282,s2_2_3,s2_2001_2003,s2_760_2075,s4_37_47,Passenger Car,s2_11_28,Not Deployed,s2_97_208,s1_below_1,Male,s3_80_96,s3_141_159,s2_164_318,s2_40_80,s2_2_4
4195,s1_below_885,s2_n103_99,s4_n40_7,s1_below_4282,s1_below_2,s1_below_2001,s2_760_2075,s5_47_57,Passenger Car,s5_64_76,Not Deployed,s2_97_208,s1_below_1,Male,s3_80_96,s3_141_159,s2_164_318,s3_80_160,s2_2_4
4196,s4_2555_3715,s2_n103_99,s4_n40_7,s1_below_4282,s1_below_2,s2_2001_2003,s3_2075_3730,s5_47_57,Truck (<=10000 lbs.),s4_48_64,Deployed,s2_97_208,s1_below_1,Male,s3_80_96,s4_159_169,s3_318_464,s3_80_160,s4_5_6
4197,s2_885_1695,s2_n103_99,s4_n40_7,s1_below_4282,s1_below_2,s2_2001_2003,s2_760_2075,s6_57_up,Passenger Car,s2_11_28,Not Deployed,s2_97_208,s1_below_1,Female,s2_37_80,s3_141_159,s2_164_318,s3_80_160,s2_2_4
4198,s2_885_1695,s2_n103_99,s5_7_up,s1_below_4282,s1_below_2,s3_2003_2005,s2_760_2075,s6_57_up,Truck (<=6000 lbs.),s4_48_64,Deployed,s2_97_208,s1_below_1,Female,s6_130_up,s3_141_159,s2_164_318,s6_260_up,s2_2_4
4199,s3_1695_2555,s2_n103_99,s4_n40_7,s1_below_4282,s2_2_3,s3_2003_2005,s2_760_2075,s3_17_37,Truck (<=10000 lbs.),s6_76_up,Not Deployed,s2_97_208,s1_below_1,Male,s3_80_96,s5_169_179,s3_318_464,s3_80_160,s4_5_6
4200,s2_885_1695,s2_n103_99,s5_7_up,s1_below_4282,s1_below_2,s5_2007_2009,s2_760_2075,s6_57_up,Truck (<=6000 lbs.),s4_48_64,Not Deployed,s2_97_208,s3_2_3,Male,s3_80_96,s3_141_159,s2_164_318,s6_260_up,s2_2_4
4201,s2_885_1695,s2_n103_99,s4_n40_7,s1_below_4282,s1_below_2,s2_2001_2003,s2_760_2075,s6_57_up,Passenger Car,s2_11_28,Not Deployed,s2_97_208,s1_below_1,Female,s3_80_96,s3_141_159,s2_164_318,s3_80_160,s2_2_4
4202,s2_885_1695,s2_n103_99,s4_n40_7,s1_below_4282,s1_below_2,s4_2005_2007,s2_760_2075,s3_17_37,Passenger Car,s3_28_48,Deployed,s2_97_208,s1_below_1,Male,s2_37_80,s3_141_159,s2_164_318,s3_80_160,s2_2_4
4203,s3_1695_2555,s2_n103_99,s5_7_up,s1_below_4282,s1_below_2,s4_2005_2007,s2_760_2075,s5_47_57,Passenger Car,s4_48_64,Not Deployed,s2_97_208,s1_below_1,Female,s2_37_80,s4_159_169,s2_164_318,s6_260_up,s2_2_4
4204,s2_885_1695,s2_n103_99,s4_n40_7,s1_below_4282,s4_4_5,s3_2003_2005,s2_760_2075,s5_47_57,Passenger Car,s2_11_28,Deployed,s2_97_208,s3_2_3,Male,s2_37_80,s3_141_159,s2_164_318,s4_160_220,s2_2_4
4205,s3_1695_2555,s2_n103_99,s4_n40_7,s1_below_4282,s2_2_3,s2_2001_2003,s2_760_2075,s5_47_57,Truck (<=10000 lbs.),s4_48_64,Not Deployed,s2_97_208,s1_below_1,Male,s3_80_96,s4_159_169,s3_318_464,s3_80_160,s4_5_6
4206,s3_1695_2555,s2_n103_99,s4_n40_7,s1_below_4282,s2_2_3,s3_2003_2005,s2_760_2075,s3_17_37,Truck (<=10000 lbs.),s2_11_28,Deployed,s2_97_208,s1_below_1,Male,s2_37_80,s5_169_179,s3_318_464,s3_80_160,s4_5_6
4207,s3_1695_2555,s2_n103_99,s4_n40_7,s1_below_4282,s1_below_2,s3_2003_2005,s2_760_2075,s4_37_47,Truck (<=6000 lbs.),s3_28_48,Deployed,s2_97_208,s1_below_1,Male,s4_96_114,s4_159_169,s2_164_318,s4_160_220,s2_2_4
4208,s2_885_1695,s2_n103_99,s4_n40_7,s1_below_4282,s1_below_2,s3_2003_2005,s2_760_2075,s5_47_57,Passenger Car,s4_48_64,Not Deployed,s2_97_208,s1_below_1,Female,s2_37_80,s3_141_159,s2_164_318,s3_80_160,s2_2_4
4209,s3_1695_2555,s2_n103_99,s4_n40_7,s1_below_4282,s1_below_2,s3_2003_2005,s2_760_2075,s5_47_57,Truck (<=6000 lbs.),s6_76_up,Deployed,s2_97_208,s2_1_2,Male,s4_96_114,s3_141_159,s2_164_318,s4_160_220,s2_2_4
4210,s2_885_1695,s2_n103_99,s4_n40_7,s1_below_4282,s2_2_3,s4_2005_2007,s2_760_2075,s3_17_37,Passenger Car,s3_28_48,Deployed,s2_97_208,s1_below_1,Female,s3_80_96,s3_141_159,s2_164_318,s3_80_160,s2_2_4
4211,s2_885_1695,s2_n103_99,s5_7_up,s1_below_4282,s1_below_2,s3_2003_2005,s2_760_2075,s3_17_37,Passenger Car,s2_11_28,Not Deployed,s2_97_208,s1_below_1,Female,s2_37_80,s3_141_159,s2_164_318,s6_260_up,s2_2_4
4212,s2_885_1695,s2_n103_99,s4_n40_7,s1_below_4282,s1_below_2,s2_2001_2003,s2_760_2075,s3_17_37,Passenger Car,s6_76_up,Not Deployed,s2_97_208,s1_below_1,Female,s3_80_96,s3_141_159,s2_164_318,s3_80_160,s2_2_4
4213,s2_885_1695,s2_n103_99,s5_7_up,s1_below_4282,s1_below_2,s4_2005_2007,s2_760_2075,s6_57_up,Passenger Car,s2_11_28,Not Deployed,s2_97_208,s1_below_1,Male,s3_80_96,s3_141_159,s2_164_318,s6_260_up,s2_2_4
4214,s2_885_1695,s2_n103_99,s4_n40_7,s1_below_4282,s1_below_2,s5_2007_2009,s2_760_2075,s5_47_57,Truck (<=6000 lbs.),s3_28_48,Not Deployed,s2_97_208,s1_below_1,Female,s2_37_80,s3_141_159,s2_164_318,s4_160_220,s2_2_4
4215,s3_1695_2555,s2_n103_99,s4_n40_7,s1_below_4282,s3_3_4,s3_2003_2005,s2_760_2075,s3_17_37,Passenger Car,s6_76_up,Deployed,s2_97_208,s1_below_1,Male,s3_80_96,s3_141_159,s2_164_318,s3_80_160,s2_2_4
4216,s2_885_1695,s2_n103_99,s4_n40_7,s1_below_4282,s1_below_2,s4_2005_2007,s2_760_2075,s3_17_37,Passenger Car,s2_11_28,Deployed,s2_97_208,s1_below_1,Male,s2_37_80,s3_141_159,s2_164_318,s3_80_160,s2_2_4
4217,s3_1695_2555,s2_n103_99,s4_n40_7,s1_below_4282,s2_2_3,s2_2001_2003,s2_760_2075,s5_47_57,Truck (<=10000 lbs.),s2_11_28,Not Deployed,s2_97_208,s1_below_1,Male,s2_37_80,s5_169_179,s3_318_464,s3_80_160,s4_5_6
4218,s3_1695_2555,s2_n103_99,s4_n40_7,s1_below_4282,s1_below_2,s3_2003_2005,s2_760_2075,s3_17_37,Truck (<=10000 lbs.),s3_28_48,Not Deployed,s2_97_208,s1_below_1,Female,s2_37_80,s4_159_169,s3_318_464,s3_80_160,s4_5_6
4219,s2_885_1695,s2_n103_99,s4_n40_7,s1_below_4282,s1_below_2,s4_2005_2007,s3_2075_3730,s5_47_57,Passenger Car,s2_11_28,Not Deployed,s2_97_208,s2_1_2,Female,s2_37_80,s3_141_159,s2_164_318,s2_40_80,s2_2_4
4220,s2_885_1695,s2_n103_99,s4_n40_7,s1_below_4282,s1_below_2,s4_2005_2007,s3_2075_3730,s3_17_37,Passenger Car,s2_11_28,Not Deployed,s2_97_208,s1_below_1,Female,s2_37_80,s3_141_159,s2_164_318,s2_40_80,s2_2_4
4221,s2_885_1695,s2_n103_99,s4_n40_7,s1_below_4282,s3_3_4,s1_below_2001,s2_760_2075,s3_17_37,Passenger Car,s4_48_64,Not Deployed,s2_97_208,s1_below_1,Male,s3_80_96,s3_141_159,s2_164_318,s4_160_220,s2_2_4
4222,s2_885_1695,s2_n103_99,s4_n40_7,s1_below_4282,s1_below_2,s4_2005_2007,s2_760_2075,s3_17_37,Passenger Car,s3_28_48,Deployed,s2_97_208,s1_below_1,Female,s2_37_80,s3_141_159,s2_164_318,s4_160_220,s2_2_4
4223,s3_1695_2555,s2_n103_99,s4_n40_7,s1_below_4282,s1_below_2,s2_2001_2003,s2_760_2075,s3_17_37,Truck (<=10000 lbs.),s4_48_64,Not Deployed,s2_97_208,s1_below_1,Male,s3_80_96,s3_141_159,s2_164_318,s3_80_160,s2_2_4
4224,s2_885_1695,s2_n103_99,s4_n40_7,s1_below_4282,s4_4_5,s1_below_2001,s2_760_2075,s3_17_37,Passenger Car,s5_64_76,Deployed,s2_97_208,s1_below_1,Male,s2_37_80,s3_141_159,s2_164_318,s3_80_160,s2_2_4
4225,s2_885_1695,s2_n103_99,s4_n40_7,s1_below_4282,s2_2_3,s1_below_2001,s2_760_2075,s3_17_37,Passenger Car,s3_28_48,Deployed,s2_97_208,s1_below_1,Female,s3_80_96,s3_141_159,s2_164_318,s3_80_160,s2_2_4
4226,s2_885_1695,s2_n103_99,s4_n40_7,s1_below_4282,s2_2_3,s1_below_2001,s2_760_2075,s3_17_37,Passenger Car,s4_48_64,Deployed,s2_97_208,s1_below_1,Female,s2_37_80,s3_141_159,s2_164_318,s4_160_220,s2_2_4
4227,s4_2555_3715,s2_n103_99,s4_n40_7,s1_below_4282,s1_below_2,s5_2007_2009,s2_760_2075,s3_17_37,Truck (<=10000 lbs.),s3_28_48,Not Deployed,s2_97_208,s1_below_1,Female,s4_96_114,s5_169_179,s3_318_464,s3_80_160,s4_5_6
4228,s3_1695_2555,s2_n103_99,s4_n40_7,s1_below_4282,s1_below_2,s5_2007_2009,s2_760_2075,s3_17_37,Passenger Car,s4_48_64,Not Deployed,s2_97_208,s1_below_1,Male,s3_80_96,s3_141_159,s2_164_318,s3_80_160,s2_2_4
4229,s2_885_1695,s2_n103_99,s4_n40_7,s1_below_4282,s1_below_2,s5_2007_2009,s2_760_2075,s4_37_47,Passenger Car,s3_28_48,Deployed,s2_97_208,s1_below_1,Female,s2_37_80,s3_141_159,s2_164_318,s4_160_220,s2_2_4
4230,s3_1695_2555,s2_n103_99,s4_n40_7,s1_below_4282,s4_4_5,s2_2001_2003,s3_2075_3730,s3_17_37,Truck (<=6000 lbs.),s3_28_48,Not Deployed,s2_97_208,s1_below_1,Female,s2_37_80,s4_159_169,s2_164_318,s3_80_160,s2_2_4
4231,s2_885_1695,s2_n103_99,s4_n40_7,s1_below_4282,s4_4_5,s2_2001_2003,s2_760_2075,s3_17_37,Passenger Car,s2_11_28,Deployed,s2_97_208,s1_below_1,Female,s2_37_80,s3_141_159,s2_164_318,s3_80_160,s2_2_4
4232,s2_885_1695,s2_n103_99,s4_n40_7,s1_below_4282,s1_below_2,s4_2005_2007,s2_760_2075,s4_37_47,Passenger Car,s4_48_64,Deployed,s2_97_208,s1_below_1,Female,s2_37_80,s3_141_159,s2_164_318,s3_80_160,s2_2_4
4233,s2_885_1695,s2_n103_99,s4_n40_7,s1_below_4282,s4_4_5,s2_2001_2003,s2_760_2075,s5_47_57,Passenger Car,s3_28_48,Not Deployed,s2_97_208,s1_below_1,Male,s2_37_80,s3_141_159,s2_164_318,s4_160_220,s2_2_4
4234,s3_1695_2555,s2_n103_99,s4_n40_7,s1_below_4282,s1_below_2,s5_2007_2009,s2_760_2075,s3_17_37,Truck (<=6000 lbs.),s4_48_64,Deployed,s2_97_208,s1_below_1,Male,s3_80_96,s4_159_169,s2_164_318,s4_160_220,s3_4_5
4235,s2_885_1695,s2_n103_99,s4_n40_7,s1_below_4282,s1_below_2,s3_2003_2005,s2_760_2075,s3_17_37,Passenger Car,s5_64_76,Not Deployed,s2_97_208,s1_below_1,Female,s2_37_80,s3_141_159,s2_164_318,s2_40_80,s2_2_4
4236,s3_1695_2555,s2_n103_99,s4_n40_7,s1_below_4282,s3_3_4,s4_2005_2007,s2_760_2075,s4_37_47,Truck (<=10000 lbs.),s2_11_28,Not Deployed,s2_97_208,s2_1_2,Female,s2_37_80,s5_169_179,s2_164_318,s3_80_160,s3_4_5
4237,s2_885_1695,s2_n103_99,s4_n40_7,s1_below_4282,s1_below_2,s4_2005_2007,s2_760_2075,s4_37_47,Passenger Car,s2_11_28,Not Deployed,s2_97_208,s1_below_1,Female,s3_80_96,s3_141_159,s2_164_318,s3_80_160,s2_2_4
4238,s2_885_1695,s2_n103_99,s4_n40_7,s1_below_4282,s1_below_2,s1_below_2001,s2_760_2075,s4_37_47,Passenger Car,s2_11_28,Deployed,s2_97_208,s2_1_2,Female,s2_37_80,s3_141_159,s2_164_318,s4_160_220,s2_2_4
4239,s3_1695_2555,s2_n103_99,s4_n40_7,s1_below_4282,s4_4_5,s4_2005_2007,s2_760_2075,s3_17_37,Truck (<=6000 lbs.),s2_11_28,Not Deployed,s2_97_208,s1_below_1,Female,s2_37_80,s4_159_169,s2_164_318,s3_80_160,s2_2_4
4240,s2_885_1695,s2_n103_99,s4_n40_7,s1_below_4282,s2_2_3,s3_2003_2005,s2_760_2075,s4_37_47,Passenger Car,s3_28_48,Not Deployed,s2_97_208,s1_below_1,Female,s3_80_96,s3_141_159,s2_164_318,s4_160_220,s2_2_4
4241,s2_885_1695,s2_n103_99,s5_7_up,s1_below_4282,s2_2_3,s5_2007_2009,s2_760_2075,s3_17_37,Passenger Car,s3_28_48,Not Deployed,s2_97_208,s1_below_1,Female,s2_37_80,s3_141_159,s2_164_318,s6_260_up,s2_2_4
4242,s2_885_1695,s2_n103_99,s4_n40_7,s1_below_4282,s2_2_3,s4_2005_2007,s2_760_2075,s3_17_37,Truck (<=6000 lbs.),s4_48_64,Not Deployed,s2_97_208,s1_below_1,Male,s4_96_114,s3_141_159,s2_164_318,s3_80_160,s2_2_4
4243,s2_885_1695,s2_n103_99,s4_n40_7,s1_below_4282,s3_3_4,s3_2003_2005,s2_760_2075,s3_17_37,Passenger Car,s4_48_64,Deployed,s2_97_208,s1_below_1,Male,s4_96_114,s3_141_159,s2_164_318,s3_80_160,s2_2_4
4244,s2_885_1695,s2_n103_99,s4_n40_7,s1_below_4282,s3_3_4,s4_2005_2007,s2_760_2075,s3_17_37,Passenger Car,s2_11_28,Not Deployed,s2_97_208,s1_below_1,Male,s3_80_96,s4_159_169,s2_164_318,s3_80_160,s3_4_5
4245,s3_1695_2555,s2_n103_99,s4_n40_7,s1_below_4282,s1_below_2,s3_2003_2005,s3_2075_3730,s3_17_37,Truck (<=10000 lbs.),s2_11_28,Not Deployed,s2_97_208,s1_below_1,Female,s2_37_80,s5_169_179,s3_318_464,s3_80_160,s4_5_6
4246,s3_1695_2555,s2_n103_99,s5_7_up,s1_below_4282,s1_below_2,s4_2005_2007,s3_2075_3730,s3_17_37,Truck (<=10000 lbs.),s3_28_48,Not Deployed,s2_97_208,s1_below_1,Female,s5_114_130,s5_169_179,s3_318_464,s4_160_220,s5_6_7
4247,s2_885_1695,s2_n103_99,s4_n40_7,s1_below_4282,s1_below_2,s1_below_2001,s2_760_2075,s3_17_37,Truck (<=6000 lbs.),s2_11_28,Deployed,s2_97_208,s3_2_3,Male,s2_37_80,s3_141_159,s2_164_318,s3_80_160,s2_2_4
4248,s2_885_1695,s2_n103_99,s4_n40_7,s1_below_4282,s3_3_4,s1_below_2001,s2_760_2075,s3_17_37,Passenger Car,s2_11_28,Deployed,s2_97_208,s1_below_1,Male,s4_96_114,s3_141_159,s2_164_318,s4_160_220,s2_2_4
4249,s3_1695_2555,s2_n103_99,s5_7_up,s1_below_4282,s2_2_3,s3_2003_2005,s3_2075_3730,s3_17_37,Truck (<=10000 lbs.),s2_11_28,Not Deployed,s2_97_208,s1_below_1,Male,s3_80_96,s5_169_179,s3_318_464,s6_260_up,s4_5_6
4250,s2_885_1695,s2_n103_99,s4_n40_7,s1_below_4282,s2_2_3,s4_2005_2007,s3_2075_3730,s4_37_47,Passenger Car,s2_11_28,Deployed,s2_97_208,s1_below_1,Female,s2_37_80,s3_141_159,s2_164_318,s3_80_160,s2_2_4
4251,s4_2555_3715,s2_n103_99,s5_7_up,s1_below_4282,s1_below_2,s2_2001_2003,s3_2075_3730,s3_17_37,Truck (<=6000 lbs.),s3_28_48,Not Deployed,s2_97_208,s1_below_1,Male,s3_80_96,s4_159_169,s2_164_318,s6_260_up,s2_2_4
4252,s3_1695_2555,s2_n103_99,s4_n40_7,s1_below_4282,s3_3_4,s3_2003_2005,s2_760_2075,s4_37_47,Passenger Car,s6_76_up,Deployed,s2_97_208,s2_1_2,Female,s2_37_80,s4_159_169,s2_164_318,s4_160_220,s2_2_4
4253,s3_1695_2555,s2_n103_99,s4_n40_7,s1_below_4282,s4_4_5,s2_2001_2003,s2_760_2075,s6_57_up,Truck (<=6000 lbs.),s3_28_48,Deployed,s2_97_208,s1_below_1,Female,s2_37_80,s3_141_159,s2_164_318,s3_80_160,s2_2_4
4254,s3_1695_2555,s2_n103_99,s4_n40_7,s1_below_4282,s3_3_4,s5_2007_2009,s2_760_2075,s4_37_47,Truck (<=6000 lbs.),s3_28_48,Not Deployed,s2_97_208,s1_below_1,Female,s2_37_80,s3_141_159,s2_164_318,s3_80_160,s2_2_4
4255,s2_885_1695,s2_n103_99,s5_7_up,s1_below_4282,s3_3_4,s1_below_2001,s2_760_2075,s4_37_47,Passenger Car,s3_28_48,Not Deployed,s2_97_208,s1_below_1,Female,s2_37_80,s3_141_159,s2_164_318,s6_260_up,s2_2_4
4256,s2_885_1695,s2_n103_99,s3_n81_n40,s1_below_4282,s3_3_4,s1_below_2001,s2_760_2075,s3_17_37,Passenger Car,s3_28_48,Deployed,s2_97_208,s1_below_1,Male,s3_80_96,s3_141_159,s2_164_318,s1_below_40,s2_2_4
4257,s3_1695_2555,s2_n103_99,s4_n40_7,s1_below_4282,s2_2_3,s5_2007_2009,s2_760_2075,s3_17_37,Truck (<=10000 lbs.),s4_48_64,Not Deployed,s2_97_208,s1_below_1,Male,s3_80_96,s4_159_169,s2_164_318,s4_160_220,s2_2_4
4258,s2_885_1695,s2_n103_99,s4_n40_7,s1_below_4282,s1_below_2,s3_2003_2005,s3_2075_3730,s3_17_37,Passenger Car,s4_48_64,Not Deployed,s2_97_208,s1_below_1,Male,s4_96_114,s3_141_159,s2_164_318,s3_80_160,s2_2_4
4259,s2_885_1695,s2_n103_99,s4_n40_7,s1_below_4282,s3_3_4,s4_2005_2007,s2_760_2075,s6_57_up,Passenger Car,s4_48_64,Not Deployed,s2_97_208,s1_below_1,Female,s4_96_114,s3_141_159,s2_164_318,s3_80_160,s2_2_4
4260,s2_885_1695,s2_n103_99,s4_n40_7,s1_below_4282,s3_3_4,s1_below_2001,s3_2075_3730,s3_17_37,Truck (<=6000 lbs.),s5_64_76,Deployed,s2_97_208,s1_below_1,Male,s2_37_80,s3_141_159,s3_318_464,s3_80_160,s2_2_4
4261,s2_885_1695,s2_n103_99,s4_n40_7,s1_below_4282,s2_2_3,s5_2007_2009,s2_760_2075,s3_17_37,Passenger Car,s2_11_28,Deployed,s2_97_208,s1_below_1,Female,s2_37_80,s3_141_159,s2_164_318,s3_80_160,s2_2_4
4262,s3_1695_2555,s2_n103_99,s4_n40_7,s1_below_4282,s4_4_5,s2_2001_2003,s2_760_2075,s4_37_47,Passenger Car,s4_48_64,Deployed,s2_97_208,s1_below_1,Female,s3_80_96,s4_159_169,s2_164_318,s3_80_160,s2_2_4
4263,s2_885_1695,s2_n103_99,s4_n40_7,s1_below_4282,s4_4_5,s4_2005_2007,s2_760_2075,s3_17_37,Passenger Car,s6_76_up,Deployed,s2_97_208,s1_below_1,Female,s2_37_80,s3_141_159,s2_164_318,s3_80_160,s2_2_4
4264,s2_885_1695,s2_n103_99,s4_n40_7,s1_below_4282,s1_below_2,s3_2003_2005,s2_760_2075,s3_17_37,Passenger Car,s2_11_28,Not Deployed,s2_97_208,s1_below_1,Male,s2_37_80,s3_141_159,s2_164_318,s1_below_40,s2_2_4
4265,s3_1695_2555,s2_n103_99,s5_7_up,s1_below_4282,s5_5_6,s3_2003_2005,s3_2075_3730,s6_57_up,Truck (<=6000 lbs.),s3_28_48,Not Deployed,s2_97_208,s1_below_1,Male,s3_80_96,s3_141_159,s2_164_318,s6_260_up,s2_2_4
4266,s2_885_1695,s2_n103_99,s4_n40_7,s1_below_4282,s4_4_5,s2_2001_2003,s2_760_2075,s4_37_47,Passenger Car,s3_28_48,Not Deployed,s2_97_208,s1_below_1,Male,s4_96_114,s3_141_159,s2_164_318,s3_80_160,s2_2_4
4267,s2_885_1695,s2_n103_99,s4_n40_7,s1_below_4282,s5_5_6,s3_2003_2005,s2_760_2075,s4_37_47,Passenger Car,s2_11_28,Deployed,s2_97_208,s1_below_1,Female,s2_37_80,s3_141_159,s2_164_318,s4_160_220,s2_2_4
4268,s2_885_1695,s2_n103_99,s4_n40_7,s1_below_4282,s3_3_4,s4_2005_2007,s2_760_2075,s4_37_47,Passenger Car,s4_48_64,Deployed,s2_97_208,s1_below_1,Male,s2_37_80,s3_141_159,s2_164_318,s3_80_160,s2_2_4
4269,s2_885_1695,s2_n103_99,s4_n40_7,s1_below_4282,s3_3_4,s4_2005_2007,s3_2075_3730,s3_17_37,Passenger Car,s2_11_28,Not Deployed,s2_97_208,s1_below_1,Female,s2_37_80,s3_141_159,s2_164_318,s3_80_160,s2_2_4
4270,s2_885_1695,s2_n103_99,s4_n40_7,s1_below_4282,s1_below_2,s3_2003_2005,s2_760_2075,s3_17_37,Passenger Car,s3_28_48,Not Deployed,s2_97_208,s1_below_1,Male,s2_37_80,s3_141_159,s2_164_318,s3_80_160,s2_2_4
4271,s2_885_1695,s2_n103_99,s4_n40_7,s1_below_4282,s4_4_5,s4_2005_2007,s2_760_2075,s6_57_up,Passenger Car,s3_28_48,Deployed,s2_97_208,s1_below_1,Female,s2_37_80,s3_141_159,s2_164_318,s3_80_160,s2_2_4
4272,s2_885_1695,s2_n103_99,s4_n40_7,s1_below_4282,s1_below_2,s4_2005_2007,s2_760_2075,s3_17_37,Passenger Car,s2_11_28,Not Deployed,s2_97_208,s1_below_1,Male,s2_37_80,s3_141_159,s2_164_318,s3_80_160,s2_2_4
4273,s3_1695_2555,s2_n103_99,s4_n40_7,s1_below_4282,s3_3_4,s3_2003_2005,s3_2075_3730,s3_17_37,Passenger Car,s6_76_up,Deployed,s2_97_208,s3_2_3,Male,s2_37_80,s4_159_169,s2_164_318,s3_80_160,s2_2_4
4274,s4_2555_3715,s2_n103_99,s4_n40_7,s1_below_4282,s3_3_4,s5_2007_2009,s2_760_2075,s3_17_37,Truck (<=10000 lbs.),s2_11_28,Not Deployed,s2_97_208,s1_below_1,Male,s2_37_80,s5_169_179,s3_318_464,s3_80_160,s4_5_6
4275,s2_885_1695,s2_n103_99,s4_n40_7,s1_below_4282,s1_below_2,s3_2003_2005,s2_760_2075,s3_17_37,Passenger Car,s2_11_28,Deployed,s2_97_208,s1_below_1,Male,s2_37_80,s3_141_159,s2_164_318,s3_80_160,s2_2_4
4276,s2_885_1695,s2_n103_99,s4_n40_7,s1_below_4282,s1_below_2,s1_below_2001,s2_760_2075,s3_17_37,Truck (<=6000 lbs.),s2_11_28,Deployed,s2_97_208,s2_1_2,Male,s3_80_96,s3_141_159,s2_164_318,s2_40_80,s2_2_4
4277,s3_1695_2555,s2_n103_99,s3_n81_n40,s1_below_4282,s5_5_6,s2_2001_2003,s2_760_2075,s6_57_up,Truck (<=10000 lbs.),s3_28_48,Deployed,s2_97_208,s1_below_1,Female,s2_37_80,s4_159_169,s3_318_464,s3_80_160,s5_6_7
4278,s2_885_1695,s2_n103_99,s4_n40_7,s1_below_4282,s1_below_2,s5_2007_2009,s2_760_2075,s3_17_37,Passenger Car,s2_11_28,Deployed,s2_97_208,s1_below_1,Female,s2_37_80,s3_141_159,s2_164_318,s3_80_160,s2_2_4
4279,s2_885_1695,s2_n103_99,s4_n40_7,s1_below_4282,s1_below_2,s1_below_2001,s2_760_2075,s3_17_37,Passenger Car,s4_48_64,Not Deployed,s2_97_208,s1_below_1,Female,s3_80_96,s3_141_159,s2_164_318,s3_80_160,s2_2_4
4280,s2_885_1695,s2_n103_99,s4_n40_7,s1_below_4282,s1_below_2,s1_below_2001,s2_760_2075,s3_17_37,Passenger Car,s3_28_48,Deployed,s2_97_208,s1_below_1,Male,s3_80_96,s3_141_159,s2_164_318,s3_80_160,s2_2_4
4281,s2_885_1695,s2_n103_99,s4_n40_7,s1_below_4282,s4_4_5,s2_2001_2003,s2_760_2075,s3_17_37,Truck (<=6000 lbs.),s2_11_28,Deployed,s2_97_208,s1_below_1,Male,s2_37_80,s3_141_159,s2_164_318,s3_80_160,s2_2_4
4282,s3_1695_2555,s2_n103_99,s5_7_up,s1_below_4282,s4_4_5,s2_2001_2003,s2_760_2075,s3_17_37,Truck (<=6000 lbs.),s3_28_48,Not Deployed,s2_97_208,s1_below_1,Male,s2_37_80,s3_141_159,s2_164_318,s6_260_up,s2_2_4
4283,s2_885_1695,s2_n103_99,s3_n81_n40,s1_below_4282,s2_2_3,s4_2005_2007,s2_760_2075,s3_17_37,Truck (<=6000 lbs.),s3_28_48,Deployed,s2_97_208,s1_below_1,Male,s2_37_80,s3_141_159,s2_164_318,s3_80_160,s2_2_4
4284,s2_885_1695,s2_n103_99,s4_n40_7,s1_below_4282,s1_below_2,s4_2005_2007,s2_760_2075,s3_17_37,Passenger Car,s3_28_48,Deployed,s2_97_208,s1_below_1,Female,s2_37_80,s3_141_159,s2_164_318,s3_80_160,s2_2_4
4285,s2_885_1695,s2_n103_99,s4_n40_7,s1_below_4282,s3_3_4,s4_2005_2007,s2_760_2075,s4_37_47,Passenger Car,s6_76_up,Not Deployed,s2_97_208,s1_below_1,Female,s2_37_80,s4_159_169,s2_164_318,s3_80_160,s3_4_5
4286,s3_1695_2555,s2_n103_99,s4_n40_7,s1_below_4282,s2_2_3,s4_2005_2007,s2_760_2075,s4_37_47,Passenger Car,s2_11_28,Not Deployed,s2_97_208,s1_below_1,Female,s2_37_80,s3_141_159,s2_164_318,s3_80_160,s2_2_4
4287,s2_885_1695,s2_n103_99,s4_n40_7,s1_below_4282,s4_4_5,s3_2003_2005,s2_760_2075,s4_37_47,Truck (<=6000 lbs.),s3_28_48,Not Deployed,s2_97_208,s1_below_1,Female,s2_37_80,s3_141_159,s2_164_318,s3_80_160,s2_2_4
4288,s3_1695_2555,s2_n103_99,s4_n40_7,s1_below_4282,s4_4_5,s4_2005_2007,s2_760_2075,s2_7_17,Truck (<=6000 lbs.),s3_28_48,Not Deployed,s2_97_208,s1_below_1,Male,s3_80_96,s4_159_169,s2_164_318,s3_80_160,s3_4_5
4289,s2_885_1695,s2_n103_99,s4_n40_7,s1_below_4282,s2_2_3,s4_2005_2007,s2_760_2075,s3_17_37,Passenger Car,s5_64_76,Deployed,s2_97_208,s1_below_1,Female,s2_37_80,s3_141_159,s2_164_318,s4_160_220,s2_2_4
4290,s2_885_1695,s2_n103_99,s4_n40_7,s1_below_4282,s1_below_2,s4_2005_2007,s2_760_2075,s3_17_37,Passenger Car,s3_28_48,Not Deployed,s2_97_208,s1_below_1,Female,s2_37_80,s3_141_159,s2_164_318,s4_160_220,s2_2_4
4291,s3_1695_2555,s2_n103_99,s4_n40_7,s1_below_4282,s1_below_2,s4_2005_2007,s3_2075_3730,s3_17_37,Passenger Car,s2_11_28,Not Deployed,s2_97_208,s1_below_1,Female,s2_37_80,s3_141_159,s2_164_318,s3_80_160,s2_2_4
4292,s3_1695_2555,s2_n103_99,s4_n40_7,s1_below_4282,s3_3_4,s5_2007_2009,s2_760_2075,s4_37_47,Truck (<=10000 lbs.),s3_28_48,Deployed,s2_97_208,s1_below_1,Male,s3_80_96,s5_169_179,s2_164_318,s3_80_160,s3_4_5
4293,s2_885_1695,s2_n103_99,s4_n40_7,s1_below_4282,s2_2_3,s4_2005_2007,s3_2075_3730,s4_37_47,Truck (<=6000 lbs.),s2_11_28,Not Deployed,s2_97_208,s1_below_1,Male,s3_80_96,s3_141_159,s2_164_318,s3_80_160,s2_2_4
4294,s2_885_1695,s2_n103_99,s4_n40_7,s1_below_4282,s3_3_4,s2_2001_2003,s2_760_2075,s3_17_37,Passenger Car,s3_28_48,Not Deployed,s2_97_208,s1_below_1,Male,s3_80_96,s3_141_159,s2_164_318,s4_160_220,s2_2_4
4295,s3_1695_2555,s2_n103_99,s4_n40_7,s1_below_4282,s2_2_3,s5_2007_2009,s2_760_2075,s4_37_47,Truck (<=10000 lbs.),s3_28_48,Deployed,s2_97_208,s1_below_1,Male,s3_80_96,s3_141_159,s2_164_318,s3_80_160,s2_2_4
4296,s3_1695_2555,s2_n103_99,s4_n40_7,s1_below_4282,s1_below_2,s4_2005_2007,s2_760_2075,s3_17_37,Passenger Car,s2_11_28,Deployed,s2_97_208,s1_below_1,Male,s5_114_130,s4_159_169,s2_164_318,s3_80_160,s3_4_5
4297,s2_885_1695,s2_n103_99,s4_n40_7,s1_below_4282,s1_below_2,s1_below_2001,s2_760_2075,s3_17_37,Truck (<=6000 lbs.),s3_28_48,Not Deployed,s2_97_208,s4_3_4,Male,s4_96_114,s3_141_159,s2_164_318,s2_40_80,s2_2_4
4298,s2_885_1695,s2_n103_99,s4_n40_7,s1_below_4282,s2_2_3,s3_2003_2005,s2_760_2075,s4_37_47,Passenger Car,s2_11_28,Deployed,s2_97_208,s1_below_1,Female,s2_37_80,s3_141_159,s2_164_318,s3_80_160,s2_2_4
4299,s3_1695_2555,s2_n103_99,s4_n40_7,s1_below_4282,s2_2_3,s2_2001_2003,s2_760_2075,s3_17_37,Truck (<=6000 lbs.),s3_28_48,Deployed,s2_97_208,s1_below_1,Male,s3_80_96,s3_141_159,s2_164_318,s4_160_220,s2_2_4
4300,s2_885_1695,s2_n103_99,s3_n81_n40,s1_below_4282,s2_2_3,s5_2007_2009,s2_760_2075,s2_7_17,Passenger Car,s3_28_48,Deployed,s2_97_208,s1_below_1,Male,s3_80_96,s3_141_159,s2_164_318,s2_40_80,s2_2_4
4301,s2_885_1695,s2_n103_99,s4_n40_7,s1_below_4282,s1_below_2,s1_below_2001,s2_760_2075,s4_37_47,Passenger Car,s2_11_28,Deployed,s2_97_208,s1_below_1,Female,s2_37_80,s3_141_159,s2_164_318,s4_160_220,s2_2_4
4302,s3_1695_2555,s2_n103_99,s5_7_up,s1_below_4282,s1_below_2,s5_2007_2009,s2_760_2075,s3_17_37,Truck (<=10000 lbs.),s5_64_76,Not Deployed,s2_97_208,s1_below_1,Male,s3_80_96,s5_169_179,s3_318_464,s6_260_up,s4_5_6
4303,s2_885_1695,s2_n103_99,s4_n40_7,s1_below_4282,s1_below_2,s1_below_2001,s2_760_2075,s3_17_37,Passenger Car,s5_64_76,Not Deployed,s2_97_208,s1_below_1,Female,s3_80_96,s3_141_159,s2_164_318,s3_80_160,s2_2_4
4304,s2_885_1695,s2_n103_99,s5_7_up,s1_below_4282,s1_below_2,s1_below_2001,s3_2075_3730,s3_17_37,Truck (<=6000 lbs.),s3_28_48,Not Deployed,s2_97_208,s1_below_1,Female,s2_37_80,s3_141_159,s2_164_318,s4_160_220,s2_2_4
4305,s2_885_1695,s2_n103_99,s4_n40_7,s1_below_4282,s5_5_6,s1_below_2001,s2_760_2075,s6_57_up,Passenger Car,s4_48_64,Not Deployed,s2_97_208,s1_below_1,Male,s2_37_80,s3_141_159,s2_164_318,s3_80_160,s2_2_4
4306,s2_885_1695,s2_n103_99,s4_n40_7,s1_below_4282,s1_below_2,s2_2001_2003,s2_760_2075,s3_17_37,Passenger Car,s2_11_28,Deployed,s2_97_208,s1_below_1,Male,s3_80_96,s3_141_159,s2_164_318,s2_40_80,s2_2_4
4307,s2_885_1695,s2_n103_99,s4_n40_7,s1_below_4282,s3_3_4,s4_2005_2007,s2_760_2075,s3_17_37,Passenger Car,s3_28_48,Not Deployed,s2_97_208,s1_below_1,Female,s3_80_96,s3_141_159,s2_164_318,s4_160_220,s2_2_4
4308,s3_1695_2555,s2_n103_99,s4_n40_7,s1_below_4282,s1_below_2,s4_2005_2007,s3_2075_3730,s3_17_37,Passenger Car,s4_48_64,Not Deployed,s2_97_208,s1_below_1,Male,s4_96_114,s3_141_159,s2_164_318,s1_below_40,s2_2_4
4309,s3_1695_2555,s2_n103_99,s4_n40_7,s1_below_4282,s3_3_4,s4_2005_2007,s2_760_2075,s4_37_47,Truck (<=6000 lbs.),s3_28_48,Deployed,s2_97_208,s1_below_1,Male,s5_114_130,s5_169_179,s2_164_318,s3_80_160,s2_2_4
4310,s2_885_1695,s2_n103_99,s4_n40_7,s1_below_4282,s4_4_5,s4_2005_2007,s2_760_2075,s3_17_37,Passenger Car,s5_64_76,Not Deployed,s2_97_208,s1_below_1,Female,s3_80_96,s3_141_159,s2_164_318,s4_160_220,s2_2_4
4311,s2_885_1695,s2_n103_99,s4_n40_7,s1_below_4282,s1_below_2,s5_2007_2009,s2_760_2075,s6_57_up,Passenger Car,s3_28_48,Not Deployed,s2_97_208,s2_1_2,Male,s4_96_114,s3_141_159,s2_164_318,s6_260_up,s2_2_4
4312,s3_1695_2555,s2_n103_99,s4_n40_7,s1_below_4282,s4_4_5,s2_2001_2003,s2_760_2075,s3_17_37,Truck (<=10000 lbs.),s4_48_64,Deployed,s2_97_208,s1_below_1,Male,s2_37_80,s5_169_179,s3_318_464,s3_80_160,s4_5_6
4313,s2_885_1695,s2_n103_99,s4_n40_7,s1_below_4282,s2_2_3,s4_2005_2007,s2_760_2075,s3_17_37,Passenger Car,s2_11_28,Not Deployed,s2_97_208,s1_below_1,Female,s2_37_80,s3_141_159,s2_164_318,s3_80_160,s2_2_4
4314,s2_885_1695,s2_n103_99,s5_7_up,s1_below_4282,s4_4_5,s2_2001_2003,s3_2075_3730,s4_37_47,Passenger Car,s3_28_48,Not Deployed,s2_97_208,s1_below_1,Female,s2_37_80,s3_141_159,s2_164_318,s6_260_up,s2_2_4
4315,s2_885_1695,s2_n103_99,s4_n40_7,s1_below_4282,s3_3_4,s3_2003_2005,s2_760_2075,s5_47_57,Passenger Car,s2_11_28,Not Deployed,s2_97_208,s1_below_1,Male,s3_80_96,s3_141_159,s2_164_318,s3_80_160,s2_2_4
4316,s3_1695_2555,s2_n103_99,s4_n40_7,s1_below_4282,s4_4_5,s3_2003_2005,s2_760_2075,s3_17_37,Truck (<=6000 lbs.),s2_11_28,Deployed,s2_97_208,s1_below_1,Female,s2_37_80,s3_141_159,s2_164_318,s4_160_220,s2_2_4
4317,s2_885_1695,s2_n103_99,s4_n40_7,s1_below_4282,s3_3_4,s4_2005_2007,s2_760_2075,s3_17_37,Passenger Car,s2_11_28,Deployed,s2_97_208,s2_1_2,Male,s2_37_80,s3_141_159,s2_164_318,s3_80_160,s2_2_4
4318,s2_885_1695,s2_n103_99,s4_n40_7,s1_below_4282,s1_below_2,s1_below_2001,s2_760_2075,s3_17_37,Passenger Car,s5_64_76,Deployed,s2_97_208,s1_below_1,Female,s3_80_96,s3_141_159,s2_164_318,s2_40_80,s2_2_4
4319,s3_1695_2555,s2_n103_99,s4_n40_7,s1_below_4282,s1_below_2,s4_2005_2007,s2_760_2075,s3_17_37,Passenger Car,s4_48_64,Deployed,s2_97_208,s3_2_3,Male,s6_130_up,s4_159_169,s2_164_318,s3_80_160,s3_4_5
4320,s4_2555_3715,s2_n103_99,s4_n40_7,s1_below_4282,s3_3_4,s4_2005_2007,s2_760_2075,s4_37_47,Truck (<=10000 lbs.),s2_11_28,Not Deployed,s2_97_208,s1_below_1,Female,s2_37_80,s5_169_179,s3_318_464,s3_80_160,s4_5_6
4321,s2_885_1695,s2_n103_99,s4_n40_7,s1_below_4282,s3_3_4,s2_2001_2003,s3_2075_3730,s4_37_47,Passenger Car,s5_64_76,Not Deployed,s2_97_208,s2_1_2,Male,s2_37_80,s3_141_159,s2_164_318,s4_160_220,s2_2_4
4322,s2_885_1695,s2_n103_99,s4_n40_7,s1_below_4282,s3_3_4,s4_2005_2007,s2_760_2075,s4_37_47,Passenger Car,s3_28_48,Not Deployed,s2_97_208,s1_below_1,Male,s3_80_96,s3_141_159,s2_164_318,s3_80_160,s2_2_4
4323,s2_885_1695,s2_n103_99,s4_n40_7,s1_below_4282,s4_4_5,s3_2003_2005,s2_760_2075,s3_17_37,Passenger Car,s2_11_28,Deployed,s2_97_208,s1_below_1,Male,s3_80_96,s3_141_159,s2_164_318,s3_80_160,s2_2_4
4324,s2_885_1695,s2_n103_99,s4_n40_7,s1_below_4282,s1_below_2,s4_2005_2007,s2_760_2075,s2_7_17,Truck (<=6000 lbs.),s2_11_28,Deployed,s2_97_208,s1_below_1,Male,s4_96_114,s3_141_159,s2_164_318,s3_80_160,s2_2_4
4325,s2_885_1695,s2_n103_99,s5_7_up,s1_below_4282,s1_below_2,s3_2003_2005,s2_760_2075,s4_37_47,Passenger Car,s3_28_48,Not Deployed,s2_97_208,s1_below_1,Male,s3_80_96,s3_141_159,s2_164_318,s6_260_up,s2_2_4
4326,s2_885_1695,s2_n103_99,s4_n40_7,s1_below_4282,s2_2_3,s4_2005_2007,s2_760_2075,s3_17_37,Passenger Car,s2_11_28,Deployed,s2_97_208,s1_below_1,Female,s2_37_80,s3_141_159,s2_164_318,s3_80_160,s2_2_4
4327,s2_885_1695,s2_n103_99,s4_n40_7,s1_below_4282,s1_below_2,s3_2003_2005,s2_760_2075,s3_17_37,Passenger Car,s4_48_64,Deployed,s2_97_208,s1_below_1,Female,s2_37_80,s3_141_159,s2_164_318,s4_160_220,s2_2_4
4328,s2_885_1695,s2_n103_99,s4_n40_7,s1_below_4282,s1_below_2,s2_2001_2003,s2_760_2075,s3_17_37,Passenger Car,s3_28_48,Deployed,s2_97_208,s2_1_2,Female,s2_37_80,s3_141_159,s2_164_318,s3_80_160,s2_2_4
4329,s2_885_1695,s2_n103_99,s4_n40_7,s1_below_4282,s4_4_5,s2_2001_2003,s2_760_2075,s6_57_up,Passenger Car,s2_11_28,Not Deployed,s2_97_208,s1_below_1,Male,s4_96_114,s3_141_159,s2_164_318,s2_40_80,s2_2_4
4330,s2_885_1695,s2_n103_99,s4_n40_7,s1_below_4282,s4_4_5,s5_2007_2009,s2_760_2075,s4_37_47,Passenger Car,s4_48_64,Deployed,s2_97_208,s1_below_1,Female,s2_37_80,s3_141_159,s2_164_318,s3_80_160,s2_2_4
4331,s3_1695_2555,s2_n103_99,s4_n40_7,s1_below_4282,s4_4_5,s4_2005_2007,s2_760_2075,s4_37_47,Truck (<=10000 lbs.),s3_28_48,Not Deployed,s2_97_208,s2_1_2,Male,s4_96_114,s5_169_179,s3_318_464,s3_80_160,s4_5_6
4332,s2_885_1695,s2_n103_99,s5_7_up,s1_below_4282,s1_below_2,s3_2003_2005,s2_760_2075,s3_17_37,Passenger Car,s3_28_48,Not Deployed,s2_97_208,s1_below_1,Female,s2_37_80,s3_141_159,s2_164_318,s6_260_up,s2_2_4
4333,s2_885_1695,s2_n103_99,s4_n40_7,s1_below_4282,s1_below_2,s5_2007_2009,s2_760_2075,s3_17_37,Truck (<=6000 lbs.),s3_28_48,Not Deployed,s2_97_208,s1_below_1,Male,s3_80_96,s3_141_159,s2_164_318,s3_80_160,s2_2_4
4334,s2_885_1695,s2_n103_99,s5_7_up,s1_below_4282,s4_4_5,s2_2001_2003,s3_2075_3730,s4_37_47,Passenger Car,s2_11_28,Not Deployed,s2_97_208,s1_below_1,Male,s2_37_80,s3_141_159,s2_164_318,s6_260_up,s2_2_4
4335,s3_1695_2555,s2_n103_99,s4_n40_7,s1_below_4282,s2_2_3,s3_2003_2005,s2_760_2075,s3_17_37,Passenger Car,s4_48_64,Not Deployed,s2_97_208,s1_below_1,Male,s2_37_80,s4_159_169,s2_164_318,s3_80_160,s2_2_4
4336,s2_885_1695,s2_n103_99,s5_7_up,s1_below_4282,s2_2_3,s1_below_2001,s2_760_2075,s3_17_37,Passenger Car,s3_28_48,Not Deployed,s2_97_208,s1_below_1,Female,s2_37_80,s3_141_159,s2_164_318,s6_260_up,s2_2_4
4337,s2_885_1695,s2_n103_99,s4_n40_7,s1_below_4282,s2_2_3,s3_2003_2005,s2_760_2075,s3_17_37,Passenger Car,s2_11_28,Deployed,s2_97_208,s1_below_1,Male,s2_37_80,s3_141_159,s2_164_318,s3_80_160,s2_2_4
4338,s2_885_1695,s2_n103_99,s4_n40_7,s1_below_4282,s3_3_4,s1_below_2001,s2_760_2075,s3_17_37,Truck (<=6000 lbs.),s3_28_48,Not Deployed,s2_97_208,s1_below_1,Male,s4_96_114,s3_141_159,s2_164_318,s3_80_160,s2_2_4
4339,s3_1695_2555,s2_n103_99,s4_n40_7,s1_below_4282,s3_3_4,s5_2007_2009,s2_760_2075,s4_37_47,Truck (<=6000 lbs.),s3_28_48,Not Deployed,s2_97_208,s1_below_1,Female,s4_96_114,s3_141_159,s2_164_318,s3_80_160,s2_2_4
4340,s3_1695_2555,s2_n103_99,s4_n40_7,s1_below_4282,s4_4_5,s4_2005_2007,s2_760_2075,s4_37_47,Truck (<=10000 lbs.),s2_11_28,Deployed,s2_97_208,s2_1_2,Male,s2_37_80,s2_116_141,s3_318_464,s4_160_220,s3_4_5
4341,s2_885_1695,s2_n103_99,s4_n40_7,s1_below_4282,s1_below_2,s5_2007_2009,s2_760_2075,s3_17_37,Passenger Car,s4_48_64,Deployed,s2_97_208,s1_below_1,Female,s2_37_80,s3_141_159,s2_164_318,s3_80_160,s2_2_4
4342,s3_1695_2555,s2_n103_99,s4_n40_7,s1_below_4282,s6_6_up,s1_below_2001,s2_760_2075,s3_17_37,Truck (<=6000 lbs.),s2_11_28,Not Deployed,s2_97_208,s1_below_1,Male,s2_37_80,s3_141_159,s2_164_318,s3_80_160,s2_2_4
4343,s2_885_1695,s2_n103_99,s4_n40_7,s1_below_4282,s3_3_4,s3_2003_2005,s2_760_2075,s3_17_37,Passenger Car,s4_48_64,Deployed,s2_97_208,s1_below_1,Female,s3_80_96,s3_141_159,s2_164_318,s3_80_160,s2_2_4
4344,s3_1695_2555,s2_n103_99,s4_n40_7,s1_below_4282,s2_2_3,s4_2005_2007,s2_760_2075,s3_17_37,Passenger Car,s4_48_64,Not Deployed,s2_97_208,s2_1_2,Female,s2_37_80,s4_159_169,s2_164_318,s4_160_220,s3_4_5
4345,s3_1695_2555,s2_n103_99,s4_n40_7,s1_below_4282,s3_3_4,s1_below_2001,s2_760_2075,s3_17_37,Passenger Car,s3_28_48,Not Deployed,s2_97_208,s1_below_1,Female,s2_37_80,s3_141_159,s2_164_318,s3_80_160,s3_4_5
4346,s2_885_1695,s2_n103_99,s4_n40_7,s1_below_4282,s2_2_3,s4_2005_2007,s2_760_2075,s4_37_47,Passenger Car,s6_76_up,Deployed,s2_97_208,s1_below_1,Female,s2_37_80,s3_141_159,s2_164_318,s3_80_160,s2_2_4
4347,s2_885_1695,s2_n103_99,s4_n40_7,s1_below_4282,s4_4_5,s1_below_2001,s2_760_2075,s4_37_47,Passenger Car,s2_11_28,Deployed,s2_97_208,s1_below_1,Female,s2_37_80,s3_141_159,s2_164_318,s3_80_160,s2_2_4
4348,s2_885_1695,s2_n103_99,s5_7_up,s1_below_4282,s4_4_5,s2_2001_2003,s2_760_2075,s4_37_47,Passenger Car,s3_28_48,Not Deployed,s2_97_208,s1_below_1,Female,s2_37_80,s3_141_159,s2_164_318,s6_260_up,s2_2_4
4349,s2_885_1695,s2_n103_99,s4_n40_7,s1_below_4282,s5_5_6,s1_below_2001,s2_760_2075,s3_17_37,Truck (<=6000 lbs.),s2_11_28,Deployed,s2_97_208,s2_1_2,Male,s3_80_96,s3_141_159,s2_164_318,s3_80_160,s2_2_4
4350,s2_885_1695,s2_n103_99,s4_n40_7,s1_below_4282,s4_4_5,s2_2001_2003,s2_760_2075,s3_17_37,Passenger Car,s4_48_64,Not Deployed,s2_97_208,s1_below_1,Female,s2_37_80,s3_141_159,s2_164_318,s2_40_80,s2_2_4
4351,s3_1695_2555,s2_n103_99,s5_7_up,s1_below_4282,s4_4_5,s4_2005_2007,s3_2075_3730,s6_57_up,Truck (<=10000 lbs.),s3_28_48,Not Deployed,s2_97_208,s1_below_1,Female,s2_37_80,s3_141_159,s2_164_318,s6_260_up,s2_2_4
4352,s2_885_1695,s2_n103_99,s4_n40_7,s1_below_4282,s3_3_4,s3_2003_2005,s2_760_2075,s3_17_37,Passenger Car,s3_28_48,Deployed,s2_97_208,s1_below_1,Female,s3_80_96,s3_141_159,s2_164_318,s3_80_160,s2_2_4
4353,s2_885_1695,s2_n103_99,s4_n40_7,s1_below_4282,s4_4_5,s2_2001_2003,s2_760_2075,s3_17_37,Passenger Car,s2_11_28,Not Deployed,s2_97_208,s1_below_1,Female,s3_80_96,s3_141_159,s2_164_318,s3_80_160,s2_2_4
4354,s3_1695_2555,s2_n103_99,s4_n40_7,s1_below_4282,s4_4_5,s1_below_2001,s2_760_2075,s3_17_37,Truck (<=6000 lbs.),s3_28_48,Not Deployed,s2_97_208,s1_below_1,Male,s6_130_up,s3_141_159,s2_164_318,s3_80_160,s2_2_4
4355,s2_885_1695,s2_n103_99,s4_n40_7,s1_below_4282,s4_4_5,s3_2003_2005,s2_760_2075,s6_57_up,Passenger Car,s6_76_up,Deployed,s2_97_208,s1_below_1,Male,s2_37_80,s3_141_159,s2_164_318,s3_80_160,s2_2_4
4356,s2_885_1695,s2_n103_99,s3_n81_n40,s1_below_4282,s5_5_6,s4_2005_2007,s2_760_2075,s6_57_up,Passenger Car,s2_11_28,Deployed,s2_97_208,s1_below_1,Female,s2_37_80,s3_141_159,s2_164_318,s3_80_160,s2_2_4
4357,s3_1695_2555,s2_n103_99,s4_n40_7,s1_below_4282,s2_2_3,s4_2005_2007,s2_760_2075,s3_17_37,Truck (<=10000 lbs.),s3_28_48,Not Deployed,s2_97_208,s1_below_1,Male,s2_37_80,s5_169_179,s3_318_464,s3_80_160,s5_6_7
4358,s2_885_1695,s2_n103_99,s4_n40_7,s1_below_4282,s4_4_5,s3_2003_2005,s3_2075_3730,s3_17_37,Passenger Car,s5_64_76,Not Deployed,s2_97_208,s1_below_1,Female,s2_37_80,s3_141_159,s2_164_318,s4_160_220,s2_2_4
4359,s2_885_1695,s2_n103_99,s4_n40_7,s1_below_4282,s4_4_5,s3_2003_2005,s2_760_2075,s3_17_37,Passenger Car,s3_28_48,Not Deployed,s2_97_208,s1_below_1,Female,s3_80_96,s3_141_159,s2_164_318,s4_160_220,s2_2_4
4360,s3_1695_2555,s2_n103_99,s3_n81_n40,s1_below_4282,s5_5_6,s1_below_2001,s2_760_2075,s6_57_up,Truck (<=10000 lbs.),s2_11_28,Deployed,s2_97_208,s3_2_3,Male,s2_37_80,s4_159_169,s2_164_318,s3_80_160,s3_4_5
4361,s3_1695_2555,s2_n103_99,s4_n40_7,s1_below_4282,s1_below_2,s4_2005_2007,s2_760_2075,s3_17_37,Passenger Car,s4_48_64,Not Deployed,s2_97_208,s1_below_1,Female,s4_96_114,s4_159_169,s2_164_318,s3_80_160,s3_4_5
4362,s2_885_1695,s2_n103_99,s4_n40_7,s1_below_4282,s4_4_5,s4_2005_2007,s2_760_2075,s4_37_47,Truck (<=6000 lbs.),s3_28_48,Not Deployed,s2_97_208,s1_below_1,Female,s4_96_114,s3_141_159,s2_164_318,s3_80_160,s2_2_4
4363,s2_885_1695,s2_n103_99,s4_n40_7,s1_below_4282,s1_below_2,s3_2003_2005,s2_760_2075,s3_17_37,Passenger Car,s2_11_28,Deployed,s2_97_208,s1_below_1,Female,s2_37_80,s3_141_159,s2_164_318,s2_40_80,s2_2_4
4364,s3_1695_2555,s2_n103_99,s4_n40_7,s1_below_4282,s2_2_3,s3_2003_2005,s2_760_2075,s3_17_37,Truck (<=6000 lbs.),s2_11_28,Deployed,s2_97_208,s1_below_1,Female,s2_37_80,s3_141_159,s2_164_318,s4_160_220,s2_2_4
4365,s2_885_1695,s2_n103_99,s5_7_up,s1_below_4282,s4_4_5,s1_below_2001,s2_760_2075,s3_17_37,Passenger Car,s3_28_48,Not Deployed,s2_97_208,s1_below_1,Male,s4_96_114,s3_141_159,s2_164_318,s6_260_up,s2_2_4
4366,s2_885_1695,s2_n103_99,s4_n40_7,s1_below_4282,s1_below_2,s3_2003_2005,s2_760_2075,s3_17_37,Passenger Car,s4_48_64,Not Deployed,s2_97_208,s1_below_1,Female,s2_37_80,s3_141_159,s2_164_318,s3_80_160,s2_2_4
4367,s2_885_1695,s2_n103_99,s4_n40_7,s1_below_4282,s4_4_5,s5_2007_2009,s2_760_2075,s4_37_47,Passenger Car,s2_11_28,Deployed,s2_97_208,s1_below_1,Male,s4_96_114,s3_141_159,s2_164_318,s4_160_220,s2_2_4
4368,s3_1695_2555,s2_n103_99,s4_n40_7,s1_below_4282,s2_2_3,s3_2003_2005,s2_760_2075,s3_17_37,Truck (<=6000 lbs.),s5_64_76,Not Deployed,s2_97_208,s1_below_1,Female,s4_96_114,s5_169_179,s2_164_318,s4_160_220,s4_5_6
4369,s3_1695_2555,s2_n103_99,s3_n81_n40,s1_below_4282,s3_3_4,s4_2005_2007,s3_2075_3730,s4_37_47,Truck (<=10000 lbs.),s2_11_28,Deployed,s2_97_208,s1_below_1,Male,s2_37_80,s5_169_179,s3_318_464,s3_80_160,s4_5_6
4370,s3_1695_2555,s2_n103_99,s5_7_up,s2_4282_6970,s3_3_4,s2_2001_2003,s3_2075_3730,s4_37_47,Truck (<=10000 lbs.),s2_11_28,Not Deployed,s2_97_208,s1_below_1,Male,s2_37_80,s5_169_179,s3_318_464,s6_260_up,s4_5_6
4371,s2_885_1695,s2_n103_99,s5_7_up,s1_below_4282,s1_below_2,s3_2003_2005,s2_760_2075,s4_37_47,Passenger Car,s3_28_48,Not Deployed,s2_97_208,s1_below_1,Female,s2_37_80,s3_141_159,s2_164_318,s6_260_up,s2_2_4
4372,s2_885_1695,s2_n103_99,s4_n40_7,s1_below_4282,s2_2_3,s4_2005_2007,s2_760_2075,s4_37_47,Passenger Car,s2_11_28,Deployed,s2_97_208,s1_below_1,Female,s2_37_80,s3_141_159,s2_164_318,s3_80_160,s2_2_4
4373,s2_885_1695,s2_n103_99,s4_n40_7,s1_below_4282,s1_below_2,s3_2003_2005,s2_760_2075,s3_17_37,Truck (<=6000 lbs.),s2_11_28,Deployed,s2_97_208,s1_below_1,Female,s2_37_80,s3_141_159,s2_164_318,s4_160_220,s2_2_4
4374,s2_885_1695,s2_n103_99,s4_n40_7,s1_below_4282,s1_below_2,s1_below_2001,s2_760_2075,s3_17_37,Passenger Car,s5_64_76,Not Deployed,s2_97_208,s1_below_1,Female,s4_96_114,s3_141_159,s2_164_318,s3_80_160,s2_2_4
4375,s3_1695_2555,s2_n103_99,s4_n40_7,s1_below_4282,s1_below_2,s1_below_2001,s2_760_2075,s5_47_57,Truck (<=6000 lbs.),s3_28_48,Deployed,s2_97_208,s1_below_1,Female,s2_37_80,s4_159_169,s2_164_318,s3_80_160,s2_2_4
4376,s3_1695_2555,s2_n103_99,s4_n40_7,s1_below_4282,s1_below_2,s2_2001_2003,s2_760_2075,s4_37_47,Passenger Car,s3_28_48,Deployed,s2_97_208,s1_below_1,Male,s4_96_114,s3_141_159,s2_164_318,s3_80_160,s3_4_5
4377,s3_1695_2555,s2_n103_99,s4_n40_7,s1_below_4282,s3_3_4,s1_below_2001,s3_2075_3730,s4_37_47,Truck (<=6000 lbs.),s3_28_48,Deployed,s2_97_208,s1_below_1,Male,s4_96_114,s3_141_159,s2_164_318,s3_80_160,s2_2_4
4378,s2_885_1695,s2_n103_99,s4_n40_7,s1_below_4282,s1_below_2,s4_2005_2007,s2_760_2075,s4_37_47,Passenger Car,s2_11_28,Not Deployed,s2_97_208,s1_below_1,Female,s2_37_80,s3_141_159,s2_164_318,s4_160_220,s2_2_4
4379,s3_1695_2555,s2_n103_99,s4_n40_7,s1_below_4282,s2_2_3,s3_2003_2005,s2_760_2075,s3_17_37,Truck (<=6000 lbs.),s3_28_48,Deployed,s2_97_208,s1_below_1,Male,s4_96_114,s4_159_169,s2_164_318,s3_80_160,s3_4_5
4380,s2_885_1695,s2_n103_99,s4_n40_7,s1_below_4282,s1_below_2,s3_2003_2005,s2_760_2075,s3_17_37,Passenger Car,s3_28_48,Not Deployed,s2_97_208,s1_below_1,Male,s3_80_96,s3_141_159,s2_164_318,s3_80_160,s2_2_4
4381,s2_885_1695,s2_n103_99,s4_n40_7,s1_below_4282,s2_2_3,s4_2005_2007,s2_760_2075,s5_47_57,Passenger Car,s2_11_28,Not Deployed,s2_97_208,s1_below_1,Female,s2_37_80,s3_141_159,s2_164_318,s3_80_160,s2_2_4
4382,s2_885_1695,s2_n103_99,s4_n40_7,s1_below_4282,s3_3_4,s3_2003_2005,s2_760_2075,s5_47_57,Passenger Car,s4_48_64,Deployed,s2_97_208,s1_below_1,Male,s5_114_130,s3_141_159,s2_164_318,s4_160_220,s2_2_4
4383,s2_885_1695,s2_n103_99,s3_n81_n40,s1_below_4282,s3_3_4,s4_2005_2007,s2_760_2075,s5_47_57,Passenger Car,s2_11_28,Deployed,s2_97_208,s1_below_1,Female,s2_37_80,s3_141_159,s2_164_318,s3_80_160,s2_2_4
4384,s2_885_1695,s2_n103_99,s4_n40_7,s1_below_4282,s4_4_5,s4_2005_2007,s2_760_2075,s4_37_47,Passenger Car,s2_11_28,Deployed,s2_97_208,s1_below_1,Female,s2_37_80,s3_141_159,s2_164_318,s3_80_160,s2_2_4
4385,s2_885_1695,s2_n103_99,s4_n40_7,s1_below_4282,s1_below_2,s3_2003_2005,s2_760_2075,s3_17_37,Passenger Car,s2_11_28,Not Deployed,s2_97_208,s1_below_1,Female,s2_37_80,s3_141_159,s2_164_318,s3_80_160,s2_2_4
4386,s3_1695_2555,s2_n103_99,s4_n40_7,s1_below_4282,s3_3_4,s5_2007_2009,s3_2075_3730,s5_47_57,Passenger Car,s2_11_28,Deployed,s2_97_208,s1_below_1,Male,s4_96_114,s4_159_169,s2_164_318,s3_80_160,s3_4_5
4387,s2_885_1695,s2_n103_99,s2_n112_n81,s2_4282_6970,s2_2_3,s1_below_2001,s3_2075_3730,s4_37_47,Passenger Car,s3_28_48,Not Deployed,s2_97_208,s5_4_5,Male,s4_96_114,s3_141_159,s2_164_318,s2_40_80,s2_2_4
4388,s2_885_1695,s2_n103_99,s4_n40_7,s1_below_4282,s5_5_6,s3_2003_2005,s2_760_2075,s4_37_47,Passenger Car,s3_28_48,Not Deployed,s2_97_208,s1_below_1,Male,s2_37_80,s3_141_159,s2_164_318,s4_160_220,s2_2_4
4389,s2_885_1695,s2_n103_99,s4_n40_7,s1_below_4282,s3_3_4,s4_2005_2007,s2_760_2075,s3_17_37,Passenger Car,s2_11_28,Not Deployed,s2_97_208,s1_below_1,Male,s2_37_80,s3_141_159,s2_164_318,s3_80_160,s2_2_4
4390,s2_885_1695,s2_n103_99,s4_n40_7,s1_below_4282,s1_below_2,s1_below_2001,s2_760_2075,s3_17_37,Passenger Car,s2_11_28,Not Deployed,s2_97_208,s1_below_1,Male,s2_37_80,s3_141_159,s2_164_318,s2_40_80,s2_2_4
4391,s3_1695_2555,s2_n103_99,s4_n40_7,s1_below_4282,s2_2_3,s3_2003_2005,s2_760_2075,s4_37_47,Passenger Car,s5_64_76,Not Deployed,s2_97_208,s1_below_1,Male,s2_37_80,s3_141_159,s2_164_318,s3_80_160,s2_2_4
4392,s3_1695_2555,s2_n103_99,s4_n40_7,s1_below_4282,s1_below_2,s3_2003_2005,s2_760_2075,s3_17_37,Truck (<=10000 lbs.),s2_11_28,Not Deployed,s2_97_208,s1_below_1,Male,s2_37_80,s4_159_169,s2_164_318,s4_160_220,s3_4_5
4393,s2_885_1695,s2_n103_99,s4_n40_7,s1_below_4282,s4_4_5,s5_2007_2009,s2_760_2075,s5_47_57,Truck (<=6000 lbs.),s3_28_48,Deployed,s2_97_208,s1_below_1,Male,s3_80_96,s3_141_159,s2_164_318,s4_160_220,s2_2_4
4394,s2_885_1695,s2_n103_99,s4_n40_7,s1_below_4282,s2_2_3,s2_2001_2003,s2_760_2075,s4_37_47,Passenger Car,s4_48_64,Deployed,s2_97_208,s1_below_1,Male,s2_37_80,s3_141_159,s2_164_318,s3_80_160,s2_2_4
4395,s2_885_1695,s2_n103_99,s4_n40_7,s1_below_4282,s4_4_5,s2_2001_2003,s2_760_2075,s4_37_47,Passenger Car,s2_11_28,Deployed,s2_97_208,s1_below_1,Female,s2_37_80,s3_141_159,s2_164_318,s3_80_160,s2_2_4
4396,s2_885_1695,s2_n103_99,s4_n40_7,s1_below_4282,s1_below_2,s1_below_2001,s2_760_2075,s4_37_47,Passenger Car,s3_28_48,Deployed,s2_97_208,s5_4_5,Female,s2_37_80,s3_141_159,s2_164_318,s4_160_220,s2_2_4
4397,s2_885_1695,s2_n103_99,s4_n40_7,s1_below_4282,s4_4_5,s3_2003_2005,s2_760_2075,s4_37_47,Passenger Car,s3_28_48,Deployed,s2_97_208,s1_below_1,Male,s2_37_80,s3_141_159,s2_164_318,s3_80_160,s2_2_4
4398,s2_885_1695,s2_n103_99,s4_n40_7,s1_below_4282,s1_below_2,s1_below_2001,s2_760_2075,s3_17_37,Passenger Car,s5_64_76,Not Deployed,s2_97_208,s1_below_1,Female,s4_96_114,s3_141_159,s2_164_318,s4_160_220,s2_2_4
4399,s2_885_1695,s2_n103_99,s4_n40_7,s1_below_4282,s3_3_4,s4_2005_2007,s2_760_2075,s4_37_47,Passenger Car,s3_28_48,Not Deployed,s2_97_208,s1_below_1,Male,s4_96_114,s3_141_159,s2_164_318,s4_160_220,s2_2_4
4400,s3_1695_2555,s2_n103_99,s4_n40_7,s1_below_4282,s1_below_2,s3_2003_2005,s2_760_2075,s3_17_37,Truck (<=6000 lbs.),s2_11_28,Deployed,s2_97_208,s1_below_1,Male,s2_37_80,s3_141_159,s2_164_318,s3_80_160,s2_2_4
4401,s3_1695_2555,s2_n103_99,s4_n40_7,s1_below_4282,s2_2_3,s1_below_2001,s3_2075_3730,s5_47_57,Truck (<=10000 lbs.),s2_11_28,Deployed,s2_97_208,s1_below_1,Male,s3_80_96,s4_159_169,s3_318_464,s3_80_160,s4_5_6
4402,s2_885_1695,s2_n103_99,s4_n40_7,s1_below_4282,s1_below_2,s3_2003_2005,s2_760_2075,s3_17_37,Truck (<=6000 lbs.),s2_11_28,Not Deployed,s2_97_208,s1_below_1,Female,s3_80_96,s3_141_159,s2_164_318,s3_80_160,s2_2_4
4403,s2_885_1695,s2_n103_99,s5_7_up,s1_below_4282,s1_below_2,s2_2001_2003,s2_760_2075,s3_17_37,Passenger Car,s2_11_28,Not Deployed,s2_97_208,s1_below_1,Female,s6_130_up,s3_141_159,s2_164_318,s6_260_up,s2_2_4
4404,s2_885_1695,s2_n103_99,s4_n40_7,s1_below_4282,s3_3_4,s4_2005_2007,s2_760_2075,s4_37_47,Passenger Car,s2_11_28,Deployed,s2_97_208,s1_below_1,Female,s4_96_114,s3_141_159,s2_164_318,s4_160_220,s2_2_4
4405,s3_1695_2555,s2_n103_99,s5_7_up,s1_below_4282,s4_4_5,s2_2001_2003,s2_760_2075,s4_37_47,Truck (<=6000 lbs.),s4_48_64,Not Deployed,s2_97_208,s1_below_1,Male,s3_80_96,s3_141_159,s2_164_318,s4_160_220,s2_2_4
4406,s3_1695_2555,s2_n103_99,s4_n40_7,s1_below_4282,s3_3_4,s3_2003_2005,s2_760_2075,s4_37_47,Truck (<=6000 lbs.),s4_48_64,Not Deployed,s2_97_208,s1_below_1,Female,s2_37_80,s4_159_169,s2_164_318,s4_160_220,s2_2_4
4407,s2_885_1695,s2_n103_99,s5_7_up,s1_below_4282,s3_3_4,s4_2005_2007,s2_760_2075,s4_37_47,Passenger Car,s4_48_64,Not Deployed,s2_97_208,s1_below_1,Female,s2_37_80,s3_141_159,s2_164_318,s4_160_220,s2_2_4
4408,s2_885_1695,s2_n103_99,s4_n40_7,s1_below_4282,s4_4_5,s1_below_2001,s2_760_2075,s4_37_47,Truck (<=6000 lbs.),s2_11_28,Deployed,s2_97_208,s1_below_1,Male,s2_37_80,s3_141_159,s2_164_318,s3_80_160,s2_2_4
4409,s2_885_1695,s2_n103_99,s4_n40_7,s1_below_4282,s4_4_5,s5_2007_2009,s2_760_2075,s4_37_47,Passenger Car,s4_48_64,Deployed,s2_97_208,s1_below_1,Male,s3_80_96,s3_141_159,s2_164_318,s3_80_160,s2_2_4
4410,s2_885_1695,s2_n103_99,s4_n40_7,s1_below_4282,s1_below_2,s4_2005_2007,s2_760_2075,s4_37_47,Passenger Car,s3_28_48,Deployed,s2_97_208,s1_below_1,Male,s2_37_80,s3_141_159,s2_164_318,s3_80_160,s2_2_4
4411,s2_885_1695,s2_n103_99,s5_7_up,s1_below_4282,s3_3_4,s1_below_2001,s2_760_2075,s4_37_47,Passenger Car,s4_48_64,Not Deployed,s2_97_208,s1_below_1,Female,s2_37_80,s3_141_159,s2_164_318,s6_260_up,s2_2_4
4412,s2_885_1695,s2_n103_99,s4_n40_7,s1_below_4282,s4_4_5,s4_2005_2007,s2_760_2075,s3_17_37,Passenger Car,s2_11_28,Not Deployed,s2_97_208,s1_below_1,Female,s3_80_96,s3_141_159,s2_164_318,s3_80_160,s2_2_4
4413,s2_885_1695,s2_n103_99,s4_n40_7,s1_below_4282,s4_4_5,s3_2003_2005,s2_760_2075,s4_37_47,Passenger Car,s3_28_48,Not Deployed,s2_97_208,s1_below_1,Female,s2_37_80,s3_141_159,s2_164_318,s3_80_160,s2_2_4
4414,s2_885_1695,s2_n103_99,s4_n40_7,s1_below_4282,s1_below_2,s5_2007_2009,s3_2075_3730,s3_17_37,Passenger Car,s5_64_76,Not Deployed,s2_97_208,s1_below_1,Female,s2_37_80,s3_141_159,s2_164_318,s3_80_160,s2_2_4
4415,s3_1695_2555,s2_n103_99,s4_n40_7,s1_below_4282,s2_2_3,s3_2003_2005,s2_760_2075,s3_17_37,Truck (<=6000 lbs.),s4_48_64,Not Deployed,s2_97_208,s1_below_1,Female,s3_80_96,s3_141_159,s2_164_318,s3_80_160,s2_2_4
4416,s2_885_1695,s2_n103_99,s4_n40_7,s1_below_4282,s1_below_2,s4_2005_2007,s2_760_2075,s4_37_47,Passenger Car,s4_48_64,Deployed,s2_97_208,s2_1_2,Male,s4_96_114,s3_141_159,s2_164_318,s3_80_160,s2_2_4
4417,s2_885_1695,s2_n103_99,s4_n40_7,s1_below_4282,s1_below_2,s4_2005_2007,s2_760_2075,s3_17_37,Passenger Car,s4_48_64,Deployed,s2_97_208,s1_below_1,Female,s2_37_80,s3_141_159,s2_164_318,s2_40_80,s2_2_4
4418,s2_885_1695,s2_n103_99,s4_n40_7,s1_below_4282,s1_below_2,s3_2003_2005,s2_760_2075,s4_37_47,Passenger Car,s4_48_64,Not Deployed,s2_97_208,s1_below_1,Female,s2_37_80,s3_141_159,s2_164_318,s3_80_160,s2_2_4
4419,s3_1695_2555,s2_n103_99,s4_n40_7,s1_below_4282,s3_3_4,s1_below_2001,s3_2075_3730,s3_17_37,Truck (<=6000 lbs.),s3_28_48,Not Deployed,s2_97_208,s1_below_1,Male,s2_37_80,s3_141_159,s2_164_318,s4_160_220,s2_2_4
4420,s2_885_1695,s2_n103_99,s4_n40_7,s1_below_4282,s2_2_3,s4_2005_2007,s2_760_2075,s3_17_37,Passenger Car,s2_11_28,Deployed,s2_97_208,s1_below_1,Male,s2_37_80,s3_141_159,s2_164_318,s3_80_160,s2_2_4
4421,s2_885_1695,s2_n103_99,s4_n40_7,s1_below_4282,s3_3_4,s1_below_2001,s2_760_2075,s4_37_47,Passenger Car,s2_11_28,Deployed,s2_97_208,s1_below_1,Female,s2_37_80,s3_141_159,s2_164_318,s3_80_160,s2_2_4
4422,s3_1695_2555,s2_n103_99,s4_n40_7,s1_below_4282,s3_3_4,s4_2005_2007,s2_760_2075,s3_17_37,Passenger Car,s5_64_76,Not Deployed,s2_97_208,s1_below_1,Male,s3_80_96,s4_159_169,s2_164_318,s4_160_220,s2_2_4
4423,s2_885_1695,s2_n103_99,s4_n40_7,s1_below_4282,s2_2_3,s4_2005_2007,s2_760_2075,s4_37_47,Truck (<=6000 lbs.),s2_11_28,Deployed,s2_97_208,s1_below_1,Male,s3_80_96,s3_141_159,s2_164_318,s3_80_160,s2_2_4
4424,s3_1695_2555,s2_n103_99,s4_n40_7,s1_below_4282,s4_4_5,s4_2005_2007,s2_760_2075,s3_17_37,Truck (<=10000 lbs.),s3_28_48,Not Deployed,s2_97_208,s1_below_1,Male,s4_96_114,s5_169_179,s3_318_464,s4_160_220,s4_5_6
4425,s3_1695_2555,s2_n103_99,s4_n40_7,s1_below_4282,s2_2_3,s2_2001_2003,s2_760_2075,s3_17_37,Truck (<=6000 lbs.),s2_11_28,Not Deployed,s2_97_208,s1_below_1,Male,s2_37_80,s3_141_159,s2_164_318,s3_80_160,s2_2_4
4426,s2_885_1695,s2_n103_99,s5_7_up,s1_below_4282,s2_2_3,s2_2001_2003,s2_760_2075,s3_17_37,Passenger Car,s3_28_48,Not Deployed,s2_97_208,s1_below_1,Female,s2_37_80,s3_141_159,s2_164_318,s6_260_up,s2_2_4
4427,s2_885_1695,s2_n103_99,s4_n40_7,s1_below_4282,s2_2_3,s3_2003_2005,s2_760_2075,s4_37_47,Passenger Car,s4_48_64,Deployed,s2_97_208,s1_below_1,Male,s3_80_96,s3_141_159,s2_164_318,s3_80_160,s2_2_4
4428,s2_885_1695,s2_n103_99,s4_n40_7,s1_below_4282,s5_5_6,s4_2005_2007,s2_760_2075,s4_37_47,Passenger Car,s4_48_64,Deployed,s2_97_208,s1_below_1,Male,s5_114_130,s3_141_159,s2_164_318,s3_80_160,s2_2_4
4429,s2_885_1695,s2_n103_99,s5_7_up,s1_below_4282,s5_5_6,s4_2005_2007,s2_760_2075,s4_37_47,Truck (<=6000 lbs.),s5_64_76,Not Deployed,s2_97_208,s1_below_1,Female,s2_37_80,s4_159_169,s2_164_318,s6_260_up,s2_2_4
4430,s3_1695_2555,s2_n103_99,s4_n40_7,s1_below_4282,s3_3_4,s1_below_2001,s2_760_2075,s4_37_47,Truck (<=10000 lbs.),s3_28_48,Not Deployed,s2_97_208,s1_below_1,Male,s4_96_114,s4_159_169,s3_318_464,s3_80_160,s4_5_6
4431,s2_885_1695,s2_n103_99,s4_n40_7,s1_below_4282,s4_4_5,s4_2005_2007,s2_760_2075,s4_37_47,Passenger Car,s3_28_48,Deployed,s2_97_208,s1_below_1,Female,s2_37_80,s3_141_159,s2_164_318,s3_80_160,s2_2_4
4432,s2_885_1695,s2_n103_99,s4_n40_7,s1_below_4282,s2_2_3,s4_2005_2007,s3_2075_3730,s3_17_37,Passenger Car,s2_11_28,Deployed,s2_97_208,s1_below_1,Male,s3_80_96,s3_141_159,s2_164_318,s3_80_160,s2_2_4
4433,s3_1695_2555,s2_n103_99,s4_n40_7,s1_below_4282,s2_2_3,s3_2003_2005,s2_760_2075,s5_47_57,Truck (<=6000 lbs.),s3_28_48,Deployed,s2_97_208,s1_below_1,Male,s2_37_80,s3_141_159,s2_164_318,s3_80_160,s2_2_4
4434,s2_885_1695,s2_n103_99,s4_n40_7,s1_below_4282,s2_2_3,s2_2001_2003,s2_760_2075,s3_17_37,Passenger Car,s2_11_28,Not Deployed,s2_97_208,s1_below_1,Male,s3_80_96,s3_141_159,s2_164_318,s4_160_220,s2_2_4
4435,s2_885_1695,s2_n103_99,s4_n40_7,s1_below_4282,s2_2_3,s2_2001_2003,s2_760_2075,s3_17_37,Passenger Car,s4_48_64,Not Deployed,s2_97_208,s1_below_1,Female,s2_37_80,s3_141_159,s2_164_318,s3_80_160,s2_2_4
4436,s2_885_1695,s2_n103_99,s4_n40_7,s1_below_4282,s1_below_2,s5_2007_2009,s2_760_2075,s4_37_47,Passenger Car,s4_48_64,Deployed,s2_97_208,s1_below_1,Male,s3_80_96,s3_141_159,s2_164_318,s3_80_160,s2_2_4
4437,s3_1695_2555,s2_n103_99,s4_n40_7,s1_below_4282,s3_3_4,s4_2005_2007,s2_760_2075,s5_47_57,Truck (<=6000 lbs.),s3_28_48,Not Deployed,s2_97_208,s3_2_3,Female,s3_80_96,s4_159_169,s2_164_318,s2_40_80,s3_4_5
4438,s3_1695_2555,s2_n103_99,s4_n40_7,s1_below_4282,s1_below_2,s2_2001_2003,s2_760_2075,s4_37_47,Truck (<=6000 lbs.),s2_11_28,Not Deployed,s2_97_208,s1_below_1,Female,s2_37_80,s3_141_159,s2_164_318,s3_80_160,s3_4_5
4439,s2_885_1695,s2_n103_99,s4_n40_7,s1_below_4282,s1_below_2,s4_2005_2007,s2_760_2075,s4_37_47,Passenger Car,s4_48_64,Deployed,s2_97_208,s1_below_1,Male,s3_80_96,s3_141_159,s2_164_318,s3_80_160,s2_2_4
4440,s2_885_1695,s2_n103_99,s4_n40_7,s1_below_4282,s1_below_2,s1_below_2001,s2_760_2075,s4_37_47,Passenger Car,s2_11_28,Deployed,s2_97_208,s1_below_1,Male,s4_96_114,s3_141_159,s2_164_318,s3_80_160,s2_2_4
4441,s2_885_1695,s2_n103_99,s3_n81_n40,s1_below_4282,s1_below_2,s4_2005_2007,s2_760_2075,s5_47_57,Truck (<=6000 lbs.),s3_28_48,Deployed,s2_97_208,s1_below_1,Female,s2_37_80,s3_141_159,s2_164_318,s3_80_160,s2_2_4
4442,s2_885_1695,s2_n103_99,s4_n40_7,s1_below_4282,s1_below_2,s3_2003_2005,s2_760_2075,s5_47_57,Passenger Car,s4_48_64,Deployed,s2_97_208,s1_below_1,Female,s2_37_80,s3_141_159,s2_164_318,s3_80_160,s2_2_4
4443,s2_885_1695,s2_n103_99,s4_n40_7,s1_below_4282,s1_below_2,s3_2003_2005,s3_2075_3730,s2_7_17,Passenger Car,s3_28_48,Not Deployed,s2_97_208,s1_below_1,Female,s2_37_80,s3_141_159,s2_164_318,s3_80_160,s2_2_4
4444,s2_885_1695,s2_n103_99,s4_n40_7,s1_below_4282,s2_2_3,s3_2003_2005,s2_760_2075,s4_37_47,Passenger Car,s2_11_28,Deployed,s2_97_208,s1_below_1,Female,s4_96_114,s3_141_159,s2_164_318,s3_80_160,s2_2_4
4445,s3_1695_2555,s2_n103_99,s4_n40_7,s1_below_4282,s2_2_3,s4_2005_2007,s2_760_2075,s4_37_47,Passenger Car,s4_48_64,Deployed,s2_97_208,s1_below_1,Male,s4_96_114,s4_159_169,s2_164_318,s3_80_160,s2_2_4
4446,s2_885_1695,s2_n103_99,s5_7_up,s1_below_4282,s3_3_4,s2_2001_2003,s2_760_2075,s4_37_47,Passenger Car,s4_48_64,Not Deployed,s2_97_208,s1_below_1,Female,s2_37_80,s3_141_159,s2_164_318,s6_260_up,s2_2_4
4447,s3_1695_2555,s2_n103_99,s3_n81_n40,s1_below_4282,s1_below_2,s4_2005_2007,s2_760_2075,s5_47_57,Truck (<=6000 lbs.),s3_28_48,Deployed,s2_97_208,s1_below_1,Male,s3_80_96,s5_169_179,s2_164_318,s1_below_40,s2_2_4
4448,s2_885_1695,s2_n103_99,s4_n40_7,s1_below_4282,s1_below_2,s2_2001_2003,s2_760_2075,s4_37_47,Passenger Car,s4_48_64,Not Deployed,s2_97_208,s1_below_1,Female,s3_80_96,s3_141_159,s2_164_318,s3_80_160,s2_2_4
4449,s2_885_1695,s2_n103_99,s4_n40_7,s1_below_4282,s1_below_2,s4_2005_2007,s2_760_2075,s4_37_47,Passenger Car,s4_48_64,Deployed,s2_97_208,s1_below_1,Male,s2_37_80,s3_141_159,s2_164_318,s4_160_220,s2_2_4
4450,s2_885_1695,s2_n103_99,s4_n40_7,s1_below_4282,s1_below_2,s2_2001_2003,s2_760_2075,s4_37_47,Truck (<=6000 lbs.),s2_11_28,Deployed,s2_97_208,s3_2_3,Male,s3_80_96,s3_141_159,s2_164_318,s3_80_160,s2_2_4
4451,s2_885_1695,s2_n103_99,s4_n40_7,s1_below_4282,s1_below_2,s4_2005_2007,s2_760_2075,s4_37_47,Passenger Car,s2_11_28,Deployed,s2_97_208,s1_below_1,Male,s4_96_114,s3_141_159,s2_164_318,s3_80_160,s2_2_4
4452,s2_885_1695,s2_n103_99,s4_n40_7,s1_below_4282,s3_3_4,s4_2005_2007,s3_2075_3730,s4_37_47,Passenger Car,s2_11_28,Deployed,s2_97_208,s1_below_1,Female,s2_37_80,s3_141_159,s2_164_318,s4_160_220,s2_2_4
4453,s3_1695_2555,s2_n103_99,s4_n40_7,s1_below_4282,s5_5_6,s2_2001_2003,s2_760_2075,s4_37_47,Truck (<=6000 lbs.),s6_76_up,Not Deployed,s2_97_208,s1_below_1,Male,s2_37_80,s3_141_159,s2_164_318,s3_80_160,s2_2_4
4454,s2_885_1695,s2_n103_99,s4_n40_7,s1_below_4282,s1_below_2,s1_below_2001,s2_760_2075,s3_17_37,Passenger Car,s2_11_28,Not Deployed,s2_97_208,s1_below_1,Male,s2_37_80,s3_141_159,s2_164_318,s3_80_160,s2_2_4
4455,s2_885_1695,s2_n103_99,s4_n40_7,s1_below_4282,s2_2_3,s4_2005_2007,s2_760_2075,s4_37_47,Passenger Car,s3_28_48,Not Deployed,s2_97_208,s1_below_1,Male,s4_96_114,s3_141_159,s2_164_318,s6_260_up,s2_2_4
4456,s2_885_1695,s2_n103_99,s4_n40_7,s1_below_4282,s4_4_5,s3_2003_2005,s3_2075_3730,s4_37_47,Passenger Car,s3_28_48,Not Deployed,s2_97_208,s1_below_1,Female,s2_37_80,s3_141_159,s2_164_318,s3_80_160,s2_2_4
4457,s2_885_1695,s2_n103_99,s4_n40_7,s1_below_4282,s2_2_3,s5_2007_2009,s2_760_2075,s4_37_47,Passenger Car,s4_48_64,Deployed,s2_97_208,s1_below_1,Male,s3_80_96,s3_141_159,s2_164_318,s3_80_160,s2_2_4
4458,s3_1695_2555,s2_n103_99,s4_n40_7,s1_below_4282,s4_4_5,s3_2003_2005,s2_760_2075,s4_37_47,Truck (<=6000 lbs.),s3_28_48,Not Deployed,s2_97_208,s1_below_1,Female,s3_80_96,s5_169_179,s2_164_318,s3_80_160,s4_5_6
4459,s2_885_1695,s2_n103_99,s4_n40_7,s1_below_4282,s1_below_2,s2_2001_2003,s2_760_2075,s6_57_up,Passenger Car,s3_28_48,Deployed,s2_97_208,s2_1_2,Female,s5_114_130,s3_141_159,s2_164_318,s3_80_160,s2_2_4
4460,s3_1695_2555,s2_n103_99,s4_n40_7,s1_below_4282,s1_below_2,s4_2005_2007,s2_760_2075,s5_47_57,Truck (<=10000 lbs.),s3_28_48,Deployed,s2_97_208,s1_below_1,Male,s6_130_up,s5_169_179,s3_318_464,s3_80_160,s4_5_6
4461,s2_885_1695,s2_n103_99,s4_n40_7,s1_below_4282,s4_4_5,s4_2005_2007,s2_760_2075,s4_37_47,Passenger Car,s3_28_48,Not Deployed,s2_97_208,s1_below_1,Male,s2_37_80,s3_141_159,s2_164_318,s4_160_220,s2_2_4
4462,s3_1695_2555,s2_n103_99,s4_n40_7,s1_below_4282,s4_4_5,s3_2003_2005,s2_760_2075,s4_37_47,Truck (<=6000 lbs.),s3_28_48,Not Deployed,s2_97_208,s1_below_1,Female,s2_37_80,s4_159_169,s2_164_318,s3_80_160,s3_4_5
4463,s3_1695_2555,s2_n103_99,s4_n40_7,s1_below_4282,s4_4_5,s2_2001_2003,s2_760_2075,s4_37_47,Truck (<=6000 lbs.),s3_28_48,Not Deployed,s2_97_208,s1_below_1,Female,s4_96_114,s3_141_159,s2_164_318,s4_160_220,s2_2_4
4464,s2_885_1695,s2_n103_99,s4_n40_7,s1_below_4282,s4_4_5,s4_2005_2007,s2_760_2075,s4_37_47,Passenger Car,s3_28_48,Not Deployed,s2_97_208,s2_1_2,Female,s2_37_80,s3_141_159,s2_164_318,s2_40_80,s2_2_4
4465,s2_885_1695,s2_n103_99,s4_n40_7,s1_below_4282,s4_4_5,s4_2005_2007,s2_760_2075,s6_57_up,Passenger Car,s3_28_48,Deployed,s2_97_208,s1_below_1,Female,s2_37_80,s3_141_159,s2_164_318,s3_80_160,s2_2_4
4466,s2_885_1695,s2_n103_99,s4_n40_7,s1_below_4282,s4_4_5,s5_2007_2009,s2_760_2075,s4_37_47,Passenger Car,s2_11_28,Not Deployed,s2_97_208,s1_below_1,Male,s3_80_96,s3_141_159,s2_164_318,s3_80_160,s2_2_4
4467,s2_885_1695,s2_n103_99,s4_n40_7,s1_below_4282,s1_below_2,s3_2003_2005,s2_760_2075,s4_37_47,Passenger Car,s4_48_64,Deployed,s2_97_208,s1_below_1,Male,s3_80_96,s3_141_159,s2_164_318,s3_80_160,s2_2_4
4468,s2_885_1695,s2_n103_99,s5_7_up,s1_below_4282,s1_below_2,s2_2001_2003,s2_760_2075,s4_37_47,Passenger Car,s2_11_28,Not Deployed,s2_97_208,s1_below_1,Male,s3_80_96,s3_141_159,s2_164_318,s6_260_up,s2_2_4
4469,s2_885_1695,s2_n103_99,s4_n40_7,s1_below_4282,s5_5_6,s5_2007_2009,s2_760_2075,s3_17_37,Passenger Car,s3_28_48,Deployed,s2_97_208,s1_below_1,Female,s2_37_80,s3_141_159,s2_164_318,s3_80_160,s2_2_4
4470,s2_885_1695,s2_n103_99,s4_n40_7,s1_below_4282,s1_below_2,s3_2003_2005,s2_760_2075,s3_17_37,Passenger Car,s3_28_48,Deployed,s2_97_208,s1_below_1,Female,s3_80_96,s3_141_159,s2_164_318,s4_160_220,s2_2_4
4471,s2_885_1695,s2_n103_99,s5_7_up,s1_below_4282,s2_2_3,s2_2001_2003,s2_760_2075,s4_37_47,Passenger Car,s3_28_48,Deployed,s2_97_208,s2_1_2,Female,s2_37_80,s3_141_159,s2_164_318,s6_260_up,s2_2_4
4472,s2_885_1695,s2_n103_99,s4_n40_7,s1_below_4282,s4_4_5,s3_2003_2005,s2_760_2075,s3_17_37,Passenger Car,s6_76_up,Deployed,s2_97_208,s1_below_1,Male,s2_37_80,s3_141_159,s2_164_318,s4_160_220,s2_2_4
4473,s3_1695_2555,s2_n103_99,s4_n40_7,s1_below_4282,s5_5_6,s4_2005_2007,s2_760_2075,s3_17_37,Truck (<=6000 lbs.),s4_48_64,Deployed,s2_97_208,s1_below_1,Female,s2_37_80,s4_159_169,s2_164_318,s3_80_160,s3_4_5
4474,s2_885_1695,s2_n103_99,s4_n40_7,s1_below_4282,s5_5_6,s4_2005_2007,s2_760_2075,s5_47_57,Passenger Car,s4_48_64,Deployed,s2_97_208,s1_below_1,Female,s2_37_80,s3_141_159,s2_164_318,s3_80_160,s2_2_4
4475,s2_885_1695,s2_n103_99,s4_n40_7,s1_below_4282,s3_3_4,s3_2003_2005,s2_760_2075,s3_17_37,Truck (<=6000 lbs.),s3_28_48,Not Deployed,s2_97_208,s1_below_1,Male,s2_37_80,s3_141_159,s2_164_318,s3_80_160,s2_2_4
4476,s2_885_1695,s2_n103_99,s3_n81_n40,s1_below_4282,s1_below_2,s3_2003_2005,s2_760_2075,s5_47_57,Truck (<=6000 lbs.),s2_11_28,Deployed,s2_97_208,s3_2_3,Male,s4_96_114,s3_141_159,s3_318_464,s3_80_160,s2_2_4
4477,s2_885_1695,s2_n103_99,s4_n40_7,s1_below_4282,s4_4_5,s5_2007_2009,s2_760_2075,s4_37_47,Truck (<=6000 lbs.),s3_28_48,Deployed,s2_97_208,s1_below_1,Female,s4_96_114,s3_141_159,s2_164_318,s3_80_160,s2_2_4
4478,s3_1695_2555,s2_n103_99,s4_n40_7,s1_below_4282,s3_3_4,s2_2001_2003,s2_760_2075,s5_47_57,Truck (<=6000 lbs.),s3_28_48,Not Deployed,s2_97_208,s1_below_1,Male,s4_96_114,s3_141_159,s2_164_318,s4_160_220,s2_2_4
4479,s3_1695_2555,s2_n103_99,s4_n40_7,s1_below_4282,s2_2_3,s3_2003_2005,s2_760_2075,s4_37_47,Truck (<=6000 lbs.),s3_28_48,Deployed,s2_97_208,s1_below_1,Male,s3_80_96,s4_159_169,s2_164_318,s3_80_160,s3_4_5
4480,s3_1695_2555,s2_n103_99,s4_n40_7,s1_below_4282,s1_below_2,s2_2001_2003,s3_2075_3730,s3_17_37,Truck (<=10000 lbs.),s4_48_64,Not Deployed,s2_97_208,s1_below_1,Male,s3_80_96,s3_141_159,s3_318_464,s3_80_160,s3_4_5
4481,s3_1695_2555,s2_n103_99,s4_n40_7,s1_below_4282,s2_2_3,s4_2005_2007,s2_760_2075,s3_17_37,Truck (<=6000 lbs.),s2_11_28,Deployed,s2_97_208,s1_below_1,Male,s5_114_130,s4_159_169,s2_164_318,s2_40_80,s3_4_5
4482,s2_885_1695,s2_n103_99,s4_n40_7,s1_below_4282,s3_3_4,s3_2003_2005,s2_760_2075,s3_17_37,Passenger Car,s5_64_76,Deployed,s2_97_208,s1_below_1,Female,s2_37_80,s3_141_159,s2_164_318,s3_80_160,s2_2_4
4483,s3_1695_2555,s2_n103_99,s4_n40_7,s1_below_4282,s3_3_4,s2_2001_2003,s2_760_2075,s3_17_37,Truck (<=10000 lbs.),s2_11_28,Deployed,s2_97_208,s1_below_1,Female,s2_37_80,s3_141_159,s2_164_318,s3_80_160,s2_2_4
4484,s2_885_1695,s2_n103_99,s4_n40_7,s1_below_4282,s3_3_4,s4_2005_2007,s3_2075_3730,s3_17_37,Passenger Car,s3_28_48,Not Deployed,s2_97_208,s3_2_3,Male,s2_37_80,s3_141_159,s2_164_318,s2_40_80,s2_2_4
4485,s2_885_1695,s2_n103_99,s5_7_up,s1_below_4282,s1_below_2,s4_2005_2007,s2_760_2075,s4_37_47,Passenger Car,s3_28_48,Deployed,s2_97_208,s1_below_1,Male,s5_114_130,s3_141_159,s2_164_318,s6_260_up,s2_2_4
4486,s2_885_1695,s2_n103_99,s4_n40_7,s1_below_4282,s4_4_5,s5_2007_2009,s2_760_2075,s4_37_47,Truck (<=6000 lbs.),s3_28_48,Not Deployed,s2_97_208,s1_below_1,Female,s3_80_96,s3_141_159,s2_164_318,s4_160_220,s2_2_4
4487,s2_885_1695,s2_n103_99,s4_n40_7,s1_below_4282,s2_2_3,s4_2005_2007,s2_760_2075,s5_47_57,Passenger Car,s2_11_28,Deployed,s2_97_208,s1_below_1,Female,s2_37_80,s3_141_159,s2_164_318,s3_80_160,s2_2_4
4488,s2_885_1695,s2_n103_99,s4_n40_7,s1_below_4282,s2_2_3,s4_2005_2007,s2_760_2075,s6_57_up,Passenger Car,s3_28_48,Deployed,s2_97_208,s1_below_1,Male,s3_80_96,s3_141_159,s2_164_318,s3_80_160,s2_2_4
4489,s2_885_1695,s2_n103_99,s3_n81_n40,s1_below_4282,s1_below_2,s3_2003_2005,s3_2075_3730,s3_17_37,Passenger Car,s4_48_64,Deployed,s2_97_208,s1_below_1,Male,s3_80_96,s3_141_159,s2_164_318,s3_80_160,s2_2_4
4490,s2_885_1695,s2_n103_99,s4_n40_7,s1_below_4282,s2_2_3,s1_below_2001,s2_760_2075,s5_47_57,Truck (<=6000 lbs.),s5_64_76,Deployed,s2_97_208,s1_below_1,Male,s4_96_114,s2_116_141,s2_164_318,s3_80_160,s2_2_4
4491,s3_1695_2555,s2_n103_99,s4_n40_7,s1_below_4282,s4_4_5,s3_2003_2005,s2_760_2075,s6_57_up,Truck (<=6000 lbs.),s4_48_64,Not Deployed,s2_97_208,s1_below_1,Male,s3_80_96,s3_141_159,s2_164_318,s3_80_160,s2_2_4
4492,s4_2555_3715,s2_n103_99,s4_n40_7,s1_below_4282,s4_4_5,s4_2005_2007,s2_760_2075,s4_37_47,Truck (<=10000 lbs.),s4_48_64,Deployed,s2_97_208,s1_below_1,Female,s2_37_80,s5_169_179,s2_164_318,s3_80_160,s3_4_5
4493,s2_885_1695,s2_n103_99,s4_n40_7,s1_below_4282,s3_3_4,s1_below_2001,s2_760_2075,s4_37_47,Passenger Car,s5_64_76,Not Deployed,s2_97_208,s1_below_1,Female,s3_80_96,s3_141_159,s2_164_318,s3_80_160,s2_2_4
4494,s2_885_1695,s2_n103_99,s4_n40_7,s1_below_4282,s3_3_4,s4_2005_2007,s2_760_2075,s4_37_47,Passenger Car,s2_11_28,Not Deployed,s2_97_208,s1_below_1,Female,s2_37_80,s3_141_159,s2_164_318,s4_160_220,s2_2_4
4495,s2_885_1695,s2_n103_99,s4_n40_7,s1_below_4282,s4_4_5,s3_2003_2005,s2_760_2075,s4_37_47,Passenger Car,s3_28_48,Not Deployed,s2_97_208,s1_below_1,Male,s6_130_up,s3_141_159,s2_164_318,s3_80_160,s2_2_4
4496,s2_885_1695,s2_n103_99,s4_n40_7,s1_below_4282,s4_4_5,s5_2007_2009,s2_760_2075,s4_37_47,Passenger Car,s4_48_64,Not Deployed,s2_97_208,s1_below_1,Female,s2_37_80,s3_141_159,s2_164_318,s3_80_160,s2_2_4
4497,s2_885_1695,s2_n103_99,s4_n40_7,s1_below_4282,s5_5_6,s1_below_2001,s2_760_2075,s3_17_37,Passenger Car,s3_28_48,Deployed,s2_97_208,s1_below_1,Female,s4_96_114,s3_141_159,s2_164_318,s3_80_160,s2_2_4
4498,s3_1695_2555,s2_n103_99,s4_n40_7,s1_below_4282,s2_2_3,s4_2005_2007,s2_760_2075,s3_17_37,Truck (<=6000 lbs.),s5_64_76,Not Deployed,s2_97_208,s1_below_1,Male,s4_96_114,s4_159_169,s2_164_318,s3_80_160,s2_2_4
4499,s2_885_1695,s2_n103_99,s4_n40_7,s1_below_4282,s2_2_3,s2_2001_2003,s2_760_2075,s3_17_37,Passenger Car,s4_48_64,Not Deployed,s2_97_208,s1_below_1,Female,s2_37_80,s3_141_159,s2_164_318,s3_80_160,s2_2_4
4500,s2_885_1695,s2_n103_99,s4_n40_7,s1_below_4282,s2_2_3,s1_below_2001,s3_2075_3730,s4_37_47,Truck (<=6000 lbs.),s3_28_48,Deployed,s2_97_208,s4_3_4,Female,s2_37_80,s3_141_159,s2_164_318,s3_80_160,s2_2_4
4501,s3_1695_2555,s2_n103_99,s4_n40_7,s1_below_4282,s2_2_3,s1_below_2001,s2_760_2075,s4_37_47,Truck (<=10000 lbs.),s4_48_64,Not Deployed,s2_97_208,s1_below_1,Male,s6_130_up,s4_159_169,s2_164_318,s4_160_220,s3_4_5
4502,s3_1695_2555,s2_n103_99,s4_n40_7,s1_below_4282,s1_below_2,s3_2003_2005,s2_760_2075,s4_37_47,Truck (<=6000 lbs.),s2_11_28,Deployed,s2_97_208,s1_below_1,Male,s2_37_80,s3_141_159,s2_164_318,s3_80_160,s2_2_4
4503,s3_1695_2555,s2_n103_99,s4_n40_7,s1_below_4282,s1_below_2,s4_2005_2007,s3_2075_3730,s4_37_47,Truck (<=6000 lbs.),s3_28_48,Not Deployed,s2_97_208,s1_below_1,Female,s2_37_80,s4_159_169,s2_164_318,s4_160_220,s3_4_5
4504,s2_885_1695,s2_n103_99,s4_n40_7,s1_below_4282,s1_below_2,s2_2001_2003,s2_760_2075,s4_37_47,Passenger Car,s2_11_28,Not Deployed,s2_97_208,s1_below_1,Female,s2_37_80,s3_141_159,s2_164_318,s3_80_160,s2_2_4
4505,s2_885_1695,s2_n103_99,s4_n40_7,s1_below_4282,s2_2_3,s1_below_2001,s2_760_2075,s6_57_up,Passenger Car,s2_11_28,Deployed,s2_97_208,s2_1_2,Female,s2_37_80,s3_141_159,s2_164_318,s3_80_160,s2_2_4
4506,s2_885_1695,s2_n103_99,s5_7_up,s1_below_4282,s1_below_2,s5_2007_2009,s2_760_2075,s5_47_57,Truck (<=6000 lbs.),s4_48_64,Deployed,s2_97_208,s1_below_1,Female,s2_37_80,s3_141_159,s2_164_318,s6_260_up,s2_2_4
4507,s2_885_1695,s2_n103_99,s3_n81_n40,s1_below_4282,s1_below_2,s4_2005_2007,s2_760_2075,s3_17_37,Passenger Car,s4_48_64,Deployed,s2_97_208,s3_2_3,Female,s3_80_96,s3_141_159,s2_164_318,s3_80_160,s2_2_4
4508,s2_885_1695,s2_n103_99,s3_n81_n40,s1_below_4282,s3_3_4,s4_2005_2007,s2_760_2075,s3_17_37,Passenger Car,s2_11_28,Deployed,s2_97_208,s1_below_1,Male,s4_96_114,s3_141_159,s2_164_318,s3_80_160,s2_2_4
4509,s2_885_1695,s2_n103_99,s3_n81_n40,s1_below_4282,s3_3_4,s2_2001_2003,s2_760_2075,s4_37_47,Passenger Car,s2_11_28,Deployed,s2_97_208,s5_4_5,Male,s2_37_80,s3_141_159,s2_164_318,s3_80_160,s2_2_4
4510,s3_1695_2555,s2_n103_99,s5_7_up,s1_below_4282,s5_5_6,s2_2001_2003,s2_760_2075,s4_37_47,Truck (<=10000 lbs.),s3_28_48,Not Deployed,s2_97_208,s3_2_3,Female,s3_80_96,s3_141_159,s2_164_318,s5_220_260,s2_2_4
4511,s3_1695_2555,s2_n103_99,s3_n81_n40,s1_below_4282,s5_5_6,s4_2005_2007,s2_760_2075,s4_37_47,Truck (<=6000 lbs.),s3_28_48,Deployed,s2_97_208,s2_1_2,Female,s4_96_114,s4_159_169,s2_164_318,s3_80_160,s3_4_5
4512,s2_885_1695,s2_n103_99,s5_7_up,s1_below_4282,s2_2_3,s4_2005_2007,s2_760_2075,s4_37_47,Passenger Car,s3_28_48,Not Deployed,s2_97_208,s1_below_1,Male,s2_37_80,s3_141_159,s2_164_318,s6_260_up,s2_2_4
4513,s2_885_1695,s2_n103_99,s4_n40_7,s1_below_4282,s2_2_3,s1_below_2001,s2_760_2075,s4_37_47,Passenger Car,s2_11_28,Not Deployed,s2_97_208,s1_below_1,Female,s3_80_96,s3_141_159,s2_164_318,s3_80_160,s2_2_4
4514,s2_885_1695,s2_n103_99,s3_n81_n40,s1_below_4282,s2_2_3,s5_2007_2009,s2_760_2075,s6_57_up,Passenger Car,s3_28_48,Deployed,s2_97_208,s3_2_3,Female,s2_37_80,s3_141_159,s2_164_318,s3_80_160,s2_2_4
4515,s3_1695_2555,s2_n103_99,s4_n40_7,s1_below_4282,s4_4_5,s1_below_2001,s2_760_2075,s4_37_47,Truck (<=6000 lbs.),s4_48_64,Deployed,s2_97_208,s1_below_1,Male,s2_37_80,s4_159_169,s2_164_318,s3_80_160,s3_4_5
4516,s3_1695_2555,s2_n103_99,s4_n40_7,s1_below_4282,s2_2_3,s4_2005_2007,s2_760_2075,s5_47_57,Truck (<=6000 lbs.),s3_28_48,Deployed,s2_97_208,s1_below_1,Male,s5_114_130,s3_141_159,s2_164_318,s3_80_160,s2_2_4
4517,s2_885_1695,s2_n103_99,s5_7_up,s1_below_4282,s2_2_3,s3_2003_2005,s3_2075_3730,s5_47_57,Truck (<=6000 lbs.),s3_28_48,Not Deployed,s2_97_208,s1_below_1,Female,s3_80_96,s3_141_159,s2_164_318,s6_260_up,s2_2_4
4518,s2_885_1695,s2_n103_99,s4_n40_7,s1_below_4282,s3_3_4,s2_2001_2003,s2_760_2075,s3_17_37,Truck (<=6000 lbs.),s3_28_48,Not Deployed,s2_97_208,s1_below_1,Male,s6_130_up,s3_141_159,s2_164_318,s3_80_160,s2_2_4
4519,s3_1695_2555,s2_n103_99,s5_7_up,s1_below_4282,s2_2_3,s2_2001_2003,s2_760_2075,s6_57_up,Truck (<=6000 lbs.),s3_28_48,Not Deployed,s2_97_208,s1_below_1,Female,s2_37_80,s4_159_169,s2_164_318,s6_260_up,s2_2_4
4520,s3_1695_2555,s2_n103_99,s4_n40_7,s1_below_4282,s2_2_3,s2_2001_2003,s3_2075_3730,s6_57_up,Truck (<=6000 lbs.),s3_28_48,Not Deployed,s2_97_208,s1_below_1,Female,s2_37_80,s4_159_169,s2_164_318,s3_80_160,s2_2_4
4521,s2_885_1695,s2_n103_99,s4_n40_7,s1_below_4282,s3_3_4,s1_below_2001,s2_760_2075,s4_37_47,Passenger Car,s3_28_48,Not Deployed,s2_97_208,s1_below_1,Female,s2_37_80,s3_141_159,s2_164_318,s3_80_160,s2_2_4
4522,s2_885_1695,s2_n103_99,s4_n40_7,s1_below_4282,s1_below_2,s1_below_2001,s2_760_2075,s3_17_37,Truck (<=6000 lbs.),s3_28_48,Not Deployed,s2_97_208,s1_below_1,Male,s2_37_80,s3_141_159,s2_164_318,s3_80_160,s2_2_4
4523,s2_885_1695,s2_n103_99,s4_n40_7,s1_below_4282,s1_below_2,s4_2005_2007,s2_760_2075,s3_17_37,Passenger Car,s5_64_76,Deployed,s2_97_208,s1_below_1,Female,s3_80_96,s3_141_159,s2_164_318,s3_80_160,s2_2_4
4524,s3_1695_2555,s2_n103_99,s4_n40_7,s1_below_4282,s1_below_2,s2_2001_2003,s2_760_2075,s5_47_57,Truck (<=6000 lbs.),s3_28_48,Deployed,s2_97_208,s1_below_1,Female,s2_37_80,s4_159_169,s2_164_318,s4_160_220,s2_2_4
4525,s3_1695_2555,s2_n103_99,s4_n40_7,s1_below_4282,s5_5_6,s4_2005_2007,s2_760_2075,s5_47_57,Truck (<=6000 lbs.),s3_28_48,Deployed,s1_below_97,s1_below_1,Female,s2_37_80,s4_159_169,s2_164_318,s3_80_160,s2_2_4
4526,s2_885_1695,s2_n103_99,s4_n40_7,s1_below_4282,s4_4_5,s2_2001_2003,s2_760_2075,s4_37_47,Truck (<=6000 lbs.),s3_28_48,Deployed,s2_97_208,s3_2_3,Male,s2_37_80,s3_141_159,s2_164_318,s3_80_160,s2_2_4
4527,s2_885_1695,s2_n103_99,s4_n40_7,s1_below_4282,s2_2_3,s4_2005_2007,s2_760_2075,s3_17_37,Passenger Car,s3_28_48,Deployed,s2_97_208,s1_below_1,Female,s4_96_114,s3_141_159,s2_164_318,s3_80_160,s2_2_4
4528,s2_885_1695,s2_n103_99,s4_n40_7,s1_below_4282,s1_below_2,s4_2005_2007,s3_2075_3730,s3_17_37,Passenger Car,s3_28_48,Not Deployed,s2_97_208,s1_below_1,Female,s3_80_96,s3_141_159,s2_164_318,s4_160_220,s2_2_4
4529,s2_885_1695,s2_n103_99,s3_n81_n40,s1_below_4282,s1_below_2,s2_2001_2003,s2_760_2075,s5_47_57,Passenger Car,s4_48_64,Deployed,s2_97_208,s5_4_5,Male,s2_37_80,s3_141_159,s2_164_318,s3_80_160,s2_2_4
4530,s2_885_1695,s2_n103_99,s3_n81_n40,s1_below_4282,s1_below_2,s3_2003_2005,s2_760_2075,s5_47_57,Truck (<=6000 lbs.),s5_64_76,Deployed,s2_97_208,s1_below_1,Male,s4_96_114,s3_141_159,s2_164_318,s3_80_160,s2_2_4
4531,s3_1695_2555,s2_n103_99,s4_n40_7,s1_below_4282,s1_below_2,s3_2003_2005,s2_760_2075,s3_17_37,Truck (<=10000 lbs.),s3_28_48,Not Deployed,s2_97_208,s1_below_1,Male,s3_80_96,s5_169_179,s3_318_464,s3_80_160,s4_5_6
4532,s3_1695_2555,s2_n103_99,s3_n81_n40,s2_4282_6970,s1_below_2,s1_below_2001,s2_760_2075,s4_37_47,Truck (<=6000 lbs.),s4_48_64,Deployed,s2_97_208,s5_4_5,Male,s3_80_96,s4_159_169,s2_164_318,s3_80_160,s3_4_5
4533,s2_885_1695,s2_n103_99,s2_n112_n81,s1_below_4282,s1_below_2,s2_2001_2003,s2_760_2075,s4_37_47,Truck (<=6000 lbs.),s4_48_64,Deployed,s2_97_208,s5_4_5,Male,s3_80_96,s3_141_159,s2_164_318,s3_80_160,s2_2_4
4534,s2_885_1695,s2_n103_99,s5_7_up,s1_below_4282,s1_below_2,s4_2005_2007,s2_760_2075,s3_17_37,Passenger Car,s4_48_64,Not Deployed,s2_97_208,s1_below_1,Female,s2_37_80,s3_141_159,s2_164_318,s6_260_up,s2_2_4
4535,s2_885_1695,s2_n103_99,s4_n40_7,s1_below_4282,s1_below_2,s1_below_2001,s2_760_2075,s3_17_37,Passenger Car,s2_11_28,Not Deployed,s2_97_208,s1_below_1,Female,s2_37_80,s3_141_159,s2_164_318,s5_220_260,s2_2_4
4536,s2_885_1695,s2_n103_99,s4_n40_7,s1_below_4282,s1_below_2,s2_2001_2003,s2_760_2075,s5_47_57,Passenger Car,s4_48_64,Not Deployed,s2_97_208,s2_1_2,Male,s2_37_80,s3_141_159,s2_164_318,s3_80_160,s2_2_4
4537,s3_1695_2555,s2_n103_99,s4_n40_7,s1_below_4282,s4_4_5,s2_2001_2003,s2_760_2075,s5_47_57,Truck (<=10000 lbs.),s2_11_28,Deployed,s2_97_208,s1_below_1,Male,s4_96_114,s5_169_179,s3_318_464,s3_80_160,s4_5_6
4538,s2_885_1695,s2_n103_99,s2_n112_n81,s1_below_4282,s4_4_5,s2_2001_2003,s3_2075_3730,s5_47_57,Truck (<=6000 lbs.),s4_48_64,Deployed,s2_97_208,s3_2_3,Male,s3_80_96,s3_141_159,s2_164_318,s3_80_160,s2_2_4
4539,s3_1695_2555,s2_n103_99,s4_n40_7,s1_below_4282,s1_below_2,s3_2003_2005,s2_760_2075,s3_17_37,Passenger Car,s3_28_48,Not Deployed,s2_97_208,s1_below_1,Female,s2_37_80,s4_159_169,s2_164_318,s3_80_160,s3_4_5
4540,s2_885_1695,s2_n103_99,s4_n40_7,s1_below_4282,s1_below_2,s2_2001_2003,s2_760_2075,s4_37_47,Passenger Car,s3_28_48,Not Deployed,s2_97_208,s1_below_1,Male,s4_96_114,s3_141_159,s2_164_318,s2_40_80,s2_2_4
4541,s2_885_1695,s2_n103_99,s4_n40_7,s1_below_4282,s4_4_5,s3_2003_2005,s2_760_2075,s4_37_47,Passenger Car,s2_11_28,Deployed,s2_97_208,s1_below_1,Female,s2_37_80,s3_141_159,s2_164_318,s4_160_220,s2_2_4
4542,s2_885_1695,s2_n103_99,s4_n40_7,s1_below_4282,s4_4_5,s1_below_2001,s2_760_2075,s4_37_47,Passenger Car,s2_11_28,Deployed,s2_97_208,s1_below_1,Female,s4_96_114,s3_141_159,s2_164_318,s3_80_160,s2_2_4
4543,s2_885_1695,s2_n103_99,s4_n40_7,s1_below_4282,s5_5_6,s4_2005_2007,s2_760_2075,s4_37_47,Passenger Car,s2_11_28,Deployed,s2_97_208,s2_1_2,Female,s4_96_114,s3_141_159,s2_164_318,s3_80_160,s2_2_4
4544,s2_885_1695,s2_n103_99,s4_n40_7,s1_below_4282,s1_below_2,s4_2005_2007,s2_760_2075,s4_37_47,Passenger Car,s4_48_64,Deployed,s2_97_208,s1_below_1,Female,s2_37_80,s3_141_159,s2_164_318,s3_80_160,s2_2_4
4545,s2_885_1695,s2_n103_99,s4_n40_7,s1_below_4282,s1_below_2,s1_below_2001,s2_760_2075,s3_17_37,Passenger Car,s3_28_48,Not Deployed,s2_97_208,s1_below_1,Male,s3_80_96,s3_141_159,s2_164_318,s2_40_80,s2_2_4
4546,s2_885_1695,s2_n103_99,s4_n40_7,s1_below_4282,s5_5_6,s5_2007_2009,s2_760_2075,s3_17_37,Passenger Car,s2_11_28,Deployed,s2_97_208,s1_below_1,Female,s2_37_80,s3_141_159,s2_164_318,s3_80_160,s2_2_4
4547,s3_1695_2555,s2_n103_99,s4_n40_7,s1_below_4282,s1_below_2,s2_2001_2003,s2_760_2075,s4_37_47,Truck (<=6000 lbs.),s3_28_48,Not Deployed,s2_97_208,s1_below_1,Female,s2_37_80,s3_141_159,s2_164_318,s2_40_80,s2_2_4
4548,s2_885_1695,s2_n103_99,s4_n40_7,s1_below_4282,s2_2_3,s3_2003_2005,s2_760_2075,s4_37_47,Passenger Car,s4_48_64,Deployed,s2_97_208,s1_below_1,Male,s4_96_114,s3_141_159,s2_164_318,s3_80_160,s2_2_4
4549,s2_885_1695,s2_n103_99,s4_n40_7,s1_below_4282,s1_below_2,s1_below_2001,s2_760_2075,s5_47_57,Passenger Car,s2_11_28,Not Deployed,s2_97_208,s1_below_1,Female,s2_37_80,s3_141_159,s2_164_318,s3_80_160,s2_2_4
4550,s2_885_1695,s2_n103_99,s5_7_up,s1_below_4282,s1_below_2,s1_below_2001,s2_760_2075,s5_47_57,Passenger Car,s2_11_28,Not Deployed,s2_97_208,s1_below_1,Female,s2_37_80,s3_141_159,s2_164_318,s6_260_up,s2_2_4
4551,s2_885_1695,s2_n103_99,s4_n40_7,s1_below_4282,s5_5_6,s5_2007_2009,s2_760_2075,s4_37_47,Passenger Car,s4_48_64,Not Deployed,s2_97_208,s2_1_2,Male,s2_37_80,s3_141_159,s2_164_318,s3_80_160,s2_2_4
4552,s2_885_1695,s2_n103_99,s4_n40_7,s1_below_4282,s2_2_3,s4_2005_2007,s2_760_2075,s5_47_57,Passenger Car,s2_11_28,Deployed,s2_97_208,s1_below_1,Male,s3_80_96,s3_141_159,s2_164_318,s3_80_160,s2_2_4
4553,s2_885_1695,s2_n103_99,s3_n81_n40,s1_below_4282,s1_below_2,s1_below_2001,s2_760_2075,s3_17_37,Truck (<=6000 lbs.),s2_11_28,Deployed,s2_97_208,s3_2_3,Female,s2_37_80,s3_141_159,s2_164_318,s3_80_160,s2_2_4
4554,s3_1695_2555,s2_n103_99,s3_n81_n40,s1_below_4282,s3_3_4,s3_2003_2005,s2_760_2075,s4_37_47,Truck (<=6000 lbs.),s2_11_28,Deployed,s2_97_208,s3_2_3,Male,s2_37_80,s4_159_169,s2_164_318,s3_80_160,s2_2_4
4555,s2_885_1695,s2_n103_99,s5_7_up,s1_below_4282,s3_3_4,s3_2003_2005,s2_760_2075,s4_37_47,Truck (<=6000 lbs.),s2_11_28,Not Deployed,s2_97_208,s3_2_3,Female,s5_114_130,s3_141_159,s2_164_318,s6_260_up,s2_2_4
4556,s2_885_1695,s2_n103_99,s3_n81_n40,s1_below_4282,s6_6_up,s2_2001_2003,s2_760_2075,s4_37_47,Passenger Car,s4_48_64,Deployed,s2_97_208,s1_below_1,Female,s2_37_80,s3_141_159,s2_164_318,s3_80_160,s2_2_4
4557,s2_885_1695,s2_n103_99,s4_n40_7,s1_below_4282,s3_3_4,s3_2003_2005,s2_760_2075,s3_17_37,Passenger Car,s3_28_48,Not Deployed,s2_97_208,s1_below_1,Female,s2_37_80,s3_141_159,s2_164_318,s3_80_160,s2_2_4
4558,s3_1695_2555,s2_n103_99,s4_n40_7,s1_below_4282,s1_below_2,s1_below_2001,s2_760_2075,s4_37_47,Truck (<=10000 lbs.),s4_48_64,Deployed,s2_97_208,s3_2_3,Female,s2_37_80,s3_141_159,s2_164_318,s3_80_160,s2_2_4
4559,s2_885_1695,s2_n103_99,s4_n40_7,s1_below_4282,s1_below_2,s1_below_2001,s3_2075_3730,s4_37_47,Passenger Car,s5_64_76,Deployed,s2_97_208,s3_2_3,Female,s2_37_80,s3_141_159,s2_164_318,s3_80_160,s2_2_4
4560,s3_1695_2555,s2_n103_99,s4_n40_7,s1_below_4282,s5_5_6,s4_2005_2007,s2_760_2075,s4_37_47,Truck (<=6000 lbs.),s2_11_28,Not Deployed,s2_97_208,s1_below_1,Male,s4_96_114,s3_141_159,s3_318_464,s3_80_160,s3_4_5
4561,s2_885_1695,s2_n103_99,s4_n40_7,s1_below_4282,s4_4_5,s2_2001_2003,s3_2075_3730,s4_37_47,Passenger Car,s4_48_64,Not Deployed,s2_97_208,s1_below_1,Female,s2_37_80,s3_141_159,s2_164_318,s3_80_160,s2_2_4
4562,s2_885_1695,s2_n103_99,s4_n40_7,s1_below_4282,s1_below_2,s5_2007_2009,s2_760_2075,s3_17_37,Passenger Car,s3_28_48,Deployed,s2_97_208,s1_below_1,Male,s6_130_up,s3_141_159,s2_164_318,s2_40_80,s2_2_4
4563,s3_1695_2555,s2_n103_99,s4_n40_7,s1_below_4282,s4_4_5,s2_2001_2003,s2_760_2075,s4_37_47,Truck (<=10000 lbs.),s4_48_64,Not Deployed,s2_97_208,s1_below_1,Male,s3_80_96,s4_159_169,s3_318_464,s3_80_160,s4_5_6
4564,s3_1695_2555,s2_n103_99,s4_n40_7,s1_below_4282,s4_4_5,s5_2007_2009,s2_760_2075,s4_37_47,Truck (<=6000 lbs.),s3_28_48,Deployed,s2_97_208,s1_below_1,Female,s2_37_80,s4_159_169,s2_164_318,s3_80_160,s2_2_4
4565,s2_885_1695,s2_n103_99,s4_n40_7,s1_below_4282,s1_below_2,s2_2001_2003,s2_760_2075,s3_17_37,Passenger Car,s4_48_64,Not Deployed,s2_97_208,s3_2_3,Female,s2_37_80,s3_141_159,s2_164_318,s2_40_80,s2_2_4
4566,s3_1695_2555,s2_n103_99,s4_n40_7,s1_below_4282,s1_below_2,s1_below_2001,s2_760_2075,s3_17_37,Truck (<=6000 lbs.),s4_48_64,Not Deployed,s2_97_208,s1_below_1,Male,s3_80_96,s4_159_169,s2_164_318,s3_80_160,s3_4_5
4567,s2_885_1695,s2_n103_99,s4_n40_7,s1_below_4282,s2_2_3,s3_2003_2005,s2_760_2075,s4_37_47,Passenger Car,s2_11_28,Not Deployed,s2_97_208,s1_below_1,Male,s2_37_80,s3_141_159,s2_164_318,s3_80_160,s2_2_4
4568,s2_885_1695,s2_n103_99,s4_n40_7,s1_below_4282,s1_below_2,s4_2005_2007,s2_760_2075,s3_17_37,Truck (<=6000 lbs.),s3_28_48,Deployed,s2_97_208,s1_below_1,Male,s3_80_96,s3_141_159,s2_164_318,s3_80_160,s2_2_4
4569,s2_885_1695,s2_n103_99,s4_n40_7,s1_below_4282,s1_below_2,s2_2001_2003,s2_760_2075,s3_17_37,Passenger Car,s3_28_48,Deployed,s2_97_208,s1_below_1,Male,s3_80_96,s3_141_159,s2_164_318,s3_80_160,s2_2_4
4570,s3_1695_2555,s2_n103_99,s4_n40_7,s1_below_4282,s2_2_3,s2_2001_2003,s2_760_2075,s3_17_37,Truck (<=6000 lbs.),s3_28_48,Deployed,s2_97_208,s1_below_1,Female,s2_37_80,s5_169_179,s2_164_318,s3_80_160,s2_2_4
4571,s2_885_1695,s2_n103_99,s4_n40_7,s1_below_4282,s1_below_2,s2_2001_2003,s2_760_2075,s3_17_37,Truck (<=6000 lbs.),s3_28_48,Not Deployed,s2_97_208,s5_4_5,Male,s2_37_80,s2_116_141,s2_164_318,s3_80_160,s2_2_4
4572,s3_1695_2555,s2_n103_99,s4_n40_7,s1_below_4282,s5_5_6,s1_below_2001,s2_760_2075,s4_37_47,Passenger Car,s2_11_28,Not Deployed,s2_97_208,s1_below_1,Male,s3_80_96,s4_159_169,s2_164_318,s4_160_220,s2_2_4
4573,s3_1695_2555,s2_n103_99,s4_n40_7,s1_below_4282,s1_below_2,s1_below_2001,s2_760_2075,s3_17_37,Truck (<=6000 lbs.),s2_11_28,Deployed,s2_97_208,s1_below_1,Female,s2_37_80,s3_141_159,s2_164_318,s3_80_160,s2_2_4
4574,s2_885_1695,s2_n103_99,s4_n40_7,s1_below_4282,s1_below_2,s4_2005_2007,s3_2075_3730,s3_17_37,Passenger Car,s2_11_28,Not Deployed,s2_97_208,s4_3_4,Male,s2_37_80,s3_141_159,s2_164_318,s4_160_220,s2_2_4
4575,s4_2555_3715,s2_n103_99,s4_n40_7,s1_below_4282,s1_below_2,s2_2001_2003,s2_760_2075,s3_17_37,Truck (<=10000 lbs.),s2_11_28,Not Deployed,s2_97_208,s1_below_1,Male,s3_80_96,s5_169_179,s3_318_464,s3_80_160,s4_5_6
4576,s2_885_1695,s2_n103_99,s2_n112_n81,s1_below_4282,s1_below_2,s2_2001_2003,s2_760_2075,s5_47_57,Passenger Car,s2_11_28,Deployed,s2_97_208,s1_below_1,Male,s2_37_80,s3_141_159,s2_164_318,s3_80_160,s2_2_4
4577,s3_1695_2555,s2_n103_99,s4_n40_7,s1_below_4282,s2_2_3,s4_2005_2007,s2_760_2075,s3_17_37,Truck (<=6000 lbs.),s2_11_28,Deployed,s2_97_208,s1_below_1,Female,s2_37_80,s3_141_159,s2_164_318,s3_80_160,s2_2_4
4578,s2_885_1695,s2_n103_99,s4_n40_7,s1_below_4282,s3_3_4,s5_2007_2009,s3_2075_3730,s3_17_37,Passenger Car,s2_11_28,Not Deployed,s2_97_208,s1_below_1,Male,s2_37_80,s3_141_159,s2_164_318,s4_160_220,s2_2_4
4579,s3_1695_2555,s2_n103_99,s4_n40_7,s1_below_4282,s1_below_2,s1_below_2001,s2_760_2075,s3_17_37,Truck (<=10000 lbs.),s2_11_28,Not Deployed,s2_97_208,s1_below_1,Male,s2_37_80,s3_141_159,s2_164_318,s3_80_160,s2_2_4
4580,s2_885_1695,s2_n103_99,s4_n40_7,s1_below_4282,s3_3_4,s4_2005_2007,s2_760_2075,s4_37_47,Passenger Car,s2_11_28,Not Deployed,s2_97_208,s1_below_1,Female,s2_37_80,s3_141_159,s2_164_318,s3_80_160,s2_2_4
4581,s2_885_1695,s2_n103_99,s4_n40_7,s1_below_4282,s3_3_4,s1_below_2001,s2_760_2075,s4_37_47,Passenger Car,s4_48_64,Deployed,s2_97_208,s1_below_1,Male,s5_114_130,s3_141_159,s2_164_318,s3_80_160,s2_2_4
4582,s3_1695_2555,s2_n103_99,s4_n40_7,s1_below_4282,s4_4_5,s3_2003_2005,s2_760_2075,s4_37_47,Truck (<=10000 lbs.),s4_48_64,Deployed,s2_97_208,s1_below_1,Male,s2_37_80,s5_169_179,s3_318_464,s3_80_160,s4_5_6
4583,s2_885_1695,s2_n103_99,s4_n40_7,s1_below_4282,s4_4_5,s4_2005_2007,s2_760_2075,s5_47_57,Passenger Car,s4_48_64,Deployed,s2_97_208,s3_2_3,Female,s4_96_114,s3_141_159,s2_164_318,s3_80_160,s2_2_4
4584,s2_885_1695,s2_n103_99,s4_n40_7,s1_below_4282,s1_below_2,s2_2001_2003,s2_760_2075,s3_17_37,Passenger Car,s3_28_48,Deployed,s2_97_208,s1_below_1,Female,s3_80_96,s3_141_159,s2_164_318,s3_80_160,s2_2_4
4585,s2_885_1695,s2_n103_99,s5_7_up,s1_below_4282,s1_below_2,s4_2005_2007,s2_760_2075,s4_37_47,Passenger Car,s2_11_28,Not Deployed,s2_97_208,s1_below_1,Male,s4_96_114,s3_141_159,s2_164_318,s6_260_up,s2_2_4
4586,s2_885_1695,s2_n103_99,s4_n40_7,s1_below_4282,s3_3_4,s4_2005_2007,s2_760_2075,s4_37_47,Passenger Car,s4_48_64,Not Deployed,s2_97_208,s1_below_1,Female,s2_37_80,s3_141_159,s2_164_318,s3_80_160,s2_2_4
4587,s2_885_1695,s2_n103_99,s4_n40_7,s1_below_4282,s2_2_3,s3_2003_2005,s3_2075_3730,s5_47_57,Truck (<=6000 lbs.),s3_28_48,Deployed,s2_97_208,s3_2_3,Female,s2_37_80,s3_141_159,s2_164_318,s3_80_160,s2_2_4
4588,s2_885_1695,s2_n103_99,s4_n40_7,s1_below_4282,s1_below_2,s1_below_2001,s2_760_2075,s3_17_37,Passenger Car,s2_11_28,Deployed,s2_97_208,s1_below_1,Male,s4_96_114,s3_141_159,s2_164_318,s4_160_220,s2_2_4
4589,s3_1695_2555,s2_n103_99,s4_n40_7,s1_below_4282,s2_2_3,s1_below_2001,s2_760_2075,s4_37_47,Truck (<=10000 lbs.),s2_11_28,Deployed,s2_97_208,s1_below_1,Female,s6_130_up,s3_141_159,s2_164_318,s3_80_160,s2_2_4
4590,s2_885_1695,s2_n103_99,s3_n81_n40,s1_below_4282,s3_3_4,s2_2001_2003,s2_760_2075,s5_47_57,Passenger Car,s2_11_28,Deployed,s2_97_208,s1_below_1,Female,s2_37_80,s3_141_159,s2_164_318,s3_80_160,s2_2_4
4591,s2_885_1695,s2_n103_99,s4_n40_7,s1_below_4282,s3_3_4,s1_below_2001,s2_760_2075,s4_37_47,Passenger Car,s4_48_64,Deployed,s2_97_208,s3_2_3,Male,s6_130_up,s3_141_159,s2_164_318,s3_80_160,s2_2_4
4592,s2_885_1695,s2_n103_99,s4_n40_7,s1_below_4282,s4_4_5,s3_2003_2005,s2_760_2075,s4_37_47,Passenger Car,s3_28_48,Not Deployed,s2_97_208,s1_below_1,Female,s2_37_80,s3_141_159,s2_164_318,s4_160_220,s2_2_4
4593,s2_885_1695,s2_n103_99,s4_n40_7,s1_below_4282,s1_below_2,s1_below_2001,s2_760_2075,s3_17_37,Truck (<=6000 lbs.),s4_48_64,Not Deployed,s2_97_208,s1_below_1,Male,s4_96_114,s3_141_159,s2_164_318,s3_80_160,s2_2_4
4594,s2_885_1695,s2_n103_99,s4_n40_7,s1_below_4282,s4_4_5,s4_2005_2007,s2_760_2075,s4_37_47,Truck (<=6000 lbs.),s6_76_up,Deployed,s2_97_208,s2_1_2,Male,s4_96_114,s4_159_169,s3_318_464,s3_80_160,s3_4_5
4595,s2_885_1695,s2_n103_99,s4_n40_7,s1_below_4282,s4_4_5,s3_2003_2005,s2_760_2075,s4_37_47,Passenger Car,s6_76_up,Deployed,s2_97_208,s1_below_1,Male,s2_37_80,s3_141_159,s2_164_318,s3_80_160,s2_2_4
4596,s2_885_1695,s2_n103_99,s4_n40_7,s1_below_4282,s3_3_4,s2_2001_2003,s2_760_2075,s4_37_47,Passenger Car,s2_11_28,Deployed,s2_97_208,s1_below_1,Female,s2_37_80,s3_141_159,s2_164_318,s3_80_160,s2_2_4
4597,s2_885_1695,s2_n103_99,s5_7_up,s1_below_4282,s3_3_4,s2_2001_2003,s2_760_2075,s4_37_47,Passenger Car,s3_28_48,Not Deployed,s2_97_208,s1_below_1,Male,s4_96_114,s3_141_159,s2_164_318,s6_260_up,s2_2_4
4598,s3_1695_2555,s2_n103_99,s5_7_up,s1_below_4282,s5_5_6,s4_2005_2007,s2_760_2075,s4_37_47,Passenger Car,s2_11_28,Not Deployed,s2_97_208,s2_1_2,Male,s2_37_80,s4_159_169,s2_164_318,s4_160_220,s3_4_5
4599,s2_885_1695,s2_n103_99,s4_n40_7,s1_below_4282,s5_5_6,s3_2003_2005,s2_760_2075,s4_37_47,Passenger Car,s4_48_64,Deployed,s2_97_208,s1_below_1,Male,s3_80_96,s3_141_159,s2_164_318,s3_80_160,s2_2_4
4600,s3_1695_2555,s2_n103_99,s4_n40_7,s1_below_4282,s4_4_5,s3_2003_2005,s2_760_2075,s4_37_47,Truck (<=6000 lbs.),s5_64_76,Not Deployed,s2_97_208,s1_below_1,Female,s2_37_80,s3_141_159,s2_164_318,s2_40_80,s2_2_4
4601,s2_885_1695,s2_n103_99,s4_n40_7,s1_below_4282,s3_3_4,s4_2005_2007,s2_760_2075,s4_37_47,Passenger Car,s3_28_48,Not Deployed,s2_97_208,s4_3_4,Male,s6_130_up,s3_141_159,s2_164_318,s2_40_80,s2_2_4
4602,s2_885_1695,s2_n103_99,s4_n40_7,s1_below_4282,s2_2_3,s1_below_2001,s3_2075_3730,s5_47_57,Passenger Car,s2_11_28,Deployed,s2_97_208,s2_1_2,Female,s3_80_96,s3_141_159,s2_164_318,s4_160_220,s2_2_4
4603,s3_1695_2555,s2_n103_99,s4_n40_7,s1_below_4282,s4_4_5,s2_2001_2003,s2_760_2075,s4_37_47,Passenger Car,s3_28_48,Not Deployed,s2_97_208,s1_below_1,Female,s2_37_80,s3_141_159,s2_164_318,s4_160_220,s2_2_4
4604,s3_1695_2555,s2_n103_99,s4_n40_7,s1_below_4282,s4_4_5,s3_2003_2005,s2_760_2075,s4_37_47,Truck (<=10000 lbs.),s3_28_48,Deployed,s2_97_208,s1_below_1,Female,s2_37_80,s4_159_169,s2_164_318,s3_80_160,s3_4_5
4605,s2_885_1695,s2_n103_99,s4_n40_7,s1_below_4282,s1_below_2,s4_2005_2007,s2_760_2075,s3_17_37,Truck (<=6000 lbs.),s2_11_28,Deployed,s2_97_208,s3_2_3,Female,s2_37_80,s3_141_159,s2_164_318,s4_160_220,s2_2_4
4606,s2_885_1695,s2_n103_99,s4_n40_7,s1_below_4282,s1_below_2,s1_below_2001,s2_760_2075,s3_17_37,Passenger Car,s3_28_48,Not Deployed,s2_97_208,s2_1_2,Female,s4_96_114,s3_141_159,s2_164_318,s3_80_160,s2_2_4
4607,s3_1695_2555,s2_n103_99,s4_n40_7,s1_below_4282,s3_3_4,s1_below_2001,s2_760_2075,s3_17_37,Truck (<=6000 lbs.),s3_28_48,Not Deployed,s2_97_208,s1_below_1,Male,s2_37_80,s3_141_159,s2_164_318,s4_160_220,s2_2_4
4608,s3_1695_2555,s2_n103_99,s4_n40_7,s1_below_4282,s1_below_2,s4_2005_2007,s2_760_2075,s4_37_47,Truck (<=6000 lbs.),s2_11_28,Deployed,s2_97_208,s1_below_1,Female,s2_37_80,s3_141_159,s2_164_318,s3_80_160,s2_2_4
4609,s2_885_1695,s2_n103_99,s4_n40_7,s1_below_4282,s1_below_2,s3_2003_2005,s2_760_2075,s3_17_37,Passenger Car,s3_28_48,Not Deployed,s2_97_208,s1_below_1,Female,s2_37_80,s3_141_159,s2_164_318,s3_80_160,s2_2_4
4610,s3_1695_2555,s2_n103_99,s4_n40_7,s1_below_4282,s2_2_3,s5_2007_2009,s3_2075_3730,s3_17_37,Passenger Car,s5_64_76,Not Deployed,s2_97_208,s1_below_1,Male,s3_80_96,s4_159_169,s2_164_318,s2_40_80,s2_2_4
4611,s3_1695_2555,s2_n103_99,s4_n40_7,s1_below_4282,s1_below_2,s2_2001_2003,s2_760_2075,s4_37_47,Truck (<=6000 lbs.),s2_11_28,Not Deployed,s2_97_208,s1_below_1,Male,s2_37_80,s3_141_159,s2_164_318,s3_80_160,s2_2_4
4612,s3_1695_2555,s2_n103_99,s4_n40_7,s1_below_4282,s1_below_2,s2_2001_2003,s2_760_2075,s3_17_37,Truck (<=6000 lbs.),s4_48_64,Not Deployed,s2_97_208,s1_below_1,Female,s2_37_80,s4_159_169,s2_164_318,s2_40_80,s3_4_5
4613,s3_1695_2555,s2_n103_99,s3_n81_n40,s1_below_4282,s3_3_4,s3_2003_2005,s2_760_2075,s5_47_57,Truck (<=6000 lbs.),s2_11_28,Deployed,s2_97_208,s2_1_2,Female,s2_37_80,s3_141_159,s2_164_318,s2_40_80,s2_2_4
4614,s2_885_1695,s2_n103_99,s4_n40_7,s1_below_4282,s1_below_2,s5_2007_2009,s2_760_2075,s4_37_47,Passenger Car,s2_11_28,Deployed,s2_97_208,s1_below_1,Male,s2_37_80,s3_141_159,s2_164_318,s3_80_160,s2_2_4
4615,s2_885_1695,s2_n103_99,s5_7_up,s1_below_4282,s1_below_2,s4_2005_2007,s2_760_2075,s4_37_47,Passenger Car,s3_28_48,Not Deployed,s2_97_208,s1_below_1,Female,s2_37_80,s3_141_159,s2_164_318,s6_260_up,s2_2_4
4616,s3_1695_2555,s2_n103_99,s4_n40_7,s1_below_4282,s1_below_2,s2_2001_2003,s2_760_2075,s4_37_47,Passenger Car,s2_11_28,Deployed,s2_97_208,s1_below_1,Male,s3_80_96,s4_159_169,s2_164_318,s3_80_160,s2_2_4
4617,s3_1695_2555,s2_n103_99,s3_n81_n40,s1_below_4282,s4_4_5,s4_2005_2007,s2_760_2075,s4_37_47,Truck (<=6000 lbs.),s4_48_64,Deployed,s2_97_208,s1_below_1,Female,s3_80_96,s3_141_159,s2_164_318,s3_80_160,s2_2_4
4618,s2_885_1695,s2_n103_99,s3_n81_n40,s1_below_4282,s1_below_2,s2_2001_2003,s2_760_2075,s4_37_47,Truck (<=6000 lbs.),s2_11_28,Deployed,s2_97_208,s3_2_3,Male,s2_37_80,s3_141_159,s2_164_318,s3_80_160,s2_2_4
4619,s2_885_1695,s2_n103_99,s3_n81_n40,s1_below_4282,s1_below_2,s2_2001_2003,s2_760_2075,s4_37_47,Passenger Car,s4_48_64,Deployed,s2_97_208,s4_3_4,Male,s3_80_96,s3_141_159,s2_164_318,s3_80_160,s2_2_4
4620,s2_885_1695,s2_n103_99,s4_n40_7,s1_below_4282,s1_below_2,s5_2007_2009,s2_760_2075,s4_37_47,Passenger Car,s4_48_64,Not Deployed,s2_97_208,s1_below_1,Female,s2_37_80,s3_141_159,s2_164_318,s3_80_160,s2_2_4
4621,s2_885_1695,s2_n103_99,s5_7_up,s1_below_4282,s4_4_5,s4_2005_2007,s2_760_2075,s4_37_47,Passenger Car,s6_76_up,Not Deployed,s2_97_208,s1_below_1,Male,s5_114_130,s3_141_159,s2_164_318,s6_260_up,s2_2_4
4622,s2_885_1695,s2_n103_99,s4_n40_7,s1_below_4282,s2_2_3,s1_below_2001,s2_760_2075,s4_37_47,Passenger Car,s2_11_28,Not Deployed,s2_97_208,s1_below_1,Female,s2_37_80,s3_141_159,s2_164_318,s2_40_80,s2_2_4
4623,s2_885_1695,s2_n103_99,s5_7_up,s1_below_4282,s3_3_4,s2_2001_2003,s2_760_2075,s5_47_57,Passenger Car,s5_64_76,Not Deployed,s2_97_208,s1_below_1,Female,s2_37_80,s3_141_159,s2_164_318,s6_260_up,s2_2_4
4624,s2_885_1695,s2_n103_99,s4_n40_7,s1_below_4282,s2_2_3,s1_below_2001,s3_2075_3730,s4_37_47,Passenger Car,s2_11_28,Deployed,s2_97_208,s4_3_4,Male,s2_37_80,s3_141_159,s2_164_318,s3_80_160,s2_2_4
4625,s3_1695_2555,s2_n103_99,s4_n40_7,s1_below_4282,s2_2_3,s5_2007_2009,s2_760_2075,s4_37_47,Truck (<=6000 lbs.),s4_48_64,Deployed,s2_97_208,s1_below_1,Female,s2_37_80,s4_159_169,s2_164_318,s4_160_220,s3_4_5
4626,s3_1695_2555,s2_n103_99,s4_n40_7,s1_below_4282,s4_4_5,s4_2005_2007,s2_760_2075,s4_37_47,Truck (<=6000 lbs.),s2_11_28,Not Deployed,s2_97_208,s1_below_1,Female,s2_37_80,s4_159_169,s2_164_318,s3_80_160,s2_2_4
4627,s2_885_1695,s2_n103_99,s4_n40_7,s1_below_4282,s4_4_5,s4_2005_2007,s3_2075_3730,s4_37_47,Truck (<=6000 lbs.),s2_11_28,Deployed,s2_97_208,s2_1_2,Female,s2_37_80,s3_141_159,s2_164_318,s3_80_160,s2_2_4
4628,s2_885_1695,s2_n103_99,s5_7_up,s1_below_4282,s2_2_3,s5_2007_2009,s2_760_2075,s5_47_57,Passenger Car,s3_28_48,Not Deployed,s2_97_208,s1_below_1,Female,s2_37_80,s3_141_159,s2_164_318,s6_260_up,s2_2_4
4629,s2_885_1695,s2_n103_99,s3_n81_n40,s1_below_4282,s5_5_6,s2_2001_2003,s3_2075_3730,s4_37_47,Passenger Car,s2_11_28,Deployed,s2_97_208,s1_below_1,Male,s3_80_96,s3_141_159,s2_164_318,s3_80_160,s2_2_4
4630,s3_1695_2555,s2_n103_99,s4_n40_7,s1_below_4282,s4_4_5,s1_below_2001,s2_760_2075,s4_37_47,Truck (<=6000 lbs.),s2_11_28,Deployed,s2_97_208,s1_below_1,Male,s3_80_96,s3_141_159,s2_164_318,s3_80_160,s2_2_4
4631,s3_1695_2555,s2_n103_99,s4_n40_7,s1_below_4282,s1_below_2,s5_2007_2009,s2_760_2075,s4_37_47,Truck (<=10000 lbs.),s3_28_48,Deployed,s2_97_208,s1_below_1,Male,s5_114_130,s5_169_179,s3_318_464,s3_80_160,s4_5_6
4632,s3_1695_2555,s2_n103_99,s5_7_up,s1_below_4282,s1_below_2,s4_2005_2007,s3_2075_3730,s4_37_47,Truck (<=6000 lbs.),s3_28_48,Not Deployed,s2_97_208,s1_below_1,Male,s2_37_80,s3_141_159,s3_318_464,s6_260_up,s3_4_5
4633,s3_1695_2555,s2_n103_99,s4_n40_7,s1_below_4282,s1_below_2,s5_2007_2009,s2_760_2075,s3_17_37,Truck (<=10000 lbs.),s3_28_48,Deployed,s2_97_208,s1_below_1,Female,s2_37_80,s5_169_179,s3_318_464,s3_80_160,s4_5_6
4634,s2_885_1695,s2_n103_99,s4_n40_7,s1_below_4282,s3_3_4,s2_2001_2003,s2_760_2075,s4_37_47,Passenger Car,s2_11_28,Deployed,s2_97_208,s1_below_1,Female,s3_80_96,s3_141_159,s2_164_318,s3_80_160,s2_2_4
4635,s3_1695_2555,s2_n103_99,s4_n40_7,s1_below_4282,s4_4_5,s2_2001_2003,s2_760_2075,s4_37_47,Passenger Car,s3_28_48,Deployed,s2_97_208,s1_below_1,Male,s2_37_80,s4_159_169,s2_164_318,s3_80_160,s2_2_4
4636,s2_885_1695,s2_n103_99,s3_n81_n40,s1_below_4282,s2_2_3,s2_2001_2003,s2_760_2075,s4_37_47,Truck (<=6000 lbs.),s2_11_28,Deployed,s2_97_208,s2_1_2,Female,s2_37_80,s3_141_159,s2_164_318,s3_80_160,s2_2_4
4637,s2_885_1695,s2_n103_99,s4_n40_7,s1_below_4282,s1_below_2,s4_2005_2007,s2_760_2075,s3_17_37,Truck (<=6000 lbs.),s4_48_64,Deployed,s2_97_208,s3_2_3,Female,s2_37_80,s3_141_159,s2_164_318,s3_80_160,s2_2_4
4638,s2_885_1695,s2_n103_99,s5_7_up,s1_below_4282,s1_below_2,s3_2003_2005,s2_760_2075,s5_47_57,Passenger Car,s2_11_28,Deployed,s2_97_208,s4_3_4,Male,s2_37_80,s3_141_159,s2_164_318,s3_80_160,s2_2_4
4639,s3_1695_2555,s2_n103_99,s4_n40_7,s1_below_4282,s4_4_5,s3_2003_2005,s2_760_2075,s3_17_37,Truck (<=10000 lbs.),s2_11_28,Not Deployed,s2_97_208,s1_below_1,Female,s2_37_80,s4_159_169,s2_164_318,s3_80_160,s3_4_5
4640,s3_1695_2555,s2_n103_99,s4_n40_7,s1_below_4282,s2_2_3,s2_2001_2003,s3_2075_3730,s4_37_47,Passenger Car,s5_64_76,Not Deployed,s2_97_208,s5_4_5,Male,s4_96_114,s4_159_169,s2_164_318,s4_160_220,s2_2_4
4641,s3_1695_2555,s2_n103_99,s4_n40_7,s1_below_4282,s4_4_5,s2_2001_2003,s2_760_2075,s4_37_47,Truck (<=10000 lbs.),s2_11_28,Deployed,s2_97_208,s1_below_1,Male,s4_96_114,s3_141_159,s2_164_318,s3_80_160,s2_2_4
4642,s3_1695_2555,s2_n103_99,s4_n40_7,s1_below_4282,s1_below_2,s3_2003_2005,s2_760_2075,s4_37_47,Passenger Car,s3_28_48,Deployed,s2_97_208,s1_below_1,Female,s2_37_80,s3_141_159,s2_164_318,s3_80_160,s2_2_4
4643,s2_885_1695,s2_n103_99,s4_n40_7,s1_below_4282,s3_3_4,s5_2007_2009,s3_2075_3730,s4_37_47,Passenger Car,s3_28_48,Deployed,s2_97_208,s1_below_1,Female,s2_37_80,s3_141_159,s2_164_318,s3_80_160,s2_2_4
4644,s3_1695_2555,s2_n103_99,s4_n40_7,s1_below_4282,s1_below_2,s3_2003_2005,s2_760_2075,s3_17_37,Truck (<=10000 lbs.),s3_28_48,Deployed,s2_97_208,s1_below_1,Male,s3_80_96,s5_169_179,s3_318_464,s3_80_160,s4_5_6
4645,s2_885_1695,s2_n103_99,s4_n40_7,s1_below_4282,s2_2_3,s3_2003_2005,s2_760_2075,s5_47_57,Passenger Car,s4_48_64,Not Deployed,s2_97_208,s1_below_1,Female,s2_37_80,s3_141_159,s2_164_318,s3_80_160,s2_2_4
4646,s2_885_1695,s2_n103_99,s5_7_up,s1_below_4282,s2_2_3,s3_2003_2005,s2_760_2075,s5_47_57,Passenger Car,s4_48_64,Not Deployed,s2_97_208,s1_below_1,Female,s2_37_80,s3_141_159,s2_164_318,s6_260_up,s2_2_4
4647,s2_885_1695,s2_n103_99,s5_7_up,s1_below_4282,s1_below_2,s4_2005_2007,s2_760_2075,s5_47_57,Passenger Car,s3_28_48,Not Deployed,s2_97_208,s1_below_1,Female,s2_37_80,s3_141_159,s2_164_318,s6_260_up,s2_2_4
4648,s2_885_1695,s2_n103_99,s4_n40_7,s1_below_4282,s1_below_2,s3_2003_2005,s2_760_2075,s5_47_57,Passenger Car,s4_48_64,Not Deployed,s2_97_208,s1_below_1,Male,s3_80_96,s3_141_159,s2_164_318,s3_80_160,s2_2_4
4649,s2_885_1695,s2_n103_99,s4_n40_7,s1_below_4282,s1_below_2,s4_2005_2007,s2_760_2075,s4_37_47,Passenger Car,s3_28_48,Not Deployed,s2_97_208,s1_below_1,Female,s3_80_96,s3_141_159,s2_164_318,s3_80_160,s2_2_4
4650,s4_2555_3715,s2_n103_99,s4_n40_7,s1_below_4282,s1_below_2,s4_2005_2007,s2_760_2075,s5_47_57,Truck (<=10000 lbs.),s2_11_28,Deployed,s2_97_208,s1_below_1,Male,s3_80_96,s5_169_179,s3_318_464,s3_80_160,s5_6_7
4651,s2_885_1695,s2_n103_99,s4_n40_7,s1_below_4282,s1_below_2,s1_below_2001,s3_2075_3730,s5_47_57,Passenger Car,s2_11_28,Deployed,s2_97_208,s3_2_3,Male,s2_37_80,s3_141_159,s2_164_318,s3_80_160,s2_2_4
4652,s3_1695_2555,s2_n103_99,s4_n40_7,s1_below_4282,s2_2_3,s4_2005_2007,s2_760_2075,s6_57_up,Truck (<=10000 lbs.),s3_28_48,Not Deployed,s2_97_208,s1_below_1,Male,s2_37_80,s5_169_179,s3_318_464,s3_80_160,s4_5_6
4653,s3_1695_2555,s2_n103_99,s4_n40_7,s1_below_4282,s1_below_2,s2_2001_2003,s2_760_2075,s3_17_37,Truck (<=6000 lbs.),s6_76_up,Not Deployed,s2_97_208,s1_below_1,Female,s2_37_80,s4_159_169,s2_164_318,s3_80_160,s3_4_5
4654,s2_885_1695,s2_n103_99,s4_n40_7,s1_below_4282,s3_3_4,s5_2007_2009,s2_760_2075,s4_37_47,Passenger Car,s2_11_28,Not Deployed,s2_97_208,s1_below_1,Female,s2_37_80,s3_141_159,s2_164_318,s3_80_160,s2_2_4
4655,s2_885_1695,s2_n103_99,s4_n40_7,s1_below_4282,s3_3_4,s1_below_2001,s2_760_2075,s4_37_47,Passenger Car,s2_11_28,Not Deployed,s2_97_208,s1_below_1,Male,s2_37_80,s3_141_159,s2_164_318,s3_80_160,s2_2_4
4656,s2_885_1695,s2_n103_99,s4_n40_7,s1_below_4282,s1_below_2,s3_2003_2005,s2_760_2075,s4_37_47,Passenger Car,s2_11_28,Deployed,s2_97_208,s1_below_1,Female,s2_37_80,s3_141_159,s2_164_318,s2_40_80,s2_2_4
4657,s2_885_1695,s2_n103_99,s4_n40_7,s1_below_4282,s1_below_2,s4_2005_2007,s2_760_2075,s3_17_37,Passenger Car,s3_28_48,Deployed,s2_97_208,s1_below_1,Female,s2_37_80,s4_159_169,s2_164_318,s3_80_160,s2_2_4
4658,s2_885_1695,s2_n103_99,s4_n40_7,s1_below_4282,s5_5_6,s2_2001_2003,s2_760_2075,s4_37_47,Passenger Car,s2_11_28,Not Deployed,s2_97_208,s1_below_1,Female,s2_37_80,s3_141_159,s2_164_318,s3_80_160,s2_2_4
4659,s2_885_1695,s2_n103_99,s4_n40_7,s1_below_4282,s5_5_6,s4_2005_2007,s2_760_2075,s3_17_37,Truck (<=6000 lbs.),s3_28_48,Deployed,s2_97_208,s5_4_5,Male,s2_37_80,s3_141_159,s2_164_318,s4_160_220,s2_2_4
4660,s3_1695_2555,s2_n103_99,s4_n40_7,s1_below_4282,s1_below_2,s4_2005_2007,s2_760_2075,s5_47_57,Truck (<=10000 lbs.),s4_48_64,Deployed,s2_97_208,s1_below_1,Male,s4_96_114,s5_169_179,s3_318_464,s3_80_160,s4_5_6
4661,s3_1695_2555,s2_n103_99,s5_7_up,s1_below_4282,s1_below_2,s1_below_2001,s3_2075_3730,s5_47_57,Truck (<=6000 lbs.),s3_28_48,Not Deployed,s2_97_208,s1_below_1,Female,s2_37_80,s3_141_159,s2_164_318,s6_260_up,s2_2_4
4662,s3_1695_2555,s2_n103_99,s3_n81_n40,s1_below_4282,s1_below_2,s3_2003_2005,s2_760_2075,s4_37_47,Truck (<=6000 lbs.),s4_48_64,Deployed,s2_97_208,s4_3_4,Female,s3_80_96,s3_141_159,s2_164_318,s3_80_160,s2_2_4
4663,s3_1695_2555,s2_n103_99,s4_n40_7,s1_below_4282,s2_2_3,s5_2007_2009,s2_760_2075,s6_57_up,Truck (<=6000 lbs.),s2_11_28,Deployed,s2_97_208,s1_below_1,Male,s4_96_114,s3_141_159,s2_164_318,s3_80_160,s2_2_4
4664,s3_1695_2555,s2_n103_99,s4_n40_7,s1_below_4282,s1_below_2,s4_2005_2007,s2_760_2075,s3_17_37,Truck (<=6000 lbs.),s3_28_48,Deployed,s2_97_208,s2_1_2,Female,s3_80_96,s4_159_169,s2_164_318,s3_80_160,s2_2_4
4665,s2_885_1695,s2_n103_99,s4_n40_7,s1_below_4282,s4_4_5,s3_2003_2005,s2_760_2075,s3_17_37,Passenger Car,s2_11_28,Deployed,s2_97_208,s1_below_1,Male,s3_80_96,s3_141_159,s2_164_318,s3_80_160,s2_2_4
4666,s2_885_1695,s2_n103_99,s4_n40_7,s1_below_4282,s2_2_3,s1_below_2001,s2_760_2075,s3_17_37,Passenger Car,s2_11_28,Not Deployed,s2_97_208,s1_below_1,Male,s2_37_80,s3_141_159,s2_164_318,s2_40_80,s2_2_4
4667,s3_1695_2555,s2_n103_99,s4_n40_7,s1_below_4282,s4_4_5,s3_2003_2005,s2_760_2075,s5_47_57,Truck (<=6000 lbs.),s3_28_48,Not Deployed,s2_97_208,s1_below_1,Female,s2_37_80,s3_141_159,s2_164_318,s4_160_220,s2_2_4
4668,s3_1695_2555,s2_n103_99,s4_n40_7,s1_below_4282,s1_below_2,s3_2003_2005,s2_760_2075,s4_37_47,Truck (<=6000 lbs.),s3_28_48,Deployed,s2_97_208,s1_below_1,Female,s2_37_80,s3_141_159,s2_164_318,s3_80_160,s2_2_4
4669,s3_1695_2555,s2_n103_99,s4_n40_7,s1_below_4282,s4_4_5,s5_2007_2009,s2_760_2075,s4_37_47,Truck (<=10000 lbs.),s5_64_76,Not Deployed,s2_97_208,s1_below_1,Male,s4_96_114,s5_169_179,s3_318_464,s4_160_220,s4_5_6
4670,s2_885_1695,s2_n103_99,s4_n40_7,s1_below_4282,s2_2_3,s4_2005_2007,s2_760_2075,s6_57_up,Passenger Car,s3_28_48,Deployed,s2_97_208,s2_1_2,Male,s3_80_96,s3_141_159,s2_164_318,s3_80_160,s2_2_4
4671,s2_885_1695,s2_n103_99,s5_7_up,s1_below_4282,s2_2_3,s4_2005_2007,s2_760_2075,s6_57_up,Truck (<=6000 lbs.),s3_28_48,Not Deployed,s2_97_208,s1_below_1,Male,s3_80_96,s3_141_159,s2_164_318,s6_260_up,s2_2_4
4672,s3_1695_2555,s2_n103_99,s4_n40_7,s1_below_4282,s1_below_2,s2_2001_2003,s2_760_2075,s5_47_57,Truck (<=6000 lbs.),s3_28_48,Not Deployed,s2_97_208,s1_below_1,Male,s2_37_80,s3_141_159,s2_164_318,s3_80_160,s2_2_4
4673,s4_2555_3715,s2_n103_99,s4_n40_7,s1_below_4282,s1_below_2,s3_2003_2005,s3_2075_3730,s6_57_up,Truck (<=10000 lbs.),s3_28_48,Deployed,s2_97_208,s1_below_1,Male,s4_96_114,s5_169_179,s3_318_464,s3_80_160,s5_6_7
4674,s2_885_1695,s2_n103_99,s4_n40_7,s1_below_4282,s2_2_3,s1_below_2001,s2_760_2075,s6_57_up,Truck (<=6000 lbs.),s3_28_48,Deployed,s2_97_208,s2_1_2,Female,s3_80_96,s3_141_159,s3_318_464,s3_80_160,s2_2_4
4675,s2_885_1695,s2_n103_99,s4_n40_7,s1_below_4282,s1_below_2,s2_2001_2003,s2_760_2075,s5_47_57,Passenger Car,s4_48_64,Deployed,s2_97_208,s2_1_2,Female,s2_37_80,s3_141_159,s2_164_318,s3_80_160,s2_2_4
4676,s3_1695_2555,s2_n103_99,s4_n40_7,s1_below_4282,s1_below_2,s3_2003_2005,s2_760_2075,s5_47_57,Truck (<=6000 lbs.),s5_64_76,Deployed,s2_97_208,s2_1_2,Male,s2_37_80,s3_141_159,s3_318_464,s3_80_160,s3_4_5
4677,s2_885_1695,s2_n103_99,s4_n40_7,s1_below_4282,s3_3_4,s4_2005_2007,s3_2075_3730,s4_37_47,Passenger Car,s6_76_up,Deployed,s2_97_208,s1_below_1,Male,s2_37_80,s3_141_159,s2_164_318,s4_160_220,s2_2_4
4678,s2_885_1695,s2_n103_99,s4_n40_7,s1_below_4282,s1_below_2,s4_2005_2007,s2_760_2075,s3_17_37,Passenger Car,s2_11_28,Deployed,s2_97_208,s1_below_1,Male,s4_96_114,s3_141_159,s2_164_318,s3_80_160,s2_2_4
4679,s3_1695_2555,s2_n103_99,s4_n40_7,s1_below_4282,s2_2_3,s1_below_2001,s2_760_2075,s5_47_57,Truck (<=10000 lbs.),s4_48_64,Not Deployed,s2_97_208,s1_below_1,Male,s6_130_up,s4_159_169,s3_318_464,s3_80_160,s4_5_6
4680,s3_1695_2555,s2_n103_99,s4_n40_7,s1_below_4282,s3_3_4,s4_2005_2007,s3_2075_3730,s4_37_47,Truck (<=10000 lbs.),s2_11_28,Not Deployed,s2_97_208,s1_below_1,Male,s2_37_80,s5_169_179,s3_318_464,s3_80_160,s4_5_6
4681,s2_885_1695,s2_n103_99,s4_n40_7,s1_below_4282,s1_below_2,s4_2005_2007,s2_760_2075,s4_37_47,Passenger Car,s3_28_48,Deployed,s2_97_208,s1_below_1,Female,s3_80_96,s3_141_159,s2_164_318,s3_80_160,s2_2_4
4682,s2_885_1695,s2_n103_99,s4_n40_7,s1_below_4282,s1_below_2,s1_below_2001,s2_760_2075,s5_47_57,Passenger Car,s2_11_28,Deployed,s2_97_208,s1_below_1,Female,s2_37_80,s3_141_159,s2_164_318,s3_80_160,s2_2_4
4683,s3_1695_2555,s2_n103_99,s4_n40_7,s1_below_4282,s1_below_2,s2_2001_2003,s3_2075_3730,s6_57_up,Truck (<=6000 lbs.),s3_28_48,Not Deployed,s2_97_208,s1_below_1,Male,s2_37_80,s4_159_169,s2_164_318,s3_80_160,s2_2_4
4684,s3_1695_2555,s2_n103_99,s5_7_up,s1_below_4282,s1_below_2,s4_2005_2007,s2_760_2075,s6_57_up,Truck (<=10000 lbs.),s3_28_48,Not Deployed,s2_97_208,s1_below_1,Male,s6_130_up,s5_169_179,s3_318_464,s6_260_up,s4_5_6
4685,s2_885_1695,s2_n103_99,s4_n40_7,s1_below_4282,s3_3_4,s2_2001_2003,s2_760_2075,s5_47_57,Truck (<=6000 lbs.),s3_28_48,Deployed,s2_97_208,s2_1_2,Male,s3_80_96,s3_141_159,s2_164_318,s3_80_160,s2_2_4
4686,s2_885_1695,s2_n103_99,s4_n40_7,s1_below_4282,s1_below_2,s3_2003_2005,s2_760_2075,s4_37_47,Passenger Car,s2_11_28,Not Deployed,s2_97_208,s1_below_1,Female,s2_37_80,s3_141_159,s2_164_318,s2_40_80,s2_2_4
4687,s2_885_1695,s2_n103_99,s4_n40_7,s1_below_4282,s4_4_5,s2_2001_2003,s2_760_2075,s4_37_47,Passenger Car,s2_11_28,Deployed,s2_97_208,s1_below_1,Male,s2_37_80,s3_141_159,s2_164_318,s3_80_160,s2_2_4
4688,s2_885_1695,s2_n103_99,s4_n40_7,s1_below_4282,s2_2_3,s4_2005_2007,s3_2075_3730,s3_17_37,Passenger Car,s2_11_28,Deployed,s2_97_208,s1_below_1,Female,s2_37_80,s3_141_159,s2_164_318,s2_40_80,s2_2_4
4689,s2_885_1695,s2_n103_99,s4_n40_7,s1_below_4282,s1_below_2,s3_2003_2005,s2_760_2075,s5_47_57,Passenger Car,s2_11_28,Not Deployed,s2_97_208,s1_below_1,Female,s2_37_80,s3_141_159,s2_164_318,s3_80_160,s2_2_4
4690,s2_885_1695,s2_n103_99,s4_n40_7,s1_below_4282,s2_2_3,s4_2005_2007,s2_760_2075,s4_37_47,Passenger Car,s6_76_up,Deployed,s2_97_208,s1_below_1,Female,s2_37_80,s3_141_159,s2_164_318,s4_160_220,s2_2_4
4691,s2_885_1695,s2_n103_99,s4_n40_7,s1_below_4282,s1_below_2,s4_2005_2007,s2_760_2075,s4_37_47,Passenger Car,s3_28_48,Deployed,s2_97_208,s1_below_1,Female,s2_37_80,s3_141_159,s2_164_318,s3_80_160,s2_2_4
4692,s2_885_1695,s2_n103_99,s4_n40_7,s1_below_4282,s1_below_2,s1_below_2001,s2_760_2075,s3_17_37,Passenger Car,s2_11_28,Deployed,s2_97_208,s2_1_2,Male,s2_37_80,s3_141_159,s2_164_318,s3_80_160,s2_2_4
4693,s2_885_1695,s2_n103_99,s4_n40_7,s1_below_4282,s3_3_4,s4_2005_2007,s2_760_2075,s3_17_37,Passenger Car,s3_28_48,Deployed,s2_97_208,s1_below_1,Female,s3_80_96,s3_141_159,s2_164_318,s3_80_160,s2_2_4
4694,s2_885_1695,s2_n103_99,s4_n40_7,s1_below_4282,s3_3_4,s4_2005_2007,s2_760_2075,s5_47_57,Passenger Car,s2_11_28,Deployed,s2_97_208,s1_below_1,Female,s2_37_80,s3_141_159,s2_164_318,s3_80_160,s2_2_4
4695,s2_885_1695,s2_n103_99,s4_n40_7,s1_below_4282,s4_4_5,s3_2003_2005,s2_760_2075,s5_47_57,Passenger Car,s4_48_64,Deployed,s2_97_208,s1_below_1,Male,s2_37_80,s3_141_159,s2_164_318,s4_160_220,s2_2_4
4696,s2_885_1695,s2_n103_99,s5_7_up,s1_below_4282,s1_below_2,s4_2005_2007,s3_2075_3730,s6_57_up,Passenger Car,s2_11_28,Not Deployed,s2_97_208,s1_below_1,Female,s2_37_80,s3_141_159,s2_164_318,s1_below_40,s2_2_4
4697,s3_1695_2555,s2_n103_99,s4_n40_7,s1_below_4282,s3_3_4,s2_2001_2003,s2_760_2075,s4_37_47,Passenger Car,s4_48_64,Deployed,s2_97_208,s1_below_1,Female,s2_37_80,s4_159_169,s2_164_318,s3_80_160,s3_4_5
4698,s2_885_1695,s2_n103_99,s4_n40_7,s1_below_4282,s3_3_4,s2_2001_2003,s2_760_2075,s5_47_57,Passenger Car,s2_11_28,Deployed,s2_97_208,s1_below_1,Male,s2_37_80,s3_141_159,s2_164_318,s4_160_220,s2_2_4
4699,s3_1695_2555,s2_n103_99,s4_n40_7,s1_below_4282,s3_3_4,s1_below_2001,s2_760_2075,s5_47_57,Truck (<=6000 lbs.),s3_28_48,Deployed,s2_97_208,s1_below_1,Male,s6_130_up,s3_141_159,s2_164_318,s3_80_160,s2_2_4
4700,s2_885_1695,s2_n103_99,s5_7_up,s1_below_4282,s1_below_2,s4_2005_2007,s2_760_2075,s5_47_57,Truck (<=6000 lbs.),s4_48_64,Not Deployed,s2_97_208,s1_below_1,Female,s3_80_96,s3_141_159,s2_164_318,s6_260_up,s2_2_4
4701,s2_885_1695,s2_n103_99,s4_n40_7,s1_below_4282,s4_4_5,s2_2001_2003,s2_760_2075,s5_47_57,Truck (<=6000 lbs.),s2_11_28,Deployed,s2_97_208,s1_below_1,Female,s2_37_80,s3_141_159,s2_164_318,s3_80_160,s2_2_4
4702,s3_1695_2555,s2_n103_99,s4_n40_7,s1_below_4282,s6_6_up,s1_below_2001,s2_760_2075,s4_37_47,Truck (<=6000 lbs.),s4_48_64,Not Deployed,s2_97_208,s2_1_2,Male,s2_37_80,s5_169_179,s2_164_318,s4_160_220,s3_4_5
4703,s3_1695_2555,s2_n103_99,s4_n40_7,s1_below_4282,s1_below_2,s4_2005_2007,s2_760_2075,s3_17_37,Passenger Car,s4_48_64,Not Deployed,s2_97_208,s1_below_1,Female,s2_37_80,s4_159_169,s2_164_318,s2_40_80,s3_4_5
4704,s3_1695_2555,s2_n103_99,s3_n81_n40,s1_below_4282,s3_3_4,s3_2003_2005,s2_760_2075,s5_47_57,Truck (<=6000 lbs.),s2_11_28,Deployed,s2_97_208,s1_below_1,Male,s3_80_96,s3_141_159,s3_318_464,s3_80_160,s2_2_4
4705,s2_885_1695,s2_n103_99,s4_n40_7,s1_below_4282,s4_4_5,s1_below_2001,s2_760_2075,s4_37_47,Passenger Car,s2_11_28,Deployed,s2_97_208,s2_1_2,Female,s2_37_80,s3_141_159,s2_164_318,s4_160_220,s2_2_4
4706,s2_885_1695,s2_n103_99,s4_n40_7,s1_below_4282,s4_4_5,s3_2003_2005,s2_760_2075,s5_47_57,Passenger Car,s2_11_28,Deployed,s2_97_208,s1_below_1,Male,s2_37_80,s3_141_159,s2_164_318,s3_80_160,s2_2_4
4707,s2_885_1695,s2_n103_99,s4_n40_7,s1_below_4282,s3_3_4,s1_below_2001,s2_760_2075,s4_37_47,Passenger Car,s3_28_48,Deployed,s2_97_208,s1_below_1,Male,s3_80_96,s3_141_159,s2_164_318,s3_80_160,s2_2_4
4708,s2_885_1695,s2_n103_99,s4_n40_7,s1_below_4282,s3_3_4,s1_below_2001,s2_760_2075,s4_37_47,Passenger Car,s2_11_28,Deployed,s2_97_208,s1_below_1,Female,s2_37_80,s3_141_159,s2_164_318,s3_80_160,s2_2_4
4709,s2_885_1695,s2_n103_99,s4_n40_7,s1_below_4282,s4_4_5,s4_2005_2007,s2_760_2075,s4_37_47,Passenger Car,s3_28_48,Deployed,s2_97_208,s3_2_3,Male,s3_80_96,s3_141_159,s2_164_318,s3_80_160,s2_2_4
4710,s2_885_1695,s2_n103_99,s4_n40_7,s1_below_4282,s1_below_2,s3_2003_2005,s2_760_2075,s5_47_57,Passenger Car,s3_28_48,Not Deployed,s2_97_208,s1_below_1,Female,s2_37_80,s3_141_159,s2_164_318,s3_80_160,s2_2_4
4711,s2_885_1695,s2_n103_99,s4_n40_7,s1_below_4282,s1_below_2,s1_below_2001,s2_760_2075,s4_37_47,Passenger Car,s3_28_48,Not Deployed,s2_97_208,s1_below_1,Female,s2_37_80,s3_141_159,s2_164_318,s3_80_160,s2_2_4
4712,s2_885_1695,s2_n103_99,s4_n40_7,s1_below_4282,s1_below_2,s5_2007_2009,s2_760_2075,s5_47_57,Passenger Car,s2_11_28,Not Deployed,s2_97_208,s1_below_1,Female,s2_37_80,s3_141_159,s2_164_318,s2_40_80,s2_2_4
4713,s2_885_1695,s2_n103_99,s4_n40_7,s1_below_4282,s1_below_2,s4_2005_2007,s2_760_2075,s5_47_57,Passenger Car,s3_28_48,Not Deployed,s2_97_208,s1_below_1,Female,s2_37_80,s3_141_159,s2_164_318,s4_160_220,s2_2_4
4714,s3_1695_2555,s2_n103_99,s4_n40_7,s1_below_4282,s6_6_up,s3_2003_2005,s2_760_2075,s4_37_47,Truck (<=6000 lbs.),s2_11_28,Not Deployed,s2_97_208,s1_below_1,Female,s4_96_114,s3_141_159,s2_164_318,s3_80_160,s2_2_4
4715,s3_1695_2555,s2_n103_99,s4_n40_7,s1_below_4282,s4_4_5,s3_2003_2005,s2_760_2075,s5_47_57,Truck (<=6000 lbs.),s2_11_28,Not Deployed,s2_97_208,s1_below_1,Male,s3_80_96,s3_141_159,s2_164_318,s4_160_220,s2_2_4
4716,s2_885_1695,s2_n103_99,s5_7_up,s1_below_4282,s4_4_5,s2_2001_2003,s2_760_2075,s4_37_47,Passenger Car,s3_28_48,Not Deployed,s2_97_208,s1_below_1,Female,s2_37_80,s3_141_159,s2_164_318,s6_260_up,s2_2_4
4717,s3_1695_2555,s2_n103_99,s4_n40_7,s1_below_4282,s3_3_4,s3_2003_2005,s2_760_2075,s5_47_57,Truck (<=6000 lbs.),s2_11_28,Not Deployed,s2_97_208,s1_below_1,Male,s4_96_114,s4_159_169,s2_164_318,s4_160_220,s2_2_4
4718,s2_885_1695,s2_n103_99,s4_n40_7,s1_below_4282,s3_3_4,s1_below_2001,s2_760_2075,s5_47_57,Passenger Car,s2_11_28,Not Deployed,s2_97_208,s1_below_1,Female,s2_37_80,s3_141_159,s2_164_318,s3_80_160,s2_2_4
4719,s2_885_1695,s2_n103_99,s4_n40_7,s1_below_4282,s2_2_3,s1_below_2001,s2_760_2075,s4_37_47,Passenger Car,s3_28_48,Not Deployed,s2_97_208,s1_below_1,Male,s3_80_96,s3_141_159,s2_164_318,s2_40_80,s2_2_4
4720,s2_885_1695,s2_n103_99,s4_n40_7,s1_below_4282,s2_2_3,s5_2007_2009,s2_760_2075,s6_57_up,Passenger Car,s2_11_28,Not Deployed,s2_97_208,s1_below_1,Male,s2_37_80,s3_141_159,s2_164_318,s3_80_160,s2_2_4
4721,s3_1695_2555,s2_n103_99,s5_7_up,s1_below_4282,s2_2_3,s4_2005_2007,s2_760_2075,s6_57_up,Truck (<=6000 lbs.),s3_28_48,Not Deployed,s2_97_208,s1_below_1,Female,s2_37_80,s4_159_169,s2_164_318,s6_260_up,s2_2_4
4722,s2_885_1695,s2_n103_99,s4_n40_7,s1_below_4282,s2_2_3,s5_2007_2009,s2_760_2075,s5_47_57,Passenger Car,s2_11_28,Not Deployed,s2_97_208,s1_below_1,Male,s2_37_80,s3_141_159,s2_164_318,s3_80_160,s2_2_4
4723,s2_885_1695,s2_n103_99,s4_n40_7,s1_below_4282,s2_2_3,s3_2003_2005,s2_760_2075,s6_57_up,Passenger Car,s3_28_48,Not Deployed,s2_97_208,s1_below_1,Female,s3_80_96,s3_141_159,s2_164_318,s3_80_160,s2_2_4
4724,s3_1695_2555,s2_n103_99,s4_n40_7,s1_below_4282,s1_below_2,s4_2005_2007,s3_2075_3730,s3_17_37,Truck (<=6000 lbs.),s2_11_28,Not Deployed,s2_97_208,s1_below_1,Male,s3_80_96,s5_169_179,s2_164_318,s2_40_80,s2_2_4
4725,s2_885_1695,s2_n103_99,s4_n40_7,s1_below_4282,s1_below_2,s4_2005_2007,s3_2075_3730,s3_17_37,Passenger Car,s4_48_64,Deployed,s2_97_208,s1_below_1,Female,s2_37_80,s3_141_159,s2_164_318,s3_80_160,s2_2_4
4726,s2_885_1695,s2_n103_99,s5_7_up,s1_below_4282,s5_5_6,s2_2001_2003,s2_760_2075,s5_47_57,Passenger Car,s4_48_64,Not Deployed,s2_97_208,s1_below_1,Female,s4_96_114,s3_141_159,s2_164_318,s6_260_up,s2_2_4
4727,s2_885_1695,s2_n103_99,s4_n40_7,s1_below_4282,s1_below_2,s5_2007_2009,s2_760_2075,s5_47_57,Passenger Car,s2_11_28,Deployed,s2_97_208,s1_below_1,Female,s2_37_80,s3_141_159,s2_164_318,s3_80_160,s2_2_4
4728,s3_1695_2555,s2_n103_99,s4_n40_7,s1_below_4282,s1_below_2,s3_2003_2005,s2_760_2075,s5_47_57,Passenger Car,s4_48_64,Deployed,s2_97_208,s1_below_1,Female,s3_80_96,s3_141_159,s2_164_318,s3_80_160,s2_2_4
4729,s3_1695_2555,s2_n103_99,s4_n40_7,s1_below_4282,s3_3_4,s4_2005_2007,s2_760_2075,s5_47_57,Truck (<=10000 lbs.),s3_28_48,Not Deployed,s2_97_208,s1_below_1,Male,s3_80_96,s5_169_179,s3_318_464,s3_80_160,s4_5_6
4730,s2_885_1695,s2_n103_99,s4_n40_7,s1_below_4282,s3_3_4,s4_2005_2007,s3_2075_3730,s4_37_47,Passenger Car,s2_11_28,Deployed,s2_97_208,s2_1_2,Female,s2_37_80,s3_141_159,s2_164_318,s4_160_220,s2_2_4
4731,s2_885_1695,s2_n103_99,s4_n40_7,s1_below_4282,s4_4_5,s5_2007_2009,s2_760_2075,s5_47_57,Passenger Car,s4_48_64,Not Deployed,s2_97_208,s1_below_1,Male,s4_96_114,s3_141_159,s2_164_318,s3_80_160,s2_2_4
4732,s3_1695_2555,s2_n103_99,s4_n40_7,s1_below_4282,s2_2_3,s3_2003_2005,s2_760_2075,s4_37_47,Truck (<=10000 lbs.),s3_28_48,Deployed,s2_97_208,s1_below_1,Female,s2_37_80,s4_159_169,s2_164_318,s3_80_160,s3_4_5
4733,s2_885_1695,s2_n103_99,s4_n40_7,s1_below_4282,s3_3_4,s4_2005_2007,s2_760_2075,s4_37_47,Passenger Car,s4_48_64,Deployed,s2_97_208,s2_1_2,Female,s3_80_96,s3_141_159,s2_164_318,s3_80_160,s2_2_4
4734,s2_885_1695,s2_n103_99,s5_7_up,s1_below_4282,s1_below_2,s4_2005_2007,s2_760_2075,s4_37_47,Passenger Car,s5_64_76,Not Deployed,s2_97_208,s3_2_3,Male,s2_37_80,s3_141_159,s2_164_318,s5_220_260,s2_2_4
4735,s2_885_1695,s2_n103_99,s4_n40_7,s1_below_4282,s3_3_4,s3_2003_2005,s2_760_2075,s4_37_47,Truck (<=6000 lbs.),s2_11_28,Not Deployed,s2_97_208,s1_below_1,Female,s5_114_130,s3_141_159,s2_164_318,s4_160_220,s2_2_4
4736,s2_885_1695,s2_n103_99,s4_n40_7,s1_below_4282,s1_below_2,s3_2003_2005,s2_760_2075,s3_17_37,Passenger Car,s2_11_28,Not Deployed,s2_97_208,s1_below_1,Female,s2_37_80,s3_141_159,s2_164_318,s4_160_220,s2_2_4
4737,s3_1695_2555,s2_n103_99,s4_n40_7,s1_below_4282,s6_6_up,s2_2001_2003,s2_760_2075,s5_47_57,Truck (<=6000 lbs.),s3_28_48,Deployed,s2_97_208,s1_below_1,Female,s2_37_80,s3_141_159,s2_164_318,s3_80_160,s2_2_4
4738,s3_1695_2555,s2_n103_99,s4_n40_7,s1_below_4282,s3_3_4,s2_2001_2003,s2_760_2075,s3_17_37,Truck (<=10000 lbs.),s2_11_28,Not Deployed,s2_97_208,s1_below_1,Male,s3_80_96,s4_159_169,s2_164_318,s3_80_160,s3_4_5
4739,s2_885_1695,s2_n103_99,s4_n40_7,s1_below_4282,s3_3_4,s3_2003_2005,s2_760_2075,s4_37_47,Passenger Car,s2_11_28,Not Deployed,s2_97_208,s1_below_1,Male,s2_37_80,s3_141_159,s2_164_318,s4_160_220,s2_2_4
4740,s2_885_1695,s2_n103_99,s4_n40_7,s1_below_4282,s2_2_3,s4_2005_2007,s2_760_2075,s4_37_47,Passenger Car,s4_48_64,Deployed,s2_97_208,s1_below_1,Male,s2_37_80,s3_141_159,s2_164_318,s3_80_160,s2_2_4
4741,s2_885_1695,s2_n103_99,s4_n40_7,s1_below_4282,s2_2_3,s2_2001_2003,s2_760_2075,s4_37_47,Passenger Car,s2_11_28,Deployed,s2_97_208,s1_below_1,Male,s3_80_96,s3_141_159,s2_164_318,s3_80_160,s2_2_4
4742,s2_885_1695,s2_n103_99,s4_n40_7,s1_below_4282,s2_2_3,s3_2003_2005,s2_760_2075,s3_17_37,Truck (<=6000 lbs.),s2_11_28,Not Deployed,s2_97_208,s1_below_1,Male,s6_130_up,s3_141_159,s2_164_318,s3_80_160,s2_2_4
4743,s3_1695_2555,s2_n103_99,s4_n40_7,s1_below_4282,s4_4_5,s3_2003_2005,s2_760_2075,s5_47_57,Truck (<=10000 lbs.),s4_48_64,Not Deployed,s2_97_208,s1_below_1,Female,s2_37_80,s4_159_169,s2_164_318,s4_160_220,s3_4_5
4744,s3_1695_2555,s2_n103_99,s4_n40_7,s1_below_4282,s3_3_4,s5_2007_2009,s2_760_2075,s3_17_37,Truck (<=10000 lbs.),s4_48_64,Not Deployed,s2_97_208,s1_below_1,Male,s3_80_96,s5_169_179,s3_318_464,s4_160_220,s4_5_6
4745,s2_885_1695,s2_n103_99,s4_n40_7,s1_below_4282,s3_3_4,s4_2005_2007,s3_2075_3730,s3_17_37,Passenger Car,s2_11_28,Deployed,s2_97_208,s1_below_1,Male,s2_37_80,s3_141_159,s2_164_318,s3_80_160,s2_2_4
4746,s2_885_1695,s2_n103_99,s4_n40_7,s1_below_4282,s1_below_2,s4_2005_2007,s3_2075_3730,s5_47_57,Passenger Car,s2_11_28,Not Deployed,s2_97_208,s1_below_1,Male,s4_96_114,s3_141_159,s2_164_318,s3_80_160,s2_2_4
4747,s3_1695_2555,s2_n103_99,s4_n40_7,s1_below_4282,s2_2_3,s4_2005_2007,s2_760_2075,s4_37_47,Truck (<=6000 lbs.),s3_28_48,Deployed,s2_97_208,s1_below_1,Female,s4_96_114,s4_159_169,s2_164_318,s3_80_160,s3_4_5
4748,s3_1695_2555,s2_n103_99,s4_n40_7,s1_below_4282,s3_3_4,s3_2003_2005,s2_760_2075,s5_47_57,Truck (<=6000 lbs.),s2_11_28,Not Deployed,s2_97_208,s1_below_1,Male,s2_37_80,s3_141_159,s3_318_464,s3_80_160,s2_2_4
4749,s3_1695_2555,s2_n103_99,s4_n40_7,s1_below_4282,s2_2_3,s4_2005_2007,s2_760_2075,s6_57_up,Truck (<=6000 lbs.),s4_48_64,Not Deployed,s2_97_208,s1_below_1,Female,s2_37_80,s4_159_169,s2_164_318,s3_80_160,s2_2_4
4750,s2_885_1695,s2_n103_99,s4_n40_7,s1_below_4282,s1_below_2,s1_below_2001,s2_760_2075,s3_17_37,Truck (<=6000 lbs.),s3_28_48,Not Deployed,s2_97_208,s1_below_1,Male,s2_37_80,s3_141_159,s2_164_318,s3_80_160,s2_2_4
4751,s3_1695_2555,s2_n103_99,s4_n40_7,s1_below_4282,s4_4_5,s4_2005_2007,s2_760_2075,s5_47_57,Passenger Car,s3_28_48,Not Deployed,s2_97_208,s1_below_1,Female,s2_37_80,s3_141_159,s2_164_318,s3_80_160,s2_2_4
4752,s2_885_1695,s2_n103_99,s5_7_up,s1_below_4282,s4_4_5,s1_below_2001,s2_760_2075,s5_47_57,Passenger Car,s2_11_28,Not Deployed,s2_97_208,s1_below_1,Female,s3_80_96,s3_141_159,s2_164_318,s6_260_up,s2_2_4
4753,s3_1695_2555,s2_n103_99,s4_n40_7,s1_below_4282,s3_3_4,s4_2005_2007,s2_760_2075,s4_37_47,Passenger Car,s2_11_28,Deployed,s2_97_208,s1_below_1,Male,s3_80_96,s4_159_169,s2_164_318,s2_40_80,s3_4_5
4754,s2_885_1695,s2_n103_99,s4_n40_7,s1_below_4282,s3_3_4,s2_2001_2003,s2_760_2075,s4_37_47,Passenger Car,s2_11_28,Not Deployed,s2_97_208,s1_below_1,Male,s5_114_130,s3_141_159,s2_164_318,s4_160_220,s2_2_4
4755,s2_885_1695,s2_n103_99,s4_n40_7,s1_below_4282,s1_below_2,s3_2003_2005,s2_760_2075,s3_17_37,Passenger Car,s2_11_28,Deployed,s2_97_208,s1_below_1,Male,s3_80_96,s3_141_159,s2_164_318,s3_80_160,s2_2_4
4756,s2_885_1695,s2_n103_99,s4_n40_7,s1_below_4282,s2_2_3,s2_2001_2003,s2_760_2075,s3_17_37,Passenger Car,s2_11_28,Not Deployed,s2_97_208,s1_below_1,Female,s3_80_96,s3_141_159,s2_164_318,s3_80_160,s2_2_4
4757,s2_885_1695,s2_n103_99,s4_n40_7,s1_below_4282,s1_below_2,s3_2003_2005,s3_2075_3730,s4_37_47,Truck (<=6000 lbs.),s2_11_28,Not Deployed,s2_97_208,s1_below_1,Male,s4_96_114,s3_141_159,s2_164_318,s3_80_160,s2_2_4
4758,s3_1695_2555,s2_n103_99,s3_n81_n40,s1_below_4282,s3_3_4,s4_2005_2007,s2_760_2075,s5_47_57,Truck (<=6000 lbs.),s2_11_28,Deployed,s2_97_208,s1_below_1,Male,s2_37_80,s3_141_159,s2_164_318,s3_80_160,s2_2_4
4759,s3_1695_2555,s2_n103_99,s3_n81_n40,s1_below_4282,s4_4_5,s2_2001_2003,s2_760_2075,s5_47_57,Truck (<=6000 lbs.),s4_48_64,Deployed,s2_97_208,s1_below_1,Female,s4_96_114,s4_159_169,s2_164_318,s4_160_220,s3_4_5
4760,s3_1695_2555,s2_n103_99,s4_n40_7,s1_below_4282,s3_3_4,s2_2001_2003,s2_760_2075,s4_37_47,Passenger Car,s2_11_28,Not Deployed,s2_97_208,s1_below_1,Female,s2_37_80,s4_159_169,s2_164_318,s3_80_160,s3_4_5
4761,s2_885_1695,s2_n103_99,s4_n40_7,s1_below_4282,s3_3_4,s4_2005_2007,s3_2075_3730,s5_47_57,Passenger Car,s2_11_28,Not Deployed,s2_97_208,s1_below_1,Female,s2_37_80,s4_159_169,s2_164_318,s4_160_220,s2_2_4
4762,s2_885_1695,s2_n103_99,s5_7_up,s1_below_4282,s3_3_4,s4_2005_2007,s2_760_2075,s3_17_37,Truck (<=6000 lbs.),s4_48_64,Not Deployed,s2_97_208,s1_below_1,Female,s2_37_80,s3_141_159,s2_164_318,s6_260_up,s2_2_4
4763,s3_1695_2555,s2_n103_99,s4_n40_7,s1_below_4282,s2_2_3,s3_2003_2005,s3_2075_3730,s5_47_57,Truck (<=10000 lbs.),s3_28_48,Deployed,s2_97_208,s1_below_1,Male,s4_96_114,s5_169_179,s3_318_464,s3_80_160,s4_5_6
4764,s2_885_1695,s2_n103_99,s5_7_up,s1_below_4282,s1_below_2,s1_below_2001,s2_760_2075,s4_37_47,Passenger Car,s3_28_48,Not Deployed,s2_97_208,s1_below_1,Female,s2_37_80,s3_141_159,s2_164_318,s6_260_up,s2_2_4
4765,s2_885_1695,s2_n103_99,s4_n40_7,s1_below_4282,s1_below_2,s1_below_2001,s3_2075_3730,s4_37_47,Passenger Car,s2_11_28,Not Deployed,s2_97_208,s1_below_1,Male,s2_37_80,s3_141_159,s2_164_318,s3_80_160,s2_2_4
4766,s3_1695_2555,s2_n103_99,s4_n40_7,s1_below_4282,s4_4_5,s3_2003_2005,s2_760_2075,s5_47_57,Truck (<=6000 lbs.),s5_64_76,Not Deployed,s2_97_208,s1_below_1,Male,s3_80_96,s3_141_159,s3_318_464,s3_80_160,s2_2_4
4767,s4_2555_3715,s2_n103_99,s4_n40_7,s1_below_4282,s1_below_2,s5_2007_2009,s2_760_2075,s5_47_57,Truck (<=10000 lbs.),s3_28_48,Not Deployed,s2_97_208,s1_below_1,Female,s2_37_80,s5_169_179,s3_318_464,s2_40_80,s4_5_6
4768,s3_1695_2555,s2_n103_99,s4_n40_7,s1_below_4282,s2_2_3,s2_2001_2003,s3_2075_3730,s5_47_57,Truck (<=6000 lbs.),s4_48_64,Not Deployed,s2_97_208,s1_below_1,Female,s2_37_80,s3_141_159,s2_164_318,s3_80_160,s2_2_4
4769,s3_1695_2555,s2_n103_99,s4_n40_7,s1_below_4282,s3_3_4,s3_2003_2005,s2_760_2075,s5_47_57,Truck (<=10000 lbs.),s3_28_48,Not Deployed,s2_97_208,s1_below_1,Female,s2_37_80,s4_159_169,s3_318_464,s3_80_160,s4_5_6
4770,s3_1695_2555,s2_n103_99,s5_7_up,s1_below_4282,s1_below_2,s4_2005_2007,s2_760_2075,s3_17_37,Truck (<=6000 lbs.),s3_28_48,Not Deployed,s2_97_208,s1_below_1,Male,s3_80_96,s4_159_169,s2_164_318,s1_below_40,s3_4_5
4771,s2_885_1695,s2_n103_99,s4_n40_7,s1_below_4282,s2_2_3,s3_2003_2005,s2_760_2075,s3_17_37,Passenger Car,s4_48_64,Deployed,s2_97_208,s1_below_1,Female,s2_37_80,s3_141_159,s2_164_318,s3_80_160,s2_2_4
4772,s2_885_1695,s2_n103_99,s4_n40_7,s1_below_4282,s1_below_2,s4_2005_2007,s2_760_2075,s6_57_up,Truck (<=6000 lbs.),s3_28_48,Not Deployed,s2_97_208,s1_below_1,Male,s2_37_80,s3_141_159,s2_164_318,s2_40_80,s2_2_4
4773,s3_1695_2555,s2_n103_99,s4_n40_7,s1_below_4282,s5_5_6,s1_below_2001,s2_760_2075,s5_47_57,Truck (<=10000 lbs.),s5_64_76,Not Deployed,s2_97_208,s2_1_2,Male,s3_80_96,s4_159_169,s3_318_464,s3_80_160,s4_5_6
4774,s2_885_1695,s2_n103_99,s5_7_up,s1_below_4282,s5_5_6,s3_2003_2005,s2_760_2075,s5_47_57,Passenger Car,s6_76_up,Not Deployed,s2_97_208,s1_below_1,Male,s3_80_96,s3_141_159,s2_164_318,s6_260_up,s2_2_4
4775,s3_1695_2555,s2_n103_99,s4_n40_7,s1_below_4282,s2_2_3,s3_2003_2005,s3_2075_3730,s3_17_37,Truck (<=6000 lbs.),s2_11_28,Not Deployed,s2_97_208,s1_below_1,Male,s4_96_114,s3_141_159,s2_164_318,s3_80_160,s2_2_4
4776,s2_885_1695,s2_n103_99,s4_n40_7,s1_below_4282,s3_3_4,s2_2001_2003,s2_760_2075,s4_37_47,Truck (<=6000 lbs.),s6_76_up,Not Deployed,s2_97_208,s1_below_1,Male,s2_37_80,s3_141_159,s2_164_318,s3_80_160,s2_2_4
4777,s2_885_1695,s2_n103_99,s3_n81_n40,s1_below_4282,s3_3_4,s3_2003_2005,s2_760_2075,s4_37_47,Passenger Car,s2_11_28,Deployed,s2_97_208,s1_below_1,Female,s4_96_114,s3_141_159,s2_164_318,s3_80_160,s2_2_4
4778,s2_885_1695,s2_n103_99,s4_n40_7,s1_below_4282,s2_2_3,s5_2007_2009,s2_760_2075,s4_37_47,Passenger Car,s2_11_28,Deployed,s2_97_208,s1_below_1,Male,s3_80_96,s3_141_159,s2_164_318,s3_80_160,s2_2_4
4779,s2_885_1695,s2_n103_99,s5_7_up,s1_below_4282,s3_3_4,s4_2005_2007,s3_2075_3730,s4_37_47,Passenger Car,s2_11_28,Deployed,s2_97_208,s2_1_2,Male,s3_80_96,s3_141_159,s2_164_318,s6_260_up,s2_2_4
4780,s2_885_1695,s2_n103_99,s5_7_up,s1_below_4282,s2_2_3,s4_2005_2007,s2_760_2075,s5_47_57,Passenger Car,s2_11_28,Not Deployed,s2_97_208,s1_below_1,Female,s2_37_80,s3_141_159,s2_164_318,s6_260_up,s2_2_4
4781,s3_1695_2555,s2_n103_99,s4_n40_7,s1_below_4282,s2_2_3,s4_2005_2007,s2_760_2075,s3_17_37,Truck (<=10000 lbs.),s4_48_64,Not Deployed,s2_97_208,s1_below_1,Male,s3_80_96,s5_169_179,s3_318_464,s3_80_160,s4_5_6
4782,s3_1695_2555,s2_n103_99,s4_n40_7,s1_below_4282,s2_2_3,s1_below_2001,s3_2075_3730,s3_17_37,Truck (<=6000 lbs.),s3_28_48,Not Deployed,s2_97_208,s1_below_1,Female,s6_130_up,s3_141_159,s2_164_318,s2_40_80,s2_2_4
4783,s2_885_1695,s2_n103_99,s5_7_up,s1_below_4282,s3_3_4,s3_2003_2005,s2_760_2075,s3_17_37,Truck (<=6000 lbs.),s3_28_48,Not Deployed,s2_97_208,s1_below_1,Female,s4_96_114,s3_141_159,s3_318_464,s6_260_up,s2_2_4
4784,s2_885_1695,s2_n103_99,s3_n81_n40,s1_below_4282,s2_2_3,s4_2005_2007,s2_760_2075,s5_47_57,Passenger Car,s2_11_28,Deployed,s2_97_208,s1_below_1,Female,s2_37_80,s3_141_159,s2_164_318,s4_160_220,s2_2_4
4785,s3_1695_2555,s2_n103_99,s4_n40_7,s1_below_4282,s3_3_4,s5_2007_2009,s2_760_2075,s5_47_57,Truck (<=6000 lbs.),s3_28_48,Deployed,s2_97_208,s1_below_1,Female,s2_37_80,s3_141_159,s2_164_318,s3_80_160,s2_2_4
4786,s3_1695_2555,s2_n103_99,s4_n40_7,s1_below_4282,s3_3_4,s4_2005_2007,s2_760_2075,s4_37_47,Truck (<=6000 lbs.),s3_28_48,Not Deployed,s2_97_208,s1_below_1,Female,s2_37_80,s4_159_169,s2_164_318,s3_80_160,s3_4_5
4787,s2_885_1695,s2_n103_99,s4_n40_7,s1_below_4282,s1_below_2,s1_below_2001,s2_760_2075,s3_17_37,Passenger Car,s2_11_28,Deployed,s2_97_208,s3_2_3,Female,s3_80_96,s3_141_159,s2_164_318,s3_80_160,s2_2_4
4788,s3_1695_2555,s2_n103_99,s4_n40_7,s1_below_4282,s1_below_2,s2_2001_2003,s2_760_2075,s5_47_57,Truck (<=10000 lbs.),s3_28_48,Deployed,s2_97_208,s1_below_1,Male,s2_37_80,s4_159_169,s3_318_464,s3_80_160,s4_5_6
4789,s2_885_1695,s2_n103_99,s5_7_up,s1_below_4282,s1_below_2,s2_2001_2003,s2_760_2075,s5_47_57,Passenger Car,s2_11_28,Not Deployed,s2_97_208,s1_below_1,Female,s3_80_96,s3_141_159,s2_164_318,s6_260_up,s2_2_4
4790,s2_885_1695,s2_n103_99,s4_n40_7,s1_below_4282,s3_3_4,s4_2005_2007,s3_2075_3730,s5_47_57,Passenger Car,s3_28_48,Deployed,s2_97_208,s3_2_3,Male,s4_96_114,s3_141_159,s2_164_318,s3_80_160,s2_2_4
4791,s3_1695_2555,s2_n103_99,s5_7_up,s1_below_4282,s3_3_4,s5_2007_2009,s2_760_2075,s5_47_57,Truck (<=10000 lbs.),s3_28_48,Not Deployed,s2_97_208,s1_below_1,Female,s2_37_80,s3_141_159,s2_164_318,s6_260_up,s2_2_4
4792,s2_885_1695,s2_n103_99,s4_n40_7,s1_below_4282,s4_4_5,s1_below_2001,s2_760_2075,s4_37_47,Passenger Car,s2_11_28,Deployed,s2_97_208,s1_below_1,Female,s2_37_80,s3_141_159,s2_164_318,s4_160_220,s2_2_4
4793,s2_885_1695,s2_n103_99,s5_7_up,s1_below_4282,s3_3_4,s3_2003_2005,s2_760_2075,s5_47_57,Passenger Car,s3_28_48,Not Deployed,s2_97_208,s1_below_1,Female,s2_37_80,s3_141_159,s2_164_318,s6_260_up,s2_2_4
4794,s2_885_1695,s2_n103_99,s4_n40_7,s1_below_4282,s3_3_4,s4_2005_2007,s2_760_2075,s4_37_47,Truck (<=6000 lbs.),s4_48_64,Not Deployed,s2_97_208,s1_below_1,Male,s3_80_96,s3_141_159,s2_164_318,s3_80_160,s2_2_4
4795,s2_885_1695,s2_n103_99,s4_n40_7,s1_below_4282,s1_below_2,s4_2005_2007,s2_760_2075,s3_17_37,Passenger Car,s3_28_48,Deployed,s2_97_208,s1_below_1,Female,s2_37_80,s3_141_159,s2_164_318,s3_80_160,s2_2_4
4796,s2_885_1695,s2_n103_99,s4_n40_7,s1_below_4282,s3_3_4,s5_2007_2009,s3_2075_3730,s5_47_57,Passenger Car,s3_28_48,Not Deployed,s2_97_208,s1_below_1,Male,s4_96_114,s3_141_159,s2_164_318,s3_80_160,s2_2_4
4797,s2_885_1695,s2_n103_99,s5_7_up,s1_below_4282,s1_below_2,s1_below_2001,s2_760_2075,s4_37_47,Passenger Car,s3_28_48,Not Deployed,s2_97_208,s1_below_1,Male,s5_114_130,s3_141_159,s2_164_318,s6_260_up,s2_2_4
4798,s2_885_1695,s2_n103_99,s4_n40_7,s1_below_4282,s2_2_3,s1_below_2001,s3_2075_3730,s5_47_57,Passenger Car,s4_48_64,Deployed,s2_97_208,s1_below_1,Female,s4_96_114,s3_141_159,s2_164_318,s3_80_160,s2_2_4
4799,s2_885_1695,s2_n103_99,s4_n40_7,s1_below_4282,s3_3_4,s1_below_2001,s2_760_2075,s5_47_57,Passenger Car,s4_48_64,Deployed,s2_97_208,s1_below_1,Male,s3_80_96,s3_141_159,s2_164_318,s4_160_220,s2_2_4
4800,s2_885_1695,s2_n103_99,s4_n40_7,s1_below_4282,s3_3_4,s3_2003_2005,s2_760_2075,s5_47_57,Passenger Car,s5_64_76,Deployed,s2_97_208,s1_below_1,Male,s2_37_80,s3_141_159,s2_164_318,s3_80_160,s2_2_4
4801,s2_885_1695,s2_n103_99,s4_n40_7,s1_below_4282,s3_3_4,s2_2001_2003,s2_760_2075,s5_47_57,Passenger Car,s2_11_28,Not Deployed,s2_97_208,s1_below_1,Female,s2_37_80,s3_141_159,s2_164_318,s3_80_160,s2_2_4
4802,s2_885_1695,s2_n103_99,s4_n40_7,s1_below_4282,s4_4_5,s2_2001_2003,s2_760_2075,s4_37_47,Passenger Car,s4_48_64,Not Deployed,s2_97_208,s1_below_1,Female,s2_37_80,s3_141_159,s2_164_318,s3_80_160,s2_2_4
4803,s3_1695_2555,s2_n103_99,s5_7_up,s1_below_4282,s4_4_5,s5_2007_2009,s2_760_2075,s4_37_47,Truck (<=6000 lbs.),s4_48_64,Not Deployed,s2_97_208,s1_below_1,Female,s2_37_80,s3_141_159,s2_164_318,s6_260_up,s2_2_4
4804,s2_885_1695,s2_n103_99,s4_n40_7,s1_below_4282,s3_3_4,s4_2005_2007,s2_760_2075,s5_47_57,Truck (<=6000 lbs.),s3_28_48,Not Deployed,s2_97_208,s4_3_4,Female,s3_80_96,s3_141_159,s2_164_318,s4_160_220,s2_2_4
4805,s3_1695_2555,s2_n103_99,s4_n40_7,s1_below_4282,s2_2_3,s2_2001_2003,s3_2075_3730,s3_17_37,Truck (<=6000 lbs.),s2_11_28,Not Deployed,s2_97_208,s1_below_1,Female,s2_37_80,s3_141_159,s2_164_318,s3_80_160,s2_2_4
4806,s3_1695_2555,s2_n103_99,s4_n40_7,s1_below_4282,s3_3_4,s2_2001_2003,s2_760_2075,s3_17_37,Truck (<=10000 lbs.),s3_28_48,Not Deployed,s2_97_208,s1_below_1,Female,s2_37_80,s4_159_169,s3_318_464,s3_80_160,s4_5_6
4807,s2_885_1695,s2_n103_99,s4_n40_7,s1_below_4282,s1_below_2,s1_below_2001,s2_760_2075,s3_17_37,Truck (<=6000 lbs.),s4_48_64,Deployed,s2_97_208,s4_3_4,Female,s2_37_80,s3_141_159,s3_318_464,s3_80_160,s2_2_4
4808,s2_885_1695,s2_n103_99,s4_n40_7,s1_below_4282,s1_below_2,s5_2007_2009,s2_760_2075,s3_17_37,Passenger Car,s2_11_28,Not Deployed,s2_97_208,s1_below_1,Female,s2_37_80,s3_141_159,s2_164_318,s3_80_160,s2_2_4
4809,s3_1695_2555,s2_n103_99,s4_n40_7,s1_below_4282,s3_3_4,s4_2005_2007,s2_760_2075,s3_17_37,Truck (<=6000 lbs.),s3_28_48,Not Deployed,s2_97_208,s1_below_1,Female,s3_80_96,s4_159_169,s2_164_318,s3_80_160,s2_2_4
4810,s2_885_1695,s2_n103_99,s3_n81_n40,s1_below_4282,s2_2_3,s1_below_2001,s2_760_2075,s4_37_47,Passenger Car,s2_11_28,Deployed,s2_97_208,s1_below_1,Male,s3_80_96,s3_141_159,s2_164_318,s3_80_160,s2_2_4
4811,s3_1695_2555,s2_n103_99,s4_n40_7,s1_below_4282,s4_4_5,s4_2005_2007,s2_760_2075,s3_17_37,Passenger Car,s3_28_48,Deployed,s2_97_208,s1_below_1,Male,s3_80_96,s4_159_169,s2_164_318,s3_80_160,s3_4_5
4812,s2_885_1695,s2_n103_99,s4_n40_7,s1_below_4282,s3_3_4,s2_2001_2003,s2_760_2075,s3_17_37,Passenger Car,s3_28_48,Not Deployed,s2_97_208,s1_below_1,Female,s2_37_80,s3_141_159,s2_164_318,s3_80_160,s2_2_4
4813,s3_1695_2555,s2_n103_99,s4_n40_7,s1_below_4282,s4_4_5,s2_2001_2003,s2_760_2075,s4_37_47,Truck (<=10000 lbs.),s3_28_48,Not Deployed,s2_97_208,s1_below_1,Female,s3_80_96,s5_169_179,s3_318_464,s2_40_80,s4_5_6
4814,s3_1695_2555,s2_n103_99,s4_n40_7,s1_below_4282,s3_3_4,s1_below_2001,s3_2075_3730,s3_17_37,Passenger Car,s2_11_28,Deployed,s2_97_208,s1_below_1,Female,s2_37_80,s3_141_159,s2_164_318,s4_160_220,s2_2_4
4815,s2_885_1695,s2_n103_99,s4_n40_7,s1_below_4282,s1_below_2,s1_below_2001,s2_760_2075,s5_47_57,Passenger Car,s2_11_28,Deployed,s2_97_208,s2_1_2,Female,s2_37_80,s3_141_159,s2_164_318,s3_80_160,s2_2_4
4816,s3_1695_2555,s2_n103_99,s4_n40_7,s1_below_4282,s2_2_3,s3_2003_2005,s2_760_2075,s5_47_57,Passenger Car,s2_11_28,Not Deployed,s2_97_208,s1_below_1,Male,s4_96_114,s4_159_169,s2_164_318,s4_160_220,s3_4_5
4817,s2_885_1695,s2_n103_99,s5_7_up,s2_4282_6970,s1_below_2,s3_2003_2005,s3_2075_3730,s3_17_37,Passenger Car,s2_11_28,Not Deployed,s2_97_208,s6_5_up,Female,s2_37_80,s3_141_159,s2_164_318,s5_220_260,s2_2_4
4818,s3_1695_2555,s2_n103_99,s3_n81_n40,s1_below_4282,s1_below_2,s1_below_2001,s2_760_2075,s3_17_37,Truck (<=10000 lbs.),s4_48_64,Deployed,s2_97_208,s3_2_3,Female,s4_96_114,s4_159_169,s3_318_464,s3_80_160,s4_5_6
4819,s2_885_1695,s2_n103_99,s4_n40_7,s1_below_4282,s3_3_4,s1_below_2001,s2_760_2075,s4_37_47,Passenger Car,s2_11_28,Deployed,s2_97_208,s1_below_1,Male,s2_37_80,s3_141_159,s2_164_318,s4_160_220,s2_2_4
4820,s3_1695_2555,s2_n103_99,s4_n40_7,s1_below_4282,s1_below_2,s4_2005_2007,s2_760_2075,s3_17_37,Truck (<=6000 lbs.),s2_11_28,Deployed,s2_97_208,s1_below_1,Female,s2_37_80,s4_159_169,s2_164_318,s3_80_160,s2_2_4
4821,s2_885_1695,s2_n103_99,s4_n40_7,s1_below_4282,s1_below_2,s3_2003_2005,s2_760_2075,s3_17_37,Truck (<=6000 lbs.),s2_11_28,Not Deployed,s2_97_208,s1_below_1,Female,s2_37_80,s3_141_159,s2_164_318,s4_160_220,s2_2_4
4822,s2_885_1695,s2_n103_99,s3_n81_n40,s1_below_4282,s3_3_4,s2_2001_2003,s3_2075_3730,s3_17_37,Passenger Car,s2_11_28,Deployed,s2_97_208,s1_below_1,Female,s2_37_80,s3_141_159,s2_164_318,s3_80_160,s2_2_4
4823,s2_885_1695,s2_n103_99,s5_7_up,s1_below_4282,s3_3_4,s4_2005_2007,s2_760_2075,s4_37_47,Passenger Car,s3_28_48,Not Deployed,s2_97_208,s1_below_1,Male,s5_114_130,s3_141_159,s2_164_318,s6_260_up,s2_2_4
4824,s3_1695_2555,s2_n103_99,s5_7_up,s1_below_4282,s3_3_4,s1_below_2001,s3_2075_3730,s6_57_up,Passenger Car,s2_11_28,Not Deployed,s2_97_208,s1_below_1,Male,s2_37_80,s4_159_169,s2_164_318,s6_260_up,s2_2_4
4825,s2_885_1695,s2_n103_99,s4_n40_7,s1_below_4282,s3_3_4,s4_2005_2007,s2_760_2075,s3_17_37,Passenger Car,s5_64_76,Not Deployed,s2_97_208,s1_below_1,Male,s2_37_80,s3_141_159,s2_164_318,s3_80_160,s2_2_4
4826,s2_885_1695,s2_n103_99,s4_n40_7,s1_below_4282,s1_below_2,s1_below_2001,s2_760_2075,s4_37_47,Passenger Car,s2_11_28,Deployed,s2_97_208,s1_below_1,Male,s2_37_80,s3_141_159,s2_164_318,s3_80_160,s2_2_4
4827,s3_1695_2555,s2_n103_99,s4_n40_7,s1_below_4282,s3_3_4,s3_2003_2005,s2_760_2075,s3_17_37,Truck (<=6000 lbs.),s2_11_28,Not Deployed,s2_97_208,s1_below_1,Female,s3_80_96,s4_159_169,s2_164_318,s4_160_220,s2_2_4
4828,s2_885_1695,s2_n103_99,s4_n40_7,s1_below_4282,s3_3_4,s4_2005_2007,s2_760_2075,s6_57_up,Passenger Car,s2_11_28,Not Deployed,s2_97_208,s1_below_1,Female,s2_37_80,s3_141_159,s2_164_318,s3_80_160,s2_2_4
4829,s2_885_1695,s2_n103_99,s5_7_up,s1_below_4282,s5_5_6,s3_2003_2005,s2_760_2075,s6_57_up,Passenger Car,s4_48_64,Deployed,s2_97_208,s3_2_3,Male,s4_96_114,s3_141_159,s2_164_318,s3_80_160,s2_2_4
4830,s2_885_1695,s2_n103_99,s4_n40_7,s1_below_4282,s1_below_2,s3_2003_2005,s2_760_2075,s3_17_37,Passenger Car,s4_48_64,Not Deployed,s2_97_208,s1_below_1,Male,s4_96_114,s3_141_159,s2_164_318,s2_40_80,s2_2_4
4831,s2_885_1695,s2_n103_99,s4_n40_7,s1_below_4282,s3_3_4,s1_below_2001,s2_760_2075,s3_17_37,Passenger Car,s2_11_28,Deployed,s2_97_208,s1_below_1,Male,s3_80_96,s3_141_159,s2_164_318,s4_160_220,s2_2_4
4832,s2_885_1695,s2_n103_99,s4_n40_7,s1_below_4282,s3_3_4,s1_below_2001,s2_760_2075,s4_37_47,Passenger Car,s2_11_28,Not Deployed,s2_97_208,s1_below_1,Male,s2_37_80,s3_141_159,s2_164_318,s3_80_160,s2_2_4
4833,s3_1695_2555,s2_n103_99,s4_n40_7,s1_below_4282,s3_3_4,s2_2001_2003,s2_760_2075,s4_37_47,Truck (<=6000 lbs.),s4_48_64,Deployed,s2_97_208,s1_below_1,Female,s2_37_80,s4_159_169,s2_164_318,s3_80_160,s2_2_4
4834,s2_885_1695,s2_n103_99,s4_n40_7,s1_below_4282,s3_3_4,s1_below_2001,s2_760_2075,s4_37_47,Truck (<=6000 lbs.),s3_28_48,Deployed,s2_97_208,s1_below_1,Male,s2_37_80,s3_141_159,s2_164_318,s4_160_220,s2_2_4
4835,s2_885_1695,s2_n103_99,s4_n40_7,s1_below_4282,s4_4_5,s5_2007_2009,s3_2075_3730,s3_17_37,Passenger Car,s2_11_28,Deployed,s2_97_208,s1_below_1,Male,s2_37_80,s3_141_159,s2_164_318,s3_80_160,s2_2_4
4836,s3_1695_2555,s2_n103_99,s4_n40_7,s1_below_4282,s4_4_5,s1_below_2001,s2_760_2075,s3_17_37,Truck (<=10000 lbs.),s2_11_28,Not Deployed,s2_97_208,s1_below_1,Male,s3_80_96,s4_159_169,s2_164_318,s3_80_160,s2_2_4
4837,s2_885_1695,s2_n103_99,s4_n40_7,s1_below_4282,s3_3_4,s1_below_2001,s2_760_2075,s4_37_47,Passenger Car,s3_28_48,Not Deployed,s2_97_208,s3_2_3,Male,s3_80_96,s3_141_159,s2_164_318,s4_160_220,s2_2_4
4838,s3_1695_2555,s2_n103_99,s4_n40_7,s1_below_4282,s3_3_4,s3_2003_2005,s2_760_2075,s4_37_47,Truck (<=10000 lbs.),s2_11_28,Deployed,s2_97_208,s1_below_1,Male,s4_96_114,s4_159_169,s2_164_318,s3_80_160,s3_4_5
4839,s2_885_1695,s2_n103_99,s4_n40_7,s1_below_4282,s4_4_5,s4_2005_2007,s3_2075_3730,s4_37_47,Truck (<=6000 lbs.),s4_48_64,Not Deployed,s2_97_208,s1_below_1,Female,s2_37_80,s3_141_159,s2_164_318,s3_80_160,s2_2_4
4840,s2_885_1695,s2_n103_99,s1_below_n112,s3_6970_up,s3_3_4,s4_2005_2007,s2_760_2075,s5_47_57,Passenger Car,s2_11_28,Deployed,s2_97_208,s5_4_5,Male,s2_37_80,s3_141_159,s2_164_318,s3_80_160,s2_2_4
4841,s2_885_1695,s2_n103_99,s3_n81_n40,s1_below_4282,s4_4_5,s3_2003_2005,s2_760_2075,s6_57_up,Passenger Car,s3_28_48,Deployed,s2_97_208,s3_2_3,Male,s3_80_96,s3_141_159,s2_164_318,s3_80_160,s2_2_4
4842,s3_1695_2555,s2_n103_99,s4_n40_7,s1_below_4282,s3_3_4,s3_2003_2005,s2_760_2075,s4_37_47,Truck (<=10000 lbs.),s3_28_48,Deployed,s2_97_208,s1_below_1,Female,s2_37_80,s5_169_179,s2_164_318,s4_160_220,s3_4_5
4843,s3_1695_2555,s2_n103_99,s3_n81_n40,s1_below_4282,s3_3_4,s4_2005_2007,s3_2075_3730,s3_17_37,Truck (<=6000 lbs.),s4_48_64,Deployed,s2_97_208,s1_below_1,Male,s3_80_96,s3_141_159,s2_164_318,s3_80_160,s2_2_4
4844,s2_885_1695,s2_n103_99,s4_n40_7,s1_below_4282,s1_below_2,s1_below_2001,s3_2075_3730,s5_47_57,Passenger Car,s2_11_28,Deployed,s2_97_208,s1_below_1,Female,s2_37_80,s3_141_159,s2_164_318,s3_80_160,s2_2_4
4845,s2_885_1695,s2_n103_99,s4_n40_7,s1_below_4282,s3_3_4,s5_2007_2009,s2_760_2075,s6_57_up,Passenger Car,s3_28_48,Deployed,s2_97_208,s1_below_1,Female,s3_80_96,s3_141_159,s2_164_318,s4_160_220,s2_2_4
4846,s2_885_1695,s2_n103_99,s4_n40_7,s1_below_4282,s3_3_4,s1_below_2001,s2_760_2075,s4_37_47,Passenger Car,s5_64_76,Deployed,s2_97_208,s1_below_1,Female,s3_80_96,s3_141_159,s2_164_318,s4_160_220,s2_2_4
4847,s3_1695_2555,s2_n103_99,s4_n40_7,s1_below_4282,s3_3_4,s2_2001_2003,s2_760_2075,s3_17_37,Passenger Car,s3_28_48,Deployed,s2_97_208,s1_below_1,Male,s2_37_80,s4_159_169,s2_164_318,s3_80_160,s3_4_5
4848,s3_1695_2555,s2_n103_99,s3_n81_n40,s1_below_4282,s2_2_3,s1_below_2001,s2_760_2075,s5_47_57,Truck (<=6000 lbs.),s2_11_28,Deployed,s2_97_208,s4_3_4,Female,s2_37_80,s3_141_159,s2_164_318,s3_80_160,s2_2_4
4849,s2_885_1695,s2_n103_99,s3_n81_n40,s1_below_4282,s2_2_3,s2_2001_2003,s2_760_2075,s5_47_57,Passenger Car,s2_11_28,Deployed,s2_97_208,s4_3_4,Female,s2_37_80,s3_141_159,s2_164_318,s3_80_160,s2_2_4
4850,s3_1695_2555,s2_n103_99,s4_n40_7,s1_below_4282,s4_4_5,s4_2005_2007,s2_760_2075,s4_37_47,Passenger Car,s4_48_64,Deployed,s2_97_208,s1_below_1,Male,s3_80_96,s4_159_169,s2_164_318,s4_160_220,s2_2_4
4851,s2_885_1695,s2_n103_99,s4_n40_7,s1_below_4282,s4_4_5,s5_2007_2009,s2_760_2075,s4_37_47,Passenger Car,s2_11_28,Deployed,s2_97_208,s1_below_1,Male,s2_37_80,s3_141_159,s2_164_318,s3_80_160,s2_2_4
4852,s2_885_1695,s2_n103_99,s4_n40_7,s1_below_4282,s3_3_4,s2_2001_2003,s2_760_2075,s4_37_47,Truck (<=6000 lbs.),s3_28_48,Deployed,s2_97_208,s1_below_1,Male,s2_37_80,s3_141_159,s2_164_318,s3_80_160,s2_2_4
4853,s2_885_1695,s2_n103_99,s5_7_up,s1_below_4282,s4_4_5,s4_2005_2007,s2_760_2075,s6_57_up,Passenger Car,s5_64_76,Not Deployed,s2_97_208,s1_below_1,Female,s3_80_96,s3_141_159,s2_164_318,s6_260_up,s2_2_4
4854,s3_1695_2555,s2_n103_99,s4_n40_7,s1_below_4282,s2_2_3,s4_2005_2007,s2_760_2075,s6_57_up,Truck (<=10000 lbs.),s2_11_28,Deployed,s2_97_208,s1_below_1,Female,s2_37_80,s4_159_169,s3_318_464,s3_80_160,s4_5_6
4855,s2_885_1695,s2_n103_99,s4_n40_7,s1_below_4282,s3_3_4,s1_below_2001,s3_2075_3730,s3_17_37,Passenger Car,s3_28_48,Not Deployed,s2_97_208,s1_below_1,Female,s2_37_80,s3_141_159,s2_164_318,s5_220_260,s2_2_4
4856,s3_1695_2555,s2_n103_99,s4_n40_7,s1_below_4282,s2_2_3,s4_2005_2007,s2_760_2075,s3_17_37,Truck (<=6000 lbs.),s3_28_48,Not Deployed,s2_97_208,s2_1_2,Male,s4_96_114,s3_141_159,s2_164_318,s2_40_80,s2_2_4
4857,s2_885_1695,s2_n103_99,s4_n40_7,s1_below_4282,s2_2_3,s4_2005_2007,s2_760_2075,s6_57_up,Passenger Car,s2_11_28,Not Deployed,s2_97_208,s1_below_1,Male,s2_37_80,s3_141_159,s2_164_318,s4_160_220,s2_2_4
4858,s3_1695_2555,s2_n103_99,s4_n40_7,s1_below_4282,s2_2_3,s4_2005_2007,s2_760_2075,s4_37_47,Truck (<=10000 lbs.),s2_11_28,Not Deployed,s2_97_208,s1_below_1,Male,s4_96_114,s4_159_169,s3_318_464,s3_80_160,s4_5_6
4859,s3_1695_2555,s2_n103_99,s4_n40_7,s1_below_4282,s2_2_3,s2_2001_2003,s3_2075_3730,s4_37_47,Truck (<=6000 lbs.),s2_11_28,Deployed,s2_97_208,s1_below_1,Female,s2_37_80,s3_141_159,s2_164_318,s4_160_220,s2_2_4
4860,s2_885_1695,s2_n103_99,s4_n40_7,s1_below_4282,s1_below_2,s4_2005_2007,s2_760_2075,s3_17_37,Passenger Car,s2_11_28,Deployed,s2_97_208,s1_below_1,Female,s2_37_80,s3_141_159,s2_164_318,s3_80_160,s2_2_4
4861,s3_1695_2555,s2_n103_99,s1_below_n112,s1_below_4282,s3_3_4,s1_below_2001,s2_760_2075,s6_57_up,Truck (<=6000 lbs.),s3_28_48,Deployed,s2_97_208,s5_4_5,Female,s5_114_130,s3_141_159,s2_164_318,s3_80_160,s2_2_4
4862,s2_885_1695,s2_n103_99,s4_n40_7,s1_below_4282,s3_3_4,s2_2001_2003,s2_760_2075,s3_17_37,Passenger Car,s4_48_64,Not Deployed,s2_97_208,s1_below_1,Female,s3_80_96,s3_141_159,s2_164_318,s4_160_220,s2_2_4
4863,s2_885_1695,s2_n103_99,s4_n40_7,s1_below_4282,s3_3_4,s4_2005_2007,s2_760_2075,s3_17_37,Passenger Car,s3_28_48,Not Deployed,s2_97_208,s1_below_1,Female,s2_37_80,s3_141_159,s2_164_318,s4_160_220,s2_2_4
4864,s3_1695_2555,s2_n103_99,s4_n40_7,s1_below_4282,s2_2_3,s4_2005_2007,s2_760_2075,s3_17_37,Truck (<=6000 lbs.),s3_28_48,Not Deployed,s2_97_208,s1_below_1,Male,s2_37_80,s4_159_169,s2_164_318,s4_160_220,s3_4_5
4865,s3_1695_2555,s2_n103_99,s4_n40_7,s1_below_4282,s2_2_3,s1_below_2001,s2_760_2075,s3_17_37,Truck (<=6000 lbs.),s3_28_48,Deployed,s2_97_208,s2_1_2,Male,s3_80_96,s3_141_159,s2_164_318,s3_80_160,s2_2_4
4866,s2_885_1695,s2_n103_99,s4_n40_7,s1_below_4282,s3_3_4,s2_2001_2003,s2_760_2075,s4_37_47,Passenger Car,s3_28_48,Deployed,s2_97_208,s2_1_2,Female,s2_37_80,s3_141_159,s2_164_318,s3_80_160,s2_2_4
4867,s3_1695_2555,s2_n103_99,s5_7_up,s1_below_4282,s3_3_4,s2_2001_2003,s2_760_2075,s4_37_47,Truck (<=6000 lbs.),s4_48_64,Not Deployed,s2_97_208,s3_2_3,Male,s4_96_114,s4_159_169,s2_164_318,s6_260_up,s3_4_5
4868,s2_885_1695,s2_n103_99,s4_n40_7,s1_below_4282,s5_5_6,s2_2001_2003,s3_2075_3730,s6_57_up,Truck (<=6000 lbs.),s2_11_28,Not Deployed,s2_97_208,s2_1_2,Female,s2_37_80,s3_141_159,s2_164_318,s3_80_160,s2_2_4
4869,s2_885_1695,s2_n103_99,s4_n40_7,s1_below_4282,s3_3_4,s1_below_2001,s2_760_2075,s4_37_47,Passenger Car,s3_28_48,Deployed,s2_97_208,s2_1_2,Female,s2_37_80,s3_141_159,s2_164_318,s3_80_160,s2_2_4
4870,s2_885_1695,s2_n103_99,s4_n40_7,s1_below_4282,s2_2_3,s5_2007_2009,s2_760_2075,s3_17_37,Passenger Car,s2_11_28,Not Deployed,s2_97_208,s1_below_1,Female,s2_37_80,s3_141_159,s2_164_318,s3_80_160,s2_2_4
4871,s2_885_1695,s2_n103_99,s4_n40_7,s1_below_4282,s4_4_5,s1_below_2001,s2_760_2075,s6_57_up,Passenger Car,s2_11_28,Not Deployed,s2_97_208,s1_below_1,Male,s2_37_80,s3_141_159,s2_164_318,s3_80_160,s2_2_4
4872,s2_885_1695,s2_n103_99,s4_n40_7,s1_below_4282,s2_2_3,s1_below_2001,s2_760_2075,s4_37_47,Passenger Car,s2_11_28,Not Deployed,s2_97_208,s1_below_1,Female,s3_80_96,s3_141_159,s2_164_318,s3_80_160,s2_2_4
4873,s3_1695_2555,s2_n103_99,s4_n40_7,s1_below_4282,s3_3_4,s3_2003_2005,s2_760_2075,s4_37_47,Truck (<=6000 lbs.),s3_28_48,Deployed,s2_97_208,s1_below_1,Male,s4_96_114,s4_159_169,s2_164_318,s3_80_160,s2_2_4
4874,s2_885_1695,s2_n103_99,s4_n40_7,s1_below_4282,s3_3_4,s2_2001_2003,s3_2075_3730,s3_17_37,Truck (<=6000 lbs.),s3_28_48,Deployed,s2_97_208,s3_2_3,Male,s2_37_80,s3_141_159,s2_164_318,s3_80_160,s2_2_4
4875,s2_885_1695,s2_n103_99,s4_n40_7,s1_below_4282,s2_2_3,s1_below_2001,s2_760_2075,s4_37_47,Passenger Car,s6_76_up,Deployed,s2_97_208,s3_2_3,Female,s2_37_80,s3_141_159,s2_164_318,s3_80_160,s2_2_4
4876,s2_885_1695,s2_n103_99,s4_n40_7,s1_below_4282,s1_below_2,s1_below_2001,s3_2075_3730,s3_17_37,Passenger Car,s2_11_28,Not Deployed,s2_97_208,s1_below_1,Female,s3_80_96,s3_141_159,s2_164_318,s2_40_80,s2_2_4
4877,s2_885_1695,s2_n103_99,s4_n40_7,s1_below_4282,s3_3_4,s4_2005_2007,s3_2075_3730,s3_17_37,Truck (<=6000 lbs.),s3_28_48,Not Deployed,s2_97_208,s1_below_1,Female,s2_37_80,s3_141_159,s2_164_318,s3_80_160,s2_2_4
4878,s2_885_1695,s2_n103_99,s3_n81_n40,s1_below_4282,s2_2_3,s1_below_2001,s2_760_2075,s6_57_up,Passenger Car,s3_28_48,Deployed,s2_97_208,s2_1_2,Male,s2_37_80,s3_141_159,s2_164_318,s3_80_160,s2_2_4
4879,s2_885_1695,s2_n103_99,s3_n81_n40,s1_below_4282,s2_2_3,s5_2007_2009,s2_760_2075,s6_57_up,Passenger Car,s2_11_28,Deployed,s2_97_208,s1_below_1,Female,s2_37_80,s3_141_159,s2_164_318,s3_80_160,s2_2_4
4880,s2_885_1695,s2_n103_99,s4_n40_7,s1_below_4282,s3_3_4,s2_2001_2003,s2_760_2075,s4_37_47,Passenger Car,s5_64_76,Deployed,s2_97_208,s1_below_1,Female,s3_80_96,s3_141_159,s2_164_318,s3_80_160,s2_2_4
4881,s2_885_1695,s2_n103_99,s4_n40_7,s1_below_4282,s2_2_3,s4_2005_2007,s2_760_2075,s3_17_37,Passenger Car,s2_11_28,Not Deployed,s2_97_208,s1_below_1,Female,s2_37_80,s3_141_159,s2_164_318,s4_160_220,s2_2_4
4882,s3_1695_2555,s2_n103_99,s4_n40_7,s1_below_4282,s1_below_2,s3_2003_2005,s2_760_2075,s3_17_37,Truck (<=6000 lbs.),s4_48_64,Not Deployed,s2_97_208,s1_below_1,Female,s2_37_80,s3_141_159,s2_164_318,s3_80_160,s2_2_4
4883,s3_1695_2555,s2_n103_99,s4_n40_7,s1_below_4282,s4_4_5,s1_below_2001,s2_760_2075,s6_57_up,Truck (<=10000 lbs.),s3_28_48,Not Deployed,s2_97_208,s1_below_1,Female,s2_37_80,s4_159_169,s2_164_318,s4_160_220,s2_2_4
4884,s2_885_1695,s2_n103_99,s4_n40_7,s1_below_4282,s4_4_5,s3_2003_2005,s3_2075_3730,s6_57_up,Truck (<=6000 lbs.),s4_48_64,Not Deployed,s2_97_208,s1_below_1,Male,s3_80_96,s3_141_159,s2_164_318,s3_80_160,s2_2_4
4885,s2_885_1695,s2_n103_99,s4_n40_7,s1_below_4282,s2_2_3,s3_2003_2005,s2_760_2075,s3_17_37,Passenger Car,s3_28_48,Deployed,s2_97_208,s1_below_1,Female,s2_37_80,s3_141_159,s2_164_318,s4_160_220,s2_2_4
4886,s2_885_1695,s2_n103_99,s4_n40_7,s1_below_4282,s1_below_2,s2_2001_2003,s2_760_2075,s3_17_37,Truck (<=6000 lbs.),s2_11_28,Deployed,s2_97_208,s2_1_2,Female,s2_37_80,s2_116_141,s2_164_318,s3_80_160,s2_2_4
4887,s2_885_1695,s2_n103_99,s4_n40_7,s1_below_4282,s1_below_2,s4_2005_2007,s3_2075_3730,s3_17_37,Passenger Car,s3_28_48,Not Deployed,s2_97_208,s1_below_1,Male,s3_80_96,s3_141_159,s2_164_318,s3_80_160,s2_2_4
4888,s2_885_1695,s2_n103_99,s4_n40_7,s1_below_4282,s3_3_4,s4_2005_2007,s3_2075_3730,s6_57_up,Passenger Car,s2_11_28,Deployed,s2_97_208,s1_below_1,Female,s2_37_80,s3_141_159,s2_164_318,s4_160_220,s2_2_4
4889,s2_885_1695,s2_n103_99,s5_7_up,s1_below_4282,s3_3_4,s4_2005_2007,s2_760_2075,s3_17_37,Passenger Car,s2_11_28,Deployed,s2_97_208,s1_below_1,Female,s2_37_80,s3_141_159,s2_164_318,s6_260_up,s2_2_4
4890,s3_1695_2555,s2_n103_99,s4_n40_7,s1_below_4282,s1_below_2,s5_2007_2009,s2_760_2075,s3_17_37,Truck (<=6000 lbs.),s4_48_64,Deployed,s2_97_208,s1_below_1,Female,s3_80_96,s3_141_159,s2_164_318,s3_80_160,s2_2_4
4891,s2_885_1695,s2_n103_99,s4_n40_7,s1_below_4282,s1_below_2,s4_2005_2007,s2_760_2075,s3_17_37,Passenger Car,s2_11_28,Deployed,s2_97_208,s1_below_1,Female,s2_37_80,s3_141_159,s2_164_318,s3_80_160,s2_2_4
4892,s3_1695_2555,s2_n103_99,s4_n40_7,s1_below_4282,s2_2_3,s5_2007_2009,s2_760_2075,s6_57_up,Truck (<=6000 lbs.),s3_28_48,Deployed,s2_97_208,s1_below_1,Female,s2_37_80,s5_169_179,s2_164_318,s3_80_160,s2_2_4
4893,s2_885_1695,s2_n103_99,s4_n40_7,s1_below_4282,s1_below_2,s2_2001_2003,s2_760_2075,s3_17_37,Passenger Car,s2_11_28,Not Deployed,s2_97_208,s1_below_1,Female,s3_80_96,s3_141_159,s2_164_318,s2_40_80,s2_2_4
4894,s3_1695_2555,s2_n103_99,s4_n40_7,s1_below_4282,s1_below_2,s4_2005_2007,s2_760_2075,s3_17_37,Passenger Car,s3_28_48,Not Deployed,s2_97_208,s1_below_1,Female,s2_37_80,s4_159_169,s2_164_318,s2_40_80,s2_2_4
4895,s2_885_1695,s2_n103_99,s4_n40_7,s1_below_4282,s1_below_2,s4_2005_2007,s2_760_2075,s3_17_37,Passenger Car,s3_28_48,Deployed,s2_97_208,s1_below_1,Male,s2_37_80,s3_141_159,s2_164_318,s3_80_160,s2_2_4
4896,s2_885_1695,s2_n103_99,s3_n81_n40,s1_below_4282,s4_4_5,s2_2001_2003,s3_2075_3730,s6_57_up,Passenger Car,s2_11_28,Not Deployed,s2_97_208,s1_below_1,Male,s2_37_80,s3_141_159,s2_164_318,s3_80_160,s2_2_4
4897,s3_1695_2555,s2_n103_99,s5_7_up,s1_below_4282,s4_4_5,s4_2005_2007,s2_760_2075,s6_57_up,Truck (<=6000 lbs.),s3_28_48,Not Deployed,s2_97_208,s2_1_2,Male,s5_114_130,s4_159_169,s2_164_318,s6_260_up,s3_4_5
4898,s3_1695_2555,s2_n103_99,s4_n40_7,s1_below_4282,s4_4_5,s1_below_2001,s3_2075_3730,s3_17_37,Truck (<=6000 lbs.),s3_28_48,Deployed,s2_97_208,s1_below_1,Male,s2_37_80,s3_141_159,s2_164_318,s4_160_220,s2_2_4
4899,s3_1695_2555,s2_n103_99,s4_n40_7,s1_below_4282,s1_below_2,s4_2005_2007,s3_2075_3730,s3_17_37,Truck (<=10000 lbs.),s2_11_28,Not Deployed,s2_97_208,s1_below_1,Male,s2_37_80,s5_169_179,s3_318_464,s3_80_160,s4_5_6
4900,s2_885_1695,s2_n103_99,s4_n40_7,s1_below_4282,s3_3_4,s3_2003_2005,s2_760_2075,s3_17_37,Passenger Car,s2_11_28,Not Deployed,s2_97_208,s1_below_1,Male,s2_37_80,s3_141_159,s2_164_318,s4_160_220,s2_2_4
4901,s2_885_1695,s2_n103_99,s4_n40_7,s1_below_4282,s5_5_6,s5_2007_2009,s2_760_2075,s3_17_37,Truck (<=6000 lbs.),s4_48_64,Deployed,s2_97_208,s1_below_1,Male,s4_96_114,s3_141_159,s3_318_464,s3_80_160,s3_4_5
4902,s2_885_1695,s2_n103_99,s4_n40_7,s1_below_4282,s1_below_2,s2_2001_2003,s2_760_2075,s3_17_37,Truck (<=6000 lbs.),s3_28_48,Deployed,s2_97_208,s1_below_1,Male,s2_37_80,s3_141_159,s2_164_318,s3_80_160,s2_2_4
4903,s2_885_1695,s2_n103_99,s4_n40_7,s1_below_4282,s4_4_5,s5_2007_2009,s2_760_2075,s4_37_47,Passenger Car,s3_28_48,Deployed,s2_97_208,s1_below_1,Female,s2_37_80,s3_141_159,s2_164_318,s3_80_160,s2_2_4
4904,s2_885_1695,s2_n103_99,s4_n40_7,s1_below_4282,s4_4_5,s4_2005_2007,s2_760_2075,s3_17_37,Truck (<=6000 lbs.),s2_11_28,Deployed,s2_97_208,s1_below_1,Female,s4_96_114,s3_141_159,s2_164_318,s4_160_220,s2_2_4
4905,s2_885_1695,s2_n103_99,s5_7_up,s1_below_4282,s1_below_2,s3_2003_2005,s2_760_2075,s3_17_37,Passenger Car,s3_28_48,Not Deployed,s2_97_208,s1_below_1,Female,s3_80_96,s3_141_159,s2_164_318,s6_260_up,s2_2_4
4906,s3_1695_2555,s2_n103_99,s4_n40_7,s1_below_4282,s1_below_2,s2_2001_2003,s2_760_2075,s3_17_37,Passenger Car,s3_28_48,Not Deployed,s2_97_208,s1_below_1,Male,s4_96_114,s3_141_159,s2_164_318,s3_80_160,s2_2_4
4907,s2_885_1695,s2_n103_99,s4_n40_7,s1_below_4282,s2_2_3,s2_2001_2003,s3_2075_3730,s5_47_57,Passenger Car,s2_11_28,Deployed,s2_97_208,s3_2_3,Male,s2_37_80,s3_141_159,s2_164_318,s3_80_160,s2_2_4
4908,s3_1695_2555,s2_n103_99,s4_n40_7,s1_below_4282,s2_2_3,s3_2003_2005,s2_760_2075,s5_47_57,Truck (<=6000 lbs.),s3_28_48,Deployed,s2_97_208,s2_1_2,Female,s2_37_80,s4_159_169,s2_164_318,s3_80_160,s2_2_4
4909,s3_1695_2555,s2_n103_99,s4_n40_7,s1_below_4282,s4_4_5,s3_2003_2005,s2_760_2075,s3_17_37,Truck (<=6000 lbs.),s4_48_64,Deployed,s2_97_208,s1_below_1,Female,s2_37_80,s4_159_169,s2_164_318,s3_80_160,s2_2_4
4910,s2_885_1695,s2_n103_99,s4_n40_7,s1_below_4282,s2_2_3,s4_2005_2007,s2_760_2075,s3_17_37,Passenger Car,s3_28_48,Deployed,s2_97_208,s1_below_1,Male,s2_37_80,s3_141_159,s2_164_318,s3_80_160,s2_2_4
4911,s3_1695_2555,s2_n103_99,s5_7_up,s1_below_4282,s3_3_4,s2_2001_2003,s3_2075_3730,s5_47_57,Truck (<=6000 lbs.),s2_11_28,Not Deployed,s2_97_208,s1_below_1,Male,s3_80_96,s3_141_159,s2_164_318,s6_260_up,s3_4_5
4912,s2_885_1695,s2_n103_99,s4_n40_7,s1_below_4282,s3_3_4,s2_2001_2003,s2_760_2075,s5_47_57,Passenger Car,s2_11_28,Deployed,s2_97_208,s1_below_1,Female,s2_37_80,s3_141_159,s2_164_318,s3_80_160,s2_2_4
4913,s2_885_1695,s2_n103_99,s4_n40_7,s1_below_4282,s3_3_4,s4_2005_2007,s2_760_2075,s3_17_37,Truck (<=6000 lbs.),s3_28_48,Deployed,s2_97_208,s2_1_2,Male,s4_96_114,s3_141_159,s2_164_318,s4_160_220,s2_2_4
4914,s2_885_1695,s2_n103_99,s5_7_up,s1_below_4282,s1_below_2,s1_below_2001,s2_760_2075,s3_17_37,Passenger Car,s4_48_64,Not Deployed,s2_97_208,s1_below_1,Male,s3_80_96,s3_141_159,s2_164_318,s6_260_up,s2_2_4
4915,s2_885_1695,s2_n103_99,s4_n40_7,s1_below_4282,s4_4_5,s2_2001_2003,s2_760_2075,s4_37_47,Passenger Car,s3_28_48,Deployed,s2_97_208,s1_below_1,Female,s2_37_80,s3_141_159,s2_164_318,s3_80_160,s2_2_4
4916,s2_885_1695,s2_n103_99,s4_n40_7,s1_below_4282,s1_below_2,s2_2001_2003,s2_760_2075,s3_17_37,Passenger Car,s3_28_48,Deployed,s2_97_208,s1_below_1,Male,s2_37_80,s3_141_159,s2_164_318,s3_80_160,s2_2_4
4917,s3_1695_2555,s2_n103_99,s3_n81_n40,s1_below_4282,s3_3_4,s4_2005_2007,s2_760_2075,s3_17_37,Truck (<=6000 lbs.),s4_48_64,Deployed,s2_97_208,s1_below_1,Female,s2_37_80,s3_141_159,s2_164_318,s3_80_160,s2_2_4
4918,s3_1695_2555,s2_n103_99,s4_n40_7,s1_below_4282,s2_2_3,s4_2005_2007,s2_760_2075,s3_17_37,Passenger Car,s4_48_64,Not Deployed,s2_97_208,s1_below_1,Male,s3_80_96,s4_159_169,s2_164_318,s3_80_160,s2_2_4
4919,s3_1695_2555,s2_n103_99,s4_n40_7,s1_below_4282,s3_3_4,s2_2001_2003,s2_760_2075,s3_17_37,Truck (<=6000 lbs.),s4_48_64,Not Deployed,s2_97_208,s1_below_1,Male,s4_96_114,s3_141_159,s2_164_318,s3_80_160,s2_2_4
4920,s2_885_1695,s2_n103_99,s4_n40_7,s1_below_4282,s4_4_5,s1_below_2001,s2_760_2075,s3_17_37,Passenger Car,s2_11_28,Deployed,s2_97_208,s1_below_1,Female,s2_37_80,s3_141_159,s2_164_318,s3_80_160,s2_2_4
4921,s3_1695_2555,s2_n103_99,s4_n40_7,s1_below_4282,s2_2_3,s3_2003_2005,s2_760_2075,s5_47_57,Passenger Car,s3_28_48,Deployed,s2_97_208,s1_below_1,Male,s3_80_96,s3_141_159,s2_164_318,s3_80_160,s2_2_4
4922,s3_1695_2555,s2_n103_99,s4_n40_7,s1_below_4282,s2_2_3,s4_2005_2007,s2_760_2075,s5_47_57,Truck (<=6000 lbs.),s2_11_28,Deployed,s2_97_208,s1_below_1,Male,s4_96_114,s4_159_169,s2_164_318,s3_80_160,s2_2_4
4923,s2_885_1695,s2_n103_99,s4_n40_7,s1_below_4282,s4_4_5,s4_2005_2007,s2_760_2075,s3_17_37,Passenger Car,s3_28_48,Deployed,s2_97_208,s1_below_1,Male,s3_80_96,s3_141_159,s2_164_318,s3_80_160,s2_2_4
4924,s3_1695_2555,s2_n103_99,s4_n40_7,s1_below_4282,s1_below_2,s1_below_2001,s2_760_2075,s3_17_37,Truck (<=6000 lbs.),s3_28_48,Deployed,s2_97_208,s1_below_1,Female,s4_96_114,s3_141_159,s2_164_318,s3_80_160,s2_2_4
4925,s2_885_1695,s2_n103_99,s4_n40_7,s1_below_4282,s1_below_2,s3_2003_2005,s2_760_2075,s3_17_37,Passenger Car,s3_28_48,Deployed,s2_97_208,s1_below_1,Male,s3_80_96,s3_141_159,s2_164_318,s3_80_160,s2_2_4
4926,s2_885_1695,s2_n103_99,s3_n81_n40,s1_below_4282,s2_2_3,s2_2001_2003,s2_760_2075,s3_17_37,Passenger Car,s2_11_28,Deployed,s2_97_208,s4_3_4,Female,s2_37_80,s3_141_159,s2_164_318,s3_80_160,s2_2_4
4927,s2_885_1695,s2_n103_99,s4_n40_7,s1_below_4282,s1_below_2,s4_2005_2007,s2_760_2075,s3_17_37,Passenger Car,s3_28_48,Deployed,s2_97_208,s1_below_1,Female,s2_37_80,s3_141_159,s2_164_318,s3_80_160,s2_2_4
4928,s2_885_1695,s2_n103_99,s4_n40_7,s1_below_4282,s1_below_2,s4_2005_2007,s2_760_2075,s3_17_37,Truck (<=6000 lbs.),s4_48_64,Not Deployed,s2_97_208,s1_below_1,Male,s3_80_96,s3_141_159,s2_164_318,s3_80_160,s2_2_4
4929,s2_885_1695,s2_n103_99,s5_7_up,s1_below_4282,s3_3_4,s5_2007_2009,s2_760_2075,s5_47_57,Passenger Car,s4_48_64,Not Deployed,s2_97_208,s1_below_1,Male,s3_80_96,s3_141_159,s2_164_318,s6_260_up,s2_2_4
4930,s3_1695_2555,s2_n103_99,s4_n40_7,s1_below_4282,s6_6_up,s4_2005_2007,s2_760_2075,s3_17_37,Passenger Car,s5_64_76,Deployed,s2_97_208,s3_2_3,Male,s3_80_96,s4_159_169,s2_164_318,s3_80_160,s2_2_4
4931,s2_885_1695,s2_n103_99,s4_n40_7,s1_below_4282,s4_4_5,s1_below_2001,s2_760_2075,s5_47_57,Passenger Car,s2_11_28,Not Deployed,s2_97_208,s1_below_1,Male,s4_96_114,s3_141_159,s2_164_318,s3_80_160,s2_2_4
4932,s3_1695_2555,s2_n103_99,s3_n81_n40,s1_below_4282,s3_3_4,s5_2007_2009,s2_760_2075,s4_37_47,Passenger Car,s3_28_48,Deployed,s2_97_208,s1_below_1,Male,s3_80_96,s4_159_169,s2_164_318,s3_80_160,s2_2_4
4933,s3_1695_2555,s2_n103_99,s3_n81_n40,s1_below_4282,s3_3_4,s1_below_2001,s2_760_2075,s3_17_37,Truck (<=10000 lbs.),s3_28_48,Deployed,s2_97_208,s1_below_1,Male,s3_80_96,s4_159_169,s3_318_464,s3_80_160,s4_5_6
4934,s2_885_1695,s2_n103_99,s5_7_up,s1_below_4282,s3_3_4,s2_2001_2003,s2_760_2075,s4_37_47,Passenger Car,s4_48_64,Deployed,s2_97_208,s3_2_3,Male,s3_80_96,s3_141_159,s2_164_318,s6_260_up,s2_2_4
4935,s2_885_1695,s2_n103_99,s4_n40_7,s1_below_4282,s1_below_2,s2_2001_2003,s2_760_2075,s3_17_37,Passenger Car,s3_28_48,Deployed,s2_97_208,s1_below_1,Female,s2_37_80,s3_141_159,s2_164_318,s3_80_160,s2_2_4
4936,s2_885_1695,s2_n103_99,s4_n40_7,s1_below_4282,s1_below_2,s4_2005_2007,s2_760_2075,s3_17_37,Truck (<=6000 lbs.),s2_11_28,Deployed,s2_97_208,s1_below_1,Female,s2_37_80,s3_141_159,s2_164_318,s3_80_160,s2_2_4
4937,s2_885_1695,s2_n103_99,s4_n40_7,s1_below_4282,s3_3_4,s1_below_2001,s2_760_2075,s3_17_37,Passenger Car,s3_28_48,Not Deployed,s2_97_208,s1_below_1,Female,s2_37_80,s3_141_159,s2_164_318,s3_80_160,s2_2_4
4938,s3_1695_2555,s2_n103_99,s4_n40_7,s1_below_4282,s3_3_4,s1_below_2001,s2_760_2075,s3_17_37,Passenger Car,s2_11_28,Deployed,s2_97_208,s1_below_1,Male,s3_80_96,s3_141_159,s2_164_318,s3_80_160,s2_2_4
4939,s2_885_1695,s2_n103_99,s4_n40_7,s1_below_4282,s6_6_up,s5_2007_2009,s2_760_2075,s3_17_37,Passenger Car,s2_11_28,Deployed,s2_97_208,s1_below_1,Male,s2_37_80,s3_141_159,s2_164_318,s3_80_160,s2_2_4
4940,s2_885_1695,s2_n103_99,s4_n40_7,s1_below_4282,s3_3_4,s2_2001_2003,s2_760_2075,s5_47_57,Passenger Car,s2_11_28,Not Deployed,s2_97_208,s1_below_1,Female,s2_37_80,s3_141_159,s2_164_318,s3_80_160,s2_2_4
4941,s2_885_1695,s2_n103_99,s5_7_up,s1_below_4282,s3_3_4,s5_2007_2009,s2_760_2075,s5_47_57,Passenger Car,s3_28_48,Not Deployed,s2_97_208,s1_below_1,Female,s2_37_80,s3_141_159,s2_164_318,s6_260_up,s2_2_4
4942,s2_885_1695,s2_n103_99,s4_n40_7,s1_below_4282,s1_below_2,s3_2003_2005,s2_760_2075,s3_17_37,Passenger Car,s3_28_48,Deployed,s2_97_208,s1_below_1,Male,s6_130_up,s3_141_159,s2_164_318,s3_80_160,s2_2_4
4943,s2_885_1695,s2_n103_99,s4_n40_7,s1_below_4282,s2_2_3,s4_2005_2007,s2_760_2075,s3_17_37,Passenger Car,s2_11_28,Not Deployed,s2_97_208,s1_below_1,Female,s2_37_80,s3_141_159,s2_164_318,s3_80_160,s2_2_4
4944,s2_885_1695,s2_n103_99,s5_7_up,s1_below_4282,s4_4_5,s4_2005_2007,s2_760_2075,s5_47_57,Passenger Car,s3_28_48,Not Deployed,s2_97_208,s5_4_5,Male,s6_130_up,s3_141_159,s2_164_318,s1_below_40,s2_2_4
4945,s2_885_1695,s2_n103_99,s2_n112_n81,s2_4282_6970,s2_2_3,s1_below_2001,s3_2075_3730,s5_47_57,Passenger Car,s2_11_28,Deployed,s2_97_208,s4_3_4,Female,s3_80_96,s3_141_159,s2_164_318,s3_80_160,s2_2_4
4946,s2_885_1695,s2_n103_99,s5_7_up,s1_below_4282,s1_below_2,s5_2007_2009,s3_2075_3730,s6_57_up,Passenger Car,s2_11_28,Not Deployed,s2_97_208,s1_below_1,Female,s2_37_80,s3_141_159,s2_164_318,s6_260_up,s2_2_4
4947,s3_1695_2555,s2_n103_99,s4_n40_7,s1_below_4282,s3_3_4,s4_2005_2007,s2_760_2075,s3_17_37,Passenger Car,s2_11_28,Deployed,s2_97_208,s1_below_1,Female,s2_37_80,s4_159_169,s2_164_318,s3_80_160,s3_4_5
4948,s2_885_1695,s2_n103_99,s4_n40_7,s1_below_4282,s1_below_2,s4_2005_2007,s2_760_2075,s3_17_37,Passenger Car,s2_11_28,Deployed,s2_97_208,s1_below_1,Female,s2_37_80,s3_141_159,s2_164_318,s4_160_220,s2_2_4
4949,s2_885_1695,s2_n103_99,s4_n40_7,s1_below_4282,s1_below_2,s3_2003_2005,s2_760_2075,s3_17_37,Passenger Car,s2_11_28,Not Deployed,s2_97_208,s1_below_1,Male,s2_37_80,s3_141_159,s2_164_318,s3_80_160,s2_2_4
4950,s2_885_1695,s2_n103_99,s4_n40_7,s1_below_4282,s3_3_4,s2_2001_2003,s2_760_2075,s4_37_47,Passenger Car,s3_28_48,Deployed,s2_97_208,s2_1_2,Male,s6_130_up,s3_141_159,s2_164_318,s2_40_80,s2_2_4
4951,s3_1695_2555,s2_n103_99,s4_n40_7,s1_below_4282,s3_3_4,s3_2003_2005,s2_760_2075,s4_37_47,Truck (<=6000 lbs.),s2_11_28,Deployed,s2_97_208,s1_below_1,Male,s2_37_80,s5_169_179,s2_164_318,s4_160_220,s2_2_4
4952,s3_1695_2555,s2_n103_99,s4_n40_7,s1_below_4282,s2_2_3,s4_2005_2007,s2_760_2075,s4_37_47,Truck (<=6000 lbs.),s3_28_48,Not Deployed,s2_97_208,s1_below_1,Female,s2_37_80,s4_159_169,s2_164_318,s2_40_80,s3_4_5
4953,s2_885_1695,s2_n103_99,s4_n40_7,s1_below_4282,s3_3_4,s2_2001_2003,s2_760_2075,s4_37_47,Passenger Car,s3_28_48,Deployed,s2_97_208,s5_4_5,Male,s3_80_96,s3_141_159,s2_164_318,s4_160_220,s2_2_4
4954,s3_1695_2555,s2_n103_99,s3_n81_n40,s1_below_4282,s3_3_4,s2_2001_2003,s2_760_2075,s4_37_47,Truck (<=6000 lbs.),s5_64_76,Deployed,s2_97_208,s4_3_4,Male,s3_80_96,s3_141_159,s2_164_318,s3_80_160,s3_4_5
4955,s2_885_1695,s2_n103_99,s4_n40_7,s1_below_4282,s1_below_2,s4_2005_2007,s2_760_2075,s3_17_37,Passenger Car,s3_28_48,Not Deployed,s2_97_208,s1_below_1,Male,s2_37_80,s3_141_159,s2_164_318,s4_160_220,s2_2_4
4956,s3_1695_2555,s2_n103_99,s4_n40_7,s1_below_4282,s1_below_2,s4_2005_2007,s2_760_2075,s4_37_47,Truck (<=6000 lbs.),s4_48_64,Deployed,s2_97_208,s1_below_1,Female,s2_37_80,s4_159_169,s2_164_318,s3_80_160,s3_4_5
4957,s2_885_1695,s2_n103_99,s4_n40_7,s1_below_4282,s3_3_4,s4_2005_2007,s2_760_2075,s3_17_37,Passenger Car,s3_28_48,Deployed,s2_97_208,s1_below_1,Female,s3_80_96,s3_141_159,s2_164_318,s3_80_160,s2_2_4
4958,s3_1695_2555,s2_n103_99,s4_n40_7,s1_below_4282,s3_3_4,s4_2005_2007,s3_2075_3730,s5_47_57,Truck (<=6000 lbs.),s2_11_28,Deployed,s2_97_208,s1_below_1,Female,s2_37_80,s4_159_169,s2_164_318,s3_80_160,s3_4_5
4959,s3_1695_2555,s2_n103_99,s4_n40_7,s1_below_4282,s1_below_2,s4_2005_2007,s2_760_2075,s3_17_37,Truck (<=6000 lbs.),s3_28_48,Not Deployed,s2_97_208,s1_below_1,Female,s2_37_80,s5_169_179,s2_164_318,s3_80_160,s2_2_4
4960,s2_885_1695,s2_n103_99,s4_n40_7,s1_below_4282,s3_3_4,s4_2005_2007,s2_760_2075,s3_17_37,Passenger Car,s5_64_76,Not Deployed,s2_97_208,s1_below_1,Male,s2_37_80,s3_141_159,s2_164_318,s4_160_220,s2_2_4
4961,s2_885_1695,s2_n103_99,s4_n40_7,s1_below_4282,s1_below_2,s1_below_2001,s2_760_2075,s3_17_37,Passenger Car,s2_11_28,Deployed,s2_97_208,s3_2_3,Female,s3_80_96,s3_141_159,s2_164_318,s3_80_160,s2_2_4
4962,s3_1695_2555,s2_n103_99,s4_n40_7,s1_below_4282,s1_below_2,s4_2005_2007,s2_760_2075,s3_17_37,Passenger Car,s4_48_64,Not Deployed,s2_97_208,s1_below_1,Male,s2_37_80,s4_159_169,s2_164_318,s3_80_160,s3_4_5
4963,s2_885_1695,s2_n103_99,s4_n40_7,s1_below_4282,s4_4_5,s2_2001_2003,s2_760_2075,s3_17_37,Passenger Car,s2_11_28,Deployed,s2_97_208,s1_below_1,Female,s2_37_80,s3_141_159,s2_164_318,s3_80_160,s2_2_4
4964,s2_885_1695,s2_n103_99,s4_n40_7,s1_below_4282,s1_below_2,s5_2007_2009,s2_760_2075,s3_17_37,Passenger Car,s2_11_28,Not Deployed,s2_97_208,s1_below_1,Male,s2_37_80,s3_141_159,s2_164_318,s2_40_80,s2_2_4
4965,s2_885_1695,s2_n103_99,s4_n40_7,s1_below_4282,s2_2_3,s5_2007_2009,s2_760_2075,s4_37_47,Truck (<=6000 lbs.),s2_11_28,Deployed,s2_97_208,s1_below_1,Male,s2_37_80,s3_141_159,s2_164_318,s3_80_160,s2_2_4
4966,s2_885_1695,s2_n103_99,s4_n40_7,s1_below_4282,s1_below_2,s4_2005_2007,s2_760_2075,s4_37_47,Truck (<=6000 lbs.),s2_11_28,Deployed,s2_97_208,s1_below_1,Male,s2_37_80,s3_141_159,s2_164_318,s3_80_160,s2_2_4
4967,s2_885_1695,s2_n103_99,s4_n40_7,s1_below_4282,s3_3_4,s2_2001_2003,s2_760_2075,s3_17_37,Passenger Car,s2_11_28,Deployed,s2_97_208,s1_below_1,Female,s2_37_80,s3_141_159,s2_164_318,s3_80_160,s2_2_4
4968,s2_885_1695,s2_n103_99,s5_7_up,s1_below_4282,s3_3_4,s1_below_2001,s2_760_2075,s3_17_37,Passenger Car,s4_48_64,Deployed,s2_97_208,s1_below_1,Female,s2_37_80,s3_141_159,s2_164_318,s6_260_up,s2_2_4
4969,s2_885_1695,s2_n103_99,s2_n112_n81,s2_4282_6970,s5_5_6,s5_2007_2009,s2_760_2075,s4_37_47,Passenger Car,s2_11_28,Deployed,s2_97_208,s4_3_4,Female,s2_37_80,s3_141_159,s2_164_318,s3_80_160,s2_2_4
4970,s3_1695_2555,s2_n103_99,s3_n81_n40,s1_below_4282,s4_4_5,s4_2005_2007,s2_760_2075,s4_37_47,Passenger Car,s2_11_28,Deployed,s2_97_208,s3_2_3,Male,s4_96_114,s4_159_169,s2_164_318,s3_80_160,s3_4_5
4971,s2_885_1695,s2_n103_99,s4_n40_7,s1_below_4282,s4_4_5,s2_2001_2003,s2_760_2075,s4_37_47,Passenger Car,s3_28_48,Deployed,s2_97_208,s1_below_1,Male,s2_37_80,s3_141_159,s2_164_318,s3_80_160,s2_2_4
4972,s3_1695_2555,s2_n103_99,s4_n40_7,s1_below_4282,s3_3_4,s1_below_2001,s2_760_2075,s5_47_57,Truck (<=10000 lbs.),s3_28_48,Deployed,s2_97_208,s1_below_1,Male,s3_80_96,s3_141_159,s2_164_318,s3_80_160,s2_2_4
4973,s2_885_1695,s2_n103_99,s4_n40_7,s1_below_4282,s3_3_4,s4_2005_2007,s3_2075_3730,s5_47_57,Passenger Car,s3_28_48,Deployed,s2_97_208,s5_4_5,Female,s6_130_up,s3_141_159,s2_164_318,s3_80_160,s2_2_4
4974,s3_1695_2555,s2_n103_99,s4_n40_7,s1_below_4282,s3_3_4,s1_below_2001,s2_760_2075,s3_17_37,Truck (<=6000 lbs.),s4_48_64,Not Deployed,s2_97_208,s1_below_1,Female,s2_37_80,s4_159_169,s2_164_318,s4_160_220,s3_4_5
4975,s2_885_1695,s2_n103_99,s4_n40_7,s1_below_4282,s3_3_4,s5_2007_2009,s2_760_2075,s3_17_37,Passenger Car,s2_11_28,Deployed,s2_97_208,s1_below_1,Female,s2_37_80,s3_141_159,s2_164_318,s3_80_160,s2_2_4
4976,s2_885_1695,s2_n103_99,s4_n40_7,s1_below_4282,s1_below_2,s3_2003_2005,s2_760_2075,s3_17_37,Truck (<=6000 lbs.),s3_28_48,Deployed,s2_97_208,s1_below_1,Male,s5_114_130,s3_141_159,s2_164_318,s2_40_80,s2_2_4
4977,s2_885_1695,s2_n103_99,s4_n40_7,s1_below_4282,s1_below_2,s1_below_2001,s2_760_2075,s3_17_37,Passenger Car,s2_11_28,Not Deployed,s2_97_208,s1_below_1,Female,s2_37_80,s3_141_159,s2_164_318,s3_80_160,s2_2_4
4978,s3_1695_2555,s2_n103_99,s4_n40_7,s1_below_4282,s1_below_2,s4_2005_2007,s2_760_2075,s3_17_37,Truck (<=6000 lbs.),s3_28_48,Not Deployed,s2_97_208,s1_below_1,Male,s2_37_80,s4_159_169,s2_164_318,s4_160_220,s3_4_5
4979,s2_885_1695,s2_n103_99,s4_n40_7,s1_below_4282,s4_4_5,s4_2005_2007,s2_760_2075,s3_17_37,Passenger Car,s6_76_up,Not Deployed,s2_97_208,s1_below_1,Male,s2_37_80,s3_141_159,s2_164_318,s4_160_220,s2_2_4
4980,s3_1695_2555,s2_n103_99,s4_n40_7,s1_below_4282,s4_4_5,s1_below_2001,s2_760_2075,s3_17_37,Passenger Car,s3_28_48,Deployed,s2_97_208,s1_below_1,Male,s3_80_96,s4_159_169,s2_164_318,s3_80_160,s2_2_4
4981,s2_885_1695,s2_n103_99,s3_n81_n40,s1_below_4282,s1_below_2,s4_2005_2007,s2_760_2075,s4_37_47,Passenger Car,s2_11_28,Deployed,s2_97_208,s1_below_1,Male,s3_80_96,s3_141_159,s2_164_318,s3_80_160,s2_2_4
4982,s4_2555_3715,s2_n103_99,s4_n40_7,s1_below_4282,s1_below_2,s3_2003_2005,s2_760_2075,s5_47_57,Truck (<=10000 lbs.),s4_48_64,Deployed,s2_97_208,s1_below_1,Male,s2_37_80,s4_159_169,s3_318_464,s3_80_160,s4_5_6
4983,s3_1695_2555,s2_n103_99,s4_n40_7,s1_below_4282,s1_below_2,s2_2001_2003,s3_2075_3730,s5_47_57,Truck (<=6000 lbs.),s3_28_48,Deployed,s2_97_208,s1_below_1,Male,s2_37_80,s4_159_169,s2_164_318,s3_80_160,s3_4_5
4984,s3_1695_2555,s2_n103_99,s4_n40_7,s1_below_4282,s1_below_2,s3_2003_2005,s2_760_2075,s1_below_7,Truck (<=6000 lbs.),s3_28_48,Deployed,s2_97_208,s1_below_1,Female,s2_37_80,s4_159_169,s2_164_318,s4_160_220,s2_2_4
4985,s3_1695_2555,s2_n103_99,s4_n40_7,s1_below_4282,s3_3_4,s4_2005_2007,s2_760_2075,s4_37_47,Truck (<=10000 lbs.),s3_28_48,Deployed,s2_97_208,s3_2_3,Male,s2_37_80,s5_169_179,s3_318_464,s6_260_up,s4_5_6
4986,s2_885_1695,s2_n103_99,s4_n40_7,s1_below_4282,s3_3_4,s1_below_2001,s3_2075_3730,s5_47_57,Passenger Car,s2_11_28,Not Deployed,s2_97_208,s1_below_1,Female,s2_37_80,s3_141_159,s2_164_318,s3_80_160,s2_2_4
4987,s3_1695_2555,s2_n103_99,s5_7_up,s1_below_4282,s3_3_4,s4_2005_2007,s2_760_2075,s5_47_57,Truck (<=10000 lbs.),s4_48_64,Not Deployed,s2_97_208,s1_below_1,Male,s4_96_114,s3_141_159,s2_164_318,s6_260_up,s2_2_4
4988,s2_885_1695,s2_n103_99,s5_7_up,s1_below_4282,s2_2_3,s4_2005_2007,s2_760_2075,s5_47_57,Passenger Car,s2_11_28,Not Deployed,s2_97_208,s1_below_1,Female,s2_37_80,s3_141_159,s2_164_318,s5_220_260,s2_2_4
4989,s3_1695_2555,s2_n103_99,s4_n40_7,s1_below_4282,s4_4_5,s4_2005_2007,s2_760_2075,s4_37_47,Passenger Car,s2_11_28,Not Deployed,s2_97_208,s1_below_1,Female,s2_37_80,s4_159_169,s2_164_318,s3_80_160,s2_2_4
4990,s2_885_1695,s2_n103_99,s4_n40_7,s1_below_4282,s4_4_5,s3_2003_2005,s3_2075_3730,s3_17_37,Passenger Car,s6_76_up,Not Deployed,s2_97_208,s1_below_1,Female,s2_37_80,s3_141_159,s2_164_318,s3_80_160,s2_2_4
4991,s2_885_1695,s2_n103_99,s4_n40_7,s1_below_4282,s4_4_5,s4_2005_2007,s2_760_2075,s4_37_47,Truck (<=6000 lbs.),s4_48_64,Not Deployed,s2_97_208,s1_below_1,Female,s2_37_80,s3_141_159,s2_164_318,s3_80_160,s2_2_4
4992,s3_1695_2555,s2_n103_99,s4_n40_7,s1_below_4282,s4_4_5,s4_2005_2007,s2_760_2075,s3_17_37,Truck (<=6000 lbs.),s4_48_64,Deployed,s2_97_208,s3_2_3,Female,s2_37_80,s3_141_159,s2_164_318,s3_80_160,s2_2_4
4993,s2_885_1695,s2_n103_99,s3_n81_n40,s1_below_4282,s1_below_2,s5_2007_2009,s2_760_2075,s5_47_57,Truck (<=6000 lbs.),s3_28_48,Deployed,s2_97_208,s1_below_1,Male,s3_80_96,s3_141_159,s2_164_318,s3_80_160,s2_2_4
4994,s2_885_1695,s2_n103_99,s4_n40_7,s1_below_4282,s2_2_3,s1_below_2001,s2_760_2075,s4_37_47,Passenger Car,s2_11_28,Not Deployed,s2_97_208,s1_below_1,Female,s2_37_80,s3_141_159,s2_164_318,s4_160_220,s2_2_4
4995,s2_885_1695,s2_n103_99,s4_n40_7,s1_below_4282,s1_below_2,s5_2007_2009,s3_2075_3730,s5_47_57,Truck (<=6000 lbs.),s3_28_48,Not Deployed,s2_97_208,s1_below_1,Female,s2_37_80,s3_141_159,s2_164_318,s3_80_160,s2_2_4
4996,s2_885_1695,s2_n103_99,s5_7_up,s1_below_4282,s3_3_4,s2_2001_2003,s3_2075_3730,s3_17_37,Passenger Car,s4_48_64,Not Deployed,s2_97_208,s1_below_1,Female,s2_37_80,s3_141_159,s2_164_318,s6_260_up,s2_2_4
4997,s2_885_1695,s2_n103_99,s3_n81_n40,s1_below_4282,s2_2_3,s1_below_2001,s2_760_2075,s3_17_37,Passenger Car,s3_28_48,Deployed,s2_97_208,s3_2_3,Male,s2_37_80,s3_141_159,s2_164_318,s3_80_160,s2_2_4
4998,s2_885_1695,s2_n103_99,s4_n40_7,s1_below_4282,s3_3_4,s3_2003_2005,s2_760_2075,s3_17_37,Truck (<=6000 lbs.),s2_11_28,Deployed,s2_97_208,s1_below_1,Female,s4_96_114,s3_141_159,s2_164_318,s3_80_160,s2_2_4
4999,s2_885_1695,s2_n103_99,s3_n81_n40,s1_below_4282,s1_below_2,s3_2003_2005,s2_760_2075,s5_47_57,Passenger Car,s2_11_28,Deployed,s2_97_208,s3_2_3,Male,s3_80_96,s3_141_159,s2_164_318,s3_80_160,s2_2_4
5000,s3_1695_2555,s2_n103_99,s4_n40_7,s1_below_4282,s3_3_4,s2_2001_2003,s2_760_2075,s5_47_57,Truck (<=10000 lbs.),s4_48_64,Deployed,s2_97_208,s6_5_up,Male,s6_130_up,s4_159_169,s2_164_318,s3_80_160,s2_2_4
5001,s2_885_1695,s2_n103_99,s4_n40_7,s1_below_4282,s1_below_2,s1_below_2001,s3_2075_3730,s4_37_47,Passenger Car,s2_11_28,Deployed,s2_97_208,s1_below_1,Female,s2_37_80,s3_141_159,s2_164_318,s3_80_160,s2_2_4
5002,s2_885_1695,s2_n103_99,s4_n40_7,s1_below_4282,s3_3_4,s1_below_2001,s2_760_2075,s3_17_37,Passenger Car,s2_11_28,Deployed,s2_97_208,s3_2_3,Male,s4_96_114,s3_141_159,s2_164_318,s3_80_160,s2_2_4
5003,s3_1695_2555,s2_n103_99,s4_n40_7,s1_below_4282,s1_below_2,s2_2001_2003,s2_760_2075,s3_17_37,Truck (<=10000 lbs.),s2_11_28,Not Deployed,s2_97_208,s1_below_1,Male,s3_80_96,s3_141_159,s2_164_318,s3_80_160,s2_2_4
5004,s2_885_1695,s2_n103_99,s5_7_up,s1_below_4282,s1_below_2,s1_below_2001,s2_760_2075,s5_47_57,Passenger Car,s3_28_48,Not Deployed,s2_97_208,s1_below_1,Male,s2_37_80,s3_141_159,s2_164_318,s6_260_up,s2_2_4
5005,s2_885_1695,s2_n103_99,s4_n40_7,s1_below_4282,s3_3_4,s4_2005_2007,s2_760_2075,s4_37_47,Passenger Car,s3_28_48,Not Deployed,s2_97_208,s1_below_1,Female,s3_80_96,s3_141_159,s2_164_318,s3_80_160,s2_2_4
5006,s3_1695_2555,s2_n103_99,s5_7_up,s1_below_4282,s4_4_5,s2_2001_2003,s2_760_2075,s3_17_37,Truck (<=6000 lbs.),s2_11_28,Not Deployed,s2_97_208,s1_below_1,Male,s2_37_80,s4_159_169,s2_164_318,s6_260_up,s3_4_5
5007,s2_885_1695,s2_n103_99,s5_7_up,s1_below_4282,s1_below_2,s5_2007_2009,s2_760_2075,s4_37_47,Passenger Car,s4_48_64,Not Deployed,s2_97_208,s1_below_1,Male,s3_80_96,s3_141_159,s2_164_318,s6_260_up,s2_2_4
5008,s3_1695_2555,s2_n103_99,s4_n40_7,s1_below_4282,s1_below_2,s1_below_2001,s2_760_2075,s5_47_57,Truck (<=6000 lbs.),s3_28_48,Not Deployed,s2_97_208,s1_below_1,Female,s2_37_80,s3_141_159,s2_164_318,s3_80_160,s2_2_4
5009,s3_1695_2555,s2_n103_99,s3_n81_n40,s1_below_4282,s1_below_2,s3_2003_2005,s3_2075_3730,s3_17_37,Truck (<=10000 lbs.),s3_28_48,Deployed,s2_97_208,s3_2_3,Male,s5_114_130,s5_169_179,s3_318_464,s3_80_160,s4_5_6
5010,s2_885_1695,s2_n103_99,s4_n40_7,s1_below_4282,s2_2_3,s4_2005_2007,s2_760_2075,s5_47_57,Passenger Car,s3_28_48,Not Deployed,s2_97_208,s1_below_1,Female,s2_37_80,s3_141_159,s2_164_318,s3_80_160,s2_2_4
5011,s2_885_1695,s2_n103_99,s4_n40_7,s1_below_4282,s2_2_3,s2_2001_2003,s2_760_2075,s4_37_47,Passenger Car,s2_11_28,Deployed,s2_97_208,s1_below_1,Female,s2_37_80,s3_141_159,s2_164_318,s4_160_220,s2_2_4
5012,s3_1695_2555,s2_n103_99,s4_n40_7,s1_below_4282,s1_below_2,s3_2003_2005,s2_760_2075,s5_47_57,Truck (<=10000 lbs.),s3_28_48,Deployed,s2_97_208,s1_below_1,Male,s3_80_96,s4_159_169,s3_318_464,s3_80_160,s4_5_6
5013,s2_885_1695,s2_n103_99,s4_n40_7,s1_below_4282,s1_below_2,s2_2001_2003,s3_2075_3730,s5_47_57,Passenger Car,s3_28_48,Not Deployed,s2_97_208,s3_2_3,Female,s2_37_80,s3_141_159,s2_164_318,s2_40_80,s2_2_4
5014,s2_885_1695,s2_n103_99,s4_n40_7,s1_below_4282,s2_2_3,s5_2007_2009,s2_760_2075,s3_17_37,Passenger Car,s2_11_28,Deployed,s2_97_208,s4_3_4,Female,s2_37_80,s3_141_159,s2_164_318,s3_80_160,s2_2_4
5015,s3_1695_2555,s2_n103_99,s4_n40_7,s1_below_4282,s1_below_2,s3_2003_2005,s2_760_2075,s6_57_up,Truck (<=6000 lbs.),s3_28_48,Not Deployed,s2_97_208,s1_below_1,Female,s3_80_96,s3_141_159,s2_164_318,s3_80_160,s2_2_4
5016,s2_885_1695,s2_n103_99,s4_n40_7,s1_below_4282,s1_below_2,s3_2003_2005,s2_760_2075,s4_37_47,Passenger Car,s4_48_64,Deployed,s2_97_208,s1_below_1,Female,s2_37_80,s3_141_159,s2_164_318,s3_80_160,s2_2_4
5017,s2_885_1695,s2_n103_99,s4_n40_7,s1_below_4282,s1_below_2,s1_below_2001,s2_760_2075,s3_17_37,Passenger Car,s3_28_48,Not Deployed,s2_97_208,s1_below_1,Male,s5_114_130,s3_141_159,s2_164_318,s5_220_260,s2_2_4
5018,s2_885_1695,s2_n103_99,s3_n81_n40,s1_below_4282,s3_3_4,s4_2005_2007,s2_760_2075,s6_57_up,Passenger Car,s3_28_48,Deployed,s2_97_208,s1_below_1,Male,s5_114_130,s3_141_159,s2_164_318,s3_80_160,s2_2_4
5019,s2_885_1695,s2_n103_99,s4_n40_7,s1_below_4282,s2_2_3,s4_2005_2007,s2_760_2075,s4_37_47,Passenger Car,s2_11_28,Not Deployed,s2_97_208,s1_below_1,Male,s2_37_80,s3_141_159,s2_164_318,s4_160_220,s2_2_4
5020,s2_885_1695,s2_n103_99,s4_n40_7,s1_below_4282,s1_below_2,s5_2007_2009,s2_760_2075,s6_57_up,Passenger Car,s4_48_64,Deployed,s2_97_208,s6_5_up,Male,s6_130_up,s3_141_159,s2_164_318,s3_80_160,s2_2_4
5021,s2_885_1695,s2_n103_99,s4_n40_7,s1_below_4282,s1_below_2,s1_below_2001,s2_760_2075,s3_17_37,Passenger Car,s4_48_64,Not Deployed,s2_97_208,s2_1_2,Male,s2_37_80,s3_141_159,s2_164_318,s3_80_160,s2_2_4
5022,s2_885_1695,s2_n103_99,s4_n40_7,s1_below_4282,s1_below_2,s4_2005_2007,s2_760_2075,s3_17_37,Passenger Car,s3_28_48,Deployed,s2_97_208,s1_below_1,Male,s3_80_96,s3_141_159,s2_164_318,s3_80_160,s2_2_4
5023,s3_1695_2555,s2_n103_99,s4_n40_7,s1_below_4282,s2_2_3,s1_below_2001,s2_760_2075,s4_37_47,Truck (<=6000 lbs.),s3_28_48,Not Deployed,s2_97_208,s1_below_1,Male,s2_37_80,s3_141_159,s2_164_318,s4_160_220,s3_4_5
5024,s2_885_1695,s2_n103_99,s4_n40_7,s1_below_4282,s5_5_6,s5_2007_2009,s2_760_2075,s4_37_47,Passenger Car,s3_28_48,Deployed,s2_97_208,s1_below_1,Male,s2_37_80,s3_141_159,s2_164_318,s3_80_160,s2_2_4
5025,s2_885_1695,s2_n103_99,s4_n40_7,s1_below_4282,s2_2_3,s1_below_2001,s2_760_2075,s3_17_37,Passenger Car,s4_48_64,Not Deployed,s2_97_208,s1_below_1,Male,s2_37_80,s3_141_159,s2_164_318,s4_160_220,s2_2_4
5026,s2_885_1695,s2_n103_99,s4_n40_7,s1_below_4282,s1_below_2,s3_2003_2005,s2_760_2075,s3_17_37,Passenger Car,s6_76_up,Not Deployed,s2_97_208,s1_below_1,Male,s2_37_80,s3_141_159,s2_164_318,s2_40_80,s2_2_4
5027,s3_1695_2555,s2_n103_99,s4_n40_7,s1_below_4282,s2_2_3,s2_2001_2003,s2_760_2075,s3_17_37,Truck (<=10000 lbs.),s3_28_48,Not Deployed,s2_97_208,s1_below_1,Male,s3_80_96,s5_169_179,s3_318_464,s2_40_80,s4_5_6
5028,s3_1695_2555,s2_n103_99,s4_n40_7,s1_below_4282,s1_below_2,s1_below_2001,s2_760_2075,s5_47_57,Passenger Car,s6_76_up,Deployed,s2_97_208,s1_below_1,Male,s3_80_96,s3_141_159,s2_164_318,s3_80_160,s2_2_4
5029,s2_885_1695,s2_n103_99,s4_n40_7,s1_below_4282,s1_below_2,s4_2005_2007,s2_760_2075,s4_37_47,Passenger Car,s2_11_28,Not Deployed,s2_97_208,s1_below_1,Female,s2_37_80,s3_141_159,s2_164_318,s3_80_160,s2_2_4
5030,s2_885_1695,s2_n103_99,s4_n40_7,s1_below_4282,s4_4_5,s3_2003_2005,s2_760_2075,s3_17_37,Passenger Car,s4_48_64,Not Deployed,s2_97_208,s1_below_1,Male,s4_96_114,s3_141_159,s2_164_318,s3_80_160,s2_2_4
5031,s2_885_1695,s2_n103_99,s5_7_up,s1_below_4282,s2_2_3,s3_2003_2005,s2_760_2075,s5_47_57,Passenger Car,s2_11_28,Not Deployed,s2_97_208,s1_below_1,Female,s3_80_96,s3_141_159,s2_164_318,s6_260_up,s2_2_4
5032,s2_885_1695,s2_n103_99,s4_n40_7,s1_below_4282,s1_below_2,s3_2003_2005,s2_760_2075,s4_37_47,Passenger Car,s3_28_48,Not Deployed,s2_97_208,s1_below_1,Male,s4_96_114,s3_141_159,s2_164_318,s4_160_220,s2_2_4
5033,s2_885_1695,s2_n103_99,s4_n40_7,s1_below_4282,s3_3_4,s5_2007_2009,s2_760_2075,s4_37_47,Passenger Car,s2_11_28,Deployed,s2_97_208,s1_below_1,Female,s2_37_80,s3_141_159,s2_164_318,s3_80_160,s2_2_4
5034,s2_885_1695,s2_n103_99,s4_n40_7,s1_below_4282,s4_4_5,s4_2005_2007,s2_760_2075,s4_37_47,Truck (<=6000 lbs.),s2_11_28,Not Deployed,s2_97_208,s1_below_1,Female,s2_37_80,s3_141_159,s2_164_318,s3_80_160,s2_2_4
5035,s4_2555_3715,s2_n103_99,s4_n40_7,s1_below_4282,s2_2_3,s2_2001_2003,s2_760_2075,s4_37_47,Truck (<=10000 lbs.),s2_11_28,Not Deployed,s2_97_208,s1_below_1,Male,s3_80_96,s4_159_169,s2_164_318,s3_80_160,s3_4_5
5036,s3_1695_2555,s2_n103_99,s4_n40_7,s1_below_4282,s2_2_3,s4_2005_2007,s2_760_2075,s4_37_47,Truck (<=6000 lbs.),s4_48_64,Deployed,s2_97_208,s1_below_1,Male,s3_80_96,s3_141_159,s2_164_318,s3_80_160,s2_2_4
5037,s2_885_1695,s2_n103_99,s4_n40_7,s1_below_4282,s4_4_5,s3_2003_2005,s2_760_2075,s4_37_47,Passenger Car,s3_28_48,Deployed,s2_97_208,s1_below_1,Male,s3_80_96,s3_141_159,s2_164_318,s3_80_160,s2_2_4
5038,s2_885_1695,s2_n103_99,s4_n40_7,s1_below_4282,s1_below_2,s5_2007_2009,s2_760_2075,s3_17_37,Passenger Car,s4_48_64,Not Deployed,s2_97_208,s1_below_1,Female,s2_37_80,s3_141_159,s2_164_318,s3_80_160,s2_2_4
5039,s2_885_1695,s2_n103_99,s3_n81_n40,s1_below_4282,s1_below_2,s2_2001_2003,s2_760_2075,s6_57_up,Truck (<=6000 lbs.),s4_48_64,Deployed,s2_97_208,s6_5_up,Female,s2_37_80,s2_116_141,s2_164_318,s3_80_160,s2_2_4
5040,s3_1695_2555,s2_n103_99,s4_n40_7,s1_below_4282,s1_below_2,s2_2001_2003,s2_760_2075,s6_57_up,Truck (<=6000 lbs.),s4_48_64,Deployed,s2_97_208,s5_4_5,Male,s5_114_130,s4_159_169,s2_164_318,s3_80_160,s3_4_5
5041,s2_885_1695,s2_n103_99,s4_n40_7,s1_below_4282,s3_3_4,s2_2001_2003,s2_760_2075,s3_17_37,Passenger Car,s3_28_48,Not Deployed,s2_97_208,s1_below_1,Female,s3_80_96,s3_141_159,s2_164_318,s4_160_220,s2_2_4
5042,s2_885_1695,s2_n103_99,s4_n40_7,s1_below_4282,s2_2_3,s3_2003_2005,s2_760_2075,s3_17_37,Passenger Car,s5_64_76,Deployed,s2_97_208,s5_4_5,Female,s2_37_80,s3_141_159,s2_164_318,s3_80_160,s2_2_4
5043,s2_885_1695,s2_n103_99,s4_n40_7,s1_below_4282,s2_2_3,s1_below_2001,s2_760_2075,s4_37_47,Passenger Car,s2_11_28,Deployed,s2_97_208,s2_1_2,Female,s2_37_80,s3_141_159,s2_164_318,s3_80_160,s2_2_4
5044,s2_885_1695,s2_n103_99,s3_n81_n40,s1_below_4282,s2_2_3,s5_2007_2009,s2_760_2075,s3_17_37,Passenger Car,s2_11_28,Deployed,s2_97_208,s1_below_1,Female,s2_37_80,s3_141_159,s2_164_318,s3_80_160,s2_2_4
5045,s2_885_1695,s2_n103_99,s4_n40_7,s1_below_4282,s3_3_4,s3_2003_2005,s2_760_2075,s4_37_47,Passenger Car,s2_11_28,Deployed,s2_97_208,s3_2_3,Female,s2_37_80,s3_141_159,s2_164_318,s3_80_160,s2_2_4
5046,s2_885_1695,s2_n103_99,s3_n81_n40,s1_below_4282,s2_2_3,s2_2001_2003,s2_760_2075,s5_47_57,Passenger Car,s3_28_48,Deployed,s2_97_208,s2_1_2,Male,s3_80_96,s3_141_159,s2_164_318,s3_80_160,s2_2_4
5047,s4_2555_3715,s2_n103_99,s4_n40_7,s1_below_4282,s4_4_5,s4_2005_2007,s2_760_2075,s4_37_47,Truck (<=10000 lbs.),s2_11_28,Deployed,s2_97_208,s2_1_2,Male,s3_80_96,s5_169_179,s3_318_464,s4_160_220,s4_5_6
5048,s3_1695_2555,s2_n103_99,s4_n40_7,s1_below_4282,s3_3_4,s4_2005_2007,s3_2075_3730,s4_37_47,Truck (<=6000 lbs.),s3_28_48,Deployed,s2_97_208,s3_2_3,Female,s2_37_80,s4_159_169,s2_164_318,s3_80_160,s3_4_5
5049,s2_885_1695,s2_n103_99,s4_n40_7,s1_below_4282,s1_below_2,s4_2005_2007,s2_760_2075,s3_17_37,Passenger Car,s2_11_28,Deployed,s2_97_208,s2_1_2,Male,s2_37_80,s3_141_159,s2_164_318,s3_80_160,s2_2_4
5050,s4_2555_3715,s2_n103_99,s4_n40_7,s1_below_4282,s1_below_2,s4_2005_2007,s3_2075_3730,s4_37_47,Truck (<=10000 lbs.),s3_28_48,Not Deployed,s2_97_208,s1_below_1,Female,s2_37_80,s4_159_169,s3_318_464,s3_80_160,s4_5_6
5051,s3_1695_2555,s2_n103_99,s4_n40_7,s1_below_4282,s1_below_2,s2_2001_2003,s3_2075_3730,s4_37_47,Truck (<=10000 lbs.),s3_28_48,Not Deployed,s2_97_208,s1_below_1,Female,s2_37_80,s4_159_169,s3_318_464,s4_160_220,s4_5_6
5052,s2_885_1695,s2_n103_99,s4_n40_7,s1_below_4282,s1_below_2,s2_2001_2003,s2_760_2075,s3_17_37,Passenger Car,s3_28_48,Deployed,s2_97_208,s1_below_1,Female,s3_80_96,s3_141_159,s2_164_318,s3_80_160,s2_2_4
5053,s2_885_1695,s2_n103_99,s4_n40_7,s1_below_4282,s2_2_3,s4_2005_2007,s2_760_2075,s3_17_37,Passenger Car,s3_28_48,Not Deployed,s2_97_208,s1_below_1,Female,s2_37_80,s3_141_159,s2_164_318,s4_160_220,s2_2_4
5054,s2_885_1695,s2_n103_99,s4_n40_7,s1_below_4282,s4_4_5,s1_below_2001,s2_760_2075,s4_37_47,Passenger Car,s2_11_28,Deployed,s2_97_208,s1_below_1,Male,s2_37_80,s3_141_159,s2_164_318,s3_80_160,s2_2_4
5055,s2_885_1695,s2_n103_99,s4_n40_7,s1_below_4282,s4_4_5,s4_2005_2007,s2_760_2075,s3_17_37,Passenger Car,s2_11_28,Not Deployed,s2_97_208,s1_below_1,Female,s2_37_80,s3_141_159,s2_164_318,s3_80_160,s2_2_4
5056,s2_885_1695,s2_n103_99,s3_n81_n40,s1_below_4282,s1_below_2,s1_below_2001,s2_760_2075,s3_17_37,Truck (<=6000 lbs.),s2_11_28,Deployed,s2_97_208,s2_1_2,Female,s2_37_80,s3_141_159,s2_164_318,s2_40_80,s2_2_4
5057,s2_885_1695,s2_n103_99,s4_n40_7,s1_below_4282,s2_2_3,s4_2005_2007,s3_2075_3730,s4_37_47,Passenger Car,s4_48_64,Not Deployed,s2_97_208,s2_1_2,Male,s3_80_96,s3_141_159,s2_164_318,s3_80_160,s2_2_4
5058,s3_1695_2555,s2_n103_99,s4_n40_7,s1_below_4282,s1_below_2,s5_2007_2009,s2_760_2075,s4_37_47,Truck (<=10000 lbs.),s4_48_64,Not Deployed,s2_97_208,s1_below_1,Male,s4_96_114,s5_169_179,s3_318_464,s2_40_80,s4_5_6
5059,s2_885_1695,s2_n103_99,s3_n81_n40,s1_below_4282,s2_2_3,s1_below_2001,s2_760_2075,s3_17_37,Passenger Car,s2_11_28,Deployed,s2_97_208,s1_below_1,Female,s2_37_80,s3_141_159,s2_164_318,s3_80_160,s2_2_4
5060,s2_885_1695,s2_n103_99,s4_n40_7,s1_below_4282,s3_3_4,s4_2005_2007,s2_760_2075,s3_17_37,Passenger Car,s2_11_28,Deployed,s2_97_208,s1_below_1,Male,s4_96_114,s3_141_159,s2_164_318,s3_80_160,s2_2_4
5061,s3_1695_2555,s2_n103_99,s4_n40_7,s1_below_4282,s1_below_2,s3_2003_2005,s3_2075_3730,s3_17_37,Passenger Car,s2_11_28,Not Deployed,s2_97_208,s1_below_1,Female,s2_37_80,s3_141_159,s2_164_318,s2_40_80,s2_2_4
5062,s3_1695_2555,s2_n103_99,s4_n40_7,s1_below_4282,s4_4_5,s3_2003_2005,s2_760_2075,s3_17_37,Truck (<=10000 lbs.),s3_28_48,Deployed,s2_97_208,s1_below_1,Male,s3_80_96,s5_169_179,s3_318_464,s3_80_160,s4_5_6
5063,s3_1695_2555,s2_n103_99,s4_n40_7,s1_below_4282,s1_below_2,s2_2001_2003,s2_760_2075,s3_17_37,Truck (<=10000 lbs.),s3_28_48,Not Deployed,s2_97_208,s1_below_1,Male,s4_96_114,s4_159_169,s3_318_464,s3_80_160,s4_5_6
5064,s2_885_1695,s2_n103_99,s4_n40_7,s1_below_4282,s1_below_2,s1_below_2001,s3_2075_3730,s3_17_37,Passenger Car,s3_28_48,Not Deployed,s2_97_208,s1_below_1,Female,s2_37_80,s3_141_159,s2_164_318,s3_80_160,s2_2_4
5065,s2_885_1695,s2_n103_99,s4_n40_7,s1_below_4282,s3_3_4,s2_2001_2003,s2_760_2075,s4_37_47,Passenger Car,s3_28_48,Deployed,s2_97_208,s1_below_1,Male,s3_80_96,s3_141_159,s2_164_318,s3_80_160,s2_2_4
5066,s2_885_1695,s2_n103_99,s4_n40_7,s1_below_4282,s2_2_3,s3_2003_2005,s2_760_2075,s3_17_37,Passenger Car,s2_11_28,Deployed,s2_97_208,s1_below_1,Female,s2_37_80,s3_141_159,s2_164_318,s3_80_160,s2_2_4
5067,s2_885_1695,s2_n103_99,s4_n40_7,s1_below_4282,s3_3_4,s1_below_2001,s2_760_2075,s3_17_37,Passenger Car,s2_11_28,Not Deployed,s2_97_208,s1_below_1,Male,s3_80_96,s3_141_159,s2_164_318,s3_80_160,s2_2_4
5068,s2_885_1695,s2_n103_99,s4_n40_7,s1_below_4282,s4_4_5,s5_2007_2009,s2_760_2075,s3_17_37,Passenger Car,s3_28_48,Not Deployed,s2_97_208,s1_below_1,Male,s2_37_80,s3_141_159,s2_164_318,s3_80_160,s2_2_4
5069,s2_885_1695,s2_n103_99,s4_n40_7,s1_below_4282,s3_3_4,s2_2001_2003,s2_760_2075,s3_17_37,Truck (<=6000 lbs.),s3_28_48,Not Deployed,s2_97_208,s1_below_1,Male,s3_80_96,s2_116_141,s2_164_318,s3_80_160,s2_2_4
5070,s2_885_1695,s2_n103_99,s4_n40_7,s1_below_4282,s1_below_2,s4_2005_2007,s2_760_2075,s3_17_37,Passenger Car,s3_28_48,Deployed,s2_97_208,s1_below_1,Female,s2_37_80,s3_141_159,s2_164_318,s2_40_80,s2_2_4
5071,s2_885_1695,s2_n103_99,s4_n40_7,s1_below_4282,s1_below_2,s1_below_2001,s2_760_2075,s3_17_37,Passenger Car,s2_11_28,Not Deployed,s2_97_208,s1_below_1,Male,s3_80_96,s3_141_159,s2_164_318,s3_80_160,s2_2_4
5072,s3_1695_2555,s2_n103_99,s4_n40_7,s1_below_4282,s1_below_2,s4_2005_2007,s2_760_2075,s3_17_37,Truck (<=6000 lbs.),s2_11_28,Not Deployed,s2_97_208,s1_below_1,Male,s3_80_96,s3_141_159,s2_164_318,s3_80_160,s2_2_4
5073,s2_885_1695,s2_n103_99,s4_n40_7,s1_below_4282,s2_2_3,s3_2003_2005,s2_760_2075,s4_37_47,Passenger Car,s2_11_28,Deployed,s2_97_208,s1_below_1,Female,s2_37_80,s3_141_159,s2_164_318,s4_160_220,s2_2_4
5074,s2_885_1695,s2_n103_99,s4_n40_7,s1_below_4282,s2_2_3,s2_2001_2003,s2_760_2075,s4_37_47,Passenger Car,s3_28_48,Not Deployed,s2_97_208,s1_below_1,Female,s2_37_80,s3_141_159,s2_164_318,s3_80_160,s2_2_4
5075,s2_885_1695,s2_n103_99,s5_7_up,s1_below_4282,s1_below_2,s5_2007_2009,s2_760_2075,s4_37_47,Truck (<=6000 lbs.),s3_28_48,Not Deployed,s2_97_208,s1_below_1,Female,s2_37_80,s3_141_159,s2_164_318,s6_260_up,s2_2_4
5076,s2_885_1695,s2_n103_99,s4_n40_7,s1_below_4282,s3_3_4,s3_2003_2005,s2_760_2075,s3_17_37,Passenger Car,s2_11_28,Deployed,s2_97_208,s1_below_1,Male,s2_37_80,s3_141_159,s2_164_318,s3_80_160,s2_2_4
5077,s2_885_1695,s2_n103_99,s4_n40_7,s1_below_4282,s3_3_4,s3_2003_2005,s2_760_2075,s3_17_37,Passenger Car,s3_28_48,Not Deployed,s2_97_208,s4_3_4,Male,s3_80_96,s3_141_159,s2_164_318,s4_160_220,s2_2_4
5078,s2_885_1695,s2_n103_99,s4_n40_7,s1_below_4282,s1_below_2,s2_2001_2003,s2_760_2075,s3_17_37,Passenger Car,s2_11_28,Not Deployed,s2_97_208,s4_3_4,Male,s3_80_96,s3_141_159,s2_164_318,s2_40_80,s2_2_4
5079,s3_1695_2555,s2_n103_99,s4_n40_7,s1_below_4282,s2_2_3,s5_2007_2009,s2_760_2075,s4_37_47,Passenger Car,s2_11_28,Deployed,s2_97_208,s1_below_1,Male,s3_80_96,s4_159_169,s2_164_318,s4_160_220,s2_2_4
5080,s3_1695_2555,s2_n103_99,s3_n81_n40,s1_below_4282,s2_2_3,s3_2003_2005,s2_760_2075,s4_37_47,Truck (<=10000 lbs.),s5_64_76,Deployed,s2_97_208,s4_3_4,Male,s5_114_130,s3_141_159,s3_318_464,s3_80_160,s3_4_5
5081,s2_885_1695,s2_n103_99,s3_n81_n40,s1_below_4282,s3_3_4,s1_below_2001,s2_760_2075,s3_17_37,Passenger Car,s4_48_64,Deployed,s2_97_208,s2_1_2,Female,s3_80_96,s3_141_159,s2_164_318,s3_80_160,s2_2_4
5082,s2_885_1695,s2_n103_99,s4_n40_7,s1_below_4282,s2_2_3,s1_below_2001,s2_760_2075,s4_37_47,Passenger Car,s2_11_28,Deployed,s2_97_208,s3_2_3,Female,s2_37_80,s3_141_159,s2_164_318,s4_160_220,s2_2_4
5083,s2_885_1695,s2_n103_99,s4_n40_7,s1_below_4282,s2_2_3,s4_2005_2007,s2_760_2075,s4_37_47,Passenger Car,s2_11_28,Deployed,s2_97_208,s1_below_1,Male,s2_37_80,s2_116_141,s2_164_318,s3_80_160,s2_2_4
5084,s3_1695_2555,s2_n103_99,s4_n40_7,s1_below_4282,s4_4_5,s1_below_2001,s2_760_2075,s3_17_37,Truck (<=6000 lbs.),s3_28_48,Not Deployed,s2_97_208,s1_below_1,Female,s2_37_80,s3_141_159,s2_164_318,s3_80_160,s2_2_4
5085,s2_885_1695,s2_n103_99,s5_7_up,s1_below_4282,s1_below_2,s1_below_2001,s2_760_2075,s6_57_up,Truck (<=6000 lbs.),s2_11_28,Not Deployed,s2_97_208,s1_below_1,Female,s2_37_80,s3_141_159,s2_164_318,s6_260_up,s2_2_4
5086,s2_885_1695,s2_n103_99,s4_n40_7,s1_below_4282,s1_below_2,s1_below_2001,s2_760_2075,s4_37_47,Truck (<=6000 lbs.),s2_11_28,Deployed,s2_97_208,s1_below_1,Female,s2_37_80,s3_141_159,s2_164_318,s3_80_160,s2_2_4
5087,s2_885_1695,s2_n103_99,s4_n40_7,s1_below_4282,s1_below_2,s5_2007_2009,s2_760_2075,s3_17_37,Passenger Car,s3_28_48,Not Deployed,s2_97_208,s4_3_4,Male,s4_96_114,s3_141_159,s2_164_318,s3_80_160,s2_2_4
5088,s2_885_1695,s2_n103_99,s4_n40_7,s1_below_4282,s2_2_3,s1_below_2001,s2_760_2075,s5_47_57,Passenger Car,s2_11_28,Not Deployed,s2_97_208,s1_below_1,Male,s3_80_96,s3_141_159,s2_164_318,s3_80_160,s2_2_4
5089,s2_885_1695,s2_n103_99,s3_n81_n40,s2_4282_6970,s1_below_2,s2_2001_2003,s2_760_2075,s3_17_37,Passenger Car,s3_28_48,Deployed,s2_97_208,s5_4_5,Female,s3_80_96,s3_141_159,s2_164_318,s3_80_160,s2_2_4
5090,s3_1695_2555,s2_n103_99,s4_n40_7,s1_below_4282,s2_2_3,s3_2003_2005,s2_760_2075,s4_37_47,Truck (<=10000 lbs.),s3_28_48,Not Deployed,s2_97_208,s1_below_1,Female,s2_37_80,s4_159_169,s2_164_318,s4_160_220,s2_2_4
5091,s2_885_1695,s2_n103_99,s5_7_up,s1_below_4282,s1_below_2,s4_2005_2007,s2_760_2075,s6_57_up,Truck (<=6000 lbs.),s3_28_48,Not Deployed,s2_97_208,s1_below_1,Female,s2_37_80,s3_141_159,s2_164_318,s6_260_up,s2_2_4
5092,s2_885_1695,s2_n103_99,s4_n40_7,s1_below_4282,s4_4_5,s1_below_2001,s2_760_2075,s6_57_up,Passenger Car,s2_11_28,Deployed,s2_97_208,s6_5_up,Female,s2_37_80,s3_141_159,s2_164_318,s2_40_80,s2_2_4
5093,s2_885_1695,s2_n103_99,s4_n40_7,s1_below_4282,s2_2_3,s2_2001_2003,s2_760_2075,s4_37_47,Passenger Car,s2_11_28,Deployed,s2_97_208,s1_below_1,Male,s6_130_up,s3_141_159,s2_164_318,s4_160_220,s2_2_4
5094,s2_885_1695,s2_n103_99,s4_n40_7,s1_below_4282,s3_3_4,s2_2001_2003,s3_2075_3730,s4_37_47,Passenger Car,s6_76_up,Deployed,s2_97_208,s1_below_1,Female,s3_80_96,s3_141_159,s2_164_318,s3_80_160,s2_2_4
5095,s3_1695_2555,s2_n103_99,s4_n40_7,s1_below_4282,s2_2_3,s3_2003_2005,s2_760_2075,s4_37_47,Truck (<=6000 lbs.),s2_11_28,Deployed,s2_97_208,s1_below_1,Male,s2_37_80,s3_141_159,s2_164_318,s4_160_220,s2_2_4
5096,s2_885_1695,s2_n103_99,s4_n40_7,s1_below_4282,s3_3_4,s1_below_2001,s3_2075_3730,s4_37_47,Passenger Car,s2_11_28,Not Deployed,s2_97_208,s1_below_1,Female,s2_37_80,s3_141_159,s2_164_318,s4_160_220,s2_2_4
5097,s3_1695_2555,s2_n103_99,s4_n40_7,s1_below_4282,s4_4_5,s3_2003_2005,s2_760_2075,s4_37_47,Truck (<=10000 lbs.),s6_76_up,Deployed,s2_97_208,s1_below_1,Male,s2_37_80,s3_141_159,s3_318_464,s3_80_160,s3_4_5
5098,s3_1695_2555,s2_n103_99,s4_n40_7,s1_below_4282,s3_3_4,s5_2007_2009,s2_760_2075,s3_17_37,Truck (<=6000 lbs.),s4_48_64,Deployed,s2_97_208,s1_below_1,Female,s2_37_80,s4_159_169,s2_164_318,s3_80_160,s2_2_4
5099,s3_1695_2555,s2_n103_99,s4_n40_7,s1_below_4282,s2_2_3,s4_2005_2007,s2_760_2075,s4_37_47,Truck (<=6000 lbs.),s3_28_48,Not Deployed,s2_97_208,s1_below_1,Female,s2_37_80,s4_159_169,s2_164_318,s3_80_160,s2_2_4
5100,s2_885_1695,s2_n103_99,s5_7_up,s1_below_4282,s2_2_3,s1_below_2001,s2_760_2075,s5_47_57,Passenger Car,s2_11_28,Not Deployed,s2_97_208,s1_below_1,Female,s3_80_96,s3_141_159,s2_164_318,s6_260_up,s2_2_4
5101,s2_885_1695,s2_n103_99,s4_n40_7,s1_below_4282,s2_2_3,s2_2001_2003,s2_760_2075,s5_47_57,Passenger Car,s3_28_48,Deployed,s2_97_208,s1_below_1,Female,s2_37_80,s3_141_159,s2_164_318,s3_80_160,s2_2_4
5102,s3_1695_2555,s2_n103_99,s4_n40_7,s1_below_4282,s1_below_2,s2_2001_2003,s2_760_2075,s3_17_37,Truck (<=10000 lbs.),s5_64_76,Not Deployed,s2_97_208,s1_below_1,Male,s6_130_up,s3_141_159,s3_318_464,s3_80_160,s3_4_5
5103,s2_885_1695,s2_n103_99,s4_n40_7,s1_below_4282,s1_below_2,s5_2007_2009,s2_760_2075,s4_37_47,Passenger Car,s5_64_76,Not Deployed,s2_97_208,s1_below_1,Female,s2_37_80,s3_141_159,s2_164_318,s3_80_160,s2_2_4
5104,s2_885_1695,s2_n103_99,s4_n40_7,s1_below_4282,s2_2_3,s4_2005_2007,s3_2075_3730,s3_17_37,Passenger Car,s3_28_48,Not Deployed,s2_97_208,s4_3_4,Female,s2_37_80,s3_141_159,s2_164_318,s2_40_80,s2_2_4
5105,s3_1695_2555,s2_n103_99,s4_n40_7,s1_below_4282,s1_below_2,s3_2003_2005,s2_760_2075,s4_37_47,Truck (<=10000 lbs.),s3_28_48,Deployed,s2_97_208,s1_below_1,Male,s3_80_96,s4_159_169,s3_318_464,s3_80_160,s4_5_6
5106,s3_1695_2555,s2_n103_99,s4_n40_7,s1_below_4282,s4_4_5,s5_2007_2009,s2_760_2075,s3_17_37,Passenger Car,s2_11_28,Deployed,s2_97_208,s1_below_1,Male,s4_96_114,s4_159_169,s2_164_318,s4_160_220,s2_2_4
5107,s2_885_1695,s2_n103_99,s4_n40_7,s1_below_4282,s3_3_4,s5_2007_2009,s2_760_2075,s3_17_37,Passenger Car,s3_28_48,Deployed,s2_97_208,s2_1_2,Female,s4_96_114,s3_141_159,s2_164_318,s2_40_80,s2_2_4
5108,s3_1695_2555,s2_n103_99,s4_n40_7,s1_below_4282,s3_3_4,s3_2003_2005,s2_760_2075,s3_17_37,Truck (<=6000 lbs.),s3_28_48,Deployed,s2_97_208,s1_below_1,Female,s2_37_80,s4_159_169,s2_164_318,s4_160_220,s3_4_5
5109,s4_2555_3715,s2_n103_99,s4_n40_7,s1_below_4282,s1_below_2,s5_2007_2009,s2_760_2075,s4_37_47,Truck (<=10000 lbs.),s3_28_48,Deployed,s2_97_208,s3_2_3,Female,s2_37_80,s5_169_179,s3_318_464,s3_80_160,s4_5_6
5110,s3_1695_2555,s2_n103_99,s4_n40_7,s1_below_4282,s1_below_2,s4_2005_2007,s3_2075_3730,s3_17_37,Truck (<=6000 lbs.),s3_28_48,Deployed,s2_97_208,s1_below_1,Female,s2_37_80,s5_169_179,s2_164_318,s4_160_220,s2_2_4
5111,s3_1695_2555,s2_n103_99,s4_n40_7,s1_below_4282,s1_below_2,s4_2005_2007,s2_760_2075,s3_17_37,Truck (<=6000 lbs.),s3_28_48,Deployed,s2_97_208,s1_below_1,Female,s2_37_80,s3_141_159,s2_164_318,s3_80_160,s2_2_4
5112,s2_885_1695,s2_n103_99,s4_n40_7,s1_below_4282,s1_below_2,s2_2001_2003,s2_760_2075,s4_37_47,Passenger Car,s4_48_64,Deployed,s2_97_208,s1_below_1,Male,s2_37_80,s3_141_159,s2_164_318,s3_80_160,s2_2_4
5113,s2_885_1695,s2_n103_99,s4_n40_7,s1_below_4282,s2_2_3,s5_2007_2009,s2_760_2075,s4_37_47,Passenger Car,s6_76_up,Not Deployed,s2_97_208,s1_below_1,Male,s2_37_80,s3_141_159,s2_164_318,s4_160_220,s2_2_4
5114,s2_885_1695,s2_n103_99,s4_n40_7,s1_below_4282,s1_below_2,s3_2003_2005,s2_760_2075,s4_37_47,Passenger Car,s2_11_28,Deployed,s2_97_208,s1_below_1,Female,s2_37_80,s3_141_159,s2_164_318,s3_80_160,s2_2_4
5115,s2_885_1695,s2_n103_99,s4_n40_7,s1_below_4282,s2_2_3,s3_2003_2005,s2_760_2075,s3_17_37,Passenger Car,s2_11_28,Deployed,s2_97_208,s1_below_1,Female,s2_37_80,s3_141_159,s2_164_318,s3_80_160,s2_2_4
5116,s3_1695_2555,s2_n103_99,s5_7_up,s1_below_4282,s1_below_2,s4_2005_2007,s2_760_2075,s4_37_47,Truck (<=6000 lbs.),s2_11_28,Not Deployed,s2_97_208,s1_below_1,Female,s2_37_80,s3_141_159,s2_164_318,s5_220_260,s2_2_4
5117,s3_1695_2555,s2_n103_99,s3_n81_n40,s3_6970_up,s2_2_3,s3_2003_2005,s3_2075_3730,s4_37_47,Truck (<=6000 lbs.),s2_11_28,Not Deployed,s2_97_208,s6_5_up,Female,s2_37_80,s3_141_159,s2_164_318,s4_160_220,s2_2_4
5118,s3_1695_2555,s2_n103_99,s3_n81_n40,s1_below_4282,s1_below_2,s3_2003_2005,s2_760_2075,s4_37_47,Truck (<=10000 lbs.),s3_28_48,Deployed,s2_97_208,s3_2_3,Male,s6_130_up,s4_159_169,s3_318_464,s3_80_160,s4_5_6
5119,s2_885_1695,s2_n103_99,s4_n40_7,s1_below_4282,s2_2_3,s5_2007_2009,s2_760_2075,s4_37_47,Truck (<=6000 lbs.),s2_11_28,Deployed,s2_97_208,s1_below_1,Female,s2_37_80,s3_141_159,s2_164_318,s4_160_220,s2_2_4
5120,s2_885_1695,s2_n103_99,s5_7_up,s1_below_4282,s4_4_5,s1_below_2001,s2_760_2075,s3_17_37,Truck (<=6000 lbs.),s2_11_28,Not Deployed,s2_97_208,s1_below_1,Female,s2_37_80,s3_141_159,s2_164_318,s1_below_40,s2_2_4
5121,s3_1695_2555,s2_n103_99,s4_n40_7,s1_below_4282,s3_3_4,s3_2003_2005,s2_760_2075,s3_17_37,Truck (<=6000 lbs.),s3_28_48,Not Deployed,s2_97_208,s1_below_1,Female,s5_114_130,s3_141_159,s2_164_318,s3_80_160,s3_4_5
5122,s3_1695_2555,s2_n103_99,s4_n40_7,s1_below_4282,s3_3_4,s1_below_2001,s2_760_2075,s4_37_47,Truck (<=10000 lbs.),s3_28_48,Not Deployed,s2_97_208,s1_below_1,Male,s3_80_96,s3_141_159,s2_164_318,s4_160_220,s2_2_4
5123,s3_1695_2555,s2_n103_99,s4_n40_7,s1_below_4282,s3_3_4,s4_2005_2007,s3_2075_3730,s4_37_47,Truck (<=6000 lbs.),s3_28_48,Deployed,s2_97_208,s1_below_1,Female,s2_37_80,s3_141_159,s2_164_318,s3_80_160,s2_2_4
5124,s3_1695_2555,s2_n103_99,s4_n40_7,s1_below_4282,s5_5_6,s4_2005_2007,s3_2075_3730,s4_37_47,Truck (<=6000 lbs.),s5_64_76,Deployed,s2_97_208,s1_below_1,Female,s2_37_80,s5_169_179,s2_164_318,s3_80_160,s2_2_4
5125,s2_885_1695,s2_n103_99,s4_n40_7,s1_below_4282,s3_3_4,s3_2003_2005,s3_2075_3730,s3_17_37,Passenger Car,s2_11_28,Deployed,s2_97_208,s1_below_1,Male,s2_37_80,s3_141_159,s2_164_318,s4_160_220,s2_2_4
5126,s3_1695_2555,s2_n103_99,s4_n40_7,s1_below_4282,s3_3_4,s4_2005_2007,s2_760_2075,s3_17_37,Truck (<=6000 lbs.),s3_28_48,Not Deployed,s2_97_208,s1_below_1,Male,s4_96_114,s3_141_159,s2_164_318,s3_80_160,s2_2_4
5127,s2_885_1695,s2_n103_99,s4_n40_7,s1_below_4282,s1_below_2,s4_2005_2007,s2_760_2075,s3_17_37,Truck (<=6000 lbs.),s4_48_64,Not Deployed,s2_97_208,s1_below_1,Female,s3_80_96,s3_141_159,s2_164_318,s3_80_160,s2_2_4
5128,s4_2555_3715,s2_n103_99,s4_n40_7,s1_below_4282,s3_3_4,s2_2001_2003,s2_760_2075,s4_37_47,Truck (<=10000 lbs.),s2_11_28,Not Deployed,s2_97_208,s1_below_1,Male,s5_114_130,s5_169_179,s3_318_464,s3_80_160,s5_6_7
5129,s3_1695_2555,s2_n103_99,s4_n40_7,s1_below_4282,s1_below_2,s4_2005_2007,s2_760_2075,s4_37_47,Truck (<=6000 lbs.),s6_76_up,Not Deployed,s2_97_208,s1_below_1,Male,s2_37_80,s4_159_169,s2_164_318,s2_40_80,s3_4_5
5130,s2_885_1695,s2_n103_99,s4_n40_7,s1_below_4282,s1_below_2,s4_2005_2007,s2_760_2075,s3_17_37,Passenger Car,s2_11_28,Deployed,s2_97_208,s1_below_1,Male,s2_37_80,s3_141_159,s2_164_318,s3_80_160,s2_2_4
5131,s2_885_1695,s2_n103_99,s4_n40_7,s1_below_4282,s3_3_4,s4_2005_2007,s2_760_2075,s4_37_47,Truck (<=6000 lbs.),s4_48_64,Deployed,s2_97_208,s2_1_2,Female,s3_80_96,s3_141_159,s2_164_318,s3_80_160,s2_2_4
5132,s3_1695_2555,s2_n103_99,s4_n40_7,s1_below_4282,s2_2_3,s4_2005_2007,s2_760_2075,s3_17_37,Truck (<=6000 lbs.),s2_11_28,Deployed,s2_97_208,s1_below_1,Female,s2_37_80,s3_141_159,s2_164_318,s3_80_160,s2_2_4
5133,s2_885_1695,s2_n103_99,s4_n40_7,s1_below_4282,s1_below_2,s2_2001_2003,s2_760_2075,s5_47_57,Passenger Car,s2_11_28,Deployed,s2_97_208,s1_below_1,Male,s2_37_80,s3_141_159,s2_164_318,s3_80_160,s2_2_4
5134,s3_1695_2555,s2_n103_99,s4_n40_7,s1_below_4282,s1_below_2,s2_2001_2003,s2_760_2075,s4_37_47,Truck (<=6000 lbs.),s5_64_76,Not Deployed,s2_97_208,s1_below_1,Female,s2_37_80,s3_141_159,s2_164_318,s3_80_160,s2_2_4
5135,s3_1695_2555,s2_n103_99,s4_n40_7,s1_below_4282,s1_below_2,s3_2003_2005,s2_760_2075,s3_17_37,Truck (<=6000 lbs.),s4_48_64,Not Deployed,s2_97_208,s1_below_1,Female,s2_37_80,s5_169_179,s2_164_318,s2_40_80,s2_2_4
5136,s2_885_1695,s2_n103_99,s4_n40_7,s1_below_4282,s1_below_2,s3_2003_2005,s2_760_2075,s3_17_37,Passenger Car,s3_28_48,Not Deployed,s2_97_208,s1_below_1,Female,s2_37_80,s3_141_159,s2_164_318,s3_80_160,s2_2_4
5137,s2_885_1695,s2_n103_99,s4_n40_7,s1_below_4282,s6_6_up,s4_2005_2007,s2_760_2075,s4_37_47,Passenger Car,s2_11_28,Deployed,s2_97_208,s1_below_1,Female,s2_37_80,s3_141_159,s2_164_318,s4_160_220,s2_2_4
5138,s3_1695_2555,s2_n103_99,s5_7_up,s1_below_4282,s5_5_6,s3_2003_2005,s2_760_2075,s4_37_47,Truck (<=6000 lbs.),s3_28_48,Not Deployed,s2_97_208,s1_below_1,Female,s2_37_80,s3_141_159,s2_164_318,s6_260_up,s2_2_4
5139,s2_885_1695,s2_n103_99,s4_n40_7,s1_below_4282,s2_2_3,s4_2005_2007,s2_760_2075,s3_17_37,Passenger Car,s2_11_28,Deployed,s2_97_208,s1_below_1,Male,s4_96_114,s3_141_159,s2_164_318,s3_80_160,s2_2_4
5140,s3_1695_2555,s2_n103_99,s4_n40_7,s1_below_4282,s3_3_4,s4_2005_2007,s3_2075_3730,s5_47_57,Truck (<=6000 lbs.),s3_28_48,Not Deployed,s2_97_208,s1_below_1,Female,s2_37_80,s3_141_159,s2_164_318,s3_80_160,s2_2_4
5141,s3_1695_2555,s2_n103_99,s4_n40_7,s1_below_4282,s1_below_2,s1_below_2001,s2_760_2075,s6_57_up,Passenger Car,s2_11_28,Not Deployed,s2_97_208,s1_below_1,Male,s4_96_114,s3_141_159,s2_164_318,s3_80_160,s2_2_4
5142,s2_885_1695,s2_n103_99,s4_n40_7,s1_below_4282,s1_below_2,s2_2001_2003,s2_760_2075,s4_37_47,Passenger Car,s2_11_28,Deployed,s2_97_208,s1_below_1,Female,s4_96_114,s3_141_159,s2_164_318,s3_80_160,s2_2_4
5143,s2_885_1695,s2_n103_99,s4_n40_7,s1_below_4282,s2_2_3,s2_2001_2003,s3_2075_3730,s4_37_47,Passenger Car,s2_11_28,Deployed,s2_97_208,s2_1_2,Female,s2_37_80,s3_141_159,s2_164_318,s3_80_160,s2_2_4
5144,s2_885_1695,s2_n103_99,s4_n40_7,s1_below_4282,s3_3_4,s4_2005_2007,s2_760_2075,s3_17_37,Truck (<=6000 lbs.),s3_28_48,Deployed,s2_97_208,s1_below_1,Female,s2_37_80,s3_141_159,s2_164_318,s3_80_160,s2_2_4
5145,s2_885_1695,s2_n103_99,s4_n40_7,s1_below_4282,s3_3_4,s1_below_2001,s3_2075_3730,s3_17_37,Passenger Car,s3_28_48,Deployed,s2_97_208,s1_below_1,Male,s2_37_80,s3_141_159,s2_164_318,s4_160_220,s2_2_4
5146,s2_885_1695,s2_n103_99,s4_n40_7,s1_below_4282,s1_below_2,s4_2005_2007,s2_760_2075,s4_37_47,Passenger Car,s3_28_48,Not Deployed,s2_97_208,s1_below_1,Male,s3_80_96,s3_141_159,s2_164_318,s3_80_160,s2_2_4
5147,s3_1695_2555,s2_n103_99,s4_n40_7,s1_below_4282,s6_6_up,s2_2001_2003,s2_760_2075,s4_37_47,Truck (<=6000 lbs.),s3_28_48,Not Deployed,s2_97_208,s1_below_1,Female,s3_80_96,s4_159_169,s2_164_318,s6_260_up,s2_2_4
5148,s2_885_1695,s2_n103_99,s4_n40_7,s1_below_4282,s2_2_3,s1_below_2001,s2_760_2075,s6_57_up,Passenger Car,s2_11_28,Not Deployed,s2_97_208,s1_below_1,Female,s2_37_80,s3_141_159,s2_164_318,s3_80_160,s2_2_4
5149,s3_1695_2555,s2_n103_99,s4_n40_7,s1_below_4282,s2_2_3,s1_below_2001,s3_2075_3730,s4_37_47,Passenger Car,s3_28_48,Not Deployed,s2_97_208,s5_4_5,Male,s2_37_80,s3_141_159,s2_164_318,s4_160_220,s2_2_4
5150,s3_1695_2555,s2_n103_99,s4_n40_7,s1_below_4282,s1_below_2,s1_below_2001,s2_760_2075,s4_37_47,Truck (<=10000 lbs.),s3_28_48,Not Deployed,s2_97_208,s1_below_1,Male,s2_37_80,s5_169_179,s3_318_464,s3_80_160,s4_5_6
5151,s2_885_1695,s2_n103_99,s5_7_up,s1_below_4282,s1_below_2,s4_2005_2007,s3_2075_3730,s4_37_47,Passenger Car,s2_11_28,Not Deployed,s2_97_208,s1_below_1,Female,s2_37_80,s3_141_159,s2_164_318,s6_260_up,s2_2_4
5152,s3_1695_2555,s2_n103_99,s4_n40_7,s1_below_4282,s3_3_4,s3_2003_2005,s2_760_2075,s6_57_up,Truck (<=10000 lbs.),s3_28_48,Deployed,s2_97_208,s1_below_1,Male,s3_80_96,s4_159_169,s3_318_464,s3_80_160,s4_5_6
5153,s3_1695_2555,s2_n103_99,s5_7_up,s1_below_4282,s3_3_4,s3_2003_2005,s3_2075_3730,s6_57_up,Truck (<=6000 lbs.),s3_28_48,Not Deployed,s2_97_208,s1_below_1,Male,s3_80_96,s4_159_169,s2_164_318,s6_260_up,s3_4_5
5154,s2_885_1695,s2_n103_99,s4_n40_7,s1_below_4282,s3_3_4,s4_2005_2007,s2_760_2075,s4_37_47,Passenger Car,s2_11_28,Deployed,s2_97_208,s1_below_1,Male,s3_80_96,s3_141_159,s2_164_318,s3_80_160,s2_2_4
5155,s2_885_1695,s2_n103_99,s4_n40_7,s1_below_4282,s2_2_3,s4_2005_2007,s2_760_2075,s4_37_47,Truck (<=6000 lbs.),s3_28_48,Not Deployed,s2_97_208,s1_below_1,Female,s2_37_80,s3_141_159,s2_164_318,s3_80_160,s2_2_4
5156,s2_885_1695,s2_n103_99,s4_n40_7,s1_below_4282,s2_2_3,s4_2005_2007,s2_760_2075,s4_37_47,Passenger Car,s2_11_28,Not Deployed,s2_97_208,s1_below_1,Male,s2_37_80,s3_141_159,s2_164_318,s3_80_160,s2_2_4
5157,s2_885_1695,s2_n103_99,s4_n40_7,s1_below_4282,s3_3_4,s2_2001_2003,s2_760_2075,s4_37_47,Passenger Car,s3_28_48,Not Deployed,s2_97_208,s1_below_1,Female,s2_37_80,s3_141_159,s2_164_318,s3_80_160,s2_2_4
5158,s4_2555_3715,s2_n103_99,s4_n40_7,s1_below_4282,s5_5_6,s5_2007_2009,s2_760_2075,s4_37_47,Truck (<=10000 lbs.),s3_28_48,Not Deployed,s2_97_208,s1_below_1,Female,s2_37_80,s5_169_179,s3_318_464,s3_80_160,s4_5_6
5159,s2_885_1695,s2_n103_99,s4_n40_7,s1_below_4282,s1_below_2,s2_2001_2003,s2_760_2075,s3_17_37,Passenger Car,s3_28_48,Not Deployed,s2_97_208,s1_below_1,Female,s2_37_80,s3_141_159,s2_164_318,s3_80_160,s2_2_4
5160,s2_885_1695,s2_n103_99,s4_n40_7,s1_below_4282,s3_3_4,s4_2005_2007,s2_760_2075,s4_37_47,Passenger Car,s2_11_28,Deployed,s2_97_208,s1_below_1,Male,s3_80_96,s3_141_159,s2_164_318,s4_160_220,s2_2_4
5161,s3_1695_2555,s2_n103_99,s4_n40_7,s1_below_4282,s5_5_6,s3_2003_2005,s2_760_2075,s4_37_47,Truck (<=10000 lbs.),s3_28_48,Not Deployed,s2_97_208,s1_below_1,Female,s2_37_80,s4_159_169,s3_318_464,s3_80_160,s4_5_6
5162,s2_885_1695,s2_n103_99,s4_n40_7,s1_below_4282,s2_2_3,s1_below_2001,s2_760_2075,s4_37_47,Passenger Car,s2_11_28,Deployed,s2_97_208,s1_below_1,Female,s2_37_80,s3_141_159,s2_164_318,s3_80_160,s2_2_4
5163,s2_885_1695,s2_n103_99,s4_n40_7,s1_below_4282,s2_2_3,s2_2001_2003,s2_760_2075,s6_57_up,Passenger Car,s2_11_28,Not Deployed,s2_97_208,s1_below_1,Male,s3_80_96,s3_141_159,s2_164_318,s3_80_160,s2_2_4
5164,s3_1695_2555,s2_n103_99,s4_n40_7,s1_below_4282,s1_below_2,s3_2003_2005,s2_760_2075,s4_37_47,Truck (<=6000 lbs.),s3_28_48,Not Deployed,s2_97_208,s1_below_1,Female,s5_114_130,s4_159_169,s2_164_318,s3_80_160,s2_2_4
5165,s2_885_1695,s2_n103_99,s4_n40_7,s1_below_4282,s1_below_2,s2_2001_2003,s2_760_2075,s3_17_37,Passenger Car,s3_28_48,Deployed,s2_97_208,s1_below_1,Male,s2_37_80,s3_141_159,s2_164_318,s3_80_160,s2_2_4
5166,s2_885_1695,s2_n103_99,s4_n40_7,s1_below_4282,s4_4_5,s4_2005_2007,s2_760_2075,s4_37_47,Truck (<=6000 lbs.),s2_11_28,Deployed,s2_97_208,s1_below_1,Female,s2_37_80,s3_141_159,s2_164_318,s3_80_160,s2_2_4
5167,s2_885_1695,s2_n103_99,s4_n40_7,s1_below_4282,s2_2_3,s2_2001_2003,s2_760_2075,s3_17_37,Passenger Car,s4_48_64,Not Deployed,s2_97_208,s1_below_1,Female,s2_37_80,s3_141_159,s2_164_318,s3_80_160,s2_2_4
5168,s2_885_1695,s2_n103_99,s4_n40_7,s1_below_4282,s4_4_5,s5_2007_2009,s2_760_2075,s3_17_37,Passenger Car,s3_28_48,Not Deployed,s2_97_208,s1_below_1,Female,s2_37_80,s3_141_159,s2_164_318,s4_160_220,s2_2_4
5169,s3_1695_2555,s2_n103_99,s4_n40_7,s1_below_4282,s5_5_6,s3_2003_2005,s2_760_2075,s3_17_37,Truck (<=10000 lbs.),s3_28_48,Not Deployed,s2_97_208,s1_below_1,Male,s3_80_96,s4_159_169,s3_318_464,s4_160_220,s4_5_6
5170,s2_885_1695,s2_n103_99,s4_n40_7,s1_below_4282,s1_below_2,s1_below_2001,s2_760_2075,s3_17_37,Truck (<=6000 lbs.),s2_11_28,Not Deployed,s2_97_208,s1_below_1,Female,s2_37_80,s3_141_159,s2_164_318,s3_80_160,s2_2_4
5171,s3_1695_2555,s2_n103_99,s4_n40_7,s1_below_4282,s6_6_up,s4_2005_2007,s2_760_2075,s4_37_47,Truck (<=6000 lbs.),s6_76_up,Not Deployed,s2_97_208,s1_below_1,Female,s2_37_80,s3_141_159,s2_164_318,s4_160_220,s2_2_4
5172,s2_885_1695,s2_n103_99,s4_n40_7,s1_below_4282,s2_2_3,s4_2005_2007,s2_760_2075,s2_7_17,Passenger Car,s3_28_48,Not Deployed,s2_97_208,s1_below_1,Female,s2_37_80,s3_141_159,s2_164_318,s2_40_80,s2_2_4
5173,s3_1695_2555,s2_n103_99,s5_7_up,s1_below_4282,s2_2_3,s5_2007_2009,s2_760_2075,s4_37_47,Truck (<=6000 lbs.),s3_28_48,Not Deployed,s2_97_208,s1_below_1,Female,s5_114_130,s4_159_169,s2_164_318,s6_260_up,s3_4_5
5174,s2_885_1695,s2_n103_99,s5_7_up,s1_below_4282,s1_below_2,s1_below_2001,s2_760_2075,s4_37_47,Truck (<=6000 lbs.),s4_48_64,Not Deployed,s2_97_208,s1_below_1,Female,s2_37_80,s3_141_159,s2_164_318,s6_260_up,s2_2_4
5175,s3_1695_2555,s2_n103_99,s4_n40_7,s1_below_4282,s2_2_3,s1_below_2001,s2_760_2075,s5_47_57,Truck (<=6000 lbs.),s3_28_48,Deployed,s2_97_208,s1_below_1,Female,s2_37_80,s3_141_159,s2_164_318,s3_80_160,s2_2_4
5176,s2_885_1695,s2_n103_99,s4_n40_7,s1_below_4282,s4_4_5,s4_2005_2007,s2_760_2075,s4_37_47,Passenger Car,s2_11_28,Deployed,s2_97_208,s1_below_1,Female,s2_37_80,s3_141_159,s2_164_318,s3_80_160,s2_2_4
5177,s2_885_1695,s2_n103_99,s4_n40_7,s1_below_4282,s3_3_4,s4_2005_2007,s2_760_2075,s3_17_37,Passenger Car,s2_11_28,Not Deployed,s2_97_208,s1_below_1,Female,s2_37_80,s3_141_159,s2_164_318,s3_80_160,s2_2_4
5178,s2_885_1695,s2_n103_99,s4_n40_7,s1_below_4282,s3_3_4,s1_below_2001,s2_760_2075,s3_17_37,Passenger Car,s4_48_64,Deployed,s2_97_208,s1_below_1,Male,s5_114_130,s3_141_159,s2_164_318,s3_80_160,s2_2_4
5179,s2_885_1695,s2_n103_99,s3_n81_n40,s1_below_4282,s3_3_4,s4_2005_2007,s2_760_2075,s4_37_47,Passenger Car,s4_48_64,Deployed,s2_97_208,s1_below_1,Male,s2_37_80,s3_141_159,s2_164_318,s3_80_160,s2_2_4
5180,s2_885_1695,s2_n103_99,s4_n40_7,s1_below_4282,s1_below_2,s2_2001_2003,s2_760_2075,s5_47_57,Passenger Car,s6_76_up,Not Deployed,s2_97_208,s1_below_1,Female,s2_37_80,s3_141_159,s2_164_318,s3_80_160,s2_2_4
5181,s2_885_1695,s2_n103_99,s4_n40_7,s1_below_4282,s1_below_2,s1_below_2001,s2_760_2075,s5_47_57,Passenger Car,s3_28_48,Not Deployed,s2_97_208,s1_below_1,Male,s2_37_80,s3_141_159,s2_164_318,s3_80_160,s2_2_4
5182,s2_885_1695,s2_n103_99,s4_n40_7,s1_below_4282,s3_3_4,s1_below_2001,s2_760_2075,s3_17_37,Passenger Car,s2_11_28,Not Deployed,s2_97_208,s1_below_1,Male,s3_80_96,s3_141_159,s2_164_318,s4_160_220,s2_2_4
5183,s2_885_1695,s2_n103_99,s4_n40_7,s1_below_4282,s1_below_2,s2_2001_2003,s2_760_2075,s3_17_37,Truck (<=6000 lbs.),s4_48_64,Deployed,s2_97_208,s1_below_1,Female,s2_37_80,s3_141_159,s2_164_318,s4_160_220,s2_2_4
5184,s3_1695_2555,s2_n103_99,s4_n40_7,s1_below_4282,s1_below_2,s3_2003_2005,s2_760_2075,s3_17_37,Truck (<=6000 lbs.),s4_48_64,Deployed,s2_97_208,s1_below_1,Female,s2_37_80,s3_141_159,s2_164_318,s3_80_160,s2_2_4
5185,s3_1695_2555,s2_n103_99,s5_7_up,s1_below_4282,s2_2_3,s1_below_2001,s2_760_2075,s6_57_up,Truck (<=6000 lbs.),s3_28_48,Not Deployed,s2_97_208,s1_below_1,Female,s2_37_80,s3_141_159,s2_164_318,s6_260_up,s2_2_4
5186,s3_1695_2555,s2_n103_99,s4_n40_7,s1_below_4282,s2_2_3,s4_2005_2007,s2_760_2075,s4_37_47,Truck (<=6000 lbs.),s2_11_28,Not Deployed,s2_97_208,s1_below_1,Female,s2_37_80,s3_141_159,s2_164_318,s2_40_80,s2_2_4
5187,s2_885_1695,s2_n103_99,s4_n40_7,s1_below_4282,s4_4_5,s4_2005_2007,s3_2075_3730,s6_57_up,Passenger Car,s2_11_28,Deployed,s2_97_208,s1_below_1,Male,s2_37_80,s3_141_159,s2_164_318,s3_80_160,s2_2_4
5188,s2_885_1695,s2_n103_99,s3_n81_n40,s1_below_4282,s2_2_3,s2_2001_2003,s2_760_2075,s4_37_47,Passenger Car,s4_48_64,Deployed,s2_97_208,s3_2_3,Male,s4_96_114,s3_141_159,s2_164_318,s3_80_160,s2_2_4
5189,s3_1695_2555,s2_n103_99,s4_n40_7,s1_below_4282,s2_2_3,s1_below_2001,s2_760_2075,s4_37_47,Truck (<=6000 lbs.),s2_11_28,Not Deployed,s2_97_208,s1_below_1,Female,s4_96_114,s4_159_169,s2_164_318,s4_160_220,s2_2_4
5190,s2_885_1695,s2_n103_99,s5_7_up,s1_below_4282,s4_4_5,s3_2003_2005,s2_760_2075,s4_37_47,Passenger Car,s5_64_76,Not Deployed,s2_97_208,s1_below_1,Male,s3_80_96,s3_141_159,s2_164_318,s6_260_up,s2_2_4
5191,s3_1695_2555,s2_n103_99,s4_n40_7,s1_below_4282,s2_2_3,s1_below_2001,s2_760_2075,s4_37_47,Truck (<=10000 lbs.),s2_11_28,Not Deployed,s2_97_208,s1_below_1,Female,s2_37_80,s3_141_159,s2_164_318,s3_80_160,s2_2_4
5192,s3_1695_2555,s2_n103_99,s4_n40_7,s1_below_4282,s4_4_5,s1_below_2001,s2_760_2075,s4_37_47,Truck (<=10000 lbs.),s3_28_48,Not Deployed,s2_97_208,s1_below_1,Female,s3_80_96,s3_141_159,s2_164_318,s3_80_160,s2_2_4
5193,s3_1695_2555,s2_n103_99,s4_n40_7,s1_below_4282,s5_5_6,s4_2005_2007,s3_2075_3730,s4_37_47,Truck (<=6000 lbs.),s4_48_64,Deployed,s2_97_208,s1_below_1,Female,s2_37_80,s3_141_159,s2_164_318,s4_160_220,s2_2_4
5194,s3_1695_2555,s2_n103_99,s4_n40_7,s1_below_4282,s3_3_4,s3_2003_2005,s2_760_2075,s4_37_47,Truck (<=10000 lbs.),s4_48_64,Not Deployed,s2_97_208,s1_below_1,Female,s2_37_80,s3_141_159,s2_164_318,s3_80_160,s2_2_4
5195,s2_885_1695,s2_n103_99,s4_n40_7,s1_below_4282,s1_below_2,s1_below_2001,s3_2075_3730,s4_37_47,Passenger Car,s3_28_48,Deployed,s2_97_208,s1_below_1,Female,s2_37_80,s3_141_159,s2_164_318,s3_80_160,s2_2_4
5196,s3_1695_2555,s2_n103_99,s5_7_up,s1_below_4282,s3_3_4,s2_2001_2003,s2_760_2075,s6_57_up,Truck (<=10000 lbs.),s4_48_64,Not Deployed,s2_97_208,s1_below_1,Male,s3_80_96,s3_141_159,s2_164_318,s6_260_up,s2_2_4
5197,s2_885_1695,s2_n103_99,s5_7_up,s1_below_4282,s4_4_5,s1_below_2001,s2_760_2075,s4_37_47,Passenger Car,s2_11_28,Not Deployed,s2_97_208,s1_below_1,Female,s2_37_80,s3_141_159,s2_164_318,s6_260_up,s2_2_4
5198,s2_885_1695,s2_n103_99,s4_n40_7,s1_below_4282,s4_4_5,s5_2007_2009,s2_760_2075,s4_37_47,Passenger Car,s2_11_28,Not Deployed,s2_97_208,s1_below_1,Male,s2_37_80,s3_141_159,s2_164_318,s3_80_160,s2_2_4
5199,s2_885_1695,s2_n103_99,s4_n40_7,s1_below_4282,s1_below_2,s1_below_2001,s2_760_2075,s3_17_37,Passenger Car,s4_48_64,Not Deployed,s2_97_208,s1_below_1,Male,s3_80_96,s3_141_159,s2_164_318,s3_80_160,s2_2_4
5200,s2_885_1695,s2_n103_99,s4_n40_7,s1_below_4282,s3_3_4,s4_2005_2007,s2_760_2075,s4_37_47,Passenger Car,s3_28_48,Not Deployed,s2_97_208,s1_below_1,Female,s2_37_80,s3_141_159,s2_164_318,s3_80_160,s2_2_4
5201,s2_885_1695,s2_n103_99,s4_n40_7,s1_below_4282,s3_3_4,s1_below_2001,s2_760_2075,s3_17_37,Passenger Car,s3_28_48,Not Deployed,s2_97_208,s1_below_1,Female,s2_37_80,s3_141_159,s2_164_318,s4_160_220,s2_2_4
5202,s2_885_1695,s2_n103_99,s4_n40_7,s1_below_4282,s3_3_4,s2_2001_2003,s3_2075_3730,s4_37_47,Truck (<=6000 lbs.),s5_64_76,Not Deployed,s2_97_208,s1_below_1,Male,s2_37_80,s3_141_159,s2_164_318,s3_80_160,s2_2_4
5203,s3_1695_2555,s2_n103_99,s5_7_up,s1_below_4282,s2_2_3,s2_2001_2003,s3_2075_3730,s4_37_47,Truck (<=10000 lbs.),s2_11_28,Not Deployed,s2_97_208,s1_below_1,Male,s4_96_114,s5_169_179,s3_318_464,s6_260_up,s4_5_6
5204,s3_1695_2555,s2_n103_99,s4_n40_7,s1_below_4282,s3_3_4,s2_2001_2003,s2_760_2075,s4_37_47,Truck (<=10000 lbs.),s4_48_64,Not Deployed,s2_97_208,s1_below_1,Male,s3_80_96,s5_169_179,s3_318_464,s3_80_160,s5_6_7
5205,s2_885_1695,s2_n103_99,s3_n81_n40,s1_below_4282,s2_2_3,s3_2003_2005,s3_2075_3730,s6_57_up,Passenger Car,s2_11_28,Deployed,s2_97_208,s1_below_1,Male,s3_80_96,s3_141_159,s2_164_318,s3_80_160,s2_2_4
5206,s2_885_1695,s2_n103_99,s5_7_up,s1_below_4282,s1_below_2,s4_2005_2007,s2_760_2075,s3_17_37,Passenger Car,s3_28_48,Not Deployed,s2_97_208,s1_below_1,Male,s3_80_96,s3_141_159,s2_164_318,s6_260_up,s2_2_4
5207,s2_885_1695,s2_n103_99,s4_n40_7,s1_below_4282,s5_5_6,s1_below_2001,s2_760_2075,s3_17_37,Passenger Car,s3_28_48,Deployed,s2_97_208,s1_below_1,Male,s3_80_96,s3_141_159,s2_164_318,s2_40_80,s2_2_4
5208,s3_1695_2555,s2_n103_99,s4_n40_7,s1_below_4282,s5_5_6,s3_2003_2005,s2_760_2075,s4_37_47,Truck (<=10000 lbs.),s4_48_64,Deployed,s2_97_208,s1_below_1,Male,s2_37_80,s4_159_169,s3_318_464,s3_80_160,s4_5_6
5209,s3_1695_2555,s2_n103_99,s4_n40_7,s1_below_4282,s2_2_3,s4_2005_2007,s2_760_2075,s4_37_47,Truck (<=6000 lbs.),s3_28_48,Deployed,s2_97_208,s1_below_1,Female,s2_37_80,s3_141_159,s2_164_318,s4_160_220,s2_2_4
5210,s3_1695_2555,s2_n103_99,s4_n40_7,s1_below_4282,s3_3_4,s5_2007_2009,s2_760_2075,s4_37_47,Truck (<=6000 lbs.),s3_28_48,Deployed,s2_97_208,s1_below_1,Female,s2_37_80,s3_141_159,s2_164_318,s3_80_160,s2_2_4
5211,s2_885_1695,s2_n103_99,s4_n40_7,s1_below_4282,s1_below_2,s3_2003_2005,s2_760_2075,s3_17_37,Truck (<=6000 lbs.),s4_48_64,Not Deployed,s2_97_208,s1_below_1,Female,s2_37_80,s3_141_159,s2_164_318,s3_80_160,s2_2_4
5212,s3_1695_2555,s2_n103_99,s4_n40_7,s1_below_4282,s3_3_4,s4_2005_2007,s2_760_2075,s4_37_47,Truck (<=6000 lbs.),s4_48_64,Deployed,s2_97_208,s1_below_1,Female,s2_37_80,s4_159_169,s2_164_318,s3_80_160,s3_4_5
5213,s2_885_1695,s2_n103_99,s5_7_up,s1_below_4282,s3_3_4,s2_2001_2003,s2_760_2075,s4_37_47,Passenger Car,s3_28_48,Not Deployed,s2_97_208,s1_below_1,Male,s2_37_80,s3_141_159,s2_164_318,s6_260_up,s2_2_4
5214,s3_1695_2555,s2_n103_99,s4_n40_7,s1_below_4282,s2_2_3,s5_2007_2009,s2_760_2075,s4_37_47,Truck (<=10000 lbs.),s4_48_64,Not Deployed,s2_97_208,s1_below_1,Male,s6_130_up,s5_169_179,s3_318_464,s3_80_160,s4_5_6
5215,s2_885_1695,s2_n103_99,s5_7_up,s1_below_4282,s2_2_3,s4_2005_2007,s3_2075_3730,s4_37_47,Passenger Car,s4_48_64,Not Deployed,s2_97_208,s1_below_1,Female,s4_96_114,s3_141_159,s2_164_318,s6_260_up,s2_2_4
5216,s2_885_1695,s2_n103_99,s4_n40_7,s1_below_4282,s3_3_4,s2_2001_2003,s3_2075_3730,s4_37_47,Passenger Car,s2_11_28,Deployed,s2_97_208,s1_below_1,Male,s2_37_80,s3_141_159,s2_164_318,s3_80_160,s2_2_4
5217,s2_885_1695,s2_n103_99,s5_7_up,s1_below_4282,s5_5_6,s1_below_2001,s3_2075_3730,s4_37_47,Passenger Car,s3_28_48,Not Deployed,s2_97_208,s1_below_1,Male,s4_96_114,s2_116_141,s2_164_318,s6_260_up,s2_2_4
5218,s3_1695_2555,s2_n103_99,s4_n40_7,s1_below_4282,s3_3_4,s4_2005_2007,s3_2075_3730,s3_17_37,Truck (<=6000 lbs.),s3_28_48,Deployed,s2_97_208,s1_below_1,Male,s3_80_96,s3_141_159,s2_164_318,s4_160_220,s2_2_4
5219,s2_885_1695,s2_n103_99,s4_n40_7,s1_below_4282,s3_3_4,s2_2001_2003,s2_760_2075,s3_17_37,Passenger Car,s5_64_76,Not Deployed,s2_97_208,s1_below_1,Male,s3_80_96,s3_141_159,s2_164_318,s3_80_160,s2_2_4
5220,s3_1695_2555,s2_n103_99,s4_n40_7,s1_below_4282,s4_4_5,s2_2001_2003,s2_760_2075,s3_17_37,Truck (<=10000 lbs.),s3_28_48,Not Deployed,s2_97_208,s1_below_1,Male,s3_80_96,s4_159_169,s3_318_464,s3_80_160,s4_5_6
5221,s3_1695_2555,s2_n103_99,s4_n40_7,s1_below_4282,s1_below_2,s4_2005_2007,s3_2075_3730,s4_37_47,Passenger Car,s5_64_76,Not Deployed,s2_97_208,s1_below_1,Female,s3_80_96,s4_159_169,s2_164_318,s2_40_80,s2_2_4
5222,s2_885_1695,s2_n103_99,s4_n40_7,s1_below_4282,s6_6_up,s2_2001_2003,s2_760_2075,s3_17_37,Passenger Car,s2_11_28,Deployed,s2_97_208,s1_below_1,Male,s3_80_96,s3_141_159,s2_164_318,s3_80_160,s2_2_4
5223,s3_1695_2555,s2_n103_99,s4_n40_7,s1_below_4282,s2_2_3,s3_2003_2005,s2_760_2075,s6_57_up,Truck (<=6000 lbs.),s2_11_28,Not Deployed,s2_97_208,s1_below_1,Male,s4_96_114,s3_141_159,s2_164_318,s3_80_160,s2_2_4
5224,s3_1695_2555,s2_n103_99,s5_7_up,s1_below_4282,s2_2_3,s4_2005_2007,s3_2075_3730,s6_57_up,Passenger Car,s4_48_64,Not Deployed,s2_97_208,s3_2_3,Male,s4_96_114,s4_159_169,s2_164_318,s6_260_up,s2_2_4
5225,s2_885_1695,s2_n103_99,s4_n40_7,s1_below_4282,s3_3_4,s2_2001_2003,s2_760_2075,s4_37_47,Passenger Car,s2_11_28,Not Deployed,s2_97_208,s1_below_1,Male,s3_80_96,s3_141_159,s2_164_318,s3_80_160,s2_2_4
5226,s2_885_1695,s2_n103_99,s4_n40_7,s1_below_4282,s5_5_6,s1_below_2001,s2_760_2075,s4_37_47,Passenger Car,s6_76_up,Not Deployed,s2_97_208,s1_below_1,Female,s2_37_80,s3_141_159,s2_164_318,s3_80_160,s2_2_4
5227,s2_885_1695,s2_n103_99,s4_n40_7,s1_below_4282,s3_3_4,s3_2003_2005,s2_760_2075,s3_17_37,Truck (<=6000 lbs.),s6_76_up,Not Deployed,s2_97_208,s1_below_1,Male,s2_37_80,s3_141_159,s2_164_318,s3_80_160,s2_2_4
5228,s3_1695_2555,s2_n103_99,s4_n40_7,s1_below_4282,s1_below_2,s5_2007_2009,s3_2075_3730,s3_17_37,Truck (<=6000 lbs.),s5_64_76,Deployed,s2_97_208,s2_1_2,Female,s2_37_80,s3_141_159,s2_164_318,s3_80_160,s2_2_4
5229,s3_1695_2555,s2_n103_99,s4_n40_7,s1_below_4282,s1_below_2,s3_2003_2005,s2_760_2075,s3_17_37,Truck (<=10000 lbs.),s3_28_48,Deployed,s2_97_208,s3_2_3,Male,s4_96_114,s5_169_179,s3_318_464,s3_80_160,s4_5_6
5230,s2_885_1695,s2_n103_99,s4_n40_7,s1_below_4282,s6_6_up,s1_below_2001,s2_760_2075,s3_17_37,Truck (<=6000 lbs.),s2_11_28,Not Deployed,s2_97_208,s1_below_1,Male,s6_130_up,s3_141_159,s2_164_318,s3_80_160,s2_2_4
5231,s3_1695_2555,s2_n103_99,s4_n40_7,s1_below_4282,s1_below_2,s3_2003_2005,s2_760_2075,s4_37_47,Truck (<=10000 lbs.),s4_48_64,Deployed,s2_97_208,s3_2_3,Male,s3_80_96,s4_159_169,s2_164_318,s3_80_160,s3_4_5
5232,s2_885_1695,s2_n103_99,s4_n40_7,s1_below_4282,s2_2_3,s3_2003_2005,s2_760_2075,s4_37_47,Truck (<=6000 lbs.),s3_28_48,Not Deployed,s2_97_208,s1_below_1,Female,s2_37_80,s3_141_159,s2_164_318,s3_80_160,s2_2_4
5233,s3_1695_2555,s2_n103_99,s4_n40_7,s1_below_4282,s2_2_3,s3_2003_2005,s2_760_2075,s4_37_47,Truck (<=6000 lbs.),s3_28_48,Not Deployed,s2_97_208,s1_below_1,Female,s2_37_80,s3_141_159,s2_164_318,s3_80_160,s2_2_4
5234,s3_1695_2555,s2_n103_99,s4_n40_7,s1_below_4282,s1_below_2,s3_2003_2005,s2_760_2075,s3_17_37,Truck (<=10000 lbs.),s3_28_48,Not Deployed,s2_97_208,s1_below_1,Female,s2_37_80,s4_159_169,s2_164_318,s4_160_220,s3_4_5
5235,s2_885_1695,s2_n103_99,s4_n40_7,s1_below_4282,s3_3_4,s4_2005_2007,s3_2075_3730,s3_17_37,Passenger Car,s2_11_28,Not Deployed,s2_97_208,s1_below_1,Female,s5_114_130,s3_141_159,s2_164_318,s3_80_160,s2_2_4
5236,s2_885_1695,s2_n103_99,s4_n40_7,s1_below_4282,s2_2_3,s2_2001_2003,s2_760_2075,s4_37_47,Truck (<=6000 lbs.),s4_48_64,Not Deployed,s2_97_208,s1_below_1,Male,s2_37_80,s3_141_159,s2_164_318,s2_40_80,s2_2_4
5237,s3_1695_2555,s2_n103_99,s4_n40_7,s1_below_4282,s2_2_3,s4_2005_2007,s2_760_2075,s6_57_up,Truck (<=10000 lbs.),s3_28_48,Deployed,s2_97_208,s1_below_1,Male,s3_80_96,s5_169_179,s3_318_464,s3_80_160,s4_5_6
5238,s2_885_1695,s2_n103_99,s5_7_up,s1_below_4282,s1_below_2,s4_2005_2007,s2_760_2075,s6_57_up,Passenger Car,s2_11_28,Not Deployed,s2_97_208,s1_below_1,Female,s2_37_80,s3_141_159,s2_164_318,s6_260_up,s2_2_4
5239,s4_2555_3715,s2_n103_99,s4_n40_7,s1_below_4282,s1_below_2,s1_below_2001,s3_2075_3730,s3_17_37,Truck (<=10000 lbs.),s3_28_48,Not Deployed,s2_97_208,s2_1_2,Female,s3_80_96,s5_169_179,s3_318_464,s3_80_160,s5_6_7
5240,s3_1695_2555,s2_n103_99,s4_n40_7,s1_below_4282,s2_2_3,s4_2005_2007,s2_760_2075,s4_37_47,Passenger Car,s3_28_48,Deployed,s2_97_208,s1_below_1,Male,s2_37_80,s4_159_169,s2_164_318,s3_80_160,s3_4_5
5241,s3_1695_2555,s2_n103_99,s4_n40_7,s1_below_4282,s2_2_3,s2_2001_2003,s3_2075_3730,s4_37_47,Truck (<=6000 lbs.),s6_76_up,Not Deployed,s2_97_208,s1_below_1,Male,s2_37_80,s3_141_159,s2_164_318,s3_80_160,s2_2_4
5242,s2_885_1695,s2_n103_99,s4_n40_7,s1_below_4282,s4_4_5,s1_below_2001,s2_760_2075,s3_17_37,Passenger Car,s4_48_64,Not Deployed,s2_97_208,s1_below_1,Male,s4_96_114,s3_141_159,s2_164_318,s2_40_80,s2_2_4
5243,s3_1695_2555,s2_n103_99,s4_n40_7,s1_below_4282,s1_below_2,s5_2007_2009,s2_760_2075,s3_17_37,Truck (<=6000 lbs.),s4_48_64,Deployed,s2_97_208,s1_below_1,Male,s6_130_up,s3_141_159,s2_164_318,s3_80_160,s2_2_4
5244,s4_2555_3715,s2_n103_99,s4_n40_7,s1_below_4282,s1_below_2,s3_2003_2005,s3_2075_3730,s3_17_37,Truck (<=10000 lbs.),s3_28_48,Not Deployed,s2_97_208,s1_below_1,Female,s3_80_96,s5_169_179,s3_318_464,s3_80_160,s4_5_6
5245,s2_885_1695,s2_n103_99,s4_n40_7,s1_below_4282,s1_below_2,s3_2003_2005,s2_760_2075,s6_57_up,Passenger Car,s2_11_28,Deployed,s2_97_208,s1_below_1,Female,s3_80_96,s3_141_159,s2_164_318,s3_80_160,s2_2_4
5246,s2_885_1695,s2_n103_99,s5_7_up,s1_below_4282,s1_below_2,s2_2001_2003,s2_760_2075,s6_57_up,Passenger Car,s2_11_28,Not Deployed,s2_97_208,s1_below_1,Female,s2_37_80,s3_141_159,s2_164_318,s6_260_up,s2_2_4
5247,s2_885_1695,s2_n103_99,s4_n40_7,s1_below_4282,s1_below_2,s4_2005_2007,s3_2075_3730,s4_37_47,Truck (<=6000 lbs.),s4_48_64,Deployed,s2_97_208,s1_below_1,Female,s2_37_80,s3_141_159,s2_164_318,s3_80_160,s2_2_4
5248,s2_885_1695,s2_n103_99,s4_n40_7,s1_below_4282,s1_below_2,s3_2003_2005,s2_760_2075,s3_17_37,Passenger Car,s6_76_up,Not Deployed,s2_97_208,s1_below_1,Female,s2_37_80,s3_141_159,s2_164_318,s5_220_260,s2_2_4
5249,s2_885_1695,s2_n103_99,s4_n40_7,s1_below_4282,s1_below_2,s5_2007_2009,s3_2075_3730,s4_37_47,Passenger Car,s6_76_up,Deployed,s2_97_208,s4_3_4,Male,s5_114_130,s3_141_159,s2_164_318,s4_160_220,s2_2_4
5250,s4_2555_3715,s2_n103_99,s4_n40_7,s1_below_4282,s3_3_4,s3_2003_2005,s2_760_2075,s4_37_47,Truck (<=10000 lbs.),s4_48_64,Not Deployed,s2_97_208,s1_below_1,Male,s3_80_96,s5_169_179,s3_318_464,s3_80_160,s4_5_6
5251,s2_885_1695,s2_n103_99,s4_n40_7,s1_below_4282,s4_4_5,s3_2003_2005,s2_760_2075,s3_17_37,Passenger Car,s3_28_48,Not Deployed,s2_97_208,s1_below_1,Male,s3_80_96,s3_141_159,s2_164_318,s4_160_220,s2_2_4
5252,s2_885_1695,s2_n103_99,s4_n40_7,s1_below_4282,s3_3_4,s3_2003_2005,s2_760_2075,s4_37_47,Passenger Car,s5_64_76,Not Deployed,s2_97_208,s1_below_1,Male,s3_80_96,s3_141_159,s2_164_318,s1_below_40,s2_2_4
5253,s2_885_1695,s2_n103_99,s4_n40_7,s1_below_4282,s2_2_3,s3_2003_2005,s2_760_2075,s4_37_47,Passenger Car,s3_28_48,Not Deployed,s2_97_208,s1_below_1,Female,s2_37_80,s3_141_159,s2_164_318,s3_80_160,s2_2_4
5254,s3_1695_2555,s2_n103_99,s4_n40_7,s1_below_4282,s5_5_6,s4_2005_2007,s3_2075_3730,s4_37_47,Truck (<=10000 lbs.),s5_64_76,Not Deployed,s2_97_208,s1_below_1,Male,s4_96_114,s5_169_179,s3_318_464,s3_80_160,s4_5_6
5255,s3_1695_2555,s2_n103_99,s4_n40_7,s1_below_4282,s1_below_2,s2_2001_2003,s2_760_2075,s3_17_37,Truck (<=6000 lbs.),s2_11_28,Not Deployed,s2_97_208,s1_below_1,Male,s2_37_80,s3_141_159,s2_164_318,s1_below_40,s2_2_4
5256,s2_885_1695,s2_n103_99,s4_n40_7,s1_below_4282,s2_2_3,s4_2005_2007,s2_760_2075,s3_17_37,Passenger Car,s3_28_48,Not Deployed,s2_97_208,s1_below_1,Male,s3_80_96,s3_141_159,s2_164_318,s2_40_80,s2_2_4
5257,s3_1695_2555,s2_n103_99,s4_n40_7,s1_below_4282,s2_2_3,s5_2007_2009,s2_760_2075,s4_37_47,Truck (<=6000 lbs.),s3_28_48,Deployed,s2_97_208,s1_below_1,Female,s2_37_80,s5_169_179,s2_164_318,s3_80_160,s3_4_5
5258,s3_1695_2555,s2_n103_99,s4_n40_7,s1_below_4282,s2_2_3,s1_below_2001,s3_2075_3730,s6_57_up,Truck (<=10000 lbs.),s4_48_64,Deployed,s2_97_208,s3_2_3,Male,s3_80_96,s4_159_169,s2_164_318,s3_80_160,s3_4_5
5259,s2_885_1695,s2_n103_99,s4_n40_7,s1_below_4282,s4_4_5,s4_2005_2007,s3_2075_3730,s3_17_37,Passenger Car,s2_11_28,Deployed,s2_97_208,s1_below_1,Female,s2_37_80,s3_141_159,s2_164_318,s4_160_220,s2_2_4
5260,s3_1695_2555,s2_n103_99,s5_7_up,s1_below_4282,s6_6_up,s3_2003_2005,s2_760_2075,s4_37_47,Truck (<=6000 lbs.),s3_28_48,Not Deployed,s2_97_208,s1_below_1,Female,s2_37_80,s3_141_159,s2_164_318,s6_260_up,s2_2_4
5261,s2_885_1695,s2_n103_99,s4_n40_7,s1_below_4282,s4_4_5,s4_2005_2007,s2_760_2075,s4_37_47,Truck (<=6000 lbs.),s4_48_64,Not Deployed,s2_97_208,s1_below_1,Female,s2_37_80,s3_141_159,s2_164_318,s4_160_220,s2_2_4
5262,s3_1695_2555,s2_n103_99,s4_n40_7,s1_below_4282,s4_4_5,s3_2003_2005,s2_760_2075,s4_37_47,Truck (<=6000 lbs.),s3_28_48,Deployed,s2_97_208,s1_below_1,Male,s2_37_80,s3_141_159,s2_164_318,s3_80_160,s2_2_4
5263,s3_1695_2555,s2_n103_99,s4_n40_7,s1_below_4282,s1_below_2,s3_2003_2005,s2_760_2075,s4_37_47,Truck (<=6000 lbs.),s3_28_48,Deployed,s2_97_208,s1_below_1,Female,s2_37_80,s5_169_179,s2_164_318,s3_80_160,s3_4_5
5264,s2_885_1695,s2_n103_99,s4_n40_7,s1_below_4282,s4_4_5,s2_2001_2003,s2_760_2075,s4_37_47,Passenger Car,s2_11_28,Not Deployed,s2_97_208,s1_below_1,Female,s2_37_80,s3_141_159,s2_164_318,s3_80_160,s2_2_4
5265,s4_2555_3715,s2_n103_99,s4_n40_7,s1_below_4282,s1_below_2,s4_2005_2007,s3_2075_3730,s3_17_37,Truck (<=10000 lbs.),s4_48_64,Deployed,s2_97_208,s1_below_1,Male,s2_37_80,s5_169_179,s3_318_464,s3_80_160,s5_6_7
5266,s2_885_1695,s2_n103_99,s4_n40_7,s1_below_4282,s4_4_5,s2_2001_2003,s2_760_2075,s3_17_37,Truck (<=6000 lbs.),s6_76_up,Not Deployed,s2_97_208,s1_below_1,Male,s4_96_114,s3_141_159,s2_164_318,s4_160_220,s2_2_4
5267,s3_1695_2555,s2_n103_99,s4_n40_7,s1_below_4282,s4_4_5,s1_below_2001,s2_760_2075,s4_37_47,Truck (<=6000 lbs.),s6_76_up,Deployed,s2_97_208,s1_below_1,Male,s3_80_96,s4_159_169,s2_164_318,s3_80_160,s3_4_5
5268,s3_1695_2555,s2_n103_99,s4_n40_7,s1_below_4282,s1_below_2,s3_2003_2005,s2_760_2075,s3_17_37,Truck (<=10000 lbs.),s4_48_64,Deployed,s2_97_208,s1_below_1,Female,s3_80_96,s4_159_169,s3_318_464,s3_80_160,s4_5_6
5269,s3_1695_2555,s2_n103_99,s4_n40_7,s1_below_4282,s2_2_3,s3_2003_2005,s2_760_2075,s4_37_47,Truck (<=6000 lbs.),s4_48_64,Deployed,s2_97_208,s1_below_1,Male,s3_80_96,s3_141_159,s2_164_318,s3_80_160,s2_2_4
5270,s2_885_1695,s2_n103_99,s4_n40_7,s1_below_4282,s1_below_2,s3_2003_2005,s2_760_2075,s3_17_37,Passenger Car,s2_11_28,Not Deployed,s2_97_208,s1_below_1,Male,s2_37_80,s3_141_159,s2_164_318,s3_80_160,s2_2_4
5271,s3_1695_2555,s2_n103_99,s4_n40_7,s1_below_4282,s1_below_2,s1_below_2001,s3_2075_3730,s4_37_47,Truck (<=10000 lbs.),s5_64_76,Deployed,s2_97_208,s2_1_2,Female,s3_80_96,s4_159_169,s3_318_464,s3_80_160,s4_5_6
5272,s3_1695_2555,s2_n103_99,s3_n81_n40,s1_below_4282,s4_4_5,s2_2001_2003,s2_760_2075,s3_17_37,Truck (<=10000 lbs.),s2_11_28,Deployed,s2_97_208,s1_below_1,Male,s3_80_96,s4_159_169,s3_318_464,s3_80_160,s4_5_6
5273,s2_885_1695,s2_n103_99,s5_7_up,s1_below_4282,s3_3_4,s4_2005_2007,s3_2075_3730,s4_37_47,Passenger Car,s3_28_48,Not Deployed,s2_97_208,s1_below_1,Male,s3_80_96,s3_141_159,s2_164_318,s6_260_up,s2_2_4
5274,s2_885_1695,s2_n103_99,s4_n40_7,s1_below_4282,s4_4_5,s5_2007_2009,s2_760_2075,s4_37_47,Passenger Car,s4_48_64,Not Deployed,s2_97_208,s1_below_1,Female,s3_80_96,s3_141_159,s2_164_318,s4_160_220,s2_2_4
5275,s3_1695_2555,s2_n103_99,s5_7_up,s1_below_4282,s2_2_3,s3_2003_2005,s3_2075_3730,s5_47_57,Truck (<=6000 lbs.),s2_11_28,Not Deployed,s2_97_208,s1_below_1,Female,s2_37_80,s3_141_159,s2_164_318,s4_160_220,s2_2_4
5276,s4_2555_3715,s2_n103_99,s4_n40_7,s1_below_4282,s4_4_5,s4_2005_2007,s3_2075_3730,s3_17_37,Truck (<=10000 lbs.),s2_11_28,Not Deployed,s2_97_208,s1_below_1,Male,s2_37_80,s5_169_179,s3_318_464,s3_80_160,s5_6_7
5277,s3_1695_2555,s2_n103_99,s4_n40_7,s1_below_4282,s4_4_5,s2_2001_2003,s3_2075_3730,s3_17_37,Truck (<=10000 lbs.),s2_11_28,Deployed,s2_97_208,s1_below_1,Male,s3_80_96,s3_141_159,s2_164_318,s3_80_160,s2_2_4
5278,s2_885_1695,s2_n103_99,s4_n40_7,s1_below_4282,s2_2_3,s4_2005_2007,s3_2075_3730,s3_17_37,Passenger Car,s2_11_28,Not Deployed,s2_97_208,s1_below_1,Female,s2_37_80,s3_141_159,s2_164_318,s2_40_80,s2_2_4
5279,s4_2555_3715,s2_n103_99,s4_n40_7,s1_below_4282,s1_below_2,s1_below_2001,s3_2075_3730,s1_below_7,Truck (<=10000 lbs.),s2_11_28,Deployed,s2_97_208,s1_below_1,Male,s2_37_80,s5_169_179,s3_318_464,s3_80_160,s4_5_6
5280,s3_1695_2555,s2_n103_99,s5_7_up,s1_below_4282,s1_below_2,s3_2003_2005,s2_760_2075,s5_47_57,Truck (<=6000 lbs.),s3_28_48,Deployed,s2_97_208,s3_2_3,Male,s4_96_114,s3_141_159,s2_164_318,s6_260_up,s2_2_4
5281,s2_885_1695,s2_n103_99,s4_n40_7,s1_below_4282,s1_below_2,s3_2003_2005,s2_760_2075,s3_17_37,Passenger Car,s2_11_28,Not Deployed,s2_97_208,s1_below_1,Female,s2_37_80,s3_141_159,s2_164_318,s2_40_80,s2_2_4
5282,s2_885_1695,s2_n103_99,s4_n40_7,s1_below_4282,s2_2_3,s1_below_2001,s3_2075_3730,s6_57_up,Truck (<=6000 lbs.),s3_28_48,Deployed,s2_97_208,s1_below_1,Female,s2_37_80,s3_141_159,s2_164_318,s4_160_220,s2_2_4
5283,s4_2555_3715,s2_n103_99,s4_n40_7,s1_below_4282,s2_2_3,s4_2005_2007,s2_760_2075,s6_57_up,Truck (<=10000 lbs.),s3_28_48,Not Deployed,s2_97_208,s1_below_1,Female,s4_96_114,s5_169_179,s2_164_318,s3_80_160,s3_4_5
5284,s3_1695_2555,s2_n103_99,s4_n40_7,s1_below_4282,s4_4_5,s4_2005_2007,s2_760_2075,s3_17_37,Truck (<=10000 lbs.),s2_11_28,Deployed,s2_97_208,s1_below_1,Male,s3_80_96,s4_159_169,s2_164_318,s3_80_160,s3_4_5
5285,s2_885_1695,s2_n103_99,s4_n40_7,s1_below_4282,s1_below_2,s3_2003_2005,s3_2075_3730,s5_47_57,Passenger Car,s5_64_76,Deployed,s2_97_208,s1_below_1,Female,s2_37_80,s3_141_159,s2_164_318,s3_80_160,s2_2_4
5286,s2_885_1695,s2_n103_99,s4_n40_7,s1_below_4282,s4_4_5,s5_2007_2009,s2_760_2075,s4_37_47,Passenger Car,s4_48_64,Not Deployed,s2_97_208,s2_1_2,Male,s6_130_up,s3_141_159,s2_164_318,s4_160_220,s2_2_4
5287,s2_885_1695,s2_n103_99,s4_n40_7,s1_below_4282,s1_below_2,s2_2001_2003,s3_2075_3730,s3_17_37,Truck (<=6000 lbs.),s3_28_48,Deployed,s2_97_208,s2_1_2,Male,s3_80_96,s3_141_159,s2_164_318,s3_80_160,s2_2_4
5288,s4_2555_3715,s2_n103_99,s4_n40_7,s1_below_4282,s1_below_2,s4_2005_2007,s2_760_2075,s3_17_37,Truck (<=10000 lbs.),s4_48_64,Deployed,s2_97_208,s2_1_2,Female,s3_80_96,s5_169_179,s3_318_464,s3_80_160,s4_5_6
5289,s3_1695_2555,s2_n103_99,s4_n40_7,s1_below_4282,s1_below_2,s5_2007_2009,s2_760_2075,s3_17_37,Truck (<=10000 lbs.),s3_28_48,Not Deployed,s2_97_208,s1_below_1,Female,s2_37_80,s3_141_159,s2_164_318,s3_80_160,s2_2_4
5290,s3_1695_2555,s2_n103_99,s4_n40_7,s1_below_4282,s4_4_5,s1_below_2001,s3_2075_3730,s5_47_57,Truck (<=10000 lbs.),s6_76_up,Deployed,s2_97_208,s1_below_1,Male,s2_37_80,s4_159_169,s3_318_464,s4_160_220,s4_5_6
5291,s2_885_1695,s2_n103_99,s4_n40_7,s1_below_4282,s1_below_2,s2_2001_2003,s2_760_2075,s5_47_57,Passenger Car,s4_48_64,Deployed,s2_97_208,s6_5_up,Female,s2_37_80,s3_141_159,s2_164_318,s3_80_160,s2_2_4
5292,s3_1695_2555,s2_n103_99,s3_n81_n40,s1_below_4282,s2_2_3,s4_2005_2007,s3_2075_3730,s4_37_47,Truck (<=6000 lbs.),s5_64_76,Deployed,s2_97_208,s1_below_1,Male,s3_80_96,s3_141_159,s2_164_318,s3_80_160,s2_2_4
5293,s3_1695_2555,s2_n103_99,s4_n40_7,s1_below_4282,s3_3_4,s4_2005_2007,s3_2075_3730,s4_37_47,Truck (<=10000 lbs.),s3_28_48,Deployed,s2_97_208,s1_below_1,Male,s5_114_130,s5_169_179,s3_318_464,s3_80_160,s4_5_6
5294,s2_885_1695,s2_n103_99,s3_n81_n40,s1_below_4282,s1_below_2,s5_2007_2009,s2_760_2075,s5_47_57,Passenger Car,s6_76_up,Deployed,s2_97_208,s4_3_4,Male,s3_80_96,s3_141_159,s2_164_318,s3_80_160,s2_2_4
5295,s2_885_1695,s2_n103_99,s4_n40_7,s1_below_4282,s2_2_3,s1_below_2001,s2_760_2075,s4_37_47,Truck (<=6000 lbs.),s2_11_28,Not Deployed,s2_97_208,s2_1_2,Male,s2_37_80,s3_141_159,s2_164_318,s3_80_160,s2_2_4
5296,s3_1695_2555,s2_n103_99,s4_n40_7,s1_below_4282,s2_2_3,s2_2001_2003,s2_760_2075,s4_37_47,Truck (<=6000 lbs.),s4_48_64,Deployed,s2_97_208,s1_below_1,Male,s3_80_96,s3_141_159,s2_164_318,s3_80_160,s2_2_4
5297,s3_1695_2555,s2_n103_99,s4_n40_7,s1_below_4282,s1_below_2,s1_below_2001,s2_760_2075,s3_17_37,Truck (<=6000 lbs.),s3_28_48,Not Deployed,s2_97_208,s1_below_1,Female,s2_37_80,s3_141_159,s2_164_318,s3_80_160,s2_2_4
5298,s2_885_1695,s2_n103_99,s5_7_up,s1_below_4282,s1_below_2,s3_2003_2005,s2_760_2075,s4_37_47,Passenger Car,s3_28_48,Not Deployed,s2_97_208,s1_below_1,Female,s3_80_96,s3_141_159,s2_164_318,s6_260_up,s2_2_4
5299,s2_885_1695,s2_n103_99,s5_7_up,s1_below_4282,s4_4_5,s1_below_2001,s3_2075_3730,s4_37_47,Truck (<=6000 lbs.),s3_28_48,Not Deployed,s2_97_208,s1_below_1,Female,s3_80_96,s2_116_141,s2_164_318,s6_260_up,s2_2_4
5300,s2_885_1695,s2_n103_99,s4_n40_7,s1_below_4282,s4_4_5,s4_2005_2007,s2_760_2075,s4_37_47,Passenger Car,s4_48_64,Deployed,s2_97_208,s1_below_1,Female,s2_37_80,s3_141_159,s2_164_318,s3_80_160,s2_2_4
5301,s2_885_1695,s2_n103_99,s4_n40_7,s1_below_4282,s1_below_2,s1_below_2001,s2_760_2075,s3_17_37,Passenger Car,s2_11_28,Deployed,s2_97_208,s1_below_1,Female,s2_37_80,s3_141_159,s2_164_318,s3_80_160,s2_2_4
5302,s4_2555_3715,s2_n103_99,s4_n40_7,s1_below_4282,s3_3_4,s4_2005_2007,s2_760_2075,s5_47_57,Truck (<=10000 lbs.),s3_28_48,Not Deployed,s2_97_208,s1_below_1,Male,s4_96_114,s5_169_179,s3_318_464,s3_80_160,s5_6_7
5303,s3_1695_2555,s2_n103_99,s4_n40_7,s1_below_4282,s5_5_6,s2_2001_2003,s2_760_2075,s4_37_47,Truck (<=6000 lbs.),s2_11_28,Not Deployed,s2_97_208,s1_below_1,Male,s3_80_96,s4_159_169,s2_164_318,s4_160_220,s2_2_4
5304,s2_885_1695,s2_n103_99,s4_n40_7,s1_below_4282,s5_5_6,s2_2001_2003,s3_2075_3730,s3_17_37,Passenger Car,s4_48_64,Deployed,s2_97_208,s1_below_1,Female,s2_37_80,s3_141_159,s2_164_318,s3_80_160,s2_2_4
5305,s3_1695_2555,s2_n103_99,s4_n40_7,s1_below_4282,s1_below_2,s4_2005_2007,s3_2075_3730,s3_17_37,Truck (<=10000 lbs.),s4_48_64,Deployed,s2_97_208,s1_below_1,Male,s4_96_114,s5_169_179,s3_318_464,s3_80_160,s4_5_6
5306,s4_2555_3715,s2_n103_99,s4_n40_7,s1_below_4282,s2_2_3,s5_2007_2009,s3_2075_3730,s3_17_37,Truck (<=10000 lbs.),s6_76_up,Not Deployed,s2_97_208,s1_below_1,Male,s3_80_96,s5_169_179,s2_164_318,s4_160_220,s3_4_5
5307,s3_1695_2555,s2_n103_99,s4_n40_7,s1_below_4282,s2_2_3,s4_2005_2007,s2_760_2075,s3_17_37,Truck (<=6000 lbs.),s4_48_64,Not Deployed,s2_97_208,s1_below_1,Male,s3_80_96,s3_141_159,s2_164_318,s3_80_160,s2_2_4
5308,s2_885_1695,s2_n103_99,s4_n40_7,s1_below_4282,s2_2_3,s3_2003_2005,s2_760_2075,s3_17_37,Passenger Car,s2_11_28,Deployed,s2_97_208,s1_below_1,Male,s3_80_96,s3_141_159,s2_164_318,s3_80_160,s2_2_4
5309,s3_1695_2555,s2_n103_99,s3_n81_n40,s1_below_4282,s6_6_up,s1_below_2001,s2_760_2075,s3_17_37,Truck (<=10000 lbs.),s2_11_28,Not Deployed,s2_97_208,s1_below_1,Female,s2_37_80,s4_159_169,s2_164_318,s1_below_40,s3_4_5
5310,s2_885_1695,s2_n103_99,s4_n40_7,s1_below_4282,s1_below_2,s1_below_2001,s2_760_2075,s4_37_47,Truck (<=6000 lbs.),s2_11_28,Deployed,s2_97_208,s1_below_1,Male,s3_80_96,s3_141_159,s2_164_318,s3_80_160,s2_2_4
5311,s2_885_1695,s2_n103_99,s4_n40_7,s1_below_4282,s4_4_5,s1_below_2001,s2_760_2075,s4_37_47,Passenger Car,s2_11_28,Deployed,s2_97_208,s2_1_2,Female,s3_80_96,s3_141_159,s2_164_318,s3_80_160,s2_2_4
5312,s2_885_1695,s2_n103_99,s4_n40_7,s1_below_4282,s1_below_2,s4_2005_2007,s3_2075_3730,s3_17_37,Passenger Car,s2_11_28,Not Deployed,s2_97_208,s1_below_1,Female,s2_37_80,s3_141_159,s2_164_318,s3_80_160,s2_2_4
5313,s3_1695_2555,s2_n103_99,s4_n40_7,s1_below_4282,s4_4_5,s1_below_2001,s2_760_2075,s3_17_37,Truck (<=10000 lbs.),s4_48_64,Deployed,s2_97_208,s2_1_2,Female,s2_37_80,s4_159_169,s2_164_318,s3_80_160,s3_4_5
5314,s2_885_1695,s2_n103_99,s4_n40_7,s1_below_4282,s4_4_5,s4_2005_2007,s2_760_2075,s3_17_37,Passenger Car,s3_28_48,Deployed,s2_97_208,s1_below_1,Female,s5_114_130,s3_141_159,s2_164_318,s4_160_220,s2_2_4
5315,s2_885_1695,s2_n103_99,s4_n40_7,s1_below_4282,s5_5_6,s2_2001_2003,s2_760_2075,s4_37_47,Passenger Car,s2_11_28,Deployed,s2_97_208,s2_1_2,Female,s3_80_96,s3_141_159,s2_164_318,s4_160_220,s2_2_4
5316,s3_1695_2555,s2_n103_99,s4_n40_7,s1_below_4282,s4_4_5,s3_2003_2005,s2_760_2075,s3_17_37,Truck (<=10000 lbs.),s5_64_76,Deployed,s2_97_208,s1_below_1,Male,s3_80_96,s5_169_179,s3_318_464,s3_80_160,s4_5_6
5317,s2_885_1695,s2_n103_99,s3_n81_n40,s1_below_4282,s4_4_5,s1_below_2001,s3_2075_3730,s4_37_47,Passenger Car,s2_11_28,Deployed,s2_97_208,s1_below_1,Female,s2_37_80,s3_141_159,s2_164_318,s3_80_160,s2_2_4
5318,s2_885_1695,s2_n103_99,s4_n40_7,s1_below_4282,s4_4_5,s4_2005_2007,s2_760_2075,s3_17_37,Passenger Car,s2_11_28,Not Deployed,s2_97_208,s1_below_1,Male,s3_80_96,s3_141_159,s2_164_318,s3_80_160,s2_2_4
5319,s2_885_1695,s2_n103_99,s4_n40_7,s1_below_4282,s2_2_3,s2_2001_2003,s3_2075_3730,s6_57_up,Passenger Car,s6_76_up,Not Deployed,s2_97_208,s1_below_1,Female,s2_37_80,s3_141_159,s2_164_318,s3_80_160,s2_2_4
5320,s2_885_1695,s2_n103_99,s4_n40_7,s1_below_4282,s4_4_5,s2_2001_2003,s3_2075_3730,s3_17_37,Truck (<=6000 lbs.),s2_11_28,Not Deployed,s2_97_208,s1_below_1,Female,s2_37_80,s3_141_159,s2_164_318,s3_80_160,s2_2_4
5321,s2_885_1695,s2_n103_99,s4_n40_7,s1_below_4282,s1_below_2,s1_below_2001,s2_760_2075,s5_47_57,Passenger Car,s3_28_48,Deployed,s2_97_208,s1_below_1,Female,s3_80_96,s3_141_159,s2_164_318,s3_80_160,s2_2_4
5322,s2_885_1695,s2_n103_99,s3_n81_n40,s1_below_4282,s1_below_2,s4_2005_2007,s2_760_2075,s5_47_57,Passenger Car,s2_11_28,Deployed,s2_97_208,s1_below_1,Male,s3_80_96,s3_141_159,s2_164_318,s3_80_160,s2_2_4
5323,s3_1695_2555,s2_n103_99,s4_n40_7,s1_below_4282,s2_2_3,s3_2003_2005,s2_760_2075,s3_17_37,Truck (<=6000 lbs.),s2_11_28,Not Deployed,s2_97_208,s1_below_1,Male,s3_80_96,s3_141_159,s2_164_318,s3_80_160,s2_2_4
5324,s2_885_1695,s2_n103_99,s4_n40_7,s1_below_4282,s1_below_2,s1_below_2001,s2_760_2075,s3_17_37,Truck (<=6000 lbs.),s6_76_up,Not Deployed,s2_97_208,s1_below_1,Male,s2_37_80,s3_141_159,s2_164_318,s3_80_160,s2_2_4
5325,s2_885_1695,s2_n103_99,s4_n40_7,s1_below_4282,s4_4_5,s2_2001_2003,s2_760_2075,s5_47_57,Passenger Car,s6_76_up,Not Deployed,s2_97_208,s1_below_1,Female,s2_37_80,s3_141_159,s2_164_318,s4_160_220,s2_2_4
5326,s2_885_1695,s2_n103_99,s4_n40_7,s1_below_4282,s1_below_2,s1_below_2001,s2_760_2075,s3_17_37,Passenger Car,s2_11_28,Deployed,s2_97_208,s1_below_1,Female,s2_37_80,s3_141_159,s2_164_318,s3_80_160,s2_2_4
5327,s4_2555_3715,s2_n103_99,s5_7_up,s1_below_4282,s1_below_2,s1_below_2001,s2_760_2075,s6_57_up,Truck (<=10000 lbs.),s4_48_64,Not Deployed,s2_97_208,s1_below_1,Male,s3_80_96,s6_179_up,s3_318_464,s6_260_up,s4_5_6
5328,s2_885_1695,s2_n103_99,s4_n40_7,s1_below_4282,s1_below_2,s2_2001_2003,s2_760_2075,s3_17_37,Passenger Car,s3_28_48,Deployed,s2_97_208,s1_below_1,Male,s4_96_114,s3_141_159,s2_164_318,s3_80_160,s2_2_4
5329,s3_1695_2555,s2_n103_99,s4_n40_7,s1_below_4282,s2_2_3,s3_2003_2005,s2_760_2075,s3_17_37,Truck (<=6000 lbs.),s2_11_28,Not Deployed,s2_97_208,s1_below_1,Male,s2_37_80,s3_141_159,s2_164_318,s4_160_220,s2_2_4
5330,s2_885_1695,s2_n103_99,s4_n40_7,s1_below_4282,s1_below_2,s4_2005_2007,s2_760_2075,s4_37_47,Passenger Car,s4_48_64,Not Deployed,s2_97_208,s1_below_1,Female,s2_37_80,s3_141_159,s2_164_318,s2_40_80,s2_2_4
5331,s3_1695_2555,s2_n103_99,s4_n40_7,s1_below_4282,s4_4_5,s3_2003_2005,s2_760_2075,s3_17_37,Truck (<=6000 lbs.),s3_28_48,Not Deployed,s2_97_208,s1_below_1,Female,s2_37_80,s4_159_169,s2_164_318,s3_80_160,s2_2_4
5332,s2_885_1695,s2_n103_99,s5_7_up,s1_below_4282,s1_below_2,s1_below_2001,s2_760_2075,s3_17_37,Truck (<=6000 lbs.),s2_11_28,Not Deployed,s2_97_208,s1_below_1,Male,s3_80_96,s3_141_159,s3_318_464,s6_260_up,s2_2_4
5333,s2_885_1695,s2_n103_99,s5_7_up,s1_below_4282,s4_4_5,s1_below_2001,s2_760_2075,s3_17_37,Passenger Car,s3_28_48,Not Deployed,s2_97_208,s1_below_1,Female,s2_37_80,s3_141_159,s2_164_318,s6_260_up,s2_2_4
5334,s2_885_1695,s2_n103_99,s4_n40_7,s1_below_4282,s3_3_4,s3_2003_2005,s2_760_2075,s4_37_47,Passenger Car,s2_11_28,Deployed,s2_97_208,s1_below_1,Female,s2_37_80,s3_141_159,s2_164_318,s3_80_160,s2_2_4
5335,s2_885_1695,s2_n103_99,s4_n40_7,s1_below_4282,s4_4_5,s2_2001_2003,s2_760_2075,s4_37_47,Passenger Car,s2_11_28,Deployed,s2_97_208,s1_below_1,Male,s2_37_80,s3_141_159,s2_164_318,s3_80_160,s2_2_4
5336,s3_1695_2555,s2_n103_99,s4_n40_7,s1_below_4282,s1_below_2,s2_2001_2003,s2_760_2075,s3_17_37,Truck (<=10000 lbs.),s4_48_64,Deployed,s2_97_208,s1_below_1,Female,s2_37_80,s4_159_169,s3_318_464,s3_80_160,s4_5_6
5337,s2_885_1695,s2_n103_99,s4_n40_7,s1_below_4282,s1_below_2,s4_2005_2007,s2_760_2075,s3_17_37,Passenger Car,s2_11_28,Deployed,s2_97_208,s1_below_1,Male,s2_37_80,s3_141_159,s2_164_318,s3_80_160,s2_2_4
5338,s2_885_1695,s2_n103_99,s5_7_up,s1_below_4282,s1_below_2,s2_2001_2003,s2_760_2075,s3_17_37,Passenger Car,s2_11_28,Not Deployed,s2_97_208,s1_below_1,Male,s6_130_up,s3_141_159,s2_164_318,s4_160_220,s2_2_4
5339,s3_1695_2555,s2_n103_99,s4_n40_7,s1_below_4282,s1_below_2,s4_2005_2007,s2_760_2075,s6_57_up,Truck (<=6000 lbs.),s3_28_48,Not Deployed,s2_97_208,s1_below_1,Female,s2_37_80,s4_159_169,s2_164_318,s3_80_160,s2_2_4
5340,s3_1695_2555,s2_n103_99,s4_n40_7,s1_below_4282,s4_4_5,s1_below_2001,s2_760_2075,s3_17_37,Truck (<=10000 lbs.),s2_11_28,Deployed,s2_97_208,s1_below_1,Female,s2_37_80,s4_159_169,s2_164_318,s4_160_220,s3_4_5
5341,s2_885_1695,s2_n103_99,s4_n40_7,s1_below_4282,s4_4_5,s2_2001_2003,s3_2075_3730,s3_17_37,Passenger Car,s2_11_28,Deployed,s2_97_208,s1_below_1,Male,s2_37_80,s3_141_159,s2_164_318,s3_80_160,s2_2_4
5342,s3_1695_2555,s2_n103_99,s5_7_up,s1_below_4282,s4_4_5,s3_2003_2005,s3_2075_3730,s4_37_47,Passenger Car,s4_48_64,Not Deployed,s2_97_208,s1_below_1,Female,s2_37_80,s3_141_159,s2_164_318,s6_260_up,s2_2_4
5343,s2_885_1695,s2_n103_99,s4_n40_7,s1_below_4282,s4_4_5,s3_2003_2005,s2_760_2075,s3_17_37,Passenger Car,s6_76_up,Not Deployed,s2_97_208,s1_below_1,Female,s2_37_80,s3_141_159,s2_164_318,s3_80_160,s2_2_4
5344,s3_1695_2555,s2_n103_99,s4_n40_7,s1_below_4282,s4_4_5,s5_2007_2009,s2_760_2075,s3_17_37,Truck (<=6000 lbs.),s4_48_64,Not Deployed,s2_97_208,s1_below_1,Male,s3_80_96,s4_159_169,s3_318_464,s3_80_160,s3_4_5
5345,s2_885_1695,s2_n103_99,s4_n40_7,s1_below_4282,s5_5_6,s2_2001_2003,s2_760_2075,s3_17_37,Truck (<=6000 lbs.),s5_64_76,Deployed,s2_97_208,s5_4_5,Female,s2_37_80,s3_141_159,s2_164_318,s3_80_160,s2_2_4
5346,s2_885_1695,s2_n103_99,s4_n40_7,s1_below_4282,s4_4_5,s4_2005_2007,s2_760_2075,s3_17_37,Passenger Car,s2_11_28,Deployed,s2_97_208,s1_below_1,Female,s2_37_80,s3_141_159,s2_164_318,s3_80_160,s2_2_4
5347,s3_1695_2555,s2_n103_99,s4_n40_7,s1_below_4282,s4_4_5,s1_below_2001,s2_760_2075,s3_17_37,Truck (<=10000 lbs.),s3_28_48,Not Deployed,s2_97_208,s1_below_1,Female,s2_37_80,s5_169_179,s2_164_318,s3_80_160,s3_4_5
5348,s2_885_1695,s2_n103_99,s4_n40_7,s1_below_4282,s2_2_3,s1_below_2001,s2_760_2075,s3_17_37,Passenger Car,s2_11_28,Not Deployed,s2_97_208,s1_below_1,Female,s2_37_80,s3_141_159,s2_164_318,s2_40_80,s2_2_4
5349,s2_885_1695,s2_n103_99,s4_n40_7,s1_below_4282,s4_4_5,s1_below_2001,s2_760_2075,s3_17_37,Passenger Car,s2_11_28,Not Deployed,s2_97_208,s1_below_1,Female,s2_37_80,s3_141_159,s2_164_318,s3_80_160,s2_2_4
5350,s2_885_1695,s2_n103_99,s1_below_n112,s1_below_4282,s1_below_2,s2_2001_2003,s2_760_2075,s5_47_57,Passenger Car,s2_11_28,Deployed,s2_97_208,s3_2_3,Male,s2_37_80,s3_141_159,s2_164_318,s3_80_160,s2_2_4
5351,s3_1695_2555,s2_n103_99,s3_n81_n40,s1_below_4282,s3_3_4,s4_2005_2007,s2_760_2075,s3_17_37,Passenger Car,s3_28_48,Deployed,s2_97_208,s1_below_1,Female,s2_37_80,s4_159_169,s2_164_318,s3_80_160,s2_2_4
5352,s2_885_1695,s2_n103_99,s5_7_up,s1_below_4282,s4_4_5,s3_2003_2005,s3_2075_3730,s3_17_37,Passenger Car,s5_64_76,Not Deployed,s2_97_208,s1_below_1,Male,s3_80_96,s3_141_159,s2_164_318,s6_260_up,s2_2_4
5353,s3_1695_2555,s2_n103_99,s4_n40_7,s1_below_4282,s4_4_5,s5_2007_2009,s2_760_2075,s4_37_47,Passenger Car,s3_28_48,Deployed,s2_97_208,s1_below_1,Male,s2_37_80,s4_159_169,s2_164_318,s3_80_160,s2_2_4
5354,s3_1695_2555,s2_n103_99,s4_n40_7,s1_below_4282,s4_4_5,s1_below_2001,s2_760_2075,s3_17_37,Truck (<=6000 lbs.),s3_28_48,Not Deployed,s2_97_208,s2_1_2,Female,s2_37_80,s4_159_169,s3_318_464,s4_160_220,s4_5_6
5355,s2_885_1695,s2_n103_99,s4_n40_7,s1_below_4282,s3_3_4,s4_2005_2007,s2_760_2075,s3_17_37,Truck (<=6000 lbs.),s3_28_48,Deployed,s2_97_208,s1_below_1,Female,s2_37_80,s3_141_159,s2_164_318,s4_160_220,s2_2_4
5356,s2_885_1695,s2_n103_99,s4_n40_7,s1_below_4282,s3_3_4,s2_2001_2003,s2_760_2075,s3_17_37,Truck (<=6000 lbs.),s2_11_28,Deployed,s2_97_208,s1_below_1,Male,s2_37_80,s3_141_159,s2_164_318,s3_80_160,s2_2_4
5357,s2_885_1695,s2_n103_99,s4_n40_7,s1_below_4282,s1_below_2,s2_2001_2003,s2_760_2075,s3_17_37,Passenger Car,s3_28_48,Deployed,s2_97_208,s1_below_1,Male,s5_114_130,s3_141_159,s2_164_318,s3_80_160,s2_2_4
5358,s2_885_1695,s2_n103_99,s4_n40_7,s1_below_4282,s4_4_5,s1_below_2001,s3_2075_3730,s4_37_47,Passenger Car,s6_76_up,Not Deployed,s2_97_208,s1_below_1,Female,s2_37_80,s3_141_159,s2_164_318,s4_160_220,s2_2_4
5359,s3_1695_2555,s2_n103_99,s4_n40_7,s1_below_4282,s5_5_6,s5_2007_2009,s2_760_2075,s4_37_47,Truck (<=10000 lbs.),s2_11_28,Deployed,s2_97_208,s1_below_1,Male,s3_80_96,s6_179_up,s3_318_464,s3_80_160,s5_6_7
5360,s3_1695_2555,s2_n103_99,s5_7_up,s1_below_4282,s1_below_2,s1_below_2001,s2_760_2075,s6_57_up,Truck (<=10000 lbs.),s4_48_64,Not Deployed,s2_97_208,s1_below_1,Male,s3_80_96,s5_169_179,s3_318_464,s6_260_up,s4_5_6
5361,s2_885_1695,s2_n103_99,s4_n40_7,s1_below_4282,s3_3_4,s2_2001_2003,s2_760_2075,s4_37_47,Passenger Car,s6_76_up,Not Deployed,s2_97_208,s1_below_1,Male,s2_37_80,s3_141_159,s2_164_318,s4_160_220,s2_2_4
5362,s2_885_1695,s2_n103_99,s4_n40_7,s1_below_4282,s3_3_4,s4_2005_2007,s2_760_2075,s4_37_47,Passenger Car,s3_28_48,Not Deployed,s2_97_208,s1_below_1,Male,s4_96_114,s3_141_159,s2_164_318,s3_80_160,s2_2_4
5363,s4_2555_3715,s2_n103_99,s4_n40_7,s1_below_4282,s4_4_5,s2_2001_2003,s2_760_2075,s3_17_37,Truck (<=10000 lbs.),s4_48_64,Not Deployed,s2_97_208,s1_below_1,Male,s3_80_96,s5_169_179,s3_318_464,s3_80_160,s4_5_6
5364,s3_1695_2555,s2_n103_99,s4_n40_7,s1_below_4282,s4_4_5,s2_2001_2003,s2_760_2075,s3_17_37,Truck (<=6000 lbs.),s5_64_76,Deployed,s2_97_208,s1_below_1,Female,s2_37_80,s3_141_159,s3_318_464,s3_80_160,s3_4_5
5365,s2_885_1695,s2_n103_99,s4_n40_7,s1_below_4282,s1_below_2,s5_2007_2009,s2_760_2075,s3_17_37,Passenger Car,s3_28_48,Deployed,s2_97_208,s1_below_1,Male,s2_37_80,s3_141_159,s2_164_318,s3_80_160,s2_2_4
5366,s2_885_1695,s2_n103_99,s4_n40_7,s1_below_4282,s1_below_2,s2_2001_2003,s2_760_2075,s3_17_37,Truck (<=6000 lbs.),s2_11_28,Deployed,s2_97_208,s1_below_1,Female,s2_37_80,s3_141_159,s3_318_464,s3_80_160,s2_2_4
5367,s3_1695_2555,s2_n103_99,s4_n40_7,s1_below_4282,s3_3_4,s4_2005_2007,s2_760_2075,s4_37_47,Passenger Car,s2_11_28,Deployed,s2_97_208,s1_below_1,Male,s2_37_80,s4_159_169,s2_164_318,s2_40_80,s3_4_5
5368,s3_1695_2555,s2_n103_99,s4_n40_7,s1_below_4282,s4_4_5,s4_2005_2007,s2_760_2075,s4_37_47,Passenger Car,s3_28_48,Deployed,s2_97_208,s3_2_3,Female,s2_37_80,s4_159_169,s2_164_318,s3_80_160,s3_4_5
5369,s2_885_1695,s2_n103_99,s4_n40_7,s1_below_4282,s2_2_3,s4_2005_2007,s3_2075_3730,s3_17_37,Passenger Car,s2_11_28,Not Deployed,s2_97_208,s1_below_1,Female,s2_37_80,s3_141_159,s2_164_318,s4_160_220,s2_2_4
5370,s2_885_1695,s2_n103_99,s4_n40_7,s1_below_4282,s4_4_5,s4_2005_2007,s2_760_2075,s4_37_47,Passenger Car,s2_11_28,Deployed,s2_97_208,s1_below_1,Female,s2_37_80,s3_141_159,s2_164_318,s3_80_160,s2_2_4
5371,s2_885_1695,s2_n103_99,s5_7_up,s1_below_4282,s1_below_2,s4_2005_2007,s2_760_2075,s6_57_up,Passenger Car,s2_11_28,Not Deployed,s2_97_208,s1_below_1,Female,s2_37_80,s3_141_159,s2_164_318,s6_260_up,s2_2_4
5372,s3_1695_2555,s2_n103_99,s4_n40_7,s1_below_4282,s1_below_2,s5_2007_2009,s2_760_2075,s1_below_7,Truck (<=6000 lbs.),s2_11_28,Not Deployed,s2_97_208,s2_1_2,Male,s2_37_80,s4_159_169,s2_164_318,s2_40_80,s2_2_4
5373,s2_885_1695,s2_n103_99,s3_n81_n40,s1_below_4282,s1_below_2,s4_2005_2007,s3_2075_3730,s6_57_up,Passenger Car,s3_28_48,Deployed,s2_97_208,s2_1_2,Male,s2_37_80,s3_141_159,s2_164_318,s3_80_160,s2_2_4
5374,s3_1695_2555,s2_n103_99,s5_7_up,s1_below_4282,s1_below_2,s3_2003_2005,s2_760_2075,s6_57_up,Truck (<=10000 lbs.),s4_48_64,Not Deployed,s2_97_208,s1_below_1,Male,s3_80_96,s4_159_169,s2_164_318,s6_260_up,s2_2_4
5375,s4_2555_3715,s2_n103_99,s4_n40_7,s1_below_4282,s3_3_4,s4_2005_2007,s3_2075_3730,s5_47_57,Truck (<=10000 lbs.),s2_11_28,Not Deployed,s2_97_208,s1_below_1,Male,s2_37_80,s4_159_169,s3_318_464,s3_80_160,s4_5_6
5376,s2_885_1695,s2_n103_99,s4_n40_7,s1_below_4282,s1_below_2,s3_2003_2005,s3_2075_3730,s3_17_37,Passenger Car,s3_28_48,Not Deployed,s2_97_208,s1_below_1,Male,s2_37_80,s3_141_159,s2_164_318,s2_40_80,s2_2_4
5377,s2_885_1695,s2_n103_99,s4_n40_7,s1_below_4282,s2_2_3,s1_below_2001,s3_2075_3730,s4_37_47,Passenger Car,s3_28_48,Not Deployed,s2_97_208,s1_below_1,Female,s3_80_96,s3_141_159,s2_164_318,s3_80_160,s2_2_4
5378,s2_885_1695,s2_n103_99,s4_n40_7,s1_below_4282,s1_below_2,s3_2003_2005,s2_760_2075,s3_17_37,Passenger Car,s3_28_48,Not Deployed,s2_97_208,s1_below_1,Female,s2_37_80,s3_141_159,s2_164_318,s3_80_160,s2_2_4
5379,s2_885_1695,s2_n103_99,s4_n40_7,s1_below_4282,s2_2_3,s5_2007_2009,s2_760_2075,s4_37_47,Passenger Car,s4_48_64,Not Deployed,s2_97_208,s1_below_1,Male,s4_96_114,s3_141_159,s2_164_318,s3_80_160,s2_2_4
5380,s2_885_1695,s2_n103_99,s4_n40_7,s1_below_4282,s1_below_2,s4_2005_2007,s3_2075_3730,s3_17_37,Passenger Car,s5_64_76,Deployed,s2_97_208,s1_below_1,Male,s3_80_96,s3_141_159,s2_164_318,s3_80_160,s2_2_4
5381,s2_885_1695,s2_n103_99,s4_n40_7,s1_below_4282,s1_below_2,s2_2001_2003,s2_760_2075,s5_47_57,Passenger Car,s2_11_28,Deployed,s2_97_208,s3_2_3,Female,s2_37_80,s3_141_159,s2_164_318,s3_80_160,s2_2_4
5382,s2_885_1695,s2_n103_99,s4_n40_7,s1_below_4282,s2_2_3,s1_below_2001,s2_760_2075,s3_17_37,Passenger Car,s4_48_64,Not Deployed,s2_97_208,s1_below_1,Female,s2_37_80,s3_141_159,s2_164_318,s3_80_160,s2_2_4
5383,s3_1695_2555,s2_n103_99,s5_7_up,s1_below_4282,s4_4_5,s4_2005_2007,s2_760_2075,s5_47_57,Truck (<=10000 lbs.),s2_11_28,Not Deployed,s2_97_208,s1_below_1,Male,s3_80_96,s5_169_179,s3_318_464,s6_260_up,s4_5_6
5384,s3_1695_2555,s2_n103_99,s4_n40_7,s1_below_4282,s3_3_4,s2_2001_2003,s3_2075_3730,s4_37_47,Truck (<=10000 lbs.),s2_11_28,Not Deployed,s2_97_208,s1_below_1,Female,s2_37_80,s5_169_179,s2_164_318,s4_160_220,s3_4_5
5385,s3_1695_2555,s2_n103_99,s4_n40_7,s1_below_4282,s2_2_3,s1_below_2001,s3_2075_3730,s4_37_47,Truck (<=10000 lbs.),s3_28_48,Not Deployed,s2_97_208,s1_below_1,Female,s2_37_80,s4_159_169,s2_164_318,s3_80_160,s3_4_5
5386,s2_885_1695,s2_n103_99,s4_n40_7,s1_below_4282,s1_below_2,s4_2005_2007,s2_760_2075,s3_17_37,Passenger Car,s2_11_28,Not Deployed,s2_97_208,s1_below_1,Female,s2_37_80,s3_141_159,s2_164_318,s3_80_160,s2_2_4
5387,s2_885_1695,s2_n103_99,s4_n40_7,s1_below_4282,s4_4_5,s4_2005_2007,s2_760_2075,s4_37_47,Passenger Car,s3_28_48,Deployed,s2_97_208,s2_1_2,Female,s2_37_80,s3_141_159,s2_164_318,s3_80_160,s2_2_4
5388,s2_885_1695,s2_n103_99,s5_7_up,s1_below_4282,s4_4_5,s4_2005_2007,s2_760_2075,s3_17_37,Passenger Car,s2_11_28,Not Deployed,s2_97_208,s1_below_1,Male,s2_37_80,s3_141_159,s2_164_318,s6_260_up,s2_2_4
5389,s3_1695_2555,s2_n103_99,s4_n40_7,s1_below_4282,s1_below_2,s2_2001_2003,s3_2075_3730,s4_37_47,Truck (<=10000 lbs.),s2_11_28,Not Deployed,s2_97_208,s1_below_1,Male,s4_96_114,s4_159_169,s2_164_318,s3_80_160,s3_4_5
5390,s2_885_1695,s2_n103_99,s4_n40_7,s1_below_4282,s2_2_3,s2_2001_2003,s2_760_2075,s3_17_37,Passenger Car,s2_11_28,Deployed,s2_97_208,s1_below_1,Female,s2_37_80,s3_141_159,s2_164_318,s3_80_160,s2_2_4
5391,s3_1695_2555,s2_n103_99,s4_n40_7,s1_below_4282,s2_2_3,s3_2003_2005,s2_760_2075,s3_17_37,Truck (<=6000 lbs.),s3_28_48,Not Deployed,s2_97_208,s1_below_1,Female,s2_37_80,s4_159_169,s2_164_318,s6_260_up,s2_2_4
5392,s2_885_1695,s2_n103_99,s4_n40_7,s1_below_4282,s3_3_4,s1_below_2001,s3_2075_3730,s3_17_37,Truck (<=6000 lbs.),s2_11_28,Not Deployed,s2_97_208,s1_below_1,Female,s2_37_80,s3_141_159,s3_318_464,s3_80_160,s2_2_4
5393,s3_1695_2555,s2_n103_99,s4_n40_7,s1_below_4282,s1_below_2,s2_2001_2003,s2_760_2075,s5_47_57,Passenger Car,s5_64_76,Not Deployed,s2_97_208,s4_3_4,Male,s3_80_96,s3_141_159,s2_164_318,s5_220_260,s2_2_4
5394,s2_885_1695,s2_n103_99,s4_n40_7,s1_below_4282,s4_4_5,s3_2003_2005,s2_760_2075,s3_17_37,Truck (<=6000 lbs.),s3_28_48,Deployed,s2_97_208,s1_below_1,Male,s3_80_96,s3_141_159,s2_164_318,s3_80_160,s2_2_4
5395,s2_885_1695,s2_n103_99,s4_n40_7,s1_below_4282,s1_below_2,s3_2003_2005,s2_760_2075,s4_37_47,Passenger Car,s2_11_28,Not Deployed,s2_97_208,s1_below_1,Female,s2_37_80,s3_141_159,s2_164_318,s3_80_160,s2_2_4
5396,s2_885_1695,s2_n103_99,s5_7_up,s1_below_4282,s2_2_3,s1_below_2001,s2_760_2075,s3_17_37,Passenger Car,s3_28_48,Not Deployed,s2_97_208,s1_below_1,Male,s2_37_80,s3_141_159,s2_164_318,s5_220_260,s2_2_4
5397,s3_1695_2555,s2_n103_99,s4_n40_7,s1_below_4282,s6_6_up,s3_2003_2005,s2_760_2075,s4_37_47,Passenger Car,s3_28_48,Deployed,s2_97_208,s1_below_1,Male,s3_80_96,s3_141_159,s2_164_318,s3_80_160,s2_2_4
5398,s3_1695_2555,s2_n103_99,s4_n40_7,s1_below_4282,s4_4_5,s1_below_2001,s2_760_2075,s3_17_37,Truck (<=6000 lbs.),s5_64_76,Not Deployed,s2_97_208,s1_below_1,Male,s3_80_96,s3_141_159,s2_164_318,s3_80_160,s2_2_4
5399,s2_885_1695,s2_n103_99,s5_7_up,s1_below_4282,s4_4_5,s1_below_2001,s2_760_2075,s3_17_37,Passenger Car,s3_28_48,Not Deployed,s2_97_208,s1_below_1,Male,s2_37_80,s3_141_159,s2_164_318,s6_260_up,s2_2_4
5400,s3_1695_2555,s2_n103_99,s4_n40_7,s1_below_4282,s4_4_5,s5_2007_2009,s2_760_2075,s3_17_37,Passenger Car,s3_28_48,Not Deployed,s2_97_208,s1_below_1,Male,s3_80_96,s3_141_159,s2_164_318,s3_80_160,s2_2_4
5401,s2_885_1695,s2_n103_99,s4_n40_7,s1_below_4282,s2_2_3,s4_2005_2007,s3_2075_3730,s3_17_37,Passenger Car,s4_48_64,Deployed,s2_97_208,s1_below_1,Female,s2_37_80,s3_141_159,s2_164_318,s4_160_220,s2_2_4
5402,s2_885_1695,s2_n103_99,s4_n40_7,s2_4282_6970,s3_3_4,s3_2003_2005,s2_760_2075,s4_37_47,Passenger Car,s2_11_28,Deployed,s2_97_208,s5_4_5,Male,s4_96_114,s3_141_159,s2_164_318,s4_160_220,s2_2_4
5403,s2_885_1695,s2_n103_99,s4_n40_7,s1_below_4282,s5_5_6,s3_2003_2005,s2_760_2075,s6_57_up,Passenger Car,s3_28_48,Deployed,s2_97_208,s1_below_1,Male,s2_37_80,s3_141_159,s2_164_318,s3_80_160,s2_2_4
5404,s2_885_1695,s2_n103_99,s4_n40_7,s1_below_4282,s5_5_6,s2_2001_2003,s2_760_2075,s3_17_37,Passenger Car,s4_48_64,Not Deployed,s2_97_208,s4_3_4,Female,s2_37_80,s3_141_159,s2_164_318,s2_40_80,s2_2_4
5405,s2_885_1695,s2_n103_99,s4_n40_7,s1_below_4282,s3_3_4,s4_2005_2007,s2_760_2075,s3_17_37,Passenger Car,s4_48_64,Not Deployed,s2_97_208,s1_below_1,Female,s2_37_80,s3_141_159,s2_164_318,s3_80_160,s2_2_4
5406,s4_2555_3715,s2_n103_99,s4_n40_7,s1_below_4282,s4_4_5,s5_2007_2009,s2_760_2075,s3_17_37,Truck (<=10000 lbs.),s4_48_64,Deployed,s2_97_208,s1_below_1,Male,s3_80_96,s4_159_169,s2_164_318,s4_160_220,s3_4_5
5407,s3_1695_2555,s2_n103_99,s4_n40_7,s1_below_4282,s5_5_6,s4_2005_2007,s2_760_2075,s3_17_37,Passenger Car,s3_28_48,Deployed,s2_97_208,s4_3_4,Male,s6_130_up,s4_159_169,s2_164_318,s3_80_160,s3_4_5
5408,s3_1695_2555,s2_n103_99,s4_n40_7,s1_below_4282,s6_6_up,s1_below_2001,s2_760_2075,s3_17_37,Passenger Car,s4_48_64,Not Deployed,s2_97_208,s1_below_1,Male,s2_37_80,s4_159_169,s2_164_318,s3_80_160,s2_2_4
5409,s3_1695_2555,s2_n103_99,s4_n40_7,s1_below_4282,s4_4_5,s3_2003_2005,s2_760_2075,s3_17_37,Truck (<=10000 lbs.),s3_28_48,Not Deployed,s2_97_208,s1_below_1,Female,s4_96_114,s4_159_169,s3_318_464,s3_80_160,s4_5_6
5410,s3_1695_2555,s2_n103_99,s4_n40_7,s1_below_4282,s1_below_2,s4_2005_2007,s2_760_2075,s3_17_37,Truck (<=10000 lbs.),s3_28_48,Deployed,s2_97_208,s1_below_1,Male,s3_80_96,s5_169_179,s3_318_464,s3_80_160,s4_5_6
5411,s3_1695_2555,s2_n103_99,s4_n40_7,s1_below_4282,s1_below_2,s4_2005_2007,s2_760_2075,s3_17_37,Truck (<=6000 lbs.),s3_28_48,Not Deployed,s2_97_208,s1_below_1,Female,s2_37_80,s4_159_169,s2_164_318,s3_80_160,s3_4_5
5412,s2_885_1695,s2_n103_99,s4_n40_7,s1_below_4282,s6_6_up,s2_2001_2003,s2_760_2075,s4_37_47,Passenger Car,s2_11_28,Not Deployed,s2_97_208,s1_below_1,Male,s5_114_130,s3_141_159,s2_164_318,s5_220_260,s2_2_4
5413,s3_1695_2555,s2_n103_99,s4_n40_7,s1_below_4282,s4_4_5,s5_2007_2009,s2_760_2075,s3_17_37,Truck (<=10000 lbs.),s4_48_64,Not Deployed,s2_97_208,s1_below_1,Male,s2_37_80,s4_159_169,s2_164_318,s3_80_160,s3_4_5
5414,s3_1695_2555,s2_n103_99,s4_n40_7,s1_below_4282,s1_below_2,s3_2003_2005,s2_760_2075,s3_17_37,Truck (<=6000 lbs.),s4_48_64,Not Deployed,s2_97_208,s1_below_1,Male,s4_96_114,s4_159_169,s2_164_318,s2_40_80,s2_2_4
5415,s2_885_1695,s2_n103_99,s4_n40_7,s1_below_4282,s4_4_5,s4_2005_2007,s2_760_2075,s6_57_up,Truck (<=6000 lbs.),s3_28_48,Deployed,s2_97_208,s1_below_1,Male,s2_37_80,s3_141_159,s2_164_318,s3_80_160,s2_2_4
5416,s2_885_1695,s2_n103_99,s5_7_up,s1_below_4282,s3_3_4,s4_2005_2007,s2_760_2075,s6_57_up,Passenger Car,s2_11_28,Not Deployed,s2_97_208,s1_below_1,Male,s2_37_80,s3_141_159,s2_164_318,s6_260_up,s2_2_4
5417,s2_885_1695,s2_n103_99,s5_7_up,s1_below_4282,s5_5_6,s2_2001_2003,s2_760_2075,s6_57_up,Passenger Car,s2_11_28,Not Deployed,s2_97_208,s2_1_2,Female,s2_37_80,s3_141_159,s2_164_318,s6_260_up,s2_2_4
5418,s3_1695_2555,s2_n103_99,s3_n81_n40,s1_below_4282,s4_4_5,s3_2003_2005,s2_760_2075,s3_17_37,Truck (<=10000 lbs.),s3_28_48,Deployed,s2_97_208,s1_below_1,Male,s2_37_80,s5_169_179,s3_318_464,s3_80_160,s4_5_6
5419,s2_885_1695,s2_n103_99,s4_n40_7,s1_below_4282,s4_4_5,s3_2003_2005,s2_760_2075,s3_17_37,Passenger Car,s2_11_28,Deployed,s2_97_208,s1_below_1,Male,s2_37_80,s3_141_159,s2_164_318,s3_80_160,s2_2_4
5420,s2_885_1695,s2_n103_99,s5_7_up,s1_below_4282,s5_5_6,s1_below_2001,s3_2075_3730,s6_57_up,Passenger Car,s2_11_28,Not Deployed,s2_97_208,s1_below_1,Male,s3_80_96,s3_141_159,s2_164_318,s6_260_up,s2_2_4
5421,s3_1695_2555,s2_n103_99,s4_n40_7,s1_below_4282,s2_2_3,s3_2003_2005,s2_760_2075,s3_17_37,Passenger Car,s2_11_28,Deployed,s2_97_208,s1_below_1,Male,s2_37_80,s3_141_159,s2_164_318,s3_80_160,s2_2_4
5422,s2_885_1695,s2_n103_99,s4_n40_7,s1_below_4282,s6_6_up,s4_2005_2007,s2_760_2075,s3_17_37,Passenger Car,s2_11_28,Not Deployed,s2_97_208,s1_below_1,Female,s2_37_80,s3_141_159,s2_164_318,s4_160_220,s2_2_4
5423,s2_885_1695,s2_n103_99,s4_n40_7,s1_below_4282,s4_4_5,s3_2003_2005,s2_760_2075,s3_17_37,Truck (<=6000 lbs.),s3_28_48,Not Deployed,s2_97_208,s1_below_1,Male,s2_37_80,s3_141_159,s2_164_318,s3_80_160,s2_2_4
5424,s2_885_1695,s2_n103_99,s4_n40_7,s1_below_4282,s4_4_5,s1_below_2001,s3_2075_3730,s3_17_37,Passenger Car,s2_11_28,Deployed,s2_97_208,s1_below_1,Female,s2_37_80,s3_141_159,s2_164_318,s3_80_160,s2_2_4
5425,s2_885_1695,s2_n103_99,s4_n40_7,s1_below_4282,s6_6_up,s4_2005_2007,s2_760_2075,s4_37_47,Passenger Car,s3_28_48,Deployed,s2_97_208,s1_below_1,Female,s2_37_80,s3_141_159,s2_164_318,s4_160_220,s2_2_4
5426,s2_885_1695,s2_n103_99,s4_n40_7,s1_below_4282,s6_6_up,s2_2001_2003,s3_2075_3730,s4_37_47,Passenger Car,s6_76_up,Deployed,s2_97_208,s3_2_3,Male,s3_80_96,s3_141_159,s2_164_318,s3_80_160,s2_2_4
5427,s2_885_1695,s2_n103_99,s3_n81_n40,s1_below_4282,s1_below_2,s1_below_2001,s2_760_2075,s3_17_37,Truck (<=6000 lbs.),s2_11_28,Deployed,s2_97_208,s1_below_1,Male,s3_80_96,s3_141_159,s2_164_318,s3_80_160,s2_2_4
5428,s2_885_1695,s2_n103_99,s5_7_up,s1_below_4282,s4_4_5,s5_2007_2009,s2_760_2075,s3_17_37,Passenger Car,s3_28_48,Not Deployed,s2_97_208,s1_below_1,Female,s2_37_80,s3_141_159,s2_164_318,s6_260_up,s2_2_4
5429,s3_1695_2555,s2_n103_99,s4_n40_7,s1_below_4282,s4_4_5,s5_2007_2009,s2_760_2075,s3_17_37,Truck (<=10000 lbs.),s3_28_48,Not Deployed,s2_97_208,s1_below_1,Female,s2_37_80,s3_141_159,s2_164_318,s3_80_160,s2_2_4
5430,s4_2555_3715,s2_n103_99,s4_n40_7,s1_below_4282,s6_6_up,s3_2003_2005,s3_2075_3730,s4_37_47,Truck (<=10000 lbs.),s4_48_64,Not Deployed,s2_97_208,s1_below_1,Male,s4_96_114,s5_169_179,s2_164_318,s3_80_160,s4_5_6
5431,s2_885_1695,s2_n103_99,s4_n40_7,s1_below_4282,s2_2_3,s3_2003_2005,s3_2075_3730,s3_17_37,Passenger Car,s2_11_28,Not Deployed,s2_97_208,s1_below_1,Male,s4_96_114,s3_141_159,s2_164_318,s3_80_160,s2_2_4
5432,s2_885_1695,s2_n103_99,s4_n40_7,s1_below_4282,s4_4_5,s4_2005_2007,s2_760_2075,s6_57_up,Passenger Car,s4_48_64,Not Deployed,s2_97_208,s1_below_1,Male,s2_37_80,s3_141_159,s2_164_318,s3_80_160,s2_2_4
5433,s2_885_1695,s2_n103_99,s5_7_up,s1_below_4282,s4_4_5,s5_2007_2009,s2_760_2075,s6_57_up,Passenger Car,s2_11_28,Not Deployed,s2_97_208,s1_below_1,Male,s2_37_80,s3_141_159,s2_164_318,s6_260_up,s2_2_4
5434,s4_2555_3715,s2_n103_99,s3_n81_n40,s1_below_4282,s4_4_5,s4_2005_2007,s2_760_2075,s4_37_47,Truck (<=10000 lbs.),s3_28_48,Deployed,s2_97_208,s3_2_3,Female,s2_37_80,s4_159_169,s2_164_318,s3_80_160,s3_4_5
5435,s3_1695_2555,s2_n103_99,s3_n81_n40,s1_below_4282,s6_6_up,s3_2003_2005,s3_2075_3730,s3_17_37,Truck (<=6000 lbs.),s2_11_28,Deployed,s2_97_208,s2_1_2,Male,s3_80_96,s4_159_169,s2_164_318,s3_80_160,s2_2_4
5436,s2_885_1695,s2_n103_99,s4_n40_7,s1_below_4282,s4_4_5,s4_2005_2007,s2_760_2075,s3_17_37,Passenger Car,s5_64_76,Deployed,s2_97_208,s1_below_1,Female,s2_37_80,s3_141_159,s2_164_318,s3_80_160,s2_2_4
5437,s2_885_1695,s2_n103_99,s4_n40_7,s1_below_4282,s4_4_5,s3_2003_2005,s2_760_2075,s3_17_37,Passenger Car,s2_11_28,Deployed,s2_97_208,s1_below_1,Female,s2_37_80,s3_141_159,s2_164_318,s3_80_160,s2_2_4
5438,s2_885_1695,s2_n103_99,s4_n40_7,s1_below_4282,s3_3_4,s3_2003_2005,s2_760_2075,s3_17_37,Passenger Car,s3_28_48,Deployed,s2_97_208,s3_2_3,Female,s2_37_80,s3_141_159,s2_164_318,s3_80_160,s2_2_4
5439,s3_1695_2555,s2_n103_99,s4_n40_7,s1_below_4282,s3_3_4,s4_2005_2007,s2_760_2075,s3_17_37,Truck (<=6000 lbs.),s4_48_64,Deployed,s2_97_208,s1_below_1,Male,s3_80_96,s3_141_159,s2_164_318,s3_80_160,s2_2_4
5440,s3_1695_2555,s2_n103_99,s4_n40_7,s1_below_4282,s4_4_5,s4_2005_2007,s2_760_2075,s3_17_37,Truck (<=6000 lbs.),s2_11_28,Not Deployed,s2_97_208,s1_below_1,Female,s3_80_96,s3_141_159,s2_164_318,s3_80_160,s2_2_4
5441,s3_1695_2555,s2_n103_99,s4_n40_7,s1_below_4282,s6_6_up,s2_2001_2003,s2_760_2075,s3_17_37,Truck (<=10000 lbs.),s3_28_48,Not Deployed,s2_97_208,s1_below_1,Male,s3_80_96,s3_141_159,s3_318_464,s3_80_160,s3_4_5
5442,s3_1695_2555,s2_n103_99,s4_n40_7,s1_below_4282,s6_6_up,s1_below_2001,s2_760_2075,s3_17_37,Truck (<=6000 lbs.),s3_28_48,Deployed,s2_97_208,s1_below_1,Male,s3_80_96,s4_159_169,s2_164_318,s3_80_160,s2_2_4
5443,s3_1695_2555,s2_n103_99,s4_n40_7,s1_below_4282,s4_4_5,s5_2007_2009,s2_760_2075,s3_17_37,Truck (<=6000 lbs.),s3_28_48,Deployed,s2_97_208,s1_below_1,Male,s2_37_80,s4_159_169,s2_164_318,s3_80_160,s2_2_4
5444,s2_885_1695,s2_n103_99,s4_n40_7,s1_below_4282,s6_6_up,s4_2005_2007,s2_760_2075,s3_17_37,Passenger Car,s2_11_28,Not Deployed,s2_97_208,s1_below_1,Female,s2_37_80,s3_141_159,s2_164_318,s2_40_80,s2_2_4
5445,s2_885_1695,s2_n103_99,s4_n40_7,s1_below_4282,s1_below_2,s4_2005_2007,s2_760_2075,s3_17_37,Passenger Car,s6_76_up,Deployed,s2_97_208,s3_2_3,Male,s2_37_80,s3_141_159,s2_164_318,s2_40_80,s2_2_4
5446,s2_885_1695,s2_n103_99,s4_n40_7,s1_below_4282,s4_4_5,s3_2003_2005,s2_760_2075,s3_17_37,Passenger Car,s2_11_28,Deployed,s2_97_208,s3_2_3,Male,s2_37_80,s3_141_159,s2_164_318,s2_40_80,s2_2_4
5447,s2_885_1695,s2_n103_99,s3_n81_n40,s1_below_4282,s6_6_up,s2_2001_2003,s2_760_2075,s3_17_37,Passenger Car,s3_28_48,Deployed,s2_97_208,s1_below_1,Male,s2_37_80,s3_141_159,s2_164_318,s3_80_160,s2_2_4
5448,s2_885_1695,s2_n103_99,s5_7_up,s1_below_4282,s1_below_2,s1_below_2001,s2_760_2075,s3_17_37,Passenger Car,s2_11_28,Deployed,s2_97_208,s1_below_1,Female,s2_37_80,s3_141_159,s2_164_318,s6_260_up,s2_2_4
5449,s4_2555_3715,s2_n103_99,s4_n40_7,s1_below_4282,s2_2_3,s4_2005_2007,s2_760_2075,s3_17_37,Truck (<=10000 lbs.),s3_28_48,Deployed,s2_97_208,s1_below_1,Female,s2_37_80,s4_159_169,s2_164_318,s3_80_160,s3_4_5
5450,s2_885_1695,s2_n103_99,s4_n40_7,s1_below_4282,s1_below_2,s1_below_2001,s2_760_2075,s4_37_47,Passenger Car,s2_11_28,Deployed,s2_97_208,s1_below_1,Female,s2_37_80,s3_141_159,s2_164_318,s4_160_220,s2_2_4
5451,s2_885_1695,s2_n103_99,s4_n40_7,s1_below_4282,s2_2_3,s1_below_2001,s2_760_2075,s3_17_37,Passenger Car,s2_11_28,Deployed,s2_97_208,s1_below_1,Female,s2_37_80,s3_141_159,s2_164_318,s3_80_160,s2_2_4
5452,s2_885_1695,s2_n103_99,s3_n81_n40,s1_below_4282,s3_3_4,s1_below_2001,s2_760_2075,s3_17_37,Passenger Car,s2_11_28,Deployed,s2_97_208,s1_below_1,Male,s2_37_80,s3_141_159,s2_164_318,s3_80_160,s2_2_4
5453,s2_885_1695,s2_n103_99,s5_7_up,s1_below_4282,s4_4_5,s1_below_2001,s3_2075_3730,s6_57_up,Passenger Car,s3_28_48,Not Deployed,s2_97_208,s1_below_1,Female,s3_80_96,s3_141_159,s2_164_318,s6_260_up,s2_2_4
5454,s2_885_1695,s2_n103_99,s4_n40_7,s1_below_4282,s1_below_2,s4_2005_2007,s2_760_2075,s3_17_37,Truck (<=6000 lbs.),s3_28_48,Deployed,s2_97_208,s1_below_1,Male,s3_80_96,s3_141_159,s2_164_318,s3_80_160,s2_2_4
5455,s2_885_1695,s2_n103_99,s4_n40_7,s1_below_4282,s5_5_6,s5_2007_2009,s2_760_2075,s4_37_47,Passenger Car,s6_76_up,Deployed,s2_97_208,s2_1_2,Male,s3_80_96,s3_141_159,s2_164_318,s3_80_160,s2_2_4
5456,s2_885_1695,s2_n103_99,s5_7_up,s1_below_4282,s5_5_6,s3_2003_2005,s2_760_2075,s4_37_47,Passenger Car,s4_48_64,Not Deployed,s2_97_208,s1_below_1,Male,s2_37_80,s3_141_159,s2_164_318,s6_260_up,s2_2_4
5457,s2_885_1695,s2_n103_99,s4_n40_7,s1_below_4282,s1_below_2,s2_2001_2003,s2_760_2075,s3_17_37,Passenger Car,s2_11_28,Deployed,s2_97_208,s1_below_1,Female,s2_37_80,s3_141_159,s2_164_318,s3_80_160,s2_2_4
5458,s2_885_1695,s2_n103_99,s4_n40_7,s1_below_4282,s1_below_2,s3_2003_2005,s2_760_2075,s3_17_37,Passenger Car,s3_28_48,Not Deployed,s2_97_208,s1_below_1,Female,s2_37_80,s3_141_159,s2_164_318,s2_40_80,s2_2_4
5459,s3_1695_2555,s2_n103_99,s5_7_up,s1_below_4282,s4_4_5,s4_2005_2007,s3_2075_3730,s6_57_up,Passenger Car,s2_11_28,Not Deployed,s2_97_208,s1_below_1,Male,s4_96_114,s4_159_169,s2_164_318,s6_260_up,s2_2_4
5460,s2_885_1695,s2_n103_99,s4_n40_7,s1_below_4282,s2_2_3,s4_2005_2007,s2_760_2075,s3_17_37,Passenger Car,s4_48_64,Not Deployed,s2_97_208,s1_below_1,Female,s2_37_80,s3_141_159,s2_164_318,s3_80_160,s2_2_4
5461,s2_885_1695,s2_n103_99,s4_n40_7,s1_below_4282,s3_3_4,s4_2005_2007,s2_760_2075,s3_17_37,Passenger Car,s4_48_64,Not Deployed,s2_97_208,s1_below_1,Female,s2_37_80,s3_141_159,s2_164_318,s4_160_220,s2_2_4
5462,s3_1695_2555,s2_n103_99,s3_n81_n40,s1_below_4282,s4_4_5,s3_2003_2005,s2_760_2075,s4_37_47,Truck (<=10000 lbs.),s2_11_28,Deployed,s2_97_208,s1_below_1,Male,s3_80_96,s3_141_159,s2_164_318,s3_80_160,s2_2_4
5463,s2_885_1695,s2_n103_99,s3_n81_n40,s1_below_4282,s4_4_5,s3_2003_2005,s2_760_2075,s4_37_47,Passenger Car,s4_48_64,Deployed,s2_97_208,s1_below_1,Male,s3_80_96,s3_141_159,s2_164_318,s3_80_160,s2_2_4
5464,s2_885_1695,s2_n103_99,s4_n40_7,s1_below_4282,s2_2_3,s5_2007_2009,s2_760_2075,s3_17_37,Passenger Car,s3_28_48,Not Deployed,s2_97_208,s1_below_1,Male,s2_37_80,s3_141_159,s2_164_318,s4_160_220,s2_2_4
5465,s3_1695_2555,s2_n103_99,s4_n40_7,s1_below_4282,s3_3_4,s1_below_2001,s2_760_2075,s3_17_37,Truck (<=6000 lbs.),s2_11_28,Deployed,s2_97_208,s1_below_1,Female,s2_37_80,s3_141_159,s2_164_318,s3_80_160,s2_2_4
5466,s3_1695_2555,s2_n103_99,s4_n40_7,s1_below_4282,s1_below_2,s2_2001_2003,s2_760_2075,s3_17_37,Truck (<=6000 lbs.),s6_76_up,Deployed,s2_97_208,s3_2_3,Female,s2_37_80,s4_159_169,s2_164_318,s3_80_160,s3_4_5
5467,s2_885_1695,s2_n103_99,s4_n40_7,s1_below_4282,s1_below_2,s3_2003_2005,s2_760_2075,s3_17_37,Passenger Car,s2_11_28,Deployed,s2_97_208,s1_below_1,Male,s3_80_96,s3_141_159,s2_164_318,s3_80_160,s2_2_4
5468,s3_1695_2555,s2_n103_99,s4_n40_7,s1_below_4282,s1_below_2,s5_2007_2009,s2_760_2075,s3_17_37,Truck (<=6000 lbs.),s3_28_48,Deployed,s2_97_208,s1_below_1,Female,s3_80_96,s3_141_159,s2_164_318,s4_160_220,s2_2_4
5469,s2_885_1695,s2_n103_99,s4_n40_7,s1_below_4282,s4_4_5,s2_2001_2003,s2_760_2075,s3_17_37,Passenger Car,s3_28_48,Not Deployed,s2_97_208,s1_below_1,Female,s2_37_80,s3_141_159,s2_164_318,s3_80_160,s2_2_4
5470,s4_2555_3715,s2_n103_99,s4_n40_7,s1_below_4282,s2_2_3,s2_2001_2003,s2_760_2075,s4_37_47,Truck (<=10000 lbs.),s3_28_48,Not Deployed,s2_97_208,s1_below_1,Male,s5_114_130,s5_169_179,s3_318_464,s3_80_160,s5_6_7
5471,s2_885_1695,s2_n103_99,s4_n40_7,s1_below_4282,s1_below_2,s4_2005_2007,s2_760_2075,s4_37_47,Truck (<=6000 lbs.),s2_11_28,Deployed,s2_97_208,s1_below_1,Male,s3_80_96,s3_141_159,s2_164_318,s3_80_160,s2_2_4
5472,s2_885_1695,s2_n103_99,s5_7_up,s1_below_4282,s1_below_2,s2_2001_2003,s2_760_2075,s4_37_47,Passenger Car,s4_48_64,Not Deployed,s2_97_208,s1_below_1,Female,s2_37_80,s3_141_159,s2_164_318,s6_260_up,s2_2_4
5473,s2_885_1695,s2_n103_99,s4_n40_7,s1_below_4282,s3_3_4,s2_2001_2003,s3_2075_3730,s6_57_up,Passenger Car,s4_48_64,Not Deployed,s2_97_208,s1_below_1,Male,s4_96_114,s3_141_159,s2_164_318,s3_80_160,s2_2_4
5474,s2_885_1695,s2_n103_99,s4_n40_7,s1_below_4282,s1_below_2,s4_2005_2007,s2_760_2075,s3_17_37,Passenger Car,s3_28_48,Not Deployed,s2_97_208,s1_below_1,Female,s2_37_80,s3_141_159,s2_164_318,s3_80_160,s2_2_4
5475,s2_885_1695,s2_n103_99,s4_n40_7,s2_4282_6970,s3_3_4,s3_2003_2005,s2_760_2075,s4_37_47,Passenger Car,s2_11_28,Not Deployed,s2_97_208,s6_5_up,Male,s3_80_96,s3_141_159,s2_164_318,s5_220_260,s2_2_4
5476,s2_885_1695,s2_n103_99,s4_n40_7,s1_below_4282,s5_5_6,s4_2005_2007,s2_760_2075,s3_17_37,Passenger Car,s2_11_28,Not Deployed,s2_97_208,s1_below_1,Female,s3_80_96,s3_141_159,s2_164_318,s3_80_160,s2_2_4
5477,s4_2555_3715,s2_n103_99,s4_n40_7,s1_below_4282,s5_5_6,s3_2003_2005,s2_760_2075,s3_17_37,Truck (<=10000 lbs.),s3_28_48,Not Deployed,s2_97_208,s1_below_1,Male,s4_96_114,s4_159_169,s3_318_464,s3_80_160,s4_5_6
5478,s2_885_1695,s2_n103_99,s4_n40_7,s1_below_4282,s3_3_4,s5_2007_2009,s2_760_2075,s3_17_37,Passenger Car,s3_28_48,Deployed,s2_97_208,s1_below_1,Male,s3_80_96,s3_141_159,s2_164_318,s3_80_160,s2_2_4
5479,s2_885_1695,s2_n103_99,s4_n40_7,s1_below_4282,s4_4_5,s5_2007_2009,s2_760_2075,s3_17_37,Passenger Car,s5_64_76,Deployed,s2_97_208,s1_below_1,Female,s2_37_80,s4_159_169,s2_164_318,s3_80_160,s2_2_4
5480,s2_885_1695,s2_n103_99,s4_n40_7,s1_below_4282,s1_below_2,s3_2003_2005,s2_760_2075,s4_37_47,Truck (<=6000 lbs.),s2_11_28,Not Deployed,s2_97_208,s1_below_1,Female,s3_80_96,s3_141_159,s2_164_318,s4_160_220,s2_2_4
5481,s2_885_1695,s2_n103_99,s4_n40_7,s1_below_4282,s2_2_3,s5_2007_2009,s2_760_2075,s4_37_47,Passenger Car,s2_11_28,Deployed,s2_97_208,s1_below_1,Male,s3_80_96,s3_141_159,s2_164_318,s3_80_160,s2_2_4
5482,s2_885_1695,s2_n103_99,s4_n40_7,s1_below_4282,s3_3_4,s4_2005_2007,s2_760_2075,s4_37_47,Truck (<=6000 lbs.),s2_11_28,Not Deployed,s2_97_208,s1_below_1,Male,s2_37_80,s3_141_159,s2_164_318,s4_160_220,s2_2_4
5483,s4_2555_3715,s2_n103_99,s4_n40_7,s1_below_4282,s2_2_3,s4_2005_2007,s3_2075_3730,s3_17_37,Truck (<=10000 lbs.),s2_11_28,Not Deployed,s2_97_208,s1_below_1,Male,s4_96_114,s5_169_179,s3_318_464,s3_80_160,s5_6_7
5484,s4_2555_3715,s2_n103_99,s4_n40_7,s1_below_4282,s1_below_2,s2_2001_2003,s2_760_2075,s3_17_37,Truck (<=10000 lbs.),s5_64_76,Not Deployed,s2_97_208,s1_below_1,Male,s2_37_80,s5_169_179,s3_318_464,s3_80_160,s5_6_7
5485,s2_885_1695,s2_n103_99,s4_n40_7,s1_below_4282,s1_below_2,s2_2001_2003,s2_760_2075,s3_17_37,Passenger Car,s2_11_28,Not Deployed,s2_97_208,s1_below_1,Female,s3_80_96,s3_141_159,s2_164_318,s3_80_160,s2_2_4
5486,s2_885_1695,s2_n103_99,s3_n81_n40,s1_below_4282,s2_2_3,s4_2005_2007,s2_760_2075,s3_17_37,Passenger Car,s6_76_up,Deployed,s2_97_208,s2_1_2,Male,s2_37_80,s3_141_159,s2_164_318,s3_80_160,s2_2_4
5487,s2_885_1695,s2_n103_99,s4_n40_7,s1_below_4282,s4_4_5,s1_below_2001,s2_760_2075,s3_17_37,Passenger Car,s4_48_64,Not Deployed,s2_97_208,s1_below_1,Female,s2_37_80,s3_141_159,s2_164_318,s3_80_160,s2_2_4
5488,s2_885_1695,s2_n103_99,s4_n40_7,s1_below_4282,s1_below_2,s3_2003_2005,s2_760_2075,s3_17_37,Passenger Car,s2_11_28,Deployed,s2_97_208,s1_below_1,Male,s2_37_80,s3_141_159,s2_164_318,s3_80_160,s2_2_4
5489,s2_885_1695,s2_n103_99,s5_7_up,s1_below_4282,s4_4_5,s4_2005_2007,s2_760_2075,s6_57_up,Passenger Car,s2_11_28,Not Deployed,s2_97_208,s1_below_1,Male,s2_37_80,s3_141_159,s2_164_318,s6_260_up,s2_2_4
5490,s2_885_1695,s2_n103_99,s5_7_up,s1_below_4282,s5_5_6,s2_2001_2003,s2_760_2075,s6_57_up,Passenger Car,s2_11_28,Deployed,s2_97_208,s1_below_1,Female,s3_80_96,s3_141_159,s2_164_318,s6_260_up,s2_2_4
5491,s3_1695_2555,s2_n103_99,s4_n40_7,s1_below_4282,s2_2_3,s1_below_2001,s2_760_2075,s3_17_37,Truck (<=10000 lbs.),s3_28_48,Not Deployed,s2_97_208,s1_below_1,Male,s4_96_114,s4_159_169,s3_318_464,s3_80_160,s4_5_6
5492,s2_885_1695,s2_n103_99,s4_n40_7,s1_below_4282,s3_3_4,s1_below_2001,s2_760_2075,s6_57_up,Passenger Car,s2_11_28,Deployed,s2_97_208,s1_below_1,Female,s2_37_80,s3_141_159,s2_164_318,s3_80_160,s2_2_4
5493,s2_885_1695,s2_n103_99,s4_n40_7,s1_below_4282,s2_2_3,s4_2005_2007,s2_760_2075,s3_17_37,Passenger Car,s2_11_28,Not Deployed,s2_97_208,s1_below_1,Female,s2_37_80,s3_141_159,s2_164_318,s5_220_260,s2_2_4
5494,s2_885_1695,s2_n103_99,s3_n81_n40,s1_below_4282,s4_4_5,s1_below_2001,s2_760_2075,s6_57_up,Passenger Car,s3_28_48,Deployed,s2_97_208,s3_2_3,Female,s4_96_114,s3_141_159,s2_164_318,s3_80_160,s2_2_4
5495,s3_1695_2555,s2_n103_99,s4_n40_7,s1_below_4282,s1_below_2,s2_2001_2003,s2_760_2075,s4_37_47,Truck (<=10000 lbs.),s4_48_64,Deployed,s2_97_208,s1_below_1,Male,s4_96_114,s4_159_169,s3_318_464,s3_80_160,s5_6_7
5496,s3_1695_2555,s2_n103_99,s2_n112_n81,s1_below_4282,s2_2_3,s1_below_2001,s2_760_2075,s6_57_up,Passenger Car,s4_48_64,Deployed,s2_97_208,s4_3_4,Female,s2_37_80,s3_141_159,s2_164_318,s3_80_160,s2_2_4
5497,s2_885_1695,s2_n103_99,s1_below_n112,s1_below_4282,s2_2_3,s4_2005_2007,s2_760_2075,s6_57_up,Passenger Car,s2_11_28,Deployed,s2_97_208,s4_3_4,Female,s2_37_80,s3_141_159,s2_164_318,s3_80_160,s2_2_4
5498,s2_885_1695,s2_n103_99,s5_7_up,s1_below_4282,s5_5_6,s3_2003_2005,s2_760_2075,s3_17_37,Passenger Car,s2_11_28,Not Deployed,s2_97_208,s2_1_2,Male,s2_37_80,s3_141_159,s2_164_318,s6_260_up,s2_2_4
5499,s3_1695_2555,s2_n103_99,s4_n40_7,s1_below_4282,s1_below_2,s2_2001_2003,s3_2075_3730,s3_17_37,Truck (<=6000 lbs.),s3_28_48,Deployed,s2_97_208,s1_below_1,Female,s6_130_up,s4_159_169,s2_164_318,s3_80_160,s3_4_5
5500,s2_885_1695,s2_n103_99,s5_7_up,s1_below_4282,s1_below_2,s1_below_2001,s2_760_2075,s3_17_37,Truck (<=6000 lbs.),s3_28_48,Not Deployed,s2_97_208,s1_below_1,Female,s2_37_80,s5_169_179,s2_164_318,s6_260_up,s2_2_4
5501,s3_1695_2555,s2_n103_99,s3_n81_n40,s1_below_4282,s6_6_up,s2_2001_2003,s2_760_2075,s3_17_37,Truck (<=6000 lbs.),s3_28_48,Deployed,s2_97_208,s4_3_4,Male,s3_80_96,s3_141_159,s2_164_318,s3_80_160,s2_2_4
5502,s2_885_1695,s2_n103_99,s3_n81_n40,s1_below_4282,s6_6_up,s4_2005_2007,s2_760_2075,s3_17_37,Truck (<=6000 lbs.),s5_64_76,Deployed,s2_97_208,s4_3_4,Female,s5_114_130,s3_141_159,s2_164_318,s3_80_160,s2_2_4
5503,s2_885_1695,s2_n103_99,s4_n40_7,s1_below_4282,s4_4_5,s3_2003_2005,s2_760_2075,s3_17_37,Passenger Car,s3_28_48,Not Deployed,s2_97_208,s1_below_1,Male,s3_80_96,s3_141_159,s2_164_318,s4_160_220,s2_2_4
5504,s3_1695_2555,s2_n103_99,s3_n81_n40,s1_below_4282,s1_below_2,s1_below_2001,s2_760_2075,s3_17_37,Passenger Car,s4_48_64,Deployed,s2_97_208,s1_below_1,Male,s3_80_96,s3_141_159,s2_164_318,s3_80_160,s2_2_4
5505,s3_1695_2555,s2_n103_99,s4_n40_7,s1_below_4282,s6_6_up,s4_2005_2007,s2_760_2075,s4_37_47,Truck (<=10000 lbs.),s4_48_64,Deployed,s2_97_208,s1_below_1,Male,s3_80_96,s3_141_159,s2_164_318,s3_80_160,s2_2_4
5506,s4_2555_3715,s2_n103_99,s4_n40_7,s1_below_4282,s3_3_4,s3_2003_2005,s3_2075_3730,s3_17_37,Truck (<=10000 lbs.),s3_28_48,Deployed,s2_97_208,s1_below_1,Female,s2_37_80,s5_169_179,s2_164_318,s3_80_160,s3_4_5
5507,s3_1695_2555,s2_n103_99,s4_n40_7,s1_below_4282,s2_2_3,s3_2003_2005,s2_760_2075,s3_17_37,Truck (<=6000 lbs.),s4_48_64,Not Deployed,s2_97_208,s1_below_1,Female,s2_37_80,s3_141_159,s2_164_318,s4_160_220,s2_2_4
5508,s2_885_1695,s2_n103_99,s4_n40_7,s1_below_4282,s5_5_6,s5_2007_2009,s2_760_2075,s3_17_37,Passenger Car,s3_28_48,Deployed,s2_97_208,s2_1_2,Female,s3_80_96,s3_141_159,s2_164_318,s2_40_80,s2_2_4
5509,s3_1695_2555,s2_n103_99,s5_7_up,s1_below_4282,s1_below_2,s2_2001_2003,s2_760_2075,s3_17_37,Truck (<=10000 lbs.),s2_11_28,Not Deployed,s2_97_208,s1_below_1,Male,s3_80_96,s3_141_159,s2_164_318,s6_260_up,s2_2_4
5510,s2_885_1695,s2_n103_99,s4_n40_7,s1_below_4282,s6_6_up,s3_2003_2005,s3_2075_3730,s3_17_37,Passenger Car,s2_11_28,Not Deployed,s2_97_208,s1_below_1,Male,s2_37_80,s3_141_159,s2_164_318,s2_40_80,s2_2_4
5511,s2_885_1695,s2_n103_99,s4_n40_7,s1_below_4282,s1_below_2,s3_2003_2005,s2_760_2075,s3_17_37,Truck (<=6000 lbs.),s4_48_64,Not Deployed,s2_97_208,s1_below_1,Male,s3_80_96,s3_141_159,s2_164_318,s3_80_160,s2_2_4
5512,s2_885_1695,s2_n103_99,s4_n40_7,s1_below_4282,s1_below_2,s1_below_2001,s2_760_2075,s3_17_37,Passenger Car,s6_76_up,Deployed,s2_97_208,s3_2_3,Male,s2_37_80,s3_141_159,s2_164_318,s3_80_160,s2_2_4
5513,s3_1695_2555,s2_n103_99,s4_n40_7,s1_below_4282,s1_below_2,s3_2003_2005,s2_760_2075,s3_17_37,Truck (<=6000 lbs.),s3_28_48,Not Deployed,s2_97_208,s1_below_1,Female,s2_37_80,s4_159_169,s2_164_318,s4_160_220,s3_4_5
5514,s2_885_1695,s2_n103_99,s4_n40_7,s1_below_4282,s1_below_2,s4_2005_2007,s2_760_2075,s3_17_37,Passenger Car,s5_64_76,Deployed,s2_97_208,s2_1_2,Female,s2_37_80,s3_141_159,s2_164_318,s3_80_160,s2_2_4
5515,s2_885_1695,s2_n103_99,s4_n40_7,s1_below_4282,s2_2_3,s2_2001_2003,s2_760_2075,s6_57_up,Passenger Car,s4_48_64,Not Deployed,s2_97_208,s1_below_1,Male,s2_37_80,s3_141_159,s2_164_318,s3_80_160,s2_2_4
5516,s2_885_1695,s2_n103_99,s4_n40_7,s1_below_4282,s1_below_2,s3_2003_2005,s2_760_2075,s3_17_37,Passenger Car,s2_11_28,Deployed,s2_97_208,s2_1_2,Male,s2_37_80,s3_141_159,s2_164_318,s3_80_160,s2_2_4
5517,s3_1695_2555,s2_n103_99,s4_n40_7,s1_below_4282,s1_below_2,s4_2005_2007,s2_760_2075,s3_17_37,Truck (<=6000 lbs.),s3_28_48,Deployed,s2_97_208,s1_below_1,Male,s3_80_96,s5_169_179,s2_164_318,s3_80_160,s2_2_4
5518,s2_885_1695,s2_n103_99,s4_n40_7,s1_below_4282,s1_below_2,s1_below_2001,s3_2075_3730,s3_17_37,Passenger Car,s3_28_48,Deployed,s2_97_208,s1_below_1,Female,s2_37_80,s3_141_159,s2_164_318,s3_80_160,s2_2_4
5519,s2_885_1695,s2_n103_99,s4_n40_7,s1_below_4282,s4_4_5,s2_2001_2003,s3_2075_3730,s3_17_37,Passenger Car,s2_11_28,Not Deployed,s2_97_208,s1_below_1,Female,s2_37_80,s3_141_159,s2_164_318,s3_80_160,s2_2_4
5520,s3_1695_2555,s2_n103_99,s4_n40_7,s1_below_4282,s4_4_5,s4_2005_2007,s2_760_2075,s3_17_37,Truck (<=10000 lbs.),s2_11_28,Deployed,s2_97_208,s1_below_1,Male,s4_96_114,s5_169_179,s3_318_464,s4_160_220,s4_5_6
5521,s2_885_1695,s2_n103_99,s4_n40_7,s1_below_4282,s3_3_4,s5_2007_2009,s2_760_2075,s3_17_37,Passenger Car,s2_11_28,Deployed,s2_97_208,s1_below_1,Female,s2_37_80,s3_141_159,s2_164_318,s3_80_160,s2_2_4
5522,s3_1695_2555,s2_n103_99,s4_n40_7,s1_below_4282,s1_below_2,s3_2003_2005,s2_760_2075,s3_17_37,Passenger Car,s3_28_48,Not Deployed,s2_97_208,s1_below_1,Male,s2_37_80,s3_141_159,s2_164_318,s2_40_80,s2_2_4
5523,s3_1695_2555,s2_n103_99,s4_n40_7,s1_below_4282,s1_below_2,s3_2003_2005,s2_760_2075,s3_17_37,Truck (<=6000 lbs.),s3_28_48,Not Deployed,s2_97_208,s1_below_1,Male,s2_37_80,s4_159_169,s2_164_318,s3_80_160,s3_4_5
5524,s2_885_1695,s2_n103_99,s4_n40_7,s1_below_4282,s3_3_4,s1_below_2001,s2_760_2075,s3_17_37,Passenger Car,s4_48_64,Deployed,s2_97_208,s1_below_1,Female,s3_80_96,s3_141_159,s2_164_318,s4_160_220,s2_2_4
5525,s2_885_1695,s2_n103_99,s4_n40_7,s1_below_4282,s2_2_3,s4_2005_2007,s2_760_2075,s3_17_37,Passenger Car,s4_48_64,Deployed,s2_97_208,s1_below_1,Female,s2_37_80,s3_141_159,s2_164_318,s4_160_220,s2_2_4
5526,s3_1695_2555,s2_n103_99,s4_n40_7,s1_below_4282,s2_2_3,s3_2003_2005,s2_760_2075,s3_17_37,Truck (<=6000 lbs.),s3_28_48,Not Deployed,s2_97_208,s1_below_1,Female,s2_37_80,s3_141_159,s2_164_318,s3_80_160,s2_2_4
5527,s3_1695_2555,s2_n103_99,s4_n40_7,s1_below_4282,s2_2_3,s3_2003_2005,s2_760_2075,s3_17_37,Truck (<=6000 lbs.),s3_28_48,Deployed,s2_97_208,s1_below_1,Female,s2_37_80,s5_169_179,s2_164_318,s3_80_160,s3_4_5
5528,s2_885_1695,s2_n103_99,s4_n40_7,s1_below_4282,s2_2_3,s1_below_2001,s3_2075_3730,s5_47_57,Passenger Car,s4_48_64,Deployed,s2_97_208,s2_1_2,Female,s2_37_80,s3_141_159,s2_164_318,s3_80_160,s2_2_4
5529,s2_885_1695,s2_n103_99,s5_7_up,s1_below_4282,s1_below_2,s4_2005_2007,s2_760_2075,s3_17_37,Passenger Car,s3_28_48,Not Deployed,s2_97_208,s1_below_1,Female,s2_37_80,s3_141_159,s2_164_318,s4_160_220,s2_2_4
5530,s2_885_1695,s2_n103_99,s5_7_up,s1_below_4282,s2_2_3,s4_2005_2007,s2_760_2075,s4_37_47,Passenger Car,s4_48_64,Not Deployed,s2_97_208,s1_below_1,Male,s2_37_80,s3_141_159,s2_164_318,s6_260_up,s2_2_4
5531,s2_885_1695,s2_n103_99,s4_n40_7,s1_below_4282,s3_3_4,s3_2003_2005,s2_760_2075,s4_37_47,Passenger Car,s2_11_28,Not Deployed,s2_97_208,s1_below_1,Male,s3_80_96,s3_141_159,s2_164_318,s6_260_up,s2_2_4
5532,s2_885_1695,s2_n103_99,s4_n40_7,s1_below_4282,s2_2_3,s3_2003_2005,s2_760_2075,s3_17_37,Passenger Car,s3_28_48,Not Deployed,s2_97_208,s1_below_1,Female,s3_80_96,s3_141_159,s2_164_318,s3_80_160,s2_2_4
5533,s2_885_1695,s2_n103_99,s4_n40_7,s1_below_4282,s4_4_5,s4_2005_2007,s3_2075_3730,s6_57_up,Truck (<=6000 lbs.),s3_28_48,Not Deployed,s2_97_208,s1_below_1,Female,s3_80_96,s3_141_159,s2_164_318,s3_80_160,s2_2_4
5534,s3_1695_2555,s2_n103_99,s4_n40_7,s1_below_4282,s3_3_4,s3_2003_2005,s2_760_2075,s3_17_37,Truck (<=10000 lbs.),s4_48_64,Deployed,s2_97_208,s1_below_1,Male,s3_80_96,s4_159_169,s3_318_464,s3_80_160,s4_5_6
5535,s2_885_1695,s2_n103_99,s4_n40_7,s1_below_4282,s1_below_2,s3_2003_2005,s2_760_2075,s3_17_37,Passenger Car,s2_11_28,Not Deployed,s2_97_208,s1_below_1,Male,s2_37_80,s3_141_159,s2_164_318,s3_80_160,s2_2_4
5536,s2_885_1695,s2_n103_99,s4_n40_7,s1_below_4282,s3_3_4,s5_2007_2009,s2_760_2075,s3_17_37,Passenger Car,s5_64_76,Deployed,s2_97_208,s1_below_1,Female,s2_37_80,s3_141_159,s2_164_318,s3_80_160,s2_2_4
5537,s2_885_1695,s2_n103_99,s4_n40_7,s1_below_4282,s4_4_5,s2_2001_2003,s2_760_2075,s3_17_37,Truck (<=6000 lbs.),s3_28_48,Not Deployed,s2_97_208,s1_below_1,Female,s2_37_80,s2_116_141,s2_164_318,s3_80_160,s2_2_4
5538,s2_885_1695,s2_n103_99,s4_n40_7,s1_below_4282,s4_4_5,s4_2005_2007,s2_760_2075,s3_17_37,Passenger Car,s2_11_28,Not Deployed,s2_97_208,s1_below_1,Male,s2_37_80,s3_141_159,s2_164_318,s3_80_160,s2_2_4
5539,s2_885_1695,s2_n103_99,s4_n40_7,s1_below_4282,s5_5_6,s4_2005_2007,s2_760_2075,s3_17_37,Passenger Car,s4_48_64,Deployed,s2_97_208,s1_below_1,Female,s2_37_80,s3_141_159,s2_164_318,s3_80_160,s2_2_4
5540,s2_885_1695,s2_n103_99,s4_n40_7,s1_below_4282,s1_below_2,s4_2005_2007,s2_760_2075,s3_17_37,Passenger Car,s3_28_48,Deployed,s2_97_208,s1_below_1,Male,s2_37_80,s3_141_159,s2_164_318,s3_80_160,s2_2_4
5541,s2_885_1695,s2_n103_99,s4_n40_7,s1_below_4282,s4_4_5,s4_2005_2007,s2_760_2075,s3_17_37,Passenger Car,s4_48_64,Not Deployed,s2_97_208,s1_below_1,Male,s2_37_80,s3_141_159,s2_164_318,s3_80_160,s2_2_4
5542,s2_885_1695,s2_n103_99,s4_n40_7,s1_below_4282,s2_2_3,s1_below_2001,s2_760_2075,s3_17_37,Passenger Car,s3_28_48,Not Deployed,s2_97_208,s1_below_1,Male,s3_80_96,s3_141_159,s2_164_318,s4_160_220,s2_2_4
5543,s3_1695_2555,s2_n103_99,s4_n40_7,s1_below_4282,s5_5_6,s1_below_2001,s2_760_2075,s3_17_37,Passenger Car,s2_11_28,Not Deployed,s2_97_208,s1_below_1,Male,s2_37_80,s3_141_159,s2_164_318,s3_80_160,s2_2_4
5544,s2_885_1695,s2_n103_99,s4_n40_7,s1_below_4282,s1_below_2,s1_below_2001,s2_760_2075,s3_17_37,Passenger Car,s3_28_48,Not Deployed,s2_97_208,s1_below_1,Female,s2_37_80,s3_141_159,s2_164_318,s3_80_160,s2_2_4
5545,s3_1695_2555,s2_n103_99,s4_n40_7,s1_below_4282,s4_4_5,s5_2007_2009,s2_760_2075,s3_17_37,Truck (<=10000 lbs.),s4_48_64,Not Deployed,s2_97_208,s1_below_1,Male,s4_96_114,s5_169_179,s3_318_464,s3_80_160,s4_5_6
5546,s3_1695_2555,s2_n103_99,s4_n40_7,s1_below_4282,s3_3_4,s5_2007_2009,s2_760_2075,s3_17_37,Truck (<=6000 lbs.),s3_28_48,Deployed,s2_97_208,s1_below_1,Male,s4_96_114,s4_159_169,s2_164_318,s3_80_160,s2_2_4
5547,s2_885_1695,s2_n103_99,s4_n40_7,s1_below_4282,s3_3_4,s2_2001_2003,s2_760_2075,s4_37_47,Passenger Car,s3_28_48,Not Deployed,s2_97_208,s1_below_1,Male,s2_37_80,s3_141_159,s2_164_318,s3_80_160,s2_2_4
5548,s3_1695_2555,s2_n103_99,s4_n40_7,s1_below_4282,s1_below_2,s1_below_2001,s2_760_2075,s3_17_37,Truck (<=6000 lbs.),s4_48_64,Not Deployed,s2_97_208,s3_2_3,Male,s4_96_114,s3_141_159,s2_164_318,s3_80_160,s2_2_4
5549,s2_885_1695,s2_n103_99,s4_n40_7,s1_below_4282,s3_3_4,s5_2007_2009,s2_760_2075,s3_17_37,Passenger Car,s2_11_28,Deployed,s2_97_208,s1_below_1,Male,s4_96_114,s3_141_159,s2_164_318,s4_160_220,s2_2_4
5550,s3_1695_2555,s2_n103_99,s3_n81_n40,s1_below_4282,s1_below_2,s3_2003_2005,s2_760_2075,s3_17_37,Truck (<=10000 lbs.),s2_11_28,Deployed,s2_97_208,s3_2_3,Male,s5_114_130,s4_159_169,s3_318_464,s3_80_160,s4_5_6
5551,s2_885_1695,s2_n103_99,s4_n40_7,s1_below_4282,s5_5_6,s4_2005_2007,s2_760_2075,s3_17_37,Passenger Car,s2_11_28,Not Deployed,s2_97_208,s1_below_1,Male,s2_37_80,s3_141_159,s2_164_318,s4_160_220,s2_2_4
5552,s2_885_1695,s2_n103_99,s4_n40_7,s1_below_4282,s5_5_6,s4_2005_2007,s2_760_2075,s3_17_37,Passenger Car,s2_11_28,Not Deployed,s2_97_208,s1_below_1,Male,s3_80_96,s3_141_159,s2_164_318,s3_80_160,s2_2_4
5553,s3_1695_2555,s2_n103_99,s5_7_up,s1_below_4282,s2_2_3,s4_2005_2007,s2_760_2075,s3_17_37,Truck (<=6000 lbs.),s3_28_48,Not Deployed,s2_97_208,s1_below_1,Male,s2_37_80,s3_141_159,s2_164_318,s6_260_up,s2_2_4
5554,s2_885_1695,s2_n103_99,s4_n40_7,s1_below_4282,s3_3_4,s2_2001_2003,s2_760_2075,s3_17_37,Truck (<=6000 lbs.),s4_48_64,Not Deployed,s2_97_208,s1_below_1,Male,s2_37_80,s3_141_159,s2_164_318,s3_80_160,s2_2_4
5555,s2_885_1695,s2_n103_99,s4_n40_7,s1_below_4282,s1_below_2,s3_2003_2005,s2_760_2075,s3_17_37,Passenger Car,s4_48_64,Not Deployed,s2_97_208,s1_below_1,Female,s2_37_80,s3_141_159,s2_164_318,s2_40_80,s2_2_4
5556,s3_1695_2555,s2_n103_99,s4_n40_7,s1_below_4282,s3_3_4,s4_2005_2007,s2_760_2075,s6_57_up,Truck (<=10000 lbs.),s4_48_64,Not Deployed,s2_97_208,s1_below_1,Male,s2_37_80,s5_169_179,s3_318_464,s6_260_up,s4_5_6
5557,s2_885_1695,s2_n103_99,s4_n40_7,s1_below_4282,s1_below_2,s4_2005_2007,s2_760_2075,s3_17_37,Passenger Car,s4_48_64,Not Deployed,s2_97_208,s1_below_1,Female,s2_37_80,s3_141_159,s2_164_318,s3_80_160,s2_2_4
5558,s3_1695_2555,s2_n103_99,s4_n40_7,s1_below_4282,s1_below_2,s3_2003_2005,s2_760_2075,s3_17_37,Truck (<=6000 lbs.),s3_28_48,Not Deployed,s2_97_208,s1_below_1,Female,s2_37_80,s3_141_159,s2_164_318,s2_40_80,s2_2_4
5559,s2_885_1695,s2_n103_99,s4_n40_7,s1_below_4282,s4_4_5,s4_2005_2007,s2_760_2075,s6_57_up,Truck (<=6000 lbs.),s3_28_48,Deployed,s2_97_208,s1_below_1,Female,s2_37_80,s3_141_159,s2_164_318,s3_80_160,s2_2_4
5560,s3_1695_2555,s2_n103_99,s5_7_up,s1_below_4282,s4_4_5,s1_below_2001,s2_760_2075,s6_57_up,Truck (<=6000 lbs.),s3_28_48,Not Deployed,s2_97_208,s1_below_1,Female,s2_37_80,s3_141_159,s2_164_318,s6_260_up,s2_2_4
5561,s2_885_1695,s2_n103_99,s4_n40_7,s1_below_4282,s4_4_5,s3_2003_2005,s3_2075_3730,s3_17_37,Passenger Car,s2_11_28,Not Deployed,s2_97_208,s1_below_1,Male,s3_80_96,s3_141_159,s2_164_318,s3_80_160,s2_2_4
5562,s2_885_1695,s2_n103_99,s4_n40_7,s1_below_4282,s1_below_2,s2_2001_2003,s2_760_2075,s3_17_37,Truck (<=6000 lbs.),s2_11_28,Not Deployed,s2_97_208,s1_below_1,Female,s2_37_80,s3_141_159,s2_164_318,s2_40_80,s2_2_4
5563,s2_885_1695,s2_n103_99,s4_n40_7,s1_below_4282,s1_below_2,s5_2007_2009,s2_760_2075,s3_17_37,Passenger Car,s2_11_28,Deployed,s2_97_208,s1_below_1,Female,s2_37_80,s3_141_159,s2_164_318,s3_80_160,s2_2_4
5564,s3_1695_2555,s2_n103_99,s5_7_up,s1_below_4282,s1_below_2,s1_below_2001,s2_760_2075,s3_17_37,Truck (<=6000 lbs.),s4_48_64,Not Deployed,s2_97_208,s1_below_1,Male,s2_37_80,s3_141_159,s3_318_464,s6_260_up,s3_4_5
5565,s3_1695_2555,s2_n103_99,s4_n40_7,s1_below_4282,s1_below_2,s4_2005_2007,s2_760_2075,s3_17_37,Passenger Car,s2_11_28,Deployed,s2_97_208,s2_1_2,Male,s2_37_80,s4_159_169,s2_164_318,s3_80_160,s2_2_4
5566,s2_885_1695,s2_n103_99,s4_n40_7,s1_below_4282,s1_below_2,s4_2005_2007,s2_760_2075,s3_17_37,Truck (<=6000 lbs.),s2_11_28,Not Deployed,s2_97_208,s1_below_1,Female,s2_37_80,s3_141_159,s2_164_318,s3_80_160,s2_2_4
5567,s2_885_1695,s2_n103_99,s4_n40_7,s1_below_4282,s1_below_2,s3_2003_2005,s2_760_2075,s3_17_37,Passenger Car,s2_11_28,Not Deployed,s2_97_208,s1_below_1,Female,s2_37_80,s3_141_159,s2_164_318,s2_40_80,s2_2_4
5568,s2_885_1695,s2_n103_99,s3_n81_n40,s1_below_4282,s4_4_5,s4_2005_2007,s3_2075_3730,s4_37_47,Passenger Car,s2_11_28,Deployed,s2_97_208,s3_2_3,Female,s2_37_80,s3_141_159,s2_164_318,s3_80_160,s2_2_4
5569,s3_1695_2555,s2_n103_99,s4_n40_7,s1_below_4282,s4_4_5,s2_2001_2003,s2_760_2075,s4_37_47,Truck (<=10000 lbs.),s3_28_48,Deployed,s2_97_208,s2_1_2,Male,s2_37_80,s4_159_169,s3_318_464,s3_80_160,s4_5_6
5570,s3_1695_2555,s2_n103_99,s4_n40_7,s1_below_4282,s1_below_2,s4_2005_2007,s2_760_2075,s3_17_37,Truck (<=6000 lbs.),s3_28_48,Not Deployed,s2_97_208,s1_below_1,Male,s3_80_96,s5_169_179,s2_164_318,s3_80_160,s2_2_4
5571,s2_885_1695,s2_n103_99,s4_n40_7,s1_below_4282,s4_4_5,s4_2005_2007,s2_760_2075,s3_17_37,Passenger Car,s2_11_28,Deployed,s2_97_208,s1_below_1,Female,s2_37_80,s3_141_159,s2_164_318,s3_80_160,s2_2_4
5572,s3_1695_2555,s2_n103_99,s4_n40_7,s1_below_4282,s1_below_2,s2_2001_2003,s2_760_2075,s3_17_37,Passenger Car,s5_64_76,Not Deployed,s2_97_208,s1_below_1,Male,s3_80_96,s4_159_169,s2_164_318,s3_80_160,s2_2_4
5573,s2_885_1695,s2_n103_99,s4_n40_7,s1_below_4282,s3_3_4,s4_2005_2007,s3_2075_3730,s3_17_37,Passenger Car,s2_11_28,Not Deployed,s2_97_208,s1_below_1,Male,s3_80_96,s3_141_159,s2_164_318,s3_80_160,s2_2_4
5574,s2_885_1695,s2_n103_99,s4_n40_7,s1_below_4282,s1_below_2,s4_2005_2007,s2_760_2075,s3_17_37,Passenger Car,s3_28_48,Not Deployed,s2_97_208,s1_below_1,Female,s4_96_114,s3_141_159,s2_164_318,s3_80_160,s2_2_4
5575,s3_1695_2555,s2_n103_99,s4_n40_7,s1_below_4282,s4_4_5,s1_below_2001,s2_760_2075,s3_17_37,Truck (<=6000 lbs.),s3_28_48,Deployed,s2_97_208,s1_below_1,Female,s2_37_80,s4_159_169,s2_164_318,s3_80_160,s3_4_5
5576,s2_885_1695,s2_n103_99,s5_7_up,s1_below_4282,s2_2_3,s5_2007_2009,s2_760_2075,s3_17_37,Truck (<=6000 lbs.),s4_48_64,Not Deployed,s2_97_208,s1_below_1,Female,s2_37_80,s3_141_159,s2_164_318,s6_260_up,s2_2_4
5577,s2_885_1695,s2_n103_99,s5_7_up,s1_below_4282,s3_3_4,s2_2001_2003,s2_760_2075,s6_57_up,Passenger Car,s3_28_48,Not Deployed,s2_97_208,s1_below_1,Female,s2_37_80,s3_141_159,s2_164_318,s6_260_up,s2_2_4
5578,s2_885_1695,s2_n103_99,s4_n40_7,s1_below_4282,s3_3_4,s3_2003_2005,s2_760_2075,s3_17_37,Passenger Car,s3_28_48,Deployed,s2_97_208,s1_below_1,Male,s2_37_80,s3_141_159,s2_164_318,s3_80_160,s2_2_4
5579,s2_885_1695,s2_n103_99,s4_n40_7,s1_below_4282,s1_below_2,s3_2003_2005,s2_760_2075,s3_17_37,Passenger Car,s3_28_48,Not Deployed,s2_97_208,s1_below_1,Male,s3_80_96,s3_141_159,s2_164_318,s3_80_160,s2_2_4
5580,s2_885_1695,s2_n103_99,s4_n40_7,s1_below_4282,s1_below_2,s2_2001_2003,s2_760_2075,s3_17_37,Truck (<=6000 lbs.),s3_28_48,Deployed,s2_97_208,s1_below_1,Female,s2_37_80,s3_141_159,s2_164_318,s4_160_220,s2_2_4
5581,s2_885_1695,s2_n103_99,s5_7_up,s1_below_4282,s2_2_3,s5_2007_2009,s2_760_2075,s5_47_57,Passenger Car,s2_11_28,Not Deployed,s2_97_208,s1_below_1,Male,s2_37_80,s3_141_159,s2_164_318,s6_260_up,s2_2_4
5582,s4_2555_3715,s2_n103_99,s4_n40_7,s1_below_4282,s3_3_4,s3_2003_2005,s2_760_2075,s6_57_up,Truck (<=10000 lbs.),s5_64_76,Not Deployed,s2_97_208,s1_below_1,Female,s3_80_96,s4_159_169,s3_318_464,s3_80_160,s4_5_6
5583,s3_1695_2555,s2_n103_99,s4_n40_7,s1_below_4282,s1_below_2,s5_2007_2009,s2_760_2075,s3_17_37,Truck (<=6000 lbs.),s2_11_28,Deployed,s2_97_208,s1_below_1,Male,s2_37_80,s3_141_159,s3_318_464,s3_80_160,s2_2_4
5584,s2_885_1695,s2_n103_99,s4_n40_7,s1_below_4282,s1_below_2,s4_2005_2007,s2_760_2075,s3_17_37,Truck (<=6000 lbs.),s3_28_48,Not Deployed,s2_97_208,s1_below_1,Female,s2_37_80,s3_141_159,s2_164_318,s4_160_220,s2_2_4
5585,s3_1695_2555,s2_n103_99,s4_n40_7,s1_below_4282,s2_2_3,s3_2003_2005,s2_760_2075,s3_17_37,Truck (<=10000 lbs.),s2_11_28,Not Deployed,s2_97_208,s1_below_1,Male,s2_37_80,s4_159_169,s2_164_318,s3_80_160,s2_2_4
5586,s2_885_1695,s2_n103_99,s4_n40_7,s1_below_4282,s1_below_2,s4_2005_2007,s2_760_2075,s4_37_47,Passenger Car,s6_76_up,Not Deployed,s2_97_208,s1_below_1,Female,s2_37_80,s3_141_159,s2_164_318,s3_80_160,s2_2_4
5587,s3_1695_2555,s2_n103_99,s4_n40_7,s1_below_4282,s1_below_2,s4_2005_2007,s2_760_2075,s4_37_47,Truck (<=6000 lbs.),s4_48_64,Not Deployed,s2_97_208,s1_below_1,Male,s4_96_114,s3_141_159,s2_164_318,s3_80_160,s2_2_4
5588,s2_885_1695,s2_n103_99,s4_n40_7,s1_below_4282,s1_below_2,s3_2003_2005,s2_760_2075,s4_37_47,Passenger Car,s3_28_48,Not Deployed,s2_97_208,s1_below_1,Female,s3_80_96,s3_141_159,s2_164_318,s4_160_220,s2_2_4
5589,s2_885_1695,s2_n103_99,s4_n40_7,s1_below_4282,s3_3_4,s3_2003_2005,s2_760_2075,s4_37_47,Passenger Car,s3_28_48,Deployed,s2_97_208,s1_below_1,Female,s2_37_80,s3_141_159,s2_164_318,s3_80_160,s2_2_4
5590,s2_885_1695,s2_n103_99,s4_n40_7,s1_below_4282,s1_below_2,s3_2003_2005,s2_760_2075,s3_17_37,Passenger Car,s5_64_76,Not Deployed,s2_97_208,s2_1_2,Male,s3_80_96,s3_141_159,s2_164_318,s3_80_160,s2_2_4
5591,s2_885_1695,s2_n103_99,s4_n40_7,s1_below_4282,s1_below_2,s5_2007_2009,s2_760_2075,s4_37_47,Passenger Car,s2_11_28,Deployed,s2_97_208,s1_below_1,Male,s3_80_96,s3_141_159,s2_164_318,s3_80_160,s2_2_4
5592,s2_885_1695,s2_n103_99,s4_n40_7,s1_below_4282,s1_below_2,s4_2005_2007,s2_760_2075,s4_37_47,Passenger Car,s2_11_28,Deployed,s2_97_208,s1_below_1,Female,s2_37_80,s3_141_159,s2_164_318,s3_80_160,s2_2_4
5593,s2_885_1695,s2_n103_99,s4_n40_7,s1_below_4282,s1_below_2,s2_2001_2003,s2_760_2075,s4_37_47,Passenger Car,s6_76_up,Deployed,s2_97_208,s1_below_1,Male,s2_37_80,s3_141_159,s2_164_318,s3_80_160,s2_2_4
5594,s2_885_1695,s2_n103_99,s4_n40_7,s1_below_4282,s1_below_2,s2_2001_2003,s2_760_2075,s5_47_57,Passenger Car,s2_11_28,Deployed,s2_97_208,s1_below_1,Male,s4_96_114,s3_141_159,s2_164_318,s3_80_160,s2_2_4
5595,s2_885_1695,s2_n103_99,s5_7_up,s1_below_4282,s1_below_2,s2_2001_2003,s2_760_2075,s5_47_57,Passenger Car,s3_28_48,Not Deployed,s2_97_208,s1_below_1,Male,s4_96_114,s3_141_159,s2_164_318,s6_260_up,s2_2_4
5596,s2_885_1695,s2_n103_99,s4_n40_7,s1_below_4282,s1_below_2,s1_below_2001,s2_760_2075,s4_37_47,Passenger Car,s2_11_28,Not Deployed,s2_97_208,s1_below_1,Female,s2_37_80,s3_141_159,s2_164_318,s3_80_160,s2_2_4
5597,s3_1695_2555,s2_n103_99,s4_n40_7,s1_below_4282,s1_below_2,s1_below_2001,s2_760_2075,s3_17_37,Truck (<=6000 lbs.),s3_28_48,Deployed,s2_97_208,s1_below_1,Male,s3_80_96,s4_159_169,s2_164_318,s3_80_160,s3_4_5
5598,s2_885_1695,s2_n103_99,s4_n40_7,s1_below_4282,s1_below_2,s5_2007_2009,s2_760_2075,s3_17_37,Passenger Car,s4_48_64,Deployed,s2_97_208,s1_below_1,Female,s2_37_80,s4_159_169,s2_164_318,s3_80_160,s3_4_5
5599,s4_2555_3715,s2_n103_99,s4_n40_7,s1_below_4282,s2_2_3,s1_below_2001,s2_760_2075,s5_47_57,Truck (<=10000 lbs.),s3_28_48,Not Deployed,s2_97_208,s1_below_1,Male,s5_114_130,s5_169_179,s3_318_464,s4_160_220,s4_5_6
5600,s2_885_1695,s2_n103_99,s5_7_up,s1_below_4282,s1_below_2,s4_2005_2007,s2_760_2075,s3_17_37,Passenger Car,s3_28_48,Not Deployed,s2_97_208,s1_below_1,Male,s3_80_96,s3_141_159,s2_164_318,s4_160_220,s2_2_4
5601,s2_885_1695,s2_n103_99,s4_n40_7,s1_below_4282,s1_below_2,s1_below_2001,s2_760_2075,s4_37_47,Passenger Car,s2_11_28,Deployed,s2_97_208,s1_below_1,Female,s2_37_80,s3_141_159,s2_164_318,s4_160_220,s2_2_4
5602,s2_885_1695,s2_n103_99,s4_n40_7,s1_below_4282,s1_below_2,s4_2005_2007,s2_760_2075,s5_47_57,Passenger Car,s4_48_64,Deployed,s2_97_208,s2_1_2,Male,s3_80_96,s3_141_159,s2_164_318,s3_80_160,s2_2_4
5603,s2_885_1695,s2_n103_99,s4_n40_7,s1_below_4282,s1_below_2,s4_2005_2007,s2_760_2075,s5_47_57,Passenger Car,s2_11_28,Not Deployed,s2_97_208,s1_below_1,Male,s3_80_96,s3_141_159,s2_164_318,s3_80_160,s2_2_4
5604,s2_885_1695,s2_n103_99,s4_n40_7,s1_below_4282,s1_below_2,s3_2003_2005,s2_760_2075,s4_37_47,Passenger Car,s5_64_76,Not Deployed,s2_97_208,s1_below_1,Female,s2_37_80,s3_141_159,s2_164_318,s3_80_160,s2_2_4
5605,s3_1695_2555,s2_n103_99,s4_n40_7,s1_below_4282,s1_below_2,s4_2005_2007,s2_760_2075,s3_17_37,Passenger Car,s2_11_28,Not Deployed,s2_97_208,s1_below_1,Male,s3_80_96,s4_159_169,s2_164_318,s2_40_80,s2_2_4
5606,s2_885_1695,s2_n103_99,s4_n40_7,s1_below_4282,s1_below_2,s4_2005_2007,s3_2075_3730,s4_37_47,Passenger Car,s5_64_76,Not Deployed,s2_97_208,s1_below_1,Female,s2_37_80,s3_141_159,s2_164_318,s3_80_160,s2_2_4
5607,s2_885_1695,s2_n103_99,s4_n40_7,s1_below_4282,s1_below_2,s1_below_2001,s2_760_2075,s3_17_37,Truck (<=6000 lbs.),s4_48_64,Not Deployed,s2_97_208,s3_2_3,Female,s2_37_80,s3_141_159,s2_164_318,s2_40_80,s2_2_4
5608,s2_885_1695,s2_n103_99,s5_7_up,s1_below_4282,s3_3_4,s3_2003_2005,s2_760_2075,s3_17_37,Passenger Car,s4_48_64,Not Deployed,s2_97_208,s1_below_1,Female,s4_96_114,s3_141_159,s2_164_318,s4_160_220,s2_2_4
5609,s3_1695_2555,s2_n103_99,s4_n40_7,s1_below_4282,s1_below_2,s4_2005_2007,s2_760_2075,s4_37_47,Truck (<=10000 lbs.),s3_28_48,Deployed,s2_97_208,s1_below_1,Female,s2_37_80,s5_169_179,s3_318_464,s3_80_160,s4_5_6
5610,s2_885_1695,s2_n103_99,s4_n40_7,s1_below_4282,s1_below_2,s2_2001_2003,s2_760_2075,s5_47_57,Truck (<=6000 lbs.),s3_28_48,Deployed,s2_97_208,s2_1_2,Male,s2_37_80,s3_141_159,s2_164_318,s4_160_220,s2_2_4
5611,s3_1695_2555,s2_n103_99,s4_n40_7,s1_below_4282,s4_4_5,s1_below_2001,s2_760_2075,s3_17_37,Truck (<=10000 lbs.),s4_48_64,Not Deployed,s2_97_208,s1_below_1,Male,s4_96_114,s5_169_179,s3_318_464,s3_80_160,s4_5_6
5612,s2_885_1695,s2_n103_99,s4_n40_7,s1_below_4282,s1_below_2,s1_below_2001,s2_760_2075,s4_37_47,Passenger Car,s6_76_up,Not Deployed,s2_97_208,s1_below_1,Male,s3_80_96,s3_141_159,s2_164_318,s1_below_40,s2_2_4
5613,s2_885_1695,s2_n103_99,s4_n40_7,s1_below_4282,s1_below_2,s2_2001_2003,s2_760_2075,s5_47_57,Passenger Car,s3_28_48,Deployed,s2_97_208,s1_below_1,Female,s2_37_80,s3_141_159,s2_164_318,s3_80_160,s2_2_4
5614,s3_1695_2555,s2_n103_99,s4_n40_7,s1_below_4282,s2_2_3,s3_2003_2005,s2_760_2075,s5_47_57,Passenger Car,s3_28_48,Deployed,s2_97_208,s1_below_1,Male,s3_80_96,s4_159_169,s2_164_318,s4_160_220,s2_2_4
5615,s3_1695_2555,s2_n103_99,s4_n40_7,s1_below_4282,s3_3_4,s2_2001_2003,s2_760_2075,s5_47_57,Truck (<=6000 lbs.),s3_28_48,Deployed,s2_97_208,s1_below_1,Female,s2_37_80,s4_159_169,s2_164_318,s3_80_160,s2_2_4
5616,s2_885_1695,s2_n103_99,s4_n40_7,s1_below_4282,s1_below_2,s3_2003_2005,s2_760_2075,s3_17_37,Passenger Car,s3_28_48,Not Deployed,s2_97_208,s1_below_1,Female,s2_37_80,s3_141_159,s2_164_318,s3_80_160,s2_2_4
5617,s2_885_1695,s2_n103_99,s4_n40_7,s1_below_4282,s1_below_2,s2_2001_2003,s2_760_2075,s5_47_57,Passenger Car,s3_28_48,Not Deployed,s2_97_208,s1_below_1,Female,s2_37_80,s3_141_159,s2_164_318,s3_80_160,s2_2_4
5618,s2_885_1695,s2_n103_99,s4_n40_7,s1_below_4282,s1_below_2,s1_below_2001,s2_760_2075,s4_37_47,Truck (<=6000 lbs.),s4_48_64,Deployed,s2_97_208,s1_below_1,Male,s2_37_80,s3_141_159,s2_164_318,s3_80_160,s2_2_4
5619,s2_885_1695,s2_n103_99,s4_n40_7,s1_below_4282,s3_3_4,s1_below_2001,s2_760_2075,s5_47_57,Truck (<=6000 lbs.),s4_48_64,Deployed,s2_97_208,s1_below_1,Male,s3_80_96,s3_141_159,s3_318_464,s3_80_160,s2_2_4
5620,s2_885_1695,s2_n103_99,s4_n40_7,s1_below_4282,s1_below_2,s2_2001_2003,s2_760_2075,s3_17_37,Passenger Car,s2_11_28,Deployed,s2_97_208,s1_below_1,Male,s2_37_80,s3_141_159,s2_164_318,s3_80_160,s2_2_4
5621,s3_1695_2555,s2_n103_99,s4_n40_7,s1_below_4282,s2_2_3,s2_2001_2003,s2_760_2075,s3_17_37,Truck (<=6000 lbs.),s3_28_48,Not Deployed,s2_97_208,s1_below_1,Female,s4_96_114,s3_141_159,s2_164_318,s3_80_160,s2_2_4
5622,s2_885_1695,s2_n103_99,s4_n40_7,s1_below_4282,s1_below_2,s3_2003_2005,s2_760_2075,s3_17_37,Passenger Car,s3_28_48,Deployed,s2_97_208,s1_below_1,Female,s2_37_80,s3_141_159,s2_164_318,s3_80_160,s2_2_4
5623,s3_1695_2555,s2_n103_99,s4_n40_7,s1_below_4282,s3_3_4,s3_2003_2005,s2_760_2075,s3_17_37,Truck (<=6000 lbs.),s4_48_64,Not Deployed,s2_97_208,s2_1_2,Female,s2_37_80,s4_159_169,s2_164_318,s4_160_220,s2_2_4
5624,s2_885_1695,s2_n103_99,s4_n40_7,s1_below_4282,s1_below_2,s3_2003_2005,s2_760_2075,s3_17_37,Passenger Car,s2_11_28,Not Deployed,s2_97_208,s1_below_1,Male,s2_37_80,s3_141_159,s2_164_318,s3_80_160,s2_2_4
5625,s3_1695_2555,s2_n103_99,s4_n40_7,s1_below_4282,s1_below_2,s4_2005_2007,s2_760_2075,s5_47_57,Truck (<=6000 lbs.),s4_48_64,Not Deployed,s2_97_208,s1_below_1,Female,s3_80_96,s3_141_159,s2_164_318,s3_80_160,s2_2_4
5626,s3_1695_2555,s2_n103_99,s4_n40_7,s1_below_4282,s1_below_2,s2_2001_2003,s2_760_2075,s1_below_7,Passenger Car,s4_48_64,Not Deployed,s2_97_208,s3_2_3,Female,s2_37_80,s3_141_159,s2_164_318,s2_40_80,s2_2_4
5627,s2_885_1695,s2_n103_99,s4_n40_7,s1_below_4282,s1_below_2,s5_2007_2009,s2_760_2075,s4_37_47,Passenger Car,s4_48_64,Not Deployed,s2_97_208,s1_below_1,Female,s3_80_96,s3_141_159,s2_164_318,s2_40_80,s2_2_4
5628,s2_885_1695,s2_n103_99,s4_n40_7,s1_below_4282,s1_below_2,s2_2001_2003,s2_760_2075,s1_below_7,Passenger Car,s3_28_48,Not Deployed,s2_97_208,s1_below_1,Female,s4_96_114,s3_141_159,s2_164_318,s3_80_160,s2_2_4
5629,s2_885_1695,s2_n103_99,s4_n40_7,s1_below_4282,s1_below_2,s3_2003_2005,s2_760_2075,s4_37_47,Passenger Car,s2_11_28,Deployed,s2_97_208,s1_below_1,Female,s2_37_80,s3_141_159,s2_164_318,s3_80_160,s2_2_4
5630,s2_885_1695,s2_n103_99,s4_n40_7,s1_below_4282,s1_below_2,s1_below_2001,s2_760_2075,s4_37_47,Passenger Car,s5_64_76,Not Deployed,s2_97_208,s1_below_1,Female,s2_37_80,s3_141_159,s2_164_318,s4_160_220,s2_2_4
5631,s3_1695_2555,s2_n103_99,s4_n40_7,s1_below_4282,s1_below_2,s2_2001_2003,s2_760_2075,s3_17_37,Truck (<=6000 lbs.),s4_48_64,Not Deployed,s2_97_208,s2_1_2,Male,s5_114_130,s3_141_159,s2_164_318,s3_80_160,s2_2_4
5632,s3_1695_2555,s2_n103_99,s4_n40_7,s1_below_4282,s3_3_4,s2_2001_2003,s2_760_2075,s4_37_47,Truck (<=10000 lbs.),s4_48_64,Deployed,s2_97_208,s1_below_1,Male,s2_37_80,s5_169_179,s3_318_464,s3_80_160,s4_5_6
5633,s2_885_1695,s2_n103_99,s5_7_up,s1_below_4282,s1_below_2,s5_2007_2009,s3_2075_3730,s5_47_57,Truck (<=6000 lbs.),s3_28_48,Not Deployed,s2_97_208,s1_below_1,Male,s3_80_96,s3_141_159,s2_164_318,s6_260_up,s2_2_4
5634,s4_2555_3715,s2_n103_99,s4_n40_7,s1_below_4282,s1_below_2,s2_2001_2003,s2_760_2075,s5_47_57,Truck (<=10000 lbs.),s3_28_48,Deployed,s2_97_208,s1_below_1,Male,s3_80_96,s5_169_179,s2_164_318,s3_80_160,s3_4_5
5635,s3_1695_2555,s2_n103_99,s4_n40_7,s1_below_4282,s4_4_5,s1_below_2001,s2_760_2075,s4_37_47,Truck (<=6000 lbs.),s4_48_64,Not Deployed,s2_97_208,s1_below_1,Female,s2_37_80,s4_159_169,s2_164_318,s3_80_160,s2_2_4
5636,s2_885_1695,s2_n103_99,s3_n81_n40,s2_4282_6970,s1_below_2,s4_2005_2007,s2_760_2075,s5_47_57,Passenger Car,s4_48_64,Deployed,s2_97_208,s5_4_5,Male,s4_96_114,s3_141_159,s2_164_318,s3_80_160,s2_2_4
5637,s3_1695_2555,s2_n103_99,s4_n40_7,s1_below_4282,s2_2_3,s1_below_2001,s2_760_2075,s4_37_47,Truck (<=6000 lbs.),s3_28_48,Not Deployed,s2_97_208,s1_below_1,Male,s2_37_80,s3_141_159,s2_164_318,s3_80_160,s2_2_4
5638,s3_1695_2555,s2_n103_99,s4_n40_7,s1_below_4282,s4_4_5,s2_2001_2003,s2_760_2075,s4_37_47,Truck (<=6000 lbs.),s2_11_28,Deployed,s2_97_208,s1_below_1,Female,s2_37_80,s3_141_159,s2_164_318,s3_80_160,s2_2_4
5639,s2_885_1695,s2_n103_99,s3_n81_n40,s1_below_4282,s1_below_2,s2_2001_2003,s3_2075_3730,s4_37_47,Passenger Car,s2_11_28,Deployed,s2_97_208,s2_1_2,Female,s2_37_80,s3_141_159,s2_164_318,s3_80_160,s2_2_4
5640,s2_885_1695,s2_n103_99,s4_n40_7,s1_below_4282,s1_below_2,s5_2007_2009,s2_760_2075,s5_47_57,Passenger Car,s5_64_76,Deployed,s2_97_208,s1_below_1,Male,s4_96_114,s3_141_159,s2_164_318,s3_80_160,s2_2_4
5641,s2_885_1695,s2_n103_99,s4_n40_7,s1_below_4282,s2_2_3,s1_below_2001,s2_760_2075,s5_47_57,Passenger Car,s2_11_28,Deployed,s2_97_208,s1_below_1,Female,s3_80_96,s3_141_159,s2_164_318,s3_80_160,s2_2_4
5642,s2_885_1695,s2_n103_99,s4_n40_7,s1_below_4282,s1_below_2,s3_2003_2005,s2_760_2075,s5_47_57,Passenger Car,s2_11_28,Deployed,s2_97_208,s1_below_1,Female,s2_37_80,s3_141_159,s2_164_318,s4_160_220,s2_2_4
5643,s2_885_1695,s2_n103_99,s4_n40_7,s1_below_4282,s3_3_4,s2_2001_2003,s2_760_2075,s4_37_47,Passenger Car,s2_11_28,Deployed,s2_97_208,s1_below_1,Female,s2_37_80,s3_141_159,s2_164_318,s3_80_160,s2_2_4
5644,s2_885_1695,s2_n103_99,s4_n40_7,s1_below_4282,s1_below_2,s1_below_2001,s2_760_2075,s3_17_37,Passenger Car,s2_11_28,Deployed,s2_97_208,s5_4_5,Male,s3_80_96,s3_141_159,s2_164_318,s3_80_160,s2_2_4
5645,s2_885_1695,s2_n103_99,s4_n40_7,s1_below_4282,s1_below_2,s4_2005_2007,s2_760_2075,s3_17_37,Passenger Car,s4_48_64,Not Deployed,s2_97_208,s1_below_1,Male,s2_37_80,s3_141_159,s2_164_318,s3_80_160,s2_2_4
5646,s3_1695_2555,s2_n103_99,s4_n40_7,s1_below_4282,s1_below_2,s1_below_2001,s2_760_2075,s3_17_37,Passenger Car,s2_11_28,Not Deployed,s2_97_208,s1_below_1,Male,s2_37_80,s4_159_169,s2_164_318,s2_40_80,s2_2_4
5647,s3_1695_2555,s2_n103_99,s5_7_up,s1_below_4282,s1_below_2,s3_2003_2005,s2_760_2075,s3_17_37,Truck (<=10000 lbs.),s3_28_48,Not Deployed,s2_97_208,s1_below_1,Male,s6_130_up,s4_159_169,s2_164_318,s4_160_220,s3_4_5
5648,s2_885_1695,s2_n103_99,s5_7_up,s1_below_4282,s5_5_6,s1_below_2001,s2_760_2075,s3_17_37,Passenger Car,s3_28_48,Not Deployed,s2_97_208,s1_below_1,Male,s4_96_114,s3_141_159,s2_164_318,s6_260_up,s2_2_4
5649,s2_885_1695,s2_n103_99,s4_n40_7,s1_below_4282,s5_5_6,s2_2001_2003,s2_760_2075,s3_17_37,Passenger Car,s3_28_48,Not Deployed,s2_97_208,s1_below_1,Male,s2_37_80,s3_141_159,s2_164_318,s3_80_160,s2_2_4
5650,s3_1695_2555,s2_n103_99,s4_n40_7,s1_below_4282,s1_below_2,s5_2007_2009,s3_2075_3730,s5_47_57,Truck (<=10000 lbs.),s3_28_48,Not Deployed,s2_97_208,s1_below_1,Female,s2_37_80,s3_141_159,s2_164_318,s3_80_160,s2_2_4
5651,s3_1695_2555,s2_n103_99,s4_n40_7,s1_below_4282,s2_2_3,s4_2005_2007,s2_760_2075,s5_47_57,Truck (<=6000 lbs.),s2_11_28,Deployed,s2_97_208,s1_below_1,Male,s3_80_96,s4_159_169,s2_164_318,s3_80_160,s2_2_4
5652,s2_885_1695,s2_n103_99,s4_n40_7,s1_below_4282,s3_3_4,s1_below_2001,s2_760_2075,s3_17_37,Passenger Car,s3_28_48,Not Deployed,s2_97_208,s1_below_1,Male,s2_37_80,s3_141_159,s2_164_318,s4_160_220,s2_2_4
5653,s2_885_1695,s2_n103_99,s4_n40_7,s1_below_4282,s1_below_2,s1_below_2001,s2_760_2075,s3_17_37,Passenger Car,s2_11_28,Deployed,s2_97_208,s1_below_1,Female,s2_37_80,s3_141_159,s2_164_318,s2_40_80,s2_2_4
5654,s3_1695_2555,s2_n103_99,s4_n40_7,s1_below_4282,s1_below_2,s3_2003_2005,s2_760_2075,s3_17_37,Truck (<=10000 lbs.),s3_28_48,Not Deployed,s2_97_208,s1_below_1,Male,s3_80_96,s5_169_179,s3_318_464,s3_80_160,s5_6_7
5655,s2_885_1695,s2_n103_99,s5_7_up,s1_below_4282,s1_below_2,s1_below_2001,s2_760_2075,s3_17_37,Truck (<=6000 lbs.),s4_48_64,Not Deployed,s2_97_208,s1_below_1,Male,s4_96_114,s4_159_169,s2_164_318,s6_260_up,s3_4_5
5656,s2_885_1695,s2_n103_99,s5_7_up,s1_below_4282,s2_2_3,s4_2005_2007,s2_760_2075,s5_47_57,Passenger Car,s2_11_28,Not Deployed,s2_97_208,s1_below_1,Male,s2_37_80,s3_141_159,s2_164_318,s6_260_up,s2_2_4
5657,s2_885_1695,s2_n103_99,s5_7_up,s1_below_4282,s2_2_3,s2_2001_2003,s2_760_2075,s5_47_57,Passenger Car,s4_48_64,Not Deployed,s2_97_208,s1_below_1,Female,s3_80_96,s3_141_159,s2_164_318,s3_80_160,s2_2_4
5658,s2_885_1695,s2_n103_99,s4_n40_7,s1_below_4282,s3_3_4,s1_below_2001,s2_760_2075,s3_17_37,Passenger Car,s4_48_64,Not Deployed,s2_97_208,s1_below_1,Female,s2_37_80,s3_141_159,s2_164_318,s3_80_160,s2_2_4
5659,s3_1695_2555,s2_n103_99,s4_n40_7,s1_below_4282,s1_below_2,s1_below_2001,s2_760_2075,s3_17_37,Truck (<=6000 lbs.),s3_28_48,Not Deployed,s2_97_208,s1_below_1,Female,s2_37_80,s3_141_159,s2_164_318,s2_40_80,s2_2_4
5660,s3_1695_2555,s2_n103_99,s4_n40_7,s1_below_4282,s2_2_3,s1_below_2001,s2_760_2075,s5_47_57,Truck (<=6000 lbs.),s3_28_48,Deployed,s2_97_208,s1_below_1,Male,s6_130_up,s3_141_159,s2_164_318,s3_80_160,s2_2_4
5661,s2_885_1695,s2_n103_99,s5_7_up,s1_below_4282,s3_3_4,s4_2005_2007,s2_760_2075,s3_17_37,Passenger Car,s5_64_76,Not Deployed,s2_97_208,s1_below_1,Female,s4_96_114,s3_141_159,s2_164_318,s6_260_up,s2_2_4
5662,s2_885_1695,s2_n103_99,s5_7_up,s1_below_4282,s1_below_2,s4_2005_2007,s2_760_2075,s5_47_57,Passenger Car,s3_28_48,Not Deployed,s2_97_208,s1_below_1,Female,s2_37_80,s3_141_159,s2_164_318,s6_260_up,s2_2_4
5663,s4_2555_3715,s2_n103_99,s5_7_up,s1_below_4282,s2_2_3,s4_2005_2007,s2_760_2075,s5_47_57,Truck (<=10000 lbs.),s2_11_28,Not Deployed,s2_97_208,s1_below_1,Male,s2_37_80,s5_169_179,s2_164_318,s6_260_up,s3_4_5
5664,s2_885_1695,s2_n103_99,s4_n40_7,s1_below_4282,s1_below_2,s3_2003_2005,s2_760_2075,s3_17_37,Passenger Car,s3_28_48,Deployed,s2_97_208,s1_below_1,Male,s2_37_80,s3_141_159,s2_164_318,s3_80_160,s2_2_4
5665,s3_1695_2555,s2_n103_99,s5_7_up,s1_below_4282,s1_below_2,s4_2005_2007,s2_760_2075,s3_17_37,Passenger Car,s2_11_28,Not Deployed,s2_97_208,s1_below_1,Male,s5_114_130,s4_159_169,s2_164_318,s6_260_up,s3_4_5
5666,s2_885_1695,s2_n103_99,s4_n40_7,s1_below_4282,s4_4_5,s2_2001_2003,s2_760_2075,s3_17_37,Passenger Car,s4_48_64,Deployed,s2_97_208,s1_below_1,Female,s2_37_80,s3_141_159,s2_164_318,s3_80_160,s2_2_4
5667,s2_885_1695,s2_n103_99,s4_n40_7,s1_below_4282,s1_below_2,s2_2001_2003,s2_760_2075,s3_17_37,Passenger Car,s4_48_64,Not Deployed,s2_97_208,s1_below_1,Female,s4_96_114,s3_141_159,s2_164_318,s2_40_80,s2_2_4
5668,s2_885_1695,s2_n103_99,s4_n40_7,s1_below_4282,s2_2_3,s4_2005_2007,s2_760_2075,s3_17_37,Passenger Car,s3_28_48,Not Deployed,s2_97_208,s1_below_1,Female,s2_37_80,s3_141_159,s2_164_318,s2_40_80,s2_2_4
5669,s2_885_1695,s2_n103_99,s4_n40_7,s1_below_4282,s2_2_3,s5_2007_2009,s2_760_2075,s5_47_57,Passenger Car,s2_11_28,Not Deployed,s2_97_208,s1_below_1,Male,s2_37_80,s3_141_159,s2_164_318,s3_80_160,s2_2_4
5670,s3_1695_2555,s2_n103_99,s4_n40_7,s1_below_4282,s1_below_2,s4_2005_2007,s2_760_2075,s3_17_37,Truck (<=6000 lbs.),s6_76_up,Not Deployed,s2_97_208,s1_below_1,Male,s2_37_80,s4_159_169,s2_164_318,s3_80_160,s2_2_4
5671,s2_885_1695,s2_n103_99,s4_n40_7,s1_below_4282,s3_3_4,s3_2003_2005,s3_2075_3730,s3_17_37,Passenger Car,s3_28_48,Not Deployed,s2_97_208,s1_below_1,Male,s4_96_114,s3_141_159,s2_164_318,s4_160_220,s2_2_4
5672,s2_885_1695,s2_n103_99,s4_n40_7,s1_below_4282,s1_below_2,s2_2001_2003,s2_760_2075,s3_17_37,Passenger Car,s3_28_48,Deployed,s2_97_208,s1_below_1,Female,s2_37_80,s3_141_159,s2_164_318,s4_160_220,s2_2_4
5673,s3_1695_2555,s2_n103_99,s4_n40_7,s1_below_4282,s1_below_2,s3_2003_2005,s2_760_2075,s3_17_37,Truck (<=6000 lbs.),s4_48_64,Deployed,s2_97_208,s1_below_1,Female,s2_37_80,s5_169_179,s2_164_318,s2_40_80,s2_2_4
5674,s2_885_1695,s2_n103_99,s4_n40_7,s1_below_4282,s1_below_2,s1_below_2001,s2_760_2075,s3_17_37,Passenger Car,s3_28_48,Deployed,s2_97_208,s1_below_1,Male,s2_37_80,s3_141_159,s2_164_318,s2_40_80,s2_2_4
5675,s3_1695_2555,s2_n103_99,s4_n40_7,s1_below_4282,s5_5_6,s3_2003_2005,s2_760_2075,s3_17_37,Passenger Car,s4_48_64,Not Deployed,s2_97_208,s1_below_1,Male,s3_80_96,s4_159_169,s2_164_318,s3_80_160,s2_2_4
5676,s3_1695_2555,s2_n103_99,s4_n40_7,s1_below_4282,s3_3_4,s4_2005_2007,s3_2075_3730,s5_47_57,Truck (<=6000 lbs.),s3_28_48,Not Deployed,s2_97_208,s1_below_1,Male,s2_37_80,s3_141_159,s2_164_318,s3_80_160,s2_2_4
5677,s2_885_1695,s2_n103_99,s4_n40_7,s1_below_4282,s1_below_2,s3_2003_2005,s2_760_2075,s3_17_37,Passenger Car,s3_28_48,Not Deployed,s2_97_208,s1_below_1,Male,s2_37_80,s3_141_159,s2_164_318,s4_160_220,s2_2_4
5678,s2_885_1695,s2_n103_99,s4_n40_7,s1_below_4282,s1_below_2,s4_2005_2007,s2_760_2075,s3_17_37,Passenger Car,s2_11_28,Not Deployed,s2_97_208,s1_below_1,Male,s2_37_80,s3_141_159,s2_164_318,s3_80_160,s2_2_4
5679,s2_885_1695,s2_n103_99,s5_7_up,s1_below_4282,s3_3_4,s4_2005_2007,s2_760_2075,s5_47_57,Passenger Car,s2_11_28,Not Deployed,s2_97_208,s1_below_1,Female,s2_37_80,s3_141_159,s2_164_318,s6_260_up,s2_2_4
5680,s3_1695_2555,s2_n103_99,s5_7_up,s1_below_4282,s1_below_2,s4_2005_2007,s2_760_2075,s3_17_37,Truck (<=6000 lbs.),s4_48_64,Not Deployed,s2_97_208,s1_below_1,Male,s3_80_96,s5_169_179,s2_164_318,s6_260_up,s4_5_6
5681,s3_1695_2555,s2_n103_99,s4_n40_7,s1_below_4282,s1_below_2,s4_2005_2007,s2_760_2075,s3_17_37,Truck (<=10000 lbs.),s3_28_48,Not Deployed,s2_97_208,s1_below_1,Female,s3_80_96,s4_159_169,s2_164_318,s4_160_220,s3_4_5
5682,s2_885_1695,s2_n103_99,s4_n40_7,s1_below_4282,s1_below_2,s1_below_2001,s2_760_2075,s3_17_37,Passenger Car,s2_11_28,Not Deployed,s2_97_208,s1_below_1,Male,s4_96_114,s3_141_159,s2_164_318,s3_80_160,s2_2_4
5683,s2_885_1695,s2_n103_99,s3_n81_n40,s1_below_4282,s2_2_3,s4_2005_2007,s2_760_2075,s5_47_57,Passenger Car,s2_11_28,Deployed,s2_97_208,s1_below_1,Male,s3_80_96,s3_141_159,s2_164_318,s3_80_160,s2_2_4
5684,s2_885_1695,s2_n103_99,s3_n81_n40,s1_below_4282,s1_below_2,s4_2005_2007,s2_760_2075,s3_17_37,Passenger Car,s4_48_64,Deployed,s2_97_208,s2_1_2,Female,s2_37_80,s3_141_159,s2_164_318,s3_80_160,s2_2_4
5685,s2_885_1695,s2_n103_99,s4_n40_7,s1_below_4282,s1_below_2,s4_2005_2007,s2_760_2075,s3_17_37,Passenger Car,s3_28_48,Not Deployed,s2_97_208,s1_below_1,Male,s3_80_96,s3_141_159,s2_164_318,s3_80_160,s2_2_4
5686,s2_885_1695,s2_n103_99,s5_7_up,s1_below_4282,s1_below_2,s4_2005_2007,s2_760_2075,s5_47_57,Passenger Car,s5_64_76,Not Deployed,s2_97_208,s1_below_1,Male,s2_37_80,s3_141_159,s2_164_318,s6_260_up,s2_2_4
5687,s2_885_1695,s2_n103_99,s4_n40_7,s1_below_4282,s1_below_2,s4_2005_2007,s3_2075_3730,s3_17_37,Truck (<=6000 lbs.),s3_28_48,Not Deployed,s2_97_208,s1_below_1,Female,s2_37_80,s3_141_159,s2_164_318,s4_160_220,s2_2_4
5688,s3_1695_2555,s2_n103_99,s4_n40_7,s1_below_4282,s4_4_5,s1_below_2001,s2_760_2075,s4_37_47,Truck (<=10000 lbs.),s3_28_48,Not Deployed,s2_97_208,s1_below_1,Female,s2_37_80,s4_159_169,s2_164_318,s4_160_220,s3_4_5
5689,s3_1695_2555,s2_n103_99,s4_n40_7,s1_below_4282,s3_3_4,s3_2003_2005,s2_760_2075,s4_37_47,Truck (<=6000 lbs.),s2_11_28,Deployed,s2_97_208,s1_below_1,Female,s2_37_80,s3_141_159,s2_164_318,s3_80_160,s2_2_4
5690,s3_1695_2555,s2_n103_99,s4_n40_7,s1_below_4282,s1_below_2,s4_2005_2007,s3_2075_3730,s4_37_47,Truck (<=6000 lbs.),s2_11_28,Not Deployed,s2_97_208,s1_below_1,Female,s2_37_80,s4_159_169,s2_164_318,s2_40_80,s3_4_5
5691,s3_1695_2555,s2_n103_99,s4_n40_7,s1_below_4282,s4_4_5,s3_2003_2005,s2_760_2075,s4_37_47,Truck (<=6000 lbs.),s3_28_48,Deployed,s2_97_208,s1_below_1,Male,s3_80_96,s3_141_159,s2_164_318,s3_80_160,s2_2_4
5692,s3_1695_2555,s2_n103_99,s4_n40_7,s1_below_4282,s4_4_5,s3_2003_2005,s2_760_2075,s4_37_47,Passenger Car,s6_76_up,Not Deployed,s2_97_208,s1_below_1,Male,s2_37_80,s4_159_169,s2_164_318,s4_160_220,s2_2_4
5693,s3_1695_2555,s2_n103_99,s4_n40_7,s1_below_4282,s1_below_2,s3_2003_2005,s3_2075_3730,s5_47_57,Truck (<=6000 lbs.),s3_28_48,Deployed,s2_97_208,s3_2_3,Male,s2_37_80,s3_141_159,s2_164_318,s3_80_160,s2_2_4
5694,s2_885_1695,s2_n103_99,s4_n40_7,s1_below_4282,s1_below_2,s2_2001_2003,s2_760_2075,s5_47_57,Passenger Car,s4_48_64,Deployed,s2_97_208,s4_3_4,Male,s4_96_114,s3_141_159,s2_164_318,s3_80_160,s2_2_4
5695,s3_1695_2555,s2_n103_99,s4_n40_7,s1_below_4282,s2_2_3,s2_2001_2003,s2_760_2075,s3_17_37,Passenger Car,s6_76_up,Not Deployed,s2_97_208,s1_below_1,Male,s2_37_80,s4_159_169,s2_164_318,s3_80_160,s2_2_4
5696,s2_885_1695,s2_n103_99,s5_7_up,s1_below_4282,s4_4_5,s5_2007_2009,s3_2075_3730,s4_37_47,Passenger Car,s3_28_48,Not Deployed,s2_97_208,s1_below_1,Female,s2_37_80,s3_141_159,s2_164_318,s6_260_up,s2_2_4
5697,s4_2555_3715,s2_n103_99,s4_n40_7,s1_below_4282,s4_4_5,s3_2003_2005,s2_760_2075,s4_37_47,Truck (<=10000 lbs.),s3_28_48,Not Deployed,s2_97_208,s1_below_1,Male,s3_80_96,s5_169_179,s2_164_318,s3_80_160,s3_4_5
5698,s2_885_1695,s2_n103_99,s4_n40_7,s1_below_4282,s3_3_4,s3_2003_2005,s2_760_2075,s3_17_37,Passenger Car,s3_28_48,Not Deployed,s2_97_208,s1_below_1,Female,s3_80_96,s3_141_159,s2_164_318,s2_40_80,s2_2_4
5699,s2_885_1695,s2_n103_99,s4_n40_7,s1_below_4282,s1_below_2,s2_2001_2003,s2_760_2075,s3_17_37,Passenger Car,s5_64_76,Deployed,s2_97_208,s2_1_2,Male,s3_80_96,s3_141_159,s2_164_318,s4_160_220,s2_2_4
5700,s3_1695_2555,s2_n103_99,s4_n40_7,s1_below_4282,s1_below_2,s4_2005_2007,s2_760_2075,s4_37_47,Truck (<=10000 lbs.),s2_11_28,Deployed,s2_97_208,s2_1_2,Male,s4_96_114,s4_159_169,s3_318_464,s3_80_160,s4_5_6
5701,s2_885_1695,s2_n103_99,s4_n40_7,s1_below_4282,s1_below_2,s4_2005_2007,s2_760_2075,s4_37_47,Passenger Car,s3_28_48,Deployed,s2_97_208,s1_below_1,Female,s2_37_80,s3_141_159,s2_164_318,s3_80_160,s2_2_4
5702,s2_885_1695,s2_n103_99,s4_n40_7,s1_below_4282,s1_below_2,s1_below_2001,s2_760_2075,s3_17_37,Passenger Car,s2_11_28,Not Deployed,s2_97_208,s1_below_1,Female,s2_37_80,s3_141_159,s2_164_318,s4_160_220,s2_2_4
5703,s2_885_1695,s2_n103_99,s4_n40_7,s1_below_4282,s1_below_2,s1_below_2001,s2_760_2075,s4_37_47,Passenger Car,s2_11_28,Deployed,s2_97_208,s1_below_1,Male,s2_37_80,s3_141_159,s2_164_318,s4_160_220,s2_2_4
5704,s2_885_1695,s2_n103_99,s4_n40_7,s1_below_4282,s1_below_2,s4_2005_2007,s2_760_2075,s4_37_47,Passenger Car,s3_28_48,Not Deployed,s2_97_208,s1_below_1,Female,s2_37_80,s3_141_159,s2_164_318,s3_80_160,s2_2_4
5705,s2_885_1695,s2_n103_99,s4_n40_7,s1_below_4282,s1_below_2,s3_2003_2005,s3_2075_3730,s3_17_37,Passenger Car,s3_28_48,Not Deployed,s2_97_208,s2_1_2,Female,s2_37_80,s3_141_159,s2_164_318,s2_40_80,s2_2_4
5706,s2_885_1695,s2_n103_99,s5_7_up,s1_below_4282,s1_below_2,s4_2005_2007,s2_760_2075,s4_37_47,Passenger Car,s5_64_76,Not Deployed,s2_97_208,s1_below_1,Male,s3_80_96,s3_141_159,s2_164_318,s6_260_up,s2_2_4
5707,s2_885_1695,s2_n103_99,s4_n40_7,s1_below_4282,s1_below_2,s4_2005_2007,s2_760_2075,s4_37_47,Passenger Car,s2_11_28,Not Deployed,s2_97_208,s1_below_1,Female,s2_37_80,s3_141_159,s2_164_318,s3_80_160,s2_2_4
5708,s3_1695_2555,s2_n103_99,s4_n40_7,s1_below_4282,s1_below_2,s3_2003_2005,s2_760_2075,s4_37_47,Truck (<=6000 lbs.),s3_28_48,Deployed,s2_97_208,s1_below_1,Female,s2_37_80,s4_159_169,s2_164_318,s3_80_160,s2_2_4
5709,s2_885_1695,s2_n103_99,s4_n40_7,s1_below_4282,s3_3_4,s4_2005_2007,s2_760_2075,s4_37_47,Passenger Car,s2_11_28,Not Deployed,s2_97_208,s2_1_2,Male,s3_80_96,s3_141_159,s2_164_318,s4_160_220,s2_2_4
5710,s2_885_1695,s2_n103_99,s5_7_up,s1_below_4282,s2_2_3,s4_2005_2007,s3_2075_3730,s5_47_57,Passenger Car,s4_48_64,Not Deployed,s2_97_208,s1_below_1,Female,s2_37_80,s3_141_159,s2_164_318,s6_260_up,s2_2_4
5711,s3_1695_2555,s2_n103_99,s4_n40_7,s1_below_4282,s2_2_3,s3_2003_2005,s2_760_2075,s5_47_57,Truck (<=10000 lbs.),s4_48_64,Not Deployed,s2_97_208,s1_below_1,Male,s3_80_96,s5_169_179,s3_318_464,s3_80_160,s4_5_6
5712,s2_885_1695,s2_n103_99,s4_n40_7,s1_below_4282,s1_below_2,s4_2005_2007,s3_2075_3730,s5_47_57,Passenger Car,s4_48_64,Not Deployed,s2_97_208,s1_below_1,Male,s2_37_80,s3_141_159,s2_164_318,s3_80_160,s2_2_4
5713,s2_885_1695,s2_n103_99,s4_n40_7,s1_below_4282,s4_4_5,s4_2005_2007,s2_760_2075,s4_37_47,Passenger Car,s5_64_76,Deployed,s2_97_208,s1_below_1,Female,s4_96_114,s3_141_159,s2_164_318,s3_80_160,s2_2_4
5714,s3_1695_2555,s2_n103_99,s4_n40_7,s1_below_4282,s3_3_4,s4_2005_2007,s2_760_2075,s4_37_47,Truck (<=6000 lbs.),s4_48_64,Deployed,s2_97_208,s1_below_1,Female,s2_37_80,s4_159_169,s2_164_318,s3_80_160,s2_2_4
5715,s2_885_1695,s2_n103_99,s5_7_up,s1_below_4282,s1_below_2,s3_2003_2005,s3_2075_3730,s5_47_57,Passenger Car,s3_28_48,Not Deployed,s2_97_208,s1_below_1,Female,s5_114_130,s3_141_159,s2_164_318,s6_260_up,s2_2_4
5716,s3_1695_2555,s2_n103_99,s4_n40_7,s1_below_4282,s1_below_2,s3_2003_2005,s2_760_2075,s5_47_57,Truck (<=10000 lbs.),s3_28_48,Not Deployed,s2_97_208,s1_below_1,Male,s3_80_96,s5_169_179,s3_318_464,s3_80_160,s4_5_6
5717,s2_885_1695,s2_n103_99,s4_n40_7,s1_below_4282,s2_2_3,s2_2001_2003,s2_760_2075,s4_37_47,Passenger Car,s3_28_48,Deployed,s2_97_208,s1_below_1,Female,s2_37_80,s3_141_159,s2_164_318,s3_80_160,s2_2_4
5718,s2_885_1695,s2_n103_99,s4_n40_7,s1_below_4282,s3_3_4,s3_2003_2005,s2_760_2075,s4_37_47,Truck (<=6000 lbs.),s3_28_48,Deployed,s2_97_208,s1_below_1,Female,s2_37_80,s3_141_159,s2_164_318,s3_80_160,s2_2_4
5719,s2_885_1695,s2_n103_99,s4_n40_7,s1_below_4282,s4_4_5,s3_2003_2005,s2_760_2075,s4_37_47,Passenger Car,s4_48_64,Deployed,s2_97_208,s2_1_2,Female,s4_96_114,s3_141_159,s2_164_318,s3_80_160,s2_2_4
5720,s2_885_1695,s2_n103_99,s5_7_up,s1_below_4282,s1_below_2,s1_below_2001,s2_760_2075,s4_37_47,Passenger Car,s4_48_64,Not Deployed,s2_97_208,s1_below_1,Female,s2_37_80,s3_141_159,s2_164_318,s6_260_up,s2_2_4
5721,s2_885_1695,s2_n103_99,s4_n40_7,s1_below_4282,s1_below_2,s5_2007_2009,s2_760_2075,s4_37_47,Passenger Car,s2_11_28,Deployed,s2_97_208,s1_below_1,Female,s2_37_80,s3_141_159,s2_164_318,s3_80_160,s2_2_4
5722,s4_2555_3715,s2_n103_99,s4_n40_7,s1_below_4282,s4_4_5,s5_2007_2009,s2_760_2075,s5_47_57,Truck (<=10000 lbs.),s3_28_48,Not Deployed,s2_97_208,s1_below_1,Male,s4_96_114,s5_169_179,s3_318_464,s3_80_160,s4_5_6
5723,s2_885_1695,s2_n103_99,s4_n40_7,s1_below_4282,s3_3_4,s4_2005_2007,s2_760_2075,s4_37_47,Passenger Car,s2_11_28,Not Deployed,s2_97_208,s1_below_1,Male,s2_37_80,s3_141_159,s2_164_318,s4_160_220,s2_2_4
5724,s2_885_1695,s2_n103_99,s4_n40_7,s1_below_4282,s1_below_2,s4_2005_2007,s2_760_2075,s4_37_47,Passenger Car,s4_48_64,Deployed,s2_97_208,s1_below_1,Female,s2_37_80,s3_141_159,s2_164_318,s3_80_160,s2_2_4
5725,s3_1695_2555,s2_n103_99,s4_n40_7,s1_below_4282,s1_below_2,s1_below_2001,s2_760_2075,s4_37_47,Truck (<=6000 lbs.),s2_11_28,Not Deployed,s2_97_208,s1_below_1,Male,s3_80_96,s3_141_159,s2_164_318,s3_80_160,s2_2_4
5726,s3_1695_2555,s2_n103_99,s4_n40_7,s1_below_4282,s1_below_2,s2_2001_2003,s2_760_2075,s5_47_57,Truck (<=6000 lbs.),s3_28_48,Deployed,s2_97_208,s1_below_1,Male,s2_37_80,s3_141_159,s2_164_318,s4_160_220,s2_2_4
5727,s3_1695_2555,s2_n103_99,s4_n40_7,s1_below_4282,s1_below_2,s4_2005_2007,s2_760_2075,s3_17_37,Truck (<=6000 lbs.),s2_11_28,Deployed,s2_97_208,s1_below_1,Female,s2_37_80,s4_159_169,s2_164_318,s3_80_160,s2_2_4
5728,s2_885_1695,s2_n103_99,s4_n40_7,s1_below_4282,s1_below_2,s4_2005_2007,s2_760_2075,s3_17_37,Passenger Car,s3_28_48,Not Deployed,s2_97_208,s1_below_1,Female,s3_80_96,s3_141_159,s2_164_318,s3_80_160,s2_2_4
5729,s3_1695_2555,s2_n103_99,s4_n40_7,s1_below_4282,s1_below_2,s3_2003_2005,s2_760_2075,s4_37_47,Truck (<=6000 lbs.),s3_28_48,Deployed,s2_97_208,s1_below_1,Male,s2_37_80,s4_159_169,s2_164_318,s4_160_220,s2_2_4
5730,s3_1695_2555,s2_n103_99,s4_n40_7,s1_below_4282,s4_4_5,s1_below_2001,s2_760_2075,s5_47_57,Truck (<=6000 lbs.),s2_11_28,Not Deployed,s2_97_208,s1_below_1,Male,s2_37_80,s4_159_169,s2_164_318,s3_80_160,s2_2_4
5731,s2_885_1695,s2_n103_99,s4_n40_7,s1_below_4282,s3_3_4,s4_2005_2007,s2_760_2075,s5_47_57,Passenger Car,s4_48_64,Deployed,s2_97_208,s2_1_2,Female,s2_37_80,s3_141_159,s2_164_318,s4_160_220,s2_2_4
5732,s3_1695_2555,s2_n103_99,s4_n40_7,s1_below_4282,s1_below_2,s1_below_2001,s2_760_2075,s3_17_37,Truck (<=6000 lbs.),s2_11_28,Deployed,s2_97_208,s1_below_1,Male,s2_37_80,s3_141_159,s2_164_318,s3_80_160,s2_2_4
5733,s2_885_1695,s2_n103_99,s4_n40_7,s1_below_4282,s1_below_2,s5_2007_2009,s2_760_2075,s3_17_37,Passenger Car,s2_11_28,Not Deployed,s2_97_208,s1_below_1,Male,s2_37_80,s3_141_159,s2_164_318,s4_160_220,s2_2_4
5734,s2_885_1695,s2_n103_99,s4_n40_7,s1_below_4282,s3_3_4,s4_2005_2007,s2_760_2075,s4_37_47,Passenger Car,s3_28_48,Not Deployed,s2_97_208,s1_below_1,Female,s2_37_80,s3_141_159,s2_164_318,s3_80_160,s2_2_4
5735,s3_1695_2555,s2_n103_99,s5_7_up,s1_below_4282,s1_below_2,s1_below_2001,s2_760_2075,s3_17_37,Truck (<=6000 lbs.),s3_28_48,Not Deployed,s2_97_208,s1_below_1,Female,s2_37_80,s4_159_169,s2_164_318,s6_260_up,s3_4_5
5736,s2_885_1695,s2_n103_99,s5_7_up,s1_below_4282,s1_below_2,s3_2003_2005,s2_760_2075,s3_17_37,Passenger Car,s2_11_28,Not Deployed,s2_97_208,s1_below_1,Male,s2_37_80,s3_141_159,s2_164_318,s6_260_up,s2_2_4
5737,s3_1695_2555,s2_n103_99,s5_7_up,s1_below_4282,s1_below_2,s3_2003_2005,s2_760_2075,s3_17_37,Truck (<=6000 lbs.),s2_11_28,Not Deployed,s2_97_208,s1_below_1,Female,s2_37_80,s3_141_159,s2_164_318,s6_260_up,s2_2_4
5738,s2_885_1695,s2_n103_99,s4_n40_7,s1_below_4282,s1_below_2,s5_2007_2009,s2_760_2075,s4_37_47,Passenger Car,s2_11_28,Not Deployed,s2_97_208,s1_below_1,Female,s4_96_114,s3_141_159,s2_164_318,s4_160_220,s2_2_4
5739,s2_885_1695,s2_n103_99,s4_n40_7,s1_below_4282,s2_2_3,s3_2003_2005,s2_760_2075,s4_37_47,Truck (<=6000 lbs.),s3_28_48,Not Deployed,s2_97_208,s1_below_1,Female,s2_37_80,s3_141_159,s2_164_318,s3_80_160,s2_2_4
5740,s3_1695_2555,s2_n103_99,s4_n40_7,s1_below_4282,s2_2_3,s3_2003_2005,s3_2075_3730,s3_17_37,Truck (<=6000 lbs.),s3_28_48,Deployed,s2_97_208,s1_below_1,Male,s3_80_96,s4_159_169,s2_164_318,s3_80_160,s3_4_5
5741,s2_885_1695,s2_n103_99,s4_n40_7,s1_below_4282,s2_2_3,s1_below_2001,s3_2075_3730,s5_47_57,Passenger Car,s2_11_28,Not Deployed,s2_97_208,s1_below_1,Female,s2_37_80,s3_141_159,s2_164_318,s3_80_160,s2_2_4
5742,s2_885_1695,s2_n103_99,s4_n40_7,s1_below_4282,s3_3_4,s2_2001_2003,s2_760_2075,s4_37_47,Truck (<=6000 lbs.),s3_28_48,Deployed,s2_97_208,s1_below_1,Male,s4_96_114,s3_141_159,s2_164_318,s3_80_160,s2_2_4
5743,s2_885_1695,s2_n103_99,s4_n40_7,s1_below_4282,s3_3_4,s3_2003_2005,s2_760_2075,s4_37_47,Truck (<=6000 lbs.),s3_28_48,Deployed,s2_97_208,s1_below_1,Female,s6_130_up,s3_141_159,s2_164_318,s3_80_160,s2_2_4
5744,s2_885_1695,s2_n103_99,s4_n40_7,s1_below_4282,s1_below_2,s2_2001_2003,s2_760_2075,s3_17_37,Truck (<=6000 lbs.),s4_48_64,Not Deployed,s2_97_208,s1_below_1,Male,s3_80_96,s2_116_141,s2_164_318,s3_80_160,s2_2_4
5745,s3_1695_2555,s2_n103_99,s4_n40_7,s1_below_4282,s2_2_3,s4_2005_2007,s2_760_2075,s4_37_47,Truck (<=10000 lbs.),s2_11_28,Not Deployed,s2_97_208,s1_below_1,Male,s5_114_130,s3_141_159,s3_318_464,s3_80_160,s3_4_5
5746,s3_1695_2555,s2_n103_99,s5_7_up,s1_below_4282,s1_below_2,s4_2005_2007,s2_760_2075,s4_37_47,Truck (<=6000 lbs.),s3_28_48,Not Deployed,s2_97_208,s1_below_1,Female,s2_37_80,s4_159_169,s2_164_318,s6_260_up,s2_2_4
5747,s3_1695_2555,s2_n103_99,s4_n40_7,s1_below_4282,s1_below_2,s2_2001_2003,s2_760_2075,s4_37_47,Truck (<=6000 lbs.),s3_28_48,Deployed,s2_97_208,s1_below_1,Male,s2_37_80,s3_141_159,s2_164_318,s3_80_160,s2_2_4
5748,s2_885_1695,s2_n103_99,s4_n40_7,s1_below_4282,s1_below_2,s3_2003_2005,s2_760_2075,s5_47_57,Passenger Car,s6_76_up,Not Deployed,s2_97_208,s1_below_1,Female,s2_37_80,s3_141_159,s2_164_318,s4_160_220,s2_2_4
5749,s2_885_1695,s2_n103_99,s4_n40_7,s1_below_4282,s3_3_4,s3_2003_2005,s2_760_2075,s4_37_47,Passenger Car,s3_28_48,Deployed,s2_97_208,s1_below_1,Male,s5_114_130,s3_141_159,s2_164_318,s4_160_220,s2_2_4
5750,s2_885_1695,s2_n103_99,s5_7_up,s1_below_4282,s2_2_3,s3_2003_2005,s2_760_2075,s5_47_57,Passenger Car,s3_28_48,Not Deployed,s2_97_208,s1_below_1,Male,s3_80_96,s3_141_159,s2_164_318,s6_260_up,s2_2_4
5751,s2_885_1695,s2_n103_99,s4_n40_7,s1_below_4282,s3_3_4,s3_2003_2005,s2_760_2075,s4_37_47,Passenger Car,s2_11_28,Not Deployed,s2_97_208,s1_below_1,Male,s2_37_80,s3_141_159,s2_164_318,s3_80_160,s2_2_4
5752,s2_885_1695,s2_n103_99,s4_n40_7,s1_below_4282,s1_below_2,s3_2003_2005,s3_2075_3730,s3_17_37,Passenger Car,s5_64_76,Not Deployed,s2_97_208,s1_below_1,Female,s3_80_96,s3_141_159,s2_164_318,s2_40_80,s2_2_4
5753,s3_1695_2555,s2_n103_99,s5_7_up,s1_below_4282,s1_below_2,s4_2005_2007,s2_760_2075,s5_47_57,Truck (<=10000 lbs.),s2_11_28,Not Deployed,s2_97_208,s1_below_1,Female,s2_37_80,s3_141_159,s2_164_318,s4_160_220,s2_2_4
5754,s3_1695_2555,s2_n103_99,s4_n40_7,s1_below_4282,s4_4_5,s2_2001_2003,s2_760_2075,s4_37_47,Truck (<=10000 lbs.),s3_28_48,Deployed,s2_97_208,s1_below_1,Male,s4_96_114,s4_159_169,s3_318_464,s3_80_160,s4_5_6
5755,s2_885_1695,s2_n103_99,s4_n40_7,s1_below_4282,s4_4_5,s4_2005_2007,s2_760_2075,s4_37_47,Passenger Car,s2_11_28,Deployed,s2_97_208,s1_below_1,Female,s2_37_80,s3_141_159,s2_164_318,s3_80_160,s2_2_4
5756,s2_885_1695,s2_n103_99,s4_n40_7,s1_below_4282,s1_below_2,s2_2001_2003,s2_760_2075,s4_37_47,Passenger Car,s2_11_28,Deployed,s2_97_208,s1_below_1,Male,s2_37_80,s3_141_159,s2_164_318,s3_80_160,s2_2_4
5757,s2_885_1695,s2_n103_99,s4_n40_7,s1_below_4282,s1_below_2,s3_2003_2005,s2_760_2075,s3_17_37,Passenger Car,s4_48_64,Deployed,s2_97_208,s1_below_1,Male,s2_37_80,s3_141_159,s2_164_318,s3_80_160,s2_2_4
5758,s3_1695_2555,s2_n103_99,s5_7_up,s1_below_4282,s1_below_2,s2_2001_2003,s2_760_2075,s3_17_37,Truck (<=6000 lbs.),s3_28_48,Not Deployed,s2_97_208,s1_below_1,Female,s2_37_80,s4_159_169,s2_164_318,s6_260_up,s3_4_5
5759,s3_1695_2555,s2_n103_99,s4_n40_7,s1_below_4282,s4_4_5,s2_2001_2003,s3_2075_3730,s4_37_47,Truck (<=6000 lbs.),s3_28_48,Not Deployed,s2_97_208,s1_below_1,Female,s2_37_80,s3_141_159,s2_164_318,s3_80_160,s2_2_4
5760,s2_885_1695,s2_n103_99,s4_n40_7,s1_below_4282,s1_below_2,s1_below_2001,s2_760_2075,s4_37_47,Passenger Car,s2_11_28,Deployed,s2_97_208,s1_below_1,Male,s4_96_114,s3_141_159,s2_164_318,s3_80_160,s2_2_4
5761,s2_885_1695,s2_n103_99,s4_n40_7,s1_below_4282,s1_below_2,s1_below_2001,s2_760_2075,s3_17_37,Passenger Car,s2_11_28,Deployed,s2_97_208,s1_below_1,Female,s2_37_80,s3_141_159,s2_164_318,s3_80_160,s2_2_4
5762,s2_885_1695,s2_n103_99,s5_7_up,s1_below_4282,s1_below_2,s4_2005_2007,s2_760_2075,s3_17_37,Passenger Car,s3_28_48,Not Deployed,s2_97_208,s1_below_1,Male,s2_37_80,s3_141_159,s2_164_318,s6_260_up,s2_2_4
5763,s2_885_1695,s2_n103_99,s4_n40_7,s1_below_4282,s1_below_2,s3_2003_2005,s2_760_2075,s3_17_37,Passenger Car,s4_48_64,Not Deployed,s2_97_208,s1_below_1,Female,s3_80_96,s3_141_159,s2_164_318,s4_160_220,s2_2_4
5764,s3_1695_2555,s2_n103_99,s4_n40_7,s1_below_4282,s3_3_4,s1_below_2001,s2_760_2075,s4_37_47,Truck (<=10000 lbs.),s3_28_48,Not Deployed,s2_97_208,s1_below_1,Male,s3_80_96,s4_159_169,s2_164_318,s2_40_80,s3_4_5
5765,s2_885_1695,s2_n103_99,s4_n40_7,s1_below_4282,s1_below_2,s3_2003_2005,s2_760_2075,s3_17_37,Passenger Car,s4_48_64,Not Deployed,s2_97_208,s1_below_1,Female,s2_37_80,s3_141_159,s2_164_318,s2_40_80,s2_2_4
5766,s2_885_1695,s2_n103_99,s4_n40_7,s1_below_4282,s4_4_5,s2_2001_2003,s2_760_2075,s4_37_47,Truck (<=6000 lbs.),s2_11_28,Deployed,s2_97_208,s1_below_1,Male,s2_37_80,s3_141_159,s2_164_318,s3_80_160,s2_2_4
5767,s2_885_1695,s2_n103_99,s5_7_up,s1_below_4282,s1_below_2,s4_2005_2007,s2_760_2075,s3_17_37,Passenger Car,s3_28_48,Not Deployed,s2_97_208,s1_below_1,Female,s2_37_80,s3_141_159,s2_164_318,s6_260_up,s2_2_4
5768,s2_885_1695,s2_n103_99,s4_n40_7,s1_below_4282,s1_below_2,s1_below_2001,s2_760_2075,s4_37_47,Passenger Car,s4_48_64,Not Deployed,s2_97_208,s1_below_1,Female,s3_80_96,s3_141_159,s2_164_318,s3_80_160,s2_2_4
5769,s2_885_1695,s2_n103_99,s4_n40_7,s1_below_4282,s1_below_2,s5_2007_2009,s2_760_2075,s3_17_37,Passenger Car,s5_64_76,Not Deployed,s2_97_208,s1_below_1,Female,s2_37_80,s3_141_159,s2_164_318,s3_80_160,s2_2_4
5770,s2_885_1695,s2_n103_99,s5_7_up,s1_below_4282,s1_below_2,s1_below_2001,s2_760_2075,s5_47_57,Truck (<=6000 lbs.),s3_28_48,Not Deployed,s2_97_208,s1_below_1,Male,s4_96_114,s3_141_159,s3_318_464,s6_260_up,s2_2_4
5771,s3_1695_2555,s2_n103_99,s4_n40_7,s1_below_4282,s1_below_2,s2_2001_2003,s2_760_2075,s4_37_47,Truck (<=6000 lbs.),s3_28_48,Deployed,s2_97_208,s1_below_1,Female,s2_37_80,s4_159_169,s2_164_318,s4_160_220,s2_2_4
5772,s2_885_1695,s2_n103_99,s4_n40_7,s1_below_4282,s2_2_3,s4_2005_2007,s3_2075_3730,s4_37_47,Passenger Car,s2_11_28,Deployed,s2_97_208,s1_below_1,Male,s3_80_96,s3_141_159,s2_164_318,s3_80_160,s2_2_4
5773,s2_885_1695,s2_n103_99,s4_n40_7,s1_below_4282,s4_4_5,s3_2003_2005,s2_760_2075,s5_47_57,Passenger Car,s6_76_up,Deployed,s2_97_208,s2_1_2,Female,s2_37_80,s3_141_159,s2_164_318,s3_80_160,s2_2_4
5774,s3_1695_2555,s2_n103_99,s4_n40_7,s1_below_4282,s4_4_5,s2_2001_2003,s2_760_2075,s5_47_57,Passenger Car,s6_76_up,Deployed,s2_97_208,s1_below_1,Male,s2_37_80,s4_159_169,s2_164_318,s4_160_220,s2_2_4
5775,s2_885_1695,s2_n103_99,s4_n40_7,s1_below_4282,s4_4_5,s2_2001_2003,s2_760_2075,s4_37_47,Passenger Car,s5_64_76,Not Deployed,s2_97_208,s1_below_1,Female,s2_37_80,s3_141_159,s2_164_318,s3_80_160,s2_2_4
5776,s2_885_1695,s2_n103_99,s5_7_up,s1_below_4282,s1_below_2,s1_below_2001,s2_760_2075,s3_17_37,Passenger Car,s2_11_28,Not Deployed,s2_97_208,s1_below_1,Male,s2_37_80,s3_141_159,s2_164_318,s6_260_up,s2_2_4
5777,s2_885_1695,s2_n103_99,s4_n40_7,s1_below_4282,s1_below_2,s1_below_2001,s2_760_2075,s3_17_37,Passenger Car,s2_11_28,Not Deployed,s2_97_208,s1_below_1,Male,s2_37_80,s3_141_159,s2_164_318,s1_below_40,s2_2_4
5778,s2_885_1695,s2_n103_99,s5_7_up,s1_below_4282,s3_3_4,s4_2005_2007,s2_760_2075,s5_47_57,Truck (<=6000 lbs.),s5_64_76,Deployed,s2_97_208,s1_below_1,Female,s2_37_80,s3_141_159,s2_164_318,s6_260_up,s2_2_4
5779,s2_885_1695,s2_n103_99,s4_n40_7,s1_below_4282,s3_3_4,s5_2007_2009,s2_760_2075,s3_17_37,Passenger Car,s2_11_28,Not Deployed,s2_97_208,s1_below_1,Male,s4_96_114,s4_159_169,s2_164_318,s3_80_160,s3_4_5
5780,s2_885_1695,s2_n103_99,s4_n40_7,s1_below_4282,s1_below_2,s1_below_2001,s2_760_2075,s3_17_37,Passenger Car,s2_11_28,Not Deployed,s2_97_208,s1_below_1,Male,s4_96_114,s3_141_159,s2_164_318,s3_80_160,s2_2_4
5781,s3_1695_2555,s2_n103_99,s4_n40_7,s1_below_4282,s1_below_2,s5_2007_2009,s2_760_2075,s4_37_47,Truck (<=6000 lbs.),s4_48_64,Not Deployed,s2_97_208,s1_below_1,Female,s2_37_80,s3_141_159,s2_164_318,s2_40_80,s2_2_4
5782,s3_1695_2555,s2_n103_99,s5_7_up,s1_below_4282,s2_2_3,s2_2001_2003,s2_760_2075,s5_47_57,Passenger Car,s3_28_48,Not Deployed,s2_97_208,s1_below_1,Female,s2_37_80,s3_141_159,s2_164_318,s6_260_up,s2_2_4
5783,s3_1695_2555,s2_n103_99,s4_n40_7,s1_below_4282,s2_2_3,s2_2001_2003,s2_760_2075,s5_47_57,Truck (<=6000 lbs.),s2_11_28,Not Deployed,s2_97_208,s1_below_1,Male,s4_96_114,s4_159_169,s2_164_318,s3_80_160,s3_4_5
5784,s3_1695_2555,s2_n103_99,s4_n40_7,s1_below_4282,s1_below_2,s1_below_2001,s2_760_2075,s3_17_37,Passenger Car,s3_28_48,Not Deployed,s2_97_208,s1_below_1,Male,s3_80_96,s4_159_169,s2_164_318,s4_160_220,s2_2_4
5785,s2_885_1695,s2_n103_99,s4_n40_7,s1_below_4282,s1_below_2,s2_2001_2003,s2_760_2075,s3_17_37,Passenger Car,s2_11_28,Deployed,s2_97_208,s1_below_1,Female,s2_37_80,s3_141_159,s2_164_318,s3_80_160,s2_2_4
5786,s2_885_1695,s2_n103_99,s5_7_up,s1_below_4282,s4_4_5,s3_2003_2005,s2_760_2075,s3_17_37,Passenger Car,s6_76_up,Not Deployed,s2_97_208,s1_below_1,Male,s3_80_96,s3_141_159,s2_164_318,s6_260_up,s2_2_4
5787,s2_885_1695,s2_n103_99,s4_n40_7,s1_below_4282,s1_below_2,s1_below_2001,s2_760_2075,s3_17_37,Passenger Car,s2_11_28,Deployed,s2_97_208,s1_below_1,Male,s3_80_96,s3_141_159,s2_164_318,s3_80_160,s2_2_4
5788,s2_885_1695,s2_n103_99,s4_n40_7,s1_below_4282,s2_2_3,s3_2003_2005,s2_760_2075,s3_17_37,Passenger Car,s2_11_28,Not Deployed,s2_97_208,s1_below_1,Female,s2_37_80,s3_141_159,s2_164_318,s4_160_220,s2_2_4
5789,s2_885_1695,s2_n103_99,s5_7_up,s1_below_4282,s1_below_2,s1_below_2001,s2_760_2075,s4_37_47,Passenger Car,s2_11_28,Not Deployed,s2_97_208,s1_below_1,Female,s2_37_80,s3_141_159,s2_164_318,s3_80_160,s2_2_4
5790,s2_885_1695,s2_n103_99,s4_n40_7,s1_below_4282,s4_4_5,s5_2007_2009,s3_2075_3730,s3_17_37,Passenger Car,s3_28_48,Deployed,s2_97_208,s3_2_3,Male,s3_80_96,s3_141_159,s2_164_318,s3_80_160,s2_2_4
5791,s3_1695_2555,s2_n103_99,s4_n40_7,s1_below_4282,s4_4_5,s2_2001_2003,s2_760_2075,s3_17_37,Truck (<=10000 lbs.),s3_28_48,Not Deployed,s2_97_208,s1_below_1,Male,s3_80_96,s4_159_169,s3_318_464,s4_160_220,s4_5_6
5792,s3_1695_2555,s2_n103_99,s4_n40_7,s1_below_4282,s1_below_2,s3_2003_2005,s2_760_2075,s3_17_37,Truck (<=6000 lbs.),s2_11_28,Not Deployed,s2_97_208,s1_below_1,Male,s2_37_80,s4_159_169,s2_164_318,s2_40_80,s3_4_5
5793,s2_885_1695,s2_n103_99,s5_7_up,s1_below_4282,s1_below_2,s3_2003_2005,s2_760_2075,s4_37_47,Truck (<=6000 lbs.),s3_28_48,Not Deployed,s2_97_208,s1_below_1,Female,s2_37_80,s3_141_159,s2_164_318,s6_260_up,s2_2_4
5794,s2_885_1695,s2_n103_99,s4_n40_7,s1_below_4282,s1_below_2,s3_2003_2005,s2_760_2075,s4_37_47,Passenger Car,s4_48_64,Not Deployed,s2_97_208,s1_below_1,Female,s2_37_80,s3_141_159,s2_164_318,s3_80_160,s2_2_4
5795,s2_885_1695,s2_n103_99,s3_n81_n40,s1_below_4282,s1_below_2,s4_2005_2007,s2_760_2075,s4_37_47,Passenger Car,s4_48_64,Deployed,s2_97_208,s2_1_2,Male,s2_37_80,s3_141_159,s2_164_318,s3_80_160,s2_2_4
5796,s3_1695_2555,s2_n103_99,s5_7_up,s1_below_4282,s1_below_2,s3_2003_2005,s2_760_2075,s4_37_47,Truck (<=6000 lbs.),s3_28_48,Not Deployed,s2_97_208,s1_below_1,Male,s3_80_96,s3_141_159,s2_164_318,s6_260_up,s2_2_4
5797,s3_1695_2555,s2_n103_99,s5_7_up,s1_below_4282,s2_2_3,s4_2005_2007,s2_760_2075,s4_37_47,Truck (<=6000 lbs.),s4_48_64,Not Deployed,s2_97_208,s1_below_1,Female,s2_37_80,s3_141_159,s2_164_318,s6_260_up,s2_2_4
5798,s2_885_1695,s2_n103_99,s4_n40_7,s1_below_4282,s2_2_3,s2_2001_2003,s2_760_2075,s4_37_47,Passenger Car,s4_48_64,Deployed,s2_97_208,s1_below_1,Female,s2_37_80,s3_141_159,s2_164_318,s3_80_160,s2_2_4
5799,s3_1695_2555,s2_n103_99,s4_n40_7,s1_below_4282,s1_below_2,s3_2003_2005,s2_760_2075,s3_17_37,Truck (<=6000 lbs.),s3_28_48,Not Deployed,s2_97_208,s1_below_1,Male,s4_96_114,s3_141_159,s2_164_318,s3_80_160,s3_4_5
5800,s2_885_1695,s2_n103_99,s4_n40_7,s1_below_4282,s1_below_2,s2_2001_2003,s2_760_2075,s3_17_37,Truck (<=6000 lbs.),s4_48_64,Not Deployed,s2_97_208,s1_below_1,Male,s5_114_130,s3_141_159,s2_164_318,s4_160_220,s3_4_5
5801,s4_2555_3715,s2_n103_99,s4_n40_7,s1_below_4282,s2_2_3,s3_2003_2005,s3_2075_3730,s4_37_47,Truck (<=10000 lbs.),s3_28_48,Not Deployed,s2_97_208,s1_below_1,Male,s2_37_80,s5_169_179,s3_318_464,s4_160_220,s4_5_6
5802,s3_1695_2555,s2_n103_99,s4_n40_7,s1_below_4282,s4_4_5,s2_2001_2003,s3_2075_3730,s4_37_47,Truck (<=10000 lbs.),s3_28_48,Not Deployed,s2_97_208,s2_1_2,Male,s5_114_130,s4_159_169,s3_318_464,s3_80_160,s4_5_6
5803,s2_885_1695,s2_n103_99,s4_n40_7,s1_below_4282,s3_3_4,s2_2001_2003,s2_760_2075,s4_37_47,Passenger Car,s6_76_up,Not Deployed,s2_97_208,s1_below_1,Female,s2_37_80,s3_141_159,s2_164_318,s4_160_220,s2_2_4
5804,s3_1695_2555,s2_n103_99,s4_n40_7,s1_below_4282,s1_below_2,s3_2003_2005,s2_760_2075,s4_37_47,Truck (<=10000 lbs.),s2_11_28,Deployed,s2_97_208,s1_below_1,Male,s4_96_114,s4_159_169,s2_164_318,s5_220_260,s3_4_5
5805,s2_885_1695,s2_n103_99,s4_n40_7,s1_below_4282,s1_below_2,s5_2007_2009,s2_760_2075,s3_17_37,Passenger Car,s6_76_up,Not Deployed,s2_97_208,s1_below_1,Female,s2_37_80,s3_141_159,s2_164_318,s2_40_80,s2_2_4
5806,s2_885_1695,s2_n103_99,s5_7_up,s1_below_4282,s4_4_5,s5_2007_2009,s3_2075_3730,s4_37_47,Passenger Car,s4_48_64,Deployed,s2_97_208,s1_below_1,Female,s3_80_96,s3_141_159,s2_164_318,s6_260_up,s2_2_4
5807,s3_1695_2555,s2_n103_99,s4_n40_7,s1_below_4282,s4_4_5,s4_2005_2007,s2_760_2075,s4_37_47,Truck (<=10000 lbs.),s3_28_48,Deployed,s2_97_208,s1_below_1,Male,s2_37_80,s4_159_169,s2_164_318,s3_80_160,s2_2_4
5808,s2_885_1695,s2_n103_99,s3_n81_n40,s1_below_4282,s1_below_2,s2_2001_2003,s3_2075_3730,s5_47_57,Passenger Car,s2_11_28,Deployed,s2_97_208,s1_below_1,Male,s2_37_80,s3_141_159,s2_164_318,s3_80_160,s2_2_4
5809,s3_1695_2555,s2_n103_99,s4_n40_7,s1_below_4282,s1_below_2,s1_below_2001,s2_760_2075,s5_47_57,Truck (<=10000 lbs.),s4_48_64,Not Deployed,s2_97_208,s2_1_2,Male,s3_80_96,s4_159_169,s3_318_464,s4_160_220,s4_5_6
5810,s3_1695_2555,s2_n103_99,s4_n40_7,s1_below_4282,s5_5_6,s4_2005_2007,s2_760_2075,s4_37_47,Truck (<=10000 lbs.),s2_11_28,Deployed,s2_97_208,s1_below_1,Male,s2_37_80,s5_169_179,s2_164_318,s3_80_160,s3_4_5
5811,s2_885_1695,s2_n103_99,s4_n40_7,s1_below_4282,s3_3_4,s2_2001_2003,s2_760_2075,s4_37_47,Truck (<=6000 lbs.),s2_11_28,Deployed,s2_97_208,s1_below_1,Female,s2_37_80,s3_141_159,s2_164_318,s3_80_160,s2_2_4
5812,s2_885_1695,s2_n103_99,s4_n40_7,s1_below_4282,s4_4_5,s2_2001_2003,s2_760_2075,s4_37_47,Passenger Car,s3_28_48,Deployed,s2_97_208,s1_below_1,Female,s3_80_96,s3_141_159,s2_164_318,s4_160_220,s2_2_4
5813,s3_1695_2555,s2_n103_99,s4_n40_7,s1_below_4282,s2_2_3,s1_below_2001,s3_2075_3730,s4_37_47,Truck (<=10000 lbs.),s3_28_48,Not Deployed,s2_97_208,s1_below_1,Male,s2_37_80,s5_169_179,s3_318_464,s3_80_160,s4_5_6
5814,s3_1695_2555,s2_n103_99,s4_n40_7,s1_below_4282,s2_2_3,s2_2001_2003,s3_2075_3730,s4_37_47,Truck (<=10000 lbs.),s5_64_76,Not Deployed,s2_97_208,s1_below_1,Male,s3_80_96,s6_179_up,s3_318_464,s3_80_160,s4_5_6
5815,s2_885_1695,s2_n103_99,s4_n40_7,s1_below_4282,s1_below_2,s2_2001_2003,s3_2075_3730,s3_17_37,Passenger Car,s2_11_28,Not Deployed,s2_97_208,s1_below_1,Male,s2_37_80,s3_141_159,s2_164_318,s3_80_160,s2_2_4
5816,s3_1695_2555,s2_n103_99,s4_n40_7,s1_below_4282,s1_below_2,s1_below_2001,s2_760_2075,s3_17_37,Truck (<=6000 lbs.),s5_64_76,Not Deployed,s2_97_208,s1_below_1,Female,s2_37_80,s3_141_159,s2_164_318,s4_160_220,s2_2_4
5817,s2_885_1695,s2_n103_99,s4_n40_7,s1_below_4282,s5_5_6,s5_2007_2009,s2_760_2075,s5_47_57,Passenger Car,s5_64_76,Deployed,s2_97_208,s1_below_1,Male,s2_37_80,s3_141_159,s2_164_318,s3_80_160,s2_2_4
5818,s2_885_1695,s2_n103_99,s4_n40_7,s1_below_4282,s1_below_2,s2_2001_2003,s2_760_2075,s3_17_37,Passenger Car,s2_11_28,Deployed,s2_97_208,s1_below_1,Male,s3_80_96,s3_141_159,s2_164_318,s3_80_160,s2_2_4
5819,s3_1695_2555,s2_n103_99,s4_n40_7,s1_below_4282,s4_4_5,s3_2003_2005,s2_760_2075,s3_17_37,Truck (<=6000 lbs.),s3_28_48,Deployed,s2_97_208,s1_below_1,Female,s2_37_80,s3_141_159,s2_164_318,s4_160_220,s2_2_4
5820,s2_885_1695,s2_n103_99,s5_7_up,s1_below_4282,s1_below_2,s3_2003_2005,s3_2075_3730,s4_37_47,Passenger Car,s5_64_76,Not Deployed,s2_97_208,s1_below_1,Female,s3_80_96,s3_141_159,s2_164_318,s6_260_up,s2_2_4
5821,s2_885_1695,s2_n103_99,s4_n40_7,s1_below_4282,s1_below_2,s1_below_2001,s2_760_2075,s3_17_37,Passenger Car,s6_76_up,Not Deployed,s2_97_208,s1_below_1,Male,s2_37_80,s3_141_159,s2_164_318,s3_80_160,s2_2_4
5822,s2_885_1695,s2_n103_99,s3_n81_n40,s1_below_4282,s4_4_5,s1_below_2001,s3_2075_3730,s4_37_47,Passenger Car,s3_28_48,Deployed,s2_97_208,s3_2_3,Male,s2_37_80,s3_141_159,s2_164_318,s3_80_160,s2_2_4
5823,s2_885_1695,s2_n103_99,s3_n81_n40,s1_below_4282,s5_5_6,s4_2005_2007,s2_760_2075,s4_37_47,Passenger Car,s2_11_28,Deployed,s2_97_208,s1_below_1,Female,s3_80_96,s3_141_159,s2_164_318,s3_80_160,s2_2_4
5824,s2_885_1695,s2_n103_99,s4_n40_7,s1_below_4282,s3_3_4,s3_2003_2005,s2_760_2075,s4_37_47,Passenger Car,s4_48_64,Not Deployed,s2_97_208,s1_below_1,Female,s2_37_80,s3_141_159,s2_164_318,s3_80_160,s2_2_4
5825,s3_1695_2555,s2_n103_99,s4_n40_7,s1_below_4282,s3_3_4,s3_2003_2005,s2_760_2075,s4_37_47,Truck (<=6000 lbs.),s3_28_48,Not Deployed,s2_97_208,s1_below_1,Male,s3_80_96,s4_159_169,s2_164_318,s3_80_160,s2_2_4
5826,s2_885_1695,s2_n103_99,s4_n40_7,s1_below_4282,s2_2_3,s4_2005_2007,s3_2075_3730,s3_17_37,Passenger Car,s4_48_64,Deployed,s2_97_208,s1_below_1,Female,s2_37_80,s3_141_159,s2_164_318,s3_80_160,s2_2_4
5827,s2_885_1695,s2_n103_99,s4_n40_7,s1_below_4282,s2_2_3,s3_2003_2005,s2_760_2075,s3_17_37,Passenger Car,s3_28_48,Not Deployed,s2_97_208,s2_1_2,Male,s2_37_80,s3_141_159,s2_164_318,s2_40_80,s2_2_4
5828,s3_1695_2555,s2_n103_99,s4_n40_7,s1_below_4282,s1_below_2,s3_2003_2005,s2_760_2075,s3_17_37,Truck (<=6000 lbs.),s2_11_28,Not Deployed,s2_97_208,s1_below_1,Male,s2_37_80,s3_141_159,s2_164_318,s5_220_260,s2_2_4
5829,s2_885_1695,s2_n103_99,s4_n40_7,s1_below_4282,s1_below_2,s1_below_2001,s2_760_2075,s3_17_37,Passenger Car,s3_28_48,Deployed,s2_97_208,s1_below_1,Female,s2_37_80,s3_141_159,s2_164_318,s3_80_160,s2_2_4
5830,s2_885_1695,s2_n103_99,s4_n40_7,s1_below_4282,s1_below_2,s4_2005_2007,s2_760_2075,s3_17_37,Truck (<=6000 lbs.),s3_28_48,Not Deployed,s2_97_208,s1_below_1,Female,s6_130_up,s3_141_159,s2_164_318,s4_160_220,s2_2_4
5831,s2_885_1695,s2_n103_99,s3_n81_n40,s1_below_4282,s4_4_5,s1_below_2001,s3_2075_3730,s4_37_47,Passenger Car,s2_11_28,Deployed,s2_97_208,s1_below_1,Male,s2_37_80,s3_141_159,s2_164_318,s3_80_160,s2_2_4
5832,s2_885_1695,s2_n103_99,s4_n40_7,s1_below_4282,s1_below_2,s1_below_2001,s2_760_2075,s4_37_47,Passenger Car,s3_28_48,Not Deployed,s2_97_208,s1_below_1,Male,s2_37_80,s3_141_159,s2_164_318,s1_below_40,s2_2_4
5833,s3_1695_2555,s2_n103_99,s4_n40_7,s1_below_4282,s1_below_2,s4_2005_2007,s2_760_2075,s4_37_47,Truck (<=6000 lbs.),s3_28_48,Deployed,s2_97_208,s1_below_1,Male,s3_80_96,s3_141_159,s2_164_318,s3_80_160,s2_2_4
5834,s2_885_1695,s2_n103_99,s4_n40_7,s1_below_4282,s2_2_3,s4_2005_2007,s2_760_2075,s4_37_47,Passenger Car,s4_48_64,Not Deployed,s2_97_208,s1_below_1,Female,s2_37_80,s3_141_159,s2_164_318,s3_80_160,s2_2_4
5835,s2_885_1695,s2_n103_99,s5_7_up,s1_below_4282,s1_below_2,s1_below_2001,s2_760_2075,s3_17_37,Passenger Car,s3_28_48,Not Deployed,s2_97_208,s1_below_1,Male,s3_80_96,s3_141_159,s2_164_318,s5_220_260,s2_2_4
5836,s2_885_1695,s2_n103_99,s4_n40_7,s1_below_4282,s1_below_2,s4_2005_2007,s2_760_2075,s3_17_37,Truck (<=6000 lbs.),s3_28_48,Not Deployed,s2_97_208,s1_below_1,Male,s2_37_80,s3_141_159,s2_164_318,s3_80_160,s2_2_4
5837,s2_885_1695,s2_n103_99,s4_n40_7,s1_below_4282,s2_2_3,s3_2003_2005,s2_760_2075,s4_37_47,Passenger Car,s3_28_48,Deployed,s2_97_208,s1_below_1,Male,s3_80_96,s3_141_159,s2_164_318,s3_80_160,s2_2_4
5838,s2_885_1695,s2_n103_99,s4_n40_7,s1_below_4282,s1_below_2,s4_2005_2007,s2_760_2075,s4_37_47,Passenger Car,s3_28_48,Not Deployed,s2_97_208,s1_below_1,Male,s3_80_96,s3_141_159,s2_164_318,s5_220_260,s2_2_4
5839,s2_885_1695,s2_n103_99,s3_n81_n40,s1_below_4282,s3_3_4,s3_2003_2005,s3_2075_3730,s4_37_47,Passenger Car,s3_28_48,Deployed,s2_97_208,s1_below_1,Male,s3_80_96,s3_141_159,s2_164_318,s3_80_160,s2_2_4
5840,s2_885_1695,s2_n103_99,s4_n40_7,s1_below_4282,s1_below_2,s3_2003_2005,s2_760_2075,s4_37_47,Passenger Car,s4_48_64,Not Deployed,s2_97_208,s1_below_1,Female,s2_37_80,s3_141_159,s2_164_318,s3_80_160,s2_2_4
5841,s2_885_1695,s2_n103_99,s4_n40_7,s1_below_4282,s1_below_2,s1_below_2001,s2_760_2075,s4_37_47,Truck (<=6000 lbs.),s2_11_28,Not Deployed,s2_97_208,s1_below_1,Female,s2_37_80,s3_141_159,s2_164_318,s3_80_160,s2_2_4
5842,s2_885_1695,s2_n103_99,s4_n40_7,s1_below_4282,s1_below_2,s3_2003_2005,s2_760_2075,s3_17_37,Passenger Car,s2_11_28,Not Deployed,s2_97_208,s1_below_1,Male,s2_37_80,s3_141_159,s2_164_318,s3_80_160,s2_2_4
5843,s3_1695_2555,s2_n103_99,s4_n40_7,s1_below_4282,s1_below_2,s1_below_2001,s2_760_2075,s3_17_37,Truck (<=10000 lbs.),s3_28_48,Not Deployed,s2_97_208,s1_below_1,Female,s2_37_80,s3_141_159,s2_164_318,s3_80_160,s2_2_4
5844,s3_1695_2555,s2_n103_99,s4_n40_7,s1_below_4282,s3_3_4,s2_2001_2003,s2_760_2075,s4_37_47,Truck (<=6000 lbs.),s2_11_28,Deployed,s2_97_208,s1_below_1,Female,s2_37_80,s5_169_179,s2_164_318,s4_160_220,s2_2_4
5845,s3_1695_2555,s2_n103_99,s4_n40_7,s1_below_4282,s3_3_4,s3_2003_2005,s2_760_2075,s4_37_47,Truck (<=6000 lbs.),s3_28_48,Deployed,s2_97_208,s3_2_3,Female,s6_130_up,s4_159_169,s2_164_318,s3_80_160,s3_4_5
5846,s2_885_1695,s2_n103_99,s4_n40_7,s1_below_4282,s1_below_2,s4_2005_2007,s2_760_2075,s1_below_7,Passenger Car,s3_28_48,Deployed,s2_97_208,s1_below_1,Male,s3_80_96,s3_141_159,s2_164_318,s3_80_160,s2_2_4
5847,s3_1695_2555,s2_n103_99,s4_n40_7,s1_below_4282,s1_below_2,s3_2003_2005,s2_760_2075,s4_37_47,Truck (<=6000 lbs.),s3_28_48,Not Deployed,s2_97_208,s1_below_1,Male,s2_37_80,s3_141_159,s2_164_318,s3_80_160,s2_2_4
5848,s2_885_1695,s2_n103_99,s5_7_up,s1_below_4282,s1_below_2,s2_2001_2003,s2_760_2075,s4_37_47,Passenger Car,s4_48_64,Deployed,s2_97_208,s1_below_1,Male,s4_96_114,s3_141_159,s2_164_318,s3_80_160,s2_2_4
5849,s2_885_1695,s2_n103_99,s4_n40_7,s1_below_4282,s2_2_3,s3_2003_2005,s2_760_2075,s3_17_37,Passenger Car,s3_28_48,Not Deployed,s2_97_208,s1_below_1,Female,s4_96_114,s3_141_159,s2_164_318,s3_80_160,s2_2_4
5850,s3_1695_2555,s2_n103_99,s3_n81_n40,s1_below_4282,s3_3_4,s2_2001_2003,s2_760_2075,s3_17_37,Passenger Car,s3_28_48,Deployed,s2_97_208,s1_below_1,Male,s3_80_96,s3_141_159,s2_164_318,s3_80_160,s2_2_4
5851,s2_885_1695,s2_n103_99,s4_n40_7,s1_below_4282,s1_below_2,s4_2005_2007,s2_760_2075,s4_37_47,Passenger Car,s3_28_48,Not Deployed,s2_97_208,s1_below_1,Female,s2_37_80,s3_141_159,s2_164_318,s3_80_160,s2_2_4
5852,s2_885_1695,s2_n103_99,s4_n40_7,s1_below_4282,s1_below_2,s3_2003_2005,s2_760_2075,s4_37_47,Passenger Car,s4_48_64,Not Deployed,s2_97_208,s1_below_1,Female,s2_37_80,s3_141_159,s2_164_318,s4_160_220,s2_2_4
5853,s3_1695_2555,s2_n103_99,s4_n40_7,s1_below_4282,s1_below_2,s2_2001_2003,s2_760_2075,s4_37_47,Truck (<=6000 lbs.),s4_48_64,Deployed,s2_97_208,s2_1_2,Male,s5_114_130,s4_159_169,s2_164_318,s3_80_160,s2_2_4
5854,s2_885_1695,s2_n103_99,s4_n40_7,s1_below_4282,s1_below_2,s2_2001_2003,s2_760_2075,s3_17_37,Truck (<=6000 lbs.),s4_48_64,Deployed,s2_97_208,s1_below_1,Male,s3_80_96,s3_141_159,s2_164_318,s3_80_160,s2_2_4
5855,s2_885_1695,s2_n103_99,s4_n40_7,s1_below_4282,s1_below_2,s2_2001_2003,s2_760_2075,s3_17_37,Passenger Car,s4_48_64,Deployed,s2_97_208,s1_below_1,Female,s2_37_80,s3_141_159,s2_164_318,s3_80_160,s2_2_4
5856,s3_1695_2555,s2_n103_99,s5_7_up,s1_below_4282,s2_2_3,s4_2005_2007,s2_760_2075,s4_37_47,Truck (<=6000 lbs.),s2_11_28,Not Deployed,s2_97_208,s1_below_1,Female,s2_37_80,s5_169_179,s2_164_318,s6_260_up,s4_5_6
5857,s3_1695_2555,s2_n103_99,s4_n40_7,s1_below_4282,s1_below_2,s3_2003_2005,s2_760_2075,s3_17_37,Truck (<=6000 lbs.),s3_28_48,Not Deployed,s2_97_208,s1_below_1,Female,s2_37_80,s4_159_169,s2_164_318,s3_80_160,s3_4_5
5858,s2_885_1695,s2_n103_99,s4_n40_7,s1_below_4282,s5_5_6,s1_below_2001,s2_760_2075,s3_17_37,Passenger Car,s3_28_48,Not Deployed,s2_97_208,s1_below_1,Female,s4_96_114,s3_141_159,s2_164_318,s3_80_160,s2_2_4
5859,s2_885_1695,s2_n103_99,s4_n40_7,s1_below_4282,s1_below_2,s2_2001_2003,s2_760_2075,s3_17_37,Passenger Car,s4_48_64,Not Deployed,s2_97_208,s1_below_1,Female,s2_37_80,s3_141_159,s2_164_318,s4_160_220,s2_2_4
5860,s2_885_1695,s2_n103_99,s4_n40_7,s1_below_4282,s3_3_4,s4_2005_2007,s2_760_2075,s4_37_47,Passenger Car,s2_11_28,Deployed,s2_97_208,s1_below_1,Male,s4_96_114,s3_141_159,s2_164_318,s4_160_220,s2_2_4
5861,s2_885_1695,s2_n103_99,s5_7_up,s1_below_4282,s3_3_4,s4_2005_2007,s2_760_2075,s4_37_47,Passenger Car,s3_28_48,Deployed,s2_97_208,s1_below_1,Female,s2_37_80,s4_159_169,s2_164_318,s3_80_160,s3_4_5
5862,s2_885_1695,s2_n103_99,s4_n40_7,s1_below_4282,s1_below_2,s3_2003_2005,s2_760_2075,s3_17_37,Passenger Car,s3_28_48,Not Deployed,s2_97_208,s1_below_1,Female,s3_80_96,s3_141_159,s2_164_318,s4_160_220,s2_2_4
5863,s2_885_1695,s2_n103_99,s4_n40_7,s1_below_4282,s5_5_6,s4_2005_2007,s2_760_2075,s4_37_47,Truck (<=6000 lbs.),s6_76_up,Deployed,s2_97_208,s1_below_1,Male,s3_80_96,s3_141_159,s2_164_318,s3_80_160,s2_2_4
5864,s2_885_1695,s2_n103_99,s4_n40_7,s1_below_4282,s1_below_2,s1_below_2001,s2_760_2075,s3_17_37,Passenger Car,s3_28_48,Not Deployed,s2_97_208,s1_below_1,Female,s2_37_80,s3_141_159,s2_164_318,s3_80_160,s2_2_4
5865,s2_885_1695,s2_n103_99,s4_n40_7,s1_below_4282,s1_below_2,s2_2001_2003,s2_760_2075,s3_17_37,Passenger Car,s3_28_48,Deployed,s2_97_208,s1_below_1,Male,s2_37_80,s3_141_159,s2_164_318,s3_80_160,s2_2_4
5866,s2_885_1695,s2_n103_99,s4_n40_7,s1_below_4282,s1_below_2,s1_below_2001,s2_760_2075,s3_17_37,Passenger Car,s2_11_28,Deployed,s2_97_208,s1_below_1,Female,s2_37_80,s3_141_159,s2_164_318,s3_80_160,s2_2_4
5867,s2_885_1695,s2_n103_99,s5_7_up,s1_below_4282,s1_below_2,s4_2005_2007,s3_2075_3730,s4_37_47,Passenger Car,s4_48_64,Not Deployed,s2_97_208,s1_below_1,Female,s2_37_80,s3_141_159,s2_164_318,s6_260_up,s2_2_4
5868,s2_885_1695,s2_n103_99,s4_n40_7,s1_below_4282,s2_2_3,s2_2001_2003,s2_760_2075,s4_37_47,Passenger Car,s6_76_up,Not Deployed,s2_97_208,s1_below_1,Female,s2_37_80,s3_141_159,s2_164_318,s4_160_220,s2_2_4
5869,s3_1695_2555,s2_n103_99,s4_n40_7,s1_below_4282,s1_below_2,s4_2005_2007,s2_760_2075,s4_37_47,Truck (<=10000 lbs.),s3_28_48,Not Deployed,s2_97_208,s1_below_1,Female,s2_37_80,s5_169_179,s3_318_464,s4_160_220,s4_5_6
5870,s2_885_1695,s2_n103_99,s4_n40_7,s1_below_4282,s1_below_2,s1_below_2001,s2_760_2075,s3_17_37,Passenger Car,s4_48_64,Not Deployed,s2_97_208,s1_below_1,Female,s2_37_80,s3_141_159,s2_164_318,s3_80_160,s2_2_4
5871,s2_885_1695,s2_n103_99,s4_n40_7,s1_below_4282,s2_2_3,s4_2005_2007,s2_760_2075,s4_37_47,Passenger Car,s4_48_64,Deployed,s2_97_208,s1_below_1,Male,s3_80_96,s3_141_159,s2_164_318,s3_80_160,s2_2_4
5872,s2_885_1695,s2_n103_99,s4_n40_7,s1_below_4282,s4_4_5,s4_2005_2007,s2_760_2075,s4_37_47,Passenger Car,s4_48_64,Deployed,s2_97_208,s1_below_1,Male,s2_37_80,s3_141_159,s2_164_318,s3_80_160,s2_2_4
5873,s3_1695_2555,s2_n103_99,s4_n40_7,s1_below_4282,s5_5_6,s4_2005_2007,s3_2075_3730,s4_37_47,Truck (<=10000 lbs.),s2_11_28,Not Deployed,s2_97_208,s1_below_1,Male,s2_37_80,s4_159_169,s3_318_464,s3_80_160,s4_5_6
5874,s2_885_1695,s2_n103_99,s4_n40_7,s1_below_4282,s1_below_2,s4_2005_2007,s2_760_2075,s4_37_47,Passenger Car,s2_11_28,Deployed,s2_97_208,s1_below_1,Male,s3_80_96,s3_141_159,s2_164_318,s3_80_160,s2_2_4
5875,s3_1695_2555,s2_n103_99,s4_n40_7,s1_below_4282,s1_below_2,s3_2003_2005,s2_760_2075,s3_17_37,Truck (<=10000 lbs.),s4_48_64,Not Deployed,s2_97_208,s1_below_1,Female,s3_80_96,s5_169_179,s3_318_464,s4_160_220,s4_5_6
5876,s3_1695_2555,s2_n103_99,s4_n40_7,s1_below_4282,s1_below_2,s5_2007_2009,s2_760_2075,s3_17_37,Truck (<=10000 lbs.),s3_28_48,Not Deployed,s2_97_208,s1_below_1,Female,s2_37_80,s4_159_169,s2_164_318,s3_80_160,s3_4_5
5877,s3_1695_2555,s2_n103_99,s5_7_up,s1_below_4282,s1_below_2,s3_2003_2005,s2_760_2075,s5_47_57,Passenger Car,s2_11_28,Not Deployed,s2_97_208,s1_below_1,Male,s3_80_96,s4_159_169,s2_164_318,s6_260_up,s3_4_5
5878,s2_885_1695,s2_n103_99,s4_n40_7,s1_below_4282,s1_below_2,s3_2003_2005,s2_760_2075,s4_37_47,Passenger Car,s4_48_64,Deployed,s2_97_208,s1_below_1,Male,s3_80_96,s3_141_159,s2_164_318,s3_80_160,s2_2_4
5879,s3_1695_2555,s2_n103_99,s4_n40_7,s1_below_4282,s1_below_2,s2_2001_2003,s2_760_2075,s4_37_47,Truck (<=6000 lbs.),s5_64_76,Not Deployed,s2_97_208,s1_below_1,Male,s4_96_114,s4_159_169,s2_164_318,s1_below_40,s3_4_5
5880,s2_885_1695,s2_n103_99,s4_n40_7,s1_below_4282,s1_below_2,s1_below_2001,s3_2075_3730,s3_17_37,Passenger Car,s3_28_48,Not Deployed,s2_97_208,s1_below_1,Male,s3_80_96,s3_141_159,s2_164_318,s3_80_160,s2_2_4
5881,s2_885_1695,s2_n103_99,s5_7_up,s1_below_4282,s2_2_3,s5_2007_2009,s2_760_2075,s4_37_47,Truck (<=6000 lbs.),s3_28_48,Not Deployed,s2_97_208,s1_below_1,Male,s3_80_96,s4_159_169,s2_164_318,s6_260_up,s2_2_4
5882,s2_885_1695,s2_n103_99,s4_n40_7,s1_below_4282,s2_2_3,s1_below_2001,s3_2075_3730,s4_37_47,Passenger Car,s2_11_28,Deployed,s2_97_208,s1_below_1,Female,s2_37_80,s3_141_159,s2_164_318,s3_80_160,s2_2_4
5883,s2_885_1695,s2_n103_99,s4_n40_7,s1_below_4282,s1_below_2,s4_2005_2007,s2_760_2075,s4_37_47,Truck (<=6000 lbs.),s3_28_48,Not Deployed,s2_97_208,s1_below_1,Female,s3_80_96,s3_141_159,s2_164_318,s4_160_220,s2_2_4
5884,s2_885_1695,s2_n103_99,s4_n40_7,s1_below_4282,s4_4_5,s2_2001_2003,s2_760_2075,s4_37_47,Passenger Car,s3_28_48,Not Deployed,s2_97_208,s1_below_1,Male,s2_37_80,s3_141_159,s2_164_318,s4_160_220,s2_2_4
5885,s2_885_1695,s2_n103_99,s4_n40_7,s1_below_4282,s1_below_2,s4_2005_2007,s2_760_2075,s3_17_37,Passenger Car,s2_11_28,Not Deployed,s2_97_208,s1_below_1,Male,s2_37_80,s3_141_159,s2_164_318,s3_80_160,s2_2_4
5886,s3_1695_2555,s2_n103_99,s4_n40_7,s1_below_4282,s1_below_2,s1_below_2001,s2_760_2075,s3_17_37,Truck (<=6000 lbs.),s3_28_48,Deployed,s2_97_208,s1_below_1,Female,s2_37_80,s4_159_169,s2_164_318,s3_80_160,s3_4_5
5887,s3_1695_2555,s2_n103_99,s4_n40_7,s1_below_4282,s2_2_3,s2_2001_2003,s2_760_2075,s4_37_47,Truck (<=6000 lbs.),s2_11_28,Not Deployed,s2_97_208,s1_below_1,Female,s2_37_80,s4_159_169,s2_164_318,s3_80_160,s2_2_4
5888,s3_1695_2555,s2_n103_99,s5_7_up,s1_below_4282,s2_2_3,s4_2005_2007,s3_2075_3730,s4_37_47,Truck (<=10000 lbs.),s4_48_64,Not Deployed,s2_97_208,s1_below_1,Male,s3_80_96,s4_159_169,s3_318_464,s6_260_up,s4_5_6
5889,s2_885_1695,s2_n103_99,s5_7_up,s1_below_4282,s2_2_3,s2_2001_2003,s3_2075_3730,s4_37_47,Passenger Car,s3_28_48,Not Deployed,s2_97_208,s1_below_1,Female,s2_37_80,s3_141_159,s2_164_318,s6_260_up,s2_2_4
5890,s2_885_1695,s2_n103_99,s4_n40_7,s1_below_4282,s1_below_2,s5_2007_2009,s2_760_2075,s3_17_37,Passenger Car,s4_48_64,Deployed,s2_97_208,s1_below_1,Male,s2_37_80,s3_141_159,s2_164_318,s3_80_160,s2_2_4
5891,s3_1695_2555,s2_n103_99,s4_n40_7,s1_below_4282,s1_below_2,s4_2005_2007,s3_2075_3730,s3_17_37,Truck (<=10000 lbs.),s3_28_48,Not Deployed,s2_97_208,s1_below_1,Male,s4_96_114,s5_169_179,s3_318_464,s2_40_80,s4_5_6
5892,s3_1695_2555,s2_n103_99,s4_n40_7,s1_below_4282,s1_below_2,s2_2001_2003,s2_760_2075,s6_57_up,Truck (<=6000 lbs.),s3_28_48,Not Deployed,s2_97_208,s1_below_1,Male,s2_37_80,s3_141_159,s2_164_318,s4_160_220,s2_2_4
5893,s2_885_1695,s2_n103_99,s4_n40_7,s1_below_4282,s2_2_3,s5_2007_2009,s2_760_2075,s4_37_47,Passenger Car,s4_48_64,Not Deployed,s2_97_208,s1_below_1,Female,s3_80_96,s3_141_159,s2_164_318,s3_80_160,s2_2_4
5894,s2_885_1695,s2_n103_99,s4_n40_7,s1_below_4282,s2_2_3,s5_2007_2009,s2_760_2075,s4_37_47,Passenger Car,s3_28_48,Not Deployed,s2_97_208,s1_below_1,Female,s2_37_80,s3_141_159,s2_164_318,s4_160_220,s2_2_4
5895,s3_1695_2555,s2_n103_99,s4_n40_7,s1_below_4282,s2_2_3,s2_2001_2003,s2_760_2075,s4_37_47,Truck (<=6000 lbs.),s4_48_64,Not Deployed,s2_97_208,s1_below_1,Male,s2_37_80,s3_141_159,s2_164_318,s3_80_160,s2_2_4
5896,s2_885_1695,s2_n103_99,s5_7_up,s1_below_4282,s5_5_6,s2_2001_2003,s2_760_2075,s4_37_47,Truck (<=6000 lbs.),s4_48_64,Not Deployed,s2_97_208,s1_below_1,Female,s2_37_80,s3_141_159,s2_164_318,s6_260_up,s2_2_4
5897,s2_885_1695,s2_n103_99,s4_n40_7,s1_below_4282,s1_below_2,s3_2003_2005,s2_760_2075,s4_37_47,Truck (<=6000 lbs.),s2_11_28,Deployed,s2_97_208,s1_below_1,Female,s2_37_80,s3_141_159,s2_164_318,s4_160_220,s2_2_4
5898,s2_885_1695,s2_n103_99,s4_n40_7,s1_below_4282,s3_3_4,s4_2005_2007,s3_2075_3730,s3_17_37,Passenger Car,s3_28_48,Deployed,s2_97_208,s1_below_1,Female,s6_130_up,s3_141_159,s2_164_318,s3_80_160,s2_2_4
5899,s3_1695_2555,s2_n103_99,s4_n40_7,s1_below_4282,s3_3_4,s3_2003_2005,s2_760_2075,s3_17_37,Truck (<=6000 lbs.),s5_64_76,Deployed,s2_97_208,s1_below_1,Male,s2_37_80,s4_159_169,s2_164_318,s3_80_160,s2_2_4
5900,s3_1695_2555,s2_n103_99,s4_n40_7,s1_below_4282,s1_below_2,s5_2007_2009,s2_760_2075,s3_17_37,Truck (<=6000 lbs.),s4_48_64,Not Deployed,s2_97_208,s1_below_1,Male,s3_80_96,s3_141_159,s2_164_318,s3_80_160,s2_2_4
5901,s3_1695_2555,s2_n103_99,s4_n40_7,s1_below_4282,s2_2_3,s4_2005_2007,s3_2075_3730,s3_17_37,Truck (<=10000 lbs.),s3_28_48,Not Deployed,s2_97_208,s1_below_1,Male,s3_80_96,s3_141_159,s2_164_318,s2_40_80,s2_2_4
5902,s2_885_1695,s2_n103_99,s5_7_up,s1_below_4282,s3_3_4,s2_2001_2003,s2_760_2075,s3_17_37,Passenger Car,s3_28_48,Not Deployed,s2_97_208,s1_below_1,Female,s4_96_114,s3_141_159,s2_164_318,s6_260_up,s2_2_4
5903,s3_1695_2555,s2_n103_99,s4_n40_7,s1_below_4282,s4_4_5,s2_2001_2003,s2_760_2075,s3_17_37,Truck (<=6000 lbs.),s4_48_64,Not Deployed,s2_97_208,s4_3_4,Male,s4_96_114,s3_141_159,s3_318_464,s2_40_80,s2_2_4
5904,s3_1695_2555,s2_n103_99,s4_n40_7,s1_below_4282,s1_below_2,s3_2003_2005,s2_760_2075,s3_17_37,Truck (<=6000 lbs.),s3_28_48,Deployed,s2_97_208,s1_below_1,Female,s4_96_114,s4_159_169,s2_164_318,s3_80_160,s2_2_4
5905,s3_1695_2555,s2_n103_99,s4_n40_7,s1_below_4282,s1_below_2,s4_2005_2007,s3_2075_3730,s3_17_37,Passenger Car,s6_76_up,Deployed,s2_97_208,s1_below_1,Male,s3_80_96,s3_141_159,s2_164_318,s4_160_220,s2_2_4
5906,s2_885_1695,s2_n103_99,s4_n40_7,s1_below_4282,s2_2_3,s3_2003_2005,s2_760_2075,s5_47_57,Passenger Car,s2_11_28,Not Deployed,s2_97_208,s1_below_1,Male,s4_96_114,s3_141_159,s2_164_318,s4_160_220,s2_2_4
5907,s2_885_1695,s2_n103_99,s4_n40_7,s1_below_4282,s3_3_4,s3_2003_2005,s2_760_2075,s3_17_37,Passenger Car,s2_11_28,Deployed,s2_97_208,s1_below_1,Male,s4_96_114,s3_141_159,s2_164_318,s3_80_160,s2_2_4
5908,s3_1695_2555,s2_n103_99,s3_n81_n40,s1_below_4282,s1_below_2,s2_2001_2003,s2_760_2075,s3_17_37,Passenger Car,s2_11_28,Deployed,s2_97_208,s1_below_1,Female,s2_37_80,s3_141_159,s2_164_318,s3_80_160,s2_2_4
5909,s3_1695_2555,s2_n103_99,s4_n40_7,s1_below_4282,s4_4_5,s4_2005_2007,s2_760_2075,s3_17_37,Truck (<=6000 lbs.),s3_28_48,Not Deployed,s2_97_208,s1_below_1,Female,s4_96_114,s5_169_179,s2_164_318,s4_160_220,s4_5_6
5910,s2_885_1695,s2_n103_99,s4_n40_7,s1_below_4282,s4_4_5,s4_2005_2007,s2_760_2075,s3_17_37,Passenger Car,s2_11_28,Not Deployed,s2_97_208,s1_below_1,Male,s2_37_80,s3_141_159,s2_164_318,s3_80_160,s2_2_4
5911,s2_885_1695,s2_n103_99,s3_n81_n40,s1_below_4282,s4_4_5,s4_2005_2007,s2_760_2075,s3_17_37,Passenger Car,s2_11_28,Deployed,s2_97_208,s1_below_1,Female,s2_37_80,s3_141_159,s2_164_318,s3_80_160,s2_2_4
5912,s2_885_1695,s2_n103_99,s4_n40_7,s1_below_4282,s4_4_5,s3_2003_2005,s2_760_2075,s3_17_37,Passenger Car,s4_48_64,Deployed,s2_97_208,s2_1_2,Male,s4_96_114,s4_159_169,s2_164_318,s3_80_160,s2_2_4
5913,s2_885_1695,s2_n103_99,s4_n40_7,s1_below_4282,s1_below_2,s2_2001_2003,s2_760_2075,s3_17_37,Passenger Car,s3_28_48,Not Deployed,s2_97_208,s1_below_1,Female,s3_80_96,s3_141_159,s2_164_318,s3_80_160,s2_2_4
5914,s3_1695_2555,s2_n103_99,s4_n40_7,s1_below_4282,s2_2_3,s1_below_2001,s2_760_2075,s3_17_37,Passenger Car,s2_11_28,Not Deployed,s2_97_208,s1_below_1,Male,s3_80_96,s4_159_169,s2_164_318,s3_80_160,s2_2_4
5915,s2_885_1695,s2_n103_99,s4_n40_7,s1_below_4282,s1_below_2,s5_2007_2009,s2_760_2075,s3_17_37,Passenger Car,s3_28_48,Deployed,s2_97_208,s1_below_1,Male,s6_130_up,s3_141_159,s2_164_318,s3_80_160,s2_2_4
5916,s2_885_1695,s2_n103_99,s4_n40_7,s1_below_4282,s1_below_2,s4_2005_2007,s2_760_2075,s3_17_37,Passenger Car,s3_28_48,Not Deployed,s2_97_208,s1_below_1,Female,s4_96_114,s3_141_159,s2_164_318,s3_80_160,s2_2_4
5917,s2_885_1695,s2_n103_99,s4_n40_7,s1_below_4282,s1_below_2,s2_2001_2003,s2_760_2075,s3_17_37,Passenger Car,s3_28_48,Deployed,s2_97_208,s1_below_1,Female,s2_37_80,s3_141_159,s2_164_318,s2_40_80,s2_2_4
5918,s2_885_1695,s2_n103_99,s4_n40_7,s1_below_4282,s1_below_2,s2_2001_2003,s3_2075_3730,s3_17_37,Passenger Car,s4_48_64,Not Deployed,s2_97_208,s1_below_1,Male,s2_37_80,s3_141_159,s2_164_318,s3_80_160,s2_2_4
5919,s2_885_1695,s2_n103_99,s5_7_up,s1_below_4282,s4_4_5,s4_2005_2007,s2_760_2075,s3_17_37,Passenger Car,s3_28_48,Not Deployed,s2_97_208,s1_below_1,Female,s2_37_80,s3_141_159,s2_164_318,s6_260_up,s2_2_4
5920,s2_885_1695,s2_n103_99,s4_n40_7,s1_below_4282,s1_below_2,s4_2005_2007,s2_760_2075,s3_17_37,Passenger Car,s3_28_48,Not Deployed,s2_97_208,s1_below_1,Female,s2_37_80,s3_141_159,s2_164_318,s3_80_160,s2_2_4
5921,s2_885_1695,s2_n103_99,s4_n40_7,s1_below_4282,s1_below_2,s4_2005_2007,s2_760_2075,s3_17_37,Passenger Car,s2_11_28,Deployed,s2_97_208,s1_below_1,Male,s2_37_80,s3_141_159,s2_164_318,s2_40_80,s3_4_5
5922,s3_1695_2555,s2_n103_99,s4_n40_7,s1_below_4282,s1_below_2,s2_2001_2003,s2_760_2075,s3_17_37,Truck (<=6000 lbs.),s6_76_up,Not Deployed,s2_97_208,s1_below_1,Male,s2_37_80,s3_141_159,s2_164_318,s3_80_160,s2_2_4
5923,s2_885_1695,s2_n103_99,s4_n40_7,s1_below_4282,s3_3_4,s3_2003_2005,s2_760_2075,s3_17_37,Passenger Car,s3_28_48,Not Deployed,s2_97_208,s1_below_1,Male,s3_80_96,s3_141_159,s2_164_318,s2_40_80,s2_2_4
5924,s2_885_1695,s2_n103_99,s4_n40_7,s1_below_4282,s4_4_5,s3_2003_2005,s2_760_2075,s3_17_37,Passenger Car,s4_48_64,Deployed,s2_97_208,s1_below_1,Male,s4_96_114,s3_141_159,s2_164_318,s3_80_160,s2_2_4
5925,s2_885_1695,s2_n103_99,s4_n40_7,s1_below_4282,s1_below_2,s4_2005_2007,s2_760_2075,s3_17_37,Passenger Car,s3_28_48,Not Deployed,s2_97_208,s1_below_1,Female,s2_37_80,s3_141_159,s2_164_318,s2_40_80,s2_2_4
5926,s2_885_1695,s2_n103_99,s4_n40_7,s1_below_4282,s1_below_2,s3_2003_2005,s2_760_2075,s3_17_37,Passenger Car,s3_28_48,Deployed,s2_97_208,s2_1_2,Male,s2_37_80,s3_141_159,s2_164_318,s3_80_160,s2_2_4
5927,s3_1695_2555,s2_n103_99,s4_n40_7,s1_below_4282,s1_below_2,s1_below_2001,s2_760_2075,s3_17_37,Truck (<=6000 lbs.),s4_48_64,Not Deployed,s2_97_208,s1_below_1,Female,s2_37_80,s4_159_169,s2_164_318,s3_80_160,s3_4_5
5928,s2_885_1695,s2_n103_99,s5_7_up,s1_below_4282,s5_5_6,s2_2001_2003,s2_760_2075,s3_17_37,Passenger Car,s2_11_28,Not Deployed,s2_97_208,s1_below_1,Female,s2_37_80,s3_141_159,s2_164_318,s4_160_220,s2_2_4
5929,s3_1695_2555,s2_n103_99,s4_n40_7,s1_below_4282,s1_below_2,s3_2003_2005,s2_760_2075,s3_17_37,Passenger Car,s2_11_28,Deployed,s2_97_208,s1_below_1,Male,s3_80_96,s3_141_159,s2_164_318,s4_160_220,s2_2_4
5930,s3_1695_2555,s2_n103_99,s4_n40_7,s1_below_4282,s1_below_2,s1_below_2001,s2_760_2075,s3_17_37,Truck (<=6000 lbs.),s3_28_48,Not Deployed,s2_97_208,s1_below_1,Male,s3_80_96,s4_159_169,s2_164_318,s2_40_80,s2_2_4
5931,s2_885_1695,s2_n103_99,s4_n40_7,s1_below_4282,s3_3_4,s4_2005_2007,s2_760_2075,s3_17_37,Truck (<=6000 lbs.),s5_64_76,Deployed,s2_97_208,s1_below_1,Male,s2_37_80,s3_141_159,s3_318_464,s3_80_160,s2_2_4
5932,s2_885_1695,s2_n103_99,s4_n40_7,s1_below_4282,s4_4_5,s2_2001_2003,s2_760_2075,s3_17_37,Passenger Car,s2_11_28,Not Deployed,s2_97_208,s1_below_1,Male,s3_80_96,s3_141_159,s2_164_318,s4_160_220,s2_2_4
5933,s2_885_1695,s2_n103_99,s4_n40_7,s1_below_4282,s1_below_2,s1_below_2001,s3_2075_3730,s3_17_37,Passenger Car,s4_48_64,Not Deployed,s2_97_208,s1_below_1,Female,s2_37_80,s3_141_159,s2_164_318,s4_160_220,s2_2_4
5934,s2_885_1695,s2_n103_99,s4_n40_7,s1_below_4282,s4_4_5,s4_2005_2007,s2_760_2075,s3_17_37,Passenger Car,s2_11_28,Not Deployed,s2_97_208,s1_below_1,Male,s2_37_80,s3_141_159,s2_164_318,s4_160_220,s2_2_4
5935,s3_1695_2555,s2_n103_99,s4_n40_7,s1_below_4282,s1_below_2,s5_2007_2009,s2_760_2075,s3_17_37,Truck (<=10000 lbs.),s4_48_64,Not Deployed,s2_97_208,s1_below_1,Male,s4_96_114,s4_159_169,s3_318_464,s3_80_160,s4_5_6
5936,s2_885_1695,s2_n103_99,s4_n40_7,s1_below_4282,s4_4_5,s1_below_2001,s3_2075_3730,s3_17_37,Passenger Car,s2_11_28,Not Deployed,s2_97_208,s1_below_1,Male,s2_37_80,s3_141_159,s2_164_318,s4_160_220,s2_2_4
5937,s2_885_1695,s2_n103_99,s4_n40_7,s1_below_4282,s1_below_2,s4_2005_2007,s2_760_2075,s3_17_37,Passenger Car,s3_28_48,Not Deployed,s2_97_208,s1_below_1,Male,s5_114_130,s4_159_169,s2_164_318,s3_80_160,s2_2_4
5938,s2_885_1695,s2_n103_99,s4_n40_7,s1_below_4282,s1_below_2,s4_2005_2007,s2_760_2075,s3_17_37,Passenger Car,s3_28_48,Deployed,s2_97_208,s5_4_5,Female,s2_37_80,s3_141_159,s2_164_318,s4_160_220,s2_2_4
5939,s2_885_1695,s2_n103_99,s4_n40_7,s1_below_4282,s1_below_2,s3_2003_2005,s2_760_2075,s3_17_37,Passenger Car,s4_48_64,Not Deployed,s2_97_208,s1_below_1,Female,s2_37_80,s3_141_159,s2_164_318,s4_160_220,s2_2_4
5940,s2_885_1695,s2_n103_99,s3_n81_n40,s1_below_4282,s2_2_3,s4_2005_2007,s3_2075_3730,s3_17_37,Passenger Car,s2_11_28,Deployed,s2_97_208,s1_below_1,Female,s2_37_80,s3_141_159,s2_164_318,s3_80_160,s2_2_4
5941,s3_1695_2555,s2_n103_99,s4_n40_7,s1_below_4282,s3_3_4,s4_2005_2007,s2_760_2075,s3_17_37,Truck (<=6000 lbs.),s5_64_76,Not Deployed,s2_97_208,s1_below_1,Female,s2_37_80,s4_159_169,s2_164_318,s4_160_220,s2_2_4
5942,s2_885_1695,s2_n103_99,s4_n40_7,s1_below_4282,s1_below_2,s5_2007_2009,s2_760_2075,s3_17_37,Passenger Car,s2_11_28,Not Deployed,s2_97_208,s1_below_1,Female,s2_37_80,s3_141_159,s2_164_318,s3_80_160,s2_2_4
5943,s3_1695_2555,s2_n103_99,s4_n40_7,s1_below_4282,s1_below_2,s4_2005_2007,s2_760_2075,s3_17_37,Truck (<=6000 lbs.),s4_48_64,Deployed,s2_97_208,s2_1_2,Female,s3_80_96,s4_159_169,s2_164_318,s3_80_160,s3_4_5
5944,s2_885_1695,s2_n103_99,s4_n40_7,s1_below_4282,s4_4_5,s2_2001_2003,s2_760_2075,s3_17_37,Passenger Car,s2_11_28,Not Deployed,s2_97_208,s1_below_1,Male,s2_37_80,s3_141_159,s2_164_318,s3_80_160,s2_2_4
5945,s2_885_1695,s2_n103_99,s4_n40_7,s1_below_4282,s1_below_2,s2_2001_2003,s2_760_2075,s3_17_37,Passenger Car,s3_28_48,Deployed,s2_97_208,s1_below_1,Male,s2_37_80,s3_141_159,s2_164_318,s3_80_160,s2_2_4
5946,s3_1695_2555,s2_n103_99,s4_n40_7,s1_below_4282,s2_2_3,s4_2005_2007,s2_760_2075,s4_37_47,Truck (<=6000 lbs.),s2_11_28,Deployed,s2_97_208,s1_below_1,Male,s2_37_80,s3_141_159,s2_164_318,s3_80_160,s2_2_4
5947,s2_885_1695,s2_n103_99,s4_n40_7,s1_below_4282,s1_below_2,s2_2001_2003,s2_760_2075,s3_17_37,Passenger Car,s2_11_28,Not Deployed,s2_97_208,s1_below_1,Female,s3_80_96,s3_141_159,s2_164_318,s3_80_160,s2_2_4
5948,s2_885_1695,s2_n103_99,s3_n81_n40,s1_below_4282,s1_below_2,s4_2005_2007,s2_760_2075,s3_17_37,Passenger Car,s2_11_28,Deployed,s2_97_208,s1_below_1,Female,s5_114_130,s3_141_159,s2_164_318,s2_40_80,s2_2_4
5949,s2_885_1695,s2_n103_99,s5_7_up,s1_below_4282,s3_3_4,s4_2005_2007,s3_2075_3730,s5_47_57,Passenger Car,s3_28_48,Not Deployed,s2_97_208,s1_below_1,Female,s2_37_80,s3_141_159,s2_164_318,s6_260_up,s2_2_4
5950,s2_885_1695,s2_n103_99,s4_n40_7,s1_below_4282,s1_below_2,s4_2005_2007,s2_760_2075,s3_17_37,Passenger Car,s2_11_28,Deployed,s2_97_208,s1_below_1,Male,s2_37_80,s3_141_159,s2_164_318,s2_40_80,s2_2_4
5951,s3_1695_2555,s2_n103_99,s4_n40_7,s1_below_4282,s1_below_2,s2_2001_2003,s2_760_2075,s3_17_37,Truck (<=10000 lbs.),s3_28_48,Not Deployed,s2_97_208,s1_below_1,Male,s4_96_114,s4_159_169,s2_164_318,s3_80_160,s3_4_5
5952,s2_885_1695,s2_n103_99,s4_n40_7,s1_below_4282,s3_3_4,s3_2003_2005,s3_2075_3730,s3_17_37,Passenger Car,s2_11_28,Not Deployed,s2_97_208,s1_below_1,Female,s2_37_80,s3_141_159,s2_164_318,s3_80_160,s2_2_4
5953,s3_1695_2555,s2_n103_99,s4_n40_7,s1_below_4282,s3_3_4,s4_2005_2007,s2_760_2075,s3_17_37,Truck (<=6000 lbs.),s2_11_28,Not Deployed,s2_97_208,s1_below_1,Male,s2_37_80,s4_159_169,s3_318_464,s3_80_160,s4_5_6
5954,s3_1695_2555,s2_n103_99,s4_n40_7,s1_below_4282,s1_below_2,s2_2001_2003,s2_760_2075,s3_17_37,Truck (<=6000 lbs.),s6_76_up,Not Deployed,s2_97_208,s1_below_1,Male,s5_114_130,s4_159_169,s2_164_318,s1_below_40,s3_4_5
5955,s3_1695_2555,s2_n103_99,s5_7_up,s1_below_4282,s6_6_up,s5_2007_2009,s2_760_2075,s3_17_37,Passenger Car,s4_48_64,Not Deployed,s2_97_208,s1_below_1,Male,s3_80_96,s4_159_169,s2_164_318,s4_160_220,s2_2_4
5956,s3_1695_2555,s2_n103_99,s4_n40_7,s1_below_4282,s1_below_2,s4_2005_2007,s3_2075_3730,s3_17_37,Truck (<=6000 lbs.),s3_28_48,Not Deployed,s2_97_208,s4_3_4,Male,s5_114_130,s4_159_169,s2_164_318,s4_160_220,s3_4_5
5957,s2_885_1695,s2_n103_99,s4_n40_7,s1_below_4282,s5_5_6,s4_2005_2007,s2_760_2075,s3_17_37,Passenger Car,s2_11_28,Deployed,s2_97_208,s1_below_1,Male,s3_80_96,s3_141_159,s2_164_318,s3_80_160,s2_2_4
5958,s2_885_1695,s2_n103_99,s4_n40_7,s1_below_4282,s1_below_2,s3_2003_2005,s2_760_2075,s3_17_37,Passenger Car,s2_11_28,Deployed,s2_97_208,s1_below_1,Male,s2_37_80,s3_141_159,s2_164_318,s2_40_80,s2_2_4
5959,s2_885_1695,s2_n103_99,s4_n40_7,s1_below_4282,s1_below_2,s1_below_2001,s2_760_2075,s3_17_37,Truck (<=6000 lbs.),s2_11_28,Not Deployed,s2_97_208,s1_below_1,Male,s3_80_96,s2_116_141,s2_164_318,s3_80_160,s2_2_4
5960,s3_1695_2555,s2_n103_99,s4_n40_7,s1_below_4282,s3_3_4,s2_2001_2003,s2_760_2075,s3_17_37,Truck (<=6000 lbs.),s3_28_48,Not Deployed,s2_97_208,s1_below_1,Female,s3_80_96,s3_141_159,s2_164_318,s3_80_160,s2_2_4
5961,s3_1695_2555,s2_n103_99,s3_n81_n40,s1_below_4282,s2_2_3,s3_2003_2005,s2_760_2075,s3_17_37,Passenger Car,s3_28_48,Deployed,s2_97_208,s1_below_1,Male,s4_96_114,s3_141_159,s2_164_318,s3_80_160,s3_4_5
5962,s3_1695_2555,s2_n103_99,s3_n81_n40,s1_below_4282,s1_below_2,s4_2005_2007,s2_760_2075,s3_17_37,Truck (<=6000 lbs.),s2_11_28,Deployed,s2_97_208,s1_below_1,Female,s2_37_80,s4_159_169,s2_164_318,s3_80_160,s3_4_5
5963,s4_2555_3715,s2_n103_99,s4_n40_7,s1_below_4282,s1_below_2,s3_2003_2005,s2_760_2075,s4_37_47,Truck (<=10000 lbs.),s3_28_48,Not Deployed,s2_97_208,s1_below_1,Male,s4_96_114,s5_169_179,s3_318_464,s3_80_160,s5_6_7
5964,s3_1695_2555,s2_n103_99,s4_n40_7,s1_below_4282,s1_below_2,s4_2005_2007,s2_760_2075,s5_47_57,Truck (<=6000 lbs.),s4_48_64,Deployed,s2_97_208,s1_below_1,Male,s2_37_80,s4_159_169,s2_164_318,s3_80_160,s2_2_4
5965,s2_885_1695,s2_n103_99,s5_7_up,s1_below_4282,s1_below_2,s3_2003_2005,s2_760_2075,s3_17_37,Passenger Car,s2_11_28,Not Deployed,s2_97_208,s1_below_1,Female,s2_37_80,s3_141_159,s2_164_318,s6_260_up,s2_2_4
5966,s2_885_1695,s2_n103_99,s4_n40_7,s1_below_4282,s1_below_2,s3_2003_2005,s2_760_2075,s4_37_47,Truck (<=6000 lbs.),s5_64_76,Not Deployed,s2_97_208,s1_below_1,Female,s2_37_80,s3_141_159,s2_164_318,s3_80_160,s2_2_4
5967,s2_885_1695,s2_n103_99,s4_n40_7,s1_below_4282,s3_3_4,s1_below_2001,s2_760_2075,s4_37_47,Passenger Car,s2_11_28,Deployed,s2_97_208,s1_below_1,Female,s2_37_80,s3_141_159,s2_164_318,s4_160_220,s2_2_4
5968,s2_885_1695,s2_n103_99,s4_n40_7,s1_below_4282,s1_below_2,s2_2001_2003,s2_760_2075,s4_37_47,Passenger Car,s3_28_48,Deployed,s2_97_208,s3_2_3,Male,s6_130_up,s3_141_159,s2_164_318,s3_80_160,s2_2_4
5969,s2_885_1695,s2_n103_99,s4_n40_7,s1_below_4282,s1_below_2,s1_below_2001,s2_760_2075,s3_17_37,Passenger Car,s6_76_up,Deployed,s2_97_208,s1_below_1,Male,s3_80_96,s3_141_159,s2_164_318,s3_80_160,s2_2_4
5970,s2_885_1695,s2_n103_99,s4_n40_7,s1_below_4282,s1_below_2,s4_2005_2007,s2_760_2075,s3_17_37,Truck (<=6000 lbs.),s3_28_48,Not Deployed,s2_97_208,s1_below_1,Male,s3_80_96,s3_141_159,s3_318_464,s3_80_160,s2_2_4
5971,s3_1695_2555,s2_n103_99,s4_n40_7,s1_below_4282,s1_below_2,s3_2003_2005,s2_760_2075,s3_17_37,Truck (<=6000 lbs.),s3_28_48,Not Deployed,s2_97_208,s1_below_1,Male,s3_80_96,s4_159_169,s2_164_318,s3_80_160,s2_2_4
5972,s2_885_1695,s2_n103_99,s4_n40_7,s1_below_4282,s1_below_2,s4_2005_2007,s2_760_2075,s3_17_37,Passenger Car,s2_11_28,Not Deployed,s2_97_208,s1_below_1,Female,s2_37_80,s3_141_159,s2_164_318,s3_80_160,s2_2_4
5973,s3_1695_2555,s2_n103_99,s4_n40_7,s1_below_4282,s1_below_2,s3_2003_2005,s2_760_2075,s4_37_47,Truck (<=10000 lbs.),s3_28_48,Not Deployed,s2_97_208,s1_below_1,Female,s3_80_96,s4_159_169,s3_318_464,s3_80_160,s3_4_5
5974,s2_885_1695,s2_n103_99,s4_n40_7,s1_below_4282,s1_below_2,s1_below_2001,s2_760_2075,s3_17_37,Passenger Car,s2_11_28,Not Deployed,s2_97_208,s1_below_1,Male,s3_80_96,s3_141_159,s2_164_318,s4_160_220,s2_2_4
5975,s2_885_1695,s2_n103_99,s4_n40_7,s1_below_4282,s1_below_2,s4_2005_2007,s2_760_2075,s3_17_37,Truck (<=6000 lbs.),s3_28_48,Not Deployed,s2_97_208,s1_below_1,Male,s4_96_114,s3_141_159,s2_164_318,s2_40_80,s2_2_4
5976,s3_1695_2555,s2_n103_99,s4_n40_7,s1_below_4282,s5_5_6,s2_2001_2003,s2_760_2075,s3_17_37,Truck (<=6000 lbs.),s2_11_28,Deployed,s2_97_208,s1_below_1,Female,s2_37_80,s3_141_159,s2_164_318,s3_80_160,s2_2_4
5977,s2_885_1695,s2_n103_99,s4_n40_7,s1_below_4282,s1_below_2,s2_2001_2003,s2_760_2075,s3_17_37,Passenger Car,s2_11_28,Deployed,s2_97_208,s1_below_1,Female,s2_37_80,s3_141_159,s2_164_318,s4_160_220,s2_2_4
5978,s2_885_1695,s2_n103_99,s5_7_up,s1_below_4282,s2_2_3,s4_2005_2007,s2_760_2075,s4_37_47,Passenger Car,s3_28_48,Not Deployed,s2_97_208,s1_below_1,Male,s3_80_96,s3_141_159,s2_164_318,s6_260_up,s2_2_4
5979,s2_885_1695,s2_n103_99,s4_n40_7,s1_below_4282,s1_below_2,s3_2003_2005,s2_760_2075,s3_17_37,Passenger Car,s3_28_48,Not Deployed,s2_97_208,s1_below_1,Female,s5_114_130,s3_141_159,s2_164_318,s3_80_160,s2_2_4
5980,s2_885_1695,s2_n103_99,s4_n40_7,s1_below_4282,s3_3_4,s4_2005_2007,s2_760_2075,s3_17_37,Passenger Car,s2_11_28,Deployed,s2_97_208,s1_below_1,Male,s3_80_96,s3_141_159,s2_164_318,s4_160_220,s2_2_4
5981,s2_885_1695,s2_n103_99,s5_7_up,s1_below_4282,s1_below_2,s3_2003_2005,s2_760_2075,s3_17_37,Passenger Car,s2_11_28,Not Deployed,s2_97_208,s1_below_1,Female,s2_37_80,s3_141_159,s2_164_318,s6_260_up,s2_2_4
5982,s2_885_1695,s2_n103_99,s4_n40_7,s1_below_4282,s1_below_2,s4_2005_2007,s2_760_2075,s3_17_37,Passenger Car,s2_11_28,Not Deployed,s2_97_208,s1_below_1,Male,s3_80_96,s3_141_159,s2_164_318,s3_80_160,s2_2_4
5983,s3_1695_2555,s2_n103_99,s4_n40_7,s1_below_4282,s1_below_2,s4_2005_2007,s2_760_2075,s3_17_37,Passenger Car,s3_28_48,Deployed,s2_97_208,s1_below_1,Female,s2_37_80,s4_159_169,s2_164_318,s3_80_160,s3_4_5
5984,s2_885_1695,s2_n103_99,s4_n40_7,s1_below_4282,s1_below_2,s3_2003_2005,s2_760_2075,s3_17_37,Truck (<=6000 lbs.),s3_28_48,Not Deployed,s2_97_208,s1_below_1,Female,s4_96_114,s3_141_159,s2_164_318,s3_80_160,s2_2_4
5985,s3_1695_2555,s2_n103_99,s4_n40_7,s1_below_4282,s3_3_4,s3_2003_2005,s2_760_2075,s4_37_47,Truck (<=6000 lbs.),s3_28_48,Deployed,s2_97_208,s1_below_1,Male,s3_80_96,s4_159_169,s2_164_318,s4_160_220,s3_4_5
5986,s2_885_1695,s2_n103_99,s3_n81_n40,s1_below_4282,s3_3_4,s5_2007_2009,s2_760_2075,s3_17_37,Passenger Car,s3_28_48,Deployed,s2_97_208,s3_2_3,Female,s2_37_80,s3_141_159,s2_164_318,s3_80_160,s2_2_4
5987,s2_885_1695,s2_n103_99,s4_n40_7,s1_below_4282,s2_2_3,s3_2003_2005,s2_760_2075,s3_17_37,Truck (<=6000 lbs.),s4_48_64,Deployed,s2_97_208,s2_1_2,Female,s2_37_80,s3_141_159,s2_164_318,s3_80_160,s2_2_4
5988,s2_885_1695,s2_n103_99,s4_n40_7,s1_below_4282,s1_below_2,s1_below_2001,s2_760_2075,s3_17_37,Passenger Car,s2_11_28,Not Deployed,s2_97_208,s1_below_1,Female,s2_37_80,s3_141_159,s2_164_318,s3_80_160,s2_2_4
5989,s2_885_1695,s2_n103_99,s3_n81_n40,s1_below_4282,s3_3_4,s4_2005_2007,s2_760_2075,s4_37_47,Passenger Car,s4_48_64,Deployed,s2_97_208,s1_below_1,Male,s2_37_80,s3_141_159,s2_164_318,s3_80_160,s2_2_4
5990,s2_885_1695,s2_n103_99,s5_7_up,s1_below_4282,s3_3_4,s3_2003_2005,s2_760_2075,s4_37_47,Passenger Car,s3_28_48,Not Deployed,s2_97_208,s1_below_1,Female,s3_80_96,s3_141_159,s2_164_318,s6_260_up,s2_2_4
5991,s3_1695_2555,s2_n103_99,s4_n40_7,s1_below_4282,s2_2_3,s3_2003_2005,s2_760_2075,s3_17_37,Truck (<=10000 lbs.),s4_48_64,Deployed,s2_97_208,s1_below_1,Male,s4_96_114,s4_159_169,s3_318_464,s3_80_160,s4_5_6
5992,s2_885_1695,s2_n103_99,s4_n40_7,s1_below_4282,s2_2_3,s5_2007_2009,s2_760_2075,s2_7_17,Passenger Car,s3_28_48,Not Deployed,s2_97_208,s2_1_2,Female,s2_37_80,s3_141_159,s2_164_318,s2_40_80,s2_2_4
5993,s2_885_1695,s2_n103_99,s4_n40_7,s1_below_4282,s1_below_2,s2_2001_2003,s3_2075_3730,s3_17_37,Passenger Car,s4_48_64,Deployed,s2_97_208,s1_below_1,Male,s2_37_80,s3_141_159,s2_164_318,s3_80_160,s2_2_4
5994,s3_1695_2555,s2_n103_99,s4_n40_7,s1_below_4282,s2_2_3,s3_2003_2005,s2_760_2075,s3_17_37,Truck (<=6000 lbs.),s4_48_64,Not Deployed,s2_97_208,s1_below_1,Male,s4_96_114,s4_159_169,s2_164_318,s3_80_160,s2_2_4
5995,s3_1695_2555,s2_n103_99,s4_n40_7,s1_below_4282,s1_below_2,s1_below_2001,s2_760_2075,s3_17_37,Truck (<=6000 lbs.),s5_64_76,Not Deployed,s2_97_208,s1_below_1,Male,s3_80_96,s3_141_159,s2_164_318,s2_40_80,s2_2_4
5996,s3_1695_2555,s2_n103_99,s4_n40_7,s1_below_4282,s1_below_2,s2_2001_2003,s2_760_2075,s3_17_37,Truck (<=6000 lbs.),s4_48_64,Not Deployed,s2_97_208,s1_below_1,Male,s2_37_80,s3_141_159,s2_164_318,s3_80_160,s2_2_4
5997,s3_1695_2555,s2_n103_99,s5_7_up,s1_below_4282,s2_2_3,s4_2005_2007,s2_760_2075,s4_37_47,Truck (<=6000 lbs.),s4_48_64,Not Deployed,s2_97_208,s1_below_1,Male,s3_80_96,s4_159_169,s2_164_318,s6_260_up,s3_4_5
5998,s3_1695_2555,s2_n103_99,s4_n40_7,s1_below_4282,s1_below_2,s3_2003_2005,s2_760_2075,s3_17_37,Truck (<=6000 lbs.),s3_28_48,Not Deployed,s2_97_208,s1_below_1,Female,s2_37_80,s3_141_159,s2_164_318,s3_80_160,s2_2_4
5999,s3_1695_2555,s2_n103_99,s4_n40_7,s1_below_4282,s3_3_4,s4_2005_2007,s2_760_2075,s3_17_37,Truck (<=6000 lbs.),s3_28_48,Deployed,s2_97_208,s1_below_1,Female,s2_37_80,s4_159_169,s2_164_318,s3_80_160,s2_2_4
6000,s2_885_1695,s2_n103_99,s5_7_up,s1_below_4282,s3_3_4,s4_2005_2007,s3_2075_3730,s3_17_37,Passenger Car,s3_28_48,Not Deployed,s2_97_208,s1_below_1,Female,s2_37_80,s3_141_159,s2_164_318,s6_260_up,s2_2_4
6001,s2_885_1695,s2_n103_99,s4_n40_7,s1_below_4282,s3_3_4,s2_2001_2003,s2_760_2075,s4_37_47,Passenger Car,s5_64_76,Not Deployed,s2_97_208,s1_below_1,Male,s3_80_96,s3_141_159,s2_164_318,s3_80_160,s2_2_4
6002,s2_885_1695,s2_n103_99,s4_n40_7,s1_below_4282,s2_2_3,s3_2003_2005,s2_760_2075,s4_37_47,Passenger Car,s3_28_48,Deployed,s2_97_208,s3_2_3,Female,s2_37_80,s3_141_159,s2_164_318,s3_80_160,s2_2_4
6003,s2_885_1695,s2_n103_99,s4_n40_7,s1_below_4282,s2_2_3,s4_2005_2007,s2_760_2075,s3_17_37,Passenger Car,s2_11_28,Deployed,s2_97_208,s1_below_1,Male,s4_96_114,s3_141_159,s2_164_318,s3_80_160,s2_2_4
6004,s2_885_1695,s2_n103_99,s4_n40_7,s1_below_4282,s3_3_4,s4_2005_2007,s2_760_2075,s4_37_47,Passenger Car,s2_11_28,Not Deployed,s2_97_208,s1_below_1,Female,s2_37_80,s3_141_159,s2_164_318,s3_80_160,s2_2_4
6005,s2_885_1695,s2_n103_99,s4_n40_7,s1_below_4282,s1_below_2,s2_2001_2003,s2_760_2075,s3_17_37,Passenger Car,s6_76_up,Not Deployed,s2_97_208,s1_below_1,Male,s2_37_80,s3_141_159,s2_164_318,s2_40_80,s2_2_4
6006,s2_885_1695,s2_n103_99,s4_n40_7,s1_below_4282,s1_below_2,s4_2005_2007,s2_760_2075,s3_17_37,Passenger Car,s3_28_48,Deployed,s2_97_208,s2_1_2,Female,s2_37_80,s3_141_159,s2_164_318,s4_160_220,s2_2_4
6007,s2_885_1695,s2_n103_99,s4_n40_7,s1_below_4282,s1_below_2,s2_2001_2003,s2_760_2075,s3_17_37,Passenger Car,s5_64_76,Not Deployed,s2_97_208,s1_below_1,Female,s3_80_96,s2_116_141,s2_164_318,s4_160_220,s2_2_4
6008,s3_1695_2555,s2_n103_99,s4_n40_7,s1_below_4282,s1_below_2,s4_2005_2007,s2_760_2075,s3_17_37,Truck (<=6000 lbs.),s3_28_48,Not Deployed,s2_97_208,s1_below_1,Female,s2_37_80,s3_141_159,s2_164_318,s3_80_160,s2_2_4
6009,s2_885_1695,s2_n103_99,s4_n40_7,s1_below_4282,s1_below_2,s1_below_2001,s3_2075_3730,s3_17_37,Passenger Car,s2_11_28,Not Deployed,s2_97_208,s1_below_1,Female,s2_37_80,s3_141_159,s2_164_318,s3_80_160,s2_2_4
6010,s2_885_1695,s2_n103_99,s4_n40_7,s1_below_4282,s1_below_2,s4_2005_2007,s2_760_2075,s3_17_37,Passenger Car,s3_28_48,Deployed,s2_97_208,s1_below_1,Female,s2_37_80,s3_141_159,s2_164_318,s4_160_220,s2_2_4
6011,s2_885_1695,s2_n103_99,s4_n40_7,s1_below_4282,s3_3_4,s4_2005_2007,s2_760_2075,s3_17_37,Passenger Car,s4_48_64,Deployed,s2_97_208,s1_below_1,Female,s2_37_80,s3_141_159,s2_164_318,s3_80_160,s2_2_4
6012,s2_885_1695,s2_n103_99,s5_7_up,s1_below_4282,s3_3_4,s4_2005_2007,s2_760_2075,s3_17_37,Passenger Car,s4_48_64,Not Deployed,s2_97_208,s1_below_1,Female,s2_37_80,s3_141_159,s2_164_318,s6_260_up,s2_2_4
6013,s2_885_1695,s2_n103_99,s4_n40_7,s1_below_4282,s1_below_2,s1_below_2001,s2_760_2075,s3_17_37,Passenger Car,s2_11_28,Deployed,s2_97_208,s1_below_1,Female,s2_37_80,s3_141_159,s2_164_318,s3_80_160,s2_2_4
6014,s3_1695_2555,s2_n103_99,s4_n40_7,s1_below_4282,s1_below_2,s4_2005_2007,s2_760_2075,s3_17_37,Truck (<=6000 lbs.),s5_64_76,Deployed,s2_97_208,s1_below_1,Female,s2_37_80,s4_159_169,s2_164_318,s3_80_160,s2_2_4
6015,s2_885_1695,s2_n103_99,s4_n40_7,s1_below_4282,s2_2_3,s5_2007_2009,s2_760_2075,s3_17_37,Passenger Car,s2_11_28,Deployed,s2_97_208,s1_below_1,Female,s2_37_80,s3_141_159,s2_164_318,s3_80_160,s2_2_4
6016,s2_885_1695,s2_n103_99,s4_n40_7,s1_below_4282,s1_below_2,s5_2007_2009,s2_760_2075,s3_17_37,Passenger Car,s2_11_28,Not Deployed,s2_97_208,s1_below_1,Female,s2_37_80,s3_141_159,s2_164_318,s2_40_80,s2_2_4
6017,s3_1695_2555,s2_n103_99,s4_n40_7,s1_below_4282,s1_below_2,s3_2003_2005,s2_760_2075,s4_37_47,Truck (<=6000 lbs.),s2_11_28,Deployed,s2_97_208,s1_below_1,Female,s3_80_96,s3_141_159,s2_164_318,s3_80_160,s2_2_4
6018,s2_885_1695,s2_n103_99,s4_n40_7,s1_below_4282,s3_3_4,s1_below_2001,s2_760_2075,s4_37_47,Passenger Car,s4_48_64,Not Deployed,s2_97_208,s1_below_1,Female,s3_80_96,s3_141_159,s2_164_318,s4_160_220,s2_2_4
6019,s2_885_1695,s2_n103_99,s4_n40_7,s1_below_4282,s1_below_2,s2_2001_2003,s2_760_2075,s3_17_37,Passenger Car,s3_28_48,Deployed,s2_97_208,s1_below_1,Male,s4_96_114,s3_141_159,s2_164_318,s3_80_160,s2_2_4
6020,s2_885_1695,s2_n103_99,s3_n81_n40,s1_below_4282,s1_below_2,s3_2003_2005,s2_760_2075,s5_47_57,Passenger Car,s3_28_48,Deployed,s2_97_208,s3_2_3,Female,s2_37_80,s3_141_159,s2_164_318,s3_80_160,s2_2_4
6021,s2_885_1695,s2_n103_99,s4_n40_7,s1_below_4282,s3_3_4,s2_2001_2003,s2_760_2075,s3_17_37,Passenger Car,s2_11_28,Not Deployed,s2_97_208,s1_below_1,Male,s3_80_96,s3_141_159,s2_164_318,s4_160_220,s2_2_4
6022,s2_885_1695,s2_n103_99,s4_n40_7,s1_below_4282,s3_3_4,s4_2005_2007,s2_760_2075,s4_37_47,Passenger Car,s2_11_28,Deployed,s2_97_208,s2_1_2,Female,s2_37_80,s3_141_159,s2_164_318,s3_80_160,s2_2_4
6023,s3_1695_2555,s2_n103_99,s4_n40_7,s1_below_4282,s3_3_4,s1_below_2001,s2_760_2075,s4_37_47,Truck (<=10000 lbs.),s2_11_28,Not Deployed,s2_97_208,s1_below_1,Male,s3_80_96,s5_169_179,s3_318_464,s3_80_160,s4_5_6
6024,s2_885_1695,s2_n103_99,s5_7_up,s1_below_4282,s3_3_4,s3_2003_2005,s3_2075_3730,s4_37_47,Truck (<=6000 lbs.),s3_28_48,Deployed,s2_97_208,s1_below_1,Female,s2_37_80,s3_141_159,s2_164_318,s6_260_up,s2_2_4
6025,s2_885_1695,s2_n103_99,s4_n40_7,s1_below_4282,s3_3_4,s4_2005_2007,s2_760_2075,s4_37_47,Passenger Car,s2_11_28,Not Deployed,s2_97_208,s1_below_1,Male,s2_37_80,s3_141_159,s2_164_318,s3_80_160,s2_2_4
6026,s2_885_1695,s2_n103_99,s4_n40_7,s1_below_4282,s1_below_2,s4_2005_2007,s2_760_2075,s4_37_47,Passenger Car,s2_11_28,Deployed,s2_97_208,s1_below_1,Male,s2_37_80,s3_141_159,s2_164_318,s3_80_160,s2_2_4
6027,s2_885_1695,s2_n103_99,s4_n40_7,s1_below_4282,s1_below_2,s3_2003_2005,s2_760_2075,s3_17_37,Passenger Car,s4_48_64,Not Deployed,s2_97_208,s1_below_1,Female,s2_37_80,s3_141_159,s2_164_318,s3_80_160,s2_2_4
6028,s3_1695_2555,s2_n103_99,s4_n40_7,s1_below_4282,s1_below_2,s3_2003_2005,s2_760_2075,s3_17_37,Passenger Car,s3_28_48,Not Deployed,s2_97_208,s1_below_1,Male,s3_80_96,s4_159_169,s2_164_318,s3_80_160,s2_2_4
6029,s2_885_1695,s2_n103_99,s4_n40_7,s1_below_4282,s1_below_2,s1_below_2001,s3_2075_3730,s2_7_17,Passenger Car,s4_48_64,Not Deployed,s2_97_208,s1_below_1,Female,s3_80_96,s3_141_159,s2_164_318,s3_80_160,s2_2_4
6030,s2_885_1695,s2_n103_99,s4_n40_7,s1_below_4282,s1_below_2,s4_2005_2007,s2_760_2075,s4_37_47,Truck (<=6000 lbs.),s3_28_48,Not Deployed,s2_97_208,s1_below_1,Male,s2_37_80,s3_141_159,s2_164_318,s3_80_160,s2_2_4
6031,s2_885_1695,s2_n103_99,s4_n40_7,s1_below_4282,s1_below_2,s3_2003_2005,s2_760_2075,s3_17_37,Passenger Car,s6_76_up,Not Deployed,s2_97_208,s1_below_1,Female,s3_80_96,s3_141_159,s2_164_318,s3_80_160,s2_2_4
6032,s2_885_1695,s2_n103_99,s4_n40_7,s1_below_4282,s1_below_2,s1_below_2001,s2_760_2075,s3_17_37,Passenger Car,s3_28_48,Deployed,s2_97_208,s1_below_1,Female,s2_37_80,s3_141_159,s2_164_318,s2_40_80,s2_2_4
6033,s2_885_1695,s2_n103_99,s4_n40_7,s1_below_4282,s2_2_3,s2_2001_2003,s2_760_2075,s3_17_37,Passenger Car,s3_28_48,Deployed,s2_97_208,s1_below_1,Male,s2_37_80,s3_141_159,s2_164_318,s3_80_160,s2_2_4
6034,s2_885_1695,s2_n103_99,s4_n40_7,s1_below_4282,s3_3_4,s3_2003_2005,s2_760_2075,s4_37_47,Passenger Car,s2_11_28,Deployed,s2_97_208,s1_below_1,Female,s2_37_80,s3_141_159,s2_164_318,s3_80_160,s2_2_4
6035,s2_885_1695,s2_n103_99,s5_7_up,s1_below_4282,s3_3_4,s2_2001_2003,s2_760_2075,s4_37_47,Passenger Car,s4_48_64,Not Deployed,s2_97_208,s1_below_1,Female,s2_37_80,s3_141_159,s2_164_318,s6_260_up,s2_2_4
6036,s2_885_1695,s2_n103_99,s4_n40_7,s1_below_4282,s3_3_4,s2_2001_2003,s2_760_2075,s4_37_47,Passenger Car,s4_48_64,Not Deployed,s2_97_208,s1_below_1,Female,s2_37_80,s3_141_159,s2_164_318,s3_80_160,s2_2_4
6037,s3_1695_2555,s2_n103_99,s4_n40_7,s1_below_4282,s1_below_2,s4_2005_2007,s3_2075_3730,s3_17_37,Truck (<=10000 lbs.),s6_76_up,Not Deployed,s2_97_208,s1_below_1,Male,s3_80_96,s4_159_169,s3_318_464,s2_40_80,s4_5_6
6038,s3_1695_2555,s2_n103_99,s4_n40_7,s1_below_4282,s1_below_2,s2_2001_2003,s2_760_2075,s3_17_37,Truck (<=6000 lbs.),s3_28_48,Not Deployed,s2_97_208,s1_below_1,Female,s2_37_80,s4_159_169,s2_164_318,s3_80_160,s2_2_4
6039,s2_885_1695,s2_n103_99,s4_n40_7,s1_below_4282,s1_below_2,s5_2007_2009,s2_760_2075,s3_17_37,Passenger Car,s5_64_76,Not Deployed,s2_97_208,s1_below_1,Male,s3_80_96,s3_141_159,s2_164_318,s3_80_160,s2_2_4
6040,s2_885_1695,s2_n103_99,s3_n81_n40,s1_below_4282,s1_below_2,s1_below_2001,s2_760_2075,s3_17_37,Truck (<=6000 lbs.),s2_11_28,Deployed,s2_97_208,s1_below_1,Male,s2_37_80,s3_141_159,s2_164_318,s3_80_160,s2_2_4
6041,s3_1695_2555,s2_n103_99,s4_n40_7,s1_below_4282,s3_3_4,s1_below_2001,s2_760_2075,s3_17_37,Truck (<=6000 lbs.),s2_11_28,Not Deployed,s2_97_208,s1_below_1,Male,s2_37_80,s3_141_159,s2_164_318,s3_80_160,s2_2_4
6042,s3_1695_2555,s2_n103_99,s4_n40_7,s1_below_4282,s1_below_2,s2_2001_2003,s2_760_2075,s3_17_37,Truck (<=6000 lbs.),s2_11_28,Not Deployed,s2_97_208,s1_below_1,Male,s3_80_96,s3_141_159,s2_164_318,s3_80_160,s2_2_4
6043,s2_885_1695,s2_n103_99,s5_7_up,s1_below_4282,s1_below_2,s3_2003_2005,s2_760_2075,s3_17_37,Passenger Car,s2_11_28,Not Deployed,s2_97_208,s1_below_1,Female,s2_37_80,s3_141_159,s2_164_318,s6_260_up,s2_2_4
6044,s2_885_1695,s2_n103_99,s4_n40_7,s1_below_4282,s1_below_2,s2_2001_2003,s3_2075_3730,s3_17_37,Passenger Car,s3_28_48,Not Deployed,s2_97_208,s1_below_1,Male,s3_80_96,s3_141_159,s2_164_318,s3_80_160,s2_2_4
6045,s2_885_1695,s2_n103_99,s3_n81_n40,s1_below_4282,s1_below_2,s1_below_2001,s2_760_2075,s3_17_37,Passenger Car,s3_28_48,Deployed,s2_97_208,s1_below_1,Male,s4_96_114,s3_141_159,s2_164_318,s3_80_160,s2_2_4
6046,s2_885_1695,s2_n103_99,s4_n40_7,s1_below_4282,s1_below_2,s4_2005_2007,s2_760_2075,s3_17_37,Passenger Car,s6_76_up,Not Deployed,s2_97_208,s1_below_1,Female,s2_37_80,s3_141_159,s2_164_318,s3_80_160,s2_2_4
6047,s2_885_1695,s2_n103_99,s4_n40_7,s1_below_4282,s4_4_5,s4_2005_2007,s2_760_2075,s4_37_47,Passenger Car,s4_48_64,Deployed,s2_97_208,s1_below_1,Male,s2_37_80,s3_141_159,s2_164_318,s3_80_160,s2_2_4
6048,s3_1695_2555,s2_n103_99,s4_n40_7,s1_below_4282,s3_3_4,s2_2001_2003,s2_760_2075,s3_17_37,Truck (<=6000 lbs.),s2_11_28,Deployed,s2_97_208,s1_below_1,Male,s3_80_96,s3_141_159,s2_164_318,s3_80_160,s2_2_4
6049,s2_885_1695,s2_n103_99,s4_n40_7,s1_below_4282,s1_below_2,s4_2005_2007,s2_760_2075,s4_37_47,Passenger Car,s2_11_28,Not Deployed,s2_97_208,s1_below_1,Female,s2_37_80,s3_141_159,s2_164_318,s3_80_160,s2_2_4
6050,s2_885_1695,s2_n103_99,s4_n40_7,s1_below_4282,s1_below_2,s2_2001_2003,s2_760_2075,s3_17_37,Passenger Car,s4_48_64,Not Deployed,s2_97_208,s1_below_1,Female,s2_37_80,s3_141_159,s2_164_318,s2_40_80,s2_2_4
6051,s2_885_1695,s2_n103_99,s4_n40_7,s1_below_4282,s3_3_4,s1_below_2001,s2_760_2075,s4_37_47,Passenger Car,s6_76_up,Deployed,s2_97_208,s2_1_2,Female,s2_37_80,s3_141_159,s2_164_318,s4_160_220,s2_2_4
6052,s2_885_1695,s2_n103_99,s3_n81_n40,s2_4282_6970,s1_below_2,s3_2003_2005,s2_760_2075,s4_37_47,Passenger Car,s2_11_28,Deployed,s2_97_208,s3_2_3,Female,s2_37_80,s3_141_159,s2_164_318,s2_40_80,s2_2_4
6053,s2_885_1695,s2_n103_99,s3_n81_n40,s1_below_4282,s4_4_5,s4_2005_2007,s2_760_2075,s4_37_47,Passenger Car,s2_11_28,Deployed,s2_97_208,s1_below_1,Male,s2_37_80,s3_141_159,s2_164_318,s3_80_160,s2_2_4
6054,s2_885_1695,s2_n103_99,s5_7_up,s1_below_4282,s1_below_2,s5_2007_2009,s2_760_2075,s3_17_37,Passenger Car,s3_28_48,Not Deployed,s2_97_208,s1_below_1,Female,s3_80_96,s3_141_159,s2_164_318,s6_260_up,s2_2_4
6055,s2_885_1695,s2_n103_99,s4_n40_7,s1_below_4282,s1_below_2,s4_2005_2007,s2_760_2075,s3_17_37,Passenger Car,s5_64_76,Not Deployed,s2_97_208,s1_below_1,Female,s3_80_96,s3_141_159,s2_164_318,s3_80_160,s2_2_4
6056,s2_885_1695,s2_n103_99,s4_n40_7,s1_below_4282,s1_below_2,s3_2003_2005,s2_760_2075,s3_17_37,Passenger Car,s4_48_64,Not Deployed,s2_97_208,s1_below_1,Male,s3_80_96,s3_141_159,s2_164_318,s3_80_160,s2_2_4
6057,s2_885_1695,s2_n103_99,s4_n40_7,s1_below_4282,s1_below_2,s3_2003_2005,s2_760_2075,s3_17_37,Passenger Car,s2_11_28,Deployed,s2_97_208,s1_below_1,Male,s2_37_80,s3_141_159,s2_164_318,s3_80_160,s2_2_4
6058,s3_1695_2555,s2_n103_99,s4_n40_7,s1_below_4282,s1_below_2,s4_2005_2007,s3_2075_3730,s3_17_37,Truck (<=10000 lbs.),s2_11_28,Not Deployed,s2_97_208,s1_below_1,Male,s4_96_114,s4_159_169,s3_318_464,s4_160_220,s5_6_7
6059,s2_885_1695,s2_n103_99,s4_n40_7,s1_below_4282,s1_below_2,s2_2001_2003,s2_760_2075,s3_17_37,Truck (<=6000 lbs.),s2_11_28,Not Deployed,s2_97_208,s1_below_1,Male,s2_37_80,s3_141_159,s2_164_318,s3_80_160,s2_2_4
6060,s2_885_1695,s2_n103_99,s4_n40_7,s1_below_4282,s3_3_4,s2_2001_2003,s2_760_2075,s4_37_47,Passenger Car,s4_48_64,Not Deployed,s2_97_208,s1_below_1,Male,s4_96_114,s3_141_159,s2_164_318,s2_40_80,s2_2_4
6061,s2_885_1695,s2_n103_99,s4_n40_7,s1_below_4282,s1_below_2,s4_2005_2007,s2_760_2075,s3_17_37,Passenger Car,s3_28_48,Deployed,s2_97_208,s1_below_1,Female,s3_80_96,s3_141_159,s2_164_318,s3_80_160,s2_2_4
6062,s2_885_1695,s2_n103_99,s4_n40_7,s1_below_4282,s1_below_2,s4_2005_2007,s2_760_2075,s3_17_37,Truck (<=6000 lbs.),s3_28_48,Not Deployed,s2_97_208,s1_below_1,Male,s2_37_80,s3_141_159,s2_164_318,s2_40_80,s2_2_4
6063,s2_885_1695,s2_n103_99,s4_n40_7,s1_below_4282,s1_below_2,s2_2001_2003,s2_760_2075,s3_17_37,Passenger Car,s2_11_28,Deployed,s2_97_208,s1_below_1,Male,s3_80_96,s3_141_159,s2_164_318,s3_80_160,s2_2_4
6064,s2_885_1695,s2_n103_99,s4_n40_7,s1_below_4282,s2_2_3,s4_2005_2007,s2_760_2075,s3_17_37,Passenger Car,s2_11_28,Deployed,s2_97_208,s1_below_1,Male,s2_37_80,s3_141_159,s2_164_318,s3_80_160,s2_2_4
6065,s2_885_1695,s2_n103_99,s4_n40_7,s1_below_4282,s3_3_4,s2_2001_2003,s2_760_2075,s4_37_47,Passenger Car,s4_48_64,Deployed,s2_97_208,s1_below_1,Male,s3_80_96,s3_141_159,s2_164_318,s3_80_160,s2_2_4
6066,s2_885_1695,s2_n103_99,s4_n40_7,s1_below_4282,s2_2_3,s4_2005_2007,s2_760_2075,s3_17_37,Truck (<=6000 lbs.),s5_64_76,Deployed,s2_97_208,s1_below_1,Male,s2_37_80,s4_159_169,s3_318_464,s2_40_80,s3_4_5
6067,s3_1695_2555,s2_n103_99,s4_n40_7,s1_below_4282,s1_below_2,s4_2005_2007,s2_760_2075,s3_17_37,Passenger Car,s3_28_48,Not Deployed,s2_97_208,s1_below_1,Female,s2_37_80,s3_141_159,s2_164_318,s3_80_160,s2_2_4
6068,s3_1695_2555,s2_n103_99,s4_n40_7,s1_below_4282,s2_2_3,s1_below_2001,s2_760_2075,s3_17_37,Truck (<=10000 lbs.),s3_28_48,Deployed,s2_97_208,s1_below_1,Female,s2_37_80,s4_159_169,s2_164_318,s3_80_160,s3_4_5
6069,s2_885_1695,s2_n103_99,s4_n40_7,s1_below_4282,s1_below_2,s3_2003_2005,s2_760_2075,s4_37_47,Passenger Car,s3_28_48,Deployed,s2_97_208,s1_below_1,Male,s2_37_80,s3_141_159,s2_164_318,s3_80_160,s2_2_4
6070,s2_885_1695,s2_n103_99,s5_7_up,s1_below_4282,s3_3_4,s3_2003_2005,s2_760_2075,s3_17_37,Truck (<=6000 lbs.),s3_28_48,Not Deployed,s2_97_208,s1_below_1,Male,s2_37_80,s3_141_159,s2_164_318,s4_160_220,s2_2_4
6071,s2_885_1695,s2_n103_99,s4_n40_7,s1_below_4282,s1_below_2,s3_2003_2005,s2_760_2075,s3_17_37,Passenger Car,s6_76_up,Deployed,s2_97_208,s1_below_1,Male,s3_80_96,s3_141_159,s2_164_318,s3_80_160,s2_2_4
6072,s3_1695_2555,s2_n103_99,s4_n40_7,s1_below_4282,s1_below_2,s2_2001_2003,s2_760_2075,s3_17_37,Truck (<=6000 lbs.),s4_48_64,Deployed,s2_97_208,s1_below_1,Female,s2_37_80,s4_159_169,s2_164_318,s3_80_160,s3_4_5
6073,s2_885_1695,s2_n103_99,s5_7_up,s1_below_4282,s1_below_2,s3_2003_2005,s2_760_2075,s3_17_37,Passenger Car,s5_64_76,Not Deployed,s2_97_208,s1_below_1,Female,s3_80_96,s3_141_159,s2_164_318,s6_260_up,s2_2_4
6074,s2_885_1695,s2_n103_99,s4_n40_7,s1_below_4282,s1_below_2,s4_2005_2007,s2_760_2075,s3_17_37,Passenger Car,s2_11_28,Deployed,s2_97_208,s1_below_1,Female,s2_37_80,s3_141_159,s2_164_318,s3_80_160,s2_2_4
6075,s2_885_1695,s2_n103_99,s4_n40_7,s1_below_4282,s1_below_2,s1_below_2001,s2_760_2075,s3_17_37,Passenger Car,s3_28_48,Not Deployed,s2_97_208,s1_below_1,Female,s4_96_114,s3_141_159,s2_164_318,s3_80_160,s2_2_4
6076,s2_885_1695,s2_n103_99,s3_n81_n40,s1_below_4282,s1_below_2,s4_2005_2007,s2_760_2075,s3_17_37,Passenger Car,s2_11_28,Deployed,s2_97_208,s3_2_3,Female,s4_96_114,s3_141_159,s2_164_318,s3_80_160,s2_2_4
6077,s2_885_1695,s2_n103_99,s3_n81_n40,s1_below_4282,s1_below_2,s1_below_2001,s2_760_2075,s3_17_37,Passenger Car,s3_28_48,Deployed,s2_97_208,s2_1_2,Male,s6_130_up,s3_141_159,s2_164_318,s3_80_160,s2_2_4
6078,s2_885_1695,s2_n103_99,s4_n40_7,s1_below_4282,s3_3_4,s4_2005_2007,s2_760_2075,s3_17_37,Passenger Car,s4_48_64,Deployed,s2_97_208,s1_below_1,Female,s2_37_80,s3_141_159,s2_164_318,s3_80_160,s2_2_4
6079,s2_885_1695,s2_n103_99,s4_n40_7,s1_below_4282,s1_below_2,s3_2003_2005,s2_760_2075,s3_17_37,Passenger Car,s4_48_64,Deployed,s2_97_208,s1_below_1,Male,s3_80_96,s3_141_159,s2_164_318,s3_80_160,s2_2_4
6080,s2_885_1695,s2_n103_99,s4_n40_7,s1_below_4282,s1_below_2,s1_below_2001,s2_760_2075,s3_17_37,Truck (<=6000 lbs.),s5_64_76,Not Deployed,s2_97_208,s1_below_1,Female,s2_37_80,s4_159_169,s2_164_318,s4_160_220,s3_4_5
6081,s2_885_1695,s2_n103_99,s3_n81_n40,s1_below_4282,s3_3_4,s1_below_2001,s3_2075_3730,s4_37_47,Truck (<=6000 lbs.),s3_28_48,Deployed,s2_97_208,s3_2_3,Female,s2_37_80,s3_141_159,s2_164_318,s3_80_160,s2_2_4
6082,s3_1695_2555,s2_n103_99,s4_n40_7,s1_below_4282,s3_3_4,s1_below_2001,s2_760_2075,s4_37_47,Truck (<=10000 lbs.),s4_48_64,Deployed,s2_97_208,s2_1_2,Male,s6_130_up,s4_159_169,s2_164_318,s3_80_160,s3_4_5
6083,s2_885_1695,s2_n103_99,s4_n40_7,s1_below_4282,s2_2_3,s3_2003_2005,s2_760_2075,s4_37_47,Passenger Car,s3_28_48,Not Deployed,s2_97_208,s1_below_1,Female,s2_37_80,s3_141_159,s2_164_318,s3_80_160,s2_2_4
6084,s3_1695_2555,s2_n103_99,s4_n40_7,s1_below_4282,s1_below_2,s3_2003_2005,s2_760_2075,s3_17_37,Truck (<=6000 lbs.),s3_28_48,Not Deployed,s2_97_208,s1_below_1,Male,s2_37_80,s3_141_159,s2_164_318,s3_80_160,s2_2_4
6085,s2_885_1695,s2_n103_99,s5_7_up,s1_below_4282,s1_below_2,s1_below_2001,s2_760_2075,s3_17_37,Passenger Car,s6_76_up,Not Deployed,s2_97_208,s1_below_1,Female,s2_37_80,s3_141_159,s2_164_318,s6_260_up,s2_2_4
6086,s3_1695_2555,s2_n103_99,s4_n40_7,s1_below_4282,s1_below_2,s3_2003_2005,s2_760_2075,s3_17_37,Truck (<=6000 lbs.),s3_28_48,Not Deployed,s2_97_208,s1_below_1,Male,s4_96_114,s4_159_169,s2_164_318,s3_80_160,s2_2_4
6087,s2_885_1695,s2_n103_99,s4_n40_7,s1_below_4282,s1_below_2,s3_2003_2005,s2_760_2075,s4_37_47,Passenger Car,s2_11_28,Deployed,s2_97_208,s1_below_1,Female,s2_37_80,s3_141_159,s2_164_318,s3_80_160,s2_2_4
6088,s2_885_1695,s2_n103_99,s4_n40_7,s1_below_4282,s1_below_2,s1_below_2001,s2_760_2075,s4_37_47,Passenger Car,s2_11_28,Not Deployed,s2_97_208,s1_below_1,Male,s2_37_80,s3_141_159,s2_164_318,s4_160_220,s2_2_4
6089,s2_885_1695,s2_n103_99,s5_7_up,s1_below_4282,s1_below_2,s3_2003_2005,s2_760_2075,s3_17_37,Truck (<=6000 lbs.),s2_11_28,Not Deployed,s2_97_208,s1_below_1,Female,s2_37_80,s3_141_159,s2_164_318,s6_260_up,s2_2_4
6090,s2_885_1695,s2_n103_99,s4_n40_7,s1_below_4282,s1_below_2,s2_2001_2003,s2_760_2075,s3_17_37,Passenger Car,s2_11_28,Not Deployed,s2_97_208,s1_below_1,Male,s3_80_96,s3_141_159,s2_164_318,s5_220_260,s2_2_4
6091,s2_885_1695,s2_n103_99,s4_n40_7,s1_below_4282,s1_below_2,s1_below_2001,s2_760_2075,s3_17_37,Passenger Car,s3_28_48,Deployed,s2_97_208,s2_1_2,Female,s2_37_80,s3_141_159,s2_164_318,s3_80_160,s2_2_4
6092,s2_885_1695,s2_n103_99,s4_n40_7,s1_below_4282,s1_below_2,s2_2001_2003,s2_760_2075,s3_17_37,Passenger Car,s3_28_48,Not Deployed,s2_97_208,s1_below_1,Male,s3_80_96,s3_141_159,s2_164_318,s3_80_160,s2_2_4
6093,s2_885_1695,s2_n103_99,s4_n40_7,s1_below_4282,s1_below_2,s2_2001_2003,s2_760_2075,s3_17_37,Passenger Car,s5_64_76,Not Deployed,s2_97_208,s1_below_1,Female,s4_96_114,s3_141_159,s2_164_318,s3_80_160,s2_2_4
6094,s2_885_1695,s2_n103_99,s4_n40_7,s1_below_4282,s2_2_3,s5_2007_2009,s2_760_2075,s3_17_37,Truck (<=6000 lbs.),s3_28_48,Not Deployed,s2_97_208,s1_below_1,Female,s2_37_80,s3_141_159,s2_164_318,s3_80_160,s2_2_4
6095,s2_885_1695,s2_n103_99,s4_n40_7,s1_below_4282,s1_below_2,s2_2001_2003,s3_2075_3730,s3_17_37,Passenger Car,s3_28_48,Deployed,s2_97_208,s1_below_1,Male,s3_80_96,s3_141_159,s2_164_318,s3_80_160,s2_2_4
6096,s2_885_1695,s2_n103_99,s4_n40_7,s1_below_4282,s1_below_2,s2_2001_2003,s2_760_2075,s5_47_57,Passenger Car,s5_64_76,Deployed,s2_97_208,s1_below_1,Male,s3_80_96,s3_141_159,s2_164_318,s3_80_160,s2_2_4
6097,s2_885_1695,s2_n103_99,s4_n40_7,s1_below_4282,s2_2_3,s3_2003_2005,s2_760_2075,s4_37_47,Passenger Car,s3_28_48,Not Deployed,s2_97_208,s1_below_1,Male,s5_114_130,s3_141_159,s2_164_318,s3_80_160,s2_2_4
6098,s2_885_1695,s2_n103_99,s4_n40_7,s1_below_4282,s1_below_2,s2_2001_2003,s2_760_2075,s5_47_57,Passenger Car,s3_28_48,Deployed,s2_97_208,s1_below_1,Male,s3_80_96,s3_141_159,s2_164_318,s3_80_160,s2_2_4
6099,s2_885_1695,s2_n103_99,s3_n81_n40,s1_below_4282,s3_3_4,s1_below_2001,s2_760_2075,s3_17_37,Passenger Car,s3_28_48,Deployed,s2_97_208,s1_below_1,Female,s2_37_80,s3_141_159,s2_164_318,s3_80_160,s2_2_4
6100,s2_885_1695,s2_n103_99,s4_n40_7,s1_below_4282,s1_below_2,s5_2007_2009,s2_760_2075,s3_17_37,Passenger Car,s2_11_28,Deployed,s2_97_208,s1_below_1,Male,s2_37_80,s3_141_159,s2_164_318,s3_80_160,s2_2_4
6101,s2_885_1695,s2_n103_99,s4_n40_7,s1_below_4282,s2_2_3,s4_2005_2007,s2_760_2075,s3_17_37,Passenger Car,s3_28_48,Not Deployed,s2_97_208,s1_below_1,Female,s2_37_80,s3_141_159,s2_164_318,s3_80_160,s2_2_4
6102,s2_885_1695,s2_n103_99,s4_n40_7,s1_below_4282,s2_2_3,s2_2001_2003,s2_760_2075,s3_17_37,Passenger Car,s4_48_64,Not Deployed,s2_97_208,s1_below_1,Male,s3_80_96,s3_141_159,s2_164_318,s3_80_160,s2_2_4
6103,s2_885_1695,s2_n103_99,s4_n40_7,s1_below_4282,s2_2_3,s3_2003_2005,s2_760_2075,s3_17_37,Passenger Car,s4_48_64,Deployed,s2_97_208,s1_below_1,Female,s4_96_114,s3_141_159,s2_164_318,s3_80_160,s2_2_4
6104,s2_885_1695,s2_n103_99,s4_n40_7,s1_below_4282,s2_2_3,s5_2007_2009,s2_760_2075,s4_37_47,Passenger Car,s2_11_28,Deployed,s2_97_208,s1_below_1,Female,s2_37_80,s3_141_159,s2_164_318,s3_80_160,s2_2_4
6105,s2_885_1695,s2_n103_99,s4_n40_7,s1_below_4282,s1_below_2,s3_2003_2005,s2_760_2075,s5_47_57,Passenger Car,s3_28_48,Deployed,s2_97_208,s1_below_1,Male,s3_80_96,s3_141_159,s2_164_318,s3_80_160,s2_2_4
6106,s3_1695_2555,s2_n103_99,s5_7_up,s1_below_4282,s1_below_2,s3_2003_2005,s2_760_2075,s5_47_57,Passenger Car,s3_28_48,Not Deployed,s2_97_208,s1_below_1,Male,s3_80_96,s4_159_169,s2_164_318,s6_260_up,s2_2_4
6107,s2_885_1695,s2_n103_99,s4_n40_7,s1_below_4282,s3_3_4,s3_2003_2005,s2_760_2075,s5_47_57,Truck (<=6000 lbs.),s5_64_76,Deployed,s2_97_208,s6_5_up,Female,s2_37_80,s3_141_159,s2_164_318,s4_160_220,s2_2_4
6108,s2_885_1695,s2_n103_99,s4_n40_7,s1_below_4282,s3_3_4,s3_2003_2005,s2_760_2075,s5_47_57,Passenger Car,s3_28_48,Deployed,s2_97_208,s1_below_1,Male,s4_96_114,s3_141_159,s2_164_318,s3_80_160,s2_2_4
6109,s2_885_1695,s2_n103_99,s4_n40_7,s1_below_4282,s1_below_2,s3_2003_2005,s2_760_2075,s5_47_57,Passenger Car,s3_28_48,Deployed,s2_97_208,s1_below_1,Female,s2_37_80,s3_141_159,s2_164_318,s2_40_80,s2_2_4
6110,s3_1695_2555,s2_n103_99,s4_n40_7,s1_below_4282,s3_3_4,s1_below_2001,s2_760_2075,s5_47_57,Truck (<=10000 lbs.),s2_11_28,Deployed,s2_97_208,s1_below_1,Male,s2_37_80,s3_141_159,s2_164_318,s3_80_160,s2_2_4
6111,s3_1695_2555,s2_n103_99,s4_n40_7,s1_below_4282,s4_4_5,s2_2001_2003,s2_760_2075,s3_17_37,Truck (<=10000 lbs.),s2_11_28,Deployed,s2_97_208,s1_below_1,Male,s3_80_96,s4_159_169,s2_164_318,s3_80_160,s3_4_5
6112,s2_885_1695,s2_n103_99,s4_n40_7,s1_below_4282,s2_2_3,s2_2001_2003,s2_760_2075,s3_17_37,Passenger Car,s2_11_28,Deployed,s2_97_208,s1_below_1,Female,s3_80_96,s3_141_159,s2_164_318,s3_80_160,s2_2_4
6113,s2_885_1695,s2_n103_99,s4_n40_7,s1_below_4282,s4_4_5,s4_2005_2007,s3_2075_3730,s3_17_37,Passenger Car,s2_11_28,Not Deployed,s2_97_208,s1_below_1,Female,s3_80_96,s3_141_159,s2_164_318,s3_80_160,s2_2_4
6114,s2_885_1695,s2_n103_99,s4_n40_7,s1_below_4282,s1_below_2,s2_2001_2003,s2_760_2075,s3_17_37,Truck (<=6000 lbs.),s4_48_64,Deployed,s2_97_208,s1_below_1,Female,s2_37_80,s3_141_159,s2_164_318,s3_80_160,s2_2_4
6115,s2_885_1695,s2_n103_99,s4_n40_7,s1_below_4282,s3_3_4,s4_2005_2007,s2_760_2075,s5_47_57,Passenger Car,s3_28_48,Not Deployed,s2_97_208,s1_below_1,Female,s2_37_80,s3_141_159,s2_164_318,s3_80_160,s2_2_4
6116,s3_1695_2555,s2_n103_99,s4_n40_7,s1_below_4282,s3_3_4,s3_2003_2005,s2_760_2075,s5_47_57,Truck (<=6000 lbs.),s4_48_64,Deployed,s2_97_208,s1_below_1,Male,s5_114_130,s3_141_159,s2_164_318,s3_80_160,s2_2_4
6117,s2_885_1695,s2_n103_99,s4_n40_7,s1_below_4282,s1_below_2,s2_2001_2003,s2_760_2075,s5_47_57,Passenger Car,s4_48_64,Not Deployed,s2_97_208,s1_below_1,Male,s4_96_114,s3_141_159,s2_164_318,s3_80_160,s2_2_4
6118,s2_885_1695,s2_n103_99,s4_n40_7,s1_below_4282,s2_2_3,s2_2001_2003,s2_760_2075,s5_47_57,Passenger Car,s2_11_28,Deployed,s2_97_208,s1_below_1,Male,s2_37_80,s3_141_159,s2_164_318,s3_80_160,s2_2_4
6119,s2_885_1695,s2_n103_99,s4_n40_7,s1_below_4282,s1_below_2,s4_2005_2007,s2_760_2075,s3_17_37,Passenger Car,s3_28_48,Not Deployed,s2_97_208,s1_below_1,Male,s3_80_96,s3_141_159,s2_164_318,s3_80_160,s2_2_4
6120,s3_1695_2555,s2_n103_99,s4_n40_7,s1_below_4282,s2_2_3,s3_2003_2005,s2_760_2075,s3_17_37,Truck (<=6000 lbs.),s3_28_48,Deployed,s2_97_208,s1_below_1,Female,s4_96_114,s3_141_159,s2_164_318,s4_160_220,s2_2_4
6121,s3_1695_2555,s2_n103_99,s5_7_up,s1_below_4282,s4_4_5,s4_2005_2007,s2_760_2075,s3_17_37,Truck (<=6000 lbs.),s3_28_48,Not Deployed,s2_97_208,s1_below_1,Female,s2_37_80,s4_159_169,s2_164_318,s6_260_up,s2_2_4
6122,s2_885_1695,s2_n103_99,s4_n40_7,s1_below_4282,s3_3_4,s1_below_2001,s2_760_2075,s3_17_37,Passenger Car,s3_28_48,Not Deployed,s2_97_208,s1_below_1,Male,s2_37_80,s3_141_159,s2_164_318,s4_160_220,s2_2_4
6123,s2_885_1695,s2_n103_99,s4_n40_7,s1_below_4282,s3_3_4,s3_2003_2005,s2_760_2075,s3_17_37,Passenger Car,s2_11_28,Not Deployed,s2_97_208,s1_below_1,Female,s5_114_130,s3_141_159,s2_164_318,s3_80_160,s2_2_4
6124,s2_885_1695,s2_n103_99,s4_n40_7,s1_below_4282,s3_3_4,s4_2005_2007,s2_760_2075,s3_17_37,Passenger Car,s4_48_64,Deployed,s2_97_208,s2_1_2,Female,s2_37_80,s3_141_159,s2_164_318,s3_80_160,s2_2_4
6125,s3_1695_2555,s2_n103_99,s4_n40_7,s1_below_4282,s4_4_5,s4_2005_2007,s2_760_2075,s5_47_57,Truck (<=6000 lbs.),s3_28_48,Deployed,s2_97_208,s1_below_1,Male,s4_96_114,s4_159_169,s2_164_318,s3_80_160,s3_4_5
6126,s2_885_1695,s2_n103_99,s4_n40_7,s1_below_4282,s2_2_3,s3_2003_2005,s2_760_2075,s5_47_57,Passenger Car,s2_11_28,Not Deployed,s2_97_208,s1_below_1,Female,s2_37_80,s3_141_159,s2_164_318,s4_160_220,s2_2_4
6127,s2_885_1695,s2_n103_99,s4_n40_7,s1_below_4282,s3_3_4,s4_2005_2007,s2_760_2075,s5_47_57,Passenger Car,s2_11_28,Not Deployed,s2_97_208,s1_below_1,Male,s3_80_96,s3_141_159,s2_164_318,s4_160_220,s2_2_4
6128,s2_885_1695,s2_n103_99,s5_7_up,s1_below_4282,s2_2_3,s2_2001_2003,s2_760_2075,s5_47_57,Passenger Car,s3_28_48,Not Deployed,s2_97_208,s1_below_1,Female,s2_37_80,s3_141_159,s2_164_318,s4_160_220,s2_2_4
6129,s3_1695_2555,s2_n103_99,s5_7_up,s1_below_4282,s4_4_5,s4_2005_2007,s2_760_2075,s5_47_57,Truck (<=6000 lbs.),s4_48_64,Not Deployed,s2_97_208,s1_below_1,Female,s2_37_80,s5_169_179,s2_164_318,s4_160_220,s2_2_4
6130,s2_885_1695,s2_n103_99,s4_n40_7,s1_below_4282,s4_4_5,s4_2005_2007,s2_760_2075,s5_47_57,Truck (<=6000 lbs.),s4_48_64,Not Deployed,s2_97_208,s1_below_1,Female,s3_80_96,s3_141_159,s2_164_318,s4_160_220,s2_2_4
6131,s4_2555_3715,s2_n103_99,s3_n81_n40,s1_below_4282,s1_below_2,s2_2001_2003,s2_760_2075,s4_37_47,Truck (<=10000 lbs.),s3_28_48,Deployed,s2_97_208,s2_1_2,Male,s5_114_130,s5_169_179,s2_164_318,s3_80_160,s3_4_5
6132,s2_885_1695,s2_n103_99,s1_below_n112,s3_6970_up,s1_below_2,s5_2007_2009,s3_2075_3730,s4_37_47,Passenger Car,s3_28_48,Deployed,s2_97_208,s5_4_5,Female,s4_96_114,s3_141_159,s2_164_318,s3_80_160,s2_2_4
6133,s2_885_1695,s2_n103_99,s4_n40_7,s1_below_4282,s1_below_2,s3_2003_2005,s2_760_2075,s3_17_37,Passenger Car,s2_11_28,Deployed,s2_97_208,s1_below_1,Male,s3_80_96,s3_141_159,s2_164_318,s3_80_160,s2_2_4
6134,s2_885_1695,s2_n103_99,s3_n81_n40,s1_below_4282,s1_below_2,s2_2001_2003,s2_760_2075,s3_17_37,Truck (<=6000 lbs.),s2_11_28,Deployed,s2_97_208,s2_1_2,Female,s2_37_80,s2_116_141,s2_164_318,s3_80_160,s2_2_4
6135,s2_885_1695,s2_n103_99,s5_7_up,s1_below_4282,s1_below_2,s3_2003_2005,s2_760_2075,s3_17_37,Passenger Car,s3_28_48,Not Deployed,s2_97_208,s1_below_1,Female,s2_37_80,s3_141_159,s2_164_318,s6_260_up,s2_2_4
6136,s2_885_1695,s2_n103_99,s4_n40_7,s1_below_4282,s4_4_5,s2_2001_2003,s3_2075_3730,s6_57_up,Passenger Car,s2_11_28,Not Deployed,s2_97_208,s1_below_1,Male,s2_37_80,s3_141_159,s2_164_318,s3_80_160,s2_2_4
6137,s2_885_1695,s2_n103_99,s3_n81_n40,s1_below_4282,s3_3_4,s2_2001_2003,s2_760_2075,s5_47_57,Passenger Car,s3_28_48,Deployed,s2_97_208,s1_below_1,Male,s3_80_96,s3_141_159,s2_164_318,s3_80_160,s2_2_4
6138,s2_885_1695,s2_n103_99,s4_n40_7,s1_below_4282,s1_below_2,s4_2005_2007,s2_760_2075,s3_17_37,Passenger Car,s2_11_28,Deployed,s2_97_208,s1_below_1,Female,s2_37_80,s3_141_159,s2_164_318,s3_80_160,s2_2_4
6139,s2_885_1695,s2_n103_99,s4_n40_7,s1_below_4282,s1_below_2,s1_below_2001,s3_2075_3730,s4_37_47,Passenger Car,s2_11_28,Not Deployed,s2_97_208,s1_below_1,Female,s2_37_80,s3_141_159,s2_164_318,s3_80_160,s2_2_4
6140,s2_885_1695,s2_n103_99,s5_7_up,s1_below_4282,s5_5_6,s1_below_2001,s2_760_2075,s5_47_57,Passenger Car,s3_28_48,Not Deployed,s2_97_208,s1_below_1,Male,s2_37_80,s3_141_159,s2_164_318,s6_260_up,s2_2_4
6141,s3_1695_2555,s2_n103_99,s4_n40_7,s1_below_4282,s1_below_2,s3_2003_2005,s2_760_2075,s5_47_57,Truck (<=6000 lbs.),s3_28_48,Not Deployed,s2_97_208,s1_below_1,Female,s3_80_96,s4_159_169,s2_164_318,s3_80_160,s3_4_5
6142,s2_885_1695,s2_n103_99,s4_n40_7,s1_below_4282,s5_5_6,s2_2001_2003,s3_2075_3730,s4_37_47,Passenger Car,s3_28_48,Not Deployed,s2_97_208,s1_below_1,Female,s2_37_80,s3_141_159,s2_164_318,s4_160_220,s2_2_4
6143,s2_885_1695,s2_n103_99,s4_n40_7,s1_below_4282,s1_below_2,s4_2005_2007,s2_760_2075,s3_17_37,Passenger Car,s4_48_64,Not Deployed,s2_97_208,s1_below_1,Male,s4_96_114,s3_141_159,s2_164_318,s3_80_160,s2_2_4
6144,s2_885_1695,s2_n103_99,s4_n40_7,s1_below_4282,s1_below_2,s3_2003_2005,s2_760_2075,s3_17_37,Truck (<=6000 lbs.),s3_28_48,Not Deployed,s2_97_208,s1_below_1,Male,s3_80_96,s3_141_159,s2_164_318,s3_80_160,s2_2_4
6145,s3_1695_2555,s2_n103_99,s4_n40_7,s1_below_4282,s5_5_6,s2_2001_2003,s2_760_2075,s4_37_47,Truck (<=10000 lbs.),s3_28_48,Not Deployed,s2_97_208,s3_2_3,Female,s2_37_80,s4_159_169,s2_164_318,s3_80_160,s3_4_5
6146,s2_885_1695,s2_n103_99,s4_n40_7,s1_below_4282,s1_below_2,s3_2003_2005,s2_760_2075,s3_17_37,Passenger Car,s4_48_64,Not Deployed,s2_97_208,s1_below_1,Female,s2_37_80,s3_141_159,s2_164_318,s1_below_40,s2_2_4
6147,s2_885_1695,s2_n103_99,s4_n40_7,s1_below_4282,s1_below_2,s4_2005_2007,s3_2075_3730,s5_47_57,Passenger Car,s4_48_64,Deployed,s2_97_208,s1_below_1,Female,s2_37_80,s3_141_159,s2_164_318,s3_80_160,s2_2_4
6148,s3_1695_2555,s2_n103_99,s4_n40_7,s1_below_4282,s3_3_4,s2_2001_2003,s2_760_2075,s4_37_47,Truck (<=6000 lbs.),s3_28_48,Not Deployed,s2_97_208,s1_below_1,Male,s2_37_80,s3_141_159,s2_164_318,s3_80_160,s2_2_4
6149,s2_885_1695,s2_n103_99,s4_n40_7,s1_below_4282,s1_below_2,s4_2005_2007,s2_760_2075,s3_17_37,Passenger Car,s3_28_48,Deployed,s2_97_208,s1_below_1,Male,s3_80_96,s3_141_159,s2_164_318,s3_80_160,s2_2_4
6150,s2_885_1695,s2_n103_99,s4_n40_7,s1_below_4282,s1_below_2,s3_2003_2005,s2_760_2075,s3_17_37,Passenger Car,s2_11_28,Deployed,s2_97_208,s1_below_1,Male,s2_37_80,s3_141_159,s2_164_318,s3_80_160,s2_2_4
6151,s3_1695_2555,s2_n103_99,s4_n40_7,s1_below_4282,s1_below_2,s3_2003_2005,s2_760_2075,s3_17_37,Truck (<=6000 lbs.),s3_28_48,Not Deployed,s2_97_208,s1_below_1,Female,s2_37_80,s4_159_169,s2_164_318,s4_160_220,s3_4_5
6152,s2_885_1695,s2_n103_99,s4_n40_7,s1_below_4282,s3_3_4,s5_2007_2009,s2_760_2075,s3_17_37,Passenger Car,s3_28_48,Not Deployed,s2_97_208,s1_below_1,Male,s2_37_80,s3_141_159,s2_164_318,s3_80_160,s2_2_4
6153,s3_1695_2555,s2_n103_99,s4_n40_7,s1_below_4282,s3_3_4,s4_2005_2007,s2_760_2075,s3_17_37,Truck (<=10000 lbs.),s3_28_48,Not Deployed,s2_97_208,s1_below_1,Male,s6_130_up,s4_159_169,s2_164_318,s4_160_220,s3_4_5
6154,s2_885_1695,s2_n103_99,s4_n40_7,s1_below_4282,s3_3_4,s5_2007_2009,s3_2075_3730,s3_17_37,Passenger Car,s2_11_28,Deployed,s2_97_208,s1_below_1,Female,s2_37_80,s3_141_159,s2_164_318,s3_80_160,s2_2_4
6155,s2_885_1695,s2_n103_99,s4_n40_7,s1_below_4282,s1_below_2,s3_2003_2005,s2_760_2075,s3_17_37,Passenger Car,s3_28_48,Deployed,s2_97_208,s1_below_1,Female,s2_37_80,s3_141_159,s2_164_318,s3_80_160,s2_2_4
6156,s3_1695_2555,s2_n103_99,s4_n40_7,s1_below_4282,s1_below_2,s3_2003_2005,s2_760_2075,s3_17_37,Truck (<=6000 lbs.),s2_11_28,Deployed,s2_97_208,s1_below_1,Female,s2_37_80,s3_141_159,s2_164_318,s3_80_160,s2_2_4
6157,s3_1695_2555,s2_n103_99,s5_7_up,s1_below_4282,s3_3_4,s5_2007_2009,s2_760_2075,s5_47_57,Truck (<=6000 lbs.),s6_76_up,Not Deployed,s2_97_208,s2_1_2,Female,s4_96_114,s4_159_169,s2_164_318,s6_260_up,s3_4_5
6158,s3_1695_2555,s2_n103_99,s4_n40_7,s1_below_4282,s2_2_3,s1_below_2001,s2_760_2075,s5_47_57,Truck (<=6000 lbs.),s4_48_64,Not Deployed,s2_97_208,s1_below_1,Female,s4_96_114,s3_141_159,s2_164_318,s4_160_220,s3_4_5
6159,s2_885_1695,s2_n103_99,s4_n40_7,s1_below_4282,s4_4_5,s1_below_2001,s2_760_2075,s5_47_57,Passenger Car,s2_11_28,Deployed,s2_97_208,s2_1_2,Female,s2_37_80,s3_141_159,s2_164_318,s4_160_220,s2_2_4
6160,s3_1695_2555,s2_n103_99,s4_n40_7,s1_below_4282,s4_4_5,s3_2003_2005,s2_760_2075,s5_47_57,Truck (<=6000 lbs.),s3_28_48,Deployed,s2_97_208,s2_1_2,Male,s3_80_96,s4_159_169,s2_164_318,s2_40_80,s2_2_4
6161,s2_885_1695,s2_n103_99,s4_n40_7,s1_below_4282,s3_3_4,s5_2007_2009,s3_2075_3730,s4_37_47,Passenger Car,s3_28_48,Deployed,s2_97_208,s1_below_1,Male,s4_96_114,s3_141_159,s2_164_318,s3_80_160,s2_2_4
6162,s4_2555_3715,s2_n103_99,s4_n40_7,s1_below_4282,s1_below_2,s5_2007_2009,s2_760_2075,s5_47_57,Truck (<=10000 lbs.),s5_64_76,Not Deployed,s2_97_208,s1_below_1,Male,s3_80_96,s6_179_up,s3_318_464,s1_below_40,s4_5_6
6163,s2_885_1695,s2_n103_99,s4_n40_7,s1_below_4282,s2_2_3,s1_below_2001,s3_2075_3730,s5_47_57,Passenger Car,s3_28_48,Deployed,s2_97_208,s1_below_1,Male,s2_37_80,s3_141_159,s2_164_318,s3_80_160,s2_2_4
6164,s2_885_1695,s2_n103_99,s4_n40_7,s1_below_4282,s3_3_4,s4_2005_2007,s2_760_2075,s3_17_37,Passenger Car,s3_28_48,Deployed,s2_97_208,s1_below_1,Female,s2_37_80,s3_141_159,s2_164_318,s3_80_160,s2_2_4
6165,s2_885_1695,s2_n103_99,s3_n81_n40,s2_4282_6970,s1_below_2,s5_2007_2009,s2_760_2075,s3_17_37,Passenger Car,s2_11_28,Deployed,s2_97_208,s6_5_up,Male,s2_37_80,s3_141_159,s2_164_318,s3_80_160,s2_2_4
6166,s3_1695_2555,s2_n103_99,s4_n40_7,s1_below_4282,s3_3_4,s2_2001_2003,s2_760_2075,s5_47_57,Passenger Car,s5_64_76,Not Deployed,s2_97_208,s1_below_1,Female,s2_37_80,s3_141_159,s2_164_318,s4_160_220,s2_2_4
6167,s2_885_1695,s2_n103_99,s4_n40_7,s1_below_4282,s2_2_3,s3_2003_2005,s2_760_2075,s5_47_57,Truck (<=6000 lbs.),s5_64_76,Not Deployed,s2_97_208,s1_below_1,Male,s3_80_96,s3_141_159,s2_164_318,s4_160_220,s2_2_4
6168,s2_885_1695,s2_n103_99,s4_n40_7,s1_below_4282,s3_3_4,s2_2001_2003,s2_760_2075,s3_17_37,Passenger Car,s4_48_64,Deployed,s2_97_208,s1_below_1,Female,s2_37_80,s3_141_159,s2_164_318,s3_80_160,s2_2_4
6169,s3_1695_2555,s2_n103_99,s4_n40_7,s1_below_4282,s3_3_4,s1_below_2001,s2_760_2075,s4_37_47,Truck (<=10000 lbs.),s3_28_48,Deployed,s2_97_208,s1_below_1,Male,s3_80_96,s3_141_159,s2_164_318,s4_160_220,s2_2_4
6170,s2_885_1695,s2_n103_99,s4_n40_7,s1_below_4282,s3_3_4,s1_below_2001,s3_2075_3730,s4_37_47,Passenger Car,s3_28_48,Deployed,s2_97_208,s1_below_1,Male,s4_96_114,s3_141_159,s2_164_318,s3_80_160,s2_2_4
6171,s2_885_1695,s2_n103_99,s5_7_up,s1_below_4282,s2_2_3,s3_2003_2005,s2_760_2075,s3_17_37,Passenger Car,s3_28_48,Not Deployed,s2_97_208,s1_below_1,Female,s2_37_80,s3_141_159,s2_164_318,s6_260_up,s2_2_4
6172,s3_1695_2555,s2_n103_99,s4_n40_7,s1_below_4282,s1_below_2,s4_2005_2007,s2_760_2075,s3_17_37,Truck (<=10000 lbs.),s4_48_64,Deployed,s2_97_208,s1_below_1,Male,s4_96_114,s4_159_169,s2_164_318,s4_160_220,s2_2_4
6173,s3_1695_2555,s2_n103_99,s3_n81_n40,s1_below_4282,s3_3_4,s3_2003_2005,s2_760_2075,s4_37_47,Truck (<=10000 lbs.),s2_11_28,Deployed,s2_97_208,s1_below_1,Male,s2_37_80,s3_141_159,s3_318_464,s3_80_160,s2_2_4
6174,s2_885_1695,s2_n103_99,s4_n40_7,s1_below_4282,s3_3_4,s2_2001_2003,s3_2075_3730,s4_37_47,Passenger Car,s4_48_64,Not Deployed,s2_97_208,s5_4_5,Male,s3_80_96,s3_141_159,s2_164_318,s4_160_220,s2_2_4
6175,s2_885_1695,s2_n103_99,s4_n40_7,s1_below_4282,s1_below_2,s1_below_2001,s2_760_2075,s4_37_47,Truck (<=6000 lbs.),s2_11_28,Deployed,s2_97_208,s1_below_1,Female,s2_37_80,s3_141_159,s2_164_318,s4_160_220,s2_2_4
6176,s2_885_1695,s2_n103_99,s4_n40_7,s1_below_4282,s1_below_2,s2_2001_2003,s2_760_2075,s4_37_47,Passenger Car,s3_28_48,Deployed,s2_97_208,s3_2_3,Female,s2_37_80,s3_141_159,s2_164_318,s3_80_160,s2_2_4
6177,s4_2555_3715,s2_n103_99,s4_n40_7,s1_below_4282,s1_below_2,s2_2001_2003,s2_760_2075,s3_17_37,Truck (<=10000 lbs.),s3_28_48,Deployed,s2_97_208,s2_1_2,Female,s2_37_80,s5_169_179,s2_164_318,s3_80_160,s3_4_5
6178,s3_1695_2555,s2_n103_99,s4_n40_7,s1_below_4282,s3_3_4,s3_2003_2005,s2_760_2075,s6_57_up,Truck (<=10000 lbs.),s4_48_64,Not Deployed,s2_97_208,s1_below_1,Male,s4_96_114,s4_159_169,s3_318_464,s3_80_160,s4_5_6
6179,s2_885_1695,s2_n103_99,s4_n40_7,s1_below_4282,s1_below_2,s1_below_2001,s2_760_2075,s3_17_37,Passenger Car,s4_48_64,Deployed,s2_97_208,s6_5_up,Male,s3_80_96,s3_141_159,s2_164_318,s3_80_160,s2_2_4
6180,s3_1695_2555,s2_n103_99,s4_n40_7,s1_below_4282,s1_below_2,s3_2003_2005,s2_760_2075,s3_17_37,Truck (<=6000 lbs.),s3_28_48,Deployed,s2_97_208,s2_1_2,Female,s4_96_114,s3_141_159,s2_164_318,s3_80_160,s2_2_4
6181,s3_1695_2555,s2_n103_99,s4_n40_7,s1_below_4282,s3_3_4,s2_2001_2003,s2_760_2075,s4_37_47,Passenger Car,s4_48_64,Not Deployed,s2_97_208,s1_below_1,Male,s2_37_80,s3_141_159,s2_164_318,s4_160_220,s2_2_4
6182,s2_885_1695,s2_n103_99,s4_n40_7,s1_below_4282,s3_3_4,s4_2005_2007,s2_760_2075,s4_37_47,Passenger Car,s4_48_64,Not Deployed,s2_97_208,s2_1_2,Female,s2_37_80,s3_141_159,s2_164_318,s2_40_80,s2_2_4
6183,s2_885_1695,s2_n103_99,s4_n40_7,s1_below_4282,s2_2_3,s2_2001_2003,s2_760_2075,s5_47_57,Passenger Car,s3_28_48,Not Deployed,s2_97_208,s1_below_1,Female,s6_130_up,s3_141_159,s2_164_318,s3_80_160,s2_2_4
6184,s2_885_1695,s2_n103_99,s5_7_up,s1_below_4282,s2_2_3,s1_below_2001,s2_760_2075,s5_47_57,Truck (<=6000 lbs.),s3_28_48,Not Deployed,s2_97_208,s1_below_1,Male,s3_80_96,s3_141_159,s2_164_318,s6_260_up,s2_2_4
6185,s2_885_1695,s2_n103_99,s4_n40_7,s1_below_4282,s4_4_5,s4_2005_2007,s3_2075_3730,s3_17_37,Passenger Car,s4_48_64,Not Deployed,s2_97_208,s1_below_1,Female,s4_96_114,s3_141_159,s2_164_318,s5_220_260,s2_2_4
6186,s3_1695_2555,s2_n103_99,s4_n40_7,s1_below_4282,s1_below_2,s2_2001_2003,s2_760_2075,s4_37_47,Truck (<=6000 lbs.),s3_28_48,Not Deployed,s2_97_208,s1_below_1,Male,s3_80_96,s5_169_179,s2_164_318,s3_80_160,s2_2_4
6187,s2_885_1695,s2_n103_99,s5_7_up,s1_below_4282,s1_below_2,s3_2003_2005,s2_760_2075,s2_7_17,Passenger Car,s2_11_28,Not Deployed,s2_97_208,s1_below_1,Female,s2_37_80,s3_141_159,s2_164_318,s6_260_up,s2_2_4
6188,s3_1695_2555,s2_n103_99,s4_n40_7,s1_below_4282,s1_below_2,s4_2005_2007,s2_760_2075,s3_17_37,Truck (<=6000 lbs.),s4_48_64,Deployed,s2_97_208,s3_2_3,Female,s6_130_up,s3_141_159,s2_164_318,s3_80_160,s2_2_4
6189,s2_885_1695,s2_n103_99,s3_n81_n40,s1_below_4282,s1_below_2,s5_2007_2009,s3_2075_3730,s3_17_37,Passenger Car,s3_28_48,Deployed,s2_97_208,s1_below_1,Female,s4_96_114,s3_141_159,s2_164_318,s3_80_160,s2_2_4
6190,s3_1695_2555,s2_n103_99,s4_n40_7,s1_below_4282,s2_2_3,s4_2005_2007,s3_2075_3730,s5_47_57,Truck (<=10000 lbs.),s3_28_48,Not Deployed,s2_97_208,s1_below_1,Female,s2_37_80,s3_141_159,s2_164_318,s4_160_220,s2_2_4
6191,s3_1695_2555,s2_n103_99,s4_n40_7,s1_below_4282,s4_4_5,s4_2005_2007,s2_760_2075,s4_37_47,Truck (<=6000 lbs.),s3_28_48,Deployed,s2_97_208,s1_below_1,Female,s2_37_80,s4_159_169,s2_164_318,s3_80_160,s3_4_5
6192,s2_885_1695,s2_n103_99,s4_n40_7,s1_below_4282,s1_below_2,s3_2003_2005,s2_760_2075,s4_37_47,Truck (<=6000 lbs.),s3_28_48,Deployed,s2_97_208,s1_below_1,Female,s2_37_80,s3_141_159,s2_164_318,s3_80_160,s2_2_4
6193,s3_1695_2555,s2_n103_99,s4_n40_7,s1_below_4282,s1_below_2,s3_2003_2005,s2_760_2075,s3_17_37,Truck (<=6000 lbs.),s4_48_64,Not Deployed,s2_97_208,s3_2_3,Female,s4_96_114,s4_159_169,s2_164_318,s3_80_160,s3_4_5
6194,s2_885_1695,s2_n103_99,s4_n40_7,s1_below_4282,s1_below_2,s4_2005_2007,s2_760_2075,s4_37_47,Passenger Car,s6_76_up,Not Deployed,s2_97_208,s1_below_1,Female,s2_37_80,s3_141_159,s2_164_318,s4_160_220,s2_2_4
6195,s2_885_1695,s2_n103_99,s4_n40_7,s1_below_4282,s3_3_4,s4_2005_2007,s2_760_2075,s3_17_37,Passenger Car,s5_64_76,Deployed,s2_97_208,s2_1_2,Female,s2_37_80,s3_141_159,s2_164_318,s3_80_160,s2_2_4
6196,s2_885_1695,s2_n103_99,s4_n40_7,s1_below_4282,s4_4_5,s2_2001_2003,s2_760_2075,s4_37_47,Passenger Car,s3_28_48,Deployed,s2_97_208,s1_below_1,Male,s3_80_96,s3_141_159,s2_164_318,s3_80_160,s2_2_4
6197,s2_885_1695,s2_n103_99,s4_n40_7,s1_below_4282,s4_4_5,s1_below_2001,s2_760_2075,s4_37_47,Passenger Car,s2_11_28,Deployed,s2_97_208,s1_below_1,Male,s3_80_96,s3_141_159,s2_164_318,s3_80_160,s2_2_4
6198,s3_1695_2555,s2_n103_99,s4_n40_7,s1_below_4282,s3_3_4,s3_2003_2005,s2_760_2075,s4_37_47,Truck (<=6000 lbs.),s2_11_28,Deployed,s2_97_208,s1_below_1,Female,s2_37_80,s4_159_169,s2_164_318,s3_80_160,s3_4_5
6199,s3_1695_2555,s2_n103_99,s4_n40_7,s1_below_4282,s5_5_6,s3_2003_2005,s2_760_2075,s4_37_47,Passenger Car,s4_48_64,Deployed,s2_97_208,s3_2_3,Female,s2_37_80,s4_159_169,s2_164_318,s4_160_220,s3_4_5
6200,s2_885_1695,s2_n103_99,s4_n40_7,s1_below_4282,s4_4_5,s2_2001_2003,s2_760_2075,s4_37_47,Passenger Car,s3_28_48,Deployed,s2_97_208,s1_below_1,Male,s2_37_80,s3_141_159,s2_164_318,s3_80_160,s2_2_4
6201,s2_885_1695,s2_n103_99,s4_n40_7,s1_below_4282,s2_2_3,s2_2001_2003,s2_760_2075,s5_47_57,Passenger Car,s3_28_48,Not Deployed,s2_97_208,s1_below_1,Female,s2_37_80,s3_141_159,s2_164_318,s4_160_220,s2_2_4
6202,s2_885_1695,s2_n103_99,s4_n40_7,s1_below_4282,s2_2_3,s2_2001_2003,s2_760_2075,s6_57_up,Passenger Car,s2_11_28,Not Deployed,s2_97_208,s1_below_1,Male,s3_80_96,s3_141_159,s2_164_318,s3_80_160,s2_2_4
6203,s2_885_1695,s2_n103_99,s5_7_up,s1_below_4282,s2_2_3,s1_below_2001,s3_2075_3730,s6_57_up,Truck (<=6000 lbs.),s4_48_64,Not Deployed,s2_97_208,s2_1_2,Female,s2_37_80,s3_141_159,s2_164_318,s6_260_up,s2_2_4
6204,s2_885_1695,s2_n103_99,s4_n40_7,s1_below_4282,s4_4_5,s3_2003_2005,s2_760_2075,s4_37_47,Passenger Car,s2_11_28,Not Deployed,s2_97_208,s1_below_1,Male,s2_37_80,s3_141_159,s2_164_318,s3_80_160,s2_2_4
6205,s3_1695_2555,s2_n103_99,s4_n40_7,s1_below_4282,s1_below_2,s2_2001_2003,s2_760_2075,s5_47_57,Truck (<=6000 lbs.),s2_11_28,Not Deployed,s2_97_208,s3_2_3,Female,s2_37_80,s3_141_159,s2_164_318,s3_80_160,s2_2_4
6206,s2_885_1695,s2_n103_99,s4_n40_7,s1_below_4282,s1_below_2,s5_2007_2009,s2_760_2075,s5_47_57,Truck (<=6000 lbs.),s4_48_64,Not Deployed,s2_97_208,s1_below_1,Female,s3_80_96,s3_141_159,s2_164_318,s6_260_up,s2_2_4
6207,s3_1695_2555,s2_n103_99,s3_n81_n40,s1_below_4282,s1_below_2,s2_2001_2003,s2_760_2075,s5_47_57,Truck (<=6000 lbs.),s2_11_28,Deployed,s2_97_208,s1_below_1,Male,s4_96_114,s4_159_169,s2_164_318,s3_80_160,s3_4_5
6208,s3_1695_2555,s2_n103_99,s4_n40_7,s1_below_4282,s1_below_2,s2_2001_2003,s2_760_2075,s6_57_up,Truck (<=6000 lbs.),s3_28_48,Not Deployed,s2_97_208,s1_below_1,Male,s2_37_80,s4_159_169,s2_164_318,s3_80_160,s3_4_5
6209,s2_885_1695,s2_n103_99,s4_n40_7,s1_below_4282,s1_below_2,s1_below_2001,s2_760_2075,s5_47_57,Passenger Car,s3_28_48,Not Deployed,s2_97_208,s1_below_1,Female,s2_37_80,s3_141_159,s2_164_318,s4_160_220,s2_2_4
6210,s3_1695_2555,s2_n103_99,s4_n40_7,s1_below_4282,s4_4_5,s1_below_2001,s2_760_2075,s3_17_37,Truck (<=6000 lbs.),s4_48_64,Deployed,s2_97_208,s1_below_1,Male,s4_96_114,s4_159_169,s3_318_464,s3_80_160,s4_5_6
6211,s2_885_1695,s2_n103_99,s4_n40_7,s1_below_4282,s1_below_2,s1_below_2001,s2_760_2075,s5_47_57,Passenger Car,s2_11_28,Deployed,s2_97_208,s1_below_1,Female,s2_37_80,s3_141_159,s2_164_318,s3_80_160,s2_2_4
6212,s2_885_1695,s2_n103_99,s4_n40_7,s1_below_4282,s1_below_2,s3_2003_2005,s2_760_2075,s5_47_57,Passenger Car,s4_48_64,Deployed,s2_97_208,s1_below_1,Female,s2_37_80,s3_141_159,s2_164_318,s3_80_160,s2_2_4
6213,s3_1695_2555,s2_n103_99,s4_n40_7,s1_below_4282,s2_2_3,s3_2003_2005,s2_760_2075,s6_57_up,Passenger Car,s6_76_up,Not Deployed,s2_97_208,s1_below_1,Male,s2_37_80,s4_159_169,s2_164_318,s3_80_160,s2_2_4
6214,s2_885_1695,s2_n103_99,s4_n40_7,s1_below_4282,s1_below_2,s1_below_2001,s2_760_2075,s6_57_up,Passenger Car,s3_28_48,Not Deployed,s2_97_208,s1_below_1,Female,s2_37_80,s3_141_159,s2_164_318,s3_80_160,s2_2_4
6215,s2_885_1695,s2_n103_99,s5_7_up,s1_below_4282,s1_below_2,s5_2007_2009,s2_760_2075,s6_57_up,Passenger Car,s2_11_28,Not Deployed,s2_97_208,s1_below_1,Female,s2_37_80,s3_141_159,s2_164_318,s6_260_up,s2_2_4
6216,s2_885_1695,s2_n103_99,s5_7_up,s1_below_4282,s1_below_2,s4_2005_2007,s2_760_2075,s4_37_47,Passenger Car,s3_28_48,Not Deployed,s2_97_208,s1_below_1,Female,s4_96_114,s3_141_159,s2_164_318,s6_260_up,s2_2_4
6217,s3_1695_2555,s2_n103_99,s4_n40_7,s1_below_4282,s1_below_2,s4_2005_2007,s2_760_2075,s5_47_57,Truck (<=10000 lbs.),s3_28_48,Deployed,s2_97_208,s1_below_1,Male,s3_80_96,s5_169_179,s3_318_464,s4_160_220,s4_5_6
6218,s3_1695_2555,s2_n103_99,s4_n40_7,s1_below_4282,s1_below_2,s4_2005_2007,s3_2075_3730,s5_47_57,Truck (<=6000 lbs.),s4_48_64,Deployed,s2_97_208,s4_3_4,Female,s2_37_80,s4_159_169,s2_164_318,s3_80_160,s3_4_5
6219,s2_885_1695,s2_n103_99,s5_7_up,s1_below_4282,s3_3_4,s1_below_2001,s2_760_2075,s3_17_37,Passenger Car,s2_11_28,Not Deployed,s2_97_208,s1_below_1,Male,s2_37_80,s3_141_159,s2_164_318,s5_220_260,s2_2_4
6220,s3_1695_2555,s2_n103_99,s4_n40_7,s1_below_4282,s1_below_2,s2_2001_2003,s2_760_2075,s5_47_57,Truck (<=6000 lbs.),s5_64_76,Deployed,s2_97_208,s1_below_1,Female,s2_37_80,s4_159_169,s2_164_318,s3_80_160,s3_4_5
6221,s2_885_1695,s2_n103_99,s5_7_up,s1_below_4282,s1_below_2,s4_2005_2007,s2_760_2075,s5_47_57,Passenger Car,s2_11_28,Not Deployed,s2_97_208,s1_below_1,Male,s2_37_80,s3_141_159,s2_164_318,s6_260_up,s2_2_4
6222,s2_885_1695,s2_n103_99,s4_n40_7,s1_below_4282,s1_below_2,s3_2003_2005,s2_760_2075,s6_57_up,Passenger Car,s2_11_28,Not Deployed,s2_97_208,s1_below_1,Male,s3_80_96,s3_141_159,s2_164_318,s3_80_160,s2_2_4
6223,s2_885_1695,s2_n103_99,s4_n40_7,s1_below_4282,s3_3_4,s2_2001_2003,s2_760_2075,s3_17_37,Passenger Car,s2_11_28,Deployed,s2_97_208,s1_below_1,Male,s2_37_80,s3_141_159,s2_164_318,s3_80_160,s2_2_4
6224,s3_1695_2555,s2_n103_99,s4_n40_7,s1_below_4282,s1_below_2,s4_2005_2007,s2_760_2075,s6_57_up,Truck (<=10000 lbs.),s4_48_64,Not Deployed,s2_97_208,s1_below_1,Male,s4_96_114,s5_169_179,s3_318_464,s3_80_160,s4_5_6
6225,s3_1695_2555,s2_n103_99,s4_n40_7,s1_below_4282,s4_4_5,s3_2003_2005,s2_760_2075,s4_37_47,Truck (<=6000 lbs.),s2_11_28,Deployed,s2_97_208,s1_below_1,Female,s2_37_80,s3_141_159,s2_164_318,s3_80_160,s2_2_4
6226,s2_885_1695,s2_n103_99,s4_n40_7,s1_below_4282,s3_3_4,s4_2005_2007,s2_760_2075,s4_37_47,Passenger Car,s6_76_up,Deployed,s2_97_208,s5_4_5,Female,s2_37_80,s3_141_159,s2_164_318,s2_40_80,s2_2_4
6227,s2_885_1695,s2_n103_99,s4_n40_7,s1_below_4282,s3_3_4,s3_2003_2005,s2_760_2075,s4_37_47,Passenger Car,s2_11_28,Deployed,s2_97_208,s1_below_1,Female,s2_37_80,s3_141_159,s2_164_318,s3_80_160,s2_2_4
6228,s2_885_1695,s2_n103_99,s4_n40_7,s1_below_4282,s2_2_3,s3_2003_2005,s2_760_2075,s4_37_47,Truck (<=6000 lbs.),s3_28_48,Deployed,s2_97_208,s1_below_1,Female,s2_37_80,s3_141_159,s2_164_318,s3_80_160,s2_2_4
6229,s3_1695_2555,s2_n103_99,s3_n81_n40,s1_below_4282,s1_below_2,s4_2005_2007,s3_2075_3730,s4_37_47,Truck (<=6000 lbs.),s2_11_28,Deployed,s2_97_208,s1_below_1,Female,s3_80_96,s3_141_159,s2_164_318,s2_40_80,s2_2_4
6230,s2_885_1695,s2_n103_99,s5_7_up,s1_below_4282,s1_below_2,s3_2003_2005,s2_760_2075,s3_17_37,Passenger Car,s5_64_76,Not Deployed,s2_97_208,s1_below_1,Female,s2_37_80,s3_141_159,s2_164_318,s6_260_up,s2_2_4
6231,s2_885_1695,s2_n103_99,s4_n40_7,s1_below_4282,s1_below_2,s3_2003_2005,s2_760_2075,s3_17_37,Passenger Car,s4_48_64,Not Deployed,s2_97_208,s1_below_1,Male,s2_37_80,s3_141_159,s2_164_318,s3_80_160,s2_2_4
6232,s2_885_1695,s2_n103_99,s4_n40_7,s1_below_4282,s4_4_5,s5_2007_2009,s2_760_2075,s4_37_47,Passenger Car,s3_28_48,Deployed,s2_97_208,s1_below_1,Male,s3_80_96,s3_141_159,s2_164_318,s3_80_160,s2_2_4
6233,s2_885_1695,s2_n103_99,s4_n40_7,s1_below_4282,s1_below_2,s1_below_2001,s3_2075_3730,s5_47_57,Passenger Car,s2_11_28,Deployed,s2_97_208,s1_below_1,Male,s2_37_80,s3_141_159,s2_164_318,s4_160_220,s2_2_4
6234,s2_885_1695,s2_n103_99,s4_n40_7,s1_below_4282,s4_4_5,s3_2003_2005,s2_760_2075,s4_37_47,Passenger Car,s2_11_28,Deployed,s2_97_208,s1_below_1,Female,s2_37_80,s3_141_159,s2_164_318,s3_80_160,s2_2_4
6235,s2_885_1695,s2_n103_99,s4_n40_7,s1_below_4282,s2_2_3,s3_2003_2005,s2_760_2075,s3_17_37,Passenger Car,s2_11_28,Not Deployed,s2_97_208,s1_below_1,Female,s3_80_96,s3_141_159,s2_164_318,s3_80_160,s2_2_4
6236,s2_885_1695,s2_n103_99,s4_n40_7,s1_below_4282,s2_2_3,s1_below_2001,s2_760_2075,s3_17_37,Passenger Car,s3_28_48,Not Deployed,s2_97_208,s1_below_1,Female,s2_37_80,s3_141_159,s2_164_318,s2_40_80,s2_2_4
6237,s2_885_1695,s2_n103_99,s4_n40_7,s1_below_4282,s2_2_3,s4_2005_2007,s2_760_2075,s3_17_37,Passenger Car,s3_28_48,Not Deployed,s2_97_208,s1_below_1,Female,s4_96_114,s3_141_159,s2_164_318,s3_80_160,s2_2_4
6238,s2_885_1695,s2_n103_99,s4_n40_7,s1_below_4282,s1_below_2,s1_below_2001,s2_760_2075,s5_47_57,Truck (<=6000 lbs.),s4_48_64,Deployed,s2_97_208,s1_below_1,Female,s2_37_80,s4_159_169,s2_164_318,s3_80_160,s2_2_4
6239,s3_1695_2555,s2_n103_99,s4_n40_7,s1_below_4282,s1_below_2,s4_2005_2007,s2_760_2075,s4_37_47,Truck (<=10000 lbs.),s4_48_64,Not Deployed,s2_97_208,s1_below_1,Male,s3_80_96,s5_169_179,s3_318_464,s3_80_160,s4_5_6
6240,s2_885_1695,s2_n103_99,s4_n40_7,s1_below_4282,s1_below_2,s2_2001_2003,s2_760_2075,s5_47_57,Passenger Car,s3_28_48,Not Deployed,s2_97_208,s1_below_1,Female,s2_37_80,s3_141_159,s2_164_318,s4_160_220,s2_2_4
6241,s3_1695_2555,s2_n103_99,s3_n81_n40,s2_4282_6970,s2_2_3,s3_2003_2005,s3_2075_3730,s5_47_57,Truck (<=6000 lbs.),s4_48_64,Deployed,s2_97_208,s6_5_up,Female,s2_37_80,s4_159_169,s2_164_318,s3_80_160,s2_2_4
6242,s2_885_1695,s2_n103_99,s4_n40_7,s1_below_4282,s1_below_2,s2_2001_2003,s2_760_2075,s4_37_47,Passenger Car,s4_48_64,Deployed,s2_97_208,s1_below_1,Male,s4_96_114,s3_141_159,s2_164_318,s3_80_160,s2_2_4
6243,s3_1695_2555,s2_n103_99,s4_n40_7,s1_below_4282,s1_below_2,s4_2005_2007,s2_760_2075,s4_37_47,Passenger Car,s3_28_48,Deployed,s2_97_208,s1_below_1,Male,s3_80_96,s4_159_169,s2_164_318,s3_80_160,s2_2_4
6244,s2_885_1695,s2_n103_99,s4_n40_7,s1_below_4282,s2_2_3,s2_2001_2003,s2_760_2075,s4_37_47,Passenger Car,s2_11_28,Not Deployed,s2_97_208,s1_below_1,Male,s4_96_114,s3_141_159,s2_164_318,s4_160_220,s2_2_4
6245,s3_1695_2555,s2_n103_99,s4_n40_7,s1_below_4282,s2_2_3,s4_2005_2007,s2_760_2075,s5_47_57,Passenger Car,s4_48_64,Not Deployed,s2_97_208,s2_1_2,Male,s3_80_96,s4_159_169,s2_164_318,s3_80_160,s2_2_4
6246,s2_885_1695,s2_n103_99,s4_n40_7,s1_below_4282,s1_below_2,s3_2003_2005,s2_760_2075,s4_37_47,Passenger Car,s6_76_up,Not Deployed,s2_97_208,s5_4_5,Male,s2_37_80,s3_141_159,s2_164_318,s2_40_80,s2_2_4
6247,s2_885_1695,s2_n103_99,s4_n40_7,s1_below_4282,s1_below_2,s5_2007_2009,s2_760_2075,s6_57_up,Passenger Car,s2_11_28,Not Deployed,s2_97_208,s1_below_1,Female,s2_37_80,s3_141_159,s2_164_318,s3_80_160,s2_2_4
6248,s2_885_1695,s2_n103_99,s4_n40_7,s1_below_4282,s1_below_2,s2_2001_2003,s3_2075_3730,s3_17_37,Truck (<=6000 lbs.),s3_28_48,Deployed,s2_97_208,s1_below_1,Male,s4_96_114,s3_141_159,s2_164_318,s3_80_160,s2_2_4
6249,s2_885_1695,s2_n103_99,s3_n81_n40,s1_below_4282,s2_2_3,s2_2001_2003,s2_760_2075,s4_37_47,Passenger Car,s6_76_up,Deployed,s2_97_208,s6_5_up,Female,s2_37_80,s3_141_159,s2_164_318,s2_40_80,s2_2_4
6250,s3_1695_2555,s2_n103_99,s4_n40_7,s1_below_4282,s4_4_5,s1_below_2001,s2_760_2075,s4_37_47,Truck (<=6000 lbs.),s4_48_64,Deployed,s2_97_208,s3_2_3,Female,s3_80_96,s3_141_159,s3_318_464,s3_80_160,s2_2_4
6251,s2_885_1695,s2_n103_99,s3_n81_n40,s1_below_4282,s1_below_2,s3_2003_2005,s2_760_2075,s6_57_up,Passenger Car,s4_48_64,Deployed,s2_97_208,s3_2_3,Male,s3_80_96,s3_141_159,s2_164_318,s3_80_160,s2_2_4
6252,s2_885_1695,s2_n103_99,s4_n40_7,s1_below_4282,s1_below_2,s4_2005_2007,s3_2075_3730,s1_below_7,Passenger Car,s4_48_64,Not Deployed,s2_97_208,s2_1_2,Female,s3_80_96,s3_141_159,s2_164_318,s2_40_80,s2_2_4
6253,s2_885_1695,s2_n103_99,s5_7_up,s1_below_4282,s1_below_2,s4_2005_2007,s2_760_2075,s5_47_57,Truck (<=6000 lbs.),s3_28_48,Not Deployed,s2_97_208,s1_below_1,Male,s4_96_114,s3_141_159,s3_318_464,s6_260_up,s2_2_4
6254,s2_885_1695,s2_n103_99,s4_n40_7,s1_below_4282,s1_below_2,s1_below_2001,s2_760_2075,s1_below_7,Passenger Car,s3_28_48,Deployed,s2_97_208,s3_2_3,Male,s2_37_80,s3_141_159,s2_164_318,s2_40_80,s2_2_4
6255,s3_1695_2555,s2_n103_99,s4_n40_7,s1_below_4282,s4_4_5,s2_2001_2003,s2_760_2075,s4_37_47,Passenger Car,s2_11_28,Not Deployed,s2_97_208,s1_below_1,Male,s2_37_80,s3_141_159,s2_164_318,s3_80_160,s2_2_4
6256,s4_2555_3715,s2_n103_99,s4_n40_7,s1_below_4282,s1_below_2,s3_2003_2005,s2_760_2075,s6_57_up,Truck (<=10000 lbs.),s5_64_76,Not Deployed,s2_97_208,s1_below_1,Male,s4_96_114,s5_169_179,s3_318_464,s3_80_160,s5_6_7
6257,s2_885_1695,s2_n103_99,s4_n40_7,s1_below_4282,s2_2_3,s5_2007_2009,s2_760_2075,s3_17_37,Passenger Car,s2_11_28,Deployed,s2_97_208,s1_below_1,Female,s2_37_80,s3_141_159,s2_164_318,s2_40_80,s2_2_4
6258,s2_885_1695,s2_n103_99,s4_n40_7,s1_below_4282,s4_4_5,s1_below_2001,s2_760_2075,s3_17_37,Passenger Car,s3_28_48,Deployed,s2_97_208,s1_below_1,Male,s4_96_114,s3_141_159,s2_164_318,s3_80_160,s2_2_4
6259,s2_885_1695,s2_n103_99,s4_n40_7,s1_below_4282,s4_4_5,s2_2001_2003,s2_760_2075,s4_37_47,Passenger Car,s3_28_48,Not Deployed,s2_97_208,s1_below_1,Female,s2_37_80,s3_141_159,s2_164_318,s3_80_160,s2_2_4
6260,s2_885_1695,s2_n103_99,s4_n40_7,s1_below_4282,s2_2_3,s5_2007_2009,s3_2075_3730,s4_37_47,Passenger Car,s2_11_28,Not Deployed,s2_97_208,s1_below_1,Male,s3_80_96,s3_141_159,s2_164_318,s3_80_160,s2_2_4
6261,s2_885_1695,s2_n103_99,s4_n40_7,s1_below_4282,s2_2_3,s1_below_2001,s3_2075_3730,s5_47_57,Passenger Car,s3_28_48,Deployed,s2_97_208,s1_below_1,Male,s3_80_96,s3_141_159,s2_164_318,s3_80_160,s2_2_4
6262,s2_885_1695,s2_n103_99,s5_7_up,s1_below_4282,s4_4_5,s2_2001_2003,s3_2075_3730,s3_17_37,Truck (<=6000 lbs.),s3_28_48,Deployed,s2_97_208,s2_1_2,Male,s4_96_114,s3_141_159,s2_164_318,s6_260_up,s2_2_4
6263,s2_885_1695,s2_n103_99,s4_n40_7,s1_below_4282,s1_below_2,s4_2005_2007,s2_760_2075,s3_17_37,Passenger Car,s2_11_28,Deployed,s2_97_208,s1_below_1,Male,s2_37_80,s3_141_159,s2_164_318,s2_40_80,s2_2_4
6264,s2_885_1695,s2_n103_99,s3_n81_n40,s1_below_4282,s1_below_2,s2_2001_2003,s2_760_2075,s3_17_37,Passenger Car,s3_28_48,Deployed,s2_97_208,s1_below_1,Male,s4_96_114,s3_141_159,s2_164_318,s3_80_160,s2_2_4
6265,s2_885_1695,s2_n103_99,s4_n40_7,s1_below_4282,s4_4_5,s1_below_2001,s2_760_2075,s3_17_37,Truck (<=6000 lbs.),s2_11_28,Not Deployed,s2_97_208,s1_below_1,Female,s3_80_96,s3_141_159,s2_164_318,s3_80_160,s2_2_4
6266,s3_1695_2555,s2_n103_99,s4_n40_7,s1_below_4282,s4_4_5,s5_2007_2009,s2_760_2075,s4_37_47,Truck (<=6000 lbs.),s3_28_48,Deployed,s2_97_208,s1_below_1,Female,s3_80_96,s4_159_169,s2_164_318,s4_160_220,s3_4_5
6267,s3_1695_2555,s2_n103_99,s4_n40_7,s1_below_4282,s4_4_5,s4_2005_2007,s2_760_2075,s3_17_37,Truck (<=6000 lbs.),s3_28_48,Not Deployed,s2_97_208,s1_below_1,Male,s3_80_96,s4_159_169,s2_164_318,s2_40_80,s2_2_4
6268,s2_885_1695,s2_n103_99,s4_n40_7,s1_below_4282,s2_2_3,s3_2003_2005,s2_760_2075,s5_47_57,Truck (<=6000 lbs.),s3_28_48,Not Deployed,s2_97_208,s1_below_1,Male,s2_37_80,s3_141_159,s2_164_318,s6_260_up,s2_2_4
6269,s3_1695_2555,s2_n103_99,s5_7_up,s1_below_4282,s3_3_4,s4_2005_2007,s2_760_2075,s5_47_57,Truck (<=6000 lbs.),s3_28_48,Not Deployed,s2_97_208,s1_below_1,Female,s3_80_96,s3_141_159,s2_164_318,s6_260_up,s2_2_4
6270,s2_885_1695,s2_n103_99,s4_n40_7,s1_below_4282,s2_2_3,s4_2005_2007,s3_2075_3730,s3_17_37,Passenger Car,s4_48_64,Not Deployed,s2_97_208,s1_below_1,Female,s4_96_114,s3_141_159,s2_164_318,s3_80_160,s2_2_4
6271,s2_885_1695,s2_n103_99,s4_n40_7,s1_below_4282,s2_2_3,s4_2005_2007,s2_760_2075,s6_57_up,Passenger Car,s3_28_48,Not Deployed,s2_97_208,s1_below_1,Female,s2_37_80,s3_141_159,s2_164_318,s3_80_160,s2_2_4
6272,s2_885_1695,s2_n103_99,s4_n40_7,s1_below_4282,s1_below_2,s1_below_2001,s2_760_2075,s4_37_47,Passenger Car,s3_28_48,Not Deployed,s2_97_208,s1_below_1,Female,s2_37_80,s3_141_159,s2_164_318,s3_80_160,s2_2_4
6273,s2_885_1695,s2_n103_99,s4_n40_7,s1_below_4282,s1_below_2,s4_2005_2007,s3_2075_3730,s5_47_57,Passenger Car,s6_76_up,Not Deployed,s2_97_208,s1_below_1,Male,s4_96_114,s3_141_159,s2_164_318,s3_80_160,s2_2_4
6274,s2_885_1695,s2_n103_99,s4_n40_7,s1_below_4282,s1_below_2,s5_2007_2009,s2_760_2075,s3_17_37,Passenger Car,s2_11_28,Not Deployed,s2_97_208,s1_below_1,Male,s3_80_96,s3_141_159,s2_164_318,s3_80_160,s2_2_4
6275,s2_885_1695,s2_n103_99,s4_n40_7,s1_below_4282,s1_below_2,s4_2005_2007,s2_760_2075,s3_17_37,Passenger Car,s4_48_64,Not Deployed,s2_97_208,s1_below_1,Female,s2_37_80,s4_159_169,s2_164_318,s3_80_160,s2_2_4
6276,s3_1695_2555,s2_n103_99,s4_n40_7,s1_below_4282,s4_4_5,s4_2005_2007,s2_760_2075,s3_17_37,Passenger Car,s5_64_76,Not Deployed,s2_97_208,s1_below_1,Female,s2_37_80,s4_159_169,s2_164_318,s4_160_220,s3_4_5
6277,s3_1695_2555,s2_n103_99,s4_n40_7,s1_below_4282,s4_4_5,s3_2003_2005,s2_760_2075,s3_17_37,Truck (<=6000 lbs.),s3_28_48,Deployed,s2_97_208,s1_below_1,Female,s3_80_96,s4_159_169,s2_164_318,s3_80_160,s3_4_5
6278,s2_885_1695,s2_n103_99,s4_n40_7,s1_below_4282,s1_below_2,s3_2003_2005,s2_760_2075,s5_47_57,Passenger Car,s2_11_28,Not Deployed,s2_97_208,s1_below_1,Male,s2_37_80,s3_141_159,s2_164_318,s2_40_80,s2_2_4
6279,s3_1695_2555,s2_n103_99,s4_n40_7,s1_below_4282,s1_below_2,s3_2003_2005,s2_760_2075,s5_47_57,Truck (<=6000 lbs.),s4_48_64,Not Deployed,s2_97_208,s1_below_1,Female,s2_37_80,s3_141_159,s2_164_318,s4_160_220,s3_4_5
6280,s2_885_1695,s2_n103_99,s4_n40_7,s1_below_4282,s1_below_2,s1_below_2001,s2_760_2075,s3_17_37,Passenger Car,s4_48_64,Deployed,s2_97_208,s1_below_1,Male,s4_96_114,s3_141_159,s2_164_318,s3_80_160,s2_2_4
6281,s2_885_1695,s2_n103_99,s4_n40_7,s1_below_4282,s1_below_2,s1_below_2001,s2_760_2075,s4_37_47,Passenger Car,s3_28_48,Not Deployed,s2_97_208,s1_below_1,Female,s2_37_80,s3_141_159,s2_164_318,s3_80_160,s2_2_4
6282,s2_885_1695,s2_n103_99,s4_n40_7,s1_below_4282,s4_4_5,s4_2005_2007,s2_760_2075,s4_37_47,Passenger Car,s3_28_48,Deployed,s2_97_208,s1_below_1,Female,s2_37_80,s3_141_159,s2_164_318,s4_160_220,s2_2_4
6283,s2_885_1695,s2_n103_99,s4_n40_7,s1_below_4282,s1_below_2,s4_2005_2007,s2_760_2075,s3_17_37,Passenger Car,s2_11_28,Not Deployed,s2_97_208,s1_below_1,Female,s2_37_80,s3_141_159,s2_164_318,s3_80_160,s2_2_4
6284,s3_1695_2555,s2_n103_99,s4_n40_7,s1_below_4282,s4_4_5,s4_2005_2007,s2_760_2075,s4_37_47,Passenger Car,s2_11_28,Not Deployed,s2_97_208,s1_below_1,Female,s2_37_80,s3_141_159,s2_164_318,s4_160_220,s2_2_4
6285,s2_885_1695,s2_n103_99,s4_n40_7,s1_below_4282,s1_below_2,s2_2001_2003,s2_760_2075,s4_37_47,Passenger Car,s2_11_28,Not Deployed,s2_97_208,s1_below_1,Female,s2_37_80,s3_141_159,s2_164_318,s3_80_160,s2_2_4
6286,s2_885_1695,s2_n103_99,s4_n40_7,s1_below_4282,s1_below_2,s4_2005_2007,s2_760_2075,s3_17_37,Passenger Car,s3_28_48,Not Deployed,s2_97_208,s1_below_1,Male,s2_37_80,s3_141_159,s2_164_318,s3_80_160,s2_2_4
6287,s3_1695_2555,s2_n103_99,s4_n40_7,s1_below_4282,s2_2_3,s3_2003_2005,s2_760_2075,s3_17_37,Truck (<=10000 lbs.),s2_11_28,Not Deployed,s2_97_208,s1_below_1,Male,s4_96_114,s4_159_169,s3_318_464,s2_40_80,s4_5_6
6288,s3_1695_2555,s2_n103_99,s4_n40_7,s1_below_4282,s2_2_3,s5_2007_2009,s2_760_2075,s3_17_37,Truck (<=6000 lbs.),s3_28_48,Deployed,s2_97_208,s2_1_2,Male,s4_96_114,s3_141_159,s2_164_318,s3_80_160,s2_2_4
6289,s3_1695_2555,s2_n103_99,s5_7_up,s1_below_4282,s2_2_3,s2_2001_2003,s2_760_2075,s3_17_37,Truck (<=6000 lbs.),s3_28_48,Not Deployed,s2_97_208,s1_below_1,Male,s2_37_80,s4_159_169,s2_164_318,s6_260_up,s3_4_5
6290,s3_1695_2555,s2_n103_99,s4_n40_7,s1_below_4282,s4_4_5,s4_2005_2007,s2_760_2075,s3_17_37,Truck (<=6000 lbs.),s3_28_48,Deployed,s2_97_208,s1_below_1,Male,s2_37_80,s4_159_169,s2_164_318,s3_80_160,s3_4_5
6291,s2_885_1695,s2_n103_99,s5_7_up,s1_below_4282,s4_4_5,s2_2001_2003,s2_760_2075,s3_17_37,Passenger Car,s4_48_64,Not Deployed,s2_97_208,s1_below_1,Female,s2_37_80,s3_141_159,s2_164_318,s6_260_up,s2_2_4
6292,s2_885_1695,s2_n103_99,s4_n40_7,s1_below_4282,s2_2_3,s4_2005_2007,s2_760_2075,s5_47_57,Passenger Car,s4_48_64,Not Deployed,s2_97_208,s1_below_1,Female,s2_37_80,s3_141_159,s2_164_318,s3_80_160,s2_2_4
6293,s2_885_1695,s2_n103_99,s4_n40_7,s1_below_4282,s2_2_3,s4_2005_2007,s2_760_2075,s4_37_47,Passenger Car,s2_11_28,Not Deployed,s2_97_208,s1_below_1,Female,s2_37_80,s4_159_169,s2_164_318,s2_40_80,s2_2_4
6294,s2_885_1695,s2_n103_99,s4_n40_7,s1_below_4282,s1_below_2,s1_below_2001,s2_760_2075,s4_37_47,Passenger Car,s2_11_28,Deployed,s2_97_208,s1_below_1,Female,s2_37_80,s3_141_159,s2_164_318,s4_160_220,s2_2_4
6295,s2_885_1695,s2_n103_99,s4_n40_7,s1_below_4282,s2_2_3,s4_2005_2007,s2_760_2075,s3_17_37,Passenger Car,s2_11_28,Not Deployed,s2_97_208,s1_below_1,Female,s2_37_80,s3_141_159,s2_164_318,s3_80_160,s2_2_4
6296,s2_885_1695,s2_n103_99,s4_n40_7,s1_below_4282,s3_3_4,s2_2001_2003,s2_760_2075,s4_37_47,Passenger Car,s2_11_28,Not Deployed,s2_97_208,s1_below_1,Male,s2_37_80,s3_141_159,s2_164_318,s3_80_160,s2_2_4
6297,s3_1695_2555,s2_n103_99,s4_n40_7,s1_below_4282,s1_below_2,s1_below_2001,s2_760_2075,s4_37_47,Truck (<=6000 lbs.),s4_48_64,Not Deployed,s2_97_208,s1_below_1,Female,s5_114_130,s4_159_169,s2_164_318,s2_40_80,s3_4_5
6298,s2_885_1695,s2_n103_99,s4_n40_7,s1_below_4282,s1_below_2,s2_2001_2003,s2_760_2075,s5_47_57,Passenger Car,s2_11_28,Deployed,s2_97_208,s1_below_1,Female,s2_37_80,s3_141_159,s2_164_318,s3_80_160,s2_2_4
6299,s2_885_1695,s2_n103_99,s4_n40_7,s2_4282_6970,s1_below_2,s2_2001_2003,s3_2075_3730,s5_47_57,Passenger Car,s2_11_28,Deployed,s2_97_208,s5_4_5,Male,s3_80_96,s3_141_159,s2_164_318,s3_80_160,s2_2_4
6300,s4_2555_3715,s2_n103_99,s4_n40_7,s1_below_4282,s1_below_2,s3_2003_2005,s2_760_2075,s5_47_57,Truck (<=10000 lbs.),s4_48_64,Deployed,s2_97_208,s2_1_2,Male,s3_80_96,s5_169_179,s3_318_464,s3_80_160,s4_5_6
6301,s3_1695_2555,s2_n103_99,s4_n40_7,s1_below_4282,s1_below_2,s2_2001_2003,s3_2075_3730,s5_47_57,Truck (<=6000 lbs.),s3_28_48,Not Deployed,s2_97_208,s1_below_1,Male,s2_37_80,s3_141_159,s2_164_318,s3_80_160,s2_2_4
6302,s3_1695_2555,s2_n103_99,s4_n40_7,s1_below_4282,s1_below_2,s3_2003_2005,s2_760_2075,s5_47_57,Truck (<=10000 lbs.),s4_48_64,Deployed,s2_97_208,s1_below_1,Female,s5_114_130,s5_169_179,s3_318_464,s3_80_160,s4_5_6
6303,s3_1695_2555,s2_n103_99,s4_n40_7,s1_below_4282,s1_below_2,s1_below_2001,s2_760_2075,s3_17_37,Truck (<=6000 lbs.),s3_28_48,Not Deployed,s2_97_208,s1_below_1,Female,s3_80_96,s3_141_159,s2_164_318,s2_40_80,s2_2_4
6304,s2_885_1695,s2_n103_99,s4_n40_7,s1_below_4282,s1_below_2,s4_2005_2007,s2_760_2075,s6_57_up,Passenger Car,s6_76_up,Not Deployed,s2_97_208,s3_2_3,Female,s3_80_96,s3_141_159,s2_164_318,s4_160_220,s2_2_4
6305,s2_885_1695,s2_n103_99,s4_n40_7,s1_below_4282,s1_below_2,s4_2005_2007,s2_760_2075,s5_47_57,Passenger Car,s4_48_64,Not Deployed,s2_97_208,s3_2_3,Female,s2_37_80,s3_141_159,s2_164_318,s2_40_80,s2_2_4
6306,s2_885_1695,s2_n103_99,s4_n40_7,s1_below_4282,s1_below_2,s4_2005_2007,s2_760_2075,s3_17_37,Passenger Car,s3_28_48,Not Deployed,s2_97_208,s1_below_1,Male,s3_80_96,s3_141_159,s2_164_318,s2_40_80,s2_2_4
6307,s2_885_1695,s2_n103_99,s4_n40_7,s1_below_4282,s2_2_3,s3_2003_2005,s2_760_2075,s5_47_57,Passenger Car,s3_28_48,Deployed,s2_97_208,s1_below_1,Male,s2_37_80,s4_159_169,s2_164_318,s3_80_160,s2_2_4
6308,s2_885_1695,s2_n103_99,s4_n40_7,s1_below_4282,s3_3_4,s1_below_2001,s2_760_2075,s3_17_37,Passenger Car,s4_48_64,Not Deployed,s2_97_208,s1_below_1,Female,s2_37_80,s3_141_159,s2_164_318,s4_160_220,s2_2_4
6309,s2_885_1695,s2_n103_99,s4_n40_7,s1_below_4282,s4_4_5,s4_2005_2007,s2_760_2075,s5_47_57,Passenger Car,s4_48_64,Deployed,s2_97_208,s1_below_1,Male,s3_80_96,s4_159_169,s2_164_318,s3_80_160,s2_2_4
6310,s2_885_1695,s2_n103_99,s4_n40_7,s1_below_4282,s1_below_2,s1_below_2001,s2_760_2075,s6_57_up,Passenger Car,s2_11_28,Not Deployed,s2_97_208,s1_below_1,Female,s2_37_80,s3_141_159,s2_164_318,s3_80_160,s2_2_4
6311,s2_885_1695,s2_n103_99,s4_n40_7,s1_below_4282,s3_3_4,s3_2003_2005,s2_760_2075,s3_17_37,Passenger Car,s3_28_48,Not Deployed,s2_97_208,s1_below_1,Female,s2_37_80,s3_141_159,s2_164_318,s3_80_160,s2_2_4
6312,s3_1695_2555,s2_n103_99,s4_n40_7,s1_below_4282,s1_below_2,s2_2001_2003,s3_2075_3730,s4_37_47,Truck (<=6000 lbs.),s4_48_64,Not Deployed,s2_97_208,s1_below_1,Female,s2_37_80,s4_159_169,s2_164_318,s3_80_160,s2_2_4
6313,s2_885_1695,s2_n103_99,s4_n40_7,s1_below_4282,s3_3_4,s1_below_2001,s2_760_2075,s5_47_57,Passenger Car,s5_64_76,Deployed,s2_97_208,s1_below_1,Female,s2_37_80,s3_141_159,s2_164_318,s3_80_160,s2_2_4
6314,s3_1695_2555,s2_n103_99,s4_n40_7,s1_below_4282,s3_3_4,s4_2005_2007,s2_760_2075,s5_47_57,Truck (<=6000 lbs.),s4_48_64,Not Deployed,s2_97_208,s1_below_1,Male,s3_80_96,s4_159_169,s2_164_318,s3_80_160,s3_4_5
6315,s3_1695_2555,s2_n103_99,s4_n40_7,s1_below_4282,s3_3_4,s3_2003_2005,s2_760_2075,s5_47_57,Truck (<=6000 lbs.),s3_28_48,Deployed,s2_97_208,s1_below_1,Female,s2_37_80,s3_141_159,s2_164_318,s3_80_160,s2_2_4
6316,s4_2555_3715,s2_n103_99,s4_n40_7,s1_below_4282,s4_4_5,s3_2003_2005,s2_760_2075,s4_37_47,Truck (<=10000 lbs.),s3_28_48,Not Deployed,s2_97_208,s1_below_1,Male,s2_37_80,s4_159_169,s3_318_464,s3_80_160,s4_5_6
6317,s2_885_1695,s2_n103_99,s4_n40_7,s1_below_4282,s1_below_2,s5_2007_2009,s2_760_2075,s5_47_57,Passenger Car,s5_64_76,Deployed,s2_97_208,s2_1_2,Female,s2_37_80,s3_141_159,s2_164_318,s3_80_160,s2_2_4
6318,s2_885_1695,s2_n103_99,s4_n40_7,s1_below_4282,s1_below_2,s3_2003_2005,s2_760_2075,s5_47_57,Passenger Car,s2_11_28,Deployed,s2_97_208,s1_below_1,Male,s4_96_114,s3_141_159,s2_164_318,s3_80_160,s2_2_4
6319,s2_885_1695,s2_n103_99,s4_n40_7,s1_below_4282,s1_below_2,s3_2003_2005,s2_760_2075,s4_37_47,Passenger Car,s2_11_28,Deployed,s2_97_208,s1_below_1,Female,s2_37_80,s3_141_159,s2_164_318,s2_40_80,s2_2_4
6320,s2_885_1695,s2_n103_99,s4_n40_7,s1_below_4282,s4_4_5,s2_2001_2003,s2_760_2075,s4_37_47,Passenger Car,s3_28_48,Not Deployed,s2_97_208,s1_below_1,Female,s2_37_80,s3_141_159,s2_164_318,s4_160_220,s2_2_4
6321,s2_885_1695,s2_n103_99,s4_n40_7,s1_below_4282,s3_3_4,s2_2001_2003,s2_760_2075,s5_47_57,Passenger Car,s4_48_64,Deployed,s2_97_208,s3_2_3,Female,s2_37_80,s3_141_159,s2_164_318,s2_40_80,s2_2_4
6322,s2_885_1695,s2_n103_99,s3_n81_n40,s1_below_4282,s2_2_3,s4_2005_2007,s2_760_2075,s6_57_up,Passenger Car,s3_28_48,Deployed,s2_97_208,s1_below_1,Female,s2_37_80,s3_141_159,s2_164_318,s2_40_80,s2_2_4
6323,s3_1695_2555,s2_n103_99,s4_n40_7,s1_below_4282,s2_2_3,s4_2005_2007,s2_760_2075,s6_57_up,Truck (<=6000 lbs.),s4_48_64,Not Deployed,s2_97_208,s1_below_1,Female,s2_37_80,s3_141_159,s2_164_318,s3_80_160,s2_2_4
6324,s3_1695_2555,s2_n103_99,s4_n40_7,s1_below_4282,s1_below_2,s4_2005_2007,s2_760_2075,s5_47_57,Truck (<=6000 lbs.),s2_11_28,Deployed,s2_97_208,s1_below_1,Female,s2_37_80,s3_141_159,s2_164_318,s4_160_220,s2_2_4
6325,s3_1695_2555,s2_n103_99,s4_n40_7,s1_below_4282,s1_below_2,s4_2005_2007,s2_760_2075,s5_47_57,Truck (<=6000 lbs.),s4_48_64,Deployed,s2_97_208,s1_below_1,Female,s4_96_114,s4_159_169,s2_164_318,s3_80_160,s2_2_4
6326,s2_885_1695,s2_n103_99,s5_7_up,s1_below_4282,s2_2_3,s4_2005_2007,s2_760_2075,s6_57_up,Passenger Car,s2_11_28,Not Deployed,s2_97_208,s1_below_1,Female,s2_37_80,s3_141_159,s2_164_318,s6_260_up,s2_2_4
6327,s2_885_1695,s2_n103_99,s4_n40_7,s1_below_4282,s1_below_2,s3_2003_2005,s2_760_2075,s6_57_up,Truck (<=6000 lbs.),s4_48_64,Not Deployed,s2_97_208,s1_below_1,Male,s3_80_96,s3_141_159,s2_164_318,s2_40_80,s2_2_4
6328,s2_885_1695,s2_n103_99,s4_n40_7,s1_below_4282,s3_3_4,s1_below_2001,s2_760_2075,s6_57_up,Truck (<=6000 lbs.),s3_28_48,Not Deployed,s2_97_208,s1_below_1,Male,s3_80_96,s2_116_141,s2_164_318,s3_80_160,s2_2_4
6329,s2_885_1695,s2_n103_99,s4_n40_7,s1_below_4282,s3_3_4,s3_2003_2005,s2_760_2075,s4_37_47,Passenger Car,s3_28_48,Not Deployed,s2_97_208,s1_below_1,Male,s4_96_114,s3_141_159,s2_164_318,s4_160_220,s2_2_4
6330,s3_1695_2555,s2_n103_99,s4_n40_7,s1_below_4282,s3_3_4,s2_2001_2003,s2_760_2075,s3_17_37,Truck (<=6000 lbs.),s4_48_64,Not Deployed,s2_97_208,s1_below_1,Male,s3_80_96,s3_141_159,s2_164_318,s3_80_160,s2_2_4
6331,s2_885_1695,s2_n103_99,s3_n81_n40,s1_below_4282,s3_3_4,s1_below_2001,s3_2075_3730,s4_37_47,Passenger Car,s2_11_28,Deployed,s2_97_208,s1_below_1,Female,s3_80_96,s3_141_159,s2_164_318,s3_80_160,s2_2_4
6332,s3_1695_2555,s2_n103_99,s4_n40_7,s1_below_4282,s1_below_2,s2_2001_2003,s2_760_2075,s4_37_47,Truck (<=6000 lbs.),s4_48_64,Not Deployed,s2_97_208,s3_2_3,Female,s2_37_80,s3_141_159,s2_164_318,s4_160_220,s2_2_4
6333,s3_1695_2555,s2_n103_99,s4_n40_7,s1_below_4282,s3_3_4,s4_2005_2007,s2_760_2075,s3_17_37,Truck (<=6000 lbs.),s4_48_64,Deployed,s2_97_208,s1_below_1,Female,s2_37_80,s3_141_159,s2_164_318,s3_80_160,s2_2_4
6334,s2_885_1695,s2_n103_99,s4_n40_7,s1_below_4282,s1_below_2,s1_below_2001,s2_760_2075,s6_57_up,Truck (<=6000 lbs.),s3_28_48,Not Deployed,s2_97_208,s1_below_1,Male,s4_96_114,s3_141_159,s2_164_318,s3_80_160,s2_2_4
6335,s3_1695_2555,s2_n103_99,s4_n40_7,s1_below_4282,s1_below_2,s3_2003_2005,s2_760_2075,s5_47_57,Truck (<=10000 lbs.),s3_28_48,Deployed,s2_97_208,s1_below_1,Female,s2_37_80,s4_159_169,s3_318_464,s3_80_160,s4_5_6
6336,s2_885_1695,s2_n103_99,s4_n40_7,s1_below_4282,s1_below_2,s4_2005_2007,s3_2075_3730,s5_47_57,Passenger Car,s2_11_28,Deployed,s2_97_208,s1_below_1,Female,s2_37_80,s3_141_159,s2_164_318,s4_160_220,s2_2_4
6337,s2_885_1695,s2_n103_99,s4_n40_7,s1_below_4282,s1_below_2,s3_2003_2005,s2_760_2075,s5_47_57,Passenger Car,s4_48_64,Deployed,s2_97_208,s1_below_1,Female,s5_114_130,s3_141_159,s2_164_318,s4_160_220,s2_2_4
6338,s3_1695_2555,s2_n103_99,s4_n40_7,s1_below_4282,s1_below_2,s4_2005_2007,s2_760_2075,s6_57_up,Truck (<=6000 lbs.),s2_11_28,Deployed,s2_97_208,s1_below_1,Male,s3_80_96,s4_159_169,s2_164_318,s4_160_220,s2_2_4
6339,s2_885_1695,s2_n103_99,s4_n40_7,s1_below_4282,s4_4_5,s4_2005_2007,s2_760_2075,s1_below_7,Passenger Car,s2_11_28,Deployed,s2_97_208,s1_below_1,Female,s2_37_80,s3_141_159,s2_164_318,s3_80_160,s2_2_4
6340,s2_885_1695,s2_n103_99,s4_n40_7,s1_below_4282,s4_4_5,s5_2007_2009,s2_760_2075,s4_37_47,Passenger Car,s3_28_48,Not Deployed,s2_97_208,s1_below_1,Male,s2_37_80,s3_141_159,s2_164_318,s2_40_80,s2_2_4
6341,s3_1695_2555,s2_n103_99,s3_n81_n40,s1_below_4282,s1_below_2,s3_2003_2005,s3_2075_3730,s5_47_57,Truck (<=6000 lbs.),s3_28_48,Deployed,s2_97_208,s2_1_2,Female,s2_37_80,s4_159_169,s2_164_318,s3_80_160,s2_2_4
6342,s3_1695_2555,s2_n103_99,s3_n81_n40,s1_below_4282,s1_below_2,s3_2003_2005,s2_760_2075,s5_47_57,Truck (<=10000 lbs.),s3_28_48,Deployed,s2_97_208,s1_below_1,Female,s3_80_96,s3_141_159,s3_318_464,s3_80_160,s3_4_5
6343,s3_1695_2555,s2_n103_99,s4_n40_7,s1_below_4282,s4_4_5,s3_2003_2005,s2_760_2075,s4_37_47,Truck (<=10000 lbs.),s3_28_48,Not Deployed,s2_97_208,s1_below_1,Male,s4_96_114,s4_159_169,s3_318_464,s3_80_160,s4_5_6
6344,s3_1695_2555,s2_n103_99,s4_n40_7,s1_below_4282,s2_2_3,s2_2001_2003,s2_760_2075,s6_57_up,Truck (<=10000 lbs.),s3_28_48,Not Deployed,s2_97_208,s1_below_1,Male,s2_37_80,s4_159_169,s3_318_464,s1_below_40,s4_5_6
6345,s2_885_1695,s2_n103_99,s4_n40_7,s1_below_4282,s3_3_4,s1_below_2001,s2_760_2075,s3_17_37,Truck (<=6000 lbs.),s3_28_48,Not Deployed,s2_97_208,s1_below_1,Female,s3_80_96,s3_141_159,s2_164_318,s2_40_80,s2_2_4
6346,s3_1695_2555,s2_n103_99,s4_n40_7,s1_below_4282,s2_2_3,s4_2005_2007,s2_760_2075,s6_57_up,Truck (<=6000 lbs.),s2_11_28,Not Deployed,s2_97_208,s1_below_1,Female,s3_80_96,s4_159_169,s2_164_318,s2_40_80,s2_2_4
6347,s2_885_1695,s2_n103_99,s3_n81_n40,s1_below_4282,s2_2_3,s2_2001_2003,s2_760_2075,s6_57_up,Truck (<=6000 lbs.),s3_28_48,Deployed,s2_97_208,s1_below_1,Male,s2_37_80,s2_116_141,s2_164_318,s3_80_160,s2_2_4
6348,s2_885_1695,s2_n103_99,s4_n40_7,s1_below_4282,s3_3_4,s5_2007_2009,s2_760_2075,s4_37_47,Passenger Car,s3_28_48,Not Deployed,s2_97_208,s1_below_1,Female,s2_37_80,s3_141_159,s2_164_318,s2_40_80,s2_2_4
6349,s2_885_1695,s2_n103_99,s4_n40_7,s1_below_4282,s1_below_2,s2_2001_2003,s2_760_2075,s4_37_47,Passenger Car,s3_28_48,Deployed,s2_97_208,s1_below_1,Female,s2_37_80,s3_141_159,s2_164_318,s3_80_160,s2_2_4
6350,s2_885_1695,s2_n103_99,s4_n40_7,s1_below_4282,s4_4_5,s4_2005_2007,s2_760_2075,s4_37_47,Passenger Car,s4_48_64,Deployed,s2_97_208,s2_1_2,Male,s4_96_114,s3_141_159,s2_164_318,s4_160_220,s2_2_4
6351,s2_885_1695,s2_n103_99,s4_n40_7,s1_below_4282,s4_4_5,s2_2001_2003,s2_760_2075,s4_37_47,Passenger Car,s2_11_28,Deployed,s2_97_208,s1_below_1,Male,s2_37_80,s3_141_159,s2_164_318,s3_80_160,s2_2_4
6352,s2_885_1695,s2_n103_99,s4_n40_7,s1_below_4282,s1_below_2,s2_2001_2003,s2_760_2075,s3_17_37,Passenger Car,s2_11_28,Deployed,s2_97_208,s1_below_1,Male,s6_130_up,s3_141_159,s2_164_318,s4_160_220,s2_2_4
6353,s2_885_1695,s2_n103_99,s4_n40_7,s1_below_4282,s1_below_2,s2_2001_2003,s2_760_2075,s3_17_37,Passenger Car,s2_11_28,Not Deployed,s2_97_208,s1_below_1,Female,s2_37_80,s3_141_159,s2_164_318,s3_80_160,s2_2_4
6354,s2_885_1695,s2_n103_99,s4_n40_7,s1_below_4282,s4_4_5,s1_below_2001,s3_2075_3730,s3_17_37,Passenger Car,s2_11_28,Not Deployed,s2_97_208,s1_below_1,Male,s3_80_96,s3_141_159,s2_164_318,s3_80_160,s2_2_4
6355,s2_885_1695,s2_n103_99,s4_n40_7,s1_below_4282,s5_5_6,s2_2001_2003,s3_2075_3730,s4_37_47,Passenger Car,s2_11_28,Not Deployed,s2_97_208,s2_1_2,Male,s2_37_80,s3_141_159,s2_164_318,s3_80_160,s2_2_4
6356,s2_885_1695,s2_n103_99,s4_n40_7,s1_below_4282,s3_3_4,s4_2005_2007,s3_2075_3730,s3_17_37,Passenger Car,s2_11_28,Not Deployed,s2_97_208,s1_below_1,Female,s2_37_80,s3_141_159,s2_164_318,s3_80_160,s2_2_4
6357,s2_885_1695,s2_n103_99,s4_n40_7,s1_below_4282,s4_4_5,s1_below_2001,s2_760_2075,s4_37_47,Passenger Car,s2_11_28,Deployed,s2_97_208,s1_below_1,Female,s2_37_80,s3_141_159,s2_164_318,s4_160_220,s2_2_4
6358,s3_1695_2555,s2_n103_99,s3_n81_n40,s1_below_4282,s4_4_5,s1_below_2001,s2_760_2075,s4_37_47,Truck (<=10000 lbs.),s2_11_28,Deployed,s2_97_208,s1_below_1,Male,s2_37_80,s4_159_169,s2_164_318,s3_80_160,s3_4_5
6359,s2_885_1695,s2_n103_99,s4_n40_7,s1_below_4282,s3_3_4,s3_2003_2005,s2_760_2075,s3_17_37,Passenger Car,s5_64_76,Not Deployed,s2_97_208,s1_below_1,Female,s2_37_80,s6_179_up,s2_164_318,s2_40_80,s3_4_5
6360,s2_885_1695,s2_n103_99,s4_n40_7,s1_below_4282,s3_3_4,s4_2005_2007,s2_760_2075,s3_17_37,Passenger Car,s2_11_28,Not Deployed,s2_97_208,s1_below_1,Female,s2_37_80,s3_141_159,s2_164_318,s3_80_160,s2_2_4
6361,s2_885_1695,s2_n103_99,s4_n40_7,s1_below_4282,s1_below_2,s4_2005_2007,s3_2075_3730,s3_17_37,Passenger Car,s4_48_64,Deployed,s2_97_208,s1_below_1,Female,s4_96_114,s3_141_159,s2_164_318,s3_80_160,s2_2_4
6362,s2_885_1695,s2_n103_99,s4_n40_7,s1_below_4282,s1_below_2,s5_2007_2009,s2_760_2075,s4_37_47,Passenger Car,s5_64_76,Deployed,s2_97_208,s1_below_1,Female,s3_80_96,s3_141_159,s2_164_318,s3_80_160,s2_2_4
6363,s3_1695_2555,s2_n103_99,s4_n40_7,s1_below_4282,s1_below_2,s1_below_2001,s2_760_2075,s3_17_37,Truck (<=6000 lbs.),s3_28_48,Not Deployed,s2_97_208,s1_below_1,Female,s3_80_96,s4_159_169,s2_164_318,s2_40_80,s3_4_5
6364,s2_885_1695,s2_n103_99,s4_n40_7,s1_below_4282,s3_3_4,s1_below_2001,s3_2075_3730,s3_17_37,Passenger Car,s2_11_28,Deployed,s2_97_208,s1_below_1,Male,s2_37_80,s3_141_159,s2_164_318,s3_80_160,s2_2_4
6365,s3_1695_2555,s2_n103_99,s4_n40_7,s1_below_4282,s1_below_2,s3_2003_2005,s2_760_2075,s5_47_57,Truck (<=10000 lbs.),s4_48_64,Not Deployed,s2_97_208,s1_below_1,Male,s3_80_96,s4_159_169,s2_164_318,s3_80_160,s3_4_5
6366,s2_885_1695,s2_n103_99,s4_n40_7,s1_below_4282,s1_below_2,s4_2005_2007,s2_760_2075,s4_37_47,Passenger Car,s4_48_64,Not Deployed,s2_97_208,s1_below_1,Male,s4_96_114,s3_141_159,s2_164_318,s3_80_160,s2_2_4
6367,s2_885_1695,s2_n103_99,s4_n40_7,s1_below_4282,s1_below_2,s4_2005_2007,s2_760_2075,s3_17_37,Passenger Car,s2_11_28,Deployed,s2_97_208,s1_below_1,Female,s2_37_80,s3_141_159,s2_164_318,s2_40_80,s2_2_4
6368,s2_885_1695,s2_n103_99,s4_n40_7,s1_below_4282,s4_4_5,s2_2001_2003,s2_760_2075,s4_37_47,Truck (<=6000 lbs.),s2_11_28,Deployed,s2_97_208,s1_below_1,Female,s2_37_80,s3_141_159,s2_164_318,s3_80_160,s2_2_4
6369,s2_885_1695,s2_n103_99,s4_n40_7,s1_below_4282,s4_4_5,s3_2003_2005,s2_760_2075,s4_37_47,Truck (<=6000 lbs.),s4_48_64,Deployed,s2_97_208,s1_below_1,Male,s5_114_130,s3_141_159,s2_164_318,s3_80_160,s3_4_5
6370,s3_1695_2555,s2_n103_99,s4_n40_7,s1_below_4282,s4_4_5,s2_2001_2003,s2_760_2075,s4_37_47,Truck (<=6000 lbs.),s4_48_64,Not Deployed,s2_97_208,s1_below_1,Female,s5_114_130,s4_159_169,s2_164_318,s3_80_160,s2_2_4
6371,s2_885_1695,s2_n103_99,s5_7_up,s1_below_4282,s4_4_5,s2_2001_2003,s2_760_2075,s4_37_47,Truck (<=6000 lbs.),s4_48_64,Not Deployed,s2_97_208,s1_below_1,Male,s2_37_80,s2_116_141,s2_164_318,s6_260_up,s2_2_4
6372,s2_885_1695,s2_n103_99,s4_n40_7,s1_below_4282,s4_4_5,s2_2001_2003,s2_760_2075,s4_37_47,Passenger Car,s3_28_48,Deployed,s2_97_208,s1_below_1,Female,s2_37_80,s3_141_159,s2_164_318,s3_80_160,s2_2_4
6373,s3_1695_2555,s2_n103_99,s4_n40_7,s1_below_4282,s2_2_3,s3_2003_2005,s2_760_2075,s6_57_up,Truck (<=6000 lbs.),s6_76_up,Not Deployed,s2_97_208,s1_below_1,Male,s3_80_96,s3_141_159,s2_164_318,s3_80_160,s2_2_4
6374,s2_885_1695,s2_n103_99,s3_n81_n40,s1_below_4282,s3_3_4,s2_2001_2003,s2_760_2075,s3_17_37,Passenger Car,s3_28_48,Deployed,s2_97_208,s2_1_2,Female,s3_80_96,s3_141_159,s2_164_318,s3_80_160,s2_2_4
6375,s2_885_1695,s2_n103_99,s5_7_up,s1_below_4282,s3_3_4,s1_below_2001,s2_760_2075,s4_37_47,Passenger Car,s3_28_48,Not Deployed,s2_97_208,s1_below_1,Female,s3_80_96,s3_141_159,s2_164_318,s6_260_up,s2_2_4
6376,s3_1695_2555,s2_n103_99,s4_n40_7,s1_below_4282,s1_below_2,s1_below_2001,s2_760_2075,s5_47_57,Truck (<=10000 lbs.),s2_11_28,Not Deployed,s2_97_208,s1_below_1,Male,s3_80_96,s6_179_up,s3_318_464,s3_80_160,s5_6_7
6377,s2_885_1695,s2_n103_99,s4_n40_7,s1_below_4282,s1_below_2,s5_2007_2009,s3_2075_3730,s5_47_57,Passenger Car,s2_11_28,Deployed,s2_97_208,s1_below_1,Male,s2_37_80,s3_141_159,s2_164_318,s3_80_160,s2_2_4
6378,s3_1695_2555,s2_n103_99,s4_n40_7,s1_below_4282,s1_below_2,s5_2007_2009,s2_760_2075,s3_17_37,Truck (<=6000 lbs.),s2_11_28,Deployed,s2_97_208,s1_below_1,Male,s3_80_96,s3_141_159,s2_164_318,s4_160_220,s2_2_4
6379,s2_885_1695,s2_n103_99,s4_n40_7,s1_below_4282,s3_3_4,s1_below_2001,s2_760_2075,s3_17_37,Passenger Car,s2_11_28,Deployed,s2_97_208,s2_1_2,Male,s4_96_114,s3_141_159,s2_164_318,s2_40_80,s2_2_4
6380,s3_1695_2555,s2_n103_99,s4_n40_7,s1_below_4282,s1_below_2,s1_below_2001,s2_760_2075,s3_17_37,Truck (<=10000 lbs.),s3_28_48,Deployed,s2_97_208,s1_below_1,Female,s3_80_96,s3_141_159,s2_164_318,s3_80_160,s2_2_4
6381,s2_885_1695,s2_n103_99,s4_n40_7,s1_below_4282,s2_2_3,s1_below_2001,s3_2075_3730,s3_17_37,Passenger Car,s2_11_28,Not Deployed,s2_97_208,s1_below_1,Male,s2_37_80,s3_141_159,s2_164_318,s4_160_220,s2_2_4
6382,s2_885_1695,s2_n103_99,s4_n40_7,s1_below_4282,s1_below_2,s3_2003_2005,s2_760_2075,s5_47_57,Passenger Car,s2_11_28,Deployed,s2_97_208,s1_below_1,Female,s2_37_80,s3_141_159,s2_164_318,s4_160_220,s2_2_4
6383,s2_885_1695,s2_n103_99,s5_7_up,s1_below_4282,s2_2_3,s4_2005_2007,s2_760_2075,s6_57_up,Passenger Car,s3_28_48,Not Deployed,s2_97_208,s1_below_1,Male,s3_80_96,s3_141_159,s2_164_318,s6_260_up,s2_2_4
6384,s3_1695_2555,s2_n103_99,s4_n40_7,s1_below_4282,s1_below_2,s1_below_2001,s2_760_2075,s5_47_57,Truck (<=6000 lbs.),s6_76_up,Deployed,s2_97_208,s3_2_3,Female,s2_37_80,s3_141_159,s2_164_318,s2_40_80,s3_4_5
6385,s3_1695_2555,s2_n103_99,s4_n40_7,s1_below_4282,s1_below_2,s3_2003_2005,s2_760_2075,s5_47_57,Truck (<=6000 lbs.),s3_28_48,Deployed,s2_97_208,s1_below_1,Male,s6_130_up,s3_141_159,s2_164_318,s3_80_160,s3_4_5
6386,s2_885_1695,s2_n103_99,s4_n40_7,s1_below_4282,s2_2_3,s4_2005_2007,s3_2075_3730,s5_47_57,Truck (<=6000 lbs.),s2_11_28,Not Deployed,s2_97_208,s1_below_1,Female,s2_37_80,s3_141_159,s2_164_318,s4_160_220,s2_2_4
6387,s3_1695_2555,s2_n103_99,s4_n40_7,s1_below_4282,s5_5_6,s2_2001_2003,s2_760_2075,s5_47_57,Truck (<=10000 lbs.),s5_64_76,Deployed,s2_97_208,s1_below_1,Male,s4_96_114,s4_159_169,s3_318_464,s3_80_160,s4_5_6
6388,s3_1695_2555,s2_n103_99,s4_n40_7,s1_below_4282,s4_4_5,s4_2005_2007,s2_760_2075,s3_17_37,Truck (<=6000 lbs.),s3_28_48,Not Deployed,s2_97_208,s1_below_1,Male,s2_37_80,s4_159_169,s2_164_318,s3_80_160,s3_4_5
6389,s2_885_1695,s2_n103_99,s4_n40_7,s1_below_4282,s3_3_4,s5_2007_2009,s2_760_2075,s3_17_37,Passenger Car,s6_76_up,Not Deployed,s2_97_208,s1_below_1,Male,s4_96_114,s3_141_159,s2_164_318,s2_40_80,s2_2_4
6390,s4_2555_3715,s2_n103_99,s4_n40_7,s1_below_4282,s2_2_3,s3_2003_2005,s2_760_2075,s6_57_up,Truck (<=10000 lbs.),s3_28_48,Deployed,s2_97_208,s1_below_1,Male,s2_37_80,s5_169_179,s3_318_464,s3_80_160,s4_5_6
6391,s3_1695_2555,s2_n103_99,s5_7_up,s1_below_4282,s3_3_4,s4_2005_2007,s3_2075_3730,s6_57_up,Truck (<=6000 lbs.),s4_48_64,Not Deployed,s2_97_208,s1_below_1,Male,s2_37_80,s4_159_169,s2_164_318,s6_260_up,s2_2_4
6392,s3_1695_2555,s2_n103_99,s4_n40_7,s1_below_4282,s2_2_3,s3_2003_2005,s2_760_2075,s4_37_47,Truck (<=10000 lbs.),s3_28_48,Deployed,s2_97_208,s1_below_1,Male,s3_80_96,s4_159_169,s3_318_464,s3_80_160,s4_5_6
6393,s2_885_1695,s2_n103_99,s5_7_up,s1_below_4282,s2_2_3,s2_2001_2003,s3_2075_3730,s4_37_47,Truck (<=6000 lbs.),s3_28_48,Not Deployed,s2_97_208,s1_below_1,Female,s2_37_80,s3_141_159,s2_164_318,s6_260_up,s2_2_4
6394,s3_1695_2555,s2_n103_99,s4_n40_7,s1_below_4282,s3_3_4,s3_2003_2005,s2_760_2075,s4_37_47,Truck (<=6000 lbs.),s3_28_48,Not Deployed,s2_97_208,s1_below_1,Female,s3_80_96,s3_141_159,s2_164_318,s4_160_220,s3_4_5
6395,s2_885_1695,s2_n103_99,s4_n40_7,s1_below_4282,s4_4_5,s1_below_2001,s2_760_2075,s4_37_47,Passenger Car,s5_64_76,Not Deployed,s2_97_208,s1_below_1,Female,s4_96_114,s3_141_159,s2_164_318,s3_80_160,s2_2_4
6396,s3_1695_2555,s2_n103_99,s4_n40_7,s1_below_4282,s6_6_up,s2_2001_2003,s2_760_2075,s4_37_47,Truck (<=6000 lbs.),s3_28_48,Not Deployed,s2_97_208,s1_below_1,Female,s2_37_80,s3_141_159,s2_164_318,s3_80_160,s2_2_4
6397,s2_885_1695,s2_n103_99,s4_n40_7,s1_below_4282,s6_6_up,s3_2003_2005,s2_760_2075,s4_37_47,Passenger Car,s3_28_48,Deployed,s2_97_208,s1_below_1,Female,s2_37_80,s3_141_159,s2_164_318,s3_80_160,s2_2_4
6398,s2_885_1695,s2_n103_99,s4_n40_7,s1_below_4282,s2_2_3,s2_2001_2003,s2_760_2075,s6_57_up,Passenger Car,s2_11_28,Deployed,s2_97_208,s1_below_1,Male,s3_80_96,s3_141_159,s2_164_318,s3_80_160,s2_2_4
6399,s2_885_1695,s2_n103_99,s4_n40_7,s1_below_4282,s4_4_5,s2_2001_2003,s2_760_2075,s4_37_47,Passenger Car,s6_76_up,Not Deployed,s2_97_208,s1_below_1,Male,s2_37_80,s3_141_159,s2_164_318,s3_80_160,s2_2_4
6400,s2_885_1695,s2_n103_99,s4_n40_7,s1_below_4282,s4_4_5,s1_below_2001,s2_760_2075,s4_37_47,Truck (<=6000 lbs.),s3_28_48,Not Deployed,s2_97_208,s1_below_1,Female,s2_37_80,s2_116_141,s2_164_318,s3_80_160,s2_2_4
6401,s2_885_1695,s2_n103_99,s4_n40_7,s1_below_4282,s1_below_2,s4_2005_2007,s2_760_2075,s5_47_57,Passenger Car,s2_11_28,Not Deployed,s2_97_208,s1_below_1,Female,s2_37_80,s3_141_159,s2_164_318,s3_80_160,s2_2_4
6402,s2_885_1695,s2_n103_99,s4_n40_7,s1_below_4282,s1_below_2,s4_2005_2007,s3_2075_3730,s4_37_47,Passenger Car,s3_28_48,Deployed,s2_97_208,s2_1_2,Female,s3_80_96,s3_141_159,s2_164_318,s3_80_160,s2_2_4
6403,s3_1695_2555,s2_n103_99,s4_n40_7,s1_below_4282,s4_4_5,s1_below_2001,s2_760_2075,s4_37_47,Truck (<=10000 lbs.),s2_11_28,Not Deployed,s2_97_208,s1_below_1,Male,s2_37_80,s5_169_179,s3_318_464,s3_80_160,s4_5_6
6404,s2_885_1695,s2_n103_99,s5_7_up,s1_below_4282,s3_3_4,s5_2007_2009,s3_2075_3730,s3_17_37,Truck (<=6000 lbs.),s3_28_48,Not Deployed,s2_97_208,s1_below_1,Female,s2_37_80,s3_141_159,s2_164_318,s4_160_220,s2_2_4
6405,s3_1695_2555,s2_n103_99,s4_n40_7,s1_below_4282,s4_4_5,s2_2001_2003,s2_760_2075,s4_37_47,Truck (<=6000 lbs.),s3_28_48,Not Deployed,s2_97_208,s1_below_1,Male,s2_37_80,s4_159_169,s2_164_318,s3_80_160,s2_2_4
6406,s2_885_1695,s2_n103_99,s4_n40_7,s1_below_4282,s2_2_3,s5_2007_2009,s3_2075_3730,s4_37_47,Passenger Car,s4_48_64,Not Deployed,s2_97_208,s1_below_1,Female,s3_80_96,s3_141_159,s2_164_318,s4_160_220,s2_2_4
6407,s3_1695_2555,s2_n103_99,s4_n40_7,s1_below_4282,s2_2_3,s3_2003_2005,s2_760_2075,s4_37_47,Truck (<=6000 lbs.),s5_64_76,Not Deployed,s2_97_208,s1_below_1,Male,s3_80_96,s4_159_169,s2_164_318,s6_260_up,s3_4_5
6408,s2_885_1695,s2_n103_99,s5_7_up,s1_below_4282,s1_below_2,s4_2005_2007,s2_760_2075,s4_37_47,Passenger Car,s4_48_64,Not Deployed,s2_97_208,s1_below_1,Female,s2_37_80,s3_141_159,s2_164_318,s6_260_up,s2_2_4
6409,s2_885_1695,s2_n103_99,s4_n40_7,s1_below_4282,s4_4_5,s2_2001_2003,s2_760_2075,s4_37_47,Passenger Car,s5_64_76,Deployed,s2_97_208,s2_1_2,Female,s2_37_80,s3_141_159,s2_164_318,s4_160_220,s2_2_4
6410,s3_1695_2555,s2_n103_99,s4_n40_7,s1_below_4282,s2_2_3,s3_2003_2005,s3_2075_3730,s5_47_57,Passenger Car,s4_48_64,Deployed,s2_97_208,s1_below_1,Female,s3_80_96,s3_141_159,s2_164_318,s2_40_80,s2_2_4
6411,s3_1695_2555,s2_n103_99,s4_n40_7,s1_below_4282,s1_below_2,s2_2001_2003,s2_760_2075,s5_47_57,Truck (<=10000 lbs.),s3_28_48,Deployed,s2_97_208,s1_below_1,Female,s3_80_96,s4_159_169,s3_318_464,s3_80_160,s4_5_6
6412,s2_885_1695,s2_n103_99,s4_n40_7,s1_below_4282,s1_below_2,s5_2007_2009,s2_760_2075,s3_17_37,Passenger Car,s4_48_64,Deployed,s2_97_208,s1_below_1,Male,s3_80_96,s3_141_159,s2_164_318,s4_160_220,s2_2_4
6413,s2_885_1695,s2_n103_99,s4_n40_7,s1_below_4282,s3_3_4,s4_2005_2007,s2_760_2075,s4_37_47,Passenger Car,s2_11_28,Not Deployed,s2_97_208,s1_below_1,Female,s2_37_80,s3_141_159,s2_164_318,s3_80_160,s2_2_4
6414,s2_885_1695,s2_n103_99,s4_n40_7,s1_below_4282,s2_2_3,s3_2003_2005,s2_760_2075,s6_57_up,Passenger Car,s2_11_28,Deployed,s2_97_208,s1_below_1,Female,s2_37_80,s3_141_159,s2_164_318,s1_below_40,s2_2_4
6415,s2_885_1695,s2_n103_99,s5_7_up,s1_below_4282,s4_4_5,s1_below_2001,s2_760_2075,s4_37_47,Passenger Car,s4_48_64,Not Deployed,s2_97_208,s1_below_1,Female,s4_96_114,s3_141_159,s2_164_318,s6_260_up,s2_2_4
6416,s2_885_1695,s2_n103_99,s4_n40_7,s1_below_4282,s1_below_2,s5_2007_2009,s2_760_2075,s6_57_up,Passenger Car,s3_28_48,Deployed,s2_97_208,s1_below_1,Male,s3_80_96,s3_141_159,s2_164_318,s3_80_160,s2_2_4
6417,s2_885_1695,s2_n103_99,s4_n40_7,s1_below_4282,s3_3_4,s5_2007_2009,s2_760_2075,s4_37_47,Passenger Car,s3_28_48,Deployed,s2_97_208,s1_below_1,Female,s2_37_80,s3_141_159,s2_164_318,s4_160_220,s2_2_4
6418,s2_885_1695,s2_n103_99,s4_n40_7,s1_below_4282,s4_4_5,s5_2007_2009,s2_760_2075,s4_37_47,Passenger Car,s3_28_48,Not Deployed,s2_97_208,s1_below_1,Male,s2_37_80,s3_141_159,s2_164_318,s3_80_160,s2_2_4
6419,s2_885_1695,s2_n103_99,s4_n40_7,s1_below_4282,s4_4_5,s4_2005_2007,s3_2075_3730,s5_47_57,Truck (<=6000 lbs.),s4_48_64,Not Deployed,s2_97_208,s1_below_1,Female,s2_37_80,s3_141_159,s2_164_318,s4_160_220,s2_2_4
6420,s3_1695_2555,s2_n103_99,s4_n40_7,s1_below_4282,s4_4_5,s5_2007_2009,s2_760_2075,s5_47_57,Truck (<=10000 lbs.),s3_28_48,Deployed,s2_97_208,s1_below_1,Male,s3_80_96,s5_169_179,s2_164_318,s3_80_160,s3_4_5
6421,s2_885_1695,s2_n103_99,s3_n81_n40,s1_below_4282,s3_3_4,s4_2005_2007,s2_760_2075,s5_47_57,Passenger Car,s2_11_28,Deployed,s2_97_208,s4_3_4,Male,s2_37_80,s3_141_159,s2_164_318,s3_80_160,s2_2_4
6422,s2_885_1695,s2_n103_99,s4_n40_7,s1_below_4282,s2_2_3,s4_2005_2007,s2_760_2075,s3_17_37,Passenger Car,s5_64_76,Not Deployed,s2_97_208,s1_below_1,Female,s3_80_96,s3_141_159,s2_164_318,s3_80_160,s2_2_4
6423,s3_1695_2555,s2_n103_99,s4_n40_7,s1_below_4282,s1_below_2,s2_2001_2003,s2_760_2075,s3_17_37,Truck (<=6000 lbs.),s4_48_64,Deployed,s2_97_208,s1_below_1,Female,s3_80_96,s4_159_169,s2_164_318,s3_80_160,s2_2_4
6424,s2_885_1695,s2_n103_99,s4_n40_7,s1_below_4282,s3_3_4,s2_2001_2003,s2_760_2075,s4_37_47,Passenger Car,s5_64_76,Not Deployed,s2_97_208,s1_below_1,Male,s2_37_80,s3_141_159,s2_164_318,s3_80_160,s2_2_4
6425,s3_1695_2555,s2_n103_99,s4_n40_7,s1_below_4282,s3_3_4,s4_2005_2007,s2_760_2075,s5_47_57,Truck (<=6000 lbs.),s2_11_28,Deployed,s2_97_208,s1_below_1,Female,s2_37_80,s3_141_159,s2_164_318,s3_80_160,s3_4_5
6426,s2_885_1695,s2_n103_99,s4_n40_7,s1_below_4282,s3_3_4,s4_2005_2007,s2_760_2075,s3_17_37,Passenger Car,s5_64_76,Deployed,s2_97_208,s1_below_1,Male,s2_37_80,s3_141_159,s2_164_318,s3_80_160,s2_2_4
6427,s2_885_1695,s2_n103_99,s4_n40_7,s1_below_4282,s3_3_4,s4_2005_2007,s2_760_2075,s3_17_37,Passenger Car,s4_48_64,Deployed,s2_97_208,s1_below_1,Male,s3_80_96,s3_141_159,s2_164_318,s2_40_80,s2_2_4
6428,s2_885_1695,s2_n103_99,s4_n40_7,s1_below_4282,s4_4_5,s4_2005_2007,s2_760_2075,s3_17_37,Passenger Car,s3_28_48,Not Deployed,s2_97_208,s1_below_1,Male,s2_37_80,s3_141_159,s2_164_318,s4_160_220,s2_2_4
6429,s3_1695_2555,s2_n103_99,s4_n40_7,s1_below_4282,s3_3_4,s2_2001_2003,s2_760_2075,s5_47_57,Truck (<=6000 lbs.),s4_48_64,Deployed,s2_97_208,s1_below_1,Female,s3_80_96,s4_159_169,s2_164_318,s3_80_160,s3_4_5
6430,s2_885_1695,s2_n103_99,s3_n81_n40,s1_below_4282,s3_3_4,s4_2005_2007,s2_760_2075,s5_47_57,Passenger Car,s4_48_64,Deployed,s2_97_208,s3_2_3,Female,s3_80_96,s3_141_159,s2_164_318,s3_80_160,s2_2_4
6431,s2_885_1695,s2_n103_99,s3_n81_n40,s1_below_4282,s3_3_4,s3_2003_2005,s2_760_2075,s5_47_57,Truck (<=6000 lbs.),s5_64_76,Deployed,s2_97_208,s3_2_3,Female,s2_37_80,s3_141_159,s2_164_318,s3_80_160,s2_2_4
6432,s2_885_1695,s2_n103_99,s4_n40_7,s1_below_4282,s1_below_2,s3_2003_2005,s2_760_2075,s5_47_57,Passenger Car,s3_28_48,Deployed,s2_97_208,s2_1_2,Male,s2_37_80,s3_141_159,s2_164_318,s4_160_220,s2_2_4
6433,s3_1695_2555,s2_n103_99,s4_n40_7,s1_below_4282,s3_3_4,s3_2003_2005,s2_760_2075,s3_17_37,Truck (<=6000 lbs.),s2_11_28,Deployed,s2_97_208,s1_below_1,Female,s2_37_80,s4_159_169,s2_164_318,s3_80_160,s3_4_5
6434,s3_1695_2555,s2_n103_99,s3_n81_n40,s1_below_4282,s1_below_2,s3_2003_2005,s2_760_2075,s5_47_57,Truck (<=6000 lbs.),s4_48_64,Deployed,s2_97_208,s4_3_4,Female,s4_96_114,s3_141_159,s2_164_318,s3_80_160,s3_4_5
6435,s2_885_1695,s2_n103_99,s3_n81_n40,s1_below_4282,s1_below_2,s3_2003_2005,s2_760_2075,s5_47_57,Passenger Car,s3_28_48,Deployed,s2_97_208,s3_2_3,Female,s4_96_114,s3_141_159,s2_164_318,s3_80_160,s2_2_4
6436,s3_1695_2555,s2_n103_99,s4_n40_7,s1_below_4282,s2_2_3,s4_2005_2007,s2_760_2075,s4_37_47,Truck (<=10000 lbs.),s5_64_76,Deployed,s2_97_208,s2_1_2,Male,s5_114_130,s5_169_179,s3_318_464,s3_80_160,s4_5_6
6437,s3_1695_2555,s2_n103_99,s4_n40_7,s1_below_4282,s2_2_3,s4_2005_2007,s3_2075_3730,s3_17_37,Truck (<=6000 lbs.),s3_28_48,Not Deployed,s2_97_208,s2_1_2,Female,s2_37_80,s4_159_169,s2_164_318,s2_40_80,s2_2_4
6438,s3_1695_2555,s2_n103_99,s4_n40_7,s1_below_4282,s1_below_2,s2_2001_2003,s2_760_2075,s6_57_up,Truck (<=6000 lbs.),s5_64_76,Not Deployed,s2_97_208,s1_below_1,Male,s3_80_96,s3_141_159,s2_164_318,s3_80_160,s2_2_4
6439,s2_885_1695,s2_n103_99,s4_n40_7,s1_below_4282,s2_2_3,s3_2003_2005,s2_760_2075,s3_17_37,Passenger Car,s3_28_48,Not Deployed,s2_97_208,s3_2_3,Female,s4_96_114,s3_141_159,s2_164_318,s4_160_220,s2_2_4
6440,s2_885_1695,s2_n103_99,s4_n40_7,s1_below_4282,s4_4_5,s3_2003_2005,s2_760_2075,s3_17_37,Passenger Car,s4_48_64,Deployed,s2_97_208,s1_below_1,Female,s2_37_80,s3_141_159,s2_164_318,s3_80_160,s2_2_4
6441,s2_885_1695,s2_n103_99,s4_n40_7,s1_below_4282,s3_3_4,s1_below_2001,s2_760_2075,s4_37_47,Passenger Car,s3_28_48,Deployed,s2_97_208,s5_4_5,Female,s3_80_96,s3_141_159,s2_164_318,s3_80_160,s2_2_4
6442,s3_1695_2555,s2_n103_99,s4_n40_7,s1_below_4282,s5_5_6,s3_2003_2005,s3_2075_3730,s4_37_47,Truck (<=6000 lbs.),s3_28_48,Not Deployed,s2_97_208,s1_below_1,Male,s3_80_96,s4_159_169,s2_164_318,s6_260_up,s2_2_4
6443,s2_885_1695,s2_n103_99,s4_n40_7,s1_below_4282,s5_5_6,s4_2005_2007,s2_760_2075,s4_37_47,Passenger Car,s4_48_64,Not Deployed,s2_97_208,s1_below_1,Female,s2_37_80,s3_141_159,s2_164_318,s3_80_160,s2_2_4
6444,s2_885_1695,s2_n103_99,s5_7_up,s1_below_4282,s4_4_5,s3_2003_2005,s3_2075_3730,s4_37_47,Passenger Car,s3_28_48,Not Deployed,s2_97_208,s1_below_1,Male,s4_96_114,s3_141_159,s2_164_318,s6_260_up,s2_2_4
6445,s3_1695_2555,s2_n103_99,s4_n40_7,s1_below_4282,s2_2_3,s3_2003_2005,s2_760_2075,s4_37_47,Truck (<=6000 lbs.),s3_28_48,Not Deployed,s2_97_208,s1_below_1,Male,s3_80_96,s4_159_169,s2_164_318,s3_80_160,s2_2_4
6446,s3_1695_2555,s2_n103_99,s3_n81_n40,s1_below_4282,s1_below_2,s4_2005_2007,s3_2075_3730,s4_37_47,Truck (<=6000 lbs.),s3_28_48,Deployed,s2_97_208,s1_below_1,Male,s4_96_114,s4_159_169,s2_164_318,s3_80_160,s3_4_5
6447,s2_885_1695,s2_n103_99,s4_n40_7,s1_below_4282,s2_2_3,s1_below_2001,s2_760_2075,s4_37_47,Passenger Car,s5_64_76,Not Deployed,s2_97_208,s1_below_1,Male,s2_37_80,s3_141_159,s2_164_318,s3_80_160,s2_2_4
6448,s3_1695_2555,s2_n103_99,s4_n40_7,s1_below_4282,s1_below_2,s2_2001_2003,s2_760_2075,s3_17_37,Truck (<=10000 lbs.),s3_28_48,Not Deployed,s2_97_208,s1_below_1,Male,s4_96_114,s3_141_159,s3_318_464,s3_80_160,s3_4_5
6449,s2_885_1695,s2_n103_99,s4_n40_7,s1_below_4282,s2_2_3,s5_2007_2009,s3_2075_3730,s3_17_37,Passenger Car,s4_48_64,Not Deployed,s2_97_208,s1_below_1,Male,s2_37_80,s3_141_159,s2_164_318,s3_80_160,s2_2_4
6450,s2_885_1695,s2_n103_99,s4_n40_7,s1_below_4282,s4_4_5,s2_2001_2003,s2_760_2075,s5_47_57,Passenger Car,s2_11_28,Deployed,s2_97_208,s1_below_1,Female,s2_37_80,s3_141_159,s2_164_318,s3_80_160,s2_2_4
6451,s3_1695_2555,s2_n103_99,s4_n40_7,s1_below_4282,s1_below_2,s4_2005_2007,s2_760_2075,s5_47_57,Truck (<=6000 lbs.),s2_11_28,Not Deployed,s2_97_208,s1_below_1,Male,s2_37_80,s4_159_169,s2_164_318,s3_80_160,s3_4_5
6452,s2_885_1695,s2_n103_99,s4_n40_7,s1_below_4282,s2_2_3,s4_2005_2007,s2_760_2075,s6_57_up,Passenger Car,s5_64_76,Not Deployed,s2_97_208,s2_1_2,Female,s2_37_80,s3_141_159,s2_164_318,s2_40_80,s2_2_4
6453,s2_885_1695,s2_n103_99,s4_n40_7,s1_below_4282,s1_below_2,s2_2001_2003,s2_760_2075,s6_57_up,Truck (<=6000 lbs.),s4_48_64,Not Deployed,s2_97_208,s1_below_1,Male,s2_37_80,s3_141_159,s3_318_464,s3_80_160,s2_2_4
6454,s2_885_1695,s2_n103_99,s4_n40_7,s1_below_4282,s1_below_2,s4_2005_2007,s2_760_2075,s6_57_up,Passenger Car,s3_28_48,Deployed,s2_97_208,s1_below_1,Female,s2_37_80,s3_141_159,s2_164_318,s3_80_160,s2_2_4
6455,s3_1695_2555,s2_n103_99,s5_7_up,s1_below_4282,s4_4_5,s3_2003_2005,s2_760_2075,s3_17_37,Truck (<=6000 lbs.),s4_48_64,Not Deployed,s2_97_208,s1_below_1,Female,s2_37_80,s4_159_169,s2_164_318,s4_160_220,s3_4_5
6456,s2_885_1695,s2_n103_99,s4_n40_7,s1_below_4282,s1_below_2,s4_2005_2007,s3_2075_3730,s3_17_37,Passenger Car,s5_64_76,Not Deployed,s2_97_208,s1_below_1,Male,s2_37_80,s3_141_159,s2_164_318,s3_80_160,s2_2_4
6457,s3_1695_2555,s2_n103_99,s4_n40_7,s1_below_4282,s1_below_2,s4_2005_2007,s2_760_2075,s6_57_up,Passenger Car,s6_76_up,Deployed,s2_97_208,s1_below_1,Male,s3_80_96,s4_159_169,s2_164_318,s3_80_160,s2_2_4
6458,s2_885_1695,s2_n103_99,s4_n40_7,s1_below_4282,s1_below_2,s2_2001_2003,s2_760_2075,s5_47_57,Passenger Car,s2_11_28,Not Deployed,s2_97_208,s1_below_1,Male,s3_80_96,s3_141_159,s2_164_318,s3_80_160,s2_2_4
6459,s2_885_1695,s2_n103_99,s4_n40_7,s1_below_4282,s1_below_2,s1_below_2001,s2_760_2075,s5_47_57,Passenger Car,s2_11_28,Deployed,s2_97_208,s1_below_1,Female,s2_37_80,s3_141_159,s2_164_318,s3_80_160,s2_2_4
6460,s2_885_1695,s2_n103_99,s4_n40_7,s1_below_4282,s2_2_3,s1_below_2001,s2_760_2075,s3_17_37,Passenger Car,s3_28_48,Not Deployed,s2_97_208,s1_below_1,Female,s2_37_80,s3_141_159,s2_164_318,s2_40_80,s2_2_4
6461,s2_885_1695,s2_n103_99,s4_n40_7,s1_below_4282,s1_below_2,s1_below_2001,s2_760_2075,s3_17_37,Passenger Car,s2_11_28,Not Deployed,s2_97_208,s1_below_1,Male,s3_80_96,s3_141_159,s2_164_318,s3_80_160,s2_2_4
6462,s2_885_1695,s2_n103_99,s4_n40_7,s1_below_4282,s4_4_5,s1_below_2001,s3_2075_3730,s5_47_57,Passenger Car,s6_76_up,Not Deployed,s2_97_208,s1_below_1,Female,s2_37_80,s3_141_159,s2_164_318,s4_160_220,s2_2_4
6463,s3_1695_2555,s2_n103_99,s4_n40_7,s1_below_4282,s4_4_5,s4_2005_2007,s2_760_2075,s5_47_57,Truck (<=6000 lbs.),s3_28_48,Deployed,s2_97_208,s1_below_1,Male,s3_80_96,s4_159_169,s2_164_318,s3_80_160,s3_4_5
6464,s2_885_1695,s2_n103_99,s4_n40_7,s1_below_4282,s1_below_2,s1_below_2001,s2_760_2075,s4_37_47,Passenger Car,s2_11_28,Not Deployed,s2_97_208,s1_below_1,Female,s2_37_80,s3_141_159,s2_164_318,s4_160_220,s2_2_4
6465,s2_885_1695,s2_n103_99,s4_n40_7,s1_below_4282,s2_2_3,s1_below_2001,s2_760_2075,s3_17_37,Passenger Car,s2_11_28,Deployed,s2_97_208,s1_below_1,Female,s2_37_80,s3_141_159,s2_164_318,s3_80_160,s2_2_4
6466,s2_885_1695,s2_n103_99,s4_n40_7,s1_below_4282,s4_4_5,s2_2001_2003,s2_760_2075,s5_47_57,Passenger Car,s3_28_48,Not Deployed,s2_97_208,s1_below_1,Male,s2_37_80,s3_141_159,s2_164_318,s3_80_160,s2_2_4
6467,s3_1695_2555,s2_n103_99,s4_n40_7,s1_below_4282,s4_4_5,s2_2001_2003,s2_760_2075,s5_47_57,Truck (<=6000 lbs.),s3_28_48,Deployed,s2_97_208,s1_below_1,Male,s4_96_114,s3_141_159,s2_164_318,s3_80_160,s2_2_4
6468,s2_885_1695,s2_n103_99,s4_n40_7,s1_below_4282,s4_4_5,s2_2001_2003,s2_760_2075,s3_17_37,Passenger Car,s3_28_48,Deployed,s2_97_208,s1_below_1,Male,s4_96_114,s3_141_159,s2_164_318,s3_80_160,s2_2_4
6469,s2_885_1695,s2_n103_99,s5_7_up,s1_below_4282,s1_below_2,s4_2005_2007,s2_760_2075,s6_57_up,Passenger Car,s3_28_48,Not Deployed,s2_97_208,s1_below_1,Female,s2_37_80,s3_141_159,s2_164_318,s6_260_up,s2_2_4
6470,s2_885_1695,s2_n103_99,s4_n40_7,s1_below_4282,s1_below_2,s3_2003_2005,s2_760_2075,s6_57_up,Passenger Car,s2_11_28,Deployed,s2_97_208,s1_below_1,Male,s2_37_80,s3_141_159,s2_164_318,s3_80_160,s2_2_4
6471,s2_885_1695,s2_n103_99,s4_n40_7,s1_below_4282,s3_3_4,s2_2001_2003,s2_760_2075,s5_47_57,Passenger Car,s3_28_48,Not Deployed,s2_97_208,s1_below_1,Male,s3_80_96,s3_141_159,s2_164_318,s2_40_80,s2_2_4
6472,s2_885_1695,s2_n103_99,s5_7_up,s1_below_4282,s1_below_2,s3_2003_2005,s2_760_2075,s6_57_up,Passenger Car,s2_11_28,Not Deployed,s2_97_208,s1_below_1,Male,s4_96_114,s3_141_159,s2_164_318,s6_260_up,s2_2_4
6473,s3_1695_2555,s2_n103_99,s4_n40_7,s1_below_4282,s1_below_2,s1_below_2001,s2_760_2075,s5_47_57,Truck (<=10000 lbs.),s4_48_64,Deployed,s2_97_208,s1_below_1,Female,s2_37_80,s5_169_179,s3_318_464,s4_160_220,s4_5_6
6474,s2_885_1695,s2_n103_99,s4_n40_7,s1_below_4282,s3_3_4,s4_2005_2007,s2_760_2075,s3_17_37,Truck (<=6000 lbs.),s3_28_48,Not Deployed,s2_97_208,s1_below_1,Male,s3_80_96,s3_141_159,s2_164_318,s3_80_160,s2_2_4
6475,s2_885_1695,s2_n103_99,s4_n40_7,s1_below_4282,s1_below_2,s2_2001_2003,s2_760_2075,s4_37_47,Passenger Car,s2_11_28,Deployed,s2_97_208,s1_below_1,Male,s3_80_96,s3_141_159,s2_164_318,s3_80_160,s2_2_4
6476,s2_885_1695,s2_n103_99,s4_n40_7,s1_below_4282,s3_3_4,s4_2005_2007,s2_760_2075,s4_37_47,Passenger Car,s4_48_64,Not Deployed,s2_97_208,s2_1_2,Female,s3_80_96,s3_141_159,s2_164_318,s2_40_80,s2_2_4
6477,s3_1695_2555,s2_n103_99,s4_n40_7,s1_below_4282,s1_below_2,s4_2005_2007,s2_760_2075,s3_17_37,Truck (<=6000 lbs.),s3_28_48,Not Deployed,s2_97_208,s1_below_1,Female,s2_37_80,s3_141_159,s2_164_318,s2_40_80,s2_2_4
6478,s3_1695_2555,s2_n103_99,s4_n40_7,s1_below_4282,s1_below_2,s1_below_2001,s2_760_2075,s3_17_37,Truck (<=6000 lbs.),s2_11_28,Deployed,s2_97_208,s1_below_1,Male,s2_37_80,s3_141_159,s2_164_318,s3_80_160,s3_4_5
6479,s2_885_1695,s2_n103_99,s4_n40_7,s1_below_4282,s1_below_2,s5_2007_2009,s2_760_2075,s3_17_37,Truck (<=6000 lbs.),s5_64_76,Not Deployed,s2_97_208,s1_below_1,Male,s2_37_80,s3_141_159,s2_164_318,s4_160_220,s2_2_4
6480,s2_885_1695,s2_n103_99,s4_n40_7,s1_below_4282,s4_4_5,s4_2005_2007,s2_760_2075,s5_47_57,Passenger Car,s3_28_48,Deployed,s2_97_208,s1_below_1,Male,s6_130_up,s3_141_159,s2_164_318,s3_80_160,s2_2_4
6481,s2_885_1695,s2_n103_99,s4_n40_7,s1_below_4282,s4_4_5,s4_2005_2007,s2_760_2075,s3_17_37,Passenger Car,s3_28_48,Deployed,s2_97_208,s1_below_1,Male,s4_96_114,s3_141_159,s2_164_318,s3_80_160,s2_2_4
6482,s2_885_1695,s2_n103_99,s4_n40_7,s1_below_4282,s1_below_2,s3_2003_2005,s2_760_2075,s3_17_37,Passenger Car,s4_48_64,Not Deployed,s2_97_208,s1_below_1,Male,s4_96_114,s3_141_159,s2_164_318,s3_80_160,s2_2_4
6483,s3_1695_2555,s2_n103_99,s4_n40_7,s1_below_4282,s4_4_5,s1_below_2001,s2_760_2075,s5_47_57,Truck (<=6000 lbs.),s6_76_up,Not Deployed,s2_97_208,s1_below_1,Female,s2_37_80,s3_141_159,s2_164_318,s4_160_220,s2_2_4
6484,s2_885_1695,s2_n103_99,s4_n40_7,s1_below_4282,s4_4_5,s3_2003_2005,s2_760_2075,s5_47_57,Passenger Car,s2_11_28,Deployed,s2_97_208,s1_below_1,Male,s6_130_up,s3_141_159,s2_164_318,s3_80_160,s2_2_4
6485,s2_885_1695,s2_n103_99,s4_n40_7,s1_below_4282,s1_below_2,s1_below_2001,s2_760_2075,s5_47_57,Passenger Car,s2_11_28,Not Deployed,s2_97_208,s1_below_1,Female,s2_37_80,s3_141_159,s2_164_318,s4_160_220,s2_2_4
6486,s2_885_1695,s2_n103_99,s4_n40_7,s1_below_4282,s2_2_3,s3_2003_2005,s2_760_2075,s4_37_47,Passenger Car,s2_11_28,Not Deployed,s2_97_208,s1_below_1,Female,s2_37_80,s3_141_159,s2_164_318,s2_40_80,s2_2_4
6487,s3_1695_2555,s2_n103_99,s4_n40_7,s1_below_4282,s1_below_2,s4_2005_2007,s2_760_2075,s5_47_57,Truck (<=10000 lbs.),s4_48_64,Deployed,s2_97_208,s1_below_1,Male,s6_130_up,s4_159_169,s3_318_464,s3_80_160,s4_5_6
6488,s2_885_1695,s2_n103_99,s4_n40_7,s1_below_4282,s4_4_5,s3_2003_2005,s2_760_2075,s3_17_37,Passenger Car,s6_76_up,Not Deployed,s2_97_208,s1_below_1,Female,s2_37_80,s3_141_159,s2_164_318,s3_80_160,s2_2_4
6489,s2_885_1695,s2_n103_99,s5_7_up,s1_below_4282,s1_below_2,s1_below_2001,s3_2075_3730,s3_17_37,Passenger Car,s3_28_48,Not Deployed,s2_97_208,s1_below_1,Female,s2_37_80,s3_141_159,s2_164_318,s6_260_up,s2_2_4
6490,s2_885_1695,s2_n103_99,s4_n40_7,s1_below_4282,s4_4_5,s2_2001_2003,s2_760_2075,s3_17_37,Passenger Car,s2_11_28,Not Deployed,s2_97_208,s1_below_1,Female,s2_37_80,s3_141_159,s2_164_318,s3_80_160,s2_2_4
6491,s3_1695_2555,s2_n103_99,s4_n40_7,s1_below_4282,s1_below_2,s2_2001_2003,s2_760_2075,s3_17_37,Truck (<=6000 lbs.),s4_48_64,Deployed,s2_97_208,s1_below_1,Female,s3_80_96,s3_141_159,s2_164_318,s3_80_160,s2_2_4
6492,s2_885_1695,s2_n103_99,s4_n40_7,s1_below_4282,s1_below_2,s5_2007_2009,s2_760_2075,s3_17_37,Passenger Car,s3_28_48,Deployed,s2_97_208,s1_below_1,Female,s2_37_80,s3_141_159,s2_164_318,s4_160_220,s2_2_4
6493,s3_1695_2555,s2_n103_99,s4_n40_7,s1_below_4282,s4_4_5,s4_2005_2007,s2_760_2075,s3_17_37,Truck (<=10000 lbs.),s4_48_64,Not Deployed,s2_97_208,s1_below_1,Male,s4_96_114,s5_169_179,s3_318_464,s3_80_160,s4_5_6
6494,s2_885_1695,s2_n103_99,s3_n81_n40,s1_below_4282,s1_below_2,s2_2001_2003,s2_760_2075,s5_47_57,Passenger Car,s2_11_28,Deployed,s2_97_208,s1_below_1,Male,s3_80_96,s3_141_159,s2_164_318,s3_80_160,s2_2_4
6495,s2_885_1695,s2_n103_99,s3_n81_n40,s1_below_4282,s1_below_2,s2_2001_2003,s2_760_2075,s5_47_57,Passenger Car,s4_48_64,Deployed,s2_97_208,s3_2_3,Female,s6_130_up,s3_141_159,s2_164_318,s3_80_160,s2_2_4
6496,s2_885_1695,s2_n103_99,s4_n40_7,s1_below_4282,s1_below_2,s3_2003_2005,s2_760_2075,s3_17_37,Passenger Car,s3_28_48,Deployed,s2_97_208,s1_below_1,Male,s3_80_96,s3_141_159,s2_164_318,s3_80_160,s2_2_4
6497,s3_1695_2555,s2_n103_99,s4_n40_7,s1_below_4282,s1_below_2,s5_2007_2009,s2_760_2075,s3_17_37,Truck (<=6000 lbs.),s2_11_28,Not Deployed,s2_97_208,s1_below_1,Female,s2_37_80,s4_159_169,s2_164_318,s4_160_220,s2_2_4
6498,s2_885_1695,s2_n103_99,s4_n40_7,s1_below_4282,s1_below_2,s5_2007_2009,s2_760_2075,s4_37_47,Passenger Car,s4_48_64,Deployed,s2_97_208,s1_below_1,Female,s2_37_80,s3_141_159,s2_164_318,s3_80_160,s2_2_4
6499,s2_885_1695,s2_n103_99,s5_7_up,s1_below_4282,s1_below_2,s3_2003_2005,s2_760_2075,s4_37_47,Passenger Car,s4_48_64,Not Deployed,s2_97_208,s1_below_1,Male,s3_80_96,s3_141_159,s2_164_318,s6_260_up,s2_2_4
6500,s3_1695_2555,s2_n103_99,s4_n40_7,s1_below_4282,s1_below_2,s4_2005_2007,s2_760_2075,s3_17_37,Truck (<=6000 lbs.),s4_48_64,Not Deployed,s2_97_208,s1_below_1,Female,s2_37_80,s4_159_169,s2_164_318,s3_80_160,s3_4_5
6501,s2_885_1695,s2_n103_99,s3_n81_n40,s1_below_4282,s1_below_2,s2_2001_2003,s2_760_2075,s5_47_57,Passenger Car,s5_64_76,Deployed,s2_97_208,s6_5_up,Male,s4_96_114,s3_141_159,s2_164_318,s3_80_160,s2_2_4
6502,s2_885_1695,s2_n103_99,s4_n40_7,s1_below_4282,s1_below_2,s4_2005_2007,s2_760_2075,s3_17_37,Passenger Car,s5_64_76,Deployed,s2_97_208,s1_below_1,Female,s2_37_80,s3_141_159,s2_164_318,s3_80_160,s2_2_4
6503,s3_1695_2555,s2_n103_99,s4_n40_7,s1_below_4282,s2_2_3,s2_2001_2003,s2_760_2075,s3_17_37,Passenger Car,s5_64_76,Deployed,s2_97_208,s1_below_1,Male,s3_80_96,s3_141_159,s2_164_318,s4_160_220,s2_2_4
6504,s2_885_1695,s2_n103_99,s4_n40_7,s1_below_4282,s3_3_4,s3_2003_2005,s2_760_2075,s3_17_37,Passenger Car,s3_28_48,Not Deployed,s2_97_208,s1_below_1,Female,s3_80_96,s3_141_159,s2_164_318,s3_80_160,s2_2_4
6505,s2_885_1695,s2_n103_99,s4_n40_7,s1_below_4282,s1_below_2,s3_2003_2005,s2_760_2075,s3_17_37,Passenger Car,s3_28_48,Deployed,s2_97_208,s1_below_1,Male,s3_80_96,s3_141_159,s2_164_318,s3_80_160,s2_2_4
6506,s2_885_1695,s2_n103_99,s4_n40_7,s1_below_4282,s3_3_4,s1_below_2001,s2_760_2075,s4_37_47,Passenger Car,s2_11_28,Not Deployed,s2_97_208,s1_below_1,Female,s3_80_96,s3_141_159,s2_164_318,s3_80_160,s2_2_4
6507,s3_1695_2555,s2_n103_99,s4_n40_7,s1_below_4282,s2_2_3,s1_below_2001,s2_760_2075,s5_47_57,Truck (<=6000 lbs.),s4_48_64,Not Deployed,s2_97_208,s1_below_1,Female,s2_37_80,s3_141_159,s2_164_318,s3_80_160,s2_2_4
6508,s2_885_1695,s2_n103_99,s4_n40_7,s1_below_4282,s1_below_2,s1_below_2001,s2_760_2075,s4_37_47,Passenger Car,s2_11_28,Deployed,s2_97_208,s3_2_3,Male,s2_37_80,s3_141_159,s2_164_318,s2_40_80,s2_2_4
6509,s2_885_1695,s2_n103_99,s5_7_up,s1_below_4282,s1_below_2,s1_below_2001,s3_2075_3730,s4_37_47,Truck (<=6000 lbs.),s2_11_28,Not Deployed,s2_97_208,s1_below_1,Male,s3_80_96,s3_141_159,s2_164_318,s6_260_up,s2_2_4
6510,s2_885_1695,s2_n103_99,s4_n40_7,s1_below_4282,s1_below_2,s4_2005_2007,s2_760_2075,s4_37_47,Passenger Car,s6_76_up,Not Deployed,s2_97_208,s1_below_1,Male,s3_80_96,s3_141_159,s2_164_318,s4_160_220,s2_2_4
6511,s2_885_1695,s2_n103_99,s4_n40_7,s1_below_4282,s1_below_2,s1_below_2001,s2_760_2075,s4_37_47,Passenger Car,s3_28_48,Not Deployed,s2_97_208,s1_below_1,Male,s2_37_80,s3_141_159,s2_164_318,s3_80_160,s2_2_4
6512,s3_1695_2555,s2_n103_99,s4_n40_7,s1_below_4282,s1_below_2,s4_2005_2007,s2_760_2075,s3_17_37,Truck (<=6000 lbs.),s2_11_28,Not Deployed,s2_97_208,s1_below_1,Female,s2_37_80,s3_141_159,s2_164_318,s4_160_220,s2_2_4
6513,s3_1695_2555,s2_n103_99,s4_n40_7,s1_below_4282,s1_below_2,s2_2001_2003,s2_760_2075,s3_17_37,Truck (<=6000 lbs.),s3_28_48,Not Deployed,s2_97_208,s1_below_1,Female,s2_37_80,s3_141_159,s3_318_464,s3_80_160,s2_2_4
6514,s3_1695_2555,s2_n103_99,s4_n40_7,s1_below_4282,s4_4_5,s2_2001_2003,s2_760_2075,s3_17_37,Truck (<=10000 lbs.),s3_28_48,Not Deployed,s2_97_208,s1_below_1,Female,s3_80_96,s3_141_159,s2_164_318,s3_80_160,s2_2_4
6515,s3_1695_2555,s2_n103_99,s4_n40_7,s1_below_4282,s4_4_5,s1_below_2001,s3_2075_3730,s5_47_57,Passenger Car,s4_48_64,Deployed,s2_97_208,s1_below_1,Male,s3_80_96,s3_141_159,s2_164_318,s3_80_160,s2_2_4
6516,s2_885_1695,s2_n103_99,s4_n40_7,s1_below_4282,s3_3_4,s1_below_2001,s2_760_2075,s4_37_47,Passenger Car,s2_11_28,Deployed,s2_97_208,s1_below_1,Female,s2_37_80,s3_141_159,s2_164_318,s4_160_220,s2_2_4
6517,s2_885_1695,s2_n103_99,s3_n81_n40,s1_below_4282,s1_below_2,s1_below_2001,s2_760_2075,s5_47_57,Passenger Car,s2_11_28,Deployed,s2_97_208,s1_below_1,Male,s3_80_96,s3_141_159,s2_164_318,s3_80_160,s2_2_4
6518,s2_885_1695,s2_n103_99,s5_7_up,s1_below_4282,s1_below_2,s1_below_2001,s2_760_2075,s6_57_up,Passenger Car,s4_48_64,Not Deployed,s2_97_208,s1_below_1,Female,s2_37_80,s3_141_159,s2_164_318,s6_260_up,s2_2_4
6519,s2_885_1695,s2_n103_99,s3_n81_n40,s2_4282_6970,s1_below_2,s3_2003_2005,s3_2075_3730,s5_47_57,Passenger Car,s2_11_28,Deployed,s2_97_208,s6_5_up,Male,s2_37_80,s3_141_159,s2_164_318,s3_80_160,s2_2_4
6520,s3_1695_2555,s2_n103_99,s3_n81_n40,s1_below_4282,s1_below_2,s4_2005_2007,s2_760_2075,s5_47_57,Truck (<=6000 lbs.),s3_28_48,Deployed,s2_97_208,s6_5_up,Male,s4_96_114,s4_159_169,s2_164_318,s3_80_160,s3_4_5
6521,s2_885_1695,s2_n103_99,s4_n40_7,s1_below_4282,s2_2_3,s2_2001_2003,s2_760_2075,s6_57_up,Passenger Car,s3_28_48,Deployed,s2_97_208,s1_below_1,Female,s2_37_80,s3_141_159,s2_164_318,s3_80_160,s2_2_4
6522,s2_885_1695,s2_n103_99,s4_n40_7,s1_below_4282,s2_2_3,s1_below_2001,s3_2075_3730,s4_37_47,Truck (<=6000 lbs.),s2_11_28,Deployed,s2_97_208,s1_below_1,Female,s2_37_80,s3_141_159,s2_164_318,s4_160_220,s2_2_4
6523,s2_885_1695,s2_n103_99,s4_n40_7,s1_below_4282,s1_below_2,s3_2003_2005,s2_760_2075,s5_47_57,Passenger Car,s3_28_48,Deployed,s2_97_208,s2_1_2,Male,s2_37_80,s3_141_159,s2_164_318,s4_160_220,s2_2_4
6524,s2_885_1695,s2_n103_99,s4_n40_7,s1_below_4282,s1_below_2,s4_2005_2007,s2_760_2075,s5_47_57,Passenger Car,s3_28_48,Deployed,s2_97_208,s1_below_1,Female,s2_37_80,s3_141_159,s2_164_318,s3_80_160,s2_2_4
6525,s2_885_1695,s2_n103_99,s4_n40_7,s1_below_4282,s4_4_5,s4_2005_2007,s2_760_2075,s3_17_37,Passenger Car,s4_48_64,Not Deployed,s2_97_208,s1_below_1,Male,s3_80_96,s3_141_159,s2_164_318,s3_80_160,s2_2_4
6526,s2_885_1695,s2_n103_99,s4_n40_7,s1_below_4282,s2_2_3,s3_2003_2005,s2_760_2075,s3_17_37,Passenger Car,s2_11_28,Not Deployed,s2_97_208,s1_below_1,Male,s3_80_96,s3_141_159,s2_164_318,s3_80_160,s2_2_4
6527,s2_885_1695,s2_n103_99,s4_n40_7,s1_below_4282,s4_4_5,s4_2005_2007,s2_760_2075,s3_17_37,Passenger Car,s3_28_48,Not Deployed,s2_97_208,s1_below_1,Female,s2_37_80,s3_141_159,s2_164_318,s2_40_80,s2_2_4
6528,s2_885_1695,s2_n103_99,s5_7_up,s1_below_4282,s1_below_2,s3_2003_2005,s3_2075_3730,s3_17_37,Passenger Car,s4_48_64,Not Deployed,s2_97_208,s1_below_1,Male,s2_37_80,s3_141_159,s2_164_318,s6_260_up,s2_2_4
6529,s2_885_1695,s2_n103_99,s4_n40_7,s1_below_4282,s1_below_2,s5_2007_2009,s3_2075_3730,s3_17_37,Passenger Car,s4_48_64,Not Deployed,s2_97_208,s1_below_1,Male,s2_37_80,s3_141_159,s2_164_318,s2_40_80,s2_2_4
6530,s3_1695_2555,s2_n103_99,s4_n40_7,s1_below_4282,s2_2_3,s2_2001_2003,s2_760_2075,s3_17_37,Truck (<=10000 lbs.),s3_28_48,Deployed,s2_97_208,s1_below_1,Male,s5_114_130,s2_116_141,s3_318_464,s3_80_160,s3_4_5
6531,s2_885_1695,s2_n103_99,s4_n40_7,s1_below_4282,s4_4_5,s2_2001_2003,s2_760_2075,s4_37_47,Passenger Car,s6_76_up,Deployed,s2_97_208,s1_below_1,Female,s2_37_80,s3_141_159,s2_164_318,s3_80_160,s2_2_4
6532,s2_885_1695,s2_n103_99,s4_n40_7,s1_below_4282,s4_4_5,s4_2005_2007,s2_760_2075,s4_37_47,Passenger Car,s3_28_48,Deployed,s2_97_208,s1_below_1,Female,s3_80_96,s3_141_159,s2_164_318,s3_80_160,s2_2_4
6533,s3_1695_2555,s2_n103_99,s4_n40_7,s1_below_4282,s2_2_3,s5_2007_2009,s2_760_2075,s3_17_37,Truck (<=6000 lbs.),s3_28_48,Not Deployed,s2_97_208,s1_below_1,Male,s2_37_80,s4_159_169,s2_164_318,s6_260_up,s3_4_5
6534,s3_1695_2555,s2_n103_99,s5_7_up,s1_below_4282,s4_4_5,s2_2001_2003,s2_760_2075,s3_17_37,Truck (<=6000 lbs.),s3_28_48,Not Deployed,s2_97_208,s1_below_1,Male,s2_37_80,s4_159_169,s2_164_318,s6_260_up,s2_2_4
6535,s2_885_1695,s2_n103_99,s4_n40_7,s1_below_4282,s4_4_5,s3_2003_2005,s2_760_2075,s3_17_37,Passenger Car,s2_11_28,Not Deployed,s2_97_208,s1_below_1,Female,s4_96_114,s3_141_159,s2_164_318,s3_80_160,s2_2_4
6536,s3_1695_2555,s2_n103_99,s4_n40_7,s1_below_4282,s2_2_3,s3_2003_2005,s2_760_2075,s4_37_47,Passenger Car,s4_48_64,Not Deployed,s2_97_208,s1_below_1,Male,s6_130_up,s4_159_169,s2_164_318,s4_160_220,s2_2_4
6537,s2_885_1695,s2_n103_99,s4_n40_7,s1_below_4282,s4_4_5,s3_2003_2005,s2_760_2075,s4_37_47,Passenger Car,s3_28_48,Deployed,s2_97_208,s1_below_1,Male,s5_114_130,s3_141_159,s2_164_318,s3_80_160,s2_2_4
6538,s2_885_1695,s2_n103_99,s4_n40_7,s1_below_4282,s1_below_2,s2_2001_2003,s2_760_2075,s3_17_37,Passenger Car,s2_11_28,Not Deployed,s2_97_208,s1_below_1,Male,s2_37_80,s3_141_159,s2_164_318,s3_80_160,s2_2_4
6539,s2_885_1695,s2_n103_99,s4_n40_7,s1_below_4282,s1_below_2,s3_2003_2005,s2_760_2075,s3_17_37,Passenger Car,s6_76_up,Not Deployed,s2_97_208,s1_below_1,Male,s2_37_80,s3_141_159,s2_164_318,s2_40_80,s2_2_4
6540,s4_2555_3715,s2_n103_99,s4_n40_7,s1_below_4282,s3_3_4,s1_below_2001,s2_760_2075,s3_17_37,Truck (<=10000 lbs.),s4_48_64,Not Deployed,s2_97_208,s1_below_1,Male,s3_80_96,s3_141_159,s2_164_318,s4_160_220,s2_2_4
6541,s3_1695_2555,s2_n103_99,s4_n40_7,s1_below_4282,s1_below_2,s1_below_2001,s3_2075_3730,s3_17_37,Passenger Car,s5_64_76,Not Deployed,s2_97_208,s1_below_1,Male,s2_37_80,s3_141_159,s2_164_318,s4_160_220,s2_2_4
6542,s3_1695_2555,s2_n103_99,s4_n40_7,s1_below_4282,s2_2_3,s4_2005_2007,s2_760_2075,s3_17_37,Truck (<=6000 lbs.),s3_28_48,Not Deployed,s2_97_208,s1_below_1,Female,s2_37_80,s3_141_159,s2_164_318,s4_160_220,s2_2_4
6543,s2_885_1695,s2_n103_99,s4_n40_7,s1_below_4282,s1_below_2,s1_below_2001,s2_760_2075,s3_17_37,Passenger Car,s6_76_up,Not Deployed,s2_97_208,s1_below_1,Female,s2_37_80,s3_141_159,s2_164_318,s4_160_220,s2_2_4
6544,s2_885_1695,s2_n103_99,s4_n40_7,s1_below_4282,s3_3_4,s4_2005_2007,s2_760_2075,s3_17_37,Passenger Car,s3_28_48,Deployed,s2_97_208,s2_1_2,Male,s2_37_80,s3_141_159,s2_164_318,s3_80_160,s2_2_4
6545,s2_885_1695,s2_n103_99,s4_n40_7,s1_below_4282,s3_3_4,s4_2005_2007,s2_760_2075,s4_37_47,Passenger Car,s4_48_64,Deployed,s2_97_208,s1_below_1,Female,s3_80_96,s3_141_159,s2_164_318,s3_80_160,s2_2_4
6546,s2_885_1695,s2_n103_99,s4_n40_7,s1_below_4282,s4_4_5,s4_2005_2007,s2_760_2075,s3_17_37,Passenger Car,s4_48_64,Deployed,s2_97_208,s1_below_1,Male,s6_130_up,s3_141_159,s2_164_318,s3_80_160,s2_2_4
6547,s3_1695_2555,s2_n103_99,s5_7_up,s1_below_4282,s4_4_5,s1_below_2001,s2_760_2075,s3_17_37,Truck (<=6000 lbs.),s2_11_28,Not Deployed,s2_97_208,s1_below_1,Female,s2_37_80,s3_141_159,s2_164_318,s6_260_up,s2_2_4
6548,s2_885_1695,s2_n103_99,s4_n40_7,s1_below_4282,s4_4_5,s3_2003_2005,s2_760_2075,s3_17_37,Passenger Car,s2_11_28,Not Deployed,s2_97_208,s1_below_1,Female,s3_80_96,s3_141_159,s2_164_318,s4_160_220,s2_2_4
6549,s2_885_1695,s2_n103_99,s4_n40_7,s1_below_4282,s3_3_4,s1_below_2001,s2_760_2075,s3_17_37,Passenger Car,s2_11_28,Not Deployed,s2_97_208,s1_below_1,Female,s2_37_80,s3_141_159,s2_164_318,s3_80_160,s2_2_4
6550,s3_1695_2555,s2_n103_99,s4_n40_7,s1_below_4282,s1_below_2,s4_2005_2007,s2_760_2075,s3_17_37,Truck (<=6000 lbs.),s2_11_28,Deployed,s2_97_208,s3_2_3,Male,s2_37_80,s3_141_159,s2_164_318,s4_160_220,s2_2_4
6551,s2_885_1695,s2_n103_99,s3_n81_n40,s1_below_4282,s2_2_3,s4_2005_2007,s3_2075_3730,s3_17_37,Truck (<=6000 lbs.),s4_48_64,Deployed,s2_97_208,s1_below_1,Male,s5_114_130,s3_141_159,s2_164_318,s3_80_160,s2_2_4
6552,s2_885_1695,s2_n103_99,s4_n40_7,s1_below_4282,s3_3_4,s3_2003_2005,s2_760_2075,s4_37_47,Passenger Car,s6_76_up,Not Deployed,s2_97_208,s1_below_1,Male,s3_80_96,s3_141_159,s2_164_318,s4_160_220,s2_2_4
6553,s2_885_1695,s2_n103_99,s3_n81_n40,s1_below_4282,s2_2_3,s2_2001_2003,s2_760_2075,s4_37_47,Passenger Car,s2_11_28,Deployed,s2_97_208,s2_1_2,Female,s2_37_80,s3_141_159,s2_164_318,s3_80_160,s2_2_4
6554,s2_885_1695,s2_n103_99,s4_n40_7,s1_below_4282,s2_2_3,s1_below_2001,s2_760_2075,s3_17_37,Passenger Car,s2_11_28,Not Deployed,s2_97_208,s1_below_1,Female,s2_37_80,s3_141_159,s2_164_318,s2_40_80,s2_2_4
6555,s2_885_1695,s2_n103_99,s4_n40_7,s1_below_4282,s1_below_2,s4_2005_2007,s2_760_2075,s3_17_37,Passenger Car,s4_48_64,Deployed,s2_97_208,s1_below_1,Female,s2_37_80,s3_141_159,s2_164_318,s3_80_160,s2_2_4
6556,s3_1695_2555,s2_n103_99,s4_n40_7,s1_below_4282,s3_3_4,s4_2005_2007,s2_760_2075,s4_37_47,Truck (<=6000 lbs.),s3_28_48,Deployed,s2_97_208,s1_below_1,Male,s4_96_114,s5_169_179,s2_164_318,s3_80_160,s3_4_5
6557,s3_1695_2555,s2_n103_99,s4_n40_7,s1_below_4282,s2_2_3,s2_2001_2003,s2_760_2075,s3_17_37,Passenger Car,s4_48_64,Deployed,s2_97_208,s1_below_1,Male,s3_80_96,s3_141_159,s2_164_318,s3_80_160,s2_2_4
6558,s2_885_1695,s2_n103_99,s3_n81_n40,s1_below_4282,s2_2_3,s2_2001_2003,s2_760_2075,s3_17_37,Passenger Car,s3_28_48,Deployed,s2_97_208,s2_1_2,Male,s2_37_80,s3_141_159,s2_164_318,s3_80_160,s2_2_4
6559,s3_1695_2555,s2_n103_99,s5_7_up,s1_below_4282,s3_3_4,s2_2001_2003,s2_760_2075,s3_17_37,Passenger Car,s2_11_28,Not Deployed,s2_97_208,s1_below_1,Male,s3_80_96,s4_159_169,s2_164_318,s6_260_up,s2_2_4
6560,s2_885_1695,s2_n103_99,s5_7_up,s1_below_4282,s3_3_4,s2_2001_2003,s2_760_2075,s3_17_37,Passenger Car,s5_64_76,Not Deployed,s2_97_208,s1_below_1,Male,s3_80_96,s3_141_159,s2_164_318,s4_160_220,s2_2_4
6561,s2_885_1695,s2_n103_99,s4_n40_7,s1_below_4282,s1_below_2,s2_2001_2003,s2_760_2075,s4_37_47,Passenger Car,s3_28_48,Deployed,s2_97_208,s1_below_1,Female,s2_37_80,s3_141_159,s2_164_318,s3_80_160,s2_2_4
6562,s2_885_1695,s2_n103_99,s5_7_up,s1_below_4282,s3_3_4,s3_2003_2005,s2_760_2075,s3_17_37,Truck (<=6000 lbs.),s3_28_48,Not Deployed,s2_97_208,s1_below_1,Female,s2_37_80,s3_141_159,s2_164_318,s6_260_up,s2_2_4
6563,s3_1695_2555,s2_n103_99,s4_n40_7,s1_below_4282,s1_below_2,s4_2005_2007,s2_760_2075,s4_37_47,Truck (<=10000 lbs.),s3_28_48,Not Deployed,s2_97_208,s1_below_1,Male,s5_114_130,s3_141_159,s2_164_318,s4_160_220,s2_2_4
6564,s2_885_1695,s2_n103_99,s4_n40_7,s1_below_4282,s1_below_2,s4_2005_2007,s2_760_2075,s3_17_37,Passenger Car,s2_11_28,Not Deployed,s2_97_208,s1_below_1,Female,s2_37_80,s3_141_159,s2_164_318,s3_80_160,s2_2_4
6565,s2_885_1695,s2_n103_99,s4_n40_7,s1_below_4282,s1_below_2,s3_2003_2005,s2_760_2075,s3_17_37,Passenger Car,s5_64_76,Not Deployed,s2_97_208,s2_1_2,Female,s2_37_80,s3_141_159,s2_164_318,s3_80_160,s2_2_4
6566,s2_885_1695,s2_n103_99,s4_n40_7,s1_below_4282,s3_3_4,s3_2003_2005,s2_760_2075,s4_37_47,Passenger Car,s4_48_64,Deployed,s2_97_208,s1_below_1,Female,s2_37_80,s3_141_159,s2_164_318,s4_160_220,s2_2_4
6567,s2_885_1695,s2_n103_99,s4_n40_7,s1_below_4282,s3_3_4,s3_2003_2005,s2_760_2075,s3_17_37,Truck (<=6000 lbs.),s4_48_64,Not Deployed,s2_97_208,s1_below_1,Male,s3_80_96,s3_141_159,s2_164_318,s2_40_80,s2_2_4
6568,s2_885_1695,s2_n103_99,s4_n40_7,s1_below_4282,s2_2_3,s4_2005_2007,s2_760_2075,s3_17_37,Truck (<=6000 lbs.),s5_64_76,Not Deployed,s2_97_208,s1_below_1,Male,s2_37_80,s3_141_159,s2_164_318,s4_160_220,s2_2_4
6569,s2_885_1695,s2_n103_99,s3_n81_n40,s1_below_4282,s1_below_2,s4_2005_2007,s2_760_2075,s3_17_37,Passenger Car,s2_11_28,Deployed,s2_97_208,s1_below_1,Male,s4_96_114,s3_141_159,s2_164_318,s3_80_160,s2_2_4
6570,s2_885_1695,s2_n103_99,s4_n40_7,s1_below_4282,s2_2_3,s4_2005_2007,s2_760_2075,s3_17_37,Passenger Car,s3_28_48,Not Deployed,s2_97_208,s1_below_1,Female,s2_37_80,s3_141_159,s2_164_318,s2_40_80,s2_2_4
6571,s3_1695_2555,s2_n103_99,s4_n40_7,s1_below_4282,s2_2_3,s1_below_2001,s2_760_2075,s3_17_37,Truck (<=6000 lbs.),s6_76_up,Deployed,s2_97_208,s1_below_1,Male,s2_37_80,s4_159_169,s2_164_318,s3_80_160,s2_2_4
6572,s2_885_1695,s2_n103_99,s4_n40_7,s1_below_4282,s3_3_4,s5_2007_2009,s2_760_2075,s3_17_37,Passenger Car,s4_48_64,Not Deployed,s2_97_208,s1_below_1,Female,s3_80_96,s3_141_159,s2_164_318,s2_40_80,s2_2_4
6573,s3_1695_2555,s2_n103_99,s4_n40_7,s1_below_4282,s3_3_4,s1_below_2001,s2_760_2075,s4_37_47,Truck (<=10000 lbs.),s3_28_48,Not Deployed,s2_97_208,s1_below_1,Male,s4_96_114,s5_169_179,s3_318_464,s4_160_220,s4_5_6
6574,s2_885_1695,s2_n103_99,s4_n40_7,s1_below_4282,s3_3_4,s2_2001_2003,s3_2075_3730,s4_37_47,Passenger Car,s3_28_48,Not Deployed,s2_97_208,s1_below_1,Male,s3_80_96,s3_141_159,s2_164_318,s3_80_160,s2_2_4
6575,s2_885_1695,s2_n103_99,s4_n40_7,s1_below_4282,s4_4_5,s2_2001_2003,s2_760_2075,s4_37_47,Passenger Car,s3_28_48,Not Deployed,s2_97_208,s1_below_1,Male,s2_37_80,s3_141_159,s2_164_318,s3_80_160,s2_2_4
6576,s2_885_1695,s2_n103_99,s4_n40_7,s1_below_4282,s4_4_5,s5_2007_2009,s2_760_2075,s4_37_47,Passenger Car,s2_11_28,Not Deployed,s2_97_208,s1_below_1,Female,s2_37_80,s3_141_159,s2_164_318,s6_260_up,s2_2_4
6577,s2_885_1695,s2_n103_99,s4_n40_7,s1_below_4282,s3_3_4,s2_2001_2003,s2_760_2075,s3_17_37,Passenger Car,s2_11_28,Not Deployed,s2_97_208,s1_below_1,Male,s3_80_96,s3_141_159,s2_164_318,s3_80_160,s2_2_4
6578,s2_885_1695,s2_n103_99,s4_n40_7,s1_below_4282,s1_below_2,s1_below_2001,s4_3730_up,s3_17_37,Passenger Car,s3_28_48,Not Deployed,s2_97_208,s3_2_3,Female,s2_37_80,s3_141_159,s2_164_318,s2_40_80,s2_2_4
6579,s3_1695_2555,s2_n103_99,s4_n40_7,s1_below_4282,s1_below_2,s1_below_2001,s2_760_2075,s3_17_37,Truck (<=10000 lbs.),s3_28_48,Not Deployed,s2_97_208,s1_below_1,Male,s3_80_96,s5_169_179,s3_318_464,s4_160_220,s4_5_6
6580,s2_885_1695,s2_n103_99,s4_n40_7,s1_below_4282,s2_2_3,s4_2005_2007,s3_2075_3730,s3_17_37,Truck (<=6000 lbs.),s2_11_28,Deployed,s2_97_208,s1_below_1,Female,s2_37_80,s3_141_159,s2_164_318,s3_80_160,s2_2_4
6581,s3_1695_2555,s2_n103_99,s4_n40_7,s1_below_4282,s3_3_4,s1_below_2001,s2_760_2075,s4_37_47,Truck (<=10000 lbs.),s4_48_64,Not Deployed,s2_97_208,s1_below_1,Male,s2_37_80,s5_169_179,s3_318_464,s4_160_220,s4_5_6
6582,s3_1695_2555,s2_n103_99,s4_n40_7,s1_below_4282,s1_below_2,s1_below_2001,s2_760_2075,s3_17_37,Passenger Car,s2_11_28,Deployed,s2_97_208,s1_below_1,Male,s4_96_114,s3_141_159,s2_164_318,s3_80_160,s2_2_4
6583,s2_885_1695,s2_n103_99,s4_n40_7,s1_below_4282,s1_below_2,s1_below_2001,s2_760_2075,s3_17_37,Passenger Car,s3_28_48,Deployed,s2_97_208,s6_5_up,Female,s2_37_80,s3_141_159,s2_164_318,s3_80_160,s2_2_4
6584,s2_885_1695,s2_n103_99,s3_n81_n40,s1_below_4282,s3_3_4,s5_2007_2009,s3_2075_3730,s3_17_37,Truck (<=6000 lbs.),s3_28_48,Deployed,s2_97_208,s2_1_2,Male,s3_80_96,s3_141_159,s3_318_464,s3_80_160,s2_2_4
6585,s2_885_1695,s2_n103_99,s4_n40_7,s1_below_4282,s1_below_2,s1_below_2001,s2_760_2075,s3_17_37,Passenger Car,s3_28_48,Not Deployed,s2_97_208,s1_below_1,Female,s4_96_114,s3_141_159,s2_164_318,s4_160_220,s2_2_4
6586,s3_1695_2555,s2_n103_99,s4_n40_7,s1_below_4282,s1_below_2,s1_below_2001,s2_760_2075,s3_17_37,Passenger Car,s2_11_28,Deployed,s2_97_208,s1_below_1,Female,s3_80_96,s4_159_169,s2_164_318,s3_80_160,s2_2_4
6587,s2_885_1695,s2_n103_99,s4_n40_7,s1_below_4282,s1_below_2,s2_2001_2003,s2_760_2075,s3_17_37,Passenger Car,s3_28_48,Not Deployed,s2_97_208,s1_below_1,Male,s2_37_80,s3_141_159,s2_164_318,s3_80_160,s2_2_4
6588,s4_2555_3715,s2_n103_99,s4_n40_7,s1_below_4282,s3_3_4,s3_2003_2005,s2_760_2075,s4_37_47,Truck (<=10000 lbs.),s4_48_64,Not Deployed,s2_97_208,s1_below_1,Male,s2_37_80,s5_169_179,s2_164_318,s3_80_160,s4_5_6
6589,s2_885_1695,s2_n103_99,s4_n40_7,s1_below_4282,s4_4_5,s5_2007_2009,s2_760_2075,s4_37_47,Passenger Car,s4_48_64,Deployed,s2_97_208,s1_below_1,Female,s2_37_80,s3_141_159,s2_164_318,s3_80_160,s2_2_4
6590,s2_885_1695,s2_n103_99,s4_n40_7,s1_below_4282,s4_4_5,s4_2005_2007,s2_760_2075,s3_17_37,Passenger Car,s2_11_28,Not Deployed,s2_97_208,s1_below_1,Male,s4_96_114,s3_141_159,s2_164_318,s3_80_160,s2_2_4
6591,s3_1695_2555,s2_n103_99,s4_n40_7,s1_below_4282,s3_3_4,s3_2003_2005,s2_760_2075,s4_37_47,Truck (<=10000 lbs.),s2_11_28,Deployed,s2_97_208,s1_below_1,Female,s3_80_96,s4_159_169,s3_318_464,s4_160_220,s4_5_6
6592,s2_885_1695,s2_n103_99,s4_n40_7,s1_below_4282,s1_below_2,s3_2003_2005,s2_760_2075,s3_17_37,Passenger Car,s2_11_28,Deployed,s2_97_208,s1_below_1,Female,s2_37_80,s3_141_159,s2_164_318,s3_80_160,s2_2_4
6593,s2_885_1695,s2_n103_99,s4_n40_7,s1_below_4282,s2_2_3,s2_2001_2003,s2_760_2075,s3_17_37,Truck (<=6000 lbs.),s4_48_64,Not Deployed,s2_97_208,s1_below_1,Female,s2_37_80,s3_141_159,s2_164_318,s3_80_160,s2_2_4
6594,s2_885_1695,s2_n103_99,s5_7_up,s1_below_4282,s3_3_4,s2_2001_2003,s3_2075_3730,s4_37_47,Truck (<=6000 lbs.),s4_48_64,Not Deployed,s2_97_208,s1_below_1,Male,s2_37_80,s3_141_159,s3_318_464,s6_260_up,s2_2_4
6595,s4_2555_3715,s2_n103_99,s4_n40_7,s1_below_4282,s3_3_4,s3_2003_2005,s2_760_2075,s4_37_47,Truck (<=10000 lbs.),s3_28_48,Deployed,s2_97_208,s1_below_1,Male,s4_96_114,s5_169_179,s3_318_464,s3_80_160,s5_6_7
6596,s2_885_1695,s2_n103_99,s4_n40_7,s1_below_4282,s5_5_6,s1_below_2001,s2_760_2075,s4_37_47,Passenger Car,s5_64_76,Not Deployed,s2_97_208,s1_below_1,Male,s3_80_96,s3_141_159,s2_164_318,s5_220_260,s2_2_4
6597,s2_885_1695,s2_n103_99,s4_n40_7,s1_below_4282,s4_4_5,s4_2005_2007,s2_760_2075,s4_37_47,Truck (<=6000 lbs.),s3_28_48,Deployed,s2_97_208,s1_below_1,Female,s2_37_80,s3_141_159,s2_164_318,s3_80_160,s2_2_4
6598,s3_1695_2555,s2_n103_99,s4_n40_7,s1_below_4282,s1_below_2,s2_2001_2003,s2_760_2075,s3_17_37,Truck (<=10000 lbs.),s3_28_48,Not Deployed,s2_97_208,s1_below_1,Male,s2_37_80,s4_159_169,s2_164_318,s3_80_160,s3_4_5
6599,s3_1695_2555,s2_n103_99,s4_n40_7,s1_below_4282,s3_3_4,s2_2001_2003,s3_2075_3730,s3_17_37,Truck (<=6000 lbs.),s3_28_48,Not Deployed,s2_97_208,s1_below_1,Female,s2_37_80,s4_159_169,s2_164_318,s3_80_160,s2_2_4
6600,s4_2555_3715,s2_n103_99,s4_n40_7,s1_below_4282,s2_2_3,s4_2005_2007,s2_760_2075,s3_17_37,Truck (<=10000 lbs.),s3_28_48,Not Deployed,s2_97_208,s1_below_1,Female,s2_37_80,s4_159_169,s2_164_318,s3_80_160,s3_4_5
6601,s3_1695_2555,s2_n103_99,s4_n40_7,s1_below_4282,s2_2_3,s4_2005_2007,s2_760_2075,s3_17_37,Truck (<=6000 lbs.),s2_11_28,Deployed,s2_97_208,s1_below_1,Male,s4_96_114,s4_159_169,s2_164_318,s4_160_220,s3_4_5
6602,s2_885_1695,s2_n103_99,s4_n40_7,s1_below_4282,s4_4_5,s2_2001_2003,s2_760_2075,s4_37_47,Passenger Car,s6_76_up,Deployed,s2_97_208,s1_below_1,Male,s4_96_114,s3_141_159,s2_164_318,s4_160_220,s2_2_4
6603,s2_885_1695,s2_n103_99,s5_7_up,s1_below_4282,s4_4_5,s2_2001_2003,s2_760_2075,s3_17_37,Passenger Car,s2_11_28,Not Deployed,s2_97_208,s1_below_1,Female,s5_114_130,s3_141_159,s2_164_318,s1_below_40,s2_2_4
6604,s2_885_1695,s2_n103_99,s4_n40_7,s1_below_4282,s4_4_5,s4_2005_2007,s2_760_2075,s4_37_47,Passenger Car,s5_64_76,Deployed,s2_97_208,s1_below_1,Female,s2_37_80,s3_141_159,s2_164_318,s3_80_160,s2_2_4
6605,s2_885_1695,s2_n103_99,s3_n81_n40,s1_below_4282,s1_below_2,s2_2001_2003,s2_760_2075,s3_17_37,Truck (<=6000 lbs.),s3_28_48,Deployed,s2_97_208,s1_below_1,Male,s3_80_96,s3_141_159,s2_164_318,s3_80_160,s2_2_4
6606,s2_885_1695,s2_n103_99,s4_n40_7,s1_below_4282,s2_2_3,s4_2005_2007,s2_760_2075,s3_17_37,Passenger Car,s4_48_64,Not Deployed,s2_97_208,s1_below_1,Female,s2_37_80,s3_141_159,s2_164_318,s4_160_220,s2_2_4
6607,s3_1695_2555,s2_n103_99,s4_n40_7,s1_below_4282,s4_4_5,s3_2003_2005,s2_760_2075,s4_37_47,Passenger Car,s5_64_76,Deployed,s2_97_208,s1_below_1,Male,s2_37_80,s3_141_159,s2_164_318,s4_160_220,s2_2_4
6608,s2_885_1695,s2_n103_99,s4_n40_7,s1_below_4282,s4_4_5,s2_2001_2003,s2_760_2075,s4_37_47,Passenger Car,s5_64_76,Deployed,s2_97_208,s2_1_2,Male,s5_114_130,s3_141_159,s2_164_318,s3_80_160,s2_2_4
6609,s2_885_1695,s2_n103_99,s4_n40_7,s1_below_4282,s1_below_2,s2_2001_2003,s2_760_2075,s3_17_37,Passenger Car,s2_11_28,Not Deployed,s2_97_208,s1_below_1,Male,s2_37_80,s3_141_159,s2_164_318,s3_80_160,s2_2_4
6610,s2_885_1695,s2_n103_99,s4_n40_7,s1_below_4282,s2_2_3,s3_2003_2005,s2_760_2075,s3_17_37,Truck (<=6000 lbs.),s2_11_28,Deployed,s2_97_208,s1_below_1,Female,s2_37_80,s3_141_159,s2_164_318,s3_80_160,s2_2_4
6611,s2_885_1695,s2_n103_99,s5_7_up,s1_below_4282,s5_5_6,s3_2003_2005,s2_760_2075,s3_17_37,Passenger Car,s2_11_28,Not Deployed,s2_97_208,s1_below_1,Female,s2_37_80,s3_141_159,s2_164_318,s6_260_up,s2_2_4
6612,s3_1695_2555,s2_n103_99,s4_n40_7,s1_below_4282,s4_4_5,s4_2005_2007,s2_760_2075,s4_37_47,Passenger Car,s3_28_48,Not Deployed,s2_97_208,s1_below_1,Male,s2_37_80,s4_159_169,s2_164_318,s4_160_220,s3_4_5
6613,s2_885_1695,s2_n103_99,s4_n40_7,s1_below_4282,s4_4_5,s1_below_2001,s2_760_2075,s4_37_47,Passenger Car,s2_11_28,Not Deployed,s2_97_208,s1_below_1,Male,s2_37_80,s3_141_159,s2_164_318,s3_80_160,s2_2_4
6614,s3_1695_2555,s2_n103_99,s4_n40_7,s1_below_4282,s1_below_2,s3_2003_2005,s2_760_2075,s3_17_37,Truck (<=10000 lbs.),s4_48_64,Not Deployed,s2_97_208,s1_below_1,Male,s6_130_up,s3_141_159,s3_318_464,s3_80_160,s3_4_5
6615,s2_885_1695,s2_n103_99,s4_n40_7,s1_below_4282,s2_2_3,s1_below_2001,s2_760_2075,s3_17_37,Passenger Car,s3_28_48,Deployed,s2_97_208,s1_below_1,Male,s4_96_114,s3_141_159,s2_164_318,s3_80_160,s2_2_4
6616,s2_885_1695,s2_n103_99,s4_n40_7,s1_below_4282,s1_below_2,s3_2003_2005,s2_760_2075,s3_17_37,Passenger Car,s4_48_64,Not Deployed,s2_97_208,s1_below_1,Female,s2_37_80,s3_141_159,s2_164_318,s4_160_220,s2_2_4
6617,s3_1695_2555,s2_n103_99,s5_7_up,s1_below_4282,s1_below_2,s4_2005_2007,s2_760_2075,s3_17_37,Truck (<=6000 lbs.),s2_11_28,Not Deployed,s2_97_208,s1_below_1,Female,s3_80_96,s5_169_179,s2_164_318,s6_260_up,s2_2_4
6618,s3_1695_2555,s2_n103_99,s4_n40_7,s1_below_4282,s1_below_2,s4_2005_2007,s2_760_2075,s3_17_37,Truck (<=6000 lbs.),s3_28_48,Not Deployed,s2_97_208,s1_below_1,Female,s2_37_80,s4_159_169,s2_164_318,s4_160_220,s3_4_5
6619,s2_885_1695,s2_n103_99,s4_n40_7,s1_below_4282,s3_3_4,s3_2003_2005,s2_760_2075,s3_17_37,Passenger Car,s3_28_48,Deployed,s2_97_208,s1_below_1,Male,s2_37_80,s3_141_159,s2_164_318,s3_80_160,s2_2_4
6620,s2_885_1695,s2_n103_99,s4_n40_7,s1_below_4282,s3_3_4,s1_below_2001,s2_760_2075,s4_37_47,Passenger Car,s3_28_48,Not Deployed,s2_97_208,s1_below_1,Female,s3_80_96,s3_141_159,s2_164_318,s4_160_220,s2_2_4
6621,s3_1695_2555,s2_n103_99,s4_n40_7,s1_below_4282,s4_4_5,s2_2001_2003,s2_760_2075,s4_37_47,Truck (<=6000 lbs.),s2_11_28,Not Deployed,s2_97_208,s1_below_1,Male,s3_80_96,s3_141_159,s3_318_464,s2_40_80,s2_2_4
6622,s2_885_1695,s2_n103_99,s4_n40_7,s1_below_4282,s1_below_2,s1_below_2001,s2_760_2075,s3_17_37,Passenger Car,s3_28_48,Not Deployed,s2_97_208,s1_below_1,Female,s2_37_80,s3_141_159,s2_164_318,s2_40_80,s2_2_4
6623,s2_885_1695,s2_n103_99,s4_n40_7,s1_below_4282,s1_below_2,s4_2005_2007,s2_760_2075,s3_17_37,Passenger Car,s3_28_48,Deployed,s2_97_208,s1_below_1,Female,s2_37_80,s3_141_159,s2_164_318,s4_160_220,s2_2_4
6624,s2_885_1695,s2_n103_99,s4_n40_7,s1_below_4282,s2_2_3,s1_below_2001,s2_760_2075,s4_37_47,Passenger Car,s3_28_48,Not Deployed,s2_97_208,s1_below_1,Male,s2_37_80,s3_141_159,s2_164_318,s3_80_160,s2_2_4
6625,s2_885_1695,s2_n103_99,s5_7_up,s1_below_4282,s5_5_6,s2_2001_2003,s2_760_2075,s6_57_up,Passenger Car,s2_11_28,Not Deployed,s2_97_208,s4_3_4,Female,s4_96_114,s3_141_159,s2_164_318,s6_260_up,s2_2_4
6626,s2_885_1695,s2_n103_99,s4_n40_7,s1_below_4282,s5_5_6,s5_2007_2009,s2_760_2075,s6_57_up,Truck (<=6000 lbs.),s2_11_28,Deployed,s2_97_208,s1_below_1,Male,s2_37_80,s3_141_159,s2_164_318,s3_80_160,s2_2_4
6627,s2_885_1695,s2_n103_99,s4_n40_7,s1_below_4282,s1_below_2,s3_2003_2005,s2_760_2075,s3_17_37,Passenger Car,s2_11_28,Deployed,s2_97_208,s2_1_2,Male,s2_37_80,s3_141_159,s2_164_318,s3_80_160,s2_2_4
6628,s2_885_1695,s2_n103_99,s4_n40_7,s1_below_4282,s1_below_2,s5_2007_2009,s2_760_2075,s3_17_37,Passenger Car,s2_11_28,Deployed,s2_97_208,s1_below_1,Male,s2_37_80,s3_141_159,s2_164_318,s3_80_160,s2_2_4
6629,s2_885_1695,s2_n103_99,s4_n40_7,s1_below_4282,s4_4_5,s2_2001_2003,s3_2075_3730,s3_17_37,Passenger Car,s4_48_64,Not Deployed,s2_97_208,s1_below_1,Male,s5_114_130,s3_141_159,s2_164_318,s3_80_160,s2_2_4
6630,s4_2555_3715,s2_n103_99,s4_n40_7,s1_below_4282,s3_3_4,s4_2005_2007,s2_760_2075,s4_37_47,Truck (<=6000 lbs.),s2_11_28,Not Deployed,s2_97_208,s1_below_1,Male,s2_37_80,s4_159_169,s2_164_318,s3_80_160,s3_4_5
6631,s2_885_1695,s2_n103_99,s4_n40_7,s1_below_4282,s1_below_2,s4_2005_2007,s2_760_2075,s3_17_37,Passenger Car,s2_11_28,Deployed,s2_97_208,s1_below_1,Female,s3_80_96,s3_141_159,s2_164_318,s3_80_160,s2_2_4
6632,s3_1695_2555,s2_n103_99,s4_n40_7,s1_below_4282,s3_3_4,s2_2001_2003,s2_760_2075,s3_17_37,Truck (<=6000 lbs.),s3_28_48,Not Deployed,s2_97_208,s1_below_1,Male,s3_80_96,s3_141_159,s2_164_318,s3_80_160,s2_2_4
6633,s2_885_1695,s2_n103_99,s3_n81_n40,s1_below_4282,s3_3_4,s4_2005_2007,s2_760_2075,s4_37_47,Passenger Car,s6_76_up,Deployed,s2_97_208,s6_5_up,Male,s2_37_80,s3_141_159,s2_164_318,s4_160_220,s2_2_4
6634,s3_1695_2555,s2_n103_99,s3_n81_n40,s1_below_4282,s3_3_4,s3_2003_2005,s2_760_2075,s4_37_47,Truck (<=10000 lbs.),s2_11_28,Deployed,s2_97_208,s1_below_1,Male,s2_37_80,s5_169_179,s3_318_464,s3_80_160,s4_5_6
6635,s2_885_1695,s2_n103_99,s4_n40_7,s1_below_4282,s4_4_5,s1_below_2001,s2_760_2075,s3_17_37,Passenger Car,s2_11_28,Deployed,s2_97_208,s1_below_1,Male,s2_37_80,s3_141_159,s2_164_318,s3_80_160,s2_2_4
6636,s2_885_1695,s2_n103_99,s5_7_up,s1_below_4282,s2_2_3,s2_2001_2003,s2_760_2075,s3_17_37,Passenger Car,s2_11_28,Not Deployed,s2_97_208,s1_below_1,Female,s2_37_80,s3_141_159,s2_164_318,s6_260_up,s2_2_4
6637,s2_885_1695,s2_n103_99,s4_n40_7,s1_below_4282,s3_3_4,s2_2001_2003,s2_760_2075,s3_17_37,Passenger Car,s2_11_28,Deployed,s2_97_208,s1_below_1,Male,s2_37_80,s3_141_159,s2_164_318,s3_80_160,s2_2_4
6638,s2_885_1695,s2_n103_99,s5_7_up,s1_below_4282,s4_4_5,s2_2001_2003,s2_760_2075,s3_17_37,Passenger Car,s2_11_28,Not Deployed,s2_97_208,s1_below_1,Female,s2_37_80,s3_141_159,s2_164_318,s6_260_up,s2_2_4
6639,s3_1695_2555,s2_n103_99,s4_n40_7,s1_below_4282,s1_below_2,s2_2001_2003,s2_760_2075,s3_17_37,Truck (<=6000 lbs.),s4_48_64,Deployed,s2_97_208,s1_below_1,Female,s3_80_96,s3_141_159,s2_164_318,s3_80_160,s2_2_4
6640,s2_885_1695,s2_n103_99,s4_n40_7,s1_below_4282,s4_4_5,s2_2001_2003,s2_760_2075,s3_17_37,Passenger Car,s4_48_64,Not Deployed,s2_97_208,s1_below_1,Female,s2_37_80,s3_141_159,s2_164_318,s4_160_220,s2_2_4
6641,s2_885_1695,s2_n103_99,s4_n40_7,s1_below_4282,s4_4_5,s3_2003_2005,s2_760_2075,s3_17_37,Passenger Car,s2_11_28,Not Deployed,s2_97_208,s1_below_1,Male,s4_96_114,s3_141_159,s2_164_318,s3_80_160,s2_2_4
6642,s2_885_1695,s2_n103_99,s3_n81_n40,s1_below_4282,s5_5_6,s2_2001_2003,s3_2075_3730,s6_57_up,Passenger Car,s2_11_28,Deployed,s2_97_208,s5_4_5,Male,s2_37_80,s3_141_159,s2_164_318,s3_80_160,s2_2_4
6643,s2_885_1695,s2_n103_99,s3_n81_n40,s1_below_4282,s4_4_5,s2_2001_2003,s2_760_2075,s3_17_37,Passenger Car,s3_28_48,Deployed,s2_97_208,s1_below_1,Male,s3_80_96,s3_141_159,s2_164_318,s3_80_160,s2_2_4
6644,s3_1695_2555,s2_n103_99,s4_n40_7,s1_below_4282,s3_3_4,s4_2005_2007,s3_2075_3730,s3_17_37,Passenger Car,s3_28_48,Deployed,s2_97_208,s1_below_1,Male,s5_114_130,s4_159_169,s2_164_318,s3_80_160,s3_4_5
6645,s2_885_1695,s2_n103_99,s5_7_up,s1_below_4282,s1_below_2,s5_2007_2009,s2_760_2075,s3_17_37,Truck (<=6000 lbs.),s2_11_28,Not Deployed,s2_97_208,s1_below_1,Female,s2_37_80,s3_141_159,s2_164_318,s6_260_up,s2_2_4
6646,s2_885_1695,s2_n103_99,s4_n40_7,s1_below_4282,s2_2_3,s1_below_2001,s2_760_2075,s3_17_37,Passenger Car,s2_11_28,Not Deployed,s2_97_208,s1_below_1,Male,s2_37_80,s3_141_159,s2_164_318,s2_40_80,s2_2_4
6647,s3_1695_2555,s2_n103_99,s4_n40_7,s1_below_4282,s4_4_5,s1_below_2001,s2_760_2075,s3_17_37,Truck (<=6000 lbs.),s3_28_48,Deployed,s2_97_208,s1_below_1,Male,s3_80_96,s3_141_159,s2_164_318,s3_80_160,s3_4_5
6648,s2_885_1695,s2_n103_99,s4_n40_7,s1_below_4282,s1_below_2,s2_2001_2003,s2_760_2075,s3_17_37,Truck (<=6000 lbs.),s4_48_64,Not Deployed,s2_97_208,s5_4_5,Male,s2_37_80,s3_141_159,s2_164_318,s1_below_40,s2_2_4
6649,s3_1695_2555,s2_n103_99,s4_n40_7,s1_below_4282,s1_below_2,s2_2001_2003,s2_760_2075,s3_17_37,Truck (<=6000 lbs.),s6_76_up,Deployed,s2_97_208,s1_below_1,Male,s3_80_96,s3_141_159,s2_164_318,s3_80_160,s2_2_4
6650,s3_1695_2555,s2_n103_99,s4_n40_7,s1_below_4282,s2_2_3,s4_2005_2007,s2_760_2075,s3_17_37,Truck (<=6000 lbs.),s2_11_28,Not Deployed,s2_97_208,s1_below_1,Female,s2_37_80,s3_141_159,s2_164_318,s3_80_160,s2_2_4
6651,s2_885_1695,s2_n103_99,s4_n40_7,s1_below_4282,s2_2_3,s2_2001_2003,s2_760_2075,s3_17_37,Passenger Car,s2_11_28,Not Deployed,s2_97_208,s1_below_1,Female,s2_37_80,s3_141_159,s2_164_318,s3_80_160,s2_2_4
6652,s2_885_1695,s2_n103_99,s5_7_up,s1_below_4282,s2_2_3,s1_below_2001,s3_2075_3730,s3_17_37,Passenger Car,s2_11_28,Deployed,s2_97_208,s1_below_1,Female,s2_37_80,s3_141_159,s2_164_318,s6_260_up,s2_2_4
6653,s3_1695_2555,s2_n103_99,s4_n40_7,s1_below_4282,s1_below_2,s3_2003_2005,s2_760_2075,s5_47_57,Passenger Car,s4_48_64,Deployed,s2_97_208,s1_below_1,Female,s2_37_80,s4_159_169,s2_164_318,s3_80_160,s3_4_5
6654,s2_885_1695,s2_n103_99,s4_n40_7,s1_below_4282,s1_below_2,s1_below_2001,s2_760_2075,s3_17_37,Passenger Car,s3_28_48,Deployed,s2_97_208,s1_below_1,Male,s2_37_80,s3_141_159,s2_164_318,s2_40_80,s2_2_4
6655,s2_885_1695,s2_n103_99,s4_n40_7,s1_below_4282,s4_4_5,s2_2001_2003,s2_760_2075,s6_57_up,Passenger Car,s3_28_48,Deployed,s2_97_208,s4_3_4,Male,s3_80_96,s3_141_159,s2_164_318,s3_80_160,s2_2_4
6656,s2_885_1695,s2_n103_99,s4_n40_7,s1_below_4282,s2_2_3,s1_below_2001,s2_760_2075,s4_37_47,Passenger Car,s3_28_48,Deployed,s2_97_208,s1_below_1,Male,s3_80_96,s3_141_159,s2_164_318,s3_80_160,s2_2_4
6657,s3_1695_2555,s2_n103_99,s4_n40_7,s1_below_4282,s3_3_4,s1_below_2001,s2_760_2075,s4_37_47,Truck (<=6000 lbs.),s3_28_48,Deployed,s2_97_208,s1_below_1,Female,s2_37_80,s4_159_169,s2_164_318,s3_80_160,s2_2_4
6658,s2_885_1695,s2_n103_99,s4_n40_7,s1_below_4282,s2_2_3,s3_2003_2005,s3_2075_3730,s3_17_37,Passenger Car,s2_11_28,Not Deployed,s2_97_208,s1_below_1,Male,s3_80_96,s3_141_159,s2_164_318,s3_80_160,s2_2_4
6659,s2_885_1695,s2_n103_99,s4_n40_7,s1_below_4282,s4_4_5,s5_2007_2009,s2_760_2075,s3_17_37,Passenger Car,s6_76_up,Deployed,s2_97_208,s1_below_1,Male,s3_80_96,s3_141_159,s2_164_318,s4_160_220,s2_2_4
6660,s2_885_1695,s2_n103_99,s4_n40_7,s1_below_4282,s4_4_5,s4_2005_2007,s2_760_2075,s3_17_37,Passenger Car,s2_11_28,Deployed,s2_97_208,s1_below_1,Male,s2_37_80,s3_141_159,s2_164_318,s3_80_160,s2_2_4
6661,s2_885_1695,s2_n103_99,s4_n40_7,s1_below_4282,s2_2_3,s4_2005_2007,s2_760_2075,s3_17_37,Passenger Car,s3_28_48,Not Deployed,s2_97_208,s1_below_1,Female,s2_37_80,s3_141_159,s2_164_318,s3_80_160,s2_2_4
6662,s2_885_1695,s2_n103_99,s4_n40_7,s1_below_4282,s3_3_4,s1_below_2001,s2_760_2075,s4_37_47,Passenger Car,s2_11_28,Not Deployed,s2_97_208,s1_below_1,Male,s2_37_80,s3_141_159,s2_164_318,s3_80_160,s2_2_4
6663,s3_1695_2555,s2_n103_99,s4_n40_7,s1_below_4282,s2_2_3,s5_2007_2009,s2_760_2075,s3_17_37,Truck (<=10000 lbs.),s3_28_48,Not Deployed,s2_97_208,s1_below_1,Male,s4_96_114,s5_169_179,s3_318_464,s3_80_160,s4_5_6
6664,s3_1695_2555,s2_n103_99,s4_n40_7,s1_below_4282,s3_3_4,s3_2003_2005,s3_2075_3730,s3_17_37,Truck (<=6000 lbs.),s6_76_up,Not Deployed,s2_97_208,s1_below_1,Male,s3_80_96,s3_141_159,s2_164_318,s4_160_220,s2_2_4
6665,s3_1695_2555,s2_n103_99,s4_n40_7,s1_below_4282,s1_below_2,s3_2003_2005,s2_760_2075,s4_37_47,Passenger Car,s2_11_28,Not Deployed,s2_97_208,s1_below_1,Male,s3_80_96,s2_116_141,s2_164_318,s4_160_220,s2_2_4
6666,s2_885_1695,s2_n103_99,s4_n40_7,s1_below_4282,s3_3_4,s3_2003_2005,s2_760_2075,s3_17_37,Passenger Car,s4_48_64,Not Deployed,s2_97_208,s1_below_1,Male,s3_80_96,s3_141_159,s2_164_318,s4_160_220,s2_2_4
6667,s2_885_1695,s2_n103_99,s4_n40_7,s1_below_4282,s2_2_3,s4_2005_2007,s2_760_2075,s6_57_up,Passenger Car,s2_11_28,Deployed,s2_97_208,s5_4_5,Male,s4_96_114,s3_141_159,s2_164_318,s3_80_160,s2_2_4
6668,s2_885_1695,s2_n103_99,s4_n40_7,s1_below_4282,s3_3_4,s3_2003_2005,s3_2075_3730,s4_37_47,Passenger Car,s2_11_28,Deployed,s2_97_208,s1_below_1,Female,s2_37_80,s3_141_159,s2_164_318,s4_160_220,s2_2_4
6669,s3_1695_2555,s2_n103_99,s4_n40_7,s1_below_4282,s2_2_3,s3_2003_2005,s2_760_2075,s3_17_37,Truck (<=6000 lbs.),s4_48_64,Not Deployed,s2_97_208,s1_below_1,Male,s3_80_96,s5_169_179,s2_164_318,s4_160_220,s4_5_6
6670,s2_885_1695,s2_n103_99,s5_7_up,s1_below_4282,s1_below_2,s4_2005_2007,s2_760_2075,s3_17_37,Passenger Car,s4_48_64,Not Deployed,s2_97_208,s1_below_1,Female,s2_37_80,s3_141_159,s2_164_318,s4_160_220,s2_2_4
6671,s2_885_1695,s2_n103_99,s4_n40_7,s1_below_4282,s2_2_3,s3_2003_2005,s2_760_2075,s3_17_37,Passenger Car,s6_76_up,Deployed,s2_97_208,s1_below_1,Male,s2_37_80,s3_141_159,s2_164_318,s3_80_160,s2_2_4
6672,s2_885_1695,s2_n103_99,s4_n40_7,s1_below_4282,s3_3_4,s4_2005_2007,s2_760_2075,s3_17_37,Passenger Car,s2_11_28,Not Deployed,s2_97_208,s1_below_1,Male,s2_37_80,s3_141_159,s2_164_318,s3_80_160,s2_2_4
6673,s2_885_1695,s2_n103_99,s4_n40_7,s1_below_4282,s1_below_2,s1_below_2001,s2_760_2075,s3_17_37,Passenger Car,s3_28_48,Not Deployed,s2_97_208,s1_below_1,Female,s2_37_80,s3_141_159,s2_164_318,s4_160_220,s2_2_4
6674,s2_885_1695,s2_n103_99,s4_n40_7,s1_below_4282,s1_below_2,s1_below_2001,s2_760_2075,s3_17_37,Passenger Car,s2_11_28,Not Deployed,s2_97_208,s1_below_1,Female,s3_80_96,s3_141_159,s2_164_318,s3_80_160,s2_2_4
6675,s3_1695_2555,s2_n103_99,s4_n40_7,s1_below_4282,s1_below_2,s3_2003_2005,s2_760_2075,s3_17_37,Truck (<=10000 lbs.),s3_28_48,Not Deployed,s2_97_208,s1_below_1,Male,s3_80_96,s5_169_179,s3_318_464,s3_80_160,s4_5_6
6676,s3_1695_2555,s2_n103_99,s4_n40_7,s1_below_4282,s2_2_3,s4_2005_2007,s2_760_2075,s3_17_37,Passenger Car,s4_48_64,Deployed,s2_97_208,s1_below_1,Male,s2_37_80,s3_141_159,s2_164_318,s3_80_160,s2_2_4
6677,s2_885_1695,s2_n103_99,s2_n112_n81,s1_below_4282,s1_below_2,s2_2001_2003,s3_2075_3730,s5_47_57,Truck (<=6000 lbs.),s3_28_48,Deployed,s2_97_208,s3_2_3,Male,s3_80_96,s3_141_159,s2_164_318,s3_80_160,s2_2_4
6678,s3_1695_2555,s2_n103_99,s3_n81_n40,s3_6970_up,s1_below_2,s3_2003_2005,s2_760_2075,s5_47_57,Truck (<=10000 lbs.),s5_64_76,Deployed,s2_97_208,s2_1_2,Male,s3_80_96,s5_169_179,s3_318_464,s3_80_160,s4_5_6
6679,s2_885_1695,s2_n103_99,s4_n40_7,s1_below_4282,s2_2_3,s1_below_2001,s3_2075_3730,s6_57_up,Passenger Car,s2_11_28,Deployed,s2_97_208,s1_below_1,Female,s1_below_37,s3_141_159,s2_164_318,s3_80_160,s2_2_4
6680,s2_885_1695,s2_n103_99,s4_n40_7,s1_below_4282,s3_3_4,s3_2003_2005,s2_760_2075,s4_37_47,Passenger Car,s6_76_up,Deployed,s2_97_208,s1_below_1,Male,s2_37_80,s3_141_159,s2_164_318,s3_80_160,s2_2_4
6681,s2_885_1695,s2_n103_99,s4_n40_7,s1_below_4282,s3_3_4,s3_2003_2005,s2_760_2075,s4_37_47,Passenger Car,s2_11_28,Deployed,s2_97_208,s1_below_1,Female,s3_80_96,s3_141_159,s2_164_318,s3_80_160,s2_2_4
6682,s1_below_885,s2_n103_99,s4_n40_7,s1_below_4282,s1_below_2,s1_below_2001,s2_760_2075,s3_17_37,Passenger Car,s3_28_48,Deployed,s2_97_208,s4_3_4,Female,s4_96_114,s3_141_159,s2_164_318,s3_80_160,s2_2_4
6683,s2_885_1695,s2_n103_99,s4_n40_7,s1_below_4282,s2_2_3,s3_2003_2005,s3_2075_3730,s3_17_37,Passenger Car,s6_76_up,Deployed,s2_97_208,s2_1_2,Female,s2_37_80,s3_141_159,s2_164_318,s2_40_80,s2_2_4
6684,s4_2555_3715,s2_n103_99,s4_n40_7,s1_below_4282,s4_4_5,s2_2001_2003,s2_760_2075,s3_17_37,Truck (<=10000 lbs.),s3_28_48,Not Deployed,s2_97_208,s1_below_1,Female,s2_37_80,s5_169_179,s2_164_318,s3_80_160,s3_4_5
6685,s3_1695_2555,s2_n103_99,s4_n40_7,s1_below_4282,s2_2_3,s4_2005_2007,s3_2075_3730,s3_17_37,Passenger Car,s4_48_64,Deployed,s2_97_208,s1_below_1,Male,s3_80_96,s3_141_159,s2_164_318,s3_80_160,s3_4_5
6686,s3_1695_2555,s2_n103_99,s4_n40_7,s1_below_4282,s1_below_2,s3_2003_2005,s2_760_2075,s4_37_47,Truck (<=6000 lbs.),s3_28_48,Deployed,s2_97_208,s1_below_1,Female,s3_80_96,s5_169_179,s2_164_318,s4_160_220,s2_2_4
6687,s2_885_1695,s2_n103_99,s4_n40_7,s1_below_4282,s1_below_2,s3_2003_2005,s2_760_2075,s5_47_57,Truck (<=6000 lbs.),s3_28_48,Not Deployed,s2_97_208,s1_below_1,Female,s2_37_80,s3_141_159,s2_164_318,s5_220_260,s2_2_4
6688,s3_1695_2555,s2_n103_99,s4_n40_7,s1_below_4282,s2_2_3,s3_2003_2005,s2_760_2075,s4_37_47,Truck (<=6000 lbs.),s2_11_28,Deployed,s2_97_208,s1_below_1,Female,s2_37_80,s3_141_159,s2_164_318,s3_80_160,s2_2_4
6689,s2_885_1695,s2_n103_99,s5_7_up,s1_below_4282,s1_below_2,s2_2001_2003,s3_2075_3730,s3_17_37,Passenger Car,s2_11_28,Not Deployed,s2_97_208,s1_below_1,Female,s3_80_96,s3_141_159,s2_164_318,s6_260_up,s2_2_4
6690,s2_885_1695,s2_n103_99,s4_n40_7,s1_below_4282,s4_4_5,s3_2003_2005,s2_760_2075,s4_37_47,Passenger Car,s3_28_48,Deployed,s2_97_208,s3_2_3,Female,s2_37_80,s3_141_159,s2_164_318,s3_80_160,s2_2_4
6691,s3_1695_2555,s2_n103_99,s4_n40_7,s1_below_4282,s6_6_up,s3_2003_2005,s2_760_2075,s4_37_47,Truck (<=10000 lbs.),s3_28_48,Not Deployed,s2_97_208,s1_below_1,Female,s2_37_80,s5_169_179,s3_318_464,s3_80_160,s4_5_6
6692,s2_885_1695,s2_n103_99,s4_n40_7,s1_below_4282,s2_2_3,s2_2001_2003,s2_760_2075,s5_47_57,Truck (<=6000 lbs.),s5_64_76,Not Deployed,s2_97_208,s1_below_1,Male,s2_37_80,s3_141_159,s2_164_318,s3_80_160,s2_2_4
6693,s3_1695_2555,s2_n103_99,s4_n40_7,s1_below_4282,s6_6_up,s4_2005_2007,s3_2075_3730,s3_17_37,Truck (<=10000 lbs.),s4_48_64,Not Deployed,s2_97_208,s1_below_1,Male,s4_96_114,s4_159_169,s3_318_464,s3_80_160,s4_5_6
6694,s3_1695_2555,s2_n103_99,s4_n40_7,s1_below_4282,s2_2_3,s4_2005_2007,s3_2075_3730,s4_37_47,Truck (<=6000 lbs.),s3_28_48,Deployed,s2_97_208,s1_below_1,Female,s2_37_80,s4_159_169,s2_164_318,s3_80_160,s3_4_5
6695,s3_1695_2555,s2_n103_99,s4_n40_7,s1_below_4282,s1_below_2,s4_2005_2007,s3_2075_3730,s3_17_37,Truck (<=10000 lbs.),s4_48_64,Not Deployed,s2_97_208,s1_below_1,Male,s3_80_96,s4_159_169,s3_318_464,s3_80_160,s4_5_6
6696,s3_1695_2555,s2_n103_99,s4_n40_7,s1_below_4282,s4_4_5,s1_below_2001,s3_2075_3730,s4_37_47,Passenger Car,s3_28_48,Deployed,s2_97_208,s1_below_1,Female,s2_37_80,s3_141_159,s2_164_318,s3_80_160,s2_2_4
6697,s3_1695_2555,s2_n103_99,s4_n40_7,s1_below_4282,s2_2_3,s5_2007_2009,s2_760_2075,s4_37_47,Truck (<=10000 lbs.),s3_28_48,Not Deployed,s2_97_208,s1_below_1,Male,s4_96_114,s5_169_179,s2_164_318,s2_40_80,s3_4_5
6698,s3_1695_2555,s2_n103_99,s4_n40_7,s1_below_4282,s4_4_5,s1_below_2001,s2_760_2075,s4_37_47,Passenger Car,s3_28_48,Deployed,s2_97_208,s1_below_1,Male,s5_114_130,s3_141_159,s2_164_318,s3_80_160,s2_2_4
6699,s2_885_1695,s2_n103_99,s4_n40_7,s1_below_4282,s1_below_2,s4_2005_2007,s2_760_2075,s3_17_37,Passenger Car,s2_11_28,Deployed,s2_97_208,s1_below_1,Male,s2_37_80,s3_141_159,s2_164_318,s3_80_160,s2_2_4
6700,s2_885_1695,s2_n103_99,s5_7_up,s1_below_4282,s1_below_2,s4_2005_2007,s2_760_2075,s3_17_37,Passenger Car,s3_28_48,Not Deployed,s2_97_208,s1_below_1,Female,s4_96_114,s3_141_159,s2_164_318,s6_260_up,s2_2_4
6701,s2_885_1695,s2_n103_99,s4_n40_7,s1_below_4282,s4_4_5,s1_below_2001,s2_760_2075,s6_57_up,Passenger Car,s3_28_48,Not Deployed,s2_97_208,s1_below_1,Male,s2_37_80,s3_141_159,s2_164_318,s3_80_160,s2_2_4
6702,s2_885_1695,s2_n103_99,s4_n40_7,s1_below_4282,s4_4_5,s3_2003_2005,s3_2075_3730,s4_37_47,Passenger Car,s4_48_64,Deployed,s2_97_208,s1_below_1,Male,s4_96_114,s3_141_159,s2_164_318,s3_80_160,s2_2_4
6703,s2_885_1695,s2_n103_99,s4_n40_7,s1_below_4282,s1_below_2,s4_2005_2007,s2_760_2075,s4_37_47,Passenger Car,s3_28_48,Deployed,s2_97_208,s1_below_1,Female,s2_37_80,s3_141_159,s2_164_318,s3_80_160,s2_2_4
6704,s3_1695_2555,s2_n103_99,s3_n81_n40,s1_below_4282,s1_below_2,s4_2005_2007,s2_760_2075,s3_17_37,Passenger Car,s3_28_48,Deployed,s2_97_208,s1_below_1,Female,s2_37_80,s4_159_169,s2_164_318,s2_40_80,s3_4_5
6705,s2_885_1695,s2_n103_99,s4_n40_7,s1_below_4282,s3_3_4,s2_2001_2003,s2_760_2075,s4_37_47,Passenger Car,s3_28_48,Deployed,s2_97_208,s1_below_1,Male,s4_96_114,s3_141_159,s2_164_318,s3_80_160,s2_2_4
6706,s2_885_1695,s2_n103_99,s4_n40_7,s1_below_4282,s2_2_3,s4_2005_2007,s2_760_2075,s4_37_47,Passenger Car,s3_28_48,Deployed,s2_97_208,s2_1_2,Female,s4_96_114,s3_141_159,s2_164_318,s3_80_160,s2_2_4
6707,s2_885_1695,s2_n103_99,s4_n40_7,s1_below_4282,s2_2_3,s2_2001_2003,s2_760_2075,s4_37_47,Passenger Car,s4_48_64,Not Deployed,s2_97_208,s3_2_3,Male,s3_80_96,s3_141_159,s2_164_318,s2_40_80,s2_2_4
6708,s3_1695_2555,s2_n103_99,s4_n40_7,s1_below_4282,s4_4_5,s5_2007_2009,s2_760_2075,s4_37_47,Passenger Car,s3_28_48,Deployed,s2_97_208,s1_below_1,Male,s2_37_80,s3_141_159,s2_164_318,s3_80_160,s2_2_4
6709,s2_885_1695,s2_n103_99,s4_n40_7,s1_below_4282,s1_below_2,s1_below_2001,s2_760_2075,s4_37_47,Truck (<=6000 lbs.),s3_28_48,Deployed,s2_97_208,s1_below_1,Female,s3_80_96,s4_159_169,s2_164_318,s3_80_160,s2_2_4
6710,s3_1695_2555,s2_n103_99,s4_n40_7,s1_below_4282,s2_2_3,s4_2005_2007,s2_760_2075,s4_37_47,Passenger Car,s3_28_48,Not Deployed,s2_97_208,s1_below_1,Male,s3_80_96,s4_159_169,s2_164_318,s2_40_80,s3_4_5
6711,s2_885_1695,s2_n103_99,s4_n40_7,s1_below_4282,s1_below_2,s2_2001_2003,s3_2075_3730,s4_37_47,Passenger Car,s2_11_28,Not Deployed,s2_97_208,s1_below_1,Male,s2_37_80,s3_141_159,s2_164_318,s3_80_160,s2_2_4
6712,s2_885_1695,s2_n103_99,s3_n81_n40,s1_below_4282,s1_below_2,s2_2001_2003,s2_760_2075,s4_37_47,Truck (<=6000 lbs.),s4_48_64,Deployed,s2_97_208,s1_below_1,Female,s2_37_80,s3_141_159,s2_164_318,s3_80_160,s2_2_4
6713,s3_1695_2555,s2_n103_99,s4_n40_7,s1_below_4282,s1_below_2,s1_below_2001,s2_760_2075,s4_37_47,Truck (<=6000 lbs.),s3_28_48,Deployed,s2_97_208,s1_below_1,Female,s2_37_80,s3_141_159,s2_164_318,s3_80_160,s2_2_4
6714,s2_885_1695,s2_n103_99,s4_n40_7,s1_below_4282,s1_below_2,s1_below_2001,s3_2075_3730,s4_37_47,Passenger Car,s2_11_28,Not Deployed,s2_97_208,s1_below_1,Female,s2_37_80,s3_141_159,s2_164_318,s3_80_160,s2_2_4
6715,s3_1695_2555,s2_n103_99,s4_n40_7,s1_below_4282,s4_4_5,s2_2001_2003,s2_760_2075,s4_37_47,Truck (<=10000 lbs.),s3_28_48,Deployed,s2_97_208,s1_below_1,Female,s2_37_80,s3_141_159,s2_164_318,s3_80_160,s2_2_4
6716,s3_1695_2555,s2_n103_99,s5_7_up,s1_below_4282,s2_2_3,s3_2003_2005,s2_760_2075,s4_37_47,Truck (<=6000 lbs.),s2_11_28,Not Deployed,s2_97_208,s1_below_1,Male,s3_80_96,s3_141_159,s2_164_318,s1_below_40,s2_2_4
6717,s2_885_1695,s2_n103_99,s4_n40_7,s1_below_4282,s3_3_4,s2_2001_2003,s3_2075_3730,s4_37_47,Passenger Car,s3_28_48,Not Deployed,s2_97_208,s1_below_1,Female,s2_37_80,s3_141_159,s2_164_318,s3_80_160,s2_2_4
6718,s3_1695_2555,s2_n103_99,s4_n40_7,s1_below_4282,s3_3_4,s3_2003_2005,s2_760_2075,s4_37_47,Truck (<=6000 lbs.),s4_48_64,Not Deployed,s2_97_208,s1_below_1,Female,s2_37_80,s3_141_159,s3_318_464,s3_80_160,s3_4_5
6719,s3_1695_2555,s2_n103_99,s4_n40_7,s1_below_4282,s2_2_3,s3_2003_2005,s2_760_2075,s3_17_37,Truck (<=6000 lbs.),s5_64_76,Not Deployed,s2_97_208,s1_below_1,Female,s2_37_80,s5_169_179,s2_164_318,s3_80_160,s3_4_5
6720,s2_885_1695,s2_n103_99,s4_n40_7,s1_below_4282,s4_4_5,s1_below_2001,s2_760_2075,s4_37_47,Truck (<=6000 lbs.),s3_28_48,Deployed,s2_97_208,s1_below_1,Male,s3_80_96,s3_141_159,s2_164_318,s3_80_160,s2_2_4
6721,s3_1695_2555,s2_n103_99,s4_n40_7,s1_below_4282,s3_3_4,s2_2001_2003,s2_760_2075,s5_47_57,Truck (<=10000 lbs.),s5_64_76,Deployed,s2_97_208,s1_below_1,Male,s3_80_96,s4_159_169,s3_318_464,s3_80_160,s4_5_6
6722,s2_885_1695,s2_n103_99,s5_7_up,s1_below_4282,s3_3_4,s3_2003_2005,s3_2075_3730,s5_47_57,Passenger Car,s2_11_28,Not Deployed,s2_97_208,s1_below_1,Female,s2_37_80,s3_141_159,s2_164_318,s6_260_up,s2_2_4
6723,s2_885_1695,s2_n103_99,s4_n40_7,s1_below_4282,s3_3_4,s4_2005_2007,s2_760_2075,s5_47_57,Passenger Car,s3_28_48,Deployed,s2_97_208,s1_below_1,Female,s3_80_96,s3_141_159,s2_164_318,s4_160_220,s2_2_4
6724,s2_885_1695,s2_n103_99,s3_n81_n40,s1_below_4282,s1_below_2,s3_2003_2005,s3_2075_3730,s4_37_47,Passenger Car,s4_48_64,Deployed,s2_97_208,s4_3_4,Female,s2_37_80,s3_141_159,s2_164_318,s3_80_160,s2_2_4
6725,s4_2555_3715,s2_n103_99,s4_n40_7,s1_below_4282,s1_below_2,s5_2007_2009,s2_760_2075,s4_37_47,Truck (<=10000 lbs.),s4_48_64,Deployed,s2_97_208,s1_below_1,Male,s2_37_80,s4_159_169,s3_318_464,s3_80_160,s4_5_6
6726,s2_885_1695,s2_n103_99,s4_n40_7,s1_below_4282,s1_below_2,s4_2005_2007,s2_760_2075,s5_47_57,Passenger Car,s4_48_64,Deployed,s2_97_208,s5_4_5,Male,s4_96_114,s3_141_159,s2_164_318,s3_80_160,s2_2_4
6727,s3_1695_2555,s2_n103_99,s4_n40_7,s1_below_4282,s2_2_3,s4_2005_2007,s2_760_2075,s4_37_47,Truck (<=6000 lbs.),s2_11_28,Not Deployed,s2_97_208,s1_below_1,Male,s4_96_114,s3_141_159,s2_164_318,s4_160_220,s2_2_4
6728,s2_885_1695,s2_n103_99,s4_n40_7,s1_below_4282,s2_2_3,s3_2003_2005,s3_2075_3730,s4_37_47,Passenger Car,s3_28_48,Deployed,s2_97_208,s1_below_1,Female,s2_37_80,s3_141_159,s2_164_318,s3_80_160,s2_2_4
6729,s2_885_1695,s2_n103_99,s4_n40_7,s1_below_4282,s1_below_2,s4_2005_2007,s2_760_2075,s4_37_47,Passenger Car,s2_11_28,Not Deployed,s2_97_208,s1_below_1,Female,s4_96_114,s3_141_159,s2_164_318,s3_80_160,s2_2_4
6730,s2_885_1695,s2_n103_99,s4_n40_7,s1_below_4282,s1_below_2,s1_below_2001,s2_760_2075,s3_17_37,Passenger Car,s4_48_64,Not Deployed,s2_97_208,s1_below_1,Female,s2_37_80,s3_141_159,s2_164_318,s2_40_80,s2_2_4
6731,s2_885_1695,s2_n103_99,s4_n40_7,s1_below_4282,s2_2_3,s3_2003_2005,s3_2075_3730,s3_17_37,Truck (<=6000 lbs.),s5_64_76,Not Deployed,s2_97_208,s1_below_1,Male,s2_37_80,s3_141_159,s2_164_318,s2_40_80,s2_2_4
6732,s3_1695_2555,s2_n103_99,s4_n40_7,s1_below_4282,s4_4_5,s4_2005_2007,s2_760_2075,s3_17_37,Truck (<=10000 lbs.),s3_28_48,Deployed,s2_97_208,s1_below_1,Male,s3_80_96,s4_159_169,s3_318_464,s3_80_160,s4_5_6
6733,s2_885_1695,s2_n103_99,s4_n40_7,s1_below_4282,s1_below_2,s3_2003_2005,s2_760_2075,s4_37_47,Passenger Car,s4_48_64,Not Deployed,s2_97_208,s1_below_1,Female,s2_37_80,s3_141_159,s2_164_318,s3_80_160,s2_2_4
6734,s2_885_1695,s2_n103_99,s4_n40_7,s1_below_4282,s3_3_4,s1_below_2001,s2_760_2075,s4_37_47,Truck (<=6000 lbs.),s2_11_28,Not Deployed,s2_97_208,s1_below_1,Female,s2_37_80,s3_141_159,s2_164_318,s4_160_220,s2_2_4
6735,s3_1695_2555,s2_n103_99,s4_n40_7,s1_below_4282,s1_below_2,s2_2001_2003,s2_760_2075,s6_57_up,Truck (<=10000 lbs.),s3_28_48,Deployed,s2_97_208,s1_below_1,Male,s3_80_96,s4_159_169,s2_164_318,s3_80_160,s3_4_5
6736,s2_885_1695,s2_n103_99,s4_n40_7,s1_below_4282,s2_2_3,s3_2003_2005,s2_760_2075,s3_17_37,Passenger Car,s3_28_48,Deployed,s2_97_208,s1_below_1,Male,s2_37_80,s3_141_159,s2_164_318,s3_80_160,s2_2_4
6737,s2_885_1695,s2_n103_99,s4_n40_7,s1_below_4282,s1_below_2,s2_2001_2003,s2_760_2075,s3_17_37,Passenger Car,s2_11_28,Not Deployed,s2_97_208,s1_below_1,Male,s4_96_114,s3_141_159,s2_164_318,s4_160_220,s2_2_4
6738,s2_885_1695,s2_n103_99,s4_n40_7,s1_below_4282,s1_below_2,s1_below_2001,s2_760_2075,s4_37_47,Truck (<=6000 lbs.),s2_11_28,Deployed,s2_97_208,s1_below_1,Female,s5_114_130,s3_141_159,s2_164_318,s3_80_160,s2_2_4
6739,s3_1695_2555,s2_n103_99,s4_n40_7,s1_below_4282,s1_below_2,s2_2001_2003,s2_760_2075,s4_37_47,Truck (<=6000 lbs.),s4_48_64,Not Deployed,s2_97_208,s1_below_1,Male,s3_80_96,s3_141_159,s2_164_318,s3_80_160,s2_2_4
6740,s2_885_1695,s2_n103_99,s4_n40_7,s1_below_4282,s2_2_3,s3_2003_2005,s2_760_2075,s6_57_up,Passenger Car,s2_11_28,Deployed,s2_97_208,s1_below_1,Male,s2_37_80,s3_141_159,s2_164_318,s3_80_160,s2_2_4
6741,s2_885_1695,s2_n103_99,s5_7_up,s1_below_4282,s2_2_3,s4_2005_2007,s2_760_2075,s6_57_up,Passenger Car,s3_28_48,Not Deployed,s2_97_208,s1_below_1,Male,s3_80_96,s3_141_159,s2_164_318,s6_260_up,s2_2_4
6742,s2_885_1695,s2_n103_99,s4_n40_7,s1_below_4282,s4_4_5,s4_2005_2007,s2_760_2075,s6_57_up,Passenger Car,s2_11_28,Deployed,s2_97_208,s1_below_1,Male,s2_37_80,s3_141_159,s2_164_318,s3_80_160,s2_2_4
6743,s2_885_1695,s2_n103_99,s4_n40_7,s1_below_4282,s4_4_5,s4_2005_2007,s3_2075_3730,s4_37_47,Passenger Car,s4_48_64,Not Deployed,s2_97_208,s1_below_1,Male,s3_80_96,s3_141_159,s2_164_318,s3_80_160,s2_2_4
6744,s3_1695_2555,s2_n103_99,s4_n40_7,s1_below_4282,s2_2_3,s2_2001_2003,s3_2075_3730,s4_37_47,Truck (<=6000 lbs.),s4_48_64,Not Deployed,s2_97_208,s1_below_1,Female,s2_37_80,s4_159_169,s2_164_318,s1_below_40,s2_2_4
6745,s2_885_1695,s2_n103_99,s4_n40_7,s1_below_4282,s4_4_5,s4_2005_2007,s2_760_2075,s4_37_47,Passenger Car,s3_28_48,Not Deployed,s2_97_208,s1_below_1,Female,s3_80_96,s3_141_159,s2_164_318,s3_80_160,s2_2_4
6746,s2_885_1695,s2_n103_99,s4_n40_7,s1_below_4282,s3_3_4,s1_below_2001,s2_760_2075,s6_57_up,Truck (<=6000 lbs.),s2_11_28,Deployed,s2_97_208,s1_below_1,Female,s4_96_114,s3_141_159,s2_164_318,s3_80_160,s2_2_4
6747,s2_885_1695,s2_n103_99,s5_7_up,s1_below_4282,s3_3_4,s3_2003_2005,s2_760_2075,s6_57_up,Passenger Car,s2_11_28,Not Deployed,s2_97_208,s1_below_1,Female,s2_37_80,s3_141_159,s2_164_318,s6_260_up,s2_2_4
6748,s3_1695_2555,s2_n103_99,s4_n40_7,s1_below_4282,s3_3_4,s3_2003_2005,s2_760_2075,s4_37_47,Truck (<=6000 lbs.),s4_48_64,Not Deployed,s2_97_208,s1_below_1,Male,s2_37_80,s3_141_159,s2_164_318,s4_160_220,s2_2_4
6749,s3_1695_2555,s2_n103_99,s4_n40_7,s1_below_4282,s2_2_3,s2_2001_2003,s2_760_2075,s3_17_37,Truck (<=10000 lbs.),s3_28_48,Not Deployed,s2_97_208,s1_below_1,Female,s2_37_80,s4_159_169,s3_318_464,s3_80_160,s4_5_6
6750,s3_1695_2555,s2_n103_99,s4_n40_7,s1_below_4282,s3_3_4,s3_2003_2005,s2_760_2075,s3_17_37,Truck (<=6000 lbs.),s4_48_64,Not Deployed,s2_97_208,s1_below_1,Female,s3_80_96,s4_159_169,s2_164_318,s3_80_160,s3_4_5
6751,s3_1695_2555,s2_n103_99,s4_n40_7,s1_below_4282,s4_4_5,s4_2005_2007,s2_760_2075,s3_17_37,Truck (<=10000 lbs.),s4_48_64,Deployed,s2_97_208,s1_below_1,Male,s4_96_114,s5_169_179,s2_164_318,s3_80_160,s3_4_5
6752,s3_1695_2555,s2_n103_99,s4_n40_7,s1_below_4282,s4_4_5,s4_2005_2007,s2_760_2075,s4_37_47,Truck (<=10000 lbs.),s2_11_28,Deployed,s2_97_208,s1_below_1,Female,s2_37_80,s3_141_159,s2_164_318,s3_80_160,s2_2_4
6753,s2_885_1695,s2_n103_99,s4_n40_7,s1_below_4282,s3_3_4,s5_2007_2009,s3_2075_3730,s4_37_47,Passenger Car,s2_11_28,Deployed,s2_97_208,s1_below_1,Male,s6_130_up,s3_141_159,s2_164_318,s2_40_80,s2_2_4
6754,s2_885_1695,s2_n103_99,s4_n40_7,s1_below_4282,s2_2_3,s5_2007_2009,s2_760_2075,s4_37_47,Passenger Car,s2_11_28,Deployed,s2_97_208,s5_4_5,Male,s2_37_80,s3_141_159,s2_164_318,s4_160_220,s2_2_4
6755,s3_1695_2555,s2_n103_99,s4_n40_7,s1_below_4282,s2_2_3,s3_2003_2005,s2_760_2075,s4_37_47,Truck (<=6000 lbs.),s3_28_48,Deployed,s2_97_208,s1_below_1,Female,s2_37_80,s3_141_159,s2_164_318,s3_80_160,s2_2_4
6756,s3_1695_2555,s2_n103_99,s4_n40_7,s1_below_4282,s2_2_3,s2_2001_2003,s2_760_2075,s4_37_47,Truck (<=10000 lbs.),s3_28_48,Deployed,s2_97_208,s1_below_1,Male,s2_37_80,s3_141_159,s3_318_464,s3_80_160,s3_4_5
6757,s2_885_1695,s2_n103_99,s4_n40_7,s1_below_4282,s1_below_2,s1_below_2001,s2_760_2075,s3_17_37,Passenger Car,s3_28_48,Not Deployed,s2_97_208,s2_1_2,Female,s3_80_96,s3_141_159,s2_164_318,s2_40_80,s2_2_4
6758,s2_885_1695,s2_n103_99,s5_7_up,s1_below_4282,s1_below_2,s4_2005_2007,s2_760_2075,s3_17_37,Passenger Car,s2_11_28,Not Deployed,s2_97_208,s1_below_1,Female,s2_37_80,s3_141_159,s2_164_318,s1_below_40,s2_2_4
6759,s2_885_1695,s2_n103_99,s4_n40_7,s1_below_4282,s1_below_2,s4_2005_2007,s2_760_2075,s4_37_47,Passenger Car,s6_76_up,Not Deployed,s2_97_208,s2_1_2,Male,s2_37_80,s3_141_159,s2_164_318,s2_40_80,s2_2_4
6760,s3_1695_2555,s2_n103_99,s4_n40_7,s1_below_4282,s4_4_5,s3_2003_2005,s2_760_2075,s4_37_47,Passenger Car,s3_28_48,Deployed,s2_97_208,s1_below_1,Female,s2_37_80,s4_159_169,s2_164_318,s3_80_160,s2_2_4
6761,s2_885_1695,s2_n103_99,s4_n40_7,s1_below_4282,s5_5_6,s4_2005_2007,s2_760_2075,s4_37_47,Passenger Car,s4_48_64,Not Deployed,s2_97_208,s1_below_1,Male,s3_80_96,s4_159_169,s2_164_318,s3_80_160,s2_2_4
6762,s2_885_1695,s2_n103_99,s3_n81_n40,s1_below_4282,s1_below_2,s4_2005_2007,s2_760_2075,s5_47_57,Passenger Car,s4_48_64,Deployed,s2_97_208,s3_2_3,Male,s3_80_96,s3_141_159,s2_164_318,s3_80_160,s2_2_4
6763,s2_885_1695,s2_n103_99,s4_n40_7,s1_below_4282,s2_2_3,s1_below_2001,s2_760_2075,s3_17_37,Passenger Car,s3_28_48,Not Deployed,s2_97_208,s1_below_1,Female,s2_37_80,s3_141_159,s2_164_318,s3_80_160,s2_2_4
6764,s2_885_1695,s2_n103_99,s4_n40_7,s1_below_4282,s2_2_3,s2_2001_2003,s2_760_2075,s1_below_7,Passenger Car,s4_48_64,Not Deployed,s2_97_208,s1_below_1,Female,s2_37_80,s3_141_159,s2_164_318,s3_80_160,s2_2_4
6765,s3_1695_2555,s2_n103_99,s4_n40_7,s1_below_4282,s3_3_4,s3_2003_2005,s2_760_2075,s4_37_47,Truck (<=10000 lbs.),s3_28_48,Not Deployed,s2_97_208,s1_below_1,Male,s4_96_114,s5_169_179,s3_318_464,s3_80_160,s4_5_6
6766,s2_885_1695,s2_n103_99,s4_n40_7,s1_below_4282,s1_below_2,s4_2005_2007,s3_2075_3730,s3_17_37,Passenger Car,s5_64_76,Not Deployed,s2_97_208,s1_below_1,Female,s2_37_80,s3_141_159,s2_164_318,s3_80_160,s2_2_4
6767,s2_885_1695,s2_n103_99,s4_n40_7,s1_below_4282,s5_5_6,s2_2001_2003,s3_2075_3730,s5_47_57,Passenger Car,s3_28_48,Not Deployed,s2_97_208,s1_below_1,Female,s2_37_80,s3_141_159,s2_164_318,s3_80_160,s2_2_4
6768,s2_885_1695,s2_n103_99,s4_n40_7,s1_below_4282,s1_below_2,s3_2003_2005,s3_2075_3730,s4_37_47,Passenger Car,s3_28_48,Deployed,s2_97_208,s2_1_2,Female,s2_37_80,s3_141_159,s2_164_318,s4_160_220,s2_2_4
6769,s2_885_1695,s2_n103_99,s4_n40_7,s1_below_4282,s4_4_5,s1_below_2001,s2_760_2075,s4_37_47,Passenger Car,s3_28_48,Not Deployed,s2_97_208,s1_below_1,Male,s2_37_80,s3_141_159,s2_164_318,s3_80_160,s2_2_4
6770,s3_1695_2555,s2_n103_99,s5_7_up,s1_below_4282,s1_below_2,s1_below_2001,s2_760_2075,s4_37_47,Truck (<=6000 lbs.),s3_28_48,Not Deployed,s2_97_208,s1_below_1,Female,s2_37_80,s3_141_159,s2_164_318,s6_260_up,s2_2_4
6771,s3_1695_2555,s2_n103_99,s4_n40_7,s1_below_4282,s1_below_2,s3_2003_2005,s2_760_2075,s4_37_47,Truck (<=6000 lbs.),s2_11_28,Not Deployed,s2_97_208,s1_below_1,Female,s2_37_80,s3_141_159,s2_164_318,s3_80_160,s2_2_4
6772,s2_885_1695,s2_n103_99,s4_n40_7,s1_below_4282,s6_6_up,s4_2005_2007,s2_760_2075,s4_37_47,Truck (<=6000 lbs.),s2_11_28,Deployed,s2_97_208,s1_below_1,Female,s2_37_80,s3_141_159,s2_164_318,s4_160_220,s2_2_4
6773,s2_885_1695,s2_n103_99,s4_n40_7,s1_below_4282,s3_3_4,s4_2005_2007,s2_760_2075,s5_47_57,Truck (<=6000 lbs.),s3_28_48,Deployed,s2_97_208,s2_1_2,Female,s2_37_80,s3_141_159,s2_164_318,s3_80_160,s2_2_4
6774,s3_1695_2555,s2_n103_99,s4_n40_7,s1_below_4282,s5_5_6,s1_below_2001,s2_760_2075,s5_47_57,Truck (<=6000 lbs.),s6_76_up,Not Deployed,s2_97_208,s4_3_4,Male,s2_37_80,s4_159_169,s2_164_318,s2_40_80,s2_2_4
6775,s2_885_1695,s2_n103_99,s4_n40_7,s1_below_4282,s1_below_2,s3_2003_2005,s2_760_2075,s5_47_57,Passenger Car,s2_11_28,Deployed,s2_97_208,s1_below_1,Male,s4_96_114,s3_141_159,s2_164_318,s3_80_160,s2_2_4
6776,s3_1695_2555,s2_n103_99,s4_n40_7,s1_below_4282,s3_3_4,s2_2001_2003,s2_760_2075,s6_57_up,Truck (<=10000 lbs.),s3_28_48,Not Deployed,s2_97_208,s1_below_1,Male,s4_96_114,s5_169_179,s3_318_464,s2_40_80,s5_6_7
6777,s2_885_1695,s2_n103_99,s4_n40_7,s1_below_4282,s3_3_4,s3_2003_2005,s3_2075_3730,s6_57_up,Passenger Car,s3_28_48,Not Deployed,s2_97_208,s1_below_1,Male,s2_37_80,s3_141_159,s2_164_318,s3_80_160,s2_2_4
6778,s2_885_1695,s2_n103_99,s4_n40_7,s1_below_4282,s3_3_4,s5_2007_2009,s2_760_2075,s6_57_up,Passenger Car,s2_11_28,Deployed,s2_97_208,s1_below_1,Female,s2_37_80,s4_159_169,s2_164_318,s3_80_160,s3_4_5
6779,s2_885_1695,s2_n103_99,s4_n40_7,s1_below_4282,s1_below_2,s2_2001_2003,s2_760_2075,s4_37_47,Passenger Car,s2_11_28,Not Deployed,s2_97_208,s1_below_1,Female,s2_37_80,s3_141_159,s2_164_318,s3_80_160,s2_2_4
6780,s2_885_1695,s2_n103_99,s3_n81_n40,s1_below_4282,s2_2_3,s1_below_2001,s2_760_2075,s5_47_57,Passenger Car,s3_28_48,Deployed,s2_97_208,s1_below_1,Female,s2_37_80,s3_141_159,s2_164_318,s3_80_160,s2_2_4
6781,s3_1695_2555,s2_n103_99,s4_n40_7,s1_below_4282,s2_2_3,s5_2007_2009,s2_760_2075,s3_17_37,Truck (<=6000 lbs.),s4_48_64,Not Deployed,s2_97_208,s1_below_1,Female,s4_96_114,s3_141_159,s2_164_318,s3_80_160,s2_2_4
6782,s2_885_1695,s2_n103_99,s3_n81_n40,s1_below_4282,s6_6_up,s4_2005_2007,s3_2075_3730,s4_37_47,Passenger Car,s3_28_48,Deployed,s2_97_208,s1_below_1,Female,s2_37_80,s3_141_159,s2_164_318,s3_80_160,s2_2_4
6783,s2_885_1695,s2_n103_99,s4_n40_7,s1_below_4282,s4_4_5,s2_2001_2003,s2_760_2075,s4_37_47,Truck (<=6000 lbs.),s5_64_76,Deployed,s2_97_208,s1_below_1,Female,s3_80_96,s3_141_159,s2_164_318,s4_160_220,s2_2_4
6784,s3_1695_2555,s2_n103_99,s3_n81_n40,s1_below_4282,s1_below_2,s4_2005_2007,s3_2075_3730,s4_37_47,Truck (<=10000 lbs.),s5_64_76,Deployed,s2_97_208,s5_4_5,Female,s2_37_80,s4_159_169,s3_318_464,s3_80_160,s4_5_6
6785,s2_885_1695,s2_n103_99,s3_n81_n40,s1_below_4282,s1_below_2,s2_2001_2003,s2_760_2075,s5_47_57,Passenger Car,s3_28_48,Deployed,s2_97_208,s2_1_2,Male,s3_80_96,s3_141_159,s2_164_318,s3_80_160,s2_2_4
6786,s2_885_1695,s2_n103_99,s4_n40_7,s1_below_4282,s2_2_3,s1_below_2001,s2_760_2075,s4_37_47,Passenger Car,s2_11_28,Deployed,s2_97_208,s1_below_1,Male,s3_80_96,s3_141_159,s2_164_318,s4_160_220,s2_2_4
6787,s3_1695_2555,s2_n103_99,s4_n40_7,s1_below_4282,s3_3_4,s2_2001_2003,s2_760_2075,s4_37_47,Truck (<=6000 lbs.),s3_28_48,Not Deployed,s2_97_208,s1_below_1,Female,s3_80_96,s4_159_169,s2_164_318,s2_40_80,s3_4_5
6788,s2_885_1695,s2_n103_99,s4_n40_7,s1_below_4282,s5_5_6,s3_2003_2005,s2_760_2075,s4_37_47,Truck (<=6000 lbs.),s2_11_28,Deployed,s2_97_208,s1_below_1,Female,s2_37_80,s3_141_159,s2_164_318,s3_80_160,s2_2_4
6789,s2_885_1695,s2_n103_99,s4_n40_7,s1_below_4282,s2_2_3,s2_2001_2003,s2_760_2075,s3_17_37,Passenger Car,s2_11_28,Not Deployed,s2_97_208,s1_below_1,Male,s2_37_80,s3_141_159,s2_164_318,s3_80_160,s2_2_4
6790,s3_1695_2555,s2_n103_99,s4_n40_7,s1_below_4282,s2_2_3,s2_2001_2003,s2_760_2075,s4_37_47,Passenger Car,s4_48_64,Deployed,s2_97_208,s1_below_1,Female,s2_37_80,s3_141_159,s2_164_318,s2_40_80,s2_2_4
6791,s2_885_1695,s2_n103_99,s4_n40_7,s1_below_4282,s2_2_3,s4_2005_2007,s2_760_2075,s4_37_47,Passenger Car,s4_48_64,Deployed,s2_97_208,s4_3_4,Female,s2_37_80,s3_141_159,s2_164_318,s3_80_160,s2_2_4
6792,s2_885_1695,s2_n103_99,s3_n81_n40,s1_below_4282,s1_below_2,s1_below_2001,s2_760_2075,s4_37_47,Truck (<=6000 lbs.),s2_11_28,Deployed,s2_97_208,s3_2_3,Female,s3_80_96,s3_141_159,s2_164_318,s3_80_160,s2_2_4
6793,s2_885_1695,s2_n103_99,s3_n81_n40,s1_below_4282,s3_3_4,s3_2003_2005,s3_2075_3730,s4_37_47,Truck (<=6000 lbs.),s2_11_28,Deployed,s2_97_208,s1_below_1,Female,s2_37_80,s3_141_159,s2_164_318,s3_80_160,s2_2_4
6794,s3_1695_2555,s2_n103_99,s4_n40_7,s1_below_4282,s2_2_3,s3_2003_2005,s2_760_2075,s6_57_up,Truck (<=10000 lbs.),s2_11_28,Not Deployed,s2_97_208,s1_below_1,Female,s2_37_80,s4_159_169,s2_164_318,s3_80_160,s3_4_5
6795,s2_885_1695,s2_n103_99,s3_n81_n40,s1_below_4282,s3_3_4,s3_2003_2005,s2_760_2075,s4_37_47,Passenger Car,s2_11_28,Not Deployed,s2_97_208,s1_below_1,Female,s2_37_80,s3_141_159,s2_164_318,s3_80_160,s2_2_4
6796,s2_885_1695,s2_n103_99,s4_n40_7,s1_below_4282,s3_3_4,s5_2007_2009,s2_760_2075,s4_37_47,Passenger Car,s3_28_48,Not Deployed,s2_97_208,s1_below_1,Male,s4_96_114,s3_141_159,s2_164_318,s3_80_160,s2_2_4
6797,s2_885_1695,s2_n103_99,s4_n40_7,s1_below_4282,s4_4_5,s3_2003_2005,s2_760_2075,s4_37_47,Truck (<=6000 lbs.),s3_28_48,Deployed,s2_97_208,s1_below_1,Female,s2_37_80,s3_141_159,s2_164_318,s4_160_220,s2_2_4
6798,s2_885_1695,s2_n103_99,s4_n40_7,s1_below_4282,s1_below_2,s1_below_2001,s2_760_2075,s3_17_37,Passenger Car,s3_28_48,Not Deployed,s2_97_208,s1_below_1,Female,s2_37_80,s3_141_159,s2_164_318,s3_80_160,s2_2_4
6799,s2_885_1695,s2_n103_99,s4_n40_7,s1_below_4282,s1_below_2,s4_2005_2007,s2_760_2075,s4_37_47,Passenger Car,s3_28_48,Deployed,s2_97_208,s1_below_1,Female,s2_37_80,s3_141_159,s2_164_318,s3_80_160,s2_2_4
6800,s3_1695_2555,s2_n103_99,s4_n40_7,s1_below_4282,s6_6_up,s3_2003_2005,s2_760_2075,s4_37_47,Truck (<=6000 lbs.),s2_11_28,Not Deployed,s2_97_208,s1_below_1,Female,s2_37_80,s3_141_159,s2_164_318,s3_80_160,s2_2_4
6801,s2_885_1695,s2_n103_99,s4_n40_7,s1_below_4282,s2_2_3,s2_2001_2003,s3_2075_3730,s4_37_47,Passenger Car,s2_11_28,Deployed,s2_97_208,s1_below_1,Female,s2_37_80,s3_141_159,s2_164_318,s3_80_160,s2_2_4
6802,s2_885_1695,s2_n103_99,s4_n40_7,s1_below_4282,s1_below_2,s4_2005_2007,s2_760_2075,s3_17_37,Passenger Car,s3_28_48,Deployed,s2_97_208,s1_below_1,Female,s2_37_80,s3_141_159,s2_164_318,s3_80_160,s2_2_4
6803,s3_1695_2555,s2_n103_99,s4_n40_7,s1_below_4282,s1_below_2,s2_2001_2003,s2_760_2075,s3_17_37,Truck (<=6000 lbs.),s3_28_48,Not Deployed,s2_97_208,s1_below_1,Female,s4_96_114,s3_141_159,s2_164_318,s4_160_220,s2_2_4
6804,s2_885_1695,s2_n103_99,s4_n40_7,s1_below_4282,s4_4_5,s3_2003_2005,s2_760_2075,s4_37_47,Passenger Car,s2_11_28,Deployed,s2_97_208,s1_below_1,Female,s2_37_80,s3_141_159,s2_164_318,s3_80_160,s2_2_4
6805,s3_1695_2555,s2_n103_99,s4_n40_7,s1_below_4282,s1_below_2,s3_2003_2005,s2_760_2075,s4_37_47,Truck (<=6000 lbs.),s3_28_48,Deployed,s2_97_208,s1_below_1,Female,s2_37_80,s5_169_179,s2_164_318,s3_80_160,s3_4_5
6806,s2_885_1695,s2_n103_99,s4_n40_7,s1_below_4282,s1_below_2,s1_below_2001,s2_760_2075,s3_17_37,Passenger Car,s2_11_28,Not Deployed,s2_97_208,s2_1_2,Male,s3_80_96,s3_141_159,s2_164_318,s2_40_80,s2_2_4
6807,s2_885_1695,s2_n103_99,s4_n40_7,s1_below_4282,s1_below_2,s3_2003_2005,s2_760_2075,s3_17_37,Passenger Car,s6_76_up,Not Deployed,s2_97_208,s4_3_4,Female,s2_37_80,s3_141_159,s2_164_318,s3_80_160,s2_2_4
6808,s2_885_1695,s2_n103_99,s5_7_up,s2_4282_6970,s2_2_3,s2_2001_2003,s2_760_2075,s4_37_47,Passenger Car,s2_11_28,Not Deployed,s2_97_208,s5_4_5,Male,s3_80_96,s3_141_159,s2_164_318,s6_260_up,s2_2_4
6809,s2_885_1695,s2_n103_99,s2_n112_n81,s1_below_4282,s2_2_3,s2_2001_2003,s2_760_2075,s4_37_47,Passenger Car,s3_28_48,Deployed,s2_97_208,s1_below_1,Male,s4_96_114,s3_141_159,s2_164_318,s3_80_160,s2_2_4
6810,s2_885_1695,s2_n103_99,s4_n40_7,s1_below_4282,s3_3_4,s5_2007_2009,s2_760_2075,s4_37_47,Passenger Car,s4_48_64,Deployed,s2_97_208,s1_below_1,Female,s2_37_80,s3_141_159,s2_164_318,s4_160_220,s2_2_4
6811,s3_1695_2555,s2_n103_99,s4_n40_7,s1_below_4282,s1_below_2,s3_2003_2005,s2_760_2075,s3_17_37,Truck (<=6000 lbs.),s6_76_up,Deployed,s2_97_208,s1_below_1,Male,s2_37_80,s4_159_169,s2_164_318,s3_80_160,s3_4_5
6812,s2_885_1695,s2_n103_99,s4_n40_7,s1_below_4282,s1_below_2,s4_2005_2007,s2_760_2075,s3_17_37,Passenger Car,s2_11_28,Not Deployed,s2_97_208,s1_below_1,Female,s2_37_80,s3_141_159,s2_164_318,s4_160_220,s2_2_4
6813,s2_885_1695,s2_n103_99,s4_n40_7,s2_4282_6970,s1_below_2,s3_2003_2005,s3_2075_3730,s4_37_47,Passenger Car,s3_28_48,Deployed,s2_97_208,s2_1_2,Female,s2_37_80,s3_141_159,s2_164_318,s4_160_220,s2_2_4
6814,s3_1695_2555,s2_n103_99,s3_n81_n40,s1_below_4282,s1_below_2,s4_2005_2007,s2_760_2075,s4_37_47,Truck (<=10000 lbs.),s3_28_48,Deployed,s2_97_208,s1_below_1,Male,s3_80_96,s5_169_179,s3_318_464,s3_80_160,s4_5_6
6815,s2_885_1695,s2_n103_99,s4_n40_7,s1_below_4282,s4_4_5,s3_2003_2005,s2_760_2075,s4_37_47,Passenger Car,s6_76_up,Deployed,s2_97_208,s3_2_3,Male,s2_37_80,s3_141_159,s2_164_318,s4_160_220,s2_2_4
6816,s2_885_1695,s2_n103_99,s4_n40_7,s1_below_4282,s1_below_2,s2_2001_2003,s2_760_2075,s4_37_47,Truck (<=6000 lbs.),s2_11_28,Deployed,s2_97_208,s1_below_1,Male,s2_37_80,s3_141_159,s2_164_318,s3_80_160,s2_2_4
6817,s2_885_1695,s2_n103_99,s4_n40_7,s1_below_4282,s4_4_5,s4_2005_2007,s2_760_2075,s5_47_57,Passenger Car,s4_48_64,Not Deployed,s2_97_208,s1_below_1,Female,s2_37_80,s3_141_159,s2_164_318,s5_220_260,s2_2_4
6818,s2_885_1695,s2_n103_99,s4_n40_7,s1_below_4282,s4_4_5,s4_2005_2007,s2_760_2075,s4_37_47,Truck (<=6000 lbs.),s3_28_48,Not Deployed,s2_97_208,s1_below_1,Female,s2_37_80,s3_141_159,s2_164_318,s3_80_160,s2_2_4
6819,s3_1695_2555,s2_n103_99,s4_n40_7,s1_below_4282,s1_below_2,s5_2007_2009,s2_760_2075,s3_17_37,Truck (<=10000 lbs.),s3_28_48,Not Deployed,s2_97_208,s1_below_1,Female,s2_37_80,s5_169_179,s2_164_318,s4_160_220,s3_4_5
6820,s2_885_1695,s2_n103_99,s4_n40_7,s1_below_4282,s3_3_4,s1_below_2001,s2_760_2075,s5_47_57,Passenger Car,s5_64_76,Deployed,s2_97_208,s1_below_1,Male,s3_80_96,s3_141_159,s2_164_318,s3_80_160,s2_2_4
6821,s3_1695_2555,s2_n103_99,s4_n40_7,s1_below_4282,s3_3_4,s3_2003_2005,s3_2075_3730,s6_57_up,Truck (<=10000 lbs.),s2_11_28,Not Deployed,s2_97_208,s1_below_1,Male,s2_37_80,s4_159_169,s3_318_464,s3_80_160,s4_5_6
6822,s2_885_1695,s2_n103_99,s4_n40_7,s1_below_4282,s1_below_2,s3_2003_2005,s2_760_2075,s3_17_37,Passenger Car,s2_11_28,Not Deployed,s2_97_208,s1_below_1,Male,s2_37_80,s3_141_159,s2_164_318,s3_80_160,s2_2_4
6823,s2_885_1695,s2_n103_99,s3_n81_n40,s1_below_4282,s4_4_5,s3_2003_2005,s2_760_2075,s4_37_47,Passenger Car,s4_48_64,Deployed,s2_97_208,s3_2_3,Female,s3_80_96,s3_141_159,s2_164_318,s3_80_160,s2_2_4
6824,s3_1695_2555,s2_n103_99,s4_n40_7,s1_below_4282,s2_2_3,s4_2005_2007,s2_760_2075,s6_57_up,Truck (<=6000 lbs.),s3_28_48,Not Deployed,s2_97_208,s1_below_1,Female,s2_37_80,s3_141_159,s2_164_318,s1_below_40,s2_2_4
6825,s2_885_1695,s2_n103_99,s4_n40_7,s1_below_4282,s4_4_5,s3_2003_2005,s2_760_2075,s4_37_47,Passenger Car,s4_48_64,Deployed,s2_97_208,s1_below_1,Female,s3_80_96,s3_141_159,s2_164_318,s4_160_220,s2_2_4
6826,s2_885_1695,s2_n103_99,s4_n40_7,s1_below_4282,s4_4_5,s3_2003_2005,s2_760_2075,s4_37_47,Passenger Car,s2_11_28,Deployed,s2_97_208,s1_below_1,Female,s2_37_80,s3_141_159,s2_164_318,s3_80_160,s2_2_4
6827,s2_885_1695,s2_n103_99,s4_n40_7,s1_below_4282,s3_3_4,s2_2001_2003,s2_760_2075,s6_57_up,Passenger Car,s4_48_64,Not Deployed,s2_97_208,s1_below_1,Female,s4_96_114,s3_141_159,s2_164_318,s3_80_160,s2_2_4
6828,s2_885_1695,s2_n103_99,s4_n40_7,s1_below_4282,s3_3_4,s2_2001_2003,s2_760_2075,s4_37_47,Passenger Car,s2_11_28,Not Deployed,s2_97_208,s1_below_1,Female,s2_37_80,s3_141_159,s2_164_318,s4_160_220,s2_2_4
6829,s3_1695_2555,s2_n103_99,s4_n40_7,s1_below_4282,s1_below_2,s3_2003_2005,s2_760_2075,s4_37_47,Passenger Car,s5_64_76,Deployed,s2_97_208,s3_2_3,Female,s2_37_80,s4_159_169,s2_164_318,s3_80_160,s2_2_4
6830,s2_885_1695,s2_n103_99,s4_n40_7,s1_below_4282,s5_5_6,s1_below_2001,s2_760_2075,s4_37_47,Truck (<=6000 lbs.),s2_11_28,Deployed,s2_97_208,s1_below_1,Male,s3_80_96,s3_141_159,s2_164_318,s3_80_160,s2_2_4
6831,s3_1695_2555,s2_n103_99,s4_n40_7,s1_below_4282,s1_below_2,s2_2001_2003,s2_760_2075,s4_37_47,Truck (<=6000 lbs.),s4_48_64,Not Deployed,s2_97_208,s1_below_1,Male,s3_80_96,s3_141_159,s2_164_318,s6_260_up,s2_2_4
6832,s3_1695_2555,s2_n103_99,s4_n40_7,s1_below_4282,s4_4_5,s2_2001_2003,s2_760_2075,s4_37_47,Truck (<=6000 lbs.),s3_28_48,Not Deployed,s2_97_208,s1_below_1,Female,s2_37_80,s4_159_169,s2_164_318,s3_80_160,s3_4_5
6833,s2_885_1695,s2_n103_99,s4_n40_7,s1_below_4282,s3_3_4,s4_2005_2007,s2_760_2075,s6_57_up,Passenger Car,s4_48_64,Not Deployed,s2_97_208,s1_below_1,Female,s3_80_96,s3_141_159,s2_164_318,s6_260_up,s2_2_4
6834,s2_885_1695,s2_n103_99,s4_n40_7,s1_below_4282,s2_2_3,s1_below_2001,s2_760_2075,s4_37_47,Passenger Car,s4_48_64,Deployed,s2_97_208,s1_below_1,Male,s2_37_80,s3_141_159,s2_164_318,s3_80_160,s2_2_4
6835,s3_1695_2555,s2_n103_99,s4_n40_7,s1_below_4282,s1_below_2,s5_2007_2009,s2_760_2075,s5_47_57,Truck (<=10000 lbs.),s2_11_28,Deployed,s2_97_208,s1_below_1,Male,s3_80_96,s5_169_179,s3_318_464,s3_80_160,s4_5_6
6836,s3_1695_2555,s2_n103_99,s4_n40_7,s1_below_4282,s2_2_3,s1_below_2001,s3_2075_3730,s5_47_57,Truck (<=6000 lbs.),s3_28_48,Deployed,s2_97_208,s2_1_2,Male,s2_37_80,s3_141_159,s2_164_318,s2_40_80,s2_2_4
6837,s3_1695_2555,s2_n103_99,s4_n40_7,s1_below_4282,s6_6_up,s3_2003_2005,s2_760_2075,s4_37_47,Truck (<=6000 lbs.),s2_11_28,Not Deployed,s2_97_208,s1_below_1,Male,s2_37_80,s4_159_169,s2_164_318,s4_160_220,s3_4_5
6838,s2_885_1695,s2_n103_99,s4_n40_7,s1_below_4282,s2_2_3,s1_below_2001,s2_760_2075,s3_17_37,Truck (<=6000 lbs.),s4_48_64,Deployed,s2_97_208,s1_below_1,Male,s4_96_114,s3_141_159,s2_164_318,s2_40_80,s2_2_4
6839,s3_1695_2555,s2_n103_99,s4_n40_7,s1_below_4282,s1_below_2,s1_below_2001,s2_760_2075,s3_17_37,Truck (<=6000 lbs.),s3_28_48,Deployed,s2_97_208,s4_3_4,Female,s2_37_80,s4_159_169,s2_164_318,s2_40_80,s3_4_5
6840,s2_885_1695,s2_n103_99,s4_n40_7,s1_below_4282,s1_below_2,s5_2007_2009,s2_760_2075,s5_47_57,Truck (<=6000 lbs.),s3_28_48,Deployed,s2_97_208,s3_2_3,Female,s2_37_80,s3_141_159,s2_164_318,s3_80_160,s2_2_4
6841,s3_1695_2555,s2_n103_99,s4_n40_7,s1_below_4282,s4_4_5,s3_2003_2005,s2_760_2075,s4_37_47,Truck (<=6000 lbs.),s2_11_28,Deployed,s2_97_208,s1_below_1,Male,s3_80_96,s3_141_159,s2_164_318,s3_80_160,s2_2_4
6842,s2_885_1695,s2_n103_99,s4_n40_7,s1_below_4282,s1_below_2,s2_2001_2003,s2_760_2075,s3_17_37,Passenger Car,s2_11_28,Deployed,s2_97_208,s1_below_1,Female,s2_37_80,s3_141_159,s2_164_318,s4_160_220,s2_2_4
6843,s2_885_1695,s2_n103_99,s4_n40_7,s1_below_4282,s1_below_2,s2_2001_2003,s2_760_2075,s3_17_37,Passenger Car,s2_11_28,Deployed,s2_97_208,s1_below_1,Male,s2_37_80,s3_141_159,s2_164_318,s3_80_160,s2_2_4
6844,s2_885_1695,s2_n103_99,s5_7_up,s1_below_4282,s2_2_3,s3_2003_2005,s2_760_2075,s4_37_47,Passenger Car,s3_28_48,Not Deployed,s2_97_208,s1_below_1,Female,s2_37_80,s3_141_159,s2_164_318,s6_260_up,s2_2_4
6845,s2_885_1695,s2_n103_99,s4_n40_7,s1_below_4282,s1_below_2,s4_2005_2007,s2_760_2075,s3_17_37,Passenger Car,s3_28_48,Not Deployed,s2_97_208,s1_below_1,Female,s2_37_80,s3_141_159,s2_164_318,s4_160_220,s2_2_4
6846,s3_1695_2555,s2_n103_99,s4_n40_7,s1_below_4282,s2_2_3,s2_2001_2003,s2_760_2075,s4_37_47,Truck (<=6000 lbs.),s3_28_48,Deployed,s2_97_208,s1_below_1,Female,s3_80_96,s3_141_159,s2_164_318,s4_160_220,s3_4_5
6847,s2_885_1695,s2_n103_99,s4_n40_7,s1_below_4282,s5_5_6,s5_2007_2009,s2_760_2075,s4_37_47,Passenger Car,s3_28_48,Deployed,s2_97_208,s1_below_1,Female,s2_37_80,s3_141_159,s2_164_318,s2_40_80,s2_2_4
6848,s3_1695_2555,s2_n103_99,s4_n40_7,s1_below_4282,s5_5_6,s2_2001_2003,s2_760_2075,s4_37_47,Truck (<=6000 lbs.),s2_11_28,Deployed,s2_97_208,s2_1_2,Male,s2_37_80,s3_141_159,s2_164_318,s4_160_220,s2_2_4
6849,s2_885_1695,s2_n103_99,s4_n40_7,s1_below_4282,s6_6_up,s1_below_2001,s2_760_2075,s4_37_47,Passenger Car,s2_11_28,Deployed,s2_97_208,s2_1_2,Female,s2_37_80,s3_141_159,s2_164_318,s4_160_220,s2_2_4
6850,s2_885_1695,s2_n103_99,s4_n40_7,s1_below_4282,s6_6_up,s4_2005_2007,s2_760_2075,s4_37_47,Passenger Car,s3_28_48,Not Deployed,s2_97_208,s1_below_1,Male,s3_80_96,s3_141_159,s2_164_318,s2_40_80,s2_2_4
6851,s2_885_1695,s2_n103_99,s4_n40_7,s1_below_4282,s2_2_3,s1_below_2001,s2_760_2075,s4_37_47,Passenger Car,s2_11_28,Deployed,s2_97_208,s1_below_1,Male,s2_37_80,s3_141_159,s2_164_318,s3_80_160,s2_2_4
6852,s3_1695_2555,s2_n103_99,s4_n40_7,s1_below_4282,s1_below_2,s5_2007_2009,s2_760_2075,s3_17_37,Passenger Car,s2_11_28,Not Deployed,s2_97_208,s1_below_1,Female,s2_37_80,s4_159_169,s2_164_318,s4_160_220,s3_4_5
6853,s2_885_1695,s2_n103_99,s4_n40_7,s1_below_4282,s2_2_3,s5_2007_2009,s2_760_2075,s3_17_37,Truck (<=6000 lbs.),s4_48_64,Not Deployed,s2_97_208,s1_below_1,Female,s2_37_80,s3_141_159,s2_164_318,s2_40_80,s2_2_4
6854,s2_885_1695,s2_n103_99,s4_n40_7,s1_below_4282,s2_2_3,s3_2003_2005,s3_2075_3730,s3_17_37,Truck (<=6000 lbs.),s3_28_48,Not Deployed,s2_97_208,s1_below_1,Female,s2_37_80,s3_141_159,s2_164_318,s3_80_160,s2_2_4
6855,s3_1695_2555,s2_n103_99,s4_n40_7,s1_below_4282,s1_below_2,s3_2003_2005,s2_760_2075,s4_37_47,Passenger Car,s3_28_48,Deployed,s2_97_208,s1_below_1,Female,s2_37_80,s3_141_159,s2_164_318,s4_160_220,s2_2_4
6856,s2_885_1695,s2_n103_99,s4_n40_7,s1_below_4282,s2_2_3,s1_below_2001,s2_760_2075,s4_37_47,Passenger Car,s2_11_28,Not Deployed,s2_97_208,s1_below_1,Male,s3_80_96,s3_141_159,s2_164_318,s3_80_160,s2_2_4
6857,s2_885_1695,s2_n103_99,s4_n40_7,s1_below_4282,s3_3_4,s2_2001_2003,s2_760_2075,s4_37_47,Passenger Car,s2_11_28,Deployed,s2_97_208,s1_below_1,Male,s3_80_96,s3_141_159,s2_164_318,s3_80_160,s2_2_4
6858,s2_885_1695,s2_n103_99,s5_7_up,s1_below_4282,s4_4_5,s3_2003_2005,s2_760_2075,s4_37_47,Passenger Car,s3_28_48,Not Deployed,s2_97_208,s1_below_1,Male,s3_80_96,s3_141_159,s2_164_318,s6_260_up,s2_2_4
6859,s3_1695_2555,s2_n103_99,s4_n40_7,s1_below_4282,s4_4_5,s5_2007_2009,s2_760_2075,s4_37_47,Truck (<=10000 lbs.),s4_48_64,Not Deployed,s2_97_208,s1_below_1,Male,s4_96_114,s4_159_169,s3_318_464,s3_80_160,s4_5_6
6860,s3_1695_2555,s2_n103_99,s4_n40_7,s1_below_4282,s2_2_3,s2_2001_2003,s2_760_2075,s4_37_47,Truck (<=6000 lbs.),s5_64_76,Deployed,s2_97_208,s1_below_1,Male,s4_96_114,s3_141_159,s2_164_318,s3_80_160,s2_2_4
6861,s2_885_1695,s2_n103_99,s5_7_up,s1_below_4282,s2_2_3,s1_below_2001,s2_760_2075,s4_37_47,Passenger Car,s3_28_48,Not Deployed,s2_97_208,s1_below_1,Male,s2_37_80,s3_141_159,s2_164_318,s6_260_up,s2_2_4
6862,s2_885_1695,s2_n103_99,s4_n40_7,s1_below_4282,s2_2_3,s1_below_2001,s2_760_2075,s4_37_47,Passenger Car,s4_48_64,Deployed,s2_97_208,s1_below_1,Male,s3_80_96,s3_141_159,s2_164_318,s3_80_160,s2_2_4
6863,s3_1695_2555,s2_n103_99,s4_n40_7,s1_below_4282,s2_2_3,s1_below_2001,s2_760_2075,s4_37_47,Truck (<=10000 lbs.),s3_28_48,Deployed,s2_97_208,s1_below_1,Male,s3_80_96,s4_159_169,s3_318_464,s3_80_160,s4_5_6
6864,s3_1695_2555,s2_n103_99,s4_n40_7,s1_below_4282,s1_below_2,s3_2003_2005,s2_760_2075,s3_17_37,Truck (<=6000 lbs.),s2_11_28,Not Deployed,s2_97_208,s1_below_1,Male,s4_96_114,s3_141_159,s2_164_318,s4_160_220,s2_2_4
6865,s2_885_1695,s2_n103_99,s4_n40_7,s1_below_4282,s1_below_2,s4_2005_2007,s2_760_2075,s3_17_37,Passenger Car,s3_28_48,Not Deployed,s2_97_208,s1_below_1,Male,s3_80_96,s3_141_159,s2_164_318,s3_80_160,s2_2_4
6866,s2_885_1695,s2_n103_99,s4_n40_7,s1_below_4282,s3_3_4,s1_below_2001,s2_760_2075,s4_37_47,Passenger Car,s4_48_64,Deployed,s2_97_208,s1_below_1,Female,s2_37_80,s3_141_159,s2_164_318,s4_160_220,s2_2_4
6867,s2_885_1695,s2_n103_99,s4_n40_7,s1_below_4282,s1_below_2,s1_below_2001,s3_2075_3730,s3_17_37,Passenger Car,s4_48_64,Deployed,s2_97_208,s1_below_1,Male,s3_80_96,s3_141_159,s2_164_318,s3_80_160,s2_2_4
6868,s3_1695_2555,s2_n103_99,s4_n40_7,s1_below_4282,s2_2_3,s4_2005_2007,s2_760_2075,s3_17_37,Passenger Car,s3_28_48,Not Deployed,s2_97_208,s1_below_1,Male,s2_37_80,s3_141_159,s2_164_318,s4_160_220,s2_2_4
6869,s3_1695_2555,s2_n103_99,s4_n40_7,s1_below_4282,s2_2_3,s3_2003_2005,s3_2075_3730,s3_17_37,Truck (<=6000 lbs.),s3_28_48,Deployed,s2_97_208,s1_below_1,Female,s2_37_80,s4_159_169,s2_164_318,s4_160_220,s3_4_5
6870,s3_1695_2555,s2_n103_99,s4_n40_7,s1_below_4282,s2_2_3,s3_2003_2005,s2_760_2075,s3_17_37,Truck (<=10000 lbs.),s2_11_28,Not Deployed,s2_97_208,s1_below_1,Male,s2_37_80,s5_169_179,s3_318_464,s2_40_80,s4_5_6
6871,s2_885_1695,s2_n103_99,s4_n40_7,s1_below_4282,s2_2_3,s1_below_2001,s2_760_2075,s4_37_47,Passenger Car,s2_11_28,Deployed,s2_97_208,s1_below_1,Male,s2_37_80,s3_141_159,s2_164_318,s3_80_160,s2_2_4
6872,s2_885_1695,s2_n103_99,s4_n40_7,s1_below_4282,s1_below_2,s4_2005_2007,s2_760_2075,s4_37_47,Truck (<=6000 lbs.),s2_11_28,Deployed,s2_97_208,s1_below_1,Male,s2_37_80,s3_141_159,s2_164_318,s3_80_160,s2_2_4
6873,s2_885_1695,s2_n103_99,s4_n40_7,s1_below_4282,s1_below_2,s4_2005_2007,s2_760_2075,s4_37_47,Truck (<=6000 lbs.),s3_28_48,Not Deployed,s2_97_208,s1_below_1,Female,s4_96_114,s3_141_159,s2_164_318,s3_80_160,s2_2_4
6874,s2_885_1695,s2_n103_99,s4_n40_7,s1_below_4282,s3_3_4,s1_below_2001,s2_760_2075,s4_37_47,Passenger Car,s2_11_28,Deployed,s2_97_208,s1_below_1,Female,s2_37_80,s3_141_159,s2_164_318,s3_80_160,s2_2_4
6875,s3_1695_2555,s2_n103_99,s4_n40_7,s1_below_4282,s3_3_4,s4_2005_2007,s2_760_2075,s3_17_37,Truck (<=6000 lbs.),s5_64_76,Not Deployed,s2_97_208,s1_below_1,Male,s4_96_114,s4_159_169,s2_164_318,s2_40_80,s2_2_4
6876,s2_885_1695,s2_n103_99,s4_n40_7,s1_below_4282,s1_below_2,s2_2001_2003,s2_760_2075,s3_17_37,Passenger Car,s3_28_48,Not Deployed,s2_97_208,s2_1_2,Female,s2_37_80,s3_141_159,s2_164_318,s3_80_160,s2_2_4
6877,s2_885_1695,s2_n103_99,s4_n40_7,s1_below_4282,s1_below_2,s3_2003_2005,s2_760_2075,s4_37_47,Passenger Car,s6_76_up,Not Deployed,s2_97_208,s1_below_1,Female,s2_37_80,s3_141_159,s2_164_318,s2_40_80,s2_2_4
6878,s2_885_1695,s2_n103_99,s4_n40_7,s1_below_4282,s1_below_2,s2_2001_2003,s3_2075_3730,s4_37_47,Passenger Car,s3_28_48,Deployed,s2_97_208,s1_below_1,Female,s2_37_80,s3_141_159,s2_164_318,s3_80_160,s2_2_4
6879,s3_1695_2555,s2_n103_99,s4_n40_7,s1_below_4282,s6_6_up,s3_2003_2005,s2_760_2075,s4_37_47,Truck (<=10000 lbs.),s3_28_48,Not Deployed,s2_97_208,s1_below_1,Male,s3_80_96,s4_159_169,s2_164_318,s3_80_160,s3_4_5
6880,s2_885_1695,s2_n103_99,s4_n40_7,s1_below_4282,s2_2_3,s1_below_2001,s2_760_2075,s3_17_37,Passenger Car,s2_11_28,Not Deployed,s2_97_208,s1_below_1,Female,s3_80_96,s3_141_159,s2_164_318,s4_160_220,s2_2_4
6881,s2_885_1695,s2_n103_99,s4_n40_7,s1_below_4282,s6_6_up,s2_2001_2003,s2_760_2075,s5_47_57,Passenger Car,s2_11_28,Not Deployed,s2_97_208,s1_below_1,Female,s2_37_80,s3_141_159,s2_164_318,s4_160_220,s2_2_4
6882,s3_1695_2555,s2_n103_99,s4_n40_7,s1_below_4282,s4_4_5,s1_below_2001,s2_760_2075,s4_37_47,Truck (<=10000 lbs.),s3_28_48,Not Deployed,s2_97_208,s1_below_1,Female,s6_130_up,s4_159_169,s3_318_464,s3_80_160,s4_5_6
6883,s3_1695_2555,s2_n103_99,s4_n40_7,s1_below_4282,s2_2_3,s3_2003_2005,s3_2075_3730,s4_37_47,Truck (<=6000 lbs.),s3_28_48,Not Deployed,s2_97_208,s3_2_3,Female,s2_37_80,s3_141_159,s2_164_318,s2_40_80,s2_2_4
6884,s3_1695_2555,s2_n103_99,s4_n40_7,s1_below_4282,s3_3_4,s1_below_2001,s3_2075_3730,s4_37_47,Truck (<=6000 lbs.),s5_64_76,Deployed,s2_97_208,s1_below_1,Female,s2_37_80,s3_141_159,s2_164_318,s3_80_160,s3_4_5
6885,s3_1695_2555,s2_n103_99,s4_n40_7,s1_below_4282,s1_below_2,s2_2001_2003,s3_2075_3730,s4_37_47,Truck (<=6000 lbs.),s3_28_48,Deployed,s2_97_208,s3_2_3,Female,s3_80_96,s3_141_159,s2_164_318,s3_80_160,s2_2_4
6886,s2_885_1695,s2_n103_99,s5_7_up,s1_below_4282,s5_5_6,s5_2007_2009,s2_760_2075,s4_37_47,Passenger Car,s4_48_64,Not Deployed,s2_97_208,s1_below_1,Male,s3_80_96,s3_141_159,s2_164_318,s6_260_up,s2_2_4
6887,s2_885_1695,s2_n103_99,s3_n81_n40,s1_below_4282,s2_2_3,s3_2003_2005,s2_760_2075,s4_37_47,Truck (<=6000 lbs.),s2_11_28,Not Deployed,s2_97_208,s1_below_1,Female,s2_37_80,s3_141_159,s2_164_318,s2_40_80,s2_2_4
6888,s2_885_1695,s2_n103_99,s4_n40_7,s1_below_4282,s2_2_3,s3_2003_2005,s2_760_2075,s4_37_47,Passenger Car,s2_11_28,Deployed,s2_97_208,s1_below_1,Male,s2_37_80,s3_141_159,s2_164_318,s3_80_160,s2_2_4
6889,s2_885_1695,s2_n103_99,s4_n40_7,s1_below_4282,s2_2_3,s2_2001_2003,s2_760_2075,s4_37_47,Passenger Car,s4_48_64,Deployed,s2_97_208,s1_below_1,Male,s3_80_96,s3_141_159,s2_164_318,s3_80_160,s2_2_4
6890,s3_1695_2555,s2_n103_99,s4_n40_7,s1_below_4282,s1_below_2,s2_2001_2003,s2_760_2075,s4_37_47,Passenger Car,s4_48_64,Not Deployed,s2_97_208,s4_3_4,Female,s2_37_80,s3_141_159,s2_164_318,s2_40_80,s2_2_4
6891,s4_2555_3715,s2_n103_99,s4_n40_7,s1_below_4282,s4_4_5,s2_2001_2003,s2_760_2075,s5_47_57,Truck (<=10000 lbs.),s3_28_48,Not Deployed,s2_97_208,s1_below_1,Male,s2_37_80,s5_169_179,s3_318_464,s3_80_160,s5_6_7
6892,s3_1695_2555,s2_n103_99,s5_7_up,s1_below_4282,s4_4_5,s3_2003_2005,s3_2075_3730,s4_37_47,Truck (<=10000 lbs.),s4_48_64,Not Deployed,s2_97_208,s1_below_1,Male,s3_80_96,s4_159_169,s3_318_464,s6_260_up,s4_5_6
6893,s2_885_1695,s2_n103_99,s4_n40_7,s1_below_4282,s1_below_2,s1_below_2001,s2_760_2075,s4_37_47,Truck (<=6000 lbs.),s3_28_48,Deployed,s2_97_208,s2_1_2,Female,s2_37_80,s3_141_159,s2_164_318,s3_80_160,s2_2_4
6894,s2_885_1695,s2_n103_99,s4_n40_7,s1_below_4282,s1_below_2,s3_2003_2005,s2_760_2075,s3_17_37,Truck (<=6000 lbs.),s4_48_64,Deployed,s2_97_208,s1_below_1,Female,s2_37_80,s3_141_159,s2_164_318,s2_40_80,s2_2_4
6895,s2_885_1695,s2_n103_99,s5_7_up,s1_below_4282,s1_below_2,s4_2005_2007,s2_760_2075,s3_17_37,Passenger Car,s2_11_28,Not Deployed,s2_97_208,s1_below_1,Female,s5_114_130,s3_141_159,s2_164_318,s6_260_up,s2_2_4
6896,s3_1695_2555,s2_n103_99,s4_n40_7,s1_below_4282,s1_below_2,s2_2001_2003,s3_2075_3730,s4_37_47,Truck (<=6000 lbs.),s2_11_28,Not Deployed,s2_97_208,s1_below_1,Female,s2_37_80,s3_141_159,s3_318_464,s3_80_160,s2_2_4
6897,s2_885_1695,s2_n103_99,s4_n40_7,s1_below_4282,s2_2_3,s1_below_2001,s2_760_2075,s4_37_47,Passenger Car,s4_48_64,Deployed,s2_97_208,s1_below_1,Female,s5_114_130,s3_141_159,s2_164_318,s3_80_160,s2_2_4
6898,s3_1695_2555,s2_n103_99,s4_n40_7,s1_below_4282,s4_4_5,s2_2001_2003,s2_760_2075,s3_17_37,Truck (<=10000 lbs.),s3_28_48,Deployed,s2_97_208,s1_below_1,Male,s3_80_96,s4_159_169,s3_318_464,s4_160_220,s4_5_6
6899,s2_885_1695,s2_n103_99,s4_n40_7,s1_below_4282,s1_below_2,s4_2005_2007,s3_2075_3730,s3_17_37,Passenger Car,s2_11_28,Not Deployed,s2_97_208,s1_below_1,Male,s3_80_96,s3_141_159,s2_164_318,s3_80_160,s2_2_4
6900,s2_885_1695,s2_n103_99,s4_n40_7,s1_below_4282,s1_below_2,s4_2005_2007,s2_760_2075,s4_37_47,Passenger Car,s4_48_64,Not Deployed,s2_97_208,s1_below_1,Female,s2_37_80,s3_141_159,s2_164_318,s2_40_80,s2_2_4
6901,s2_885_1695,s2_n103_99,s4_n40_7,s1_below_4282,s3_3_4,s4_2005_2007,s2_760_2075,s4_37_47,Truck (<=6000 lbs.),s6_76_up,Not Deployed,s2_97_208,s1_below_1,Male,s2_37_80,s4_159_169,s2_164_318,s3_80_160,s2_2_4
6902,s2_885_1695,s2_n103_99,s4_n40_7,s1_below_4282,s1_below_2,s3_2003_2005,s2_760_2075,s4_37_47,Truck (<=6000 lbs.),s3_28_48,Deployed,s2_97_208,s3_2_3,Male,s3_80_96,s3_141_159,s2_164_318,s3_80_160,s2_2_4
6903,s2_885_1695,s2_n103_99,s3_n81_n40,s1_below_4282,s4_4_5,s1_below_2001,s2_760_2075,s4_37_47,Truck (<=6000 lbs.),s3_28_48,Deployed,s2_97_208,s3_2_3,Female,s2_37_80,s4_159_169,s2_164_318,s3_80_160,s3_4_5
6904,s2_885_1695,s2_n103_99,s3_n81_n40,s1_below_4282,s4_4_5,s4_2005_2007,s2_760_2075,s4_37_47,Passenger Car,s6_76_up,Deployed,s2_97_208,s1_below_1,Female,s2_37_80,s3_141_159,s2_164_318,s3_80_160,s2_2_4
6905,s2_885_1695,s2_n103_99,s4_n40_7,s1_below_4282,s5_5_6,s4_2005_2007,s2_760_2075,s3_17_37,Passenger Car,s2_11_28,Deployed,s2_97_208,s1_below_1,Female,s2_37_80,s3_141_159,s2_164_318,s3_80_160,s2_2_4
6906,s2_885_1695,s2_n103_99,s4_n40_7,s1_below_4282,s1_below_2,s1_below_2001,s2_760_2075,s4_37_47,Passenger Car,s3_28_48,Not Deployed,s2_97_208,s1_below_1,Female,s2_37_80,s3_141_159,s2_164_318,s3_80_160,s2_2_4
6907,s2_885_1695,s2_n103_99,s5_7_up,s1_below_4282,s1_below_2,s3_2003_2005,s2_760_2075,s4_37_47,Passenger Car,s3_28_48,Not Deployed,s2_97_208,s1_below_1,Female,s2_37_80,s3_141_159,s2_164_318,s6_260_up,s2_2_4
6908,s2_885_1695,s2_n103_99,s5_7_up,s1_below_4282,s2_2_3,s2_2001_2003,s2_760_2075,s5_47_57,Passenger Car,s3_28_48,Deployed,s2_97_208,s1_below_1,Male,s3_80_96,s3_141_159,s2_164_318,s6_260_up,s2_2_4
6909,s2_885_1695,s2_n103_99,s4_n40_7,s1_below_4282,s1_below_2,s2_2001_2003,s2_760_2075,s3_17_37,Passenger Car,s5_64_76,Not Deployed,s2_97_208,s1_below_1,Male,s3_80_96,s3_141_159,s2_164_318,s3_80_160,s2_2_4
6910,s3_1695_2555,s2_n103_99,s4_n40_7,s1_below_4282,s1_below_2,s3_2003_2005,s2_760_2075,s3_17_37,Truck (<=6000 lbs.),s3_28_48,Not Deployed,s2_97_208,s1_below_1,Male,s2_37_80,s3_141_159,s2_164_318,s4_160_220,s2_2_4
6911,s3_1695_2555,s2_n103_99,s4_n40_7,s1_below_4282,s2_2_3,s3_2003_2005,s2_760_2075,s4_37_47,Truck (<=6000 lbs.),s3_28_48,Deployed,s2_97_208,s2_1_2,Female,s3_80_96,s3_141_159,s3_318_464,s4_160_220,s2_2_4
6912,s2_885_1695,s2_n103_99,s4_n40_7,s1_below_4282,s2_2_3,s1_below_2001,s2_760_2075,s4_37_47,Passenger Car,s5_64_76,Deployed,s2_97_208,s4_3_4,Female,s2_37_80,s3_141_159,s2_164_318,s3_80_160,s2_2_4
6913,s3_1695_2555,s2_n103_99,s4_n40_7,s1_below_4282,s2_2_3,s3_2003_2005,s2_760_2075,s5_47_57,Truck (<=6000 lbs.),s2_11_28,Deployed,s2_97_208,s1_below_1,Female,s2_37_80,s3_141_159,s2_164_318,s3_80_160,s2_2_4
6914,s2_885_1695,s2_n103_99,s3_n81_n40,s1_below_4282,s4_4_5,s2_2001_2003,s2_760_2075,s5_47_57,Passenger Car,s4_48_64,Deployed,s2_97_208,s2_1_2,Female,s2_37_80,s3_141_159,s2_164_318,s3_80_160,s2_2_4
6915,s2_885_1695,s2_n103_99,s4_n40_7,s1_below_4282,s1_below_2,s3_2003_2005,s2_760_2075,s4_37_47,Passenger Car,s3_28_48,Deployed,s2_97_208,s3_2_3,Female,s2_37_80,s3_141_159,s2_164_318,s3_80_160,s2_2_4
6916,s3_1695_2555,s2_n103_99,s4_n40_7,s1_below_4282,s2_2_3,s3_2003_2005,s2_760_2075,s4_37_47,Passenger Car,s5_64_76,Deployed,s2_97_208,s1_below_1,Female,s2_37_80,s3_141_159,s2_164_318,s3_80_160,s2_2_4
6917,s2_885_1695,s2_n103_99,s4_n40_7,s1_below_4282,s4_4_5,s4_2005_2007,s2_760_2075,s4_37_47,Passenger Car,s3_28_48,Deployed,s2_97_208,s1_below_1,Female,s2_37_80,s3_141_159,s2_164_318,s4_160_220,s2_2_4
6918,s3_1695_2555,s2_n103_99,s4_n40_7,s1_below_4282,s1_below_2,s4_2005_2007,s2_760_2075,s4_37_47,Truck (<=6000 lbs.),s4_48_64,Not Deployed,s2_97_208,s1_below_1,Female,s2_37_80,s4_159_169,s2_164_318,s4_160_220,s2_2_4
6919,s2_885_1695,s2_n103_99,s4_n40_7,s1_below_4282,s1_below_2,s4_2005_2007,s2_760_2075,s4_37_47,Passenger Car,s5_64_76,Not Deployed,s2_97_208,s1_below_1,Female,s2_37_80,s4_159_169,s2_164_318,s3_80_160,s2_2_4
6920,s3_1695_2555,s2_n103_99,s4_n40_7,s1_below_4282,s4_4_5,s2_2001_2003,s2_760_2075,s5_47_57,Truck (<=6000 lbs.),s4_48_64,Not Deployed,s2_97_208,s1_below_1,Male,s3_80_96,s3_141_159,s2_164_318,s3_80_160,s2_2_4
6921,s2_885_1695,s2_n103_99,s4_n40_7,s1_below_4282,s2_2_3,s4_2005_2007,s2_760_2075,s4_37_47,Passenger Car,s5_64_76,Deployed,s2_97_208,s3_2_3,Female,s2_37_80,s3_141_159,s2_164_318,s2_40_80,s2_2_4
6922,s2_885_1695,s2_n103_99,s3_n81_n40,s1_below_4282,s1_below_2,s3_2003_2005,s2_760_2075,s4_37_47,Passenger Car,s5_64_76,Deployed,s2_97_208,s3_2_3,Female,s3_80_96,s3_141_159,s2_164_318,s3_80_160,s2_2_4
6923,s2_885_1695,s2_n103_99,s4_n40_7,s1_below_4282,s1_below_2,s4_2005_2007,s2_760_2075,s3_17_37,Passenger Car,s2_11_28,Deployed,s2_97_208,s3_2_3,Female,s3_80_96,s3_141_159,s2_164_318,s3_80_160,s2_2_4
6924,s2_885_1695,s2_n103_99,s4_n40_7,s1_below_4282,s4_4_5,s2_2001_2003,s2_760_2075,s3_17_37,Passenger Car,s4_48_64,Deployed,s2_97_208,s1_below_1,Female,s2_37_80,s3_141_159,s2_164_318,s3_80_160,s2_2_4
6925,s3_1695_2555,s2_n103_99,s4_n40_7,s1_below_4282,s1_below_2,s4_2005_2007,s2_760_2075,s3_17_37,Truck (<=10000 lbs.),s3_28_48,Not Deployed,s2_97_208,s1_below_1,Male,s3_80_96,s5_169_179,s3_318_464,s3_80_160,s4_5_6
6926,s2_885_1695,s2_n103_99,s4_n40_7,s1_below_4282,s1_below_2,s3_2003_2005,s3_2075_3730,s3_17_37,Passenger Car,s3_28_48,Deployed,s2_97_208,s3_2_3,Female,s2_37_80,s3_141_159,s2_164_318,s3_80_160,s2_2_4
6927,s3_1695_2555,s2_n103_99,s4_n40_7,s1_below_4282,s1_below_2,s4_2005_2007,s2_760_2075,s5_47_57,Truck (<=6000 lbs.),s3_28_48,Not Deployed,s2_97_208,s1_below_1,Male,s3_80_96,s4_159_169,s2_164_318,s3_80_160,s3_4_5
6928,s2_885_1695,s2_n103_99,s4_n40_7,s1_below_4282,s1_below_2,s5_2007_2009,s2_760_2075,s4_37_47,Passenger Car,s4_48_64,Not Deployed,s2_97_208,s1_below_1,Female,s3_80_96,s3_141_159,s2_164_318,s3_80_160,s2_2_4
6929,s2_885_1695,s2_n103_99,s4_n40_7,s1_below_4282,s2_2_3,s4_2005_2007,s3_2075_3730,s4_37_47,Passenger Car,s5_64_76,Not Deployed,s2_97_208,s1_below_1,Female,s2_37_80,s3_141_159,s2_164_318,s3_80_160,s2_2_4
6930,s2_885_1695,s2_n103_99,s4_n40_7,s1_below_4282,s1_below_2,s2_2001_2003,s2_760_2075,s3_17_37,Passenger Car,s3_28_48,Deployed,s2_97_208,s2_1_2,Female,s2_37_80,s3_141_159,s2_164_318,s3_80_160,s2_2_4
6931,s3_1695_2555,s2_n103_99,s4_n40_7,s1_below_4282,s2_2_3,s2_2001_2003,s2_760_2075,s3_17_37,Truck (<=10000 lbs.),s4_48_64,Not Deployed,s2_97_208,s1_below_1,Female,s2_37_80,s3_141_159,s2_164_318,s3_80_160,s2_2_4
6932,s3_1695_2555,s2_n103_99,s3_n81_n40,s1_below_4282,s1_below_2,s3_2003_2005,s2_760_2075,s4_37_47,Truck (<=6000 lbs.),s3_28_48,Deployed,s2_97_208,s1_below_1,Male,s2_37_80,s3_141_159,s3_318_464,s3_80_160,s3_4_5
6933,s2_885_1695,s2_n103_99,s4_n40_7,s1_below_4282,s1_below_2,s2_2001_2003,s2_760_2075,s4_37_47,Passenger Car,s4_48_64,Not Deployed,s2_97_208,s1_below_1,Female,s2_37_80,s3_141_159,s2_164_318,s4_160_220,s2_2_4
6934,s3_1695_2555,s2_n103_99,s4_n40_7,s1_below_4282,s3_3_4,s1_below_2001,s3_2075_3730,s3_17_37,Truck (<=6000 lbs.),s3_28_48,Not Deployed,s2_97_208,s1_below_1,Male,s3_80_96,s3_141_159,s2_164_318,s2_40_80,s2_2_4
6935,s3_1695_2555,s2_n103_99,s4_n40_7,s1_below_4282,s2_2_3,s4_2005_2007,s2_760_2075,s4_37_47,Truck (<=6000 lbs.),s4_48_64,Deployed,s2_97_208,s1_below_1,Female,s2_37_80,s4_159_169,s2_164_318,s4_160_220,s3_4_5
6936,s3_1695_2555,s2_n103_99,s4_n40_7,s1_below_4282,s4_4_5,s2_2001_2003,s3_2075_3730,s4_37_47,Truck (<=10000 lbs.),s4_48_64,Not Deployed,s2_97_208,s1_below_1,Male,s3_80_96,s5_169_179,s3_318_464,s3_80_160,s4_5_6
6937,s2_885_1695,s2_n103_99,s4_n40_7,s1_below_4282,s1_below_2,s2_2001_2003,s2_760_2075,s3_17_37,Passenger Car,s4_48_64,Deployed,s2_97_208,s1_below_1,Female,s2_37_80,s3_141_159,s2_164_318,s4_160_220,s2_2_4
6938,s2_885_1695,s2_n103_99,s4_n40_7,s1_below_4282,s1_below_2,s4_2005_2007,s2_760_2075,s3_17_37,Truck (<=6000 lbs.),s5_64_76,Not Deployed,s2_97_208,s1_below_1,Female,s2_37_80,s3_141_159,s2_164_318,s3_80_160,s2_2_4
6939,s2_885_1695,s2_n103_99,s5_7_up,s1_below_4282,s4_4_5,s5_2007_2009,s2_760_2075,s4_37_47,Passenger Car,s5_64_76,Not Deployed,s2_97_208,s1_below_1,Female,s2_37_80,s3_141_159,s2_164_318,s6_260_up,s2_2_4
6940,s2_885_1695,s2_n103_99,s5_7_up,s1_below_4282,s2_2_3,s2_2001_2003,s2_760_2075,s3_17_37,Passenger Car,s4_48_64,Not Deployed,s2_97_208,s1_below_1,Female,s2_37_80,s3_141_159,s2_164_318,s4_160_220,s2_2_4
6941,s3_1695_2555,s2_n103_99,s5_7_up,s1_below_4282,s3_3_4,s4_2005_2007,s2_760_2075,s5_47_57,Truck (<=6000 lbs.),s3_28_48,Not Deployed,s2_97_208,s1_below_1,Female,s2_37_80,s3_141_159,s3_318_464,s6_260_up,s3_4_5
6942,s4_2555_3715,s2_n103_99,s4_n40_7,s1_below_4282,s2_2_3,s3_2003_2005,s2_760_2075,s4_37_47,Truck (<=10000 lbs.),s3_28_48,Deployed,s2_97_208,s1_below_1,Male,s2_37_80,s5_169_179,s3_318_464,s3_80_160,s4_5_6
6943,s4_2555_3715,s2_n103_99,s4_n40_7,s1_below_4282,s3_3_4,s4_2005_2007,s2_760_2075,s4_37_47,Truck (<=10000 lbs.),s4_48_64,Deployed,s2_97_208,s1_below_1,Male,s4_96_114,s5_169_179,s3_318_464,s3_80_160,s5_6_7
6944,s2_885_1695,s2_n103_99,s4_n40_7,s1_below_4282,s3_3_4,s3_2003_2005,s2_760_2075,s3_17_37,Passenger Car,s3_28_48,Deployed,s2_97_208,s1_below_1,Male,s4_96_114,s3_141_159,s2_164_318,s4_160_220,s2_2_4
6945,s2_885_1695,s2_n103_99,s4_n40_7,s1_below_4282,s2_2_3,s1_below_2001,s2_760_2075,s4_37_47,Passenger Car,s2_11_28,Deployed,s2_97_208,s3_2_3,Female,s2_37_80,s3_141_159,s2_164_318,s3_80_160,s2_2_4
6946,s1_below_885,s2_n103_99,s5_7_up,s1_below_4282,s2_2_3,s3_2003_2005,s2_760_2075,s6_57_up,Truck (<=6000 lbs.),s3_28_48,Not Deployed,s2_97_208,s1_below_1,Female,s2_37_80,s3_141_159,s2_164_318,s6_260_up,s2_2_4
6947,s3_1695_2555,s2_n103_99,s4_n40_7,s1_below_4282,s1_below_2,s2_2001_2003,s2_760_2075,s3_17_37,Truck (<=6000 lbs.),s2_11_28,Deployed,s2_97_208,s1_below_1,Male,s2_37_80,s3_141_159,s2_164_318,s3_80_160,s2_2_4
6948,s2_885_1695,s2_n103_99,s4_n40_7,s1_below_4282,s4_4_5,s4_2005_2007,s2_760_2075,s4_37_47,Passenger Car,s6_76_up,Not Deployed,s2_97_208,s1_below_1,Female,s2_37_80,s3_141_159,s2_164_318,s3_80_160,s2_2_4
6949,s3_1695_2555,s2_n103_99,s4_n40_7,s1_below_4282,s1_below_2,s4_2005_2007,s2_760_2075,s4_37_47,Truck (<=10000 lbs.),s4_48_64,Not Deployed,s2_97_208,s1_below_1,Male,s3_80_96,s5_169_179,s3_318_464,s3_80_160,s4_5_6
6950,s2_885_1695,s2_n103_99,s4_n40_7,s1_below_4282,s3_3_4,s5_2007_2009,s3_2075_3730,s4_37_47,Passenger Car,s4_48_64,Deployed,s2_97_208,s2_1_2,Female,s3_80_96,s3_141_159,s2_164_318,s3_80_160,s2_2_4
6951,s2_885_1695,s2_n103_99,s4_n40_7,s1_below_4282,s4_4_5,s1_below_2001,s2_760_2075,s4_37_47,Passenger Car,s2_11_28,Not Deployed,s2_97_208,s1_below_1,Female,s2_37_80,s3_141_159,s2_164_318,s3_80_160,s2_2_4
6952,s2_885_1695,s2_n103_99,s4_n40_7,s1_below_4282,s1_below_2,s3_2003_2005,s2_760_2075,s4_37_47,Passenger Car,s3_28_48,Not Deployed,s2_97_208,s1_below_1,Female,s2_37_80,s3_141_159,s2_164_318,s3_80_160,s2_2_4
6953,s2_885_1695,s2_n103_99,s4_n40_7,s1_below_4282,s1_below_2,s3_2003_2005,s2_760_2075,s3_17_37,Passenger Car,s4_48_64,Deployed,s2_97_208,s1_below_1,Female,s4_96_114,s3_141_159,s2_164_318,s3_80_160,s2_2_4
6954,s2_885_1695,s2_n103_99,s4_n40_7,s1_below_4282,s1_below_2,s3_2003_2005,s2_760_2075,s3_17_37,Passenger Car,s2_11_28,Not Deployed,s2_97_208,s1_below_1,Female,s2_37_80,s3_141_159,s2_164_318,s3_80_160,s2_2_4
6955,s2_885_1695,s2_n103_99,s4_n40_7,s1_below_4282,s4_4_5,s3_2003_2005,s2_760_2075,s3_17_37,Passenger Car,s2_11_28,Not Deployed,s2_97_208,s1_below_1,Male,s2_37_80,s3_141_159,s2_164_318,s3_80_160,s2_2_4
6956,s2_885_1695,s2_n103_99,s4_n40_7,s1_below_4282,s4_4_5,s2_2001_2003,s2_760_2075,s3_17_37,Passenger Car,s3_28_48,Not Deployed,s2_97_208,s1_below_1,Male,s2_37_80,s3_141_159,s2_164_318,s3_80_160,s2_2_4
6957,s3_1695_2555,s2_n103_99,s4_n40_7,s1_below_4282,s4_4_5,s5_2007_2009,s2_760_2075,s4_37_47,Truck (<=10000 lbs.),s3_28_48,Deployed,s2_97_208,s1_below_1,Male,s4_96_114,s5_169_179,s2_164_318,s3_80_160,s3_4_5
6958,s2_885_1695,s2_n103_99,s4_n40_7,s1_below_4282,s1_below_2,s1_below_2001,s2_760_2075,s4_37_47,Passenger Car,s2_11_28,Not Deployed,s2_97_208,s1_below_1,Female,s2_37_80,s3_141_159,s2_164_318,s3_80_160,s2_2_4
6959,s3_1695_2555,s2_n103_99,s4_n40_7,s1_below_4282,s1_below_2,s3_2003_2005,s2_760_2075,s3_17_37,Truck (<=10000 lbs.),s3_28_48,Not Deployed,s2_97_208,s1_below_1,Male,s3_80_96,s5_169_179,s3_318_464,s3_80_160,s4_5_6
6960,s3_1695_2555,s2_n103_99,s4_n40_7,s1_below_4282,s3_3_4,s5_2007_2009,s2_760_2075,s5_47_57,Passenger Car,s5_64_76,Deployed,s2_97_208,s3_2_3,Male,s3_80_96,s3_141_159,s2_164_318,s3_80_160,s2_2_4
6961,s3_1695_2555,s2_n103_99,s4_n40_7,s1_below_4282,s1_below_2,s3_2003_2005,s2_760_2075,s4_37_47,Truck (<=6000 lbs.),s2_11_28,Deployed,s2_97_208,s1_below_1,Female,s2_37_80,s3_141_159,s2_164_318,s4_160_220,s2_2_4
6962,s3_1695_2555,s2_n103_99,s4_n40_7,s1_below_4282,s3_3_4,s2_2001_2003,s2_760_2075,s5_47_57,Truck (<=6000 lbs.),s4_48_64,Deployed,s2_97_208,s3_2_3,Female,s2_37_80,s3_141_159,s2_164_318,s3_80_160,s2_2_4
6963,s2_885_1695,s2_n103_99,s5_7_up,s1_below_4282,s3_3_4,s4_2005_2007,s2_760_2075,s5_47_57,Truck (<=6000 lbs.),s4_48_64,Deployed,s2_97_208,s1_below_1,Female,s2_37_80,s3_141_159,s2_164_318,s6_260_up,s2_2_4
6964,s2_885_1695,s2_n103_99,s4_n40_7,s1_below_4282,s2_2_3,s3_2003_2005,s2_760_2075,s5_47_57,Passenger Car,s4_48_64,Not Deployed,s2_97_208,s1_below_1,Female,s2_37_80,s3_141_159,s2_164_318,s3_80_160,s2_2_4
6965,s2_885_1695,s2_n103_99,s4_n40_7,s1_below_4282,s1_below_2,s4_2005_2007,s2_760_2075,s4_37_47,Passenger Car,s3_28_48,Not Deployed,s2_97_208,s1_below_1,Female,s2_37_80,s3_141_159,s2_164_318,s4_160_220,s2_2_4
6966,s2_885_1695,s2_n103_99,s4_n40_7,s1_below_4282,s1_below_2,s4_2005_2007,s2_760_2075,s4_37_47,Passenger Car,s2_11_28,Deployed,s2_97_208,s1_below_1,Female,s2_37_80,s3_141_159,s2_164_318,s3_80_160,s2_2_4
6967,s2_885_1695,s2_n103_99,s5_7_up,s1_below_4282,s1_below_2,s3_2003_2005,s2_760_2075,s4_37_47,Truck (<=6000 lbs.),s2_11_28,Not Deployed,s2_97_208,s1_below_1,Female,s2_37_80,s3_141_159,s2_164_318,s6_260_up,s2_2_4
6968,s2_885_1695,s2_n103_99,s4_n40_7,s1_below_4282,s1_below_2,s4_2005_2007,s2_760_2075,s4_37_47,Passenger Car,s2_11_28,Deployed,s2_97_208,s1_below_1,Male,s3_80_96,s3_141_159,s2_164_318,s3_80_160,s2_2_4
6969,s2_885_1695,s2_n103_99,s5_7_up,s1_below_4282,s1_below_2,s3_2003_2005,s2_760_2075,s5_47_57,Truck (<=6000 lbs.),s4_48_64,Not Deployed,s2_97_208,s2_1_2,Male,s3_80_96,s3_141_159,s3_318_464,s6_260_up,s2_2_4
6970,s3_1695_2555,s2_n103_99,s4_n40_7,s1_below_4282,s1_below_2,s1_below_2001,s2_760_2075,s5_47_57,Truck (<=6000 lbs.),s3_28_48,Not Deployed,s2_97_208,s1_below_1,Female,s2_37_80,s3_141_159,s2_164_318,s3_80_160,s2_2_4
6971,s2_885_1695,s2_n103_99,s4_n40_7,s1_below_4282,s1_below_2,s4_2005_2007,s2_760_2075,s5_47_57,Truck (<=6000 lbs.),s4_48_64,Not Deployed,s2_97_208,s2_1_2,Female,s2_37_80,s3_141_159,s2_164_318,s3_80_160,s2_2_4
6972,s2_885_1695,s2_n103_99,s4_n40_7,s1_below_4282,s1_below_2,s1_below_2001,s2_760_2075,s6_57_up,Passenger Car,s3_28_48,Deployed,s2_97_208,s1_below_1,Male,s3_80_96,s3_141_159,s2_164_318,s3_80_160,s2_2_4
6973,s3_1695_2555,s2_n103_99,s5_7_up,s1_below_4282,s3_3_4,s3_2003_2005,s3_2075_3730,s6_57_up,Truck (<=10000 lbs.),s3_28_48,Not Deployed,s2_97_208,s1_below_1,Male,s2_37_80,s5_169_179,s3_318_464,s6_260_up,s4_5_6
6974,s3_1695_2555,s2_n103_99,s3_n81_n40,s1_below_4282,s5_5_6,s3_2003_2005,s2_760_2075,s4_37_47,Truck (<=6000 lbs.),s2_11_28,Deployed,s2_97_208,s1_below_1,Female,s2_37_80,s3_141_159,s2_164_318,s3_80_160,s2_2_4
6975,s3_1695_2555,s2_n103_99,s4_n40_7,s1_below_4282,s1_below_2,s4_2005_2007,s2_760_2075,s5_47_57,Truck (<=6000 lbs.),s3_28_48,Deployed,s2_97_208,s1_below_1,Male,s3_80_96,s5_169_179,s2_164_318,s3_80_160,s2_2_4
6976,s3_1695_2555,s2_n103_99,s4_n40_7,s1_below_4282,s3_3_4,s2_2001_2003,s2_760_2075,s4_37_47,Truck (<=6000 lbs.),s2_11_28,Not Deployed,s2_97_208,s2_1_2,Female,s3_80_96,s3_141_159,s2_164_318,s4_160_220,s2_2_4
6977,s3_1695_2555,s2_n103_99,s4_n40_7,s1_below_4282,s3_3_4,s5_2007_2009,s2_760_2075,s4_37_47,Truck (<=6000 lbs.),s3_28_48,Deployed,s2_97_208,s1_below_1,Male,s2_37_80,s3_141_159,s3_318_464,s3_80_160,s3_4_5
6978,s3_1695_2555,s2_n103_99,s4_n40_7,s1_below_4282,s1_below_2,s4_2005_2007,s2_760_2075,s4_37_47,Truck (<=6000 lbs.),s2_11_28,Deployed,s2_97_208,s1_below_1,Male,s3_80_96,s3_141_159,s2_164_318,s3_80_160,s2_2_4
6979,s2_885_1695,s2_n103_99,s4_n40_7,s1_below_4282,s3_3_4,s3_2003_2005,s3_2075_3730,s5_47_57,Passenger Car,s4_48_64,Not Deployed,s2_97_208,s1_below_1,Female,s2_37_80,s3_141_159,s2_164_318,s4_160_220,s2_2_4
6980,s3_1695_2555,s2_n103_99,s4_n40_7,s1_below_4282,s3_3_4,s3_2003_2005,s2_760_2075,s5_47_57,Truck (<=10000 lbs.),s4_48_64,Deployed,s2_97_208,s1_below_1,Male,s2_37_80,s4_159_169,s2_164_318,s3_80_160,s3_4_5
6981,s2_885_1695,s2_n103_99,s4_n40_7,s1_below_4282,s3_3_4,s4_2005_2007,s2_760_2075,s4_37_47,Passenger Car,s2_11_28,Deployed,s2_97_208,s1_below_1,Male,s2_37_80,s3_141_159,s2_164_318,s3_80_160,s2_2_4
6982,s2_885_1695,s2_n103_99,s5_7_up,s1_below_4282,s3_3_4,s3_2003_2005,s2_760_2075,s4_37_47,Passenger Car,s2_11_28,Not Deployed,s2_97_208,s1_below_1,Female,s2_37_80,s3_141_159,s2_164_318,s6_260_up,s2_2_4
6983,s3_1695_2555,s2_n103_99,s5_7_up,s1_below_4282,s1_below_2,s3_2003_2005,s2_760_2075,s4_37_47,Truck (<=10000 lbs.),s3_28_48,Not Deployed,s2_97_208,s1_below_1,Female,s2_37_80,s5_169_179,s2_164_318,s6_260_up,s3_4_5
6984,s2_885_1695,s2_n103_99,s4_n40_7,s1_below_4282,s3_3_4,s1_below_2001,s2_760_2075,s4_37_47,Passenger Car,s3_28_48,Not Deployed,s2_97_208,s1_below_1,Female,s2_37_80,s3_141_159,s2_164_318,s3_80_160,s2_2_4
6985,s3_1695_2555,s2_n103_99,s4_n40_7,s1_below_4282,s2_2_3,s2_2001_2003,s2_760_2075,s4_37_47,Truck (<=6000 lbs.),s4_48_64,Deployed,s2_97_208,s2_1_2,Male,s3_80_96,s5_169_179,s2_164_318,s3_80_160,s2_2_4
6986,s2_885_1695,s2_n103_99,s3_n81_n40,s1_below_4282,s1_below_2,s4_2005_2007,s2_760_2075,s5_47_57,Passenger Car,s5_64_76,Deployed,s2_97_208,s3_2_3,Male,s6_130_up,s3_141_159,s2_164_318,s3_80_160,s2_2_4
6987,s3_1695_2555,s2_n103_99,s4_n40_7,s1_below_4282,s1_below_2,s4_2005_2007,s2_760_2075,s5_47_57,Truck (<=10000 lbs.),s2_11_28,Deployed,s2_97_208,s1_below_1,Male,s4_96_114,s5_169_179,s3_318_464,s3_80_160,s4_5_6
6988,s3_1695_2555,s2_n103_99,s3_n81_n40,s1_below_4282,s1_below_2,s3_2003_2005,s3_2075_3730,s5_47_57,Truck (<=10000 lbs.),s3_28_48,Deployed,s2_97_208,s1_below_1,Female,s2_37_80,s3_141_159,s3_318_464,s3_80_160,s3_4_5
6989,s3_1695_2555,s2_n103_99,s4_n40_7,s1_below_4282,s1_below_2,s3_2003_2005,s3_2075_3730,s4_37_47,Passenger Car,s6_76_up,Deployed,s2_97_208,s4_3_4,Female,s2_37_80,s4_159_169,s2_164_318,s3_80_160,s2_2_4
6990,s3_1695_2555,s2_n103_99,s4_n40_7,s1_below_4282,s4_4_5,s3_2003_2005,s2_760_2075,s4_37_47,Truck (<=10000 lbs.),s4_48_64,Deployed,s2_97_208,s1_below_1,Male,s4_96_114,s5_169_179,s3_318_464,s3_80_160,s4_5_6
6991,s3_1695_2555,s2_n103_99,s4_n40_7,s1_below_4282,s2_2_3,s2_2001_2003,s2_760_2075,s5_47_57,Truck (<=6000 lbs.),s3_28_48,Not Deployed,s2_97_208,s1_below_1,Female,s3_80_96,s3_141_159,s2_164_318,s4_160_220,s3_4_5
6992,s3_1695_2555,s2_n103_99,s4_n40_7,s1_below_4282,s2_2_3,s4_2005_2007,s2_760_2075,s5_47_57,Passenger Car,s3_28_48,Not Deployed,s2_97_208,s1_below_1,Female,s5_114_130,s4_159_169,s2_164_318,s2_40_80,s2_2_4
6993,s2_885_1695,s2_n103_99,s4_n40_7,s1_below_4282,s3_3_4,s5_2007_2009,s2_760_2075,s5_47_57,Passenger Car,s2_11_28,Deployed,s2_97_208,s1_below_1,Male,s4_96_114,s3_141_159,s2_164_318,s4_160_220,s2_2_4
6994,s3_1695_2555,s2_n103_99,s4_n40_7,s1_below_4282,s3_3_4,s3_2003_2005,s2_760_2075,s4_37_47,Truck (<=10000 lbs.),s2_11_28,Deployed,s2_97_208,s1_below_1,Male,s3_80_96,s5_169_179,s3_318_464,s3_80_160,s4_5_6
6995,s3_1695_2555,s2_n103_99,s4_n40_7,s1_below_4282,s3_3_4,s3_2003_2005,s2_760_2075,s5_47_57,Truck (<=10000 lbs.),s3_28_48,Deployed,s2_97_208,s1_below_1,Female,s2_37_80,s4_159_169,s3_318_464,s3_80_160,s4_5_6
6996,s2_885_1695,s2_n103_99,s4_n40_7,s1_below_4282,s2_2_3,s2_2001_2003,s3_2075_3730,s3_17_37,Truck (<=6000 lbs.),s4_48_64,Deployed,s2_97_208,s4_3_4,Female,s3_80_96,s3_141_159,s2_164_318,s3_80_160,s2_2_4
6997,s2_885_1695,s2_n103_99,s4_n40_7,s1_below_4282,s1_below_2,s1_below_2001,s2_760_2075,s5_47_57,Passenger Car,s2_11_28,Deployed,s2_97_208,s1_below_1,Female,s3_80_96,s3_141_159,s2_164_318,s4_160_220,s2_2_4
6998,s2_885_1695,s2_n103_99,s4_n40_7,s1_below_4282,s1_below_2,s1_below_2001,s2_760_2075,s3_17_37,Passenger Car,s5_64_76,Not Deployed,s2_97_208,s1_below_1,Female,s2_37_80,s3_141_159,s2_164_318,s3_80_160,s2_2_4
6999,s2_885_1695,s2_n103_99,s4_n40_7,s1_below_4282,s2_2_3,s1_below_2001,s2_760_2075,s3_17_37,Passenger Car,s3_28_48,Not Deployed,s2_97_208,s1_below_1,Female,s3_80_96,s3_141_159,s2_164_318,s2_40_80,s2_2_4
7000,s3_1695_2555,s2_n103_99,s4_n40_7,s1_below_4282,s3_3_4,s4_2005_2007,s2_760_2075,s4_37_47,Passenger Car,s6_76_up,Deployed,s2_97_208,s1_below_1,Male,s2_37_80,s3_141_159,s2_164_318,s3_80_160,s2_2_4
7001,s3_1695_2555,s2_n103_99,s4_n40_7,s1_below_4282,s1_below_2,s3_2003_2005,s2_760_2075,s4_37_47,Truck (<=10000 lbs.),s4_48_64,Deployed,s2_97_208,s1_below_1,Male,s4_96_114,s4_159_169,s2_164_318,s3_80_160,s3_4_5
7002,s2_885_1695,s2_n103_99,s4_n40_7,s1_below_4282,s1_below_2,s3_2003_2005,s3_2075_3730,s4_37_47,Passenger Car,s3_28_48,Deployed,s2_97_208,s4_3_4,Female,s2_37_80,s3_141_159,s2_164_318,s3_80_160,s2_2_4
7003,s2_885_1695,s2_n103_99,s4_n40_7,s1_below_4282,s1_below_2,s2_2001_2003,s2_760_2075,s5_47_57,Passenger Car,s3_28_48,Deployed,s2_97_208,s1_below_1,Male,s2_37_80,s3_141_159,s2_164_318,s3_80_160,s2_2_4
7004,s2_885_1695,s2_n103_99,s4_n40_7,s1_below_4282,s4_4_5,s3_2003_2005,s2_760_2075,s5_47_57,Passenger Car,s2_11_28,Deployed,s2_97_208,s1_below_1,Female,s2_37_80,s3_141_159,s2_164_318,s3_80_160,s2_2_4
7005,s3_1695_2555,s2_n103_99,s4_n40_7,s1_below_4282,s1_below_2,s4_2005_2007,s2_760_2075,s4_37_47,Truck (<=6000 lbs.),s4_48_64,Not Deployed,s2_97_208,s1_below_1,Female,s2_37_80,s3_141_159,s2_164_318,s4_160_220,s2_2_4
7006,s2_885_1695,s2_n103_99,s4_n40_7,s1_below_4282,s1_below_2,s4_2005_2007,s2_760_2075,s3_17_37,Passenger Car,s3_28_48,Deployed,s2_97_208,s1_below_1,Female,s2_37_80,s3_141_159,s2_164_318,s3_80_160,s2_2_4
7007,s3_1695_2555,s2_n103_99,s5_7_up,s1_below_4282,s2_2_3,s3_2003_2005,s2_760_2075,s5_47_57,Truck (<=6000 lbs.),s4_48_64,Not Deployed,s2_97_208,s1_below_1,Female,s4_96_114,s3_141_159,s3_318_464,s6_260_up,s2_2_4
7008,s2_885_1695,s2_n103_99,s4_n40_7,s1_below_4282,s1_below_2,s3_2003_2005,s2_760_2075,s5_47_57,Passenger Car,s2_11_28,Deployed,s2_97_208,s1_below_1,Female,s3_80_96,s3_141_159,s2_164_318,s3_80_160,s2_2_4
7009,s4_2555_3715,s2_n103_99,s4_n40_7,s1_below_4282,s2_2_3,s3_2003_2005,s2_760_2075,s4_37_47,Truck (<=10000 lbs.),s2_11_28,Not Deployed,s2_97_208,s1_below_1,Male,s2_37_80,s5_169_179,s3_318_464,s3_80_160,s4_5_6
7010,s3_1695_2555,s2_n103_99,s4_n40_7,s1_below_4282,s3_3_4,s4_2005_2007,s2_760_2075,s5_47_57,Passenger Car,s5_64_76,Not Deployed,s2_97_208,s1_below_1,Female,s2_37_80,s4_159_169,s2_164_318,s4_160_220,s3_4_5
7011,s2_885_1695,s2_n103_99,s4_n40_7,s1_below_4282,s1_below_2,s4_2005_2007,s2_760_2075,s3_17_37,Truck (<=6000 lbs.),s5_64_76,Not Deployed,s2_97_208,s1_below_1,Female,s2_37_80,s3_141_159,s2_164_318,s2_40_80,s2_2_4
7012,s2_885_1695,s2_n103_99,s4_n40_7,s1_below_4282,s1_below_2,s3_2003_2005,s2_760_2075,s3_17_37,Truck (<=6000 lbs.),s2_11_28,Deployed,s2_97_208,s1_below_1,Female,s2_37_80,s3_141_159,s2_164_318,s3_80_160,s2_2_4
7013,s2_885_1695,s2_n103_99,s4_n40_7,s1_below_4282,s1_below_2,s5_2007_2009,s3_2075_3730,s5_47_57,Passenger Car,s3_28_48,Deployed,s2_97_208,s1_below_1,Female,s2_37_80,s3_141_159,s2_164_318,s4_160_220,s2_2_4
7014,s3_1695_2555,s2_n103_99,s4_n40_7,s1_below_4282,s1_below_2,s3_2003_2005,s3_2075_3730,s5_47_57,Truck (<=6000 lbs.),s2_11_28,Not Deployed,s2_97_208,s1_below_1,Female,s2_37_80,s3_141_159,s2_164_318,s3_80_160,s2_2_4
7015,s3_1695_2555,s2_n103_99,s4_n40_7,s1_below_4282,s4_4_5,s4_2005_2007,s3_2075_3730,s5_47_57,Truck (<=10000 lbs.),s4_48_64,Deployed,s2_97_208,s1_below_1,Male,s3_80_96,s5_169_179,s3_318_464,s3_80_160,s4_5_6
7016,s2_885_1695,s2_n103_99,s4_n40_7,s1_below_4282,s3_3_4,s4_2005_2007,s2_760_2075,s5_47_57,Passenger Car,s2_11_28,Not Deployed,s2_97_208,s1_below_1,Female,s2_37_80,s3_141_159,s2_164_318,s4_160_220,s2_2_4
7017,s2_885_1695,s2_n103_99,s4_n40_7,s1_below_4282,s3_3_4,s4_2005_2007,s2_760_2075,s5_47_57,Passenger Car,s3_28_48,Deployed,s2_97_208,s1_below_1,Female,s4_96_114,s3_141_159,s2_164_318,s3_80_160,s2_2_4
7018,s2_885_1695,s2_n103_99,s4_n40_7,s1_below_4282,s4_4_5,s1_below_2001,s2_760_2075,s5_47_57,Passenger Car,s3_28_48,Deployed,s2_97_208,s1_below_1,Male,s4_96_114,s3_141_159,s2_164_318,s3_80_160,s2_2_4
7019,s2_885_1695,s2_n103_99,s3_n81_n40,s1_below_4282,s3_3_4,s4_2005_2007,s2_760_2075,s4_37_47,Passenger Car,s2_11_28,Deployed,s2_97_208,s1_below_1,Female,s4_96_114,s3_141_159,s2_164_318,s3_80_160,s2_2_4
7020,s2_885_1695,s2_n103_99,s4_n40_7,s1_below_4282,s2_2_3,s4_2005_2007,s2_760_2075,s4_37_47,Passenger Car,s2_11_28,Deployed,s2_97_208,s1_below_1,Female,s2_37_80,s3_141_159,s2_164_318,s3_80_160,s2_2_4
7021,s2_885_1695,s2_n103_99,s5_7_up,s1_below_4282,s2_2_3,s5_2007_2009,s2_760_2075,s4_37_47,Passenger Car,s2_11_28,Not Deployed,s2_97_208,s1_below_1,Female,s2_37_80,s4_159_169,s2_164_318,s6_260_up,s2_2_4
7022,s2_885_1695,s2_n103_99,s4_n40_7,s1_below_4282,s1_below_2,s4_2005_2007,s2_760_2075,s5_47_57,Passenger Car,s3_28_48,Deployed,s2_97_208,s1_below_1,Female,s2_37_80,s3_141_159,s2_164_318,s4_160_220,s2_2_4
7023,s2_885_1695,s2_n103_99,s5_7_up,s1_below_4282,s4_4_5,s4_2005_2007,s2_760_2075,s4_37_47,Passenger Car,s3_28_48,Not Deployed,s2_97_208,s1_below_1,Male,s4_96_114,s3_141_159,s2_164_318,s6_260_up,s2_2_4
7024,s2_885_1695,s2_n103_99,s4_n40_7,s1_below_4282,s3_3_4,s3_2003_2005,s2_760_2075,s5_47_57,Passenger Car,s5_64_76,Not Deployed,s2_97_208,s1_below_1,Female,s5_114_130,s3_141_159,s2_164_318,s4_160_220,s2_2_4
7025,s2_885_1695,s2_n103_99,s4_n40_7,s1_below_4282,s3_3_4,s2_2001_2003,s2_760_2075,s5_47_57,Passenger Car,s3_28_48,Deployed,s2_97_208,s1_below_1,Male,s3_80_96,s3_141_159,s2_164_318,s3_80_160,s2_2_4
7026,s3_1695_2555,s2_n103_99,s4_n40_7,s1_below_4282,s1_below_2,s1_below_2001,s2_760_2075,s4_37_47,Passenger Car,s2_11_28,Not Deployed,s2_97_208,s1_below_1,Male,s5_114_130,s4_159_169,s2_164_318,s2_40_80,s3_4_5
7027,s2_885_1695,s2_n103_99,s4_n40_7,s1_below_4282,s1_below_2,s1_below_2001,s2_760_2075,s4_37_47,Truck (<=6000 lbs.),s3_28_48,Deployed,s2_97_208,s1_below_1,Male,s2_37_80,s3_141_159,s2_164_318,s4_160_220,s2_2_4
7028,s3_1695_2555,s2_n103_99,s4_n40_7,s1_below_4282,s2_2_3,s1_below_2001,s3_2075_3730,s5_47_57,Truck (<=10000 lbs.),s4_48_64,Not Deployed,s2_97_208,s2_1_2,Female,s3_80_96,s4_159_169,s3_318_464,s3_80_160,s4_5_6
7029,s3_1695_2555,s2_n103_99,s4_n40_7,s1_below_4282,s3_3_4,s3_2003_2005,s2_760_2075,s5_47_57,Truck (<=6000 lbs.),s2_11_28,Deployed,s2_97_208,s1_below_1,Male,s2_37_80,s3_141_159,s2_164_318,s3_80_160,s2_2_4
7030,s2_885_1695,s2_n103_99,s4_n40_7,s1_below_4282,s1_below_2,s4_2005_2007,s2_760_2075,s3_17_37,Passenger Car,s2_11_28,Not Deployed,s2_97_208,s1_below_1,Male,s2_37_80,s3_141_159,s2_164_318,s2_40_80,s2_2_4
7031,s3_1695_2555,s2_n103_99,s4_n40_7,s1_below_4282,s1_below_2,s3_2003_2005,s2_760_2075,s3_17_37,Truck (<=10000 lbs.),s4_48_64,Not Deployed,s2_97_208,s1_below_1,Male,s4_96_114,s4_159_169,s3_318_464,s2_40_80,s4_5_6
7032,s2_885_1695,s2_n103_99,s4_n40_7,s1_below_4282,s1_below_2,s2_2001_2003,s3_2075_3730,s3_17_37,Passenger Car,s2_11_28,Deployed,s2_97_208,s2_1_2,Female,s2_37_80,s3_141_159,s2_164_318,s3_80_160,s2_2_4
7033,s2_885_1695,s2_n103_99,s4_n40_7,s1_below_4282,s3_3_4,s4_2005_2007,s2_760_2075,s5_47_57,Passenger Car,s3_28_48,Not Deployed,s2_97_208,s1_below_1,Male,s4_96_114,s3_141_159,s2_164_318,s3_80_160,s2_2_4
7034,s2_885_1695,s2_n103_99,s5_7_up,s1_below_4282,s3_3_4,s5_2007_2009,s2_760_2075,s5_47_57,Passenger Car,s2_11_28,Not Deployed,s2_97_208,s1_below_1,Male,s2_37_80,s3_141_159,s2_164_318,s6_260_up,s2_2_4
7035,s2_885_1695,s2_n103_99,s3_n81_n40,s1_below_4282,s1_below_2,s5_2007_2009,s2_760_2075,s4_37_47,Passenger Car,s2_11_28,Deployed,s2_97_208,s1_below_1,Female,s2_37_80,s3_141_159,s2_164_318,s2_40_80,s2_2_4
7036,s3_1695_2555,s2_n103_99,s3_n81_n40,s2_4282_6970,s1_below_2,s2_2001_2003,s2_760_2075,s4_37_47,Truck (<=10000 lbs.),s2_11_28,Deployed,s2_97_208,s3_2_3,Male,s3_80_96,s4_159_169,s3_318_464,s3_80_160,s4_5_6
7037,s2_885_1695,s2_n103_99,s4_n40_7,s1_below_4282,s1_below_2,s1_below_2001,s2_760_2075,s4_37_47,Passenger Car,s2_11_28,Deployed,s2_97_208,s1_below_1,Female,s2_37_80,s3_141_159,s2_164_318,s3_80_160,s2_2_4
7038,s2_885_1695,s2_n103_99,s5_7_up,s1_below_4282,s1_below_2,s1_below_2001,s2_760_2075,s4_37_47,Passenger Car,s3_28_48,Not Deployed,s2_97_208,s1_below_1,Female,s2_37_80,s3_141_159,s2_164_318,s6_260_up,s2_2_4
7039,s3_1695_2555,s2_n103_99,s4_n40_7,s1_below_4282,s4_4_5,s4_2005_2007,s3_2075_3730,s5_47_57,Truck (<=6000 lbs.),s3_28_48,Not Deployed,s2_97_208,s1_below_1,Male,s3_80_96,s4_159_169,s2_164_318,s4_160_220,s2_2_4
7040,s2_885_1695,s2_n103_99,s4_n40_7,s1_below_4282,s3_3_4,s1_below_2001,s2_760_2075,s5_47_57,Passenger Car,s2_11_28,Not Deployed,s2_97_208,s1_below_1,Male,s2_37_80,s3_141_159,s2_164_318,s3_80_160,s2_2_4
7041,s3_1695_2555,s2_n103_99,s4_n40_7,s1_below_4282,s1_below_2,s3_2003_2005,s3_2075_3730,s3_17_37,Truck (<=6000 lbs.),s4_48_64,Not Deployed,s2_97_208,s1_below_1,Male,s2_37_80,s5_169_179,s2_164_318,s1_below_40,s4_5_6
7042,s2_885_1695,s2_n103_99,s4_n40_7,s1_below_4282,s3_3_4,s3_2003_2005,s2_760_2075,s4_37_47,Truck (<=6000 lbs.),s2_11_28,Not Deployed,s2_97_208,s1_below_1,Female,s3_80_96,s3_141_159,s2_164_318,s3_80_160,s2_2_4
7043,s2_885_1695,s2_n103_99,s4_n40_7,s1_below_4282,s1_below_2,s2_2001_2003,s2_760_2075,s4_37_47,Passenger Car,s2_11_28,Deployed,s2_97_208,s3_2_3,Female,s2_37_80,s3_141_159,s2_164_318,s3_80_160,s2_2_4
7044,s2_885_1695,s2_n103_99,s4_n40_7,s1_below_4282,s2_2_3,s2_2001_2003,s2_760_2075,s4_37_47,Passenger Car,s2_11_28,Deployed,s2_97_208,s1_below_1,Female,s2_37_80,s3_141_159,s2_164_318,s3_80_160,s2_2_4
7045,s2_885_1695,s2_n103_99,s4_n40_7,s1_below_4282,s3_3_4,s4_2005_2007,s2_760_2075,s4_37_47,Passenger Car,s3_28_48,Not Deployed,s2_97_208,s1_below_1,Female,s2_37_80,s3_141_159,s2_164_318,s4_160_220,s2_2_4
7046,s3_1695_2555,s2_n103_99,s4_n40_7,s1_below_4282,s1_below_2,s2_2001_2003,s2_760_2075,s4_37_47,Truck (<=10000 lbs.),s3_28_48,Deployed,s2_97_208,s1_below_1,Male,s4_96_114,s4_159_169,s3_318_464,s3_80_160,s4_5_6
7047,s3_1695_2555,s2_n103_99,s4_n40_7,s1_below_4282,s3_3_4,s1_below_2001,s2_760_2075,s4_37_47,Truck (<=6000 lbs.),s5_64_76,Not Deployed,s2_97_208,s1_below_1,Male,s4_96_114,s3_141_159,s3_318_464,s3_80_160,s3_4_5
7048,s4_2555_3715,s2_n103_99,s4_n40_7,s1_below_4282,s1_below_2,s3_2003_2005,s2_760_2075,s4_37_47,Truck (<=10000 lbs.),s3_28_48,Not Deployed,s2_97_208,s3_2_3,Male,s4_96_114,s5_169_179,s3_318_464,s3_80_160,s4_5_6
7049,s2_885_1695,s2_n103_99,s4_n40_7,s1_below_4282,s1_below_2,s3_2003_2005,s2_760_2075,s6_57_up,Passenger Car,s2_11_28,Deployed,s2_97_208,s1_below_1,Female,s2_37_80,s3_141_159,s2_164_318,s3_80_160,s2_2_4
7050,s2_885_1695,s2_n103_99,s4_n40_7,s1_below_4282,s2_2_3,s5_2007_2009,s2_760_2075,s5_47_57,Passenger Car,s3_28_48,Deployed,s2_97_208,s1_below_1,Female,s2_37_80,s3_141_159,s2_164_318,s3_80_160,s2_2_4
7051,s2_885_1695,s2_n103_99,s5_7_up,s1_below_4282,s2_2_3,s4_2005_2007,s2_760_2075,s5_47_57,Passenger Car,s3_28_48,Not Deployed,s2_97_208,s1_below_1,Female,s2_37_80,s3_141_159,s2_164_318,s5_220_260,s2_2_4
7052,s3_1695_2555,s2_n103_99,s4_n40_7,s1_below_4282,s4_4_5,s1_below_2001,s2_760_2075,s4_37_47,Truck (<=6000 lbs.),s2_11_28,Deployed,s2_97_208,s1_below_1,Male,s4_96_114,s3_141_159,s2_164_318,s3_80_160,s2_2_4
7053,s2_885_1695,s2_n103_99,s4_n40_7,s1_below_4282,s4_4_5,s3_2003_2005,s2_760_2075,s4_37_47,Passenger Car,s6_76_up,Deployed,s2_97_208,s3_2_3,Male,s2_37_80,s3_141_159,s2_164_318,s4_160_220,s2_2_4
7054,s2_885_1695,s2_n103_99,s4_n40_7,s1_below_4282,s2_2_3,s4_2005_2007,s3_2075_3730,s3_17_37,Passenger Car,s2_11_28,Not Deployed,s2_97_208,s1_below_1,Male,s2_37_80,s3_141_159,s2_164_318,s2_40_80,s2_2_4
7055,s3_1695_2555,s2_n103_99,s4_n40_7,s1_below_4282,s1_below_2,s4_2005_2007,s2_760_2075,s6_57_up,Truck (<=10000 lbs.),s3_28_48,Deployed,s2_97_208,s2_1_2,Male,s3_80_96,s4_159_169,s3_318_464,s3_80_160,s4_5_6
7056,s3_1695_2555,s2_n103_99,s4_n40_7,s1_below_4282,s4_4_5,s5_2007_2009,s2_760_2075,s5_47_57,Truck (<=6000 lbs.),s2_11_28,Deployed,s2_97_208,s1_below_1,Male,s3_80_96,s3_141_159,s3_318_464,s3_80_160,s3_4_5
7057,s2_885_1695,s2_n103_99,s4_n40_7,s1_below_4282,s3_3_4,s3_2003_2005,s3_2075_3730,s5_47_57,Passenger Car,s3_28_48,Deployed,s2_97_208,s1_below_1,Male,s2_37_80,s3_141_159,s2_164_318,s3_80_160,s2_2_4
7058,s4_2555_3715,s2_n103_99,s4_n40_7,s1_below_4282,s3_3_4,s2_2001_2003,s2_760_2075,s5_47_57,Truck (<=10000 lbs.),s2_11_28,Not Deployed,s2_97_208,s1_below_1,Male,s2_37_80,s5_169_179,s3_318_464,s4_160_220,s4_5_6
7059,s3_1695_2555,s2_n103_99,s4_n40_7,s1_below_4282,s1_below_2,s1_below_2001,s2_760_2075,s3_17_37,Truck (<=6000 lbs.),s2_11_28,Not Deployed,s2_97_208,s1_below_1,Female,s2_37_80,s3_141_159,s2_164_318,s4_160_220,s2_2_4
7060,s2_885_1695,s2_n103_99,s4_n40_7,s1_below_4282,s1_below_2,s2_2001_2003,s2_760_2075,s3_17_37,Passenger Car,s2_11_28,Not Deployed,s2_97_208,s2_1_2,Female,s2_37_80,s3_141_159,s2_164_318,s4_160_220,s2_2_4
7061,s2_885_1695,s2_n103_99,s4_n40_7,s1_below_4282,s1_below_2,s4_2005_2007,s2_760_2075,s3_17_37,Passenger Car,s2_11_28,Deployed,s2_97_208,s1_below_1,Female,s2_37_80,s3_141_159,s2_164_318,s3_80_160,s2_2_4
7062,s2_885_1695,s2_n103_99,s4_n40_7,s1_below_4282,s2_2_3,s3_2003_2005,s2_760_2075,s3_17_37,Passenger Car,s3_28_48,Not Deployed,s2_97_208,s1_below_1,Female,s4_96_114,s3_141_159,s2_164_318,s3_80_160,s2_2_4
7063,s3_1695_2555,s2_n103_99,s4_n40_7,s1_below_4282,s1_below_2,s4_2005_2007,s2_760_2075,s3_17_37,Truck (<=6000 lbs.),s2_11_28,Not Deployed,s2_97_208,s1_below_1,Female,s2_37_80,s3_141_159,s2_164_318,s3_80_160,s2_2_4
7064,s3_1695_2555,s2_n103_99,s5_7_up,s1_below_4282,s2_2_3,s1_below_2001,s2_760_2075,s4_37_47,Passenger Car,s4_48_64,Not Deployed,s2_97_208,s1_below_1,Male,s3_80_96,s4_159_169,s2_164_318,s4_160_220,s3_4_5
7065,s2_885_1695,s2_n103_99,s4_n40_7,s1_below_4282,s2_2_3,s2_2001_2003,s2_760_2075,s4_37_47,Passenger Car,s2_11_28,Deployed,s2_97_208,s1_below_1,Female,s2_37_80,s3_141_159,s2_164_318,s3_80_160,s2_2_4
7066,s2_885_1695,s2_n103_99,s4_n40_7,s1_below_4282,s3_3_4,s3_2003_2005,s2_760_2075,s4_37_47,Passenger Car,s3_28_48,Not Deployed,s2_97_208,s1_below_1,Male,s3_80_96,s3_141_159,s2_164_318,s4_160_220,s2_2_4
7067,s2_885_1695,s2_n103_99,s4_n40_7,s1_below_4282,s3_3_4,s2_2001_2003,s2_760_2075,s4_37_47,Passenger Car,s2_11_28,Not Deployed,s2_97_208,s1_below_1,Male,s3_80_96,s3_141_159,s2_164_318,s3_80_160,s2_2_4
7068,s2_885_1695,s2_n103_99,s4_n40_7,s1_below_4282,s4_4_5,s4_2005_2007,s2_760_2075,s3_17_37,Passenger Car,s5_64_76,Deployed,s2_97_208,s1_below_1,Female,s2_37_80,s3_141_159,s2_164_318,s2_40_80,s2_2_4
7069,s2_885_1695,s2_n103_99,s4_n40_7,s1_below_4282,s3_3_4,s4_2005_2007,s2_760_2075,s3_17_37,Passenger Car,s2_11_28,Not Deployed,s2_97_208,s1_below_1,Female,s2_37_80,s3_141_159,s2_164_318,s3_80_160,s2_2_4
7070,s3_1695_2555,s2_n103_99,s4_n40_7,s1_below_4282,s3_3_4,s2_2001_2003,s2_760_2075,s6_57_up,Truck (<=6000 lbs.),s3_28_48,Not Deployed,s2_97_208,s1_below_1,Female,s2_37_80,s3_141_159,s2_164_318,s3_80_160,s2_2_4
7071,s3_1695_2555,s2_n103_99,s4_n40_7,s1_below_4282,s1_below_2,s2_2001_2003,s2_760_2075,s5_47_57,Truck (<=10000 lbs.),s3_28_48,Deployed,s2_97_208,s1_below_1,Male,s2_37_80,s4_159_169,s3_318_464,s3_80_160,s4_5_6
7072,s3_1695_2555,s2_n103_99,s4_n40_7,s1_below_4282,s3_3_4,s4_2005_2007,s2_760_2075,s5_47_57,Passenger Car,s5_64_76,Not Deployed,s2_97_208,s1_below_1,Male,s2_37_80,s4_159_169,s2_164_318,s4_160_220,s3_4_5
7073,s2_885_1695,s2_n103_99,s4_n40_7,s1_below_4282,s3_3_4,s1_below_2001,s2_760_2075,s5_47_57,Passenger Car,s2_11_28,Not Deployed,s2_97_208,s1_below_1,Male,s2_37_80,s3_141_159,s2_164_318,s4_160_220,s2_2_4
7074,s3_1695_2555,s2_n103_99,s4_n40_7,s1_below_4282,s4_4_5,s2_2001_2003,s2_760_2075,s5_47_57,Truck (<=6000 lbs.),s2_11_28,Deployed,s2_97_208,s1_below_1,Female,s5_114_130,s4_159_169,s2_164_318,s3_80_160,s2_2_4
7075,s3_1695_2555,s2_n103_99,s4_n40_7,s1_below_4282,s1_below_2,s3_2003_2005,s1_below_760,s3_17_37,Truck (<=6000 lbs.),s3_28_48,Deployed,s2_97_208,s1_below_1,Female,s2_37_80,s3_141_159,s2_164_318,s3_80_160,s2_2_4
7076,s3_1695_2555,s2_n103_99,s4_n40_7,s1_below_4282,s1_below_2,s1_below_2001,s2_760_2075,s5_47_57,Passenger Car,s2_11_28,Deployed,s2_97_208,s2_1_2,Male,s3_80_96,s3_141_159,s2_164_318,s3_80_160,s2_2_4
7077,s3_1695_2555,s2_n103_99,s5_7_up,s1_below_4282,s1_below_2,s4_2005_2007,s2_760_2075,s4_37_47,Truck (<=6000 lbs.),s3_28_48,Not Deployed,s2_97_208,s1_below_1,Male,s3_80_96,s3_141_159,s3_318_464,s6_260_up,s3_4_5
7078,s3_1695_2555,s2_n103_99,s4_n40_7,s1_below_4282,s3_3_4,s4_2005_2007,s2_760_2075,s4_37_47,Truck (<=6000 lbs.),s2_11_28,Deployed,s2_97_208,s1_below_1,Female,s2_37_80,s4_159_169,s2_164_318,s3_80_160,s2_2_4
7079,s2_885_1695,s2_n103_99,s4_n40_7,s1_below_4282,s3_3_4,s4_2005_2007,s3_2075_3730,s3_17_37,Passenger Car,s2_11_28,Deployed,s2_97_208,s1_below_1,Female,s2_37_80,s3_141_159,s2_164_318,s4_160_220,s2_2_4
7080,s3_1695_2555,s2_n103_99,s4_n40_7,s1_below_4282,s2_2_3,s4_2005_2007,s2_760_2075,s4_37_47,Truck (<=10000 lbs.),s3_28_48,Not Deployed,s2_97_208,s1_below_1,Male,s2_37_80,s4_159_169,s3_318_464,s3_80_160,s4_5_6
7081,s3_1695_2555,s2_n103_99,s4_n40_7,s1_below_4282,s1_below_2,s1_below_2001,s2_760_2075,s5_47_57,Truck (<=10000 lbs.),s3_28_48,Deployed,s2_97_208,s3_2_3,Female,s2_37_80,s3_141_159,s2_164_318,s3_80_160,s2_2_4
7082,s2_885_1695,s2_n103_99,s4_n40_7,s1_below_4282,s1_below_2,s2_2001_2003,s3_2075_3730,s5_47_57,Truck (<=6000 lbs.),s4_48_64,Deployed,s2_97_208,s2_1_2,Male,s3_80_96,s3_141_159,s2_164_318,s3_80_160,s2_2_4
7083,s2_885_1695,s2_n103_99,s4_n40_7,s1_below_4282,s6_6_up,s2_2001_2003,s2_760_2075,s5_47_57,Truck (<=6000 lbs.),s2_11_28,Deployed,s2_97_208,s2_1_2,Male,s2_37_80,s2_116_141,s2_164_318,s3_80_160,s2_2_4
7084,s3_1695_2555,s2_n103_99,s4_n40_7,s1_below_4282,s2_2_3,s4_2005_2007,s3_2075_3730,s5_47_57,Passenger Car,s2_11_28,Deployed,s2_97_208,s1_below_1,Male,s3_80_96,s4_159_169,s2_164_318,s3_80_160,s3_4_5
7085,s2_885_1695,s2_n103_99,s5_7_up,s1_below_4282,s3_3_4,s4_2005_2007,s2_760_2075,s5_47_57,Truck (<=6000 lbs.),s4_48_64,Not Deployed,s2_97_208,s1_below_1,Female,s3_80_96,s3_141_159,s2_164_318,s6_260_up,s2_2_4
7086,s3_1695_2555,s2_n103_99,s4_n40_7,s1_below_4282,s3_3_4,s3_2003_2005,s2_760_2075,s5_47_57,Truck (<=6000 lbs.),s2_11_28,Not Deployed,s2_97_208,s1_below_1,Male,s3_80_96,s3_141_159,s2_164_318,s3_80_160,s2_2_4
7087,s2_885_1695,s2_n103_99,s4_n40_7,s1_below_4282,s3_3_4,s5_2007_2009,s2_760_2075,s5_47_57,Passenger Car,s3_28_48,Deployed,s2_97_208,s3_2_3,Female,s3_80_96,s3_141_159,s2_164_318,s3_80_160,s2_2_4
7088,s3_1695_2555,s2_n103_99,s4_n40_7,s1_below_4282,s2_2_3,s5_2007_2009,s2_760_2075,s5_47_57,Truck (<=10000 lbs.),s6_76_up,Not Deployed,s2_97_208,s1_below_1,Male,s2_37_80,s4_159_169,s2_164_318,s3_80_160,s3_4_5
7089,s2_885_1695,s2_n103_99,s5_7_up,s1_below_4282,s6_6_up,s3_2003_2005,s3_2075_3730,s5_47_57,Passenger Car,s6_76_up,Not Deployed,s2_97_208,s1_below_1,Male,s2_37_80,s3_141_159,s2_164_318,s6_260_up,s2_2_4
7090,s2_885_1695,s2_n103_99,s4_n40_7,s1_below_4282,s3_3_4,s4_2005_2007,s2_760_2075,s5_47_57,Truck (<=6000 lbs.),s2_11_28,Not Deployed,s2_97_208,s1_below_1,Female,s2_37_80,s3_141_159,s2_164_318,s4_160_220,s2_2_4
7091,s2_885_1695,s2_n103_99,s4_n40_7,s1_below_4282,s4_4_5,s1_below_2001,s2_760_2075,s3_17_37,Passenger Car,s2_11_28,Not Deployed,s2_97_208,s1_below_1,Female,s2_37_80,s3_141_159,s2_164_318,s3_80_160,s2_2_4
7092,s3_1695_2555,s2_n103_99,s4_n40_7,s1_below_4282,s3_3_4,s1_below_2001,s2_760_2075,s5_47_57,Truck (<=6000 lbs.),s2_11_28,Deployed,s2_97_208,s1_below_1,Female,s2_37_80,s3_141_159,s2_164_318,s3_80_160,s2_2_4
7093,s2_885_1695,s2_n103_99,s4_n40_7,s1_below_4282,s1_below_2,s4_2005_2007,s2_760_2075,s4_37_47,Passenger Car,s2_11_28,Not Deployed,s2_97_208,s1_below_1,Female,s2_37_80,s3_141_159,s2_164_318,s2_40_80,s2_2_4
7094,s2_885_1695,s2_n103_99,s4_n40_7,s1_below_4282,s3_3_4,s3_2003_2005,s2_760_2075,s6_57_up,Passenger Car,s3_28_48,Deployed,s2_97_208,s1_below_1,Female,s3_80_96,s3_141_159,s2_164_318,s3_80_160,s2_2_4
7095,s3_1695_2555,s2_n103_99,s4_n40_7,s1_below_4282,s4_4_5,s1_below_2001,s3_2075_3730,s4_37_47,Truck (<=6000 lbs.),s4_48_64,Deployed,s2_97_208,s2_1_2,Female,s2_37_80,s3_141_159,s2_164_318,s4_160_220,s2_2_4
7096,s3_1695_2555,s2_n103_99,s4_n40_7,s1_below_4282,s4_4_5,s3_2003_2005,s2_760_2075,s5_47_57,Passenger Car,s6_76_up,Deployed,s2_97_208,s1_below_1,Male,s3_80_96,s4_159_169,s2_164_318,s4_160_220,s2_2_4
7097,s3_1695_2555,s2_n103_99,s4_n40_7,s1_below_4282,s4_4_5,s2_2001_2003,s2_760_2075,s5_47_57,Truck (<=6000 lbs.),s3_28_48,Deployed,s2_97_208,s1_below_1,Female,s3_80_96,s3_141_159,s2_164_318,s3_80_160,s2_2_4
7098,s3_1695_2555,s2_n103_99,s4_n40_7,s1_below_4282,s1_below_2,s4_2005_2007,s2_760_2075,s6_57_up,Truck (<=6000 lbs.),s2_11_28,Not Deployed,s2_97_208,s1_below_1,Male,s2_37_80,s3_141_159,s2_164_318,s3_80_160,s2_2_4
7099,s3_1695_2555,s2_n103_99,s3_n81_n40,s1_below_4282,s2_2_3,s4_2005_2007,s2_760_2075,s4_37_47,Truck (<=6000 lbs.),s2_11_28,Deployed,s2_97_208,s3_2_3,Male,s2_37_80,s4_159_169,s3_318_464,s3_80_160,s3_4_5
7100,s3_1695_2555,s2_n103_99,s4_n40_7,s1_below_4282,s1_below_2,s1_below_2001,s2_760_2075,s4_37_47,Truck (<=6000 lbs.),s3_28_48,Deployed,s2_97_208,s3_2_3,Female,s6_130_up,s3_141_159,s2_164_318,s2_40_80,s2_2_4
7101,s2_885_1695,s2_n103_99,s4_n40_7,s1_below_4282,s1_below_2,s2_2001_2003,s3_2075_3730,s5_47_57,Passenger Car,s5_64_76,Not Deployed,s2_97_208,s4_3_4,Male,s3_80_96,s3_141_159,s2_164_318,s2_40_80,s2_2_4
7102,s3_1695_2555,s2_n103_99,s4_n40_7,s1_below_4282,s3_3_4,s2_2001_2003,s2_760_2075,s5_47_57,Truck (<=10000 lbs.),s2_11_28,Not Deployed,s2_97_208,s1_below_1,Male,s3_80_96,s4_159_169,s3_318_464,s3_80_160,s4_5_6
7103,s2_885_1695,s2_n103_99,s3_n81_n40,s1_below_4282,s5_5_6,s3_2003_2005,s2_760_2075,s5_47_57,Passenger Car,s2_11_28,Deployed,s2_97_208,s1_below_1,Male,s2_37_80,s3_141_159,s2_164_318,s3_80_160,s2_2_4
7104,s2_885_1695,s2_n103_99,s5_7_up,s1_below_4282,s5_5_6,s3_2003_2005,s2_760_2075,s5_47_57,Passenger Car,s2_11_28,Not Deployed,s2_97_208,s1_below_1,Female,s2_37_80,s3_141_159,s2_164_318,s6_260_up,s2_2_4
7105,s2_885_1695,s2_n103_99,s4_n40_7,s1_below_4282,s1_below_2,s3_2003_2005,s2_760_2075,s4_37_47,Passenger Car,s2_11_28,Deployed,s2_97_208,s1_below_1,Male,s4_96_114,s3_141_159,s2_164_318,s3_80_160,s2_2_4
7106,s3_1695_2555,s2_n103_99,s5_7_up,s1_below_4282,s1_below_2,s4_2005_2007,s2_760_2075,s4_37_47,Passenger Car,s2_11_28,Not Deployed,s2_97_208,s1_below_1,Female,s2_37_80,s4_159_169,s2_164_318,s6_260_up,s3_4_5
7107,s3_1695_2555,s2_n103_99,s4_n40_7,s1_below_4282,s2_2_3,s4_2005_2007,s2_760_2075,s4_37_47,Passenger Car,s3_28_48,Deployed,s2_97_208,s1_below_1,Female,s3_80_96,s5_169_179,s2_164_318,s3_80_160,s4_5_6
7108,s2_885_1695,s2_n103_99,s4_n40_7,s1_below_4282,s4_4_5,s2_2001_2003,s2_760_2075,s4_37_47,Truck (<=6000 lbs.),s2_11_28,Not Deployed,s2_97_208,s1_below_1,Female,s2_37_80,s3_141_159,s2_164_318,s4_160_220,s2_2_4
7109,s3_1695_2555,s2_n103_99,s4_n40_7,s1_below_4282,s3_3_4,s2_2001_2003,s2_760_2075,s5_47_57,Truck (<=6000 lbs.),s2_11_28,Not Deployed,s2_97_208,s2_1_2,Female,s2_37_80,s3_141_159,s3_318_464,s3_80_160,s2_2_4
7110,s3_1695_2555,s2_n103_99,s4_n40_7,s1_below_4282,s4_4_5,s4_2005_2007,s2_760_2075,s4_37_47,Truck (<=6000 lbs.),s4_48_64,Deployed,s2_97_208,s1_below_1,Male,s2_37_80,s3_141_159,s2_164_318,s3_80_160,s2_2_4
7111,s2_885_1695,s2_n103_99,s3_n81_n40,s1_below_4282,s4_4_5,s3_2003_2005,s2_760_2075,s3_17_37,Passenger Car,s6_76_up,Deployed,s2_97_208,s2_1_2,Male,s2_37_80,s3_141_159,s2_164_318,s3_80_160,s2_2_4
7112,s2_885_1695,s2_n103_99,s4_n40_7,s1_below_4282,s1_below_2,s4_2005_2007,s2_760_2075,s5_47_57,Passenger Car,s2_11_28,Deployed,s2_97_208,s2_1_2,Female,s2_37_80,s3_141_159,s2_164_318,s3_80_160,s2_2_4
7113,s2_885_1695,s2_n103_99,s4_n40_7,s1_below_4282,s1_below_2,s4_2005_2007,s2_760_2075,s5_47_57,Truck (<=6000 lbs.),s2_11_28,Deployed,s2_97_208,s2_1_2,Female,s2_37_80,s3_141_159,s2_164_318,s3_80_160,s2_2_4
7114,s3_1695_2555,s2_n103_99,s4_n40_7,s1_below_4282,s4_4_5,s1_below_2001,s2_760_2075,s6_57_up,Truck (<=6000 lbs.),s4_48_64,Not Deployed,s2_97_208,s1_below_1,Female,s4_96_114,s3_141_159,s2_164_318,s3_80_160,s2_2_4
7115,s2_885_1695,s2_n103_99,s4_n40_7,s1_below_4282,s3_3_4,s2_2001_2003,s2_760_2075,s4_37_47,Passenger Car,s4_48_64,Deployed,s2_97_208,s1_below_1,Female,s4_96_114,s3_141_159,s2_164_318,s4_160_220,s2_2_4
7116,s3_1695_2555,s2_n103_99,s4_n40_7,s1_below_4282,s3_3_4,s1_below_2001,s3_2075_3730,s4_37_47,Truck (<=10000 lbs.),s2_11_28,Deployed,s2_97_208,s1_below_1,Male,s5_114_130,s4_159_169,s3_318_464,s3_80_160,s4_5_6
7117,s2_885_1695,s2_n103_99,s4_n40_7,s1_below_4282,s4_4_5,s4_2005_2007,s2_760_2075,s6_57_up,Passenger Car,s2_11_28,Deployed,s2_97_208,s1_below_1,Female,s3_80_96,s3_141_159,s2_164_318,s3_80_160,s2_2_4
7118,s2_885_1695,s2_n103_99,s4_n40_7,s1_below_4282,s3_3_4,s4_2005_2007,s2_760_2075,s3_17_37,Passenger Car,s4_48_64,Not Deployed,s2_97_208,s1_below_1,Male,s2_37_80,s3_141_159,s2_164_318,s3_80_160,s2_2_4
7119,s3_1695_2555,s2_n103_99,s4_n40_7,s1_below_4282,s1_below_2,s3_2003_2005,s3_2075_3730,s3_17_37,Truck (<=10000 lbs.),s3_28_48,Deployed,s2_97_208,s1_below_1,Male,s3_80_96,s5_169_179,s3_318_464,s2_40_80,s4_5_6
7120,s3_1695_2555,s2_n103_99,s4_n40_7,s1_below_4282,s3_3_4,s3_2003_2005,s3_2075_3730,s3_17_37,Truck (<=10000 lbs.),s3_28_48,Not Deployed,s2_97_208,s1_below_1,Male,s2_37_80,s5_169_179,s2_164_318,s3_80_160,s3_4_5
7121,s3_1695_2555,s2_n103_99,s4_n40_7,s1_below_4282,s3_3_4,s2_2001_2003,s2_760_2075,s4_37_47,Truck (<=6000 lbs.),s4_48_64,Deployed,s2_97_208,s1_below_1,Male,s3_80_96,s3_141_159,s2_164_318,s3_80_160,s2_2_4
7122,s3_1695_2555,s2_n103_99,s4_n40_7,s1_below_4282,s3_3_4,s2_2001_2003,s2_760_2075,s4_37_47,Truck (<=6000 lbs.),s3_28_48,Not Deployed,s2_97_208,s1_below_1,Female,s2_37_80,s3_141_159,s2_164_318,s4_160_220,s2_2_4
7123,s2_885_1695,s2_n103_99,s4_n40_7,s1_below_4282,s3_3_4,s4_2005_2007,s2_760_2075,s3_17_37,Passenger Car,s2_11_28,Deployed,s2_97_208,s1_below_1,Male,s2_37_80,s3_141_159,s2_164_318,s3_80_160,s2_2_4
7124,s3_1695_2555,s2_n103_99,s4_n40_7,s1_below_4282,s1_below_2,s4_2005_2007,s2_760_2075,s3_17_37,Passenger Car,s4_48_64,Deployed,s2_97_208,s1_below_1,Female,s2_37_80,s4_159_169,s2_164_318,s3_80_160,s3_4_5
7125,s3_1695_2555,s2_n103_99,s4_n40_7,s1_below_4282,s4_4_5,s1_below_2001,s2_760_2075,s6_57_up,Truck (<=6000 lbs.),s3_28_48,Deployed,s2_97_208,s1_below_1,Female,s3_80_96,s3_141_159,s2_164_318,s3_80_160,s2_2_4
7126,s2_885_1695,s2_n103_99,s4_n40_7,s1_below_4282,s3_3_4,s4_2005_2007,s2_760_2075,s4_37_47,Passenger Car,s3_28_48,Deployed,s2_97_208,s1_below_1,Female,s2_37_80,s3_141_159,s2_164_318,s3_80_160,s2_2_4
7127,s3_1695_2555,s2_n103_99,s4_n40_7,s1_below_4282,s4_4_5,s1_below_2001,s2_760_2075,s3_17_37,Truck (<=6000 lbs.),s3_28_48,Not Deployed,s2_97_208,s3_2_3,Male,s3_80_96,s4_159_169,s3_318_464,s4_160_220,s4_5_6
7128,s3_1695_2555,s2_n103_99,s4_n40_7,s1_below_4282,s1_below_2,s1_below_2001,s2_760_2075,s3_17_37,Truck (<=6000 lbs.),s4_48_64,Not Deployed,s2_97_208,s3_2_3,Male,s5_114_130,s4_159_169,s3_318_464,s3_80_160,s4_5_6
7129,s2_885_1695,s2_n103_99,s5_7_up,s1_below_4282,s2_2_3,s2_2001_2003,s2_760_2075,s6_57_up,Passenger Car,s2_11_28,Not Deployed,s2_97_208,s1_below_1,Female,s4_96_114,s3_141_159,s2_164_318,s6_260_up,s2_2_4
7130,s2_885_1695,s2_n103_99,s4_n40_7,s1_below_4282,s1_below_2,s4_2005_2007,s3_2075_3730,s3_17_37,Passenger Car,s6_76_up,Not Deployed,s2_97_208,s1_below_1,Female,s2_37_80,s3_141_159,s2_164_318,s3_80_160,s2_2_4
7131,s2_885_1695,s2_n103_99,s5_7_up,s1_below_4282,s4_4_5,s2_2001_2003,s2_760_2075,s3_17_37,Passenger Car,s3_28_48,Not Deployed,s2_97_208,s1_below_1,Male,s5_114_130,s3_141_159,s2_164_318,s6_260_up,s2_2_4
7132,s2_885_1695,s2_n103_99,s4_n40_7,s1_below_4282,s1_below_2,s4_2005_2007,s2_760_2075,s4_37_47,Passenger Car,s3_28_48,Deployed,s2_97_208,s2_1_2,Female,s3_80_96,s3_141_159,s2_164_318,s4_160_220,s2_2_4
7133,s2_885_1695,s2_n103_99,s4_n40_7,s1_below_4282,s6_6_up,s3_2003_2005,s3_2075_3730,s3_17_37,Passenger Car,s2_11_28,Not Deployed,s2_97_208,s1_below_1,Female,s2_37_80,s3_141_159,s2_164_318,s4_160_220,s2_2_4
7134,s2_885_1695,s2_n103_99,s5_7_up,s1_below_4282,s2_2_3,s2_2001_2003,s2_760_2075,s6_57_up,Passenger Car,s3_28_48,Not Deployed,s2_97_208,s1_below_1,Female,s2_37_80,s3_141_159,s2_164_318,s6_260_up,s2_2_4
7135,s3_1695_2555,s2_n103_99,s4_n40_7,s1_below_4282,s2_2_3,s4_2005_2007,s2_760_2075,s3_17_37,Truck (<=6000 lbs.),s3_28_48,Deployed,s2_97_208,s1_below_1,Female,s2_37_80,s4_159_169,s2_164_318,s3_80_160,s3_4_5
7136,s2_885_1695,s2_n103_99,s4_n40_7,s1_below_4282,s4_4_5,s4_2005_2007,s2_760_2075,s3_17_37,Passenger Car,s4_48_64,Deployed,s2_97_208,s1_below_1,Male,s3_80_96,s3_141_159,s2_164_318,s3_80_160,s2_2_4
7137,s2_885_1695,s2_n103_99,s4_n40_7,s1_below_4282,s4_4_5,s4_2005_2007,s2_760_2075,s3_17_37,Passenger Car,s3_28_48,Not Deployed,s2_97_208,s1_below_1,Female,s2_37_80,s3_141_159,s2_164_318,s3_80_160,s2_2_4
7138,s2_885_1695,s2_n103_99,s4_n40_7,s1_below_4282,s1_below_2,s4_2005_2007,s3_2075_3730,s6_57_up,Passenger Car,s4_48_64,Deployed,s2_97_208,s1_below_1,Female,s2_37_80,s3_141_159,s2_164_318,s3_80_160,s2_2_4
7139,s3_1695_2555,s2_n103_99,s4_n40_7,s1_below_4282,s1_below_2,s3_2003_2005,s2_760_2075,s4_37_47,Truck (<=10000 lbs.),s3_28_48,Not Deployed,s2_97_208,s1_below_1,Male,s3_80_96,s5_169_179,s3_318_464,s3_80_160,s4_5_6
7140,s2_885_1695,s2_n103_99,s4_n40_7,s1_below_4282,s2_2_3,s1_below_2001,s2_760_2075,s4_37_47,Passenger Car,s2_11_28,Deployed,s2_97_208,s2_1_2,Male,s2_37_80,s3_141_159,s2_164_318,s3_80_160,s2_2_4
7141,s4_2555_3715,s2_n103_99,s3_n81_n40,s1_below_4282,s3_3_4,s3_2003_2005,s3_2075_3730,s3_17_37,Truck (<=10000 lbs.),s4_48_64,Not Deployed,s2_97_208,s3_2_3,Male,s4_96_114,s5_169_179,s3_318_464,s2_40_80,s5_6_7
7142,s2_885_1695,s2_n103_99,s4_n40_7,s1_below_4282,s2_2_3,s4_2005_2007,s2_760_2075,s3_17_37,Passenger Car,s3_28_48,Deployed,s2_97_208,s1_below_1,Male,s3_80_96,s3_141_159,s2_164_318,s3_80_160,s2_2_4
7143,s3_1695_2555,s2_n103_99,s4_n40_7,s1_below_4282,s1_below_2,s1_below_2001,s2_760_2075,s3_17_37,Passenger Car,s6_76_up,Not Deployed,s2_97_208,s1_below_1,Male,s2_37_80,s4_159_169,s2_164_318,s2_40_80,s2_2_4
7144,s2_885_1695,s2_n103_99,s4_n40_7,s1_below_4282,s3_3_4,s2_2001_2003,s2_760_2075,s3_17_37,Truck (<=6000 lbs.),s2_11_28,Deployed,s2_97_208,s1_below_1,Male,s2_37_80,s3_141_159,s2_164_318,s3_80_160,s2_2_4
7145,s2_885_1695,s2_n103_99,s4_n40_7,s1_below_4282,s2_2_3,s1_below_2001,s2_760_2075,s4_37_47,Passenger Car,s5_64_76,Deployed,s2_97_208,s4_3_4,Male,s5_114_130,s3_141_159,s2_164_318,s3_80_160,s2_2_4
7146,s3_1695_2555,s2_n103_99,s4_n40_7,s1_below_4282,s2_2_3,s4_2005_2007,s2_760_2075,s4_37_47,Truck (<=6000 lbs.),s2_11_28,Deployed,s2_97_208,s1_below_1,Female,s2_37_80,s3_141_159,s2_164_318,s4_160_220,s2_2_4
7147,s3_1695_2555,s2_n103_99,s4_n40_7,s1_below_4282,s1_below_2,s2_2001_2003,s2_760_2075,s3_17_37,Truck (<=10000 lbs.),s3_28_48,Not Deployed,s2_97_208,s1_below_1,Male,s2_37_80,s5_169_179,s3_318_464,s4_160_220,s4_5_6
7148,s2_885_1695,s2_n103_99,s4_n40_7,s1_below_4282,s3_3_4,s1_below_2001,s3_2075_3730,s3_17_37,Passenger Car,s3_28_48,Not Deployed,s2_97_208,s1_below_1,Male,s2_37_80,s3_141_159,s2_164_318,s4_160_220,s2_2_4
7149,s2_885_1695,s2_n103_99,s4_n40_7,s1_below_4282,s2_2_3,s1_below_2001,s2_760_2075,s4_37_47,Passenger Car,s3_28_48,Deployed,s2_97_208,s1_below_1,Female,s2_37_80,s3_141_159,s2_164_318,s4_160_220,s2_2_4
7150,s3_1695_2555,s2_n103_99,s4_n40_7,s1_below_4282,s2_2_3,s2_2001_2003,s2_760_2075,s4_37_47,Truck (<=10000 lbs.),s2_11_28,Not Deployed,s2_97_208,s1_below_1,Male,s2_37_80,s5_169_179,s3_318_464,s3_80_160,s4_5_6
7151,s2_885_1695,s2_n103_99,s4_n40_7,s1_below_4282,s2_2_3,s3_2003_2005,s2_760_2075,s4_37_47,Passenger Car,s2_11_28,Deployed,s2_97_208,s1_below_1,Female,s2_37_80,s3_141_159,s2_164_318,s4_160_220,s2_2_4
7152,s2_885_1695,s2_n103_99,s4_n40_7,s1_below_4282,s3_3_4,s4_2005_2007,s3_2075_3730,s4_37_47,Passenger Car,s2_11_28,Deployed,s2_97_208,s1_below_1,Female,s2_37_80,s3_141_159,s2_164_318,s3_80_160,s2_2_4
7153,s3_1695_2555,s2_n103_99,s4_n40_7,s1_below_4282,s1_below_2,s4_2005_2007,s2_760_2075,s4_37_47,Truck (<=10000 lbs.),s4_48_64,Not Deployed,s2_97_208,s1_below_1,Male,s4_96_114,s5_169_179,s3_318_464,s2_40_80,s4_5_6
7154,s2_885_1695,s2_n103_99,s4_n40_7,s1_below_4282,s2_2_3,s4_2005_2007,s3_2075_3730,s4_37_47,Passenger Car,s3_28_48,Deployed,s2_97_208,s3_2_3,Female,s6_130_up,s3_141_159,s2_164_318,s3_80_160,s2_2_4
7155,s3_1695_2555,s2_n103_99,s4_n40_7,s1_below_4282,s3_3_4,s3_2003_2005,s2_760_2075,s3_17_37,Truck (<=10000 lbs.),s3_28_48,Deployed,s2_97_208,s1_below_1,Female,s2_37_80,s3_141_159,s2_164_318,s3_80_160,s2_2_4
7156,s2_885_1695,s2_n103_99,s5_7_up,s1_below_4282,s4_4_5,s1_below_2001,s2_760_2075,s6_57_up,Passenger Car,s2_11_28,Not Deployed,s2_97_208,s1_below_1,Male,s6_130_up,s3_141_159,s2_164_318,s6_260_up,s2_2_4
7157,s2_885_1695,s2_n103_99,s4_n40_7,s1_below_4282,s3_3_4,s4_2005_2007,s2_760_2075,s6_57_up,Passenger Car,s2_11_28,Not Deployed,s2_97_208,s1_below_1,Male,s2_37_80,s3_141_159,s2_164_318,s3_80_160,s2_2_4
7158,s2_885_1695,s2_n103_99,s4_n40_7,s1_below_4282,s3_3_4,s4_2005_2007,s2_760_2075,s3_17_37,Passenger Car,s2_11_28,Deployed,s2_97_208,s1_below_1,Female,s2_37_80,s3_141_159,s2_164_318,s3_80_160,s2_2_4
7159,s2_885_1695,s2_n103_99,s5_7_up,s1_below_4282,s2_2_3,s4_2005_2007,s2_760_2075,s5_47_57,Passenger Car,s3_28_48,Not Deployed,s2_97_208,s2_1_2,Male,s4_96_114,s3_141_159,s2_164_318,s6_260_up,s2_2_4
7160,s2_885_1695,s2_n103_99,s4_n40_7,s1_below_4282,s3_3_4,s2_2001_2003,s2_760_2075,s3_17_37,Passenger Car,s3_28_48,Not Deployed,s2_97_208,s1_below_1,Female,s2_37_80,s3_141_159,s2_164_318,s3_80_160,s2_2_4
7161,s3_1695_2555,s2_n103_99,s4_n40_7,s1_below_4282,s3_3_4,s1_below_2001,s2_760_2075,s6_57_up,Truck (<=10000 lbs.),s2_11_28,Deployed,s2_97_208,s1_below_1,Male,s2_37_80,s4_159_169,s2_164_318,s3_80_160,s3_4_5
7162,s3_1695_2555,s2_n103_99,s4_n40_7,s1_below_4282,s5_5_6,s4_2005_2007,s2_760_2075,s3_17_37,Truck (<=6000 lbs.),s3_28_48,Not Deployed,s2_97_208,s1_below_1,Male,s6_130_up,s4_159_169,s2_164_318,s4_160_220,s2_2_4
7163,s2_885_1695,s2_n103_99,s4_n40_7,s1_below_4282,s1_below_2,s1_below_2001,s2_760_2075,s3_17_37,Passenger Car,s4_48_64,Not Deployed,s2_97_208,s1_below_1,Female,s4_96_114,s3_141_159,s2_164_318,s4_160_220,s2_2_4
7164,s3_1695_2555,s2_n103_99,s4_n40_7,s1_below_4282,s2_2_3,s1_below_2001,s2_760_2075,s3_17_37,Passenger Car,s2_11_28,Deployed,s2_97_208,s1_below_1,Female,s2_37_80,s3_141_159,s2_164_318,s3_80_160,s2_2_4
7165,s4_2555_3715,s2_n103_99,s4_n40_7,s1_below_4282,s3_3_4,s3_2003_2005,s2_760_2075,s3_17_37,Truck (<=10000 lbs.),s3_28_48,Deployed,s2_97_208,s1_below_1,Female,s2_37_80,s5_169_179,s2_164_318,s3_80_160,s3_4_5
7166,s2_885_1695,s2_n103_99,s4_n40_7,s1_below_4282,s3_3_4,s1_below_2001,s3_2075_3730,s3_17_37,Passenger Car,s3_28_48,Not Deployed,s2_97_208,s1_below_1,Female,s2_37_80,s3_141_159,s2_164_318,s2_40_80,s2_2_4
7167,s3_1695_2555,s2_n103_99,s4_n40_7,s1_below_4282,s2_2_3,s3_2003_2005,s2_760_2075,s4_37_47,Truck (<=10000 lbs.),s3_28_48,Not Deployed,s2_97_208,s1_below_1,Male,s2_37_80,s4_159_169,s2_164_318,s5_220_260,s3_4_5
7168,s3_1695_2555,s2_n103_99,s4_n40_7,s1_below_4282,s2_2_3,s4_2005_2007,s2_760_2075,s4_37_47,Truck (<=6000 lbs.),s2_11_28,Deployed,s2_97_208,s1_below_1,Female,s2_37_80,s3_141_159,s2_164_318,s3_80_160,s2_2_4
7169,s2_885_1695,s2_n103_99,s4_n40_7,s1_below_4282,s1_below_2,s4_2005_2007,s2_760_2075,s6_57_up,Truck (<=6000 lbs.),s3_28_48,Deployed,s2_97_208,s1_below_1,Male,s3_80_96,s3_141_159,s2_164_318,s3_80_160,s2_2_4
7170,s2_885_1695,s2_n103_99,s5_7_up,s1_below_4282,s1_below_2,s2_2001_2003,s2_760_2075,s6_57_up,Passenger Car,s2_11_28,Not Deployed,s2_97_208,s1_below_1,Female,s2_37_80,s3_141_159,s2_164_318,s6_260_up,s2_2_4
7171,s2_885_1695,s2_n103_99,s4_n40_7,s1_below_4282,s2_2_3,s2_2001_2003,s2_760_2075,s4_37_47,Passenger Car,s2_11_28,Deployed,s2_97_208,s1_below_1,Male,s2_37_80,s3_141_159,s2_164_318,s3_80_160,s2_2_4
7172,s3_1695_2555,s2_n103_99,s4_n40_7,s1_below_4282,s2_2_3,s1_below_2001,s2_760_2075,s3_17_37,Truck (<=10000 lbs.),s2_11_28,Not Deployed,s2_97_208,s1_below_1,Female,s2_37_80,s4_159_169,s2_164_318,s4_160_220,s3_4_5
7173,s2_885_1695,s2_n103_99,s5_7_up,s1_below_4282,s2_2_3,s1_below_2001,s2_760_2075,s4_37_47,Passenger Car,s2_11_28,Not Deployed,s2_97_208,s1_below_1,Female,s2_37_80,s3_141_159,s2_164_318,s6_260_up,s2_2_4
7174,s2_885_1695,s2_n103_99,s4_n40_7,s1_below_4282,s3_3_4,s4_2005_2007,s3_2075_3730,s3_17_37,Passenger Car,s3_28_48,Deployed,s2_97_208,s2_1_2,Male,s4_96_114,s3_141_159,s2_164_318,s3_80_160,s2_2_4
7175,s2_885_1695,s2_n103_99,s4_n40_7,s1_below_4282,s1_below_2,s3_2003_2005,s2_760_2075,s3_17_37,Passenger Car,s4_48_64,Not Deployed,s2_97_208,s1_below_1,Female,s2_37_80,s3_141_159,s2_164_318,s3_80_160,s2_2_4
7176,s2_885_1695,s2_n103_99,s5_7_up,s1_below_4282,s1_below_2,s4_2005_2007,s2_760_2075,s3_17_37,Passenger Car,s2_11_28,Not Deployed,s2_97_208,s1_below_1,Male,s2_37_80,s3_141_159,s2_164_318,s6_260_up,s2_2_4
7177,s3_1695_2555,s2_n103_99,s3_n81_n40,s1_below_4282,s3_3_4,s1_below_2001,s3_2075_3730,s5_47_57,Truck (<=6000 lbs.),s3_28_48,Deployed,s2_97_208,s1_below_1,Female,s2_37_80,s3_141_159,s2_164_318,s3_80_160,s2_2_4
7178,s2_885_1695,s2_n103_99,s4_n40_7,s1_below_4282,s2_2_3,s2_2001_2003,s2_760_2075,s3_17_37,Passenger Car,s2_11_28,Deployed,s2_97_208,s2_1_2,Female,s2_37_80,s3_141_159,s2_164_318,s4_160_220,s2_2_4
7179,s2_885_1695,s2_n103_99,s4_n40_7,s1_below_4282,s5_5_6,s3_2003_2005,s2_760_2075,s4_37_47,Passenger Car,s3_28_48,Deployed,s2_97_208,s1_below_1,Female,s2_37_80,s3_141_159,s2_164_318,s3_80_160,s2_2_4
7180,s2_885_1695,s2_n103_99,s4_n40_7,s1_below_4282,s1_below_2,s3_2003_2005,s2_760_2075,s3_17_37,Passenger Car,s2_11_28,Deployed,s2_97_208,s3_2_3,Female,s4_96_114,s3_141_159,s2_164_318,s3_80_160,s2_2_4
7181,s2_885_1695,s2_n103_99,s4_n40_7,s1_below_4282,s3_3_4,s3_2003_2005,s2_760_2075,s3_17_37,Passenger Car,s2_11_28,Not Deployed,s2_97_208,s1_below_1,Male,s5_114_130,s3_141_159,s2_164_318,s3_80_160,s2_2_4
7182,s3_1695_2555,s2_n103_99,s4_n40_7,s1_below_4282,s3_3_4,s1_below_2001,s3_2075_3730,s3_17_37,Passenger Car,s3_28_48,Not Deployed,s2_97_208,s3_2_3,Female,s2_37_80,s4_159_169,s2_164_318,s2_40_80,s2_2_4
7183,s3_1695_2555,s2_n103_99,s4_n40_7,s1_below_4282,s3_3_4,s2_2001_2003,s2_760_2075,s4_37_47,Truck (<=6000 lbs.),s4_48_64,Deployed,s2_97_208,s4_3_4,Female,s2_37_80,s4_159_169,s2_164_318,s3_80_160,s3_4_5
7184,s2_885_1695,s2_n103_99,s4_n40_7,s1_below_4282,s3_3_4,s3_2003_2005,s2_760_2075,s3_17_37,Passenger Car,s4_48_64,Not Deployed,s2_97_208,s6_5_up,Male,s4_96_114,s3_141_159,s2_164_318,s2_40_80,s2_2_4
7185,s2_885_1695,s2_n103_99,s5_7_up,s1_below_4282,s3_3_4,s3_2003_2005,s2_760_2075,s6_57_up,Passenger Car,s3_28_48,Not Deployed,s2_97_208,s1_below_1,Male,s4_96_114,s3_141_159,s2_164_318,s6_260_up,s2_2_4
7186,s2_885_1695,s2_n103_99,s4_n40_7,s1_below_4282,s3_3_4,s3_2003_2005,s2_760_2075,s6_57_up,Passenger Car,s3_28_48,Deployed,s2_97_208,s1_below_1,Female,s2_37_80,s3_141_159,s2_164_318,s3_80_160,s2_2_4
7187,s2_885_1695,s2_n103_99,s4_n40_7,s1_below_4282,s3_3_4,s4_2005_2007,s2_760_2075,s6_57_up,Truck (<=6000 lbs.),s4_48_64,Deployed,s2_97_208,s3_2_3,Male,s3_80_96,s3_141_159,s2_164_318,s3_80_160,s2_2_4
7188,s2_885_1695,s2_n103_99,s4_n40_7,s1_below_4282,s2_2_3,s3_2003_2005,s3_2075_3730,s3_17_37,Passenger Car,s3_28_48,Not Deployed,s2_97_208,s1_below_1,Male,s3_80_96,s3_141_159,s2_164_318,s2_40_80,s2_2_4
7189,s4_2555_3715,s2_n103_99,s4_n40_7,s1_below_4282,s3_3_4,s2_2001_2003,s2_760_2075,s3_17_37,Truck (<=10000 lbs.),s2_11_28,Not Deployed,s2_97_208,s1_below_1,Male,s2_37_80,s6_179_up,s3_318_464,s3_80_160,s5_6_7
7190,s4_2555_3715,s2_n103_99,s3_n81_n40,s1_below_4282,s3_3_4,s2_2001_2003,s2_760_2075,s6_57_up,Truck (<=10000 lbs.),s3_28_48,Deployed,s2_97_208,s1_below_1,Male,s3_80_96,s5_169_179,s3_318_464,s3_80_160,s5_6_7
7191,s2_885_1695,s2_n103_99,s4_n40_7,s1_below_4282,s1_below_2,s4_2005_2007,s3_2075_3730,s3_17_37,Passenger Car,s2_11_28,Deployed,s2_97_208,s4_3_4,Male,s3_80_96,s3_141_159,s2_164_318,s2_40_80,s2_2_4
7192,s2_885_1695,s2_n103_99,s3_n81_n40,s1_below_4282,s2_2_3,s4_2005_2007,s2_760_2075,s5_47_57,Truck (<=6000 lbs.),s2_11_28,Deployed,s2_97_208,s5_4_5,Female,s2_37_80,s3_141_159,s2_164_318,s3_80_160,s2_2_4
7193,s3_1695_2555,s2_n103_99,s4_n40_7,s1_below_4282,s1_below_2,s4_2005_2007,s2_760_2075,s3_17_37,Truck (<=10000 lbs.),s2_11_28,Deployed,s2_97_208,s1_below_1,Male,s2_37_80,s5_169_179,s3_318_464,s3_80_160,s4_5_6
7194,s3_1695_2555,s2_n103_99,s5_7_up,s1_below_4282,s4_4_5,s3_2003_2005,s2_760_2075,s6_57_up,Truck (<=6000 lbs.),s3_28_48,Not Deployed,s2_97_208,s1_below_1,Female,s2_37_80,s3_141_159,s2_164_318,s6_260_up,s2_2_4
7195,s2_885_1695,s2_n103_99,s4_n40_7,s1_below_4282,s3_3_4,s2_2001_2003,s3_2075_3730,s6_57_up,Passenger Car,s2_11_28,Deployed,s2_97_208,s2_1_2,Female,s2_37_80,s3_141_159,s2_164_318,s3_80_160,s2_2_4
7196,s3_1695_2555,s2_n103_99,s5_7_up,s1_below_4282,s3_3_4,s4_2005_2007,s2_760_2075,s6_57_up,Truck (<=10000 lbs.),s3_28_48,Not Deployed,s2_97_208,s1_below_1,Male,s3_80_96,s5_169_179,s3_318_464,s6_260_up,s5_6_7
7197,s2_885_1695,s2_n103_99,s4_n40_7,s1_below_4282,s1_below_2,s1_below_2001,s2_760_2075,s3_17_37,Truck (<=6000 lbs.),s4_48_64,Not Deployed,s2_97_208,s1_below_1,Female,s2_37_80,s3_141_159,s2_164_318,s2_40_80,s2_2_4
7198,s3_1695_2555,s2_n103_99,s5_7_up,s1_below_4282,s1_below_2,s1_below_2001,s2_760_2075,s6_57_up,Truck (<=6000 lbs.),s2_11_28,Deployed,s2_97_208,s1_below_1,Female,s2_37_80,s3_141_159,s2_164_318,s6_260_up,s2_2_4
7199,s2_885_1695,s2_n103_99,s4_n40_7,s1_below_4282,s3_3_4,s3_2003_2005,s2_760_2075,s4_37_47,Passenger Car,s2_11_28,Not Deployed,s2_97_208,s1_below_1,Female,s3_80_96,s3_141_159,s2_164_318,s3_80_160,s2_2_4
7200,s2_885_1695,s2_n103_99,s4_n40_7,s1_below_4282,s3_3_4,s2_2001_2003,s3_2075_3730,s3_17_37,Passenger Car,s3_28_48,Deployed,s2_97_208,s1_below_1,Female,s3_80_96,s3_141_159,s2_164_318,s3_80_160,s2_2_4
7201,s3_1695_2555,s2_n103_99,s4_n40_7,s1_below_4282,s4_4_5,s1_below_2001,s2_760_2075,s3_17_37,Passenger Car,s4_48_64,Deployed,s2_97_208,s1_below_1,Male,s2_37_80,s4_159_169,s2_164_318,s3_80_160,s2_2_4
7202,s2_885_1695,s2_n103_99,s4_n40_7,s1_below_4282,s1_below_2,s4_2005_2007,s2_760_2075,s3_17_37,Passenger Car,s2_11_28,Deployed,s2_97_208,s1_below_1,Male,s2_37_80,s3_141_159,s2_164_318,s3_80_160,s2_2_4
7203,s2_885_1695,s2_n103_99,s4_n40_7,s1_below_4282,s4_4_5,s4_2005_2007,s2_760_2075,s3_17_37,Passenger Car,s3_28_48,Deployed,s2_97_208,s1_below_1,Male,s2_37_80,s3_141_159,s2_164_318,s4_160_220,s2_2_4
7204,s2_885_1695,s2_n103_99,s4_n40_7,s1_below_4282,s2_2_3,s3_2003_2005,s2_760_2075,s3_17_37,Passenger Car,s4_48_64,Not Deployed,s2_97_208,s1_below_1,Male,s2_37_80,s3_141_159,s2_164_318,s4_160_220,s2_2_4
7205,s3_1695_2555,s2_n103_99,s4_n40_7,s1_below_4282,s2_2_3,s1_below_2001,s2_760_2075,s5_47_57,Passenger Car,s3_28_48,Not Deployed,s2_97_208,s1_below_1,Female,s2_37_80,s3_141_159,s2_164_318,s3_80_160,s2_2_4
7206,s2_885_1695,s2_n103_99,s4_n40_7,s1_below_4282,s2_2_3,s1_below_2001,s2_760_2075,s5_47_57,Passenger Car,s2_11_28,Not Deployed,s2_97_208,s1_below_1,Male,s4_96_114,s3_141_159,s2_164_318,s3_80_160,s2_2_4
7207,s2_885_1695,s2_n103_99,s4_n40_7,s1_below_4282,s5_5_6,s1_below_2001,s2_760_2075,s3_17_37,Passenger Car,s3_28_48,Not Deployed,s2_97_208,s1_below_1,Female,s2_37_80,s3_141_159,s2_164_318,s4_160_220,s2_2_4
7208,s3_1695_2555,s2_n103_99,s4_n40_7,s1_below_4282,s4_4_5,s4_2005_2007,s2_760_2075,s3_17_37,Truck (<=10000 lbs.),s3_28_48,Deployed,s2_97_208,s1_below_1,Male,s2_37_80,s5_169_179,s3_318_464,s3_80_160,s4_5_6
7209,s2_885_1695,s2_n103_99,s5_7_up,s1_below_4282,s2_2_3,s5_2007_2009,s2_760_2075,s5_47_57,Passenger Car,s4_48_64,Not Deployed,s2_97_208,s1_below_1,Male,s2_37_80,s3_141_159,s2_164_318,s6_260_up,s2_2_4
7210,s2_885_1695,s2_n103_99,s5_7_up,s1_below_4282,s3_3_4,s2_2001_2003,s2_760_2075,s5_47_57,Passenger Car,s2_11_28,Not Deployed,s2_97_208,s3_2_3,Male,s3_80_96,s3_141_159,s2_164_318,s1_below_40,s2_2_4
7211,s2_885_1695,s2_n103_99,s4_n40_7,s1_below_4282,s1_below_2,s1_below_2001,s2_760_2075,s3_17_37,Passenger Car,s5_64_76,Not Deployed,s2_97_208,s1_below_1,Male,s2_37_80,s3_141_159,s2_164_318,s3_80_160,s2_2_4
7212,s3_1695_2555,s2_n103_99,s4_n40_7,s1_below_4282,s2_2_3,s1_below_2001,s2_760_2075,s3_17_37,Truck (<=10000 lbs.),s2_11_28,Deployed,s2_97_208,s2_1_2,Male,s3_80_96,s5_169_179,s3_318_464,s4_160_220,s4_5_6
7213,s2_885_1695,s2_n103_99,s4_n40_7,s1_below_4282,s1_below_2,s4_2005_2007,s2_760_2075,s3_17_37,Passenger Car,s4_48_64,Not Deployed,s2_97_208,s1_below_1,Male,s3_80_96,s3_141_159,s2_164_318,s3_80_160,s2_2_4
7214,s3_1695_2555,s2_n103_99,s4_n40_7,s1_below_4282,s1_below_2,s3_2003_2005,s3_2075_3730,s3_17_37,Truck (<=6000 lbs.),s3_28_48,Not Deployed,s2_97_208,s1_below_1,Male,s6_130_up,s3_141_159,s2_164_318,s4_160_220,s2_2_4
7215,s3_1695_2555,s2_n103_99,s4_n40_7,s1_below_4282,s1_below_2,s1_below_2001,s3_2075_3730,s3_17_37,Truck (<=10000 lbs.),s4_48_64,Deployed,s2_97_208,s1_below_1,Male,s2_37_80,s5_169_179,s3_318_464,s3_80_160,s4_5_6
7216,s2_885_1695,s2_n103_99,s4_n40_7,s1_below_4282,s5_5_6,s5_2007_2009,s2_760_2075,s5_47_57,Passenger Car,s3_28_48,Deployed,s2_97_208,s1_below_1,Male,s3_80_96,s3_141_159,s2_164_318,s3_80_160,s2_2_4
7217,s2_885_1695,s2_n103_99,s4_n40_7,s1_below_4282,s1_below_2,s3_2003_2005,s2_760_2075,s3_17_37,Passenger Car,s3_28_48,Not Deployed,s2_97_208,s1_below_1,Male,s4_96_114,s3_141_159,s2_164_318,s4_160_220,s2_2_4
7218,s2_885_1695,s2_n103_99,s4_n40_7,s1_below_4282,s1_below_2,s2_2001_2003,s2_760_2075,s3_17_37,Passenger Car,s2_11_28,Not Deployed,s2_97_208,s1_below_1,Female,s2_37_80,s3_141_159,s2_164_318,s3_80_160,s2_2_4
7219,s2_885_1695,s2_n103_99,s4_n40_7,s1_below_4282,s4_4_5,s2_2001_2003,s2_760_2075,s3_17_37,Passenger Car,s3_28_48,Deployed,s2_97_208,s1_below_1,Male,s2_37_80,s3_141_159,s2_164_318,s4_160_220,s2_2_4
7220,s3_1695_2555,s2_n103_99,s4_n40_7,s1_below_4282,s2_2_3,s3_2003_2005,s2_760_2075,s3_17_37,Truck (<=6000 lbs.),s3_28_48,Deployed,s2_97_208,s1_below_1,Male,s3_80_96,s3_141_159,s2_164_318,s4_160_220,s2_2_4
7221,s2_885_1695,s2_n103_99,s4_n40_7,s1_below_4282,s2_2_3,s3_2003_2005,s2_760_2075,s3_17_37,Passenger Car,s5_64_76,Deployed,s2_97_208,s4_3_4,Male,s2_37_80,s3_141_159,s2_164_318,s3_80_160,s2_2_4
7222,s3_1695_2555,s2_n103_99,s4_n40_7,s1_below_4282,s2_2_3,s2_2001_2003,s2_760_2075,s3_17_37,Passenger Car,s6_76_up,Not Deployed,s2_97_208,s1_below_1,Male,s2_37_80,s4_159_169,s2_164_318,s4_160_220,s2_2_4
7223,s2_885_1695,s2_n103_99,s4_n40_7,s1_below_4282,s3_3_4,s4_2005_2007,s2_760_2075,s3_17_37,Passenger Car,s3_28_48,Deployed,s2_97_208,s2_1_2,Female,s2_37_80,s3_141_159,s2_164_318,s3_80_160,s2_2_4
7224,s2_885_1695,s2_n103_99,s4_n40_7,s1_below_4282,s2_2_3,s3_2003_2005,s2_760_2075,s4_37_47,Passenger Car,s3_28_48,Not Deployed,s2_97_208,s1_below_1,Female,s2_37_80,s3_141_159,s2_164_318,s3_80_160,s2_2_4
7225,s2_885_1695,s2_n103_99,s5_7_up,s1_below_4282,s1_below_2,s1_below_2001,s2_760_2075,s5_47_57,Passenger Car,s3_28_48,Not Deployed,s2_97_208,s1_below_1,Male,s2_37_80,s3_141_159,s2_164_318,s6_260_up,s2_2_4
7226,s2_885_1695,s2_n103_99,s5_7_up,s1_below_4282,s4_4_5,s4_2005_2007,s2_760_2075,s5_47_57,Passenger Car,s2_11_28,Not Deployed,s2_97_208,s1_below_1,Male,s4_96_114,s3_141_159,s2_164_318,s6_260_up,s2_2_4
7227,s2_885_1695,s2_n103_99,s5_7_up,s1_below_4282,s2_2_3,s2_2001_2003,s2_760_2075,s4_37_47,Passenger Car,s2_11_28,Not Deployed,s2_97_208,s1_below_1,Female,s2_37_80,s3_141_159,s2_164_318,s6_260_up,s2_2_4
7228,s3_1695_2555,s2_n103_99,s4_n40_7,s1_below_4282,s3_3_4,s3_2003_2005,s2_760_2075,s5_47_57,Truck (<=10000 lbs.),s3_28_48,Deployed,s2_97_208,s1_below_1,Male,s6_130_up,s5_169_179,s3_318_464,s3_80_160,s4_5_6
7229,s2_885_1695,s2_n103_99,s4_n40_7,s1_below_4282,s2_2_3,s2_2001_2003,s2_760_2075,s3_17_37,Passenger Car,s3_28_48,Deployed,s2_97_208,s1_below_1,Male,s2_37_80,s3_141_159,s2_164_318,s3_80_160,s2_2_4
7230,s2_885_1695,s2_n103_99,s4_n40_7,s1_below_4282,s2_2_3,s4_2005_2007,s2_760_2075,s5_47_57,Passenger Car,s3_28_48,Not Deployed,s2_97_208,s1_below_1,Male,s3_80_96,s3_141_159,s2_164_318,s4_160_220,s2_2_4
7231,s2_885_1695,s2_n103_99,s4_n40_7,s1_below_4282,s4_4_5,s3_2003_2005,s2_760_2075,s3_17_37,Passenger Car,s3_28_48,Not Deployed,s2_97_208,s1_below_1,Male,s2_37_80,s3_141_159,s2_164_318,s4_160_220,s2_2_4
7232,s2_885_1695,s2_n103_99,s4_n40_7,s1_below_4282,s3_3_4,s1_below_2001,s2_760_2075,s3_17_37,Passenger Car,s3_28_48,Not Deployed,s2_97_208,s1_below_1,Male,s2_37_80,s3_141_159,s2_164_318,s2_40_80,s2_2_4
7233,s3_1695_2555,s2_n103_99,s4_n40_7,s1_below_4282,s2_2_3,s3_2003_2005,s2_760_2075,s5_47_57,Truck (<=6000 lbs.),s3_28_48,Deployed,s2_97_208,s1_below_1,Male,s3_80_96,s4_159_169,s2_164_318,s3_80_160,s2_2_4
7234,s2_885_1695,s2_n103_99,s4_n40_7,s1_below_4282,s1_below_2,s3_2003_2005,s3_2075_3730,s4_37_47,Passenger Car,s5_64_76,Not Deployed,s2_97_208,s1_below_1,Female,s2_37_80,s3_141_159,s2_164_318,s3_80_160,s2_2_4
7235,s3_1695_2555,s2_n103_99,s4_n40_7,s1_below_4282,s4_4_5,s2_2001_2003,s2_760_2075,s3_17_37,Truck (<=6000 lbs.),s4_48_64,Deployed,s2_97_208,s2_1_2,Female,s2_37_80,s3_141_159,s2_164_318,s3_80_160,s2_2_4
7236,s3_1695_2555,s2_n103_99,s4_n40_7,s1_below_4282,s6_6_up,s4_2005_2007,s2_760_2075,s4_37_47,Truck (<=6000 lbs.),s3_28_48,Not Deployed,s2_97_208,s1_below_1,Female,s2_37_80,s5_169_179,s2_164_318,s3_80_160,s2_2_4
7237,s3_1695_2555,s2_n103_99,s4_n40_7,s1_below_4282,s1_below_2,s3_2003_2005,s2_760_2075,s2_7_17,Truck (<=6000 lbs.),s3_28_48,Not Deployed,s2_97_208,s1_below_1,Male,s3_80_96,s3_141_159,s2_164_318,s2_40_80,s2_2_4
7238,s3_1695_2555,s2_n103_99,s5_7_up,s1_below_4282,s4_4_5,s3_2003_2005,s2_760_2075,s3_17_37,Truck (<=6000 lbs.),s4_48_64,Not Deployed,s2_97_208,s1_below_1,Male,s2_37_80,s3_141_159,s2_164_318,s4_160_220,s2_2_4
7239,s3_1695_2555,s2_n103_99,s2_n112_n81,s1_below_4282,s2_2_3,s5_2007_2009,s2_760_2075,s6_57_up,Truck (<=10000 lbs.),s4_48_64,Deployed,s2_97_208,s1_below_1,Male,s3_80_96,s3_141_159,s3_318_464,s3_80_160,s4_5_6
7240,s3_1695_2555,s2_n103_99,s4_n40_7,s1_below_4282,s4_4_5,s4_2005_2007,s2_760_2075,s3_17_37,Truck (<=6000 lbs.),s2_11_28,Deployed,s2_97_208,s1_below_1,Male,s6_130_up,s4_159_169,s2_164_318,s3_80_160,s2_2_4
7241,s2_885_1695,s2_n103_99,s4_n40_7,s1_below_4282,s4_4_5,s3_2003_2005,s2_760_2075,s3_17_37,Passenger Car,s2_11_28,Not Deployed,s2_97_208,s1_below_1,Male,s2_37_80,s3_141_159,s2_164_318,s4_160_220,s2_2_4
7242,s3_1695_2555,s2_n103_99,s4_n40_7,s1_below_4282,s2_2_3,s2_2001_2003,s2_760_2075,s5_47_57,Truck (<=6000 lbs.),s4_48_64,Not Deployed,s2_97_208,s1_below_1,Male,s3_80_96,s3_141_159,s3_318_464,s3_80_160,s2_2_4
7243,s2_885_1695,s2_n103_99,s2_n112_n81,s1_below_4282,s1_below_2,s3_2003_2005,s2_760_2075,s4_37_47,Passenger Car,s3_28_48,Deployed,s2_97_208,s4_3_4,Male,s5_114_130,s3_141_159,s2_164_318,s3_80_160,s2_2_4
7244,s4_2555_3715,s2_n103_99,s4_n40_7,s1_below_4282,s1_below_2,s3_2003_2005,s2_760_2075,s3_17_37,Truck (<=10000 lbs.),s2_11_28,Not Deployed,s2_97_208,s1_below_1,Male,s2_37_80,s4_159_169,s2_164_318,s3_80_160,s3_4_5
7245,s2_885_1695,s2_n103_99,s4_n40_7,s1_below_4282,s3_3_4,s1_below_2001,s2_760_2075,s4_37_47,Truck (<=6000 lbs.),s2_11_28,Deployed,s2_97_208,s1_below_1,Male,s2_37_80,s3_141_159,s3_318_464,s3_80_160,s2_2_4
7246,s2_885_1695,s2_n103_99,s4_n40_7,s1_below_4282,s3_3_4,s3_2003_2005,s2_760_2075,s4_37_47,Passenger Car,s4_48_64,Deployed,s2_97_208,s3_2_3,Male,s3_80_96,s3_141_159,s2_164_318,s3_80_160,s2_2_4
7247,s2_885_1695,s2_n103_99,s4_n40_7,s1_below_4282,s3_3_4,s2_2001_2003,s3_2075_3730,s5_47_57,Passenger Car,s2_11_28,Not Deployed,s2_97_208,s4_3_4,Male,s3_80_96,s3_141_159,s2_164_318,s2_40_80,s2_2_4
7248,s2_885_1695,s2_n103_99,s4_n40_7,s1_below_4282,s6_6_up,s4_2005_2007,s2_760_2075,s3_17_37,Passenger Car,s2_11_28,Deployed,s2_97_208,s1_below_1,Male,s4_96_114,s3_141_159,s2_164_318,s3_80_160,s2_2_4
7249,s2_885_1695,s2_n103_99,s4_n40_7,s1_below_4282,s1_below_2,s3_2003_2005,s2_760_2075,s3_17_37,Passenger Car,s3_28_48,Not Deployed,s2_97_208,s1_below_1,Male,s2_37_80,s3_141_159,s2_164_318,s3_80_160,s2_2_4
7250,s3_1695_2555,s2_n103_99,s4_n40_7,s1_below_4282,s2_2_3,s4_2005_2007,s2_760_2075,s3_17_37,Truck (<=6000 lbs.),s4_48_64,Not Deployed,s2_97_208,s1_below_1,Male,s4_96_114,s3_141_159,s2_164_318,s3_80_160,s2_2_4
7251,s2_885_1695,s2_n103_99,s4_n40_7,s1_below_4282,s4_4_5,s1_below_2001,s2_760_2075,s3_17_37,Passenger Car,s2_11_28,Deployed,s2_97_208,s1_below_1,Male,s2_37_80,s3_141_159,s2_164_318,s3_80_160,s2_2_4
7252,s2_885_1695,s2_n103_99,s4_n40_7,s1_below_4282,s4_4_5,s2_2001_2003,s3_2075_3730,s4_37_47,Passenger Car,s3_28_48,Deployed,s2_97_208,s2_1_2,Male,s3_80_96,s3_141_159,s2_164_318,s3_80_160,s2_2_4
7253,s2_885_1695,s2_n103_99,s4_n40_7,s1_below_4282,s1_below_2,s3_2003_2005,s2_760_2075,s3_17_37,Passenger Car,s2_11_28,Deployed,s2_97_208,s2_1_2,Male,s4_96_114,s3_141_159,s2_164_318,s3_80_160,s2_2_4
7254,s3_1695_2555,s2_n103_99,s4_n40_7,s1_below_4282,s1_below_2,s3_2003_2005,s2_760_2075,s3_17_37,Truck (<=10000 lbs.),s2_11_28,Not Deployed,s2_97_208,s1_below_1,Male,s4_96_114,s4_159_169,s3_318_464,s2_40_80,s4_5_6
7255,s2_885_1695,s2_n103_99,s4_n40_7,s1_below_4282,s4_4_5,s2_2001_2003,s2_760_2075,s3_17_37,Passenger Car,s6_76_up,Not Deployed,s2_97_208,s1_below_1,Male,s2_37_80,s3_141_159,s2_164_318,s2_40_80,s2_2_4
7256,s2_885_1695,s2_n103_99,s4_n40_7,s1_below_4282,s4_4_5,s3_2003_2005,s2_760_2075,s3_17_37,Passenger Car,s4_48_64,Deployed,s2_97_208,s1_below_1,Female,s3_80_96,s3_141_159,s2_164_318,s3_80_160,s2_2_4
7257,s2_885_1695,s2_n103_99,s4_n40_7,s1_below_4282,s1_below_2,s4_2005_2007,s2_760_2075,s3_17_37,Passenger Car,s2_11_28,Not Deployed,s2_97_208,s2_1_2,Male,s2_37_80,s3_141_159,s2_164_318,s3_80_160,s2_2_4
7258,s2_885_1695,s2_n103_99,s4_n40_7,s1_below_4282,s2_2_3,s2_2001_2003,s2_760_2075,s4_37_47,Passenger Car,s2_11_28,Not Deployed,s2_97_208,s1_below_1,Male,s2_37_80,s3_141_159,s2_164_318,s3_80_160,s2_2_4
7259,s2_885_1695,s2_n103_99,s4_n40_7,s1_below_4282,s1_below_2,s1_below_2001,s2_760_2075,s5_47_57,Passenger Car,s3_28_48,Deployed,s2_97_208,s1_below_1,Female,s5_114_130,s3_141_159,s2_164_318,s3_80_160,s2_2_4
7260,s2_885_1695,s2_n103_99,s4_n40_7,s1_below_4282,s2_2_3,s4_2005_2007,s2_760_2075,s3_17_37,Passenger Car,s3_28_48,Not Deployed,s2_97_208,s1_below_1,Male,s2_37_80,s3_141_159,s2_164_318,s6_260_up,s2_2_4
7261,s3_1695_2555,s2_n103_99,s4_n40_7,s1_below_4282,s4_4_5,s4_2005_2007,s2_760_2075,s4_37_47,Truck (<=6000 lbs.),s3_28_48,Not Deployed,s2_97_208,s1_below_1,Male,s2_37_80,s3_141_159,s2_164_318,s4_160_220,s2_2_4
7262,s2_885_1695,s2_n103_99,s4_n40_7,s1_below_4282,s4_4_5,s1_below_2001,s2_760_2075,s3_17_37,Passenger Car,s2_11_28,Deployed,s2_97_208,s1_below_1,Male,s2_37_80,s3_141_159,s2_164_318,s4_160_220,s2_2_4
7263,s3_1695_2555,s2_n103_99,s5_7_up,s1_below_4282,s4_4_5,s1_below_2001,s2_760_2075,s5_47_57,Truck (<=6000 lbs.),s3_28_48,Not Deployed,s2_97_208,s1_below_1,Female,s2_37_80,s3_141_159,s2_164_318,s6_260_up,s2_2_4
7264,s2_885_1695,s2_n103_99,s4_n40_7,s1_below_4282,s4_4_5,s3_2003_2005,s2_760_2075,s3_17_37,Truck (<=6000 lbs.),s4_48_64,Deployed,s2_97_208,s1_below_1,Male,s3_80_96,s3_141_159,s2_164_318,s3_80_160,s2_2_4
7265,s3_1695_2555,s2_n103_99,s4_n40_7,s1_below_4282,s2_2_3,s2_2001_2003,s2_760_2075,s4_37_47,Truck (<=10000 lbs.),s2_11_28,Deployed,s2_97_208,s1_below_1,Male,s2_37_80,s3_141_159,s3_318_464,s3_80_160,s3_4_5
7266,s3_1695_2555,s2_n103_99,s5_7_up,s1_below_4282,s2_2_3,s4_2005_2007,s2_760_2075,s4_37_47,Truck (<=6000 lbs.),s3_28_48,Not Deployed,s2_97_208,s1_below_1,Female,s2_37_80,s5_169_179,s2_164_318,s6_260_up,s3_4_5
7267,s3_1695_2555,s2_n103_99,s4_n40_7,s1_below_4282,s1_below_2,s1_below_2001,s2_760_2075,s4_37_47,Truck (<=6000 lbs.),s3_28_48,Deployed,s2_97_208,s4_3_4,Male,s3_80_96,s3_141_159,s2_164_318,s3_80_160,s2_2_4
7268,s2_885_1695,s2_n103_99,s4_n40_7,s1_below_4282,s1_below_2,s4_2005_2007,s2_760_2075,s4_37_47,Truck (<=6000 lbs.),s3_28_48,Not Deployed,s2_97_208,s1_below_1,Female,s2_37_80,s3_141_159,s2_164_318,s3_80_160,s2_2_4
7269,s2_885_1695,s2_n103_99,s4_n40_7,s1_below_4282,s1_below_2,s4_2005_2007,s2_760_2075,s3_17_37,Passenger Car,s2_11_28,Not Deployed,s2_97_208,s1_below_1,Male,s2_37_80,s3_141_159,s2_164_318,s3_80_160,s2_2_4
7270,s2_885_1695,s2_n103_99,s4_n40_7,s1_below_4282,s4_4_5,s3_2003_2005,s2_760_2075,s3_17_37,Passenger Car,s2_11_28,Not Deployed,s2_97_208,s1_below_1,Female,s2_37_80,s3_141_159,s2_164_318,s3_80_160,s2_2_4
7271,s2_885_1695,s2_n103_99,s4_n40_7,s1_below_4282,s1_below_2,s3_2003_2005,s3_2075_3730,s3_17_37,Passenger Car,s2_11_28,Deployed,s2_97_208,s1_below_1,Male,s2_37_80,s3_141_159,s2_164_318,s3_80_160,s2_2_4
7272,s3_1695_2555,s2_n103_99,s4_n40_7,s1_below_4282,s3_3_4,s4_2005_2007,s2_760_2075,s3_17_37,Passenger Car,s2_11_28,Not Deployed,s2_97_208,s2_1_2,Male,s4_96_114,s4_159_169,s2_164_318,s4_160_220,s2_2_4
7273,s2_885_1695,s2_n103_99,s3_n81_n40,s1_below_4282,s3_3_4,s4_2005_2007,s2_760_2075,s5_47_57,Passenger Car,s2_11_28,Deployed,s2_97_208,s6_5_up,Female,s5_114_130,s3_141_159,s2_164_318,s2_40_80,s2_2_4
7274,s2_885_1695,s2_n103_99,s3_n81_n40,s1_below_4282,s3_3_4,s2_2001_2003,s2_760_2075,s3_17_37,Passenger Car,s2_11_28,Deployed,s2_97_208,s3_2_3,Male,s2_37_80,s3_141_159,s2_164_318,s3_80_160,s2_2_4
7275,s4_2555_3715,s2_n103_99,s4_n40_7,s1_below_4282,s1_below_2,s3_2003_2005,s2_760_2075,s3_17_37,Truck (<=10000 lbs.),s3_28_48,Not Deployed,s2_97_208,s1_below_1,Male,s4_96_114,s5_169_179,s2_164_318,s3_80_160,s4_5_6
7276,s2_885_1695,s2_n103_99,s4_n40_7,s1_below_4282,s3_3_4,s3_2003_2005,s2_760_2075,s3_17_37,Passenger Car,s2_11_28,Not Deployed,s2_97_208,s1_below_1,Male,s2_37_80,s3_141_159,s2_164_318,s4_160_220,s2_2_4
7277,s3_1695_2555,s2_n103_99,s4_n40_7,s1_below_4282,s3_3_4,s1_below_2001,s2_760_2075,s5_47_57,Truck (<=6000 lbs.),s3_28_48,Not Deployed,s2_97_208,s1_below_1,Female,s6_130_up,s3_141_159,s2_164_318,s3_80_160,s2_2_4
7278,s2_885_1695,s2_n103_99,s4_n40_7,s1_below_4282,s4_4_5,s3_2003_2005,s3_2075_3730,s3_17_37,Passenger Car,s2_11_28,Deployed,s2_97_208,s1_below_1,Male,s3_80_96,s3_141_159,s2_164_318,s3_80_160,s2_2_4
7279,s3_1695_2555,s2_n103_99,s4_n40_7,s1_below_4282,s4_4_5,s4_2005_2007,s2_760_2075,s3_17_37,Truck (<=6000 lbs.),s4_48_64,Not Deployed,s2_97_208,s1_below_1,Female,s2_37_80,s4_159_169,s3_318_464,s3_80_160,s4_5_6
7280,s2_885_1695,s2_n103_99,s5_7_up,s1_below_4282,s3_3_4,s2_2001_2003,s2_760_2075,s4_37_47,Passenger Car,s4_48_64,Not Deployed,s2_97_208,s1_below_1,Male,s2_37_80,s3_141_159,s2_164_318,s6_260_up,s2_2_4
7281,s2_885_1695,s2_n103_99,s4_n40_7,s1_below_4282,s3_3_4,s3_2003_2005,s2_760_2075,s4_37_47,Passenger Car,s4_48_64,Not Deployed,s2_97_208,s1_below_1,Male,s4_96_114,s3_141_159,s2_164_318,s3_80_160,s2_2_4
7282,s2_885_1695,s2_n103_99,s4_n40_7,s1_below_4282,s1_below_2,s3_2003_2005,s2_760_2075,s3_17_37,Passenger Car,s4_48_64,Not Deployed,s2_97_208,s2_1_2,Female,s2_37_80,s3_141_159,s2_164_318,s3_80_160,s2_2_4
7283,s2_885_1695,s2_n103_99,s4_n40_7,s1_below_4282,s1_below_2,s2_2001_2003,s2_760_2075,s3_17_37,Passenger Car,s2_11_28,Deployed,s2_97_208,s1_below_1,Male,s2_37_80,s3_141_159,s2_164_318,s3_80_160,s2_2_4
7284,s2_885_1695,s2_n103_99,s4_n40_7,s1_below_4282,s4_4_5,s4_2005_2007,s2_760_2075,s3_17_37,Passenger Car,s3_28_48,Deployed,s2_97_208,s1_below_1,Female,s4_96_114,s3_141_159,s2_164_318,s4_160_220,s2_2_4
7285,s3_1695_2555,s2_n103_99,s4_n40_7,s1_below_4282,s3_3_4,s2_2001_2003,s2_760_2075,s4_37_47,Truck (<=6000 lbs.),s3_28_48,Not Deployed,s2_97_208,s1_below_1,Male,s2_37_80,s3_141_159,s3_318_464,s3_80_160,s2_2_4
7286,s2_885_1695,s2_n103_99,s5_7_up,s1_below_4282,s3_3_4,s3_2003_2005,s2_760_2075,s4_37_47,Passenger Car,s6_76_up,Not Deployed,s2_97_208,s1_below_1,Male,s3_80_96,s3_141_159,s2_164_318,s6_260_up,s2_2_4
7287,s3_1695_2555,s2_n103_99,s4_n40_7,s1_below_4282,s3_3_4,s3_2003_2005,s2_760_2075,s5_47_57,Truck (<=6000 lbs.),s3_28_48,Deployed,s2_97_208,s1_below_1,Female,s2_37_80,s3_141_159,s2_164_318,s3_80_160,s2_2_4
7288,s2_885_1695,s2_n103_99,s4_n40_7,s1_below_4282,s1_below_2,s1_below_2001,s2_760_2075,s3_17_37,Truck (<=6000 lbs.),s6_76_up,Deployed,s2_97_208,s1_below_1,Male,s2_37_80,s3_141_159,s3_318_464,s4_160_220,s2_2_4
7289,s3_1695_2555,s2_n103_99,s4_n40_7,s1_below_4282,s4_4_5,s5_2007_2009,s2_760_2075,s3_17_37,Passenger Car,s2_11_28,Deployed,s2_97_208,s1_below_1,Male,s3_80_96,s4_159_169,s2_164_318,s3_80_160,s2_2_4
7290,s2_885_1695,s2_n103_99,s4_n40_7,s1_below_4282,s1_below_2,s4_2005_2007,s2_760_2075,s3_17_37,Passenger Car,s2_11_28,Not Deployed,s2_97_208,s1_below_1,Female,s2_37_80,s3_141_159,s2_164_318,s2_40_80,s2_2_4
7291,s3_1695_2555,s2_n103_99,s4_n40_7,s1_below_4282,s2_2_3,s2_2001_2003,s2_760_2075,s4_37_47,Truck (<=6000 lbs.),s4_48_64,Not Deployed,s2_97_208,s1_below_1,Male,s2_37_80,s3_141_159,s2_164_318,s2_40_80,s2_2_4
7292,s2_885_1695,s2_n103_99,s4_n40_7,s1_below_4282,s3_3_4,s2_2001_2003,s2_760_2075,s4_37_47,Truck (<=6000 lbs.),s3_28_48,Not Deployed,s2_97_208,s1_below_1,Female,s2_37_80,s3_141_159,s2_164_318,s3_80_160,s2_2_4
7293,s2_885_1695,s2_n103_99,s4_n40_7,s1_below_4282,s3_3_4,s1_below_2001,s2_760_2075,s4_37_47,Passenger Car,s3_28_48,Not Deployed,s2_97_208,s1_below_1,Female,s3_80_96,s3_141_159,s2_164_318,s3_80_160,s2_2_4
7294,s2_885_1695,s2_n103_99,s5_7_up,s1_below_4282,s3_3_4,s2_2001_2003,s2_760_2075,s4_37_47,Passenger Car,s5_64_76,Not Deployed,s2_97_208,s1_below_1,Male,s5_114_130,s3_141_159,s2_164_318,s6_260_up,s2_2_4
7295,s2_885_1695,s2_n103_99,s4_n40_7,s1_below_4282,s2_2_3,s1_below_2001,s2_760_2075,s3_17_37,Truck (<=6000 lbs.),s4_48_64,Not Deployed,s2_97_208,s1_below_1,Male,s4_96_114,s3_141_159,s2_164_318,s3_80_160,s2_2_4
7296,s2_885_1695,s2_n103_99,s4_n40_7,s1_below_4282,s1_below_2,s4_2005_2007,s2_760_2075,s3_17_37,Truck (<=6000 lbs.),s5_64_76,Not Deployed,s2_97_208,s1_below_1,Male,s2_37_80,s3_141_159,s2_164_318,s4_160_220,s2_2_4
7297,s2_885_1695,s2_n103_99,s4_n40_7,s1_below_4282,s1_below_2,s4_2005_2007,s2_760_2075,s3_17_37,Passenger Car,s4_48_64,Not Deployed,s2_97_208,s1_below_1,Male,s2_37_80,s3_141_159,s2_164_318,s3_80_160,s2_2_4
7298,s2_885_1695,s2_n103_99,s4_n40_7,s1_below_4282,s2_2_3,s3_2003_2005,s2_760_2075,s3_17_37,Passenger Car,s3_28_48,Not Deployed,s2_97_208,s1_below_1,Female,s2_37_80,s3_141_159,s2_164_318,s5_220_260,s2_2_4
7299,s2_885_1695,s2_n103_99,s4_n40_7,s1_below_4282,s4_4_5,s2_2001_2003,s2_760_2075,s3_17_37,Passenger Car,s6_76_up,Not Deployed,s2_97_208,s1_below_1,Female,s2_37_80,s3_141_159,s2_164_318,s3_80_160,s2_2_4
7300,s3_1695_2555,s2_n103_99,s4_n40_7,s1_below_4282,s1_below_2,s2_2001_2003,s3_2075_3730,s3_17_37,Truck (<=10000 lbs.),s3_28_48,Not Deployed,s2_97_208,s1_below_1,Male,s4_96_114,s4_159_169,s3_318_464,s3_80_160,s4_5_6
7301,s2_885_1695,s2_n103_99,s5_7_up,s1_below_4282,s4_4_5,s3_2003_2005,s2_760_2075,s3_17_37,Passenger Car,s4_48_64,Not Deployed,s2_97_208,s1_below_1,Male,s3_80_96,s3_141_159,s2_164_318,s6_260_up,s2_2_4
7302,s2_885_1695,s2_n103_99,s4_n40_7,s1_below_4282,s4_4_5,s4_2005_2007,s2_760_2075,s3_17_37,Passenger Car,s3_28_48,Not Deployed,s2_97_208,s1_below_1,Female,s2_37_80,s3_141_159,s2_164_318,s3_80_160,s2_2_4
7303,s3_1695_2555,s2_n103_99,s4_n40_7,s1_below_4282,s2_2_3,s2_2001_2003,s2_760_2075,s4_37_47,Truck (<=10000 lbs.),s3_28_48,Not Deployed,s2_97_208,s1_below_1,Female,s2_37_80,s4_159_169,s2_164_318,s3_80_160,s3_4_5
7304,s3_1695_2555,s2_n103_99,s3_n81_n40,s1_below_4282,s1_below_2,s2_2001_2003,s3_2075_3730,s3_17_37,Truck (<=10000 lbs.),s3_28_48,Deployed,s2_97_208,s3_2_3,Male,s3_80_96,s3_141_159,s2_164_318,s3_80_160,s2_2_4
7305,s3_1695_2555,s2_n103_99,s4_n40_7,s1_below_4282,s1_below_2,s3_2003_2005,s2_760_2075,s3_17_37,Truck (<=6000 lbs.),s3_28_48,Not Deployed,s2_97_208,s1_below_1,Female,s2_37_80,s3_141_159,s2_164_318,s2_40_80,s2_2_4
7306,s3_1695_2555,s2_n103_99,s4_n40_7,s1_below_4282,s4_4_5,s1_below_2001,s3_2075_3730,s3_17_37,Truck (<=6000 lbs.),s2_11_28,Not Deployed,s2_97_208,s1_below_1,Male,s2_37_80,s3_141_159,s3_318_464,s3_80_160,s3_4_5
7307,s3_1695_2555,s2_n103_99,s4_n40_7,s1_below_4282,s3_3_4,s4_2005_2007,s2_760_2075,s5_47_57,Truck (<=6000 lbs.),s4_48_64,Deployed,s2_97_208,s1_below_1,Female,s2_37_80,s3_141_159,s2_164_318,s3_80_160,s2_2_4
7308,s3_1695_2555,s2_n103_99,s4_n40_7,s1_below_4282,s3_3_4,s3_2003_2005,s2_760_2075,s3_17_37,Truck (<=10000 lbs.),s4_48_64,Not Deployed,s2_97_208,s1_below_1,Male,s3_80_96,s4_159_169,s3_318_464,s6_260_up,s4_5_6
7309,s3_1695_2555,s2_n103_99,s4_n40_7,s1_below_4282,s1_below_2,s4_2005_2007,s2_760_2075,s3_17_37,Truck (<=6000 lbs.),s2_11_28,Not Deployed,s2_97_208,s1_below_1,Male,s2_37_80,s3_141_159,s2_164_318,s3_80_160,s2_2_4
7310,s2_885_1695,s2_n103_99,s4_n40_7,s1_below_4282,s1_below_2,s3_2003_2005,s2_760_2075,s3_17_37,Passenger Car,s4_48_64,Not Deployed,s2_97_208,s1_below_1,Female,s2_37_80,s3_141_159,s2_164_318,s3_80_160,s2_2_4
7311,s2_885_1695,s2_n103_99,s4_n40_7,s1_below_4282,s1_below_2,s2_2001_2003,s2_760_2075,s3_17_37,Passenger Car,s2_11_28,Not Deployed,s2_97_208,s1_below_1,Female,s2_37_80,s3_141_159,s2_164_318,s2_40_80,s2_2_4
7312,s4_2555_3715,s2_n103_99,s4_n40_7,s1_below_4282,s3_3_4,s2_2001_2003,s2_760_2075,s5_47_57,Truck (<=10000 lbs.),s3_28_48,Not Deployed,s2_97_208,s1_below_1,Male,s2_37_80,s5_169_179,s3_318_464,s3_80_160,s4_5_6
7313,s2_885_1695,s2_n103_99,s4_n40_7,s1_below_4282,s4_4_5,s3_2003_2005,s3_2075_3730,s4_37_47,Passenger Car,s4_48_64,Deployed,s2_97_208,s2_1_2,Female,s2_37_80,s3_141_159,s2_164_318,s3_80_160,s2_2_4
7314,s4_2555_3715,s2_n103_99,s4_n40_7,s1_below_4282,s4_4_5,s5_2007_2009,s2_760_2075,s4_37_47,Truck (<=10000 lbs.),s3_28_48,Not Deployed,s2_97_208,s1_below_1,Male,s5_114_130,s5_169_179,s3_318_464,s6_260_up,s4_5_6
7315,s3_1695_2555,s2_n103_99,s4_n40_7,s1_below_4282,s3_3_4,s1_below_2001,s2_760_2075,s5_47_57,Truck (<=6000 lbs.),s4_48_64,Not Deployed,s2_97_208,s1_below_1,Male,s3_80_96,s3_141_159,s2_164_318,s3_80_160,s2_2_4
7316,s3_1695_2555,s2_n103_99,s5_7_up,s1_below_4282,s1_below_2,s3_2003_2005,s2_760_2075,s4_37_47,Truck (<=6000 lbs.),s3_28_48,Not Deployed,s2_97_208,s1_below_1,Female,s2_37_80,s3_141_159,s2_164_318,s4_160_220,s2_2_4
7317,s2_885_1695,s2_n103_99,s4_n40_7,s1_below_4282,s3_3_4,s2_2001_2003,s2_760_2075,s5_47_57,Truck (<=6000 lbs.),s4_48_64,Deployed,s2_97_208,s1_below_1,Male,s4_96_114,s2_116_141,s2_164_318,s3_80_160,s2_2_4
7318,s3_1695_2555,s2_n103_99,s3_n81_n40,s1_below_4282,s1_below_2,s4_2005_2007,s2_760_2075,s4_37_47,Truck (<=6000 lbs.),s4_48_64,Deployed,s2_97_208,s1_below_1,Male,s3_80_96,s4_159_169,s2_164_318,s3_80_160,s3_4_5
7319,s3_1695_2555,s2_n103_99,s3_n81_n40,s1_below_4282,s1_below_2,s2_2001_2003,s2_760_2075,s4_37_47,Truck (<=6000 lbs.),s2_11_28,Deployed,s2_97_208,s4_3_4,Female,s2_37_80,s3_141_159,s2_164_318,s3_80_160,s2_2_4
7320,s2_885_1695,s2_n103_99,s5_7_up,s1_below_4282,s3_3_4,s4_2005_2007,s2_760_2075,s3_17_37,Passenger Car,s4_48_64,Not Deployed,s2_97_208,s1_below_1,Female,s2_37_80,s3_141_159,s2_164_318,s6_260_up,s2_2_4
7321,s2_885_1695,s2_n103_99,s4_n40_7,s1_below_4282,s2_2_3,s5_2007_2009,s2_760_2075,s4_37_47,Passenger Car,s4_48_64,Deployed,s2_97_208,s1_below_1,Female,s3_80_96,s3_141_159,s2_164_318,s3_80_160,s2_2_4
7322,s3_1695_2555,s2_n103_99,s5_7_up,s1_below_4282,s2_2_3,s1_below_2001,s2_760_2075,s4_37_47,Truck (<=10000 lbs.),s4_48_64,Not Deployed,s2_97_208,s2_1_2,Male,s3_80_96,s5_169_179,s3_318_464,s6_260_up,s4_5_6
7323,s2_885_1695,s2_n103_99,s4_n40_7,s1_below_4282,s1_below_2,s3_2003_2005,s2_760_2075,s1_below_7,Passenger Car,s3_28_48,Not Deployed,s2_97_208,s1_below_1,Female,s2_37_80,s3_141_159,s2_164_318,s4_160_220,s2_2_4
7324,s2_885_1695,s2_n103_99,s4_n40_7,s1_below_4282,s1_below_2,s5_2007_2009,s3_2075_3730,s4_37_47,Passenger Car,s3_28_48,Not Deployed,s2_97_208,s1_below_1,Male,s3_80_96,s3_141_159,s2_164_318,s2_40_80,s2_2_4
7325,s3_1695_2555,s2_n103_99,s4_n40_7,s1_below_4282,s1_below_2,s1_below_2001,s2_760_2075,s4_37_47,Truck (<=10000 lbs.),s3_28_48,Deployed,s2_97_208,s1_below_1,Male,s4_96_114,s4_159_169,s2_164_318,s3_80_160,s2_2_4
7326,s2_885_1695,s2_n103_99,s4_n40_7,s1_below_4282,s1_below_2,s4_2005_2007,s2_760_2075,s4_37_47,Passenger Car,s4_48_64,Not Deployed,s2_97_208,s1_below_1,Female,s3_80_96,s3_141_159,s2_164_318,s3_80_160,s2_2_4
7327,s3_1695_2555,s2_n103_99,s4_n40_7,s1_below_4282,s1_below_2,s3_2003_2005,s2_760_2075,s4_37_47,Truck (<=6000 lbs.),s3_28_48,Not Deployed,s2_97_208,s1_below_1,Male,s3_80_96,s4_159_169,s2_164_318,s3_80_160,s3_4_5
7328,s2_885_1695,s2_n103_99,s4_n40_7,s1_below_4282,s3_3_4,s5_2007_2009,s2_760_2075,s3_17_37,Passenger Car,s2_11_28,Not Deployed,s2_97_208,s1_below_1,Female,s2_37_80,s3_141_159,s2_164_318,s3_80_160,s2_2_4
7329,s2_885_1695,s2_n103_99,s4_n40_7,s1_below_4282,s2_2_3,s4_2005_2007,s3_2075_3730,s4_37_47,Passenger Car,s3_28_48,Deployed,s2_97_208,s1_below_1,Male,s4_96_114,s3_141_159,s2_164_318,s3_80_160,s2_2_4
7330,s2_885_1695,s2_n103_99,s4_n40_7,s1_below_4282,s4_4_5,s5_2007_2009,s2_760_2075,s3_17_37,Passenger Car,s2_11_28,Deployed,s2_97_208,s1_below_1,Female,s2_37_80,s3_141_159,s2_164_318,s3_80_160,s2_2_4
7331,s2_885_1695,s2_n103_99,s4_n40_7,s1_below_4282,s1_below_2,s2_2001_2003,s2_760_2075,s3_17_37,Truck (<=6000 lbs.),s3_28_48,Not Deployed,s2_97_208,s1_below_1,Female,s2_37_80,s3_141_159,s2_164_318,s3_80_160,s2_2_4
7332,s2_885_1695,s2_n103_99,s5_7_up,s1_below_4282,s2_2_3,s3_2003_2005,s3_2075_3730,s3_17_37,Passenger Car,s4_48_64,Not Deployed,s2_97_208,s1_below_1,Female,s3_80_96,s3_141_159,s2_164_318,s4_160_220,s2_2_4
7333,s3_1695_2555,s2_n103_99,s4_n40_7,s1_below_4282,s2_2_3,s5_2007_2009,s2_760_2075,s3_17_37,Truck (<=10000 lbs.),s3_28_48,Deployed,s2_97_208,s1_below_1,Male,s3_80_96,s5_169_179,s3_318_464,s3_80_160,s4_5_6
7334,s2_885_1695,s2_n103_99,s4_n40_7,s1_below_4282,s1_below_2,s1_below_2001,s2_760_2075,s6_57_up,Passenger Car,s2_11_28,Deployed,s2_97_208,s1_below_1,Female,s3_80_96,s3_141_159,s2_164_318,s3_80_160,s2_2_4
7335,s2_885_1695,s2_n103_99,s4_n40_7,s1_below_4282,s1_below_2,s2_2001_2003,s2_760_2075,s6_57_up,Passenger Car,s6_76_up,Not Deployed,s2_97_208,s2_1_2,Male,s2_37_80,s3_141_159,s2_164_318,s3_80_160,s2_2_4
7336,s3_1695_2555,s2_n103_99,s4_n40_7,s1_below_4282,s2_2_3,s3_2003_2005,s3_2075_3730,s3_17_37,Truck (<=6000 lbs.),s3_28_48,Deployed,s2_97_208,s1_below_1,Female,s2_37_80,s3_141_159,s2_164_318,s3_80_160,s2_2_4
7337,s2_885_1695,s2_n103_99,s5_7_up,s1_below_4282,s1_below_2,s5_2007_2009,s3_2075_3730,s5_47_57,Passenger Car,s2_11_28,Not Deployed,s2_97_208,s1_below_1,Male,s2_37_80,s3_141_159,s2_164_318,s6_260_up,s2_2_4
7338,s4_2555_3715,s2_n103_99,s4_n40_7,s1_below_4282,s1_below_2,s4_2005_2007,s2_760_2075,s4_37_47,Truck (<=10000 lbs.),s4_48_64,Deployed,s2_97_208,s1_below_1,Male,s3_80_96,s5_169_179,s3_318_464,s3_80_160,s4_5_6
7339,s4_2555_3715,s2_n103_99,s4_n40_7,s1_below_4282,s1_below_2,s3_2003_2005,s2_760_2075,s4_37_47,Truck (<=10000 lbs.),s3_28_48,Deployed,s2_97_208,s1_below_1,Male,s3_80_96,s5_169_179,s3_318_464,s3_80_160,s4_5_6
7340,s3_1695_2555,s2_n103_99,s4_n40_7,s1_below_4282,s2_2_3,s3_2003_2005,s2_760_2075,s5_47_57,Truck (<=6000 lbs.),s4_48_64,Not Deployed,s2_97_208,s1_below_1,Female,s3_80_96,s2_116_141,s2_164_318,s3_80_160,s2_2_4
7341,s2_885_1695,s2_n103_99,s4_n40_7,s1_below_4282,s3_3_4,s3_2003_2005,s2_760_2075,s3_17_37,Passenger Car,s3_28_48,Not Deployed,s2_97_208,s1_below_1,Male,s3_80_96,s3_141_159,s2_164_318,s2_40_80,s2_2_4
7342,s3_1695_2555,s2_n103_99,s3_n81_n40,s1_below_4282,s1_below_2,s2_2001_2003,s3_2075_3730,s6_57_up,Truck (<=6000 lbs.),s3_28_48,Not Deployed,s2_97_208,s3_2_3,Female,s2_37_80,s3_141_159,s2_164_318,s1_below_40,s2_2_4
7343,s3_1695_2555,s2_n103_99,s4_n40_7,s1_below_4282,s1_below_2,s2_2001_2003,s2_760_2075,s4_37_47,Truck (<=6000 lbs.),s5_64_76,Deployed,s2_97_208,s3_2_3,Female,s6_130_up,s4_159_169,s2_164_318,s3_80_160,s3_4_5
7344,s2_885_1695,s2_n103_99,s4_n40_7,s1_below_4282,s1_below_2,s1_below_2001,s2_760_2075,s4_37_47,Truck (<=6000 lbs.),s2_11_28,Deployed,s2_97_208,s3_2_3,Female,s2_37_80,s3_141_159,s2_164_318,s4_160_220,s2_2_4
7345,s3_1695_2555,s2_n103_99,s4_n40_7,s1_below_4282,s4_4_5,s1_below_2001,s2_760_2075,s3_17_37,Truck (<=6000 lbs.),s2_11_28,Not Deployed,s2_97_208,s1_below_1,Male,s3_80_96,s3_141_159,s2_164_318,s3_80_160,s2_2_4
7346,s2_885_1695,s2_n103_99,s5_7_up,s1_below_4282,s4_4_5,s2_2001_2003,s2_760_2075,s3_17_37,Passenger Car,s2_11_28,Not Deployed,s2_97_208,s1_below_1,Male,s6_130_up,s3_141_159,s2_164_318,s6_260_up,s2_2_4
7347,s2_885_1695,s2_n103_99,s4_n40_7,s1_below_4282,s1_below_2,s4_2005_2007,s2_760_2075,s4_37_47,Passenger Car,s3_28_48,Deployed,s2_97_208,s1_below_1,Female,s2_37_80,s3_141_159,s2_164_318,s3_80_160,s2_2_4
7348,s3_1695_2555,s2_n103_99,s4_n40_7,s1_below_4282,s1_below_2,s4_2005_2007,s2_760_2075,s3_17_37,Truck (<=6000 lbs.),s4_48_64,Not Deployed,s2_97_208,s1_below_1,Female,s4_96_114,s3_141_159,s2_164_318,s3_80_160,s2_2_4
7349,s2_885_1695,s2_n103_99,s4_n40_7,s1_below_4282,s3_3_4,s2_2001_2003,s2_760_2075,s4_37_47,Passenger Car,s3_28_48,Deployed,s2_97_208,s1_below_1,Female,s2_37_80,s3_141_159,s2_164_318,s4_160_220,s2_2_4
7350,s3_1695_2555,s2_n103_99,s4_n40_7,s1_below_4282,s3_3_4,s3_2003_2005,s2_760_2075,s4_37_47,Truck (<=6000 lbs.),s3_28_48,Deployed,s2_97_208,s1_below_1,Female,s2_37_80,s3_141_159,s2_164_318,s4_160_220,s2_2_4
7351,s2_885_1695,s2_n103_99,s4_n40_7,s1_below_4282,s3_3_4,s4_2005_2007,s2_760_2075,s3_17_37,Passenger Car,s3_28_48,Not Deployed,s2_97_208,s1_below_1,Female,s2_37_80,s3_141_159,s2_164_318,s4_160_220,s2_2_4
7352,s2_885_1695,s2_n103_99,s4_n40_7,s1_below_4282,s2_2_3,s2_2001_2003,s2_760_2075,s4_37_47,Passenger Car,s3_28_48,Not Deployed,s2_97_208,s1_below_1,Male,s3_80_96,s3_141_159,s2_164_318,s3_80_160,s2_2_4
7353,s2_885_1695,s2_n103_99,s5_7_up,s1_below_4282,s2_2_3,s4_2005_2007,s2_760_2075,s4_37_47,Truck (<=6000 lbs.),s3_28_48,Not Deployed,s2_97_208,s1_below_1,Female,s2_37_80,s3_141_159,s2_164_318,s6_260_up,s2_2_4
7354,s2_885_1695,s2_n103_99,s4_n40_7,s1_below_4282,s3_3_4,s3_2003_2005,s3_2075_3730,s4_37_47,Passenger Car,s3_28_48,Deployed,s2_97_208,s5_4_5,Male,s4_96_114,s3_141_159,s2_164_318,s3_80_160,s2_2_4
7355,s3_1695_2555,s2_n103_99,s4_n40_7,s1_below_4282,s1_below_2,s3_2003_2005,s2_760_2075,s5_47_57,Truck (<=6000 lbs.),s3_28_48,Deployed,s2_97_208,s2_1_2,Female,s2_37_80,s3_141_159,s2_164_318,s4_160_220,s2_2_4
7356,s2_885_1695,s2_n103_99,s3_n81_n40,s1_below_4282,s1_below_2,s5_2007_2009,s2_760_2075,s5_47_57,Passenger Car,s4_48_64,Deployed,s2_97_208,s1_below_1,Male,s3_80_96,s3_141_159,s2_164_318,s3_80_160,s2_2_4
7357,s3_1695_2555,s2_n103_99,s4_n40_7,s1_below_4282,s2_2_3,s3_2003_2005,s2_760_2075,s3_17_37,Truck (<=6000 lbs.),s2_11_28,Deployed,s2_97_208,s1_below_1,Male,s2_37_80,s5_169_179,s2_164_318,s1_below_40,s2_2_4
7358,s2_885_1695,s2_n103_99,s4_n40_7,s1_below_4282,s3_3_4,s2_2001_2003,s2_760_2075,s3_17_37,Passenger Car,s2_11_28,Deployed,s2_97_208,s1_below_1,Male,s3_80_96,s3_141_159,s2_164_318,s3_80_160,s2_2_4
7359,s2_885_1695,s2_n103_99,s4_n40_7,s1_below_4282,s2_2_3,s3_2003_2005,s2_760_2075,s3_17_37,Passenger Car,s2_11_28,Deployed,s2_97_208,s1_below_1,Female,s3_80_96,s3_141_159,s2_164_318,s3_80_160,s2_2_4
7360,s3_1695_2555,s2_n103_99,s4_n40_7,s1_below_4282,s4_4_5,s1_below_2001,s2_760_2075,s4_37_47,Truck (<=6000 lbs.),s3_28_48,Not Deployed,s2_97_208,s1_below_1,Male,s4_96_114,s4_159_169,s2_164_318,s2_40_80,s2_2_4
7361,s2_885_1695,s2_n103_99,s4_n40_7,s1_below_4282,s1_below_2,s2_2001_2003,s2_760_2075,s4_37_47,Passenger Car,s6_76_up,Not Deployed,s2_97_208,s1_below_1,Male,s3_80_96,s3_141_159,s2_164_318,s3_80_160,s2_2_4
7362,s2_885_1695,s2_n103_99,s3_n81_n40,s1_below_4282,s2_2_3,s3_2003_2005,s2_760_2075,s5_47_57,Passenger Car,s3_28_48,Deployed,s2_97_208,s5_4_5,Female,s2_37_80,s3_141_159,s2_164_318,s4_160_220,s2_2_4
7363,s2_885_1695,s2_n103_99,s3_n81_n40,s1_below_4282,s1_below_2,s4_2005_2007,s2_760_2075,s5_47_57,Passenger Car,s4_48_64,Deployed,s2_97_208,s1_below_1,Male,s3_80_96,s3_141_159,s2_164_318,s3_80_160,s2_2_4
7364,s2_885_1695,s2_n103_99,s3_n81_n40,s1_below_4282,s1_below_2,s3_2003_2005,s3_2075_3730,s4_37_47,Truck (<=6000 lbs.),s3_28_48,Deployed,s2_97_208,s3_2_3,Female,s4_96_114,s3_141_159,s2_164_318,s3_80_160,s2_2_4
7365,s2_885_1695,s2_n103_99,s4_n40_7,s1_below_4282,s1_below_2,s2_2001_2003,s2_760_2075,s3_17_37,Passenger Car,s3_28_48,Not Deployed,s2_97_208,s3_2_3,Female,s2_37_80,s3_141_159,s2_164_318,s2_40_80,s2_2_4
7366,s2_885_1695,s2_n103_99,s4_n40_7,s1_below_4282,s4_4_5,s4_2005_2007,s2_760_2075,s3_17_37,Truck (<=6000 lbs.),s2_11_28,Deployed,s2_97_208,s1_below_1,Male,s4_96_114,s3_141_159,s2_164_318,s3_80_160,s2_2_4
7367,s2_885_1695,s2_n103_99,s4_n40_7,s1_below_4282,s2_2_3,s1_below_2001,s2_760_2075,s3_17_37,Passenger Car,s5_64_76,Not Deployed,s2_97_208,s1_below_1,Female,s2_37_80,s3_141_159,s2_164_318,s3_80_160,s2_2_4
7368,s2_885_1695,s2_n103_99,s4_n40_7,s1_below_4282,s2_2_3,s3_2003_2005,s2_760_2075,s3_17_37,Passenger Car,s3_28_48,Not Deployed,s2_97_208,s1_below_1,Female,s2_37_80,s3_141_159,s2_164_318,s3_80_160,s2_2_4
7369,s3_1695_2555,s2_n103_99,s4_n40_7,s1_below_4282,s1_below_2,s2_2001_2003,s2_760_2075,s4_37_47,Truck (<=10000 lbs.),s2_11_28,Not Deployed,s2_97_208,s1_below_1,Male,s3_80_96,s4_159_169,s3_318_464,s3_80_160,s4_5_6
7370,s2_885_1695,s2_n103_99,s4_n40_7,s1_below_4282,s5_5_6,s1_below_2001,s3_2075_3730,s4_37_47,Passenger Car,s4_48_64,Deployed,s2_97_208,s1_below_1,Male,s2_37_80,s3_141_159,s2_164_318,s4_160_220,s2_2_4
7371,s3_1695_2555,s2_n103_99,s4_n40_7,s1_below_4282,s4_4_5,s4_2005_2007,s2_760_2075,s3_17_37,Truck (<=6000 lbs.),s2_11_28,Not Deployed,s2_97_208,s1_below_1,Male,s2_37_80,s4_159_169,s2_164_318,s3_80_160,s2_2_4
7372,s2_885_1695,s2_n103_99,s4_n40_7,s1_below_4282,s2_2_3,s4_2005_2007,s3_2075_3730,s3_17_37,Passenger Car,s4_48_64,Not Deployed,s2_97_208,s1_below_1,Female,s3_80_96,s3_141_159,s2_164_318,s2_40_80,s2_2_4
7373,s3_1695_2555,s2_n103_99,s4_n40_7,s1_below_4282,s2_2_3,s2_2001_2003,s2_760_2075,s4_37_47,Truck (<=6000 lbs.),s2_11_28,Deployed,s2_97_208,s1_below_1,Female,s2_37_80,s3_141_159,s2_164_318,s4_160_220,s2_2_4
7374,s2_885_1695,s2_n103_99,s4_n40_7,s1_below_4282,s1_below_2,s1_below_2001,s2_760_2075,s3_17_37,Passenger Car,s2_11_28,Deployed,s2_97_208,s1_below_1,Male,s2_37_80,s3_141_159,s2_164_318,s4_160_220,s2_2_4
7375,s3_1695_2555,s2_n103_99,s4_n40_7,s1_below_4282,s4_4_5,s5_2007_2009,s2_760_2075,s3_17_37,Passenger Car,s3_28_48,Not Deployed,s2_97_208,s1_below_1,Female,s3_80_96,s3_141_159,s2_164_318,s3_80_160,s2_2_4
7376,s3_1695_2555,s2_n103_99,s4_n40_7,s1_below_4282,s1_below_2,s2_2001_2003,s2_760_2075,s3_17_37,Truck (<=6000 lbs.),s4_48_64,Deployed,s2_97_208,s1_below_1,Female,s3_80_96,s4_159_169,s2_164_318,s3_80_160,s3_4_5
7377,s2_885_1695,s2_n103_99,s4_n40_7,s1_below_4282,s1_below_2,s3_2003_2005,s2_760_2075,s4_37_47,Passenger Car,s2_11_28,Not Deployed,s2_97_208,s1_below_1,Female,s2_37_80,s3_141_159,s2_164_318,s3_80_160,s2_2_4
7378,s2_885_1695,s2_n103_99,s4_n40_7,s1_below_4282,s1_below_2,s3_2003_2005,s2_760_2075,s3_17_37,Passenger Car,s4_48_64,Not Deployed,s2_97_208,s1_below_1,Female,s2_37_80,s3_141_159,s2_164_318,s3_80_160,s2_2_4
7379,s4_2555_3715,s2_n103_99,s4_n40_7,s2_4282_6970,s3_3_4,s3_2003_2005,s2_760_2075,s4_37_47,Truck (<=10000 lbs.),s2_11_28,Deployed,s2_97_208,s1_below_1,Male,s2_37_80,s5_169_179,s3_318_464,s3_80_160,s4_5_6
7380,s2_885_1695,s2_n103_99,s4_n40_7,s1_below_4282,s2_2_3,s2_2001_2003,s3_2075_3730,s4_37_47,Passenger Car,s2_11_28,Deployed,s2_97_208,s1_below_1,Female,s2_37_80,s3_141_159,s2_164_318,s4_160_220,s2_2_4
7381,s2_885_1695,s2_n103_99,s4_n40_7,s1_below_4282,s2_2_3,s3_2003_2005,s2_760_2075,s4_37_47,Passenger Car,s3_28_48,Deployed,s2_97_208,s1_below_1,Female,s2_37_80,s3_141_159,s2_164_318,s3_80_160,s2_2_4
7382,s3_1695_2555,s2_n103_99,s4_n40_7,s1_below_4282,s2_2_3,s3_2003_2005,s2_760_2075,s3_17_37,Truck (<=6000 lbs.),s4_48_64,Not Deployed,s2_97_208,s1_below_1,Female,s2_37_80,s3_141_159,s2_164_318,s4_160_220,s2_2_4
7383,s2_885_1695,s2_n103_99,s4_n40_7,s1_below_4282,s3_3_4,s4_2005_2007,s3_2075_3730,s6_57_up,Passenger Car,s2_11_28,Deployed,s2_97_208,s1_below_1,Male,s4_96_114,s3_141_159,s2_164_318,s3_80_160,s2_2_4
7384,s3_1695_2555,s2_n103_99,s5_7_up,s1_below_4282,s3_3_4,s2_2001_2003,s2_760_2075,s6_57_up,Truck (<=10000 lbs.),s5_64_76,Not Deployed,s2_97_208,s4_3_4,Male,s3_80_96,s4_159_169,s3_318_464,s6_260_up,s4_5_6
7385,s2_885_1695,s2_n103_99,s4_n40_7,s1_below_4282,s4_4_5,s1_below_2001,s2_760_2075,s3_17_37,Passenger Car,s2_11_28,Deployed,s2_97_208,s2_1_2,Female,s5_114_130,s3_141_159,s2_164_318,s3_80_160,s2_2_4
7386,s2_885_1695,s2_n103_99,s4_n40_7,s1_below_4282,s1_below_2,s5_2007_2009,s2_760_2075,s3_17_37,Passenger Car,s3_28_48,Deployed,s2_97_208,s1_below_1,Female,s2_37_80,s3_141_159,s2_164_318,s3_80_160,s2_2_4
7387,s2_885_1695,s2_n103_99,s4_n40_7,s1_below_4282,s1_below_2,s4_2005_2007,s2_760_2075,s3_17_37,Truck (<=6000 lbs.),s2_11_28,Deployed,s2_97_208,s1_below_1,Male,s2_37_80,s3_141_159,s2_164_318,s3_80_160,s2_2_4
7388,s3_1695_2555,s2_n103_99,s4_n40_7,s1_below_4282,s2_2_3,s3_2003_2005,s3_2075_3730,s4_37_47,Truck (<=6000 lbs.),s4_48_64,Not Deployed,s2_97_208,s1_below_1,Male,s4_96_114,s3_141_159,s3_318_464,s4_160_220,s3_4_5
7389,s3_1695_2555,s2_n103_99,s4_n40_7,s1_below_4282,s2_2_3,s3_2003_2005,s2_760_2075,s4_37_47,Truck (<=10000 lbs.),s2_11_28,Not Deployed,s2_97_208,s2_1_2,Male,s5_114_130,s4_159_169,s3_318_464,s3_80_160,s4_5_6
7390,s2_885_1695,s2_n103_99,s4_n40_7,s1_below_4282,s1_below_2,s4_2005_2007,s2_760_2075,s3_17_37,Passenger Car,s2_11_28,Deployed,s2_97_208,s1_below_1,Female,s2_37_80,s3_141_159,s2_164_318,s3_80_160,s2_2_4
7391,s2_885_1695,s2_n103_99,s4_n40_7,s1_below_4282,s3_3_4,s3_2003_2005,s3_2075_3730,s4_37_47,Passenger Car,s3_28_48,Deployed,s2_97_208,s1_below_1,Female,s2_37_80,s3_141_159,s2_164_318,s4_160_220,s2_2_4
7392,s3_1695_2555,s2_n103_99,s4_n40_7,s1_below_4282,s2_2_3,s3_2003_2005,s2_760_2075,s4_37_47,Truck (<=6000 lbs.),s3_28_48,Deployed,s2_97_208,s1_below_1,Male,s2_37_80,s4_159_169,s2_164_318,s3_80_160,s2_2_4
7393,s2_885_1695,s2_n103_99,s4_n40_7,s1_below_4282,s2_2_3,s5_2007_2009,s2_760_2075,s4_37_47,Passenger Car,s3_28_48,Deployed,s2_97_208,s1_below_1,Female,s4_96_114,s3_141_159,s2_164_318,s3_80_160,s2_2_4
7394,s3_1695_2555,s2_n103_99,s4_n40_7,s1_below_4282,s1_below_2,s3_2003_2005,s2_760_2075,s3_17_37,Truck (<=6000 lbs.),s2_11_28,Deployed,s2_97_208,s1_below_1,Male,s4_96_114,s4_159_169,s2_164_318,s4_160_220,s3_4_5
7395,s2_885_1695,s2_n103_99,s4_n40_7,s1_below_4282,s4_4_5,s2_2001_2003,s2_760_2075,s3_17_37,Truck (<=6000 lbs.),s2_11_28,Not Deployed,s2_97_208,s2_1_2,Male,s5_114_130,s2_116_141,s2_164_318,s3_80_160,s2_2_4
7396,s2_885_1695,s2_n103_99,s4_n40_7,s1_below_4282,s1_below_2,s4_2005_2007,s2_760_2075,s3_17_37,Passenger Car,s3_28_48,Not Deployed,s2_97_208,s1_below_1,Male,s3_80_96,s3_141_159,s2_164_318,s4_160_220,s2_2_4
7397,s2_885_1695,s2_n103_99,s4_n40_7,s1_below_4282,s4_4_5,s5_2007_2009,s2_760_2075,s4_37_47,Passenger Car,s2_11_28,Not Deployed,s2_97_208,s1_below_1,Female,s2_37_80,s3_141_159,s2_164_318,s3_80_160,s2_2_4
7398,s3_1695_2555,s2_n103_99,s4_n40_7,s1_below_4282,s4_4_5,s3_2003_2005,s2_760_2075,s3_17_37,Passenger Car,s3_28_48,Deployed,s2_97_208,s1_below_1,Male,s3_80_96,s4_159_169,s2_164_318,s3_80_160,s2_2_4
7399,s2_885_1695,s2_n103_99,s4_n40_7,s1_below_4282,s3_3_4,s2_2001_2003,s3_2075_3730,s3_17_37,Truck (<=6000 lbs.),s3_28_48,Deployed,s2_97_208,s1_below_1,Female,s2_37_80,s3_141_159,s2_164_318,s4_160_220,s2_2_4
7400,s3_1695_2555,s2_n103_99,s4_n40_7,s1_below_4282,s3_3_4,s2_2001_2003,s2_760_2075,s3_17_37,Truck (<=10000 lbs.),s3_28_48,Deployed,s2_97_208,s1_below_1,Male,s2_37_80,s4_159_169,s3_318_464,s3_80_160,s4_5_6
7401,s2_885_1695,s2_n103_99,s4_n40_7,s1_below_4282,s3_3_4,s1_below_2001,s2_760_2075,s4_37_47,Passenger Car,s3_28_48,Deployed,s2_97_208,s1_below_1,Male,s2_37_80,s3_141_159,s2_164_318,s3_80_160,s2_2_4
7402,s2_885_1695,s2_n103_99,s4_n40_7,s1_below_4282,s4_4_5,s1_below_2001,s2_760_2075,s4_37_47,Passenger Car,s6_76_up,Deployed,s2_97_208,s3_2_3,Female,s2_37_80,s3_141_159,s2_164_318,s3_80_160,s2_2_4
7403,s4_2555_3715,s2_n103_99,s4_n40_7,s1_below_4282,s2_2_3,s3_2003_2005,s2_760_2075,s3_17_37,Truck (<=10000 lbs.),s3_28_48,Not Deployed,s2_97_208,s1_below_1,Female,s2_37_80,s4_159_169,s2_164_318,s3_80_160,s3_4_5
7404,s2_885_1695,s2_n103_99,s5_7_up,s1_below_4282,s2_2_3,s1_below_2001,s2_760_2075,s4_37_47,Passenger Car,s2_11_28,Not Deployed,s2_97_208,s1_below_1,Female,s3_80_96,s3_141_159,s2_164_318,s6_260_up,s2_2_4
7405,s2_885_1695,s2_n103_99,s4_n40_7,s1_below_4282,s3_3_4,s5_2007_2009,s2_760_2075,s3_17_37,Passenger Car,s3_28_48,Deployed,s2_97_208,s1_below_1,Female,s2_37_80,s3_141_159,s2_164_318,s3_80_160,s2_2_4
7406,s2_885_1695,s2_n103_99,s4_n40_7,s1_below_4282,s3_3_4,s3_2003_2005,s2_760_2075,s4_37_47,Passenger Car,s3_28_48,Deployed,s2_97_208,s1_below_1,Female,s4_96_114,s3_141_159,s2_164_318,s4_160_220,s2_2_4
7407,s3_1695_2555,s2_n103_99,s4_n40_7,s1_below_4282,s1_below_2,s3_2003_2005,s2_760_2075,s3_17_37,Truck (<=6000 lbs.),s3_28_48,Deployed,s2_97_208,s1_below_1,Female,s2_37_80,s3_141_159,s2_164_318,s3_80_160,s2_2_4
7408,s3_1695_2555,s2_n103_99,s4_n40_7,s1_below_4282,s1_below_2,s3_2003_2005,s2_760_2075,s4_37_47,Truck (<=10000 lbs.),s4_48_64,Deployed,s2_97_208,s1_below_1,Female,s2_37_80,s4_159_169,s2_164_318,s3_80_160,s3_4_5
7409,s2_885_1695,s2_n103_99,s5_7_up,s1_below_4282,s1_below_2,s2_2001_2003,s3_2075_3730,s4_37_47,Passenger Car,s2_11_28,Deployed,s2_97_208,s2_1_2,Male,s4_96_114,s3_141_159,s2_164_318,s6_260_up,s2_2_4
7410,s2_885_1695,s2_n103_99,s4_n40_7,s1_below_4282,s1_below_2,s1_below_2001,s2_760_2075,s3_17_37,Passenger Car,s3_28_48,Deployed,s2_97_208,s1_below_1,Female,s2_37_80,s3_141_159,s2_164_318,s3_80_160,s2_2_4
7411,s3_1695_2555,s2_n103_99,s4_n40_7,s1_below_4282,s1_below_2,s3_2003_2005,s2_760_2075,s4_37_47,Truck (<=10000 lbs.),s4_48_64,Not Deployed,s2_97_208,s1_below_1,Male,s3_80_96,s5_169_179,s3_318_464,s4_160_220,s4_5_6
7412,s2_885_1695,s2_n103_99,s4_n40_7,s1_below_4282,s2_2_3,s3_2003_2005,s3_2075_3730,s4_37_47,Passenger Car,s4_48_64,Deployed,s2_97_208,s1_below_1,Female,s3_80_96,s3_141_159,s2_164_318,s3_80_160,s2_2_4
7413,s2_885_1695,s2_n103_99,s4_n40_7,s1_below_4282,s2_2_3,s3_2003_2005,s3_2075_3730,s4_37_47,Passenger Car,s2_11_28,Deployed,s2_97_208,s1_below_1,Female,s2_37_80,s3_141_159,s2_164_318,s3_80_160,s2_2_4
7414,s3_1695_2555,s2_n103_99,s4_n40_7,s1_below_4282,s2_2_3,s4_2005_2007,s2_760_2075,s3_17_37,Truck (<=6000 lbs.),s2_11_28,Not Deployed,s2_97_208,s1_below_1,Female,s2_37_80,s4_159_169,s2_164_318,s2_40_80,s3_4_5
7415,s3_1695_2555,s2_n103_99,s4_n40_7,s1_below_4282,s2_2_3,s3_2003_2005,s2_760_2075,s4_37_47,Truck (<=6000 lbs.),s2_11_28,Deployed,s2_97_208,s1_below_1,Female,s2_37_80,s3_141_159,s2_164_318,s3_80_160,s2_2_4
7416,s3_1695_2555,s2_n103_99,s4_n40_7,s1_below_4282,s2_2_3,s1_below_2001,s3_2075_3730,s4_37_47,Truck (<=10000 lbs.),s2_11_28,Not Deployed,s2_97_208,s1_below_1,Female,s2_37_80,s3_141_159,s2_164_318,s4_160_220,s2_2_4
7417,s2_885_1695,s2_n103_99,s4_n40_7,s1_below_4282,s2_2_3,s2_2001_2003,s2_760_2075,s4_37_47,Passenger Car,s4_48_64,Deployed,s2_97_208,s1_below_1,Female,s2_37_80,s3_141_159,s2_164_318,s3_80_160,s2_2_4
7418,s2_885_1695,s2_n103_99,s4_n40_7,s1_below_4282,s3_3_4,s1_below_2001,s2_760_2075,s4_37_47,Passenger Car,s2_11_28,Not Deployed,s2_97_208,s1_below_1,Female,s2_37_80,s3_141_159,s2_164_318,s4_160_220,s2_2_4
7419,s2_885_1695,s2_n103_99,s4_n40_7,s1_below_4282,s4_4_5,s3_2003_2005,s2_760_2075,s4_37_47,Passenger Car,s2_11_28,Deployed,s2_97_208,s1_below_1,Female,s2_37_80,s3_141_159,s2_164_318,s3_80_160,s2_2_4
7420,s3_1695_2555,s2_n103_99,s4_n40_7,s1_below_4282,s3_3_4,s3_2003_2005,s2_760_2075,s4_37_47,Truck (<=6000 lbs.),s3_28_48,Not Deployed,s2_97_208,s1_below_1,Female,s2_37_80,s4_159_169,s2_164_318,s4_160_220,s3_4_5
7421,s3_1695_2555,s2_n103_99,s4_n40_7,s1_below_4282,s4_4_5,s1_below_2001,s2_760_2075,s4_37_47,Truck (<=6000 lbs.),s2_11_28,Deployed,s2_97_208,s1_below_1,Male,s2_37_80,s3_141_159,s2_164_318,s3_80_160,s2_2_4
7422,s2_885_1695,s2_n103_99,s4_n40_7,s1_below_4282,s2_2_3,s5_2007_2009,s2_760_2075,s3_17_37,Truck (<=6000 lbs.),s3_28_48,Deployed,s2_97_208,s2_1_2,Male,s5_114_130,s3_141_159,s2_164_318,s4_160_220,s2_2_4
7423,s2_885_1695,s2_n103_99,s4_n40_7,s1_below_4282,s3_3_4,s4_2005_2007,s2_760_2075,s3_17_37,Passenger Car,s4_48_64,Not Deployed,s2_97_208,s1_below_1,Female,s6_130_up,s3_141_159,s2_164_318,s3_80_160,s2_2_4
7424,s3_1695_2555,s2_n103_99,s4_n40_7,s1_below_4282,s1_below_2,s3_2003_2005,s2_760_2075,s4_37_47,Truck (<=10000 lbs.),s3_28_48,Not Deployed,s2_97_208,s1_below_1,Male,s3_80_96,s3_141_159,s3_318_464,s3_80_160,s3_4_5
7425,s2_885_1695,s2_n103_99,s4_n40_7,s1_below_4282,s1_below_2,s5_2007_2009,s2_760_2075,s3_17_37,Passenger Car,s2_11_28,Deployed,s2_97_208,s1_below_1,Female,s2_37_80,s3_141_159,s2_164_318,s3_80_160,s2_2_4
7426,s3_1695_2555,s2_n103_99,s4_n40_7,s1_below_4282,s1_below_2,s2_2001_2003,s2_760_2075,s3_17_37,Truck (<=6000 lbs.),s2_11_28,Not Deployed,s2_97_208,s1_below_1,Female,s2_37_80,s3_141_159,s2_164_318,s4_160_220,s2_2_4
7427,s2_885_1695,s2_n103_99,s4_n40_7,s1_below_4282,s2_2_3,s3_2003_2005,s2_760_2075,s4_37_47,Passenger Car,s2_11_28,Deployed,s2_97_208,s1_below_1,Male,s3_80_96,s3_141_159,s2_164_318,s4_160_220,s2_2_4
7428,s2_885_1695,s2_n103_99,s4_n40_7,s1_below_4282,s4_4_5,s3_2003_2005,s2_760_2075,s4_37_47,Passenger Car,s4_48_64,Deployed,s2_97_208,s1_below_1,Male,s5_114_130,s3_141_159,s2_164_318,s3_80_160,s2_2_4
7429,s2_885_1695,s2_n103_99,s5_7_up,s1_below_4282,s1_below_2,s4_2005_2007,s3_2075_3730,s4_37_47,Passenger Car,s3_28_48,Not Deployed,s2_97_208,s1_below_1,Female,s3_80_96,s3_141_159,s2_164_318,s6_260_up,s2_2_4
7430,s2_885_1695,s2_n103_99,s4_n40_7,s1_below_4282,s2_2_3,s1_below_2001,s2_760_2075,s3_17_37,Passenger Car,s3_28_48,Deployed,s2_97_208,s1_below_1,Female,s2_37_80,s3_141_159,s2_164_318,s3_80_160,s2_2_4
7431,s3_1695_2555,s2_n103_99,s5_7_up,s1_below_4282,s2_2_3,s2_2001_2003,s2_760_2075,s3_17_37,Truck (<=6000 lbs.),s4_48_64,Not Deployed,s2_97_208,s1_below_1,Female,s2_37_80,s3_141_159,s2_164_318,s6_260_up,s2_2_4
7432,s4_2555_3715,s2_n103_99,s4_n40_7,s1_below_4282,s1_below_2,s3_2003_2005,s2_760_2075,s4_37_47,Truck (<=10000 lbs.),s2_11_28,Not Deployed,s2_97_208,s1_below_1,Female,s2_37_80,s4_159_169,s3_318_464,s3_80_160,s4_5_6
7433,s2_885_1695,s2_n103_99,s4_n40_7,s1_below_4282,s3_3_4,s4_2005_2007,s2_760_2075,s3_17_37,Passenger Car,s3_28_48,Deployed,s2_97_208,s1_below_1,Male,s4_96_114,s3_141_159,s2_164_318,s4_160_220,s2_2_4
7434,s3_1695_2555,s2_n103_99,s4_n40_7,s1_below_4282,s1_below_2,s4_2005_2007,s2_760_2075,s3_17_37,Truck (<=6000 lbs.),s3_28_48,Not Deployed,s2_97_208,s1_below_1,Female,s2_37_80,s4_159_169,s2_164_318,s3_80_160,s2_2_4
7435,s2_885_1695,s2_n103_99,s4_n40_7,s1_below_4282,s3_3_4,s3_2003_2005,s2_760_2075,s4_37_47,Passenger Car,s2_11_28,Deployed,s2_97_208,s2_1_2,Female,s2_37_80,s3_141_159,s2_164_318,s3_80_160,s2_2_4
7436,s2_885_1695,s2_n103_99,s4_n40_7,s1_below_4282,s2_2_3,s2_2001_2003,s2_760_2075,s3_17_37,Passenger Car,s2_11_28,Deployed,s2_97_208,s4_3_4,Male,s2_37_80,s3_141_159,s2_164_318,s3_80_160,s2_2_4
7437,s3_1695_2555,s2_n103_99,s4_n40_7,s1_below_4282,s2_2_3,s4_2005_2007,s2_760_2075,s4_37_47,Passenger Car,s3_28_48,Deployed,s2_97_208,s1_below_1,Male,s4_96_114,s4_159_169,s2_164_318,s4_160_220,s3_4_5
7438,s2_885_1695,s2_n103_99,s4_n40_7,s1_below_4282,s1_below_2,s2_2001_2003,s3_2075_3730,s4_37_47,Passenger Car,s3_28_48,Deployed,s2_97_208,s3_2_3,Male,s3_80_96,s3_141_159,s2_164_318,s3_80_160,s2_2_4
7439,s3_1695_2555,s2_n103_99,s3_n81_n40,s1_below_4282,s3_3_4,s5_2007_2009,s2_760_2075,s3_17_37,Truck (<=6000 lbs.),s4_48_64,Deployed,s2_97_208,s1_below_1,Male,s3_80_96,s5_169_179,s2_164_318,s3_80_160,s2_2_4
7440,s3_1695_2555,s2_n103_99,s4_n40_7,s1_below_4282,s1_below_2,s1_below_2001,s2_760_2075,s6_57_up,Truck (<=6000 lbs.),s3_28_48,Deployed,s2_97_208,s2_1_2,Female,s3_80_96,s3_141_159,s3_318_464,s2_40_80,s2_2_4
7441,s2_885_1695,s2_n103_99,s4_n40_7,s1_below_4282,s2_2_3,s5_2007_2009,s2_760_2075,s4_37_47,Passenger Car,s2_11_28,Deployed,s2_97_208,s1_below_1,Female,s2_37_80,s3_141_159,s2_164_318,s4_160_220,s2_2_4
7442,s3_1695_2555,s2_n103_99,s4_n40_7,s1_below_4282,s4_4_5,s4_2005_2007,s3_2075_3730,s6_57_up,Truck (<=6000 lbs.),s4_48_64,Deployed,s2_97_208,s1_below_1,Female,s2_37_80,s5_169_179,s2_164_318,s3_80_160,s3_4_5
7443,s3_1695_2555,s2_n103_99,s4_n40_7,s1_below_4282,s4_4_5,s4_2005_2007,s2_760_2075,s3_17_37,Truck (<=10000 lbs.),s2_11_28,Deployed,s2_97_208,s1_below_1,Female,s2_37_80,s5_169_179,s3_318_464,s4_160_220,s4_5_6
7444,s3_1695_2555,s2_n103_99,s4_n40_7,s1_below_4282,s4_4_5,s1_below_2001,s3_2075_3730,s3_17_37,Truck (<=6000 lbs.),s3_28_48,Deployed,s2_97_208,s1_below_1,Female,s2_37_80,s3_141_159,s2_164_318,s3_80_160,s2_2_4
7445,s2_885_1695,s2_n103_99,s4_n40_7,s1_below_4282,s2_2_3,s5_2007_2009,s2_760_2075,s3_17_37,Passenger Car,s2_11_28,Not Deployed,s2_97_208,s2_1_2,Male,s4_96_114,s3_141_159,s2_164_318,s2_40_80,s2_2_4
7446,s4_2555_3715,s2_n103_99,s4_n40_7,s1_below_4282,s4_4_5,s2_2001_2003,s2_760_2075,s4_37_47,Truck (<=10000 lbs.),s4_48_64,Deployed,s2_97_208,s1_below_1,Male,s2_37_80,s5_169_179,s3_318_464,s3_80_160,s5_6_7
7447,s2_885_1695,s2_n103_99,s4_n40_7,s1_below_4282,s2_2_3,s4_2005_2007,s3_2075_3730,s4_37_47,Passenger Car,s2_11_28,Deployed,s2_97_208,s2_1_2,Male,s2_37_80,s3_141_159,s2_164_318,s2_40_80,s2_2_4
7448,s2_885_1695,s2_n103_99,s4_n40_7,s1_below_4282,s1_below_2,s4_2005_2007,s2_760_2075,s4_37_47,Truck (<=6000 lbs.),s4_48_64,Deployed,s2_97_208,s2_1_2,Female,s2_37_80,s3_141_159,s2_164_318,s4_160_220,s2_2_4
7449,s3_1695_2555,s2_n103_99,s4_n40_7,s1_below_4282,s5_5_6,s4_2005_2007,s2_760_2075,s4_37_47,Truck (<=6000 lbs.),s3_28_48,Not Deployed,s2_97_208,s1_below_1,Female,s2_37_80,s3_141_159,s2_164_318,s3_80_160,s2_2_4
7450,s2_885_1695,s2_n103_99,s4_n40_7,s1_below_4282,s5_5_6,s2_2001_2003,s3_2075_3730,s4_37_47,Passenger Car,s2_11_28,Deployed,s2_97_208,s2_1_2,Female,s2_37_80,s3_141_159,s2_164_318,s3_80_160,s2_2_4
7451,s2_885_1695,s2_n103_99,s3_n81_n40,s1_below_4282,s1_below_2,s3_2003_2005,s2_760_2075,s3_17_37,Passenger Car,s2_11_28,Deployed,s2_97_208,s1_below_1,Male,s2_37_80,s3_141_159,s2_164_318,s3_80_160,s2_2_4
7452,s2_885_1695,s2_n103_99,s4_n40_7,s1_below_4282,s2_2_3,s4_2005_2007,s2_760_2075,s4_37_47,Passenger Car,s4_48_64,Not Deployed,s2_97_208,s1_below_1,Male,s4_96_114,s3_141_159,s2_164_318,s2_40_80,s2_2_4
7453,s2_885_1695,s2_n103_99,s4_n40_7,s1_below_4282,s3_3_4,s3_2003_2005,s2_760_2075,s4_37_47,Passenger Car,s4_48_64,Deployed,s2_97_208,s1_below_1,Male,s2_37_80,s3_141_159,s2_164_318,s3_80_160,s2_2_4
7454,s2_885_1695,s2_n103_99,s4_n40_7,s1_below_4282,s2_2_3,s2_2001_2003,s2_760_2075,s4_37_47,Passenger Car,s4_48_64,Deployed,s2_97_208,s1_below_1,Female,s2_37_80,s3_141_159,s2_164_318,s4_160_220,s2_2_4
7455,s2_885_1695,s2_n103_99,s4_n40_7,s1_below_4282,s1_below_2,s2_2001_2003,s2_760_2075,s3_17_37,Truck (<=6000 lbs.),s3_28_48,Not Deployed,s2_97_208,s1_below_1,Male,s4_96_114,s3_141_159,s2_164_318,s4_160_220,s2_2_4
7456,s2_885_1695,s2_n103_99,s4_n40_7,s1_below_4282,s3_3_4,s2_2001_2003,s3_2075_3730,s4_37_47,Passenger Car,s2_11_28,Deployed,s2_97_208,s1_below_1,Female,s3_80_96,s3_141_159,s2_164_318,s4_160_220,s2_2_4
7457,s2_885_1695,s2_n103_99,s4_n40_7,s1_below_4282,s1_below_2,s5_2007_2009,s2_760_2075,s4_37_47,Passenger Car,s3_28_48,Deployed,s2_97_208,s1_below_1,Male,s3_80_96,s3_141_159,s2_164_318,s3_80_160,s2_2_4
7458,s2_885_1695,s2_n103_99,s5_7_up,s1_below_4282,s1_below_2,s4_2005_2007,s2_760_2075,s4_37_47,Passenger Car,s4_48_64,Not Deployed,s2_97_208,s1_below_1,Female,s2_37_80,s3_141_159,s2_164_318,s6_260_up,s2_2_4
7459,s2_885_1695,s2_n103_99,s4_n40_7,s1_below_4282,s1_below_2,s4_2005_2007,s3_2075_3730,s4_37_47,Passenger Car,s2_11_28,Not Deployed,s2_97_208,s1_below_1,Female,s2_37_80,s3_141_159,s2_164_318,s3_80_160,s2_2_4
7460,s2_885_1695,s2_n103_99,s4_n40_7,s1_below_4282,s3_3_4,s3_2003_2005,s2_760_2075,s4_37_47,Passenger Car,s2_11_28,Deployed,s2_97_208,s1_below_1,Male,s2_37_80,s3_141_159,s2_164_318,s3_80_160,s2_2_4
7461,s2_885_1695,s2_n103_99,s4_n40_7,s1_below_4282,s3_3_4,s3_2003_2005,s2_760_2075,s6_57_up,Truck (<=6000 lbs.),s2_11_28,Deployed,s2_97_208,s1_below_1,Female,s3_80_96,s3_141_159,s2_164_318,s4_160_220,s2_2_4
7462,s2_885_1695,s2_n103_99,s4_n40_7,s1_below_4282,s2_2_3,s3_2003_2005,s2_760_2075,s5_47_57,Passenger Car,s3_28_48,Not Deployed,s2_97_208,s1_below_1,Female,s2_37_80,s3_141_159,s2_164_318,s3_80_160,s2_2_4
7463,s2_885_1695,s2_n103_99,s4_n40_7,s1_below_4282,s1_below_2,s1_below_2001,s3_2075_3730,s3_17_37,Passenger Car,s6_76_up,Deployed,s2_97_208,s2_1_2,Male,s3_80_96,s3_141_159,s2_164_318,s4_160_220,s2_2_4
7464,s2_885_1695,s2_n103_99,s4_n40_7,s1_below_4282,s1_below_2,s5_2007_2009,s3_2075_3730,s3_17_37,Passenger Car,s3_28_48,Deployed,s2_97_208,s1_below_1,Female,s2_37_80,s3_141_159,s2_164_318,s3_80_160,s2_2_4
7465,s4_2555_3715,s2_n103_99,s4_n40_7,s1_below_4282,s2_2_3,s1_below_2001,s2_760_2075,s3_17_37,Truck (<=10000 lbs.),s4_48_64,Not Deployed,s2_97_208,s1_below_1,Male,s2_37_80,s5_169_179,s3_318_464,s3_80_160,s4_5_6
7466,s3_1695_2555,s2_n103_99,s4_n40_7,s1_below_4282,s2_2_3,s1_below_2001,s3_2075_3730,s3_17_37,Passenger Car,s4_48_64,Deployed,s2_97_208,s1_below_1,Female,s2_37_80,s3_141_159,s2_164_318,s4_160_220,s2_2_4
7467,s3_1695_2555,s2_n103_99,s4_n40_7,s1_below_4282,s1_below_2,s3_2003_2005,s2_760_2075,s3_17_37,Truck (<=6000 lbs.),s2_11_28,Deployed,s2_97_208,s1_below_1,Male,s2_37_80,s4_159_169,s2_164_318,s3_80_160,s3_4_5
7468,s2_885_1695,s2_n103_99,s4_n40_7,s1_below_4282,s1_below_2,s5_2007_2009,s2_760_2075,s3_17_37,Truck (<=6000 lbs.),s3_28_48,Deployed,s2_97_208,s1_below_1,Male,s4_96_114,s3_141_159,s2_164_318,s3_80_160,s2_2_4
7469,s3_1695_2555,s2_n103_99,s4_n40_7,s1_below_4282,s3_3_4,s4_2005_2007,s2_760_2075,s3_17_37,Truck (<=6000 lbs.),s5_64_76,Deployed,s2_97_208,s1_below_1,Male,s3_80_96,s5_169_179,s2_164_318,s3_80_160,s2_2_4
7470,s2_885_1695,s2_n103_99,s4_n40_7,s1_below_4282,s1_below_2,s2_2001_2003,s3_2075_3730,s3_17_37,Passenger Car,s6_76_up,Deployed,s2_97_208,s5_4_5,Male,s3_80_96,s3_141_159,s2_164_318,s3_80_160,s2_2_4
7471,s3_1695_2555,s2_n103_99,s4_n40_7,s1_below_4282,s4_4_5,s3_2003_2005,s2_760_2075,s6_57_up,Truck (<=6000 lbs.),s3_28_48,Deployed,s2_97_208,s1_below_1,Female,s2_37_80,s3_141_159,s2_164_318,s3_80_160,s2_2_4
7472,s3_1695_2555,s2_n103_99,s3_n81_n40,s1_below_4282,s3_3_4,s2_2001_2003,s2_760_2075,s4_37_47,Truck (<=6000 lbs.),s2_11_28,Deployed,s2_97_208,s1_below_1,Male,s2_37_80,s3_141_159,s2_164_318,s3_80_160,s2_2_4
7473,s2_885_1695,s2_n103_99,s2_n112_n81,s2_4282_6970,s3_3_4,s4_2005_2007,s2_760_2075,s4_37_47,Passenger Car,s2_11_28,Deployed,s2_97_208,s5_4_5,Female,s2_37_80,s3_141_159,s2_164_318,s3_80_160,s2_2_4
7474,s3_1695_2555,s2_n103_99,s4_n40_7,s1_below_4282,s1_below_2,s1_below_2001,s2_760_2075,s3_17_37,Truck (<=10000 lbs.),s4_48_64,Deployed,s2_97_208,s1_below_1,Male,s3_80_96,s4_159_169,s2_164_318,s4_160_220,s2_2_4
7475,s2_885_1695,s2_n103_99,s4_n40_7,s1_below_4282,s1_below_2,s2_2001_2003,s2_760_2075,s3_17_37,Passenger Car,s2_11_28,Deployed,s2_97_208,s1_below_1,Female,s4_96_114,s3_141_159,s2_164_318,s3_80_160,s2_2_4
7476,s3_1695_2555,s2_n103_99,s5_7_up,s1_below_4282,s1_below_2,s4_2005_2007,s2_760_2075,s3_17_37,Truck (<=10000 lbs.),s4_48_64,Not Deployed,s2_97_208,s1_below_1,Male,s3_80_96,s4_159_169,s2_164_318,s4_160_220,s3_4_5
7477,s2_885_1695,s2_n103_99,s4_n40_7,s1_below_4282,s3_3_4,s1_below_2001,s2_760_2075,s3_17_37,Passenger Car,s2_11_28,Deployed,s2_97_208,s1_below_1,Male,s2_37_80,s3_141_159,s2_164_318,s3_80_160,s2_2_4
7478,s3_1695_2555,s2_n103_99,s3_n81_n40,s1_below_4282,s3_3_4,s1_below_2001,s2_760_2075,s4_37_47,Truck (<=10000 lbs.),s4_48_64,Deployed,s2_97_208,s1_below_1,Female,s2_37_80,s4_159_169,s3_318_464,s3_80_160,s4_5_6
7479,s2_885_1695,s2_n103_99,s5_7_up,s1_below_4282,s4_4_5,s1_below_2001,s2_760_2075,s4_37_47,Passenger Car,s4_48_64,Not Deployed,s2_97_208,s1_below_1,Male,s2_37_80,s3_141_159,s2_164_318,s5_220_260,s2_2_4
7480,s2_885_1695,s2_n103_99,s4_n40_7,s1_below_4282,s4_4_5,s5_2007_2009,s2_760_2075,s4_37_47,Passenger Car,s4_48_64,Deployed,s2_97_208,s2_1_2,Male,s4_96_114,s3_141_159,s2_164_318,s3_80_160,s2_2_4
7481,s2_885_1695,s2_n103_99,s4_n40_7,s1_below_4282,s3_3_4,s2_2001_2003,s2_760_2075,s4_37_47,Passenger Car,s2_11_28,Not Deployed,s2_97_208,s1_below_1,Female,s2_37_80,s3_141_159,s2_164_318,s3_80_160,s2_2_4
7482,s2_885_1695,s2_n103_99,s3_n81_n40,s1_below_4282,s3_3_4,s2_2001_2003,s2_760_2075,s4_37_47,Passenger Car,s3_28_48,Deployed,s2_97_208,s1_below_1,Male,s3_80_96,s3_141_159,s2_164_318,s3_80_160,s2_2_4
7483,s2_885_1695,s2_n103_99,s4_n40_7,s1_below_4282,s2_2_3,s2_2001_2003,s2_760_2075,s3_17_37,Passenger Car,s3_28_48,Not Deployed,s2_97_208,s3_2_3,Female,s2_37_80,s3_141_159,s2_164_318,s2_40_80,s2_2_4
7484,s2_885_1695,s2_n103_99,s4_n40_7,s1_below_4282,s4_4_5,s4_2005_2007,s2_760_2075,s4_37_47,Passenger Car,s2_11_28,Not Deployed,s2_97_208,s1_below_1,Female,s2_37_80,s3_141_159,s2_164_318,s4_160_220,s2_2_4
7485,s2_885_1695,s2_n103_99,s4_n40_7,s1_below_4282,s3_3_4,s3_2003_2005,s2_760_2075,s4_37_47,Passenger Car,s4_48_64,Not Deployed,s2_97_208,s1_below_1,Female,s2_37_80,s3_141_159,s2_164_318,s4_160_220,s2_2_4
7486,s3_1695_2555,s2_n103_99,s4_n40_7,s1_below_4282,s2_2_3,s2_2001_2003,s2_760_2075,s4_37_47,Truck (<=6000 lbs.),s3_28_48,Not Deployed,s2_97_208,s1_below_1,Male,s3_80_96,s4_159_169,s2_164_318,s3_80_160,s2_2_4
7487,s2_885_1695,s2_n103_99,s4_n40_7,s1_below_4282,s4_4_5,s1_below_2001,s2_760_2075,s4_37_47,Passenger Car,s2_11_28,Not Deployed,s2_97_208,s3_2_3,Female,s3_80_96,s3_141_159,s2_164_318,s3_80_160,s2_2_4
7488,s2_885_1695,s2_n103_99,s4_n40_7,s1_below_4282,s2_2_3,s1_below_2001,s2_760_2075,s3_17_37,Passenger Car,s5_64_76,Not Deployed,s2_97_208,s1_below_1,Female,s2_37_80,s3_141_159,s2_164_318,s1_below_40,s2_2_4
7489,s2_885_1695,s2_n103_99,s4_n40_7,s1_below_4282,s2_2_3,s3_2003_2005,s2_760_2075,s4_37_47,Passenger Car,s3_28_48,Not Deployed,s2_97_208,s1_below_1,Female,s2_37_80,s3_141_159,s2_164_318,s4_160_220,s2_2_4
7490,s3_1695_2555,s2_n103_99,s4_n40_7,s1_below_4282,s1_below_2,s3_2003_2005,s2_760_2075,s3_17_37,Truck (<=10000 lbs.),s2_11_28,Not Deployed,s2_97_208,s1_below_1,Male,s2_37_80,s5_169_179,s3_318_464,s4_160_220,s4_5_6
7491,s2_885_1695,s2_n103_99,s4_n40_7,s1_below_4282,s1_below_2,s1_below_2001,s3_2075_3730,s3_17_37,Passenger Car,s3_28_48,Deployed,s2_97_208,s1_below_1,Female,s2_37_80,s4_159_169,s2_164_318,s3_80_160,s2_2_4
7492,s3_1695_2555,s2_n103_99,s4_n40_7,s1_below_4282,s1_below_2,s3_2003_2005,s2_760_2075,s5_47_57,Truck (<=10000 lbs.),s3_28_48,Deployed,s2_97_208,s1_below_1,Female,s3_80_96,s5_169_179,s3_318_464,s3_80_160,s4_5_6
7493,s2_885_1695,s2_n103_99,s4_n40_7,s1_below_4282,s1_below_2,s4_2005_2007,s3_2075_3730,s3_17_37,Truck (<=6000 lbs.),s3_28_48,Not Deployed,s2_97_208,s1_below_1,Male,s2_37_80,s3_141_159,s2_164_318,s1_below_40,s2_2_4
7494,s2_885_1695,s2_n103_99,s5_7_up,s1_below_4282,s2_2_3,s4_2005_2007,s2_760_2075,s6_57_up,Passenger Car,s3_28_48,Not Deployed,s2_97_208,s1_below_1,Female,s2_37_80,s3_141_159,s2_164_318,s6_260_up,s2_2_4
7495,s3_1695_2555,s2_n103_99,s3_n81_n40,s1_below_4282,s3_3_4,s3_2003_2005,s2_760_2075,s6_57_up,Truck (<=10000 lbs.),s3_28_48,Not Deployed,s2_97_208,s2_1_2,Male,s2_37_80,s4_159_169,s2_164_318,s1_below_40,s3_4_5
7496,s3_1695_2555,s2_n103_99,s4_n40_7,s1_below_4282,s2_2_3,s3_2003_2005,s2_760_2075,s2_7_17,Truck (<=6000 lbs.),s4_48_64,Not Deployed,s2_97_208,s1_below_1,Male,s3_80_96,s4_159_169,s2_164_318,s3_80_160,s2_2_4
7497,s4_2555_3715,s2_n103_99,s4_n40_7,s1_below_4282,s1_below_2,s4_2005_2007,s2_760_2075,s3_17_37,Truck (<=10000 lbs.),s3_28_48,Not Deployed,s2_97_208,s1_below_1,Male,s5_114_130,s5_169_179,s3_318_464,s3_80_160,s4_5_6
7498,s3_1695_2555,s2_n103_99,s4_n40_7,s1_below_4282,s3_3_4,s2_2001_2003,s2_760_2075,s4_37_47,Truck (<=10000 lbs.),s4_48_64,Not Deployed,s2_97_208,s1_below_1,Male,s3_80_96,s5_169_179,s3_318_464,s3_80_160,s5_6_7
7499,s4_2555_3715,s2_n103_99,s4_n40_7,s1_below_4282,s2_2_3,s4_2005_2007,s2_760_2075,s5_47_57,Truck (<=10000 lbs.),s3_28_48,Not Deployed,s2_97_208,s1_below_1,Male,s4_96_114,s5_169_179,s3_318_464,s3_80_160,s5_6_7
7500,s3_1695_2555,s2_n103_99,s4_n40_7,s1_below_4282,s4_4_5,s1_below_2001,s2_760_2075,s4_37_47,Truck (<=6000 lbs.),s2_11_28,Deployed,s2_97_208,s1_below_1,Female,s2_37_80,s3_141_159,s2_164_318,s3_80_160,s2_2_4
7501,s2_885_1695,s2_n103_99,s4_n40_7,s1_below_4282,s1_below_2,s2_2001_2003,s2_760_2075,s3_17_37,Passenger Car,s3_28_48,Not Deployed,s2_97_208,s3_2_3,Male,s3_80_96,s3_141_159,s2_164_318,s2_40_80,s2_2_4
7502,s3_1695_2555,s2_n103_99,s4_n40_7,s1_below_4282,s1_below_2,s3_2003_2005,s2_760_2075,s3_17_37,Truck (<=6000 lbs.),s3_28_48,Deployed,s2_97_208,s1_below_1,Female,s4_96_114,s4_159_169,s2_164_318,s3_80_160,s2_2_4
7503,s2_885_1695,s2_n103_99,s4_n40_7,s1_below_4282,s3_3_4,s3_2003_2005,s2_760_2075,s4_37_47,Passenger Car,s3_28_48,Deployed,s2_97_208,s1_below_1,Female,s2_37_80,s3_141_159,s2_164_318,s3_80_160,s2_2_4
7504,s2_885_1695,s2_n103_99,s4_n40_7,s1_below_4282,s2_2_3,s1_below_2001,s3_2075_3730,s4_37_47,Passenger Car,s4_48_64,Not Deployed,s2_97_208,s1_below_1,Female,s2_37_80,s3_141_159,s2_164_318,s3_80_160,s2_2_4
7505,s2_885_1695,s2_n103_99,s4_n40_7,s1_below_4282,s1_below_2,s4_2005_2007,s2_760_2075,s5_47_57,Passenger Car,s2_11_28,Not Deployed,s2_97_208,s1_below_1,Female,s2_37_80,s3_141_159,s2_164_318,s5_220_260,s2_2_4
7506,s2_885_1695,s2_n103_99,s4_n40_7,s1_below_4282,s4_4_5,s2_2001_2003,s2_760_2075,s4_37_47,Passenger Car,s4_48_64,Deployed,s2_97_208,s1_below_1,Female,s2_37_80,s3_141_159,s2_164_318,s3_80_160,s2_2_4
7507,s2_885_1695,s2_n103_99,s4_n40_7,s1_below_4282,s3_3_4,s1_below_2001,s2_760_2075,s4_37_47,Passenger Car,s5_64_76,Not Deployed,s2_97_208,s1_below_1,Female,s2_37_80,s3_141_159,s2_164_318,s4_160_220,s2_2_4
7508,s3_1695_2555,s2_n103_99,s4_n40_7,s1_below_4282,s3_3_4,s2_2001_2003,s2_760_2075,s4_37_47,Truck (<=6000 lbs.),s4_48_64,Not Deployed,s2_97_208,s1_below_1,Female,s2_37_80,s3_141_159,s2_164_318,s3_80_160,s2_2_4
7509,s2_885_1695,s2_n103_99,s5_7_up,s1_below_4282,s3_3_4,s3_2003_2005,s3_2075_3730,s3_17_37,Passenger Car,s6_76_up,Not Deployed,s2_97_208,s1_below_1,Male,s2_37_80,s3_141_159,s2_164_318,s1_below_40,s2_2_4
7510,s2_885_1695,s2_n103_99,s4_n40_7,s1_below_4282,s1_below_2,s3_2003_2005,s2_760_2075,s3_17_37,Passenger Car,s3_28_48,Not Deployed,s2_97_208,s1_below_1,Female,s2_37_80,s3_141_159,s2_164_318,s3_80_160,s2_2_4
7511,s2_885_1695,s2_n103_99,s4_n40_7,s1_below_4282,s5_5_6,s4_2005_2007,s2_760_2075,s4_37_47,Passenger Car,s2_11_28,Deployed,s2_97_208,s2_1_2,Female,s2_37_80,s3_141_159,s2_164_318,s4_160_220,s2_2_4
7512,s2_885_1695,s2_n103_99,s4_n40_7,s1_below_4282,s3_3_4,s4_2005_2007,s2_760_2075,s4_37_47,Passenger Car,s4_48_64,Not Deployed,s2_97_208,s1_below_1,Female,s2_37_80,s3_141_159,s2_164_318,s3_80_160,s2_2_4
7513,s2_885_1695,s2_n103_99,s4_n40_7,s1_below_4282,s4_4_5,s4_2005_2007,s2_760_2075,s3_17_37,Passenger Car,s4_48_64,Deployed,s2_97_208,s3_2_3,Male,s2_37_80,s3_141_159,s2_164_318,s3_80_160,s2_2_4
7514,s2_885_1695,s2_n103_99,s4_n40_7,s1_below_4282,s2_2_3,s3_2003_2005,s2_760_2075,s3_17_37,Passenger Car,s4_48_64,Not Deployed,s2_97_208,s1_below_1,Female,s4_96_114,s3_141_159,s2_164_318,s2_40_80,s2_2_4
7515,s2_885_1695,s2_n103_99,s4_n40_7,s1_below_4282,s3_3_4,s3_2003_2005,s2_760_2075,s3_17_37,Passenger Car,s4_48_64,Not Deployed,s2_97_208,s1_below_1,Female,s2_37_80,s3_141_159,s2_164_318,s3_80_160,s2_2_4
7516,s3_1695_2555,s2_n103_99,s5_7_up,s1_below_4282,s3_3_4,s1_below_2001,s3_2075_3730,s4_37_47,Truck (<=6000 lbs.),s6_76_up,Not Deployed,s2_97_208,s1_below_1,Male,s3_80_96,s4_159_169,s2_164_318,s6_260_up,s3_4_5
7517,s4_2555_3715,s2_n103_99,s4_n40_7,s1_below_4282,s1_below_2,s3_2003_2005,s3_2075_3730,s3_17_37,Truck (<=10000 lbs.),s3_28_48,Not Deployed,s2_97_208,s1_below_1,Female,s2_37_80,s5_169_179,s2_164_318,s3_80_160,s3_4_5
7518,s3_1695_2555,s2_n103_99,s4_n40_7,s1_below_4282,s1_below_2,s2_2001_2003,s2_760_2075,s3_17_37,Truck (<=6000 lbs.),s4_48_64,Not Deployed,s2_97_208,s1_below_1,Female,s2_37_80,s4_159_169,s2_164_318,s3_80_160,s2_2_4
7519,s2_885_1695,s2_n103_99,s4_n40_7,s1_below_4282,s5_5_6,s1_below_2001,s2_760_2075,s3_17_37,Passenger Car,s3_28_48,Deployed,s2_97_208,s3_2_3,Female,s2_37_80,s3_141_159,s2_164_318,s2_40_80,s2_2_4
7520,s2_885_1695,s2_n103_99,s4_n40_7,s1_below_4282,s1_below_2,s3_2003_2005,s2_760_2075,s1_below_7,Passenger Car,s2_11_28,Not Deployed,s2_97_208,s1_below_1,Male,s4_96_114,s3_141_159,s2_164_318,s2_40_80,s2_2_4
7521,s2_885_1695,s2_n103_99,s4_n40_7,s1_below_4282,s3_3_4,s3_2003_2005,s2_760_2075,s4_37_47,Passenger Car,s2_11_28,Deployed,s2_97_208,s1_below_1,Female,s2_37_80,s3_141_159,s2_164_318,s4_160_220,s2_2_4
7522,s2_885_1695,s2_n103_99,s4_n40_7,s1_below_4282,s1_below_2,s3_2003_2005,s2_760_2075,s4_37_47,Passenger Car,s2_11_28,Deployed,s2_97_208,s1_below_1,Female,s2_37_80,s3_141_159,s2_164_318,s3_80_160,s2_2_4
7523,s2_885_1695,s2_n103_99,s4_n40_7,s1_below_4282,s5_5_6,s1_below_2001,s2_760_2075,s4_37_47,Truck (<=6000 lbs.),s3_28_48,Not Deployed,s2_97_208,s1_below_1,Male,s2_37_80,s3_141_159,s2_164_318,s4_160_220,s2_2_4
7524,s2_885_1695,s2_n103_99,s4_n40_7,s1_below_4282,s4_4_5,s1_below_2001,s2_760_2075,s3_17_37,Passenger Car,s5_64_76,Not Deployed,s2_97_208,s1_below_1,Female,s2_37_80,s3_141_159,s2_164_318,s4_160_220,s2_2_4
7525,s2_885_1695,s2_n103_99,s4_n40_7,s1_below_4282,s2_2_3,s4_2005_2007,s2_760_2075,s3_17_37,Passenger Car,s2_11_28,Not Deployed,s2_97_208,s1_below_1,Male,s2_37_80,s3_141_159,s2_164_318,s3_80_160,s2_2_4
7526,s3_1695_2555,s2_n103_99,s5_7_up,s1_below_4282,s2_2_3,s1_below_2001,s2_760_2075,s3_17_37,Truck (<=6000 lbs.),s3_28_48,Not Deployed,s2_97_208,s1_below_1,Female,s5_114_130,s4_159_169,s2_164_318,s6_260_up,s3_4_5
7527,s2_885_1695,s2_n103_99,s4_n40_7,s1_below_4282,s4_4_5,s3_2003_2005,s2_760_2075,s4_37_47,Passenger Car,s4_48_64,Not Deployed,s2_97_208,s1_below_1,Female,s4_96_114,s3_141_159,s2_164_318,s4_160_220,s2_2_4
7528,s2_885_1695,s2_n103_99,s3_n81_n40,s1_below_4282,s4_4_5,s3_2003_2005,s2_760_2075,s4_37_47,Passenger Car,s2_11_28,Deployed,s2_97_208,s1_below_1,Male,s2_37_80,s3_141_159,s2_164_318,s3_80_160,s2_2_4
7529,s2_885_1695,s2_n103_99,s4_n40_7,s1_below_4282,s3_3_4,s1_below_2001,s2_760_2075,s4_37_47,Passenger Car,s2_11_28,Not Deployed,s2_97_208,s1_below_1,Female,s2_37_80,s3_141_159,s2_164_318,s3_80_160,s2_2_4
7530,s3_1695_2555,s2_n103_99,s4_n40_7,s1_below_4282,s3_3_4,s4_2005_2007,s2_760_2075,s3_17_37,Truck (<=6000 lbs.),s2_11_28,Not Deployed,s2_97_208,s1_below_1,Female,s2_37_80,s3_141_159,s2_164_318,s4_160_220,s2_2_4
7531,s2_885_1695,s2_n103_99,s4_n40_7,s1_below_4282,s5_5_6,s3_2003_2005,s3_2075_3730,s4_37_47,Passenger Car,s2_11_28,Not Deployed,s2_97_208,s1_below_1,Male,s2_37_80,s3_141_159,s2_164_318,s3_80_160,s2_2_4
7532,s3_1695_2555,s2_n103_99,s4_n40_7,s1_below_4282,s3_3_4,s2_2001_2003,s2_760_2075,s5_47_57,Truck (<=6000 lbs.),s2_11_28,Not Deployed,s2_97_208,s1_below_1,Female,s2_37_80,s4_159_169,s2_164_318,s3_80_160,s2_2_4
7533,s2_885_1695,s2_n103_99,s4_n40_7,s1_below_4282,s2_2_3,s4_2005_2007,s3_2075_3730,s4_37_47,Passenger Car,s4_48_64,Deployed,s2_97_208,s1_below_1,Female,s2_37_80,s3_141_159,s2_164_318,s3_80_160,s2_2_4
7534,s3_1695_2555,s2_n103_99,s4_n40_7,s1_below_4282,s3_3_4,s4_2005_2007,s2_760_2075,s4_37_47,Truck (<=10000 lbs.),s2_11_28,Not Deployed,s2_97_208,s1_below_1,Male,s4_96_114,s3_141_159,s2_164_318,s4_160_220,s2_2_4
7535,s2_885_1695,s2_n103_99,s3_n81_n40,s1_below_4282,s3_3_4,s4_2005_2007,s2_760_2075,s4_37_47,Truck (<=6000 lbs.),s2_11_28,Deployed,s2_97_208,s1_below_1,Male,s2_37_80,s3_141_159,s2_164_318,s3_80_160,s2_2_4
7536,s3_1695_2555,s2_n103_99,s3_n81_n40,s1_below_4282,s3_3_4,s3_2003_2005,s2_760_2075,s5_47_57,Truck (<=6000 lbs.),s2_11_28,Deployed,s2_97_208,s1_below_1,Male,s3_80_96,s4_159_169,s2_164_318,s4_160_220,s2_2_4
7537,s3_1695_2555,s2_n103_99,s4_n40_7,s1_below_4282,s3_3_4,s4_2005_2007,s2_760_2075,s5_47_57,Truck (<=6000 lbs.),s3_28_48,Deployed,s2_97_208,s2_1_2,Male,s3_80_96,s3_141_159,s2_164_318,s3_80_160,s2_2_4
7538,s2_885_1695,s2_n103_99,s4_n40_7,s1_below_4282,s2_2_3,s1_below_2001,s2_760_2075,s4_37_47,Passenger Car,s4_48_64,Not Deployed,s2_97_208,s1_below_1,Female,s2_37_80,s3_141_159,s2_164_318,s3_80_160,s2_2_4
7539,s2_885_1695,s2_n103_99,s4_n40_7,s1_below_4282,s2_2_3,s4_2005_2007,s2_760_2075,s4_37_47,Passenger Car,s2_11_28,Deployed,s2_97_208,s1_below_1,Female,s2_37_80,s3_141_159,s2_164_318,s3_80_160,s2_2_4
7540,s2_885_1695,s2_n103_99,s4_n40_7,s1_below_4282,s4_4_5,s3_2003_2005,s3_2075_3730,s4_37_47,Passenger Car,s3_28_48,Deployed,s2_97_208,s1_below_1,Female,s2_37_80,s3_141_159,s2_164_318,s3_80_160,s2_2_4
7541,s2_885_1695,s2_n103_99,s5_7_up,s1_below_4282,s6_6_up,s2_2001_2003,s2_760_2075,s4_37_47,Truck (<=6000 lbs.),s3_28_48,Not Deployed,s2_97_208,s1_below_1,Female,s2_37_80,s3_141_159,s3_318_464,s1_below_40,s2_2_4
7542,s2_885_1695,s2_n103_99,s4_n40_7,s1_below_4282,s5_5_6,s3_2003_2005,s2_760_2075,s4_37_47,Passenger Car,s4_48_64,Deployed,s2_97_208,s3_2_3,Female,s3_80_96,s3_141_159,s2_164_318,s3_80_160,s2_2_4
7543,s3_1695_2555,s2_n103_99,s4_n40_7,s1_below_4282,s5_5_6,s4_2005_2007,s2_760_2075,s4_37_47,Truck (<=6000 lbs.),s3_28_48,Deployed,s2_97_208,s1_below_1,Female,s2_37_80,s4_159_169,s2_164_318,s3_80_160,s3_4_5
7544,s2_885_1695,s2_n103_99,s5_7_up,s1_below_4282,s5_5_6,s3_2003_2005,s2_760_2075,s4_37_47,Passenger Car,s4_48_64,Not Deployed,s2_97_208,s1_below_1,Female,s2_37_80,s3_141_159,s2_164_318,s6_260_up,s2_2_4
7545,s3_1695_2555,s2_n103_99,s4_n40_7,s1_below_4282,s1_below_2,s4_2005_2007,s2_760_2075,s4_37_47,Truck (<=10000 lbs.),s5_64_76,Not Deployed,s2_97_208,s1_below_1,Male,s3_80_96,s5_169_179,s2_164_318,s4_160_220,s3_4_5
7546,s2_885_1695,s2_n103_99,s4_n40_7,s1_below_4282,s4_4_5,s3_2003_2005,s2_760_2075,s3_17_37,Passenger Car,s3_28_48,Deployed,s2_97_208,s1_below_1,Female,s2_37_80,s3_141_159,s2_164_318,s4_160_220,s2_2_4
7547,s2_885_1695,s2_n103_99,s4_n40_7,s1_below_4282,s5_5_6,s2_2001_2003,s2_760_2075,s4_37_47,Passenger Car,s2_11_28,Deployed,s2_97_208,s1_below_1,Female,s2_37_80,s3_141_159,s2_164_318,s3_80_160,s2_2_4
7548,s2_885_1695,s2_n103_99,s5_7_up,s1_below_4282,s5_5_6,s4_2005_2007,s2_760_2075,s4_37_47,Passenger Car,s4_48_64,Not Deployed,s2_97_208,s1_below_1,Male,s3_80_96,s3_141_159,s2_164_318,s6_260_up,s2_2_4
7549,s2_885_1695,s2_n103_99,s5_7_up,s1_below_4282,s2_2_3,s1_below_2001,s2_760_2075,s5_47_57,Passenger Car,s2_11_28,Not Deployed,s2_97_208,s1_below_1,Female,s4_96_114,s3_141_159,s2_164_318,s6_260_up,s2_2_4
7550,s2_885_1695,s2_n103_99,s4_n40_7,s1_below_4282,s1_below_2,s1_below_2001,s2_760_2075,s3_17_37,Passenger Car,s2_11_28,Not Deployed,s2_97_208,s1_below_1,Female,s2_37_80,s3_141_159,s2_164_318,s3_80_160,s2_2_4
7551,s2_885_1695,s2_n103_99,s4_n40_7,s1_below_4282,s6_6_up,s3_2003_2005,s2_760_2075,s4_37_47,Truck (<=6000 lbs.),s3_28_48,Not Deployed,s2_97_208,s1_below_1,Male,s3_80_96,s3_141_159,s2_164_318,s4_160_220,s2_2_4
7552,s3_1695_2555,s2_n103_99,s4_n40_7,s1_below_4282,s3_3_4,s2_2001_2003,s2_760_2075,s4_37_47,Truck (<=10000 lbs.),s2_11_28,Not Deployed,s2_97_208,s1_below_1,Male,s3_80_96,s4_159_169,s3_318_464,s3_80_160,s4_5_6
7553,s2_885_1695,s2_n103_99,s5_7_up,s1_below_4282,s3_3_4,s4_2005_2007,s3_2075_3730,s4_37_47,Passenger Car,s2_11_28,Deployed,s2_97_208,s1_below_1,Female,s2_37_80,s3_141_159,s2_164_318,s6_260_up,s2_2_4
7554,s2_885_1695,s2_n103_99,s4_n40_7,s1_below_4282,s1_below_2,s4_2005_2007,s2_760_2075,s5_47_57,Passenger Car,s2_11_28,Not Deployed,s2_97_208,s1_below_1,Male,s3_80_96,s3_141_159,s2_164_318,s3_80_160,s2_2_4
7555,s2_885_1695,s2_n103_99,s5_7_up,s1_below_4282,s3_3_4,s1_below_2001,s2_760_2075,s4_37_47,Passenger Car,s3_28_48,Not Deployed,s2_97_208,s1_below_1,Female,s2_37_80,s3_141_159,s2_164_318,s6_260_up,s2_2_4
7556,s2_885_1695,s2_n103_99,s4_n40_7,s1_below_4282,s2_2_3,s1_below_2001,s2_760_2075,s4_37_47,Passenger Car,s4_48_64,Not Deployed,s2_97_208,s1_below_1,Female,s5_114_130,s3_141_159,s2_164_318,s3_80_160,s2_2_4
7557,s2_885_1695,s2_n103_99,s4_n40_7,s1_below_4282,s5_5_6,s4_2005_2007,s2_760_2075,s4_37_47,Passenger Car,s4_48_64,Not Deployed,s2_97_208,s1_below_1,Female,s2_37_80,s3_141_159,s2_164_318,s2_40_80,s2_2_4
7558,s2_885_1695,s2_n103_99,s4_n40_7,s1_below_4282,s6_6_up,s3_2003_2005,s2_760_2075,s4_37_47,Passenger Car,s2_11_28,Deployed,s2_97_208,s1_below_1,Female,s2_37_80,s3_141_159,s2_164_318,s4_160_220,s2_2_4
7559,s2_885_1695,s2_n103_99,s4_n40_7,s1_below_4282,s3_3_4,s3_2003_2005,s2_760_2075,s6_57_up,Passenger Car,s2_11_28,Not Deployed,s2_97_208,s1_below_1,Male,s4_96_114,s3_141_159,s2_164_318,s3_80_160,s2_2_4
7560,s2_885_1695,s2_n103_99,s4_n40_7,s1_below_4282,s3_3_4,s1_below_2001,s1_below_760,s6_57_up,Passenger Car,s2_11_28,Deployed,s2_97_208,s1_below_1,Male,s2_37_80,s3_141_159,s2_164_318,s3_80_160,s2_2_4
7561,s2_885_1695,s2_n103_99,s4_n40_7,s1_below_4282,s2_2_3,s2_2001_2003,s2_760_2075,s3_17_37,Passenger Car,s2_11_28,Not Deployed,s2_97_208,s1_below_1,Female,s2_37_80,s3_141_159,s2_164_318,s3_80_160,s2_2_4
7562,s2_885_1695,s2_n103_99,s3_n81_n40,s1_below_4282,s2_2_3,s3_2003_2005,s2_760_2075,s5_47_57,Passenger Car,s2_11_28,Deployed,s2_97_208,s1_below_1,Female,s2_37_80,s3_141_159,s2_164_318,s3_80_160,s2_2_4
7563,s2_885_1695,s2_n103_99,s4_n40_7,s1_below_4282,s3_3_4,s3_2003_2005,s3_2075_3730,s6_57_up,Passenger Car,s2_11_28,Deployed,s2_97_208,s1_below_1,Female,s2_37_80,s3_141_159,s2_164_318,s3_80_160,s2_2_4
7564,s3_1695_2555,s2_n103_99,s4_n40_7,s1_below_4282,s4_4_5,s4_2005_2007,s2_760_2075,s3_17_37,Passenger Car,s4_48_64,Deployed,s2_97_208,s1_below_1,Male,s4_96_114,s4_159_169,s2_164_318,s4_160_220,s3_4_5
7565,s2_885_1695,s2_n103_99,s4_n40_7,s1_below_4282,s1_below_2,s5_2007_2009,s2_760_2075,s3_17_37,Passenger Car,s2_11_28,Not Deployed,s2_97_208,s3_2_3,Female,s2_37_80,s3_141_159,s2_164_318,s4_160_220,s2_2_4
7566,s2_885_1695,s2_n103_99,s4_n40_7,s1_below_4282,s2_2_3,s1_below_2001,s2_760_2075,s4_37_47,Passenger Car,s4_48_64,Not Deployed,s2_97_208,s1_below_1,Male,s5_114_130,s3_141_159,s2_164_318,s4_160_220,s2_2_4
7567,s3_1695_2555,s2_n103_99,s4_n40_7,s1_below_4282,s2_2_3,s4_2005_2007,s2_760_2075,s3_17_37,Truck (<=10000 lbs.),s5_64_76,Not Deployed,s2_97_208,s1_below_1,Female,s2_37_80,s3_141_159,s3_318_464,s2_40_80,s3_4_5
7568,s2_885_1695,s2_n103_99,s4_n40_7,s1_below_4282,s2_2_3,s3_2003_2005,s2_760_2075,s4_37_47,Passenger Car,s6_76_up,Deployed,s2_97_208,s1_below_1,Female,s2_37_80,s3_141_159,s2_164_318,s4_160_220,s2_2_4
7569,s3_1695_2555,s2_n103_99,s4_n40_7,s1_below_4282,s1_below_2,s4_2005_2007,s2_760_2075,s4_37_47,Truck (<=6000 lbs.),s5_64_76,Deployed,s2_97_208,s1_below_1,Male,s3_80_96,s3_141_159,s2_164_318,s3_80_160,s2_2_4
7570,s2_885_1695,s2_n103_99,s4_n40_7,s1_below_4282,s2_2_3,s1_below_2001,s2_760_2075,s3_17_37,Truck (<=6000 lbs.),s3_28_48,Not Deployed,s2_97_208,s1_below_1,Female,s2_37_80,s3_141_159,s3_318_464,s2_40_80,s2_2_4
7571,s3_1695_2555,s2_n103_99,s3_n81_n40,s1_below_4282,s1_below_2,s2_2001_2003,s3_2075_3730,s3_17_37,Truck (<=10000 lbs.),s4_48_64,Deployed,s2_97_208,s2_1_2,Female,s2_37_80,s3_141_159,s3_318_464,s2_40_80,s3_4_5
7572,s2_885_1695,s2_n103_99,s4_n40_7,s1_below_4282,s4_4_5,s4_2005_2007,s2_760_2075,s4_37_47,Passenger Car,s2_11_28,Deployed,s2_97_208,s1_below_1,Female,s4_96_114,s3_141_159,s2_164_318,s3_80_160,s2_2_4
7573,s3_1695_2555,s2_n103_99,s4_n40_7,s1_below_4282,s2_2_3,s4_2005_2007,s2_760_2075,s4_37_47,Passenger Car,s2_11_28,Deployed,s2_97_208,s1_below_1,Female,s2_37_80,s4_159_169,s2_164_318,s3_80_160,s2_2_4
7574,s2_885_1695,s2_n103_99,s4_n40_7,s1_below_4282,s2_2_3,s1_below_2001,s2_760_2075,s6_57_up,Passenger Car,s3_28_48,Not Deployed,s2_97_208,s1_below_1,Male,s3_80_96,s3_141_159,s2_164_318,s3_80_160,s2_2_4
7575,s2_885_1695,s2_n103_99,s5_7_up,s1_below_4282,s2_2_3,s4_2005_2007,s2_760_2075,s6_57_up,Passenger Car,s3_28_48,Not Deployed,s2_97_208,s1_below_1,Male,s3_80_96,s3_141_159,s2_164_318,s6_260_up,s2_2_4
7576,s2_885_1695,s2_n103_99,s4_n40_7,s1_below_4282,s3_3_4,s4_2005_2007,s2_760_2075,s4_37_47,Truck (<=6000 lbs.),s3_28_48,Not Deployed,s2_97_208,s1_below_1,Female,s3_80_96,s3_141_159,s2_164_318,s4_160_220,s2_2_4
7577,s2_885_1695,s2_n103_99,s4_n40_7,s1_below_4282,s4_4_5,s1_below_2001,s2_760_2075,s4_37_47,Passenger Car,s2_11_28,Deployed,s2_97_208,s1_below_1,Female,s2_37_80,s3_141_159,s2_164_318,s3_80_160,s2_2_4
7578,s2_885_1695,s2_n103_99,s4_n40_7,s1_below_4282,s4_4_5,s4_2005_2007,s2_760_2075,s4_37_47,Passenger Car,s4_48_64,Not Deployed,s2_97_208,s1_below_1,Female,s2_37_80,s3_141_159,s2_164_318,s4_160_220,s2_2_4
7579,s2_885_1695,s2_n103_99,s4_n40_7,s1_below_4282,s6_6_up,s1_below_2001,s2_760_2075,s4_37_47,Passenger Car,s5_64_76,Deployed,s2_97_208,s1_below_1,Female,s2_37_80,s3_141_159,s2_164_318,s3_80_160,s2_2_4
7580,s3_1695_2555,s2_n103_99,s4_n40_7,s1_below_4282,s3_3_4,s3_2003_2005,s2_760_2075,s4_37_47,Truck (<=6000 lbs.),s3_28_48,Deployed,s2_97_208,s1_below_1,Female,s2_37_80,s4_159_169,s2_164_318,s3_80_160,s3_4_5
7581,s2_885_1695,s2_n103_99,s4_n40_7,s1_below_4282,s2_2_3,s3_2003_2005,s3_2075_3730,s4_37_47,Passenger Car,s5_64_76,Deployed,s2_97_208,s1_below_1,Male,s3_80_96,s3_141_159,s2_164_318,s3_80_160,s2_2_4
7582,s4_2555_3715,s2_n103_99,s4_n40_7,s1_below_4282,s3_3_4,s2_2001_2003,s2_760_2075,s4_37_47,Truck (<=10000 lbs.),s4_48_64,Not Deployed,s2_97_208,s1_below_1,Female,s2_37_80,s5_169_179,s2_164_318,s4_160_220,s3_4_5
7583,s3_1695_2555,s2_n103_99,s4_n40_7,s1_below_4282,s3_3_4,s3_2003_2005,s3_2075_3730,s4_37_47,Truck (<=6000 lbs.),s4_48_64,Deployed,s2_97_208,s3_2_3,Female,s2_37_80,s4_159_169,s2_164_318,s3_80_160,s3_4_5
7584,s2_885_1695,s2_n103_99,s4_n40_7,s1_below_4282,s3_3_4,s4_2005_2007,s3_2075_3730,s3_17_37,Passenger Car,s2_11_28,Deployed,s2_97_208,s1_below_1,Female,s3_80_96,s3_141_159,s2_164_318,s4_160_220,s2_2_4
7585,s3_1695_2555,s2_n103_99,s4_n40_7,s1_below_4282,s2_2_3,s2_2001_2003,s2_760_2075,s3_17_37,Truck (<=6000 lbs.),s3_28_48,Not Deployed,s2_97_208,s1_below_1,Female,s3_80_96,s3_141_159,s2_164_318,s2_40_80,s2_2_4
7586,s2_885_1695,s2_n103_99,s4_n40_7,s1_below_4282,s3_3_4,s2_2001_2003,s2_760_2075,s3_17_37,Passenger Car,s3_28_48,Deployed,s2_97_208,s2_1_2,Male,s6_130_up,s3_141_159,s2_164_318,s4_160_220,s2_2_4
7587,s2_885_1695,s2_n103_99,s4_n40_7,s1_below_4282,s2_2_3,s4_2005_2007,s2_760_2075,s4_37_47,Passenger Car,s2_11_28,Deployed,s2_97_208,s1_below_1,Female,s2_37_80,s3_141_159,s2_164_318,s3_80_160,s2_2_4
7588,s2_885_1695,s2_n103_99,s4_n40_7,s3_6970_up,s1_below_2,s1_below_2001,s3_2075_3730,s4_37_47,Passenger Car,s2_11_28,Not Deployed,s2_97_208,s5_4_5,Male,s2_37_80,s3_141_159,s2_164_318,s4_160_220,s2_2_4
7589,s2_885_1695,s2_n103_99,s4_n40_7,s1_below_4282,s5_5_6,s3_2003_2005,s2_760_2075,s4_37_47,Truck (<=6000 lbs.),s6_76_up,Not Deployed,s2_97_208,s1_below_1,Male,s3_80_96,s3_141_159,s2_164_318,s3_80_160,s2_2_4
7590,s2_885_1695,s2_n103_99,s5_7_up,s1_below_4282,s5_5_6,s1_below_2001,s2_760_2075,s4_37_47,Passenger Car,s3_28_48,Not Deployed,s2_97_208,s1_below_1,Female,s2_37_80,s3_141_159,s2_164_318,s6_260_up,s2_2_4
7591,s2_885_1695,s2_n103_99,s5_7_up,s1_below_4282,s5_5_6,s3_2003_2005,s2_760_2075,s4_37_47,Truck (<=6000 lbs.),s4_48_64,Not Deployed,s2_97_208,s1_below_1,Male,s4_96_114,s3_141_159,s2_164_318,s6_260_up,s2_2_4
7592,s2_885_1695,s2_n103_99,s5_7_up,s1_below_4282,s6_6_up,s2_2001_2003,s3_2075_3730,s4_37_47,Passenger Car,s4_48_64,Not Deployed,s2_97_208,s1_below_1,Female,s4_96_114,s3_141_159,s2_164_318,s4_160_220,s2_2_4
7593,s3_1695_2555,s2_n103_99,s4_n40_7,s1_below_4282,s2_2_3,s4_2005_2007,s2_760_2075,s3_17_37,Passenger Car,s3_28_48,Not Deployed,s2_97_208,s1_below_1,Male,s3_80_96,s4_159_169,s2_164_318,s2_40_80,s3_4_5
7594,s2_885_1695,s2_n103_99,s4_n40_7,s1_below_4282,s4_4_5,s1_below_2001,s2_760_2075,s3_17_37,Truck (<=6000 lbs.),s4_48_64,Not Deployed,s2_97_208,s1_below_1,Male,s2_37_80,s3_141_159,s2_164_318,s3_80_160,s2_2_4
7595,s2_885_1695,s2_n103_99,s4_n40_7,s1_below_4282,s4_4_5,s4_2005_2007,s2_760_2075,s3_17_37,Passenger Car,s2_11_28,Not Deployed,s2_97_208,s1_below_1,Female,s2_37_80,s3_141_159,s2_164_318,s3_80_160,s2_2_4
7596,s2_885_1695,s2_n103_99,s4_n40_7,s1_below_4282,s4_4_5,s3_2003_2005,s2_760_2075,s3_17_37,Passenger Car,s2_11_28,Deployed,s2_97_208,s1_below_1,Male,s5_114_130,s3_141_159,s2_164_318,s3_80_160,s2_2_4
7597,s2_885_1695,s2_n103_99,s4_n40_7,s1_below_4282,s4_4_5,s3_2003_2005,s2_760_2075,s3_17_37,Passenger Car,s2_11_28,Not Deployed,s2_97_208,s1_below_1,Female,s2_37_80,s3_141_159,s2_164_318,s3_80_160,s2_2_4
7598,s3_1695_2555,s2_n103_99,s4_n40_7,s1_below_4282,s4_4_5,s3_2003_2005,s2_760_2075,s3_17_37,Truck (<=6000 lbs.),s3_28_48,Not Deployed,s2_97_208,s1_below_1,Female,s3_80_96,s3_141_159,s2_164_318,s3_80_160,s2_2_4
7599,s2_885_1695,s2_n103_99,s4_n40_7,s1_below_4282,s1_below_2,s2_2001_2003,s3_2075_3730,s3_17_37,Passenger Car,s5_64_76,Not Deployed,s2_97_208,s1_below_1,Female,s2_37_80,s3_141_159,s2_164_318,s3_80_160,s2_2_4
7600,s2_885_1695,s2_n103_99,s4_n40_7,s1_below_4282,s1_below_2,s2_2001_2003,s2_760_2075,s3_17_37,Passenger Car,s5_64_76,Not Deployed,s2_97_208,s1_below_1,Female,s3_80_96,s3_141_159,s2_164_318,s2_40_80,s2_2_4
7601,s4_2555_3715,s2_n103_99,s4_n40_7,s1_below_4282,s4_4_5,s3_2003_2005,s2_760_2075,s4_37_47,Truck (<=10000 lbs.),s3_28_48,Not Deployed,s2_97_208,s1_below_1,Male,s5_114_130,s5_169_179,s3_318_464,s3_80_160,s6_7_up
7602,s2_885_1695,s2_n103_99,s5_7_up,s1_below_4282,s4_4_5,s3_2003_2005,s3_2075_3730,s4_37_47,Passenger Car,s2_11_28,Not Deployed,s2_97_208,s1_below_1,Male,s2_37_80,s3_141_159,s2_164_318,s6_260_up,s2_2_4
7603,s3_1695_2555,s2_n103_99,s3_n81_n40,s1_below_4282,s1_below_2,s5_2007_2009,s3_2075_3730,s3_17_37,Truck (<=10000 lbs.),s3_28_48,Deployed,s2_97_208,s1_below_1,Female,s2_37_80,s4_159_169,s2_164_318,s3_80_160,s3_4_5
7604,s2_885_1695,s2_n103_99,s4_n40_7,s1_below_4282,s1_below_2,s5_2007_2009,s3_2075_3730,s3_17_37,Truck (<=6000 lbs.),s3_28_48,Not Deployed,s2_97_208,s1_below_1,Female,s3_80_96,s3_141_159,s2_164_318,s3_80_160,s2_2_4
7605,s3_1695_2555,s2_n103_99,s4_n40_7,s1_below_4282,s5_5_6,s3_2003_2005,s2_760_2075,s4_37_47,Truck (<=10000 lbs.),s2_11_28,Not Deployed,s2_97_208,s1_below_1,Male,s2_37_80,s5_169_179,s3_318_464,s3_80_160,s4_5_6
7606,s2_885_1695,s2_n103_99,s4_n40_7,s1_below_4282,s1_below_2,s4_2005_2007,s2_760_2075,s4_37_47,Passenger Car,s3_28_48,Not Deployed,s2_97_208,s1_below_1,Female,s2_37_80,s3_141_159,s2_164_318,s3_80_160,s2_2_4
7607,s3_1695_2555,s2_n103_99,s4_n40_7,s1_below_4282,s3_3_4,s3_2003_2005,s2_760_2075,s5_47_57,Truck (<=10000 lbs.),s3_28_48,Not Deployed,s2_97_208,s1_below_1,Male,s2_37_80,s4_159_169,s3_318_464,s3_80_160,s4_5_6
7608,s2_885_1695,s2_n103_99,s3_n81_n40,s1_below_4282,s3_3_4,s4_2005_2007,s2_760_2075,s5_47_57,Passenger Car,s6_76_up,Deployed,s2_97_208,s3_2_3,Male,s4_96_114,s3_141_159,s2_164_318,s3_80_160,s2_2_4
7609,s3_1695_2555,s2_n103_99,s4_n40_7,s1_below_4282,s2_2_3,s2_2001_2003,s2_760_2075,s3_17_37,Truck (<=6000 lbs.),s3_28_48,Not Deployed,s2_97_208,s1_below_1,Female,s2_37_80,s4_159_169,s2_164_318,s3_80_160,s3_4_5
7610,s3_1695_2555,s2_n103_99,s4_n40_7,s1_below_4282,s1_below_2,s3_2003_2005,s3_2075_3730,s3_17_37,Truck (<=6000 lbs.),s2_11_28,Not Deployed,s2_97_208,s1_below_1,Female,s2_37_80,s3_141_159,s2_164_318,s2_40_80,s2_2_4
7611,s4_2555_3715,s2_n103_99,s4_n40_7,s1_below_4282,s4_4_5,s5_2007_2009,s2_760_2075,s3_17_37,Truck (<=10000 lbs.),s2_11_28,Not Deployed,s2_97_208,s1_below_1,Female,s2_37_80,s5_169_179,s3_318_464,s3_80_160,s5_6_7
7612,s4_2555_3715,s2_n103_99,s4_n40_7,s1_below_4282,s2_2_3,s3_2003_2005,s2_760_2075,s5_47_57,Truck (<=10000 lbs.),s3_28_48,Not Deployed,s2_97_208,s1_below_1,Male,s3_80_96,s5_169_179,s3_318_464,s3_80_160,s5_6_7
7613,s3_1695_2555,s2_n103_99,s3_n81_n40,s2_4282_6970,s1_below_2,s3_2003_2005,s2_760_2075,s4_37_47,Truck (<=10000 lbs.),s3_28_48,Deployed,s2_97_208,s3_2_3,Female,s2_37_80,s4_159_169,s2_164_318,s3_80_160,s3_4_5
7614,s2_885_1695,s2_n103_99,s4_n40_7,s1_below_4282,s1_below_2,s4_2005_2007,s3_2075_3730,s5_47_57,Passenger Car,s2_11_28,Deployed,s2_97_208,s1_below_1,Male,s3_80_96,s3_141_159,s2_164_318,s3_80_160,s2_2_4
7615,s2_885_1695,s2_n103_99,s4_n40_7,s1_below_4282,s1_below_2,s4_2005_2007,s2_760_2075,s5_47_57,Passenger Car,s2_11_28,Deployed,s2_97_208,s1_below_1,Female,s2_37_80,s3_141_159,s2_164_318,s3_80_160,s2_2_4
7616,s3_1695_2555,s2_n103_99,s4_n40_7,s1_below_4282,s1_below_2,s4_2005_2007,s2_760_2075,s5_47_57,Truck (<=6000 lbs.),s5_64_76,Not Deployed,s2_97_208,s1_below_1,Male,s3_80_96,s4_159_169,s2_164_318,s3_80_160,s3_4_5
7617,s2_885_1695,s2_n103_99,s4_n40_7,s1_below_4282,s4_4_5,s1_below_2001,s2_760_2075,s3_17_37,Passenger Car,s2_11_28,Deployed,s2_97_208,s1_below_1,Female,s2_37_80,s3_141_159,s2_164_318,s3_80_160,s2_2_4
7618,s2_885_1695,s2_n103_99,s5_7_up,s1_below_4282,s4_4_5,s1_below_2001,s2_760_2075,s3_17_37,Passenger Car,s4_48_64,Not Deployed,s2_97_208,s1_below_1,Male,s4_96_114,s3_141_159,s2_164_318,s6_260_up,s2_2_4
7619,s3_1695_2555,s2_n103_99,s4_n40_7,s2_4282_6970,s1_below_2,s4_2005_2007,s2_760_2075,s3_17_37,Truck (<=10000 lbs.),s5_64_76,Not Deployed,s2_97_208,s1_below_1,Male,s4_96_114,s3_141_159,s3_318_464,s3_80_160,s3_4_5
7620,s3_1695_2555,s2_n103_99,s4_n40_7,s1_below_4282,s1_below_2,s3_2003_2005,s3_2075_3730,s5_47_57,Truck (<=10000 lbs.),s4_48_64,Deployed,s2_97_208,s2_1_2,Male,s3_80_96,s5_169_179,s3_318_464,s3_80_160,s4_5_6
7621,s3_1695_2555,s2_n103_99,s4_n40_7,s1_below_4282,s1_below_2,s3_2003_2005,s3_2075_3730,s5_47_57,Truck (<=10000 lbs.),s3_28_48,Deployed,s2_97_208,s1_below_1,Male,s4_96_114,s5_169_179,s3_318_464,s3_80_160,s4_5_6
7622,s2_885_1695,s2_n103_99,s4_n40_7,s1_below_4282,s5_5_6,s4_2005_2007,s2_760_2075,s4_37_47,Passenger Car,s3_28_48,Not Deployed,s2_97_208,s1_below_1,Female,s2_37_80,s3_141_159,s2_164_318,s3_80_160,s2_2_4
7623,s2_885_1695,s2_n103_99,s5_7_up,s1_below_4282,s4_4_5,s3_2003_2005,s3_2075_3730,s3_17_37,Passenger Car,s3_28_48,Not Deployed,s2_97_208,s1_below_1,Male,s3_80_96,s3_141_159,s2_164_318,s6_260_up,s2_2_4
7624,s3_1695_2555,s2_n103_99,s5_7_up,s1_below_4282,s1_below_2,s3_2003_2005,s2_760_2075,s6_57_up,Passenger Car,s6_76_up,Not Deployed,s2_97_208,s1_below_1,Male,s3_80_96,s4_159_169,s2_164_318,s1_below_40,s3_4_5
7625,s2_885_1695,s2_n103_99,s4_n40_7,s1_below_4282,s2_2_3,s3_2003_2005,s3_2075_3730,s3_17_37,Passenger Car,s5_64_76,Not Deployed,s2_97_208,s1_below_1,Female,s2_37_80,s3_141_159,s2_164_318,s3_80_160,s2_2_4
7626,s3_1695_2555,s2_n103_99,s4_n40_7,s1_below_4282,s4_4_5,s1_below_2001,s3_2075_3730,s3_17_37,Truck (<=10000 lbs.),s3_28_48,Not Deployed,s2_97_208,s1_below_1,Male,s3_80_96,s5_169_179,s3_318_464,s3_80_160,s4_5_6
7627,s4_2555_3715,s2_n103_99,s4_n40_7,s1_below_4282,s1_below_2,s3_2003_2005,s2_760_2075,s5_47_57,Truck (<=10000 lbs.),s3_28_48,Deployed,s2_97_208,s2_1_2,Female,s3_80_96,s5_169_179,s3_318_464,s3_80_160,s5_6_7
7628,s2_885_1695,s2_n103_99,s4_n40_7,s1_below_4282,s4_4_5,s4_2005_2007,s3_2075_3730,s3_17_37,Passenger Car,s2_11_28,Not Deployed,s2_97_208,s1_below_1,Female,s2_37_80,s3_141_159,s2_164_318,s3_80_160,s2_2_4
7629,s2_885_1695,s2_n103_99,s4_n40_7,s1_below_4282,s1_below_2,s2_2001_2003,s3_2075_3730,s5_47_57,Passenger Car,s5_64_76,Deployed,s2_97_208,s5_4_5,Female,s2_37_80,s3_141_159,s2_164_318,s5_220_260,s2_2_4
7630,s4_2555_3715,s2_n103_99,s4_n40_7,s1_below_4282,s1_below_2,s2_2001_2003,s2_760_2075,s5_47_57,Truck (<=10000 lbs.),s3_28_48,Deployed,s2_97_208,s1_below_1,Male,s2_37_80,s5_169_179,s3_318_464,s3_80_160,s5_6_7
7631,s2_885_1695,s2_n103_99,s4_n40_7,s1_below_4282,s1_below_2,s4_2005_2007,s2_760_2075,s3_17_37,Passenger Car,s2_11_28,Deployed,s2_97_208,s1_below_1,Male,s3_80_96,s3_141_159,s2_164_318,s4_160_220,s2_2_4
7632,s2_885_1695,s2_n103_99,s4_n40_7,s1_below_4282,s2_2_3,s1_below_2001,s2_760_2075,s3_17_37,Passenger Car,s2_11_28,Deployed,s2_97_208,s1_below_1,Male,s2_37_80,s3_141_159,s2_164_318,s3_80_160,s2_2_4
7633,s3_1695_2555,s2_n103_99,s4_n40_7,s1_below_4282,s1_below_2,s3_2003_2005,s2_760_2075,s5_47_57,Truck (<=10000 lbs.),s2_11_28,Deployed,s2_97_208,s1_below_1,Male,s4_96_114,s5_169_179,s2_164_318,s3_80_160,s3_4_5
7634,s2_885_1695,s2_n103_99,s4_n40_7,s1_below_4282,s1_below_2,s2_2001_2003,s3_2075_3730,s5_47_57,Passenger Car,s2_11_28,Deployed,s2_97_208,s1_below_1,Male,s2_37_80,s3_141_159,s2_164_318,s3_80_160,s2_2_4
7635,s3_1695_2555,s2_n103_99,s4_n40_7,s1_below_4282,s5_5_6,s2_2001_2003,s2_760_2075,s5_47_57,Truck (<=10000 lbs.),s4_48_64,Not Deployed,s2_97_208,s1_below_1,Male,s3_80_96,s3_141_159,s3_318_464,s3_80_160,s3_4_5
7636,s2_885_1695,s2_n103_99,s4_n40_7,s1_below_4282,s2_2_3,s1_below_2001,s2_760_2075,s5_47_57,Truck (<=6000 lbs.),s3_28_48,Deployed,s2_97_208,s1_below_1,Male,s3_80_96,s3_141_159,s2_164_318,s3_80_160,s2_2_4
7637,s2_885_1695,s2_n103_99,s4_n40_7,s1_below_4282,s2_2_3,s1_below_2001,s2_760_2075,s5_47_57,Truck (<=6000 lbs.),s2_11_28,Deployed,s2_97_208,s1_below_1,Male,s3_80_96,s3_141_159,s2_164_318,s4_160_220,s2_2_4
7638,s3_1695_2555,s2_n103_99,s4_n40_7,s1_below_4282,s4_4_5,s3_2003_2005,s2_760_2075,s1_below_7,Truck (<=6000 lbs.),s2_11_28,Not Deployed,s2_97_208,s1_below_1,Female,s2_37_80,s3_141_159,s2_164_318,s4_160_220,s2_2_4
7639,s3_1695_2555,s2_n103_99,s4_n40_7,s1_below_4282,s2_2_3,s1_below_2001,s3_2075_3730,s3_17_37,Truck (<=10000 lbs.),s4_48_64,Not Deployed,s2_97_208,s1_below_1,Male,s3_80_96,s4_159_169,s3_318_464,s4_160_220,s5_6_7
7640,s2_885_1695,s2_n103_99,s5_7_up,s1_below_4282,s4_4_5,s3_2003_2005,s2_760_2075,s3_17_37,Passenger Car,s3_28_48,Deployed,s2_97_208,s1_below_1,Female,s2_37_80,s3_141_159,s2_164_318,s6_260_up,s2_2_4
7641,s2_885_1695,s2_n103_99,s4_n40_7,s1_below_4282,s1_below_2,s3_2003_2005,s3_2075_3730,s5_47_57,Passenger Car,s3_28_48,Deployed,s2_97_208,s3_2_3,Male,s3_80_96,s3_141_159,s2_164_318,s4_160_220,s2_2_4
7642,s2_885_1695,s2_n103_99,s4_n40_7,s1_below_4282,s1_below_2,s3_2003_2005,s3_2075_3730,s5_47_57,Passenger Car,s2_11_28,Deployed,s2_97_208,s3_2_3,Female,s2_37_80,s3_141_159,s2_164_318,s2_40_80,s2_2_4
7643,s2_885_1695,s2_n103_99,s4_n40_7,s1_below_4282,s1_below_2,s3_2003_2005,s2_760_2075,s3_17_37,Passenger Car,s3_28_48,Deployed,s2_97_208,s1_below_1,Male,s2_37_80,s3_141_159,s2_164_318,s3_80_160,s2_2_4
7644,s2_885_1695,s2_n103_99,s3_n81_n40,s1_below_4282,s1_below_2,s2_2001_2003,s3_2075_3730,s5_47_57,Truck (<=6000 lbs.),s2_11_28,Deployed,s2_97_208,s3_2_3,Male,s2_37_80,s2_116_141,s2_164_318,s3_80_160,s2_2_4
7645,s4_2555_3715,s2_n103_99,s4_n40_7,s1_below_4282,s1_below_2,s3_2003_2005,s2_760_2075,s5_47_57,Truck (<=10000 lbs.),s3_28_48,Deployed,s2_97_208,s1_below_1,Female,s2_37_80,s5_169_179,s3_318_464,s3_80_160,s4_5_6
7646,s2_885_1695,s2_n103_99,s5_7_up,s1_below_4282,s4_4_5,s3_2003_2005,s2_760_2075,s4_37_47,Passenger Car,s3_28_48,Not Deployed,s2_97_208,s1_below_1,Female,s2_37_80,s3_141_159,s2_164_318,s6_260_up,s2_2_4
7647,s2_885_1695,s2_n103_99,s4_n40_7,s1_below_4282,s2_2_3,s1_below_2001,s3_2075_3730,s4_37_47,Passenger Car,s2_11_28,Deployed,s2_97_208,s1_below_1,Male,s2_37_80,s3_141_159,s2_164_318,s4_160_220,s2_2_4
7648,s3_1695_2555,s2_n103_99,s4_n40_7,s1_below_4282,s2_2_3,s4_2005_2007,s2_760_2075,s4_37_47,Truck (<=10000 lbs.),s3_28_48,Deployed,s2_97_208,s1_below_1,Male,s3_80_96,s5_169_179,s3_318_464,s3_80_160,s4_5_6
7649,s3_1695_2555,s2_n103_99,s4_n40_7,s1_below_4282,s1_below_2,s3_2003_2005,s2_760_2075,s3_17_37,Truck (<=6000 lbs.),s5_64_76,Not Deployed,s2_97_208,s1_below_1,Male,s6_130_up,s4_159_169,s2_164_318,s3_80_160,s2_2_4
7650,s2_885_1695,s2_n103_99,s4_n40_7,s1_below_4282,s2_2_3,s3_2003_2005,s2_760_2075,s3_17_37,Passenger Car,s6_76_up,Not Deployed,s2_97_208,s1_below_1,Male,s2_37_80,s3_141_159,s2_164_318,s4_160_220,s2_2_4
7651,s3_1695_2555,s2_n103_99,s4_n40_7,s1_below_4282,s4_4_5,s3_2003_2005,s2_760_2075,s3_17_37,Truck (<=6000 lbs.),s5_64_76,Not Deployed,s2_97_208,s1_below_1,Female,s3_80_96,s4_159_169,s2_164_318,s3_80_160,s3_4_5
7652,s2_885_1695,s2_n103_99,s4_n40_7,s1_below_4282,s1_below_2,s3_2003_2005,s2_760_2075,s3_17_37,Passenger Car,s3_28_48,Not Deployed,s2_97_208,s1_below_1,Male,s3_80_96,s3_141_159,s2_164_318,s2_40_80,s2_2_4
7653,s2_885_1695,s2_n103_99,s4_n40_7,s1_below_4282,s3_3_4,s5_2007_2009,s2_760_2075,s3_17_37,Truck (<=6000 lbs.),s4_48_64,Not Deployed,s2_97_208,s1_below_1,Female,s2_37_80,s3_141_159,s2_164_318,s3_80_160,s2_2_4
7654,s3_1695_2555,s2_n103_99,s4_n40_7,s1_below_4282,s1_below_2,s3_2003_2005,s2_760_2075,s5_47_57,Truck (<=10000 lbs.),s4_48_64,Deployed,s2_97_208,s1_below_1,Male,s5_114_130,s4_159_169,s3_318_464,s3_80_160,s5_6_7
7655,s2_885_1695,s2_n103_99,s5_7_up,s1_below_4282,s1_below_2,s1_below_2001,s3_2075_3730,s5_47_57,Truck (<=6000 lbs.),s4_48_64,Deployed,s2_97_208,s1_below_1,Male,s5_114_130,s3_141_159,s2_164_318,s6_260_up,s2_2_4
7656,s3_1695_2555,s2_n103_99,s4_n40_7,s1_below_4282,s4_4_5,s3_2003_2005,s2_760_2075,s3_17_37,Truck (<=10000 lbs.),s2_11_28,Not Deployed,s2_97_208,s1_below_1,Male,s2_37_80,s5_169_179,s3_318_464,s3_80_160,s4_5_6
7657,s2_885_1695,s2_n103_99,s4_n40_7,s1_below_4282,s5_5_6,s2_2001_2003,s2_760_2075,s3_17_37,Passenger Car,s3_28_48,Deployed,s2_97_208,s1_below_1,Female,s4_96_114,s3_141_159,s2_164_318,s3_80_160,s2_2_4
7658,s3_1695_2555,s2_n103_99,s4_n40_7,s1_below_4282,s1_below_2,s1_below_2001,s2_760_2075,s3_17_37,Truck (<=10000 lbs.),s6_76_up,Deployed,s2_97_208,s3_2_3,Male,s3_80_96,s4_159_169,s3_318_464,s4_160_220,s4_5_6
7659,s4_2555_3715,s2_n103_99,s4_n40_7,s1_below_4282,s2_2_3,s4_2005_2007,s2_760_2075,s3_17_37,Truck (<=10000 lbs.),s5_64_76,Not Deployed,s2_97_208,s1_below_1,Male,s3_80_96,s5_169_179,s3_318_464,s2_40_80,s4_5_6
7660,s2_885_1695,s2_n103_99,s4_n40_7,s1_below_4282,s2_2_3,s2_2001_2003,s2_760_2075,s4_37_47,Truck (<=6000 lbs.),s6_76_up,Deployed,s2_97_208,s1_below_1,Male,s3_80_96,s3_141_159,s2_164_318,s3_80_160,s2_2_4
7661,s3_1695_2555,s2_n103_99,s4_n40_7,s1_below_4282,s3_3_4,s4_2005_2007,s2_760_2075,s4_37_47,Passenger Car,s3_28_48,Deployed,s2_97_208,s1_below_1,Male,s3_80_96,s4_159_169,s2_164_318,s3_80_160,s3_4_5
7662,s2_885_1695,s2_n103_99,s4_n40_7,s1_below_4282,s4_4_5,s4_2005_2007,s2_760_2075,s4_37_47,Passenger Car,s5_64_76,Deployed,s2_97_208,s1_below_1,Female,s2_37_80,s3_141_159,s2_164_318,s3_80_160,s2_2_4
7663,s3_1695_2555,s2_n103_99,s4_n40_7,s1_below_4282,s4_4_5,s4_2005_2007,s2_760_2075,s4_37_47,Truck (<=6000 lbs.),s3_28_48,Not Deployed,s2_97_208,s1_below_1,Female,s2_37_80,s5_169_179,s2_164_318,s3_80_160,s2_2_4
7664,s2_885_1695,s2_n103_99,s4_n40_7,s1_below_4282,s1_below_2,s3_2003_2005,s2_760_2075,s3_17_37,Passenger Car,s2_11_28,Deployed,s2_97_208,s1_below_1,Male,s3_80_96,s3_141_159,s2_164_318,s4_160_220,s2_2_4
7665,s2_885_1695,s2_n103_99,s4_n40_7,s1_below_4282,s1_below_2,s5_2007_2009,s2_760_2075,s4_37_47,Passenger Car,s3_28_48,Not Deployed,s2_97_208,s1_below_1,Female,s2_37_80,s4_159_169,s2_164_318,s3_80_160,s2_2_4
7666,s2_885_1695,s2_n103_99,s4_n40_7,s1_below_4282,s1_below_2,s1_below_2001,s2_760_2075,s3_17_37,Truck (<=6000 lbs.),s6_76_up,Deployed,s2_97_208,s1_below_1,Male,s3_80_96,s3_141_159,s3_318_464,s4_160_220,s2_2_4
7667,s3_1695_2555,s2_n103_99,s4_n40_7,s1_below_4282,s1_below_2,s4_2005_2007,s2_760_2075,s3_17_37,Truck (<=6000 lbs.),s2_11_28,Deployed,s2_97_208,s2_1_2,Female,s2_37_80,s3_141_159,s2_164_318,s3_80_160,s2_2_4
7668,s3_1695_2555,s2_n103_99,s4_n40_7,s1_below_4282,s3_3_4,s4_2005_2007,s2_760_2075,s4_37_47,Truck (<=6000 lbs.),s3_28_48,Deployed,s2_97_208,s1_below_1,Female,s2_37_80,s4_159_169,s2_164_318,s3_80_160,s3_4_5
7669,s3_1695_2555,s2_n103_99,s4_n40_7,s1_below_4282,s2_2_3,s4_2005_2007,s3_2075_3730,s5_47_57,Passenger Car,s2_11_28,Deployed,s2_97_208,s4_3_4,Male,s3_80_96,s4_159_169,s2_164_318,s2_40_80,s3_4_5
7670,s3_1695_2555,s2_n103_99,s5_7_up,s1_below_4282,s1_below_2,s1_below_2001,s2_760_2075,s6_57_up,Truck (<=10000 lbs.),s3_28_48,Not Deployed,s2_97_208,s2_1_2,Female,s3_80_96,s5_169_179,s3_318_464,s6_260_up,s4_5_6
7671,s4_2555_3715,s2_n103_99,s4_n40_7,s1_below_4282,s2_2_3,s3_2003_2005,s2_760_2075,s5_47_57,Truck (<=10000 lbs.),s2_11_28,Not Deployed,s2_97_208,s1_below_1,Male,s2_37_80,s5_169_179,s3_318_464,s3_80_160,s5_6_7
7672,s2_885_1695,s2_n103_99,s4_n40_7,s1_below_4282,s1_below_2,s3_2003_2005,s3_2075_3730,s6_57_up,Passenger Car,s4_48_64,Deployed,s2_97_208,s1_below_1,Female,s3_80_96,s3_141_159,s2_164_318,s3_80_160,s2_2_4
7673,s2_885_1695,s2_n103_99,s4_n40_7,s1_below_4282,s1_below_2,s4_2005_2007,s3_2075_3730,s6_57_up,Truck (<=6000 lbs.),s4_48_64,Deployed,s2_97_208,s2_1_2,Female,s2_37_80,s3_141_159,s2_164_318,s3_80_160,s2_2_4
7674,s2_885_1695,s2_n103_99,s4_n40_7,s1_below_4282,s2_2_3,s3_2003_2005,s2_760_2075,s4_37_47,Passenger Car,s6_76_up,Not Deployed,s2_97_208,s1_below_1,Female,s2_37_80,s3_141_159,s2_164_318,s3_80_160,s2_2_4
7675,s2_885_1695,s2_n103_99,s4_n40_7,s1_below_4282,s1_below_2,s4_2005_2007,s2_760_2075,s6_57_up,Passenger Car,s2_11_28,Deployed,s2_97_208,s1_below_1,Male,s2_37_80,s4_159_169,s2_164_318,s3_80_160,s2_2_4
7676,s2_885_1695,s2_n103_99,s4_n40_7,s1_below_4282,s4_4_5,s4_2005_2007,s2_760_2075,s5_47_57,Passenger Car,s2_11_28,Deployed,s2_97_208,s1_below_1,Male,s3_80_96,s3_141_159,s2_164_318,s3_80_160,s2_2_4
7677,s2_885_1695,s2_n103_99,s4_n40_7,s1_below_4282,s4_4_5,s4_2005_2007,s2_760_2075,s5_47_57,Passenger Car,s4_48_64,Not Deployed,s2_97_208,s1_below_1,Male,s2_37_80,s3_141_159,s2_164_318,s3_80_160,s2_2_4
7678,s2_885_1695,s2_n103_99,s4_n40_7,s1_below_4282,s3_3_4,s5_2007_2009,s2_760_2075,s3_17_37,Passenger Car,s2_11_28,Not Deployed,s2_97_208,s1_below_1,Female,s2_37_80,s3_141_159,s2_164_318,s4_160_220,s2_2_4
7679,s3_1695_2555,s2_n103_99,s4_n40_7,s1_below_4282,s3_3_4,s1_below_2001,s2_760_2075,s3_17_37,Truck (<=6000 lbs.),s6_76_up,Not Deployed,s2_97_208,s1_below_1,Male,s2_37_80,s4_159_169,s2_164_318,s3_80_160,s3_4_5
7680,s2_885_1695,s2_n103_99,s4_n40_7,s1_below_4282,s4_4_5,s4_2005_2007,s2_760_2075,s3_17_37,Passenger Car,s4_48_64,Deployed,s2_97_208,s1_below_1,Male,s3_80_96,s3_141_159,s2_164_318,s3_80_160,s2_2_4
7681,s3_1695_2555,s2_n103_99,s3_n81_n40,s2_4282_6970,s1_below_2,s4_2005_2007,s2_760_2075,s6_57_up,Truck (<=10000 lbs.),s4_48_64,Deployed,s2_97_208,s4_3_4,Female,s2_37_80,s4_159_169,s3_318_464,s3_80_160,s4_5_6
7682,s2_885_1695,s2_n103_99,s4_n40_7,s1_below_4282,s2_2_3,s1_below_2001,s2_760_2075,s3_17_37,Passenger Car,s3_28_48,Not Deployed,s2_97_208,s1_below_1,Female,s2_37_80,s3_141_159,s2_164_318,s4_160_220,s2_2_4
7683,s2_885_1695,s2_n103_99,s5_7_up,s1_below_4282,s2_2_3,s3_2003_2005,s2_760_2075,s3_17_37,Passenger Car,s3_28_48,Not Deployed,s2_97_208,s1_below_1,Male,s3_80_96,s3_141_159,s2_164_318,s6_260_up,s2_2_4
7684,s2_885_1695,s2_n103_99,s4_n40_7,s1_below_4282,s4_4_5,s4_2005_2007,s2_760_2075,s3_17_37,Truck (<=6000 lbs.),s4_48_64,Deployed,s2_97_208,s1_below_1,Female,s4_96_114,s3_141_159,s2_164_318,s4_160_220,s2_2_4
7685,s2_885_1695,s2_n103_99,s4_n40_7,s1_below_4282,s4_4_5,s4_2005_2007,s2_760_2075,s4_37_47,Passenger Car,s2_11_28,Not Deployed,s2_97_208,s1_below_1,Female,s2_37_80,s3_141_159,s2_164_318,s4_160_220,s2_2_4
7686,s2_885_1695,s2_n103_99,s4_n40_7,s1_below_4282,s1_below_2,s2_2001_2003,s2_760_2075,s3_17_37,Passenger Car,s2_11_28,Not Deployed,s2_97_208,s1_below_1,Male,s2_37_80,s3_141_159,s2_164_318,s3_80_160,s2_2_4
7687,s2_885_1695,s2_n103_99,s4_n40_7,s1_below_4282,s4_4_5,s4_2005_2007,s2_760_2075,s3_17_37,Truck (<=6000 lbs.),s4_48_64,Not Deployed,s2_97_208,s1_below_1,Female,s2_37_80,s3_141_159,s2_164_318,s4_160_220,s2_2_4
7688,s2_885_1695,s2_n103_99,s4_n40_7,s1_below_4282,s1_below_2,s2_2001_2003,s3_2075_3730,s5_47_57,Passenger Car,s2_11_28,Not Deployed,s2_97_208,s1_below_1,Male,s2_37_80,s3_141_159,s2_164_318,s3_80_160,s2_2_4
7689,s2_885_1695,s2_n103_99,s4_n40_7,s1_below_4282,s1_below_2,s2_2001_2003,s2_760_2075,s5_47_57,Passenger Car,s2_11_28,Deployed,s2_97_208,s3_2_3,Male,s2_37_80,s3_141_159,s2_164_318,s3_80_160,s2_2_4
7690,s2_885_1695,s2_n103_99,s4_n40_7,s1_below_4282,s1_below_2,s1_below_2001,s2_760_2075,s5_47_57,Passenger Car,s2_11_28,Deployed,s2_97_208,s1_below_1,Male,s3_80_96,s3_141_159,s2_164_318,s3_80_160,s2_2_4
7691,s3_1695_2555,s2_n103_99,s4_n40_7,s1_below_4282,s1_below_2,s1_below_2001,s2_760_2075,s5_47_57,Truck (<=10000 lbs.),s2_11_28,Deployed,s2_97_208,s3_2_3,Female,s4_96_114,s4_159_169,s3_318_464,s3_80_160,s4_5_6
7692,s2_885_1695,s2_n103_99,s4_n40_7,s1_below_4282,s2_2_3,s3_2003_2005,s2_760_2075,s3_17_37,Passenger Car,s3_28_48,Not Deployed,s2_97_208,s2_1_2,Female,s2_37_80,s3_141_159,s2_164_318,s3_80_160,s2_2_4
7693,s3_1695_2555,s2_n103_99,s4_n40_7,s1_below_4282,s1_below_2,s4_2005_2007,s2_760_2075,s6_57_up,Truck (<=6000 lbs.),s3_28_48,Not Deployed,s2_97_208,s1_below_1,Male,s6_130_up,s4_159_169,s3_318_464,s6_260_up,s3_4_5
7694,s2_885_1695,s2_n103_99,s4_n40_7,s1_below_4282,s4_4_5,s3_2003_2005,s3_2075_3730,s4_37_47,Passenger Car,s3_28_48,Deployed,s2_97_208,s1_below_1,Male,s3_80_96,s3_141_159,s2_164_318,s4_160_220,s2_2_4
7695,s3_1695_2555,s2_n103_99,s4_n40_7,s1_below_4282,s4_4_5,s4_2005_2007,s2_760_2075,s4_37_47,Truck (<=10000 lbs.),s4_48_64,Deployed,s2_97_208,s1_below_1,Female,s2_37_80,s5_169_179,s2_164_318,s3_80_160,s3_4_5
7696,s2_885_1695,s2_n103_99,s4_n40_7,s1_below_4282,s1_below_2,s2_2001_2003,s2_760_2075,s4_37_47,Passenger Car,s4_48_64,Deployed,s2_97_208,s2_1_2,Male,s4_96_114,s3_141_159,s2_164_318,s3_80_160,s2_2_4
7697,s3_1695_2555,s2_n103_99,s4_n40_7,s1_below_4282,s1_below_2,s2_2001_2003,s2_760_2075,s3_17_37,Truck (<=6000 lbs.),s2_11_28,Not Deployed,s2_97_208,s1_below_1,Female,s2_37_80,s4_159_169,s2_164_318,s2_40_80,s3_4_5
7698,s2_885_1695,s2_n103_99,s4_n40_7,s1_below_4282,s3_3_4,s4_2005_2007,s2_760_2075,s3_17_37,Truck (<=6000 lbs.),s3_28_48,Not Deployed,s2_97_208,s1_below_1,Female,s2_37_80,s3_141_159,s2_164_318,s4_160_220,s2_2_4
7699,s2_885_1695,s2_n103_99,s5_7_up,s1_below_4282,s4_4_5,s1_below_2001,s2_760_2075,s3_17_37,Passenger Car,s2_11_28,Not Deployed,s2_97_208,s1_below_1,Male,s3_80_96,s3_141_159,s2_164_318,s6_260_up,s2_2_4
7700,s3_1695_2555,s2_n103_99,s4_n40_7,s1_below_4282,s3_3_4,s1_below_2001,s2_760_2075,s3_17_37,Truck (<=10000 lbs.),s3_28_48,Not Deployed,s2_97_208,s1_below_1,Female,s4_96_114,s3_141_159,s2_164_318,s3_80_160,s2_2_4
7701,s2_885_1695,s2_n103_99,s4_n40_7,s1_below_4282,s1_below_2,s1_below_2001,s2_760_2075,s5_47_57,Passenger Car,s4_48_64,Not Deployed,s2_97_208,s1_below_1,Male,s3_80_96,s3_141_159,s2_164_318,s2_40_80,s2_2_4
7702,s2_885_1695,s2_n103_99,s4_n40_7,s1_below_4282,s4_4_5,s2_2001_2003,s2_760_2075,s3_17_37,Truck (<=6000 lbs.),s5_64_76,Not Deployed,s2_97_208,s1_below_1,Male,s4_96_114,s3_141_159,s2_164_318,s3_80_160,s2_2_4
7703,s2_885_1695,s2_n103_99,s4_n40_7,s1_below_4282,s4_4_5,s1_below_2001,s2_760_2075,s5_47_57,Truck (<=6000 lbs.),s3_28_48,Deployed,s2_97_208,s1_below_1,Male,s3_80_96,s2_116_141,s2_164_318,s3_80_160,s2_2_4
7704,s3_1695_2555,s2_n103_99,s4_n40_7,s1_below_4282,s5_5_6,s4_2005_2007,s2_760_2075,s3_17_37,Truck (<=6000 lbs.),s3_28_48,Not Deployed,s2_97_208,s1_below_1,Female,s3_80_96,s3_141_159,s2_164_318,s3_80_160,s2_2_4
7705,s2_885_1695,s2_n103_99,s4_n40_7,s1_below_4282,s4_4_5,s3_2003_2005,s2_760_2075,s3_17_37,Passenger Car,s2_11_28,Not Deployed,s2_97_208,s1_below_1,Male,s4_96_114,s3_141_159,s2_164_318,s3_80_160,s2_2_4
7706,s4_2555_3715,s2_n103_99,s4_n40_7,s1_below_4282,s4_4_5,s2_2001_2003,s2_760_2075,s3_17_37,Truck (<=10000 lbs.),s2_11_28,Not Deployed,s2_97_208,s1_below_1,Male,s3_80_96,s5_169_179,s3_318_464,s4_160_220,s5_6_7
7707,s2_885_1695,s2_n103_99,s4_n40_7,s1_below_4282,s4_4_5,s4_2005_2007,s2_760_2075,s3_17_37,Truck (<=6000 lbs.),s3_28_48,Not Deployed,s2_97_208,s1_below_1,Male,s3_80_96,s3_141_159,s2_164_318,s4_160_220,s2_2_4
7708,s2_885_1695,s2_n103_99,s5_7_up,s1_below_4282,s4_4_5,s3_2003_2005,s3_2075_3730,s3_17_37,Passenger Car,s5_64_76,Not Deployed,s2_97_208,s1_below_1,Female,s2_37_80,s3_141_159,s2_164_318,s6_260_up,s2_2_4
7709,s2_885_1695,s2_n103_99,s4_n40_7,s1_below_4282,s4_4_5,s3_2003_2005,s2_760_2075,s3_17_37,Passenger Car,s4_48_64,Deployed,s2_97_208,s3_2_3,Male,s5_114_130,s3_141_159,s2_164_318,s2_40_80,s2_2_4
7710,s3_1695_2555,s2_n103_99,s4_n40_7,s1_below_4282,s1_below_2,s3_2003_2005,s2_760_2075,s3_17_37,Truck (<=10000 lbs.),s3_28_48,Not Deployed,s2_97_208,s1_below_1,Female,s2_37_80,s4_159_169,s3_318_464,s2_40_80,s4_5_6
7711,s2_885_1695,s2_n103_99,s4_n40_7,s1_below_4282,s6_6_up,s3_2003_2005,s2_760_2075,s3_17_37,Passenger Car,s2_11_28,Not Deployed,s2_97_208,s2_1_2,Male,s3_80_96,s3_141_159,s2_164_318,s3_80_160,s2_2_4
7712,s2_885_1695,s2_n103_99,s4_n40_7,s1_below_4282,s4_4_5,s1_below_2001,s2_760_2075,s3_17_37,Truck (<=6000 lbs.),s3_28_48,Deployed,s2_97_208,s1_below_1,Male,s3_80_96,s2_116_141,s2_164_318,s3_80_160,s2_2_4
7713,s3_1695_2555,s2_n103_99,s4_n40_7,s1_below_4282,s3_3_4,s1_below_2001,s2_760_2075,s3_17_37,Truck (<=6000 lbs.),s5_64_76,Not Deployed,s2_97_208,s1_below_1,Male,s3_80_96,s3_141_159,s2_164_318,s4_160_220,s2_2_4
7714,s2_885_1695,s2_n103_99,s4_n40_7,s1_below_4282,s3_3_4,s4_2005_2007,s2_760_2075,s3_17_37,Passenger Car,s3_28_48,Not Deployed,s2_97_208,s1_below_1,Female,s2_37_80,s3_141_159,s2_164_318,s3_80_160,s2_2_4
7715,s3_1695_2555,s2_n103_99,s4_n40_7,s1_below_4282,s6_6_up,s2_2001_2003,s2_760_2075,s3_17_37,Truck (<=10000 lbs.),s3_28_48,Deployed,s2_97_208,s1_below_1,Male,s2_37_80,s4_159_169,s2_164_318,s3_80_160,s3_4_5
7716,s3_1695_2555,s2_n103_99,s4_n40_7,s1_below_4282,s3_3_4,s1_below_2001,s2_760_2075,s3_17_37,Truck (<=10000 lbs.),s3_28_48,Not Deployed,s2_97_208,s1_below_1,Male,s2_37_80,s5_169_179,s3_318_464,s4_160_220,s4_5_6
7717,s3_1695_2555,s2_n103_99,s4_n40_7,s1_below_4282,s4_4_5,s2_2001_2003,s2_760_2075,s3_17_37,Truck (<=10000 lbs.),s2_11_28,Deployed,s2_97_208,s1_below_1,Female,s2_37_80,s4_159_169,s3_318_464,s3_80_160,s4_5_6
7718,s4_2555_3715,s2_n103_99,s4_n40_7,s1_below_4282,s1_below_2,s4_2005_2007,s2_760_2075,s3_17_37,Truck (<=10000 lbs.),s3_28_48,Not Deployed,s2_97_208,s1_below_1,Male,s3_80_96,s5_169_179,s3_318_464,s3_80_160,s5_6_7
7719,s2_885_1695,s2_n103_99,s3_n81_n40,s1_below_4282,s4_4_5,s3_2003_2005,s3_2075_3730,s3_17_37,Passenger Car,s4_48_64,Deployed,s2_97_208,s2_1_2,Female,s2_37_80,s3_141_159,s2_164_318,s3_80_160,s2_2_4
7720,s2_885_1695,s2_n103_99,s4_n40_7,s1_below_4282,s6_6_up,s2_2001_2003,s2_760_2075,s3_17_37,Truck (<=6000 lbs.),s3_28_48,Deployed,s2_97_208,s1_below_1,Female,s2_37_80,s3_141_159,s2_164_318,s4_160_220,s2_2_4
7721,s2_885_1695,s2_n103_99,s4_n40_7,s1_below_4282,s6_6_up,s4_2005_2007,s2_760_2075,s3_17_37,Passenger Car,s3_28_48,Deployed,s2_97_208,s1_below_1,Female,s2_37_80,s3_141_159,s2_164_318,s3_80_160,s2_2_4
7722,s2_885_1695,s2_n103_99,s4_n40_7,s1_below_4282,s4_4_5,s1_below_2001,s2_760_2075,s3_17_37,Passenger Car,s4_48_64,Deployed,s2_97_208,s1_below_1,Female,s2_37_80,s3_141_159,s2_164_318,s3_80_160,s2_2_4
7723,s2_885_1695,s2_n103_99,s4_n40_7,s1_below_4282,s6_6_up,s3_2003_2005,s2_760_2075,s3_17_37,Passenger Car,s2_11_28,Deployed,s2_97_208,s1_below_1,Male,s3_80_96,s3_141_159,s2_164_318,s3_80_160,s2_2_4
7724,s2_885_1695,s2_n103_99,s4_n40_7,s1_below_4282,s6_6_up,s4_2005_2007,s2_760_2075,s3_17_37,Passenger Car,s2_11_28,Deployed,s2_97_208,s2_1_2,Male,s3_80_96,s3_141_159,s2_164_318,s4_160_220,s2_2_4
7725,s3_1695_2555,s2_n103_99,s4_n40_7,s1_below_4282,s4_4_5,s4_2005_2007,s2_760_2075,s3_17_37,Passenger Car,s3_28_48,Not Deployed,s2_97_208,s1_below_1,Male,s3_80_96,s4_159_169,s2_164_318,s4_160_220,s2_2_4
7726,s3_1695_2555,s2_n103_99,s4_n40_7,s1_below_4282,s4_4_5,s1_below_2001,s2_760_2075,s4_37_47,Truck (<=6000 lbs.),s3_28_48,Not Deployed,s2_97_208,s1_below_1,Male,s3_80_96,s2_116_141,s2_164_318,s3_80_160,s2_2_4
7727,s2_885_1695,s2_n103_99,s4_n40_7,s1_below_4282,s4_4_5,s1_below_2001,s2_760_2075,s3_17_37,Truck (<=6000 lbs.),s4_48_64,Deployed,s2_97_208,s1_below_1,Female,s3_80_96,s3_141_159,s2_164_318,s3_80_160,s2_2_4
7728,s3_1695_2555,s2_n103_99,s4_n40_7,s1_below_4282,s1_below_2,s2_2001_2003,s2_760_2075,s3_17_37,Truck (<=10000 lbs.),s2_11_28,Not Deployed,s2_97_208,s1_below_1,Male,s3_80_96,s4_159_169,s3_318_464,s3_80_160,s4_5_6
7729,s2_885_1695,s2_n103_99,s4_n40_7,s1_below_4282,s4_4_5,s1_below_2001,s2_760_2075,s3_17_37,Passenger Car,s4_48_64,Deployed,s2_97_208,s1_below_1,Male,s2_37_80,s3_141_159,s2_164_318,s3_80_160,s2_2_4
7730,s2_885_1695,s2_n103_99,s4_n40_7,s1_below_4282,s4_4_5,s5_2007_2009,s2_760_2075,s3_17_37,Passenger Car,s2_11_28,Not Deployed,s2_97_208,s1_below_1,Male,s5_114_130,s4_159_169,s2_164_318,s3_80_160,s2_2_4
7731,s2_885_1695,s2_n103_99,s4_n40_7,s1_below_4282,s4_4_5,s1_below_2001,s2_760_2075,s3_17_37,Truck (<=6000 lbs.),s3_28_48,Deployed,s2_97_208,s1_below_1,Male,s2_37_80,s3_141_159,s2_164_318,s3_80_160,s2_2_4
7732,s3_1695_2555,s2_n103_99,s4_n40_7,s1_below_4282,s6_6_up,s2_2001_2003,s2_760_2075,s3_17_37,Truck (<=6000 lbs.),s3_28_48,Not Deployed,s2_97_208,s1_below_1,Male,s2_37_80,s3_141_159,s3_318_464,s2_40_80,s3_4_5
7733,s3_1695_2555,s2_n103_99,s4_n40_7,s1_below_4282,s4_4_5,s2_2001_2003,s2_760_2075,s3_17_37,Truck (<=6000 lbs.),s3_28_48,Deployed,s2_97_208,s2_1_2,Female,s2_37_80,s3_141_159,s2_164_318,s4_160_220,s3_4_5
7734,s2_885_1695,s2_n103_99,s4_n40_7,s1_below_4282,s5_5_6,s2_2001_2003,s2_760_2075,s6_57_up,Passenger Car,s3_28_48,Not Deployed,s2_97_208,s1_below_1,Female,s2_37_80,s3_141_159,s2_164_318,s3_80_160,s2_2_4
7735,s3_1695_2555,s2_n103_99,s4_n40_7,s1_below_4282,s4_4_5,s4_2005_2007,s2_760_2075,s4_37_47,Truck (<=6000 lbs.),s4_48_64,Not Deployed,s2_97_208,s1_below_1,Male,s2_37_80,s3_141_159,s2_164_318,s4_160_220,s2_2_4
7736,s3_1695_2555,s2_n103_99,s4_n40_7,s1_below_4282,s4_4_5,s4_2005_2007,s2_760_2075,s3_17_37,Truck (<=6000 lbs.),s2_11_28,Deployed,s2_97_208,s1_below_1,Female,s2_37_80,s4_159_169,s2_164_318,s3_80_160,s2_2_4
7737,s4_2555_3715,s2_n103_99,s4_n40_7,s1_below_4282,s2_2_3,s3_2003_2005,s2_760_2075,s3_17_37,Truck (<=10000 lbs.),s2_11_28,Deployed,s2_97_208,s1_below_1,Male,s2_37_80,s5_169_179,s2_164_318,s3_80_160,s3_4_5
7738,s2_885_1695,s2_n103_99,s4_n40_7,s1_below_4282,s4_4_5,s3_2003_2005,s2_760_2075,s3_17_37,Truck (<=6000 lbs.),s2_11_28,Deployed,s2_97_208,s1_below_1,Male,s2_37_80,s3_141_159,s2_164_318,s3_80_160,s2_2_4
7739,s3_1695_2555,s2_n103_99,s4_n40_7,s1_below_4282,s6_6_up,s3_2003_2005,s3_2075_3730,s4_37_47,Truck (<=6000 lbs.),s2_11_28,Deployed,s2_97_208,s1_below_1,Male,s3_80_96,s3_141_159,s2_164_318,s4_160_220,s2_2_4
7740,s2_885_1695,s2_n103_99,s4_n40_7,s1_below_4282,s2_2_3,s3_2003_2005,s2_760_2075,s6_57_up,Passenger Car,s3_28_48,Deployed,s2_97_208,s1_below_1,Female,s2_37_80,s3_141_159,s2_164_318,s4_160_220,s2_2_4
7741,s2_885_1695,s2_n103_99,s4_n40_7,s1_below_4282,s4_4_5,s1_below_2001,s2_760_2075,s4_37_47,Passenger Car,s3_28_48,Not Deployed,s2_97_208,s1_below_1,Male,s3_80_96,s4_159_169,s2_164_318,s2_40_80,s2_2_4
7742,s3_1695_2555,s2_n103_99,s4_n40_7,s1_below_4282,s1_below_2,s1_below_2001,s2_760_2075,s3_17_37,Passenger Car,s3_28_48,Not Deployed,s2_97_208,s1_below_1,Female,s2_37_80,s3_141_159,s2_164_318,s4_160_220,s2_2_4
7743,s2_885_1695,s2_n103_99,s4_n40_7,s1_below_4282,s6_6_up,s1_below_2001,s2_760_2075,s3_17_37,Passenger Car,s4_48_64,Not Deployed,s2_97_208,s1_below_1,Male,s2_37_80,s3_141_159,s2_164_318,s2_40_80,s2_2_4
7744,s2_885_1695,s2_n103_99,s4_n40_7,s1_below_4282,s5_5_6,s5_2007_2009,s2_760_2075,s3_17_37,Passenger Car,s3_28_48,Not Deployed,s2_97_208,s1_below_1,Female,s2_37_80,s3_141_159,s2_164_318,s3_80_160,s2_2_4
7745,s3_1695_2555,s2_n103_99,s4_n40_7,s1_below_4282,s5_5_6,s3_2003_2005,s2_760_2075,s4_37_47,Truck (<=6000 lbs.),s2_11_28,Deployed,s2_97_208,s1_below_1,Male,s4_96_114,s5_169_179,s2_164_318,s3_80_160,s4_5_6
7746,s3_1695_2555,s2_n103_99,s4_n40_7,s1_below_4282,s6_6_up,s1_below_2001,s2_760_2075,s3_17_37,Truck (<=6000 lbs.),s5_64_76,Deployed,s2_97_208,s1_below_1,Male,s2_37_80,s3_141_159,s2_164_318,s3_80_160,s2_2_4
7747,s2_885_1695,s2_n103_99,s5_7_up,s1_below_4282,s6_6_up,s1_below_2001,s3_2075_3730,s3_17_37,Passenger Car,s2_11_28,Not Deployed,s2_97_208,s1_below_1,Female,s2_37_80,s3_141_159,s2_164_318,s6_260_up,s2_2_4
7748,s2_885_1695,s2_n103_99,s5_7_up,s1_below_4282,s6_6_up,s1_below_2001,s2_760_2075,s3_17_37,Passenger Car,s2_11_28,Not Deployed,s2_97_208,s1_below_1,Male,s2_37_80,s3_141_159,s2_164_318,s6_260_up,s2_2_4
7749,s2_885_1695,s2_n103_99,s4_n40_7,s1_below_4282,s1_below_2,s5_2007_2009,s2_760_2075,s3_17_37,Passenger Car,s4_48_64,Not Deployed,s2_97_208,s1_below_1,Male,s2_37_80,s3_141_159,s2_164_318,s2_40_80,s2_2_4
7750,s2_885_1695,s2_n103_99,s4_n40_7,s1_below_4282,s4_4_5,s4_2005_2007,s2_760_2075,s3_17_37,Passenger Car,s3_28_48,Deployed,s2_97_208,s1_below_1,Female,s2_37_80,s3_141_159,s2_164_318,s3_80_160,s2_2_4
7751,s2_885_1695,s2_n103_99,s4_n40_7,s1_below_4282,s1_below_2,s4_2005_2007,s2_760_2075,s3_17_37,Passenger Car,s5_64_76,Not Deployed,s2_97_208,s1_below_1,Male,s2_37_80,s3_141_159,s2_164_318,s6_260_up,s2_2_4
7752,s2_885_1695,s2_n103_99,s4_n40_7,s1_below_4282,s1_below_2,s2_2001_2003,s2_760_2075,s3_17_37,Truck (<=6000 lbs.),s3_28_48,Not Deployed,s2_97_208,s1_below_1,Female,s2_37_80,s3_141_159,s2_164_318,s3_80_160,s2_2_4
7753,s2_885_1695,s2_n103_99,s4_n40_7,s1_below_4282,s6_6_up,s1_below_2001,s2_760_2075,s3_17_37,Passenger Car,s3_28_48,Deployed,s2_97_208,s1_below_1,Male,s4_96_114,s3_141_159,s2_164_318,s3_80_160,s2_2_4
7754,s2_885_1695,s2_n103_99,s4_n40_7,s1_below_4282,s1_below_2,s2_2001_2003,s2_760_2075,s3_17_37,Passenger Car,s2_11_28,Deployed,s2_97_208,s1_below_1,Female,s2_37_80,s3_141_159,s2_164_318,s3_80_160,s2_2_4
7755,s2_885_1695,s2_n103_99,s4_n40_7,s1_below_4282,s4_4_5,s1_below_2001,s2_760_2075,s3_17_37,Passenger Car,s3_28_48,Deployed,s2_97_208,s1_below_1,Male,s2_37_80,s3_141_159,s2_164_318,s3_80_160,s2_2_4
7756,s3_1695_2555,s2_n103_99,s4_n40_7,s1_below_4282,s4_4_5,s5_2007_2009,s2_760_2075,s3_17_37,Truck (<=6000 lbs.),s3_28_48,Not Deployed,s2_97_208,s1_below_1,Male,s2_37_80,s3_141_159,s2_164_318,s4_160_220,s2_2_4
7757,s2_885_1695,s2_n103_99,s4_n40_7,s1_below_4282,s6_6_up,s3_2003_2005,s2_760_2075,s3_17_37,Passenger Car,s2_11_28,Deployed,s2_97_208,s1_below_1,Male,s2_37_80,s3_141_159,s2_164_318,s3_80_160,s2_2_4
7758,s2_885_1695,s2_n103_99,s4_n40_7,s1_below_4282,s3_3_4,s3_2003_2005,s3_2075_3730,s6_57_up,Passenger Car,s4_48_64,Not Deployed,s2_97_208,s1_below_1,Female,s2_37_80,s3_141_159,s2_164_318,s3_80_160,s2_2_4
7759,s3_1695_2555,s2_n103_99,s4_n40_7,s1_below_4282,s6_6_up,s4_2005_2007,s2_760_2075,s3_17_37,Truck (<=10000 lbs.),s2_11_28,Not Deployed,s2_97_208,s1_below_1,Male,s2_37_80,s4_159_169,s3_318_464,s3_80_160,s4_5_6
7760,s2_885_1695,s2_n103_99,s5_7_up,s1_below_4282,s6_6_up,s5_2007_2009,s2_760_2075,s3_17_37,Passenger Car,s5_64_76,Not Deployed,s2_97_208,s1_below_1,Male,s2_37_80,s3_141_159,s2_164_318,s6_260_up,s2_2_4
7761,s2_885_1695,s2_n103_99,s4_n40_7,s1_below_4282,s5_5_6,s1_below_2001,s2_760_2075,s4_37_47,Passenger Car,s3_28_48,Deployed,s2_97_208,s1_below_1,Female,s2_37_80,s3_141_159,s2_164_318,s3_80_160,s2_2_4
7762,s2_885_1695,s2_n103_99,s4_n40_7,s1_below_4282,s4_4_5,s3_2003_2005,s2_760_2075,s3_17_37,Passenger Car,s4_48_64,Deployed,s2_97_208,s1_below_1,Female,s3_80_96,s3_141_159,s2_164_318,s3_80_160,s2_2_4
7763,s3_1695_2555,s2_n103_99,s4_n40_7,s1_below_4282,s4_4_5,s2_2001_2003,s2_760_2075,s3_17_37,Truck (<=10000 lbs.),s4_48_64,Not Deployed,s2_97_208,s1_below_1,Male,s3_80_96,s5_169_179,s3_318_464,s3_80_160,s4_5_6
7764,s2_885_1695,s2_n103_99,s4_n40_7,s1_below_4282,s1_below_2,s4_2005_2007,s2_760_2075,s3_17_37,Passenger Car,s2_11_28,Not Deployed,s2_97_208,s1_below_1,Female,s2_37_80,s3_141_159,s2_164_318,s2_40_80,s2_2_4
7765,s3_1695_2555,s2_n103_99,s5_7_up,s1_below_4282,s1_below_2,s2_2001_2003,s2_760_2075,s6_57_up,Passenger Car,s3_28_48,Not Deployed,s2_97_208,s1_below_1,Male,s2_37_80,s3_141_159,s2_164_318,s6_260_up,s3_4_5
7766,s3_1695_2555,s2_n103_99,s4_n40_7,s1_below_4282,s1_below_2,s4_2005_2007,s2_760_2075,s3_17_37,Truck (<=10000 lbs.),s2_11_28,Deployed,s2_97_208,s1_below_1,Male,s3_80_96,s5_169_179,s3_318_464,s3_80_160,s4_5_6
7767,s3_1695_2555,s2_n103_99,s5_7_up,s1_below_4282,s4_4_5,s1_below_2001,s3_2075_3730,s3_17_37,Truck (<=6000 lbs.),s3_28_48,Not Deployed,s2_97_208,s1_below_1,Male,s3_80_96,s3_141_159,s2_164_318,s6_260_up,s2_2_4
7768,s3_1695_2555,s2_n103_99,s4_n40_7,s1_below_4282,s4_4_5,s2_2001_2003,s2_760_2075,s3_17_37,Truck (<=10000 lbs.),s3_28_48,Deployed,s2_97_208,s1_below_1,Female,s2_37_80,s4_159_169,s2_164_318,s3_80_160,s3_4_5
7769,s2_885_1695,s2_n103_99,s4_n40_7,s1_below_4282,s6_6_up,s2_2001_2003,s2_760_2075,s3_17_37,Passenger Car,s3_28_48,Not Deployed,s2_97_208,s1_below_1,Female,s2_37_80,s3_141_159,s2_164_318,s3_80_160,s2_2_4
7770,s2_885_1695,s2_n103_99,s5_7_up,s1_below_4282,s2_2_3,s5_2007_2009,s1_below_760,s6_57_up,Passenger Car,s2_11_28,Not Deployed,s2_97_208,s1_below_1,Male,s2_37_80,s3_141_159,s2_164_318,s6_260_up,s2_2_4
7771,s2_885_1695,s2_n103_99,s5_7_up,s1_below_4282,s6_6_up,s1_below_2001,s2_760_2075,s4_37_47,Passenger Car,s4_48_64,Deployed,s2_97_208,s3_2_3,Male,s3_80_96,s3_141_159,s2_164_318,s6_260_up,s2_2_4
7772,s2_885_1695,s2_n103_99,s4_n40_7,s1_below_4282,s4_4_5,s2_2001_2003,s2_760_2075,s3_17_37,Passenger Car,s4_48_64,Deployed,s2_97_208,s1_below_1,Female,s4_96_114,s3_141_159,s2_164_318,s3_80_160,s2_2_4
7773,s2_885_1695,s2_n103_99,s4_n40_7,s1_below_4282,s5_5_6,s1_below_2001,s2_760_2075,s4_37_47,Passenger Car,s3_28_48,Deployed,s2_97_208,s1_below_1,Female,s2_37_80,s3_141_159,s2_164_318,s4_160_220,s2_2_4
7774,s2_885_1695,s2_n103_99,s5_7_up,s1_below_4282,s6_6_up,s4_2005_2007,s2_760_2075,s6_57_up,Passenger Car,s2_11_28,Not Deployed,s2_97_208,s1_below_1,Female,s2_37_80,s3_141_159,s2_164_318,s6_260_up,s2_2_4
7775,s3_1695_2555,s2_n103_99,s4_n40_7,s1_below_4282,s4_4_5,s4_2005_2007,s2_760_2075,s6_57_up,Passenger Car,s3_28_48,Deployed,s2_97_208,s1_below_1,Female,s2_37_80,s4_159_169,s2_164_318,s3_80_160,s3_4_5
7776,s2_885_1695,s2_n103_99,s4_n40_7,s1_below_4282,s4_4_5,s3_2003_2005,s2_760_2075,s3_17_37,Passenger Car,s2_11_28,Deployed,s2_97_208,s1_below_1,Male,s2_37_80,s3_141_159,s2_164_318,s3_80_160,s2_2_4
7777,s2_885_1695,s2_n103_99,s4_n40_7,s1_below_4282,s5_5_6,s5_2007_2009,s2_760_2075,s3_17_37,Passenger Car,s3_28_48,Deployed,s2_97_208,s1_below_1,Female,s2_37_80,s3_141_159,s2_164_318,s3_80_160,s2_2_4
7778,s2_885_1695,s2_n103_99,s4_n40_7,s1_below_4282,s4_4_5,s5_2007_2009,s2_760_2075,s3_17_37,Passenger Car,s3_28_48,Deployed,s2_97_208,s1_below_1,Male,s3_80_96,s3_141_159,s2_164_318,s4_160_220,s2_2_4
7779,s2_885_1695,s2_n103_99,s4_n40_7,s1_below_4282,s6_6_up,s4_2005_2007,s2_760_2075,s3_17_37,Passenger Car,s3_28_48,Deployed,s2_97_208,s1_below_1,Male,s2_37_80,s3_141_159,s2_164_318,s3_80_160,s2_2_4
7780,s2_885_1695,s2_n103_99,s4_n40_7,s1_below_4282,s4_4_5,s4_2005_2007,s2_760_2075,s3_17_37,Passenger Car,s2_11_28,Not Deployed,s2_97_208,s1_below_1,Female,s2_37_80,s3_141_159,s2_164_318,s4_160_220,s2_2_4
7781,s3_1695_2555,s2_n103_99,s4_n40_7,s1_below_4282,s1_below_2,s3_2003_2005,s2_760_2075,s3_17_37,Passenger Car,s3_28_48,Not Deployed,s2_97_208,s1_below_1,Male,s4_96_114,s3_141_159,s2_164_318,s1_below_40,s2_2_4
7782,s3_1695_2555,s2_n103_99,s4_n40_7,s1_below_4282,s6_6_up,s4_2005_2007,s2_760_2075,s3_17_37,Truck (<=6000 lbs.),s2_11_28,Not Deployed,s2_97_208,s1_below_1,Male,s2_37_80,s3_141_159,s3_318_464,s3_80_160,s4_5_6
7783,s4_2555_3715,s2_n103_99,s4_n40_7,s1_below_4282,s5_5_6,s3_2003_2005,s2_760_2075,s4_37_47,Truck (<=10000 lbs.),s3_28_48,Not Deployed,s2_97_208,s1_below_1,Male,s4_96_114,s5_169_179,s3_318_464,s4_160_220,s4_5_6
7784,s2_885_1695,s2_n103_99,s4_n40_7,s1_below_4282,s1_below_2,s4_2005_2007,s2_760_2075,s3_17_37,Passenger Car,s3_28_48,Not Deployed,s2_97_208,s1_below_1,Female,s2_37_80,s3_141_159,s2_164_318,s3_80_160,s2_2_4
7785,s2_885_1695,s2_n103_99,s4_n40_7,s1_below_4282,s3_3_4,s2_2001_2003,s2_760_2075,s6_57_up,Passenger Car,s3_28_48,Not Deployed,s2_97_208,s1_below_1,Female,s3_80_96,s3_141_159,s2_164_318,s3_80_160,s2_2_4
7786,s2_885_1695,s2_n103_99,s4_n40_7,s1_below_4282,s4_4_5,s4_2005_2007,s2_760_2075,s6_57_up,Passenger Car,s3_28_48,Not Deployed,s2_97_208,s1_below_1,Female,s2_37_80,s3_141_159,s2_164_318,s3_80_160,s2_2_4
7787,s2_885_1695,s2_n103_99,s5_7_up,s1_below_4282,s4_4_5,s1_below_2001,s2_760_2075,s6_57_up,Passenger Car,s3_28_48,Not Deployed,s2_97_208,s1_below_1,Male,s3_80_96,s3_141_159,s2_164_318,s6_260_up,s2_2_4
7788,s2_885_1695,s2_n103_99,s4_n40_7,s1_below_4282,s3_3_4,s5_2007_2009,s2_760_2075,s3_17_37,Passenger Car,s2_11_28,Not Deployed,s2_97_208,s1_below_1,Male,s3_80_96,s3_141_159,s2_164_318,s3_80_160,s2_2_4
7789,s2_885_1695,s2_n103_99,s4_n40_7,s1_below_4282,s1_below_2,s2_2001_2003,s2_760_2075,s6_57_up,Passenger Car,s2_11_28,Not Deployed,s2_97_208,s1_below_1,Female,s2_37_80,s3_141_159,s2_164_318,s2_40_80,s2_2_4
7790,s3_1695_2555,s2_n103_99,s4_n40_7,s1_below_4282,s1_below_2,s2_2001_2003,s2_760_2075,s5_47_57,Truck (<=10000 lbs.),s2_11_28,Not Deployed,s2_97_208,s1_below_1,Male,s2_37_80,s4_159_169,s2_164_318,s3_80_160,s3_4_5
7791,s2_885_1695,s2_n103_99,s4_n40_7,s1_below_4282,s1_below_2,s2_2001_2003,s2_760_2075,s4_37_47,Passenger Car,s2_11_28,Deployed,s2_97_208,s3_2_3,Female,s2_37_80,s3_141_159,s2_164_318,s3_80_160,s2_2_4
7792,s3_1695_2555,s2_n103_99,s4_n40_7,s1_below_4282,s5_5_6,s2_2001_2003,s2_760_2075,s3_17_37,Truck (<=6000 lbs.),s5_64_76,Deployed,s2_97_208,s1_below_1,Male,s3_80_96,s4_159_169,s2_164_318,s4_160_220,s3_4_5
7793,s2_885_1695,s2_n103_99,s4_n40_7,s1_below_4282,s4_4_5,s2_2001_2003,s2_760_2075,s3_17_37,Passenger Car,s3_28_48,Not Deployed,s2_97_208,s1_below_1,Male,s3_80_96,s3_141_159,s2_164_318,s3_80_160,s2_2_4
7794,s2_885_1695,s2_n103_99,s4_n40_7,s1_below_4282,s3_3_4,s2_2001_2003,s2_760_2075,s3_17_37,Passenger Car,s2_11_28,Not Deployed,s2_97_208,s1_below_1,Female,s2_37_80,s3_141_159,s2_164_318,s4_160_220,s2_2_4
7795,s2_885_1695,s2_n103_99,s4_n40_7,s1_below_4282,s3_3_4,s5_2007_2009,s2_760_2075,s3_17_37,Passenger Car,s3_28_48,Deployed,s2_97_208,s1_below_1,Male,s3_80_96,s3_141_159,s2_164_318,s3_80_160,s2_2_4
7796,s2_885_1695,s2_n103_99,s5_7_up,s1_below_4282,s2_2_3,s5_2007_2009,s2_760_2075,s6_57_up,Passenger Car,s2_11_28,Not Deployed,s2_97_208,s1_below_1,Female,s2_37_80,s3_141_159,s2_164_318,s6_260_up,s2_2_4
7797,s2_885_1695,s2_n103_99,s5_7_up,s1_below_4282,s1_below_2,s4_2005_2007,s2_760_2075,s3_17_37,Passenger Car,s4_48_64,Not Deployed,s2_97_208,s1_below_1,Female,s2_37_80,s3_141_159,s2_164_318,s6_260_up,s2_2_4
7798,s2_885_1695,s2_n103_99,s4_n40_7,s1_below_4282,s1_below_2,s3_2003_2005,s2_760_2075,s4_37_47,Passenger Car,s2_11_28,Deployed,s2_97_208,s1_below_1,Male,s3_80_96,s3_141_159,s2_164_318,s3_80_160,s2_2_4
7799,s3_1695_2555,s2_n103_99,s4_n40_7,s1_below_4282,s3_3_4,s3_2003_2005,s2_760_2075,s3_17_37,Truck (<=6000 lbs.),s3_28_48,Not Deployed,s2_97_208,s1_below_1,Male,s3_80_96,s4_159_169,s2_164_318,s3_80_160,s2_2_4
7800,s2_885_1695,s2_n103_99,s4_n40_7,s1_below_4282,s2_2_3,s4_2005_2007,s2_760_2075,s3_17_37,Passenger Car,s5_64_76,Deployed,s2_97_208,s1_below_1,Male,s3_80_96,s3_141_159,s2_164_318,s3_80_160,s2_2_4
7801,s2_885_1695,s2_n103_99,s4_n40_7,s1_below_4282,s2_2_3,s3_2003_2005,s2_760_2075,s3_17_37,Passenger Car,s5_64_76,Not Deployed,s2_97_208,s1_below_1,Male,s3_80_96,s3_141_159,s2_164_318,s3_80_160,s2_2_4
7802,s3_1695_2555,s2_n103_99,s2_n112_n81,s2_4282_6970,s2_2_3,s2_2001_2003,s3_2075_3730,s4_37_47,Truck (<=6000 lbs.),s6_76_up,Deployed,s2_97_208,s4_3_4,Male,s2_37_80,s4_159_169,s2_164_318,s4_160_220,s3_4_5
7803,s2_885_1695,s2_n103_99,s4_n40_7,s1_below_4282,s3_3_4,s3_2003_2005,s2_760_2075,s4_37_47,Passenger Car,s3_28_48,Deployed,s2_97_208,s1_below_1,Male,s4_96_114,s3_141_159,s2_164_318,s3_80_160,s2_2_4
7804,s2_885_1695,s2_n103_99,s4_n40_7,s1_below_4282,s2_2_3,s3_2003_2005,s2_760_2075,s3_17_37,Truck (<=6000 lbs.),s2_11_28,Deployed,s2_97_208,s1_below_1,Male,s3_80_96,s4_159_169,s3_318_464,s3_80_160,s3_4_5
7805,s2_885_1695,s2_n103_99,s5_7_up,s1_below_4282,s2_2_3,s4_2005_2007,s2_760_2075,s3_17_37,Passenger Car,s2_11_28,Not Deployed,s2_97_208,s1_below_1,Female,s2_37_80,s3_141_159,s2_164_318,s6_260_up,s2_2_4
7806,s3_1695_2555,s2_n103_99,s4_n40_7,s1_below_4282,s2_2_3,s3_2003_2005,s2_760_2075,s4_37_47,Passenger Car,s6_76_up,Deployed,s2_97_208,s1_below_1,Male,s2_37_80,s3_141_159,s2_164_318,s3_80_160,s2_2_4
7807,s2_885_1695,s2_n103_99,s4_n40_7,s1_below_4282,s2_2_3,s3_2003_2005,s2_760_2075,s3_17_37,Passenger Car,s4_48_64,Not Deployed,s2_97_208,s1_below_1,Female,s3_80_96,s3_141_159,s2_164_318,s3_80_160,s2_2_4
7808,s3_1695_2555,s2_n103_99,s5_7_up,s1_below_4282,s2_2_3,s3_2003_2005,s2_760_2075,s3_17_37,Truck (<=6000 lbs.),s3_28_48,Not Deployed,s2_97_208,s1_below_1,Female,s2_37_80,s4_159_169,s2_164_318,s6_260_up,s2_2_4
7809,s2_885_1695,s2_n103_99,s5_7_up,s1_below_4282,s2_2_3,s4_2005_2007,s2_760_2075,s4_37_47,Passenger Car,s3_28_48,Not Deployed,s2_97_208,s1_below_1,Female,s2_37_80,s3_141_159,s2_164_318,s6_260_up,s2_2_4
7810,s2_885_1695,s2_n103_99,s4_n40_7,s1_below_4282,s3_3_4,s2_2001_2003,s3_2075_3730,s3_17_37,Truck (<=6000 lbs.),s3_28_48,Deployed,s2_97_208,s3_2_3,Male,s3_80_96,s3_141_159,s3_318_464,s3_80_160,s2_2_4
7811,s2_885_1695,s2_n103_99,s4_n40_7,s1_below_4282,s4_4_5,s2_2001_2003,s2_760_2075,s3_17_37,Passenger Car,s6_76_up,Not Deployed,s2_97_208,s1_below_1,Female,s2_37_80,s3_141_159,s2_164_318,s3_80_160,s2_2_4
7812,s3_1695_2555,s2_n103_99,s4_n40_7,s1_below_4282,s4_4_5,s2_2001_2003,s2_760_2075,s3_17_37,Truck (<=10000 lbs.),s2_11_28,Deployed,s2_97_208,s1_below_1,Female,s4_96_114,s4_159_169,s2_164_318,s3_80_160,s3_4_5
7813,s2_885_1695,s2_n103_99,s5_7_up,s1_below_4282,s2_2_3,s5_2007_2009,s2_760_2075,s6_57_up,Passenger Car,s3_28_48,Deployed,s2_97_208,s1_below_1,Female,s2_37_80,s3_141_159,s2_164_318,s6_260_up,s2_2_4
7814,s3_1695_2555,s2_n103_99,s4_n40_7,s1_below_4282,s3_3_4,s2_2001_2003,s2_760_2075,s4_37_47,Truck (<=6000 lbs.),s2_11_28,Not Deployed,s2_97_208,s1_below_1,Female,s2_37_80,s3_141_159,s3_318_464,s4_160_220,s2_2_4
7815,s3_1695_2555,s2_n103_99,s4_n40_7,s1_below_4282,s4_4_5,s4_2005_2007,s2_760_2075,s3_17_37,Truck (<=10000 lbs.),s3_28_48,Not Deployed,s2_97_208,s1_below_1,Male,s3_80_96,s4_159_169,s3_318_464,s3_80_160,s4_5_6
7816,s2_885_1695,s2_n103_99,s5_7_up,s1_below_4282,s4_4_5,s4_2005_2007,s2_760_2075,s6_57_up,Passenger Car,s3_28_48,Not Deployed,s2_97_208,s1_below_1,Male,s5_114_130,s3_141_159,s2_164_318,s6_260_up,s2_2_4
7817,s3_1695_2555,s2_n103_99,s4_n40_7,s1_below_4282,s2_2_3,s3_2003_2005,s3_2075_3730,s3_17_37,Passenger Car,s2_11_28,Deployed,s2_97_208,s1_below_1,Male,s3_80_96,s4_159_169,s2_164_318,s3_80_160,s2_2_4
7818,s2_885_1695,s2_n103_99,s4_n40_7,s1_below_4282,s3_3_4,s2_2001_2003,s3_2075_3730,s3_17_37,Truck (<=6000 lbs.),s3_28_48,Not Deployed,s2_97_208,s1_below_1,Male,s4_96_114,s3_141_159,s3_318_464,s3_80_160,s2_2_4
7819,s3_1695_2555,s2_n103_99,s4_n40_7,s1_below_4282,s3_3_4,s5_2007_2009,s2_760_2075,s3_17_37,Truck (<=10000 lbs.),s3_28_48,Deployed,s2_97_208,s1_below_1,Male,s2_37_80,s5_169_179,s3_318_464,s3_80_160,s4_5_6
7820,s2_885_1695,s2_n103_99,s4_n40_7,s1_below_4282,s4_4_5,s1_below_2001,s2_760_2075,s4_37_47,Passenger Car,s2_11_28,Not Deployed,s2_97_208,s1_below_1,Male,s2_37_80,s3_141_159,s2_164_318,s4_160_220,s2_2_4
7821,s2_885_1695,s2_n103_99,s4_n40_7,s1_below_4282,s2_2_3,s4_2005_2007,s3_2075_3730,s3_17_37,Passenger Car,s5_64_76,Not Deployed,s2_97_208,s1_below_1,Male,s2_37_80,s3_141_159,s2_164_318,s3_80_160,s2_2_4
7822,s2_885_1695,s2_n103_99,s5_7_up,s1_below_4282,s1_below_2,s1_below_2001,s2_760_2075,s3_17_37,Passenger Car,s6_76_up,Not Deployed,s2_97_208,s1_below_1,Female,s2_37_80,s3_141_159,s2_164_318,s4_160_220,s2_2_4
7823,s3_1695_2555,s2_n103_99,s5_7_up,s1_below_4282,s2_2_3,s4_2005_2007,s3_2075_3730,s3_17_37,Passenger Car,s3_28_48,Deployed,s2_97_208,s1_below_1,Female,s2_37_80,s4_159_169,s2_164_318,s6_260_up,s3_4_5
7824,s2_885_1695,s2_n103_99,s4_n40_7,s1_below_4282,s3_3_4,s4_2005_2007,s2_760_2075,s3_17_37,Passenger Car,s3_28_48,Not Deployed,s2_97_208,s1_below_1,Male,s3_80_96,s3_141_159,s2_164_318,s4_160_220,s2_2_4
7825,s2_885_1695,s2_n103_99,s4_n40_7,s1_below_4282,s3_3_4,s1_below_2001,s2_760_2075,s3_17_37,Truck (<=6000 lbs.),s2_11_28,Not Deployed,s2_97_208,s1_below_1,Female,s2_37_80,s3_141_159,s2_164_318,s3_80_160,s2_2_4
7826,s3_1695_2555,s2_n103_99,s4_n40_7,s1_below_4282,s5_5_6,s4_2005_2007,s2_760_2075,s4_37_47,Truck (<=10000 lbs.),s3_28_48,Not Deployed,s2_97_208,s3_2_3,Male,s2_37_80,s5_169_179,s3_318_464,s3_80_160,s4_5_6
7827,s2_885_1695,s2_n103_99,s4_n40_7,s1_below_4282,s2_2_3,s2_2001_2003,s2_760_2075,s3_17_37,Passenger Car,s6_76_up,Deployed,s2_97_208,s1_below_1,Male,s2_37_80,s3_141_159,s2_164_318,s3_80_160,s2_2_4
7828,s3_1695_2555,s2_n103_99,s3_n81_n40,s1_below_4282,s6_6_up,s3_2003_2005,s2_760_2075,s4_37_47,Truck (<=6000 lbs.),s3_28_48,Deployed,s2_97_208,s1_below_1,Female,s2_37_80,s3_141_159,s2_164_318,s3_80_160,s2_2_4
7829,s3_1695_2555,s2_n103_99,s4_n40_7,s1_below_4282,s1_below_2,s3_2003_2005,s2_760_2075,s3_17_37,Truck (<=6000 lbs.),s3_28_48,Not Deployed,s2_97_208,s1_below_1,Female,s3_80_96,s5_169_179,s2_164_318,s3_80_160,s3_4_5
7830,s2_885_1695,s2_n103_99,s4_n40_7,s1_below_4282,s2_2_3,s3_2003_2005,s2_760_2075,s6_57_up,Passenger Car,s3_28_48,Not Deployed,s2_97_208,s1_below_1,Male,s3_80_96,s3_141_159,s2_164_318,s3_80_160,s2_2_4
7831,s2_885_1695,s2_n103_99,s4_n40_7,s1_below_4282,s5_5_6,s1_below_2001,s2_760_2075,s6_57_up,Truck (<=6000 lbs.),s3_28_48,Not Deployed,s2_97_208,s1_below_1,Female,s2_37_80,s3_141_159,s2_164_318,s3_80_160,s2_2_4
7832,s2_885_1695,s2_n103_99,s4_n40_7,s1_below_4282,s1_below_2,s2_2001_2003,s2_760_2075,s3_17_37,Truck (<=6000 lbs.),s3_28_48,Not Deployed,s2_97_208,s1_below_1,Female,s2_37_80,s3_141_159,s2_164_318,s3_80_160,s2_2_4
7833,s2_885_1695,s2_n103_99,s2_n112_n81,s3_6970_up,s1_below_2,s4_2005_2007,s2_760_2075,s4_37_47,Passenger Car,s2_11_28,Deployed,s2_97_208,s4_3_4,Male,s2_37_80,s3_141_159,s2_164_318,s3_80_160,s2_2_4
7834,s3_1695_2555,s2_n103_99,s4_n40_7,s1_below_4282,s4_4_5,s1_below_2001,s2_760_2075,s6_57_up,Truck (<=6000 lbs.),s5_64_76,Not Deployed,s2_97_208,s1_below_1,Male,s5_114_130,s3_141_159,s3_318_464,s3_80_160,s3_4_5
7835,s2_885_1695,s2_n103_99,s4_n40_7,s1_below_4282,s4_4_5,s1_below_2001,s2_760_2075,s6_57_up,Passenger Car,s3_28_48,Not Deployed,s2_97_208,s1_below_1,Male,s2_37_80,s3_141_159,s2_164_318,s3_80_160,s2_2_4
7836,s2_885_1695,s2_n103_99,s4_n40_7,s1_below_4282,s3_3_4,s4_2005_2007,s2_760_2075,s5_47_57,Passenger Car,s4_48_64,Not Deployed,s2_97_208,s1_below_1,Male,s2_37_80,s3_141_159,s2_164_318,s4_160_220,s2_2_4
7837,s3_1695_2555,s2_n103_99,s4_n40_7,s1_below_4282,s4_4_5,s3_2003_2005,s2_760_2075,s3_17_37,Passenger Car,s3_28_48,Deployed,s2_97_208,s1_below_1,Male,s2_37_80,s3_141_159,s2_164_318,s3_80_160,s2_2_4
7838,s3_1695_2555,s2_n103_99,s3_n81_n40,s1_below_4282,s1_below_2,s4_2005_2007,s2_760_2075,s4_37_47,Truck (<=6000 lbs.),s3_28_48,Deployed,s2_97_208,s1_below_1,Male,s2_37_80,s4_159_169,s2_164_318,s3_80_160,s2_2_4
7839,s2_885_1695,s2_n103_99,s4_n40_7,s1_below_4282,s5_5_6,s2_2001_2003,s2_760_2075,s3_17_37,Passenger Car,s3_28_48,Not Deployed,s2_97_208,s1_below_1,Male,s5_114_130,s3_141_159,s2_164_318,s4_160_220,s2_2_4
7840,s3_1695_2555,s2_n103_99,s4_n40_7,s1_below_4282,s1_below_2,s1_below_2001,s3_2075_3730,s3_17_37,Truck (<=6000 lbs.),s3_28_48,Not Deployed,s2_97_208,s1_below_1,Female,s2_37_80,s4_159_169,s2_164_318,s4_160_220,s2_2_4
7841,s3_1695_2555,s2_n103_99,s4_n40_7,s1_below_4282,s1_below_2,s1_below_2001,s3_2075_3730,s3_17_37,Truck (<=6000 lbs.),s3_28_48,Not Deployed,s2_97_208,s1_below_1,Female,s2_37_80,s3_141_159,s2_164_318,s3_80_160,s2_2_4
7842,s4_2555_3715,s2_n103_99,s4_n40_7,s1_below_4282,s1_below_2,s3_2003_2005,s2_760_2075,s3_17_37,Truck (<=6000 lbs.),s3_28_48,Not Deployed,s2_97_208,s1_below_1,Male,s2_37_80,s5_169_179,s2_164_318,s4_160_220,s4_5_6
7843,s2_885_1695,s2_n103_99,s4_n40_7,s1_below_4282,s2_2_3,s2_2001_2003,s2_760_2075,s3_17_37,Truck (<=6000 lbs.),s3_28_48,Deployed,s2_97_208,s1_below_1,Male,s2_37_80,s3_141_159,s2_164_318,s3_80_160,s2_2_4
7844,s2_885_1695,s2_n103_99,s4_n40_7,s1_below_4282,s3_3_4,s4_2005_2007,s2_760_2075,s6_57_up,Passenger Car,s2_11_28,Not Deployed,s2_97_208,s1_below_1,Female,s2_37_80,s3_141_159,s2_164_318,s3_80_160,s2_2_4
7845,s3_1695_2555,s2_n103_99,s4_n40_7,s1_below_4282,s1_below_2,s3_2003_2005,s2_760_2075,s3_17_37,Truck (<=6000 lbs.),s3_28_48,Deployed,s2_97_208,s1_below_1,Female,s2_37_80,s4_159_169,s2_164_318,s3_80_160,s3_4_5
7846,s2_885_1695,s2_n103_99,s4_n40_7,s1_below_4282,s4_4_5,s1_below_2001,s2_760_2075,s6_57_up,Passenger Car,s5_64_76,Not Deployed,s2_97_208,s1_below_1,Male,s3_80_96,s3_141_159,s2_164_318,s3_80_160,s2_2_4
7847,s2_885_1695,s2_n103_99,s4_n40_7,s1_below_4282,s1_below_2,s2_2001_2003,s2_760_2075,s3_17_37,Passenger Car,s6_76_up,Not Deployed,s2_97_208,s1_below_1,Male,s2_37_80,s3_141_159,s2_164_318,s2_40_80,s2_2_4
7848,s2_885_1695,s2_n103_99,s4_n40_7,s1_below_4282,s1_below_2,s4_2005_2007,s3_2075_3730,s3_17_37,Passenger Car,s2_11_28,Not Deployed,s2_97_208,s1_below_1,Male,s2_37_80,s3_141_159,s2_164_318,s2_40_80,s2_2_4
7849,s4_2555_3715,s2_n103_99,s4_n40_7,s1_below_4282,s2_2_3,s1_below_2001,s2_760_2075,s3_17_37,Truck (<=10000 lbs.),s3_28_48,Deployed,s2_97_208,s1_below_1,Male,s2_37_80,s5_169_179,s3_318_464,s3_80_160,s6_7_up
7850,s3_1695_2555,s2_n103_99,s4_n40_7,s1_below_4282,s1_below_2,s3_2003_2005,s2_760_2075,s3_17_37,Truck (<=6000 lbs.),s4_48_64,Deployed,s2_97_208,s1_below_1,Male,s4_96_114,s4_159_169,s2_164_318,s3_80_160,s3_4_5
7851,s2_885_1695,s2_n103_99,s4_n40_7,s1_below_4282,s1_below_2,s2_2001_2003,s3_2075_3730,s3_17_37,Passenger Car,s4_48_64,Not Deployed,s2_97_208,s2_1_2,Male,s2_37_80,s3_141_159,s2_164_318,s2_40_80,s2_2_4
7852,s3_1695_2555,s2_n103_99,s4_n40_7,s1_below_4282,s3_3_4,s4_2005_2007,s2_760_2075,s3_17_37,Truck (<=10000 lbs.),s3_28_48,Deployed,s2_97_208,s1_below_1,Male,s6_130_up,s3_141_159,s2_164_318,s3_80_160,s2_2_4
7853,s2_885_1695,s2_n103_99,s4_n40_7,s1_below_4282,s2_2_3,s2_2001_2003,s3_2075_3730,s3_17_37,Passenger Car,s2_11_28,Not Deployed,s2_97_208,s1_below_1,Female,s4_96_114,s3_141_159,s2_164_318,s4_160_220,s2_2_4
7854,s3_1695_2555,s2_n103_99,s5_7_up,s1_below_4282,s5_5_6,s4_2005_2007,s2_760_2075,s4_37_47,Passenger Car,s4_48_64,Not Deployed,s2_97_208,s1_below_1,Male,s4_96_114,s4_159_169,s2_164_318,s6_260_up,s3_4_5
7855,s2_885_1695,s2_n103_99,s5_7_up,s1_below_4282,s1_below_2,s3_2003_2005,s2_760_2075,s3_17_37,Passenger Car,s3_28_48,Not Deployed,s2_97_208,s1_below_1,Male,s4_96_114,s3_141_159,s2_164_318,s6_260_up,s2_2_4
7856,s3_1695_2555,s2_n103_99,s3_n81_n40,s1_below_4282,s3_3_4,s4_2005_2007,s2_760_2075,s6_57_up,Passenger Car,s4_48_64,Deployed,s2_97_208,s1_below_1,Female,s2_37_80,s4_159_169,s2_164_318,s3_80_160,s2_2_4
7857,s3_1695_2555,s2_n103_99,s4_n40_7,s1_below_4282,s3_3_4,s4_2005_2007,s2_760_2075,s6_57_up,Truck (<=6000 lbs.),s2_11_28,Not Deployed,s2_97_208,s1_below_1,Male,s2_37_80,s4_159_169,s2_164_318,s6_260_up,s2_2_4
7858,s2_885_1695,s2_n103_99,s4_n40_7,s1_below_4282,s3_3_4,s4_2005_2007,s2_760_2075,s6_57_up,Passenger Car,s2_11_28,Not Deployed,s2_97_208,s1_below_1,Female,s2_37_80,s3_141_159,s2_164_318,s1_below_40,s2_2_4
7859,s2_885_1695,s2_n103_99,s4_n40_7,s1_below_4282,s4_4_5,s4_2005_2007,s2_760_2075,s6_57_up,Passenger Car,s3_28_48,Not Deployed,s2_97_208,s1_below_1,Male,s2_37_80,s3_141_159,s2_164_318,s3_80_160,s2_2_4
7860,s3_1695_2555,s2_n103_99,s4_n40_7,s1_below_4282,s3_3_4,s3_2003_2005,s2_760_2075,s3_17_37,Truck (<=6000 lbs.),s2_11_28,Not Deployed,s2_97_208,s2_1_2,Male,s2_37_80,s3_141_159,s2_164_318,s3_80_160,s2_2_4
7861,s3_1695_2555,s2_n103_99,s4_n40_7,s1_below_4282,s1_below_2,s4_2005_2007,s2_760_2075,s3_17_37,Truck (<=6000 lbs.),s4_48_64,Deployed,s2_97_208,s1_below_1,Female,s2_37_80,s3_141_159,s2_164_318,s3_80_160,s2_2_4
7862,s3_1695_2555,s2_n103_99,s4_n40_7,s1_below_4282,s1_below_2,s1_below_2001,s2_760_2075,s3_17_37,Truck (<=10000 lbs.),s2_11_28,Deployed,s2_97_208,s1_below_1,Male,s3_80_96,s4_159_169,s2_164_318,s3_80_160,s3_4_5
7863,s2_885_1695,s2_n103_99,s4_n40_7,s1_below_4282,s5_5_6,s2_2001_2003,s2_760_2075,s3_17_37,Truck (<=6000 lbs.),s4_48_64,Deployed,s2_97_208,s1_below_1,Female,s2_37_80,s3_141_159,s2_164_318,s3_80_160,s2_2_4
7864,s2_885_1695,s2_n103_99,s4_n40_7,s1_below_4282,s1_below_2,s2_2001_2003,s2_760_2075,s3_17_37,Passenger Car,s3_28_48,Deployed,s2_97_208,s2_1_2,Male,s2_37_80,s3_141_159,s2_164_318,s3_80_160,s2_2_4
7865,s2_885_1695,s2_n103_99,s4_n40_7,s1_below_4282,s1_below_2,s3_2003_2005,s2_760_2075,s3_17_37,Passenger Car,s4_48_64,Not Deployed,s2_97_208,s1_below_1,Male,s3_80_96,s3_141_159,s2_164_318,s2_40_80,s2_2_4
7866,s3_1695_2555,s2_n103_99,s4_n40_7,s1_below_4282,s1_below_2,s1_below_2001,s2_760_2075,s3_17_37,Truck (<=10000 lbs.),s4_48_64,Not Deployed,s2_97_208,s1_below_1,Male,s4_96_114,s3_141_159,s2_164_318,s4_160_220,s2_2_4
7867,s2_885_1695,s2_n103_99,s4_n40_7,s1_below_4282,s1_below_2,s1_below_2001,s3_2075_3730,s3_17_37,Passenger Car,s4_48_64,Deployed,s2_97_208,s1_below_1,Female,s2_37_80,s3_141_159,s2_164_318,s3_80_160,s2_2_4
7868,s3_1695_2555,s2_n103_99,s3_n81_n40,s1_below_4282,s1_below_2,s2_2001_2003,s2_760_2075,s3_17_37,Truck (<=10000 lbs.),s2_11_28,Deployed,s2_97_208,s1_below_1,Female,s2_37_80,s4_159_169,s2_164_318,s3_80_160,s3_4_5
7869,s2_885_1695,s2_n103_99,s4_n40_7,s1_below_4282,s2_2_3,s3_2003_2005,s2_760_2075,s3_17_37,Passenger Car,s2_11_28,Not Deployed,s2_97_208,s2_1_2,Female,s2_37_80,s3_141_159,s2_164_318,s2_40_80,s2_2_4
7870,s3_1695_2555,s2_n103_99,s4_n40_7,s1_below_4282,s3_3_4,s4_2005_2007,s2_760_2075,s3_17_37,Truck (<=6000 lbs.),s4_48_64,Not Deployed,s2_97_208,s1_below_1,Female,s3_80_96,s4_159_169,s2_164_318,s3_80_160,s3_4_5
7871,s3_1695_2555,s2_n103_99,s4_n40_7,s1_below_4282,s1_below_2,s1_below_2001,s2_760_2075,s3_17_37,Truck (<=10000 lbs.),s3_28_48,Deployed,s2_97_208,s1_below_1,Male,s4_96_114,s5_169_179,s3_318_464,s3_80_160,s4_5_6
7872,s2_885_1695,s2_n103_99,s4_n40_7,s1_below_4282,s1_below_2,s4_2005_2007,s2_760_2075,s3_17_37,Passenger Car,s3_28_48,Not Deployed,s2_97_208,s1_below_1,Male,s3_80_96,s3_141_159,s2_164_318,s4_160_220,s2_2_4
7873,s2_885_1695,s2_n103_99,s4_n40_7,s1_below_4282,s4_4_5,s2_2001_2003,s2_760_2075,s3_17_37,Passenger Car,s2_11_28,Not Deployed,s2_97_208,s1_below_1,Male,s3_80_96,s3_141_159,s2_164_318,s3_80_160,s2_2_4
7874,s2_885_1695,s2_n103_99,s4_n40_7,s1_below_4282,s4_4_5,s1_below_2001,s2_760_2075,s3_17_37,Passenger Car,s2_11_28,Not Deployed,s2_97_208,s1_below_1,Male,s2_37_80,s3_141_159,s2_164_318,s3_80_160,s2_2_4
7875,s2_885_1695,s2_n103_99,s4_n40_7,s1_below_4282,s1_below_2,s4_2005_2007,s2_760_2075,s3_17_37,Passenger Car,s5_64_76,Not Deployed,s2_97_208,s1_below_1,Female,s4_96_114,s3_141_159,s2_164_318,s1_below_40,s2_2_4
7876,s2_885_1695,s2_n103_99,s4_n40_7,s1_below_4282,s1_below_2,s1_below_2001,s2_760_2075,s3_17_37,Passenger Car,s6_76_up,Deployed,s2_97_208,s1_below_1,Female,s2_37_80,s3_141_159,s2_164_318,s3_80_160,s2_2_4
7877,s2_885_1695,s2_n103_99,s4_n40_7,s1_below_4282,s3_3_4,s1_below_2001,s2_760_2075,s6_57_up,Passenger Car,s4_48_64,Not Deployed,s2_97_208,s1_below_1,Female,s2_37_80,s3_141_159,s2_164_318,s6_260_up,s2_2_4
7878,s2_885_1695,s2_n103_99,s4_n40_7,s1_below_4282,s3_3_4,s2_2001_2003,s2_760_2075,s3_17_37,Passenger Car,s3_28_48,Deployed,s2_97_208,s1_below_1,Male,s3_80_96,s3_141_159,s2_164_318,s3_80_160,s2_2_4
7879,s2_885_1695,s2_n103_99,s4_n40_7,s1_below_4282,s1_below_2,s4_2005_2007,s2_760_2075,s3_17_37,Passenger Car,s2_11_28,Not Deployed,s2_97_208,s1_below_1,Male,s3_80_96,s3_141_159,s2_164_318,s4_160_220,s2_2_4
7880,s2_885_1695,s2_n103_99,s4_n40_7,s1_below_4282,s4_4_5,s1_below_2001,s2_760_2075,s6_57_up,Passenger Car,s2_11_28,Not Deployed,s2_97_208,s1_below_1,Female,s2_37_80,s3_141_159,s2_164_318,s3_80_160,s2_2_4
7881,s2_885_1695,s2_n103_99,s5_7_up,s1_below_4282,s2_2_3,s4_2005_2007,s3_2075_3730,s3_17_37,Passenger Car,s5_64_76,Not Deployed,s2_97_208,s1_below_1,Male,s4_96_114,s3_141_159,s2_164_318,s6_260_up,s2_2_4
7882,s2_885_1695,s2_n103_99,s4_n40_7,s1_below_4282,s3_3_4,s1_below_2001,s3_2075_3730,s3_17_37,Passenger Car,s5_64_76,Not Deployed,s2_97_208,s1_below_1,Female,s2_37_80,s3_141_159,s2_164_318,s3_80_160,s2_2_4
7883,s2_885_1695,s2_n103_99,s4_n40_7,s1_below_4282,s1_below_2,s1_below_2001,s2_760_2075,s3_17_37,Passenger Car,s6_76_up,Not Deployed,s2_97_208,s1_below_1,Female,s2_37_80,s3_141_159,s2_164_318,s4_160_220,s2_2_4
7884,s2_885_1695,s2_n103_99,s4_n40_7,s1_below_4282,s2_2_3,s1_below_2001,s2_760_2075,s3_17_37,Passenger Car,s2_11_28,Deployed,s2_97_208,s1_below_1,Male,s2_37_80,s3_141_159,s2_164_318,s3_80_160,s2_2_4
7885,s2_885_1695,s2_n103_99,s4_n40_7,s1_below_4282,s1_below_2,s1_below_2001,s2_760_2075,s3_17_37,Passenger Car,s2_11_28,Not Deployed,s2_97_208,s1_below_1,Male,s3_80_96,s3_141_159,s2_164_318,s3_80_160,s2_2_4
7886,s2_885_1695,s2_n103_99,s4_n40_7,s1_below_4282,s3_3_4,s2_2001_2003,s2_760_2075,s3_17_37,Passenger Car,s3_28_48,Not Deployed,s2_97_208,s1_below_1,Male,s3_80_96,s3_141_159,s2_164_318,s3_80_160,s2_2_4
7887,s2_885_1695,s2_n103_99,s4_n40_7,s1_below_4282,s3_3_4,s4_2005_2007,s3_2075_3730,s3_17_37,Passenger Car,s5_64_76,Deployed,s2_97_208,s1_below_1,Female,s4_96_114,s3_141_159,s2_164_318,s2_40_80,s2_2_4
7888,s4_2555_3715,s2_n103_99,s4_n40_7,s1_below_4282,s6_6_up,s3_2003_2005,s2_760_2075,s3_17_37,Truck (<=10000 lbs.),s3_28_48,Not Deployed,s2_97_208,s1_below_1,Male,s3_80_96,s4_159_169,s3_318_464,s4_160_220,s4_5_6
7889,s2_885_1695,s2_n103_99,s4_n40_7,s1_below_4282,s1_below_2,s5_2007_2009,s2_760_2075,s4_37_47,Passenger Car,s5_64_76,Deployed,s2_97_208,s1_below_1,Male,s2_37_80,s3_141_159,s2_164_318,s3_80_160,s2_2_4
7890,s3_1695_2555,s2_n103_99,s4_n40_7,s1_below_4282,s2_2_3,s4_2005_2007,s2_760_2075,s3_17_37,Passenger Car,s3_28_48,Not Deployed,s2_97_208,s1_below_1,Male,s4_96_114,s3_141_159,s2_164_318,s2_40_80,s2_2_4
7891,s2_885_1695,s2_n103_99,s4_n40_7,s1_below_4282,s4_4_5,s3_2003_2005,s2_760_2075,s3_17_37,Passenger Car,s2_11_28,Deployed,s2_97_208,s1_below_1,Female,s2_37_80,s3_141_159,s2_164_318,s4_160_220,s2_2_4
7892,s3_1695_2555,s2_n103_99,s5_7_up,s1_below_4282,s1_below_2,s3_2003_2005,s2_760_2075,s3_17_37,Passenger Car,s3_28_48,Not Deployed,s2_97_208,s1_below_1,Male,s3_80_96,s4_159_169,s2_164_318,s5_220_260,s3_4_5
7893,s2_885_1695,s2_n103_99,s4_n40_7,s1_below_4282,s4_4_5,s2_2001_2003,s2_760_2075,s6_57_up,Passenger Car,s3_28_48,Deployed,s2_97_208,s1_below_1,Male,s4_96_114,s3_141_159,s2_164_318,s3_80_160,s2_2_4
7894,s2_885_1695,s2_n103_99,s4_n40_7,s1_below_4282,s1_below_2,s1_below_2001,s2_760_2075,s3_17_37,Passenger Car,s5_64_76,Not Deployed,s2_97_208,s1_below_1,Female,s3_80_96,s3_141_159,s2_164_318,s2_40_80,s2_2_4
7895,s4_2555_3715,s2_n103_99,s4_n40_7,s1_below_4282,s2_2_3,s5_2007_2009,s2_760_2075,s3_17_37,Truck (<=10000 lbs.),s5_64_76,Not Deployed,s2_97_208,s1_below_1,Male,s3_80_96,s5_169_179,s3_318_464,s3_80_160,s4_5_6
7896,s3_1695_2555,s2_n103_99,s4_n40_7,s1_below_4282,s3_3_4,s3_2003_2005,s2_760_2075,s3_17_37,Truck (<=6000 lbs.),s3_28_48,Not Deployed,s2_97_208,s1_below_1,Male,s3_80_96,s3_141_159,s2_164_318,s3_80_160,s2_2_4
7897,s4_2555_3715,s2_n103_99,s5_7_up,s1_below_4282,s1_below_2,s2_2001_2003,s2_760_2075,s3_17_37,Truck (<=10000 lbs.),s3_28_48,Not Deployed,s2_97_208,s1_below_1,Male,s3_80_96,s5_169_179,s2_164_318,s6_260_up,s3_4_5
7898,s3_1695_2555,s2_n103_99,s4_n40_7,s1_below_4282,s1_below_2,s3_2003_2005,s2_760_2075,s3_17_37,Truck (<=6000 lbs.),s2_11_28,Not Deployed,s2_97_208,s1_below_1,Male,s4_96_114,s3_141_159,s2_164_318,s3_80_160,s2_2_4
7899,s2_885_1695,s2_n103_99,s4_n40_7,s1_below_4282,s3_3_4,s1_below_2001,s2_760_2075,s3_17_37,Passenger Car,s2_11_28,Not Deployed,s2_97_208,s1_below_1,Female,s2_37_80,s3_141_159,s2_164_318,s3_80_160,s2_2_4
7900,s2_885_1695,s2_n103_99,s4_n40_7,s1_below_4282,s1_below_2,s4_2005_2007,s2_760_2075,s3_17_37,Passenger Car,s3_28_48,Not Deployed,s2_97_208,s1_below_1,Female,s3_80_96,s3_141_159,s2_164_318,s3_80_160,s2_2_4
7901,s2_885_1695,s2_n103_99,s4_n40_7,s1_below_4282,s5_5_6,s3_2003_2005,s2_760_2075,s6_57_up,Passenger Car,s2_11_28,Not Deployed,s2_97_208,s1_below_1,Male,s3_80_96,s3_141_159,s2_164_318,s3_80_160,s2_2_4
7902,s2_885_1695,s2_n103_99,s4_n40_7,s1_below_4282,s3_3_4,s5_2007_2009,s2_760_2075,s3_17_37,Truck (<=6000 lbs.),s3_28_48,Not Deployed,s2_97_208,s1_below_1,Male,s3_80_96,s3_141_159,s2_164_318,s1_below_40,s2_2_4
7903,s2_885_1695,s2_n103_99,s4_n40_7,s1_below_4282,s4_4_5,s5_2007_2009,s2_760_2075,s3_17_37,Passenger Car,s3_28_48,Not Deployed,s2_97_208,s1_below_1,Male,s2_37_80,s3_141_159,s2_164_318,s3_80_160,s2_2_4
7904,s2_885_1695,s2_n103_99,s4_n40_7,s1_below_4282,s3_3_4,s2_2001_2003,s2_760_2075,s6_57_up,Passenger Car,s3_28_48,Not Deployed,s2_97_208,s1_below_1,Male,s2_37_80,s3_141_159,s2_164_318,s5_220_260,s2_2_4
7905,s3_1695_2555,s2_n103_99,s4_n40_7,s1_below_4282,s1_below_2,s3_2003_2005,s2_760_2075,s4_37_47,Truck (<=6000 lbs.),s2_11_28,Not Deployed,s2_97_208,s1_below_1,Male,s5_114_130,s3_141_159,s3_318_464,s3_80_160,s2_2_4
7906,s2_885_1695,s2_n103_99,s4_n40_7,s1_below_4282,s2_2_3,s3_2003_2005,s2_760_2075,s4_37_47,Passenger Car,s2_11_28,Deployed,s2_97_208,s1_below_1,Female,s2_37_80,s3_141_159,s2_164_318,s3_80_160,s2_2_4
7907,s3_1695_2555,s2_n103_99,s4_n40_7,s1_below_4282,s4_4_5,s3_2003_2005,s3_2075_3730,s3_17_37,Truck (<=6000 lbs.),s4_48_64,Not Deployed,s2_97_208,s1_below_1,Female,s2_37_80,s3_141_159,s2_164_318,s4_160_220,s2_2_4
7908,s3_1695_2555,s2_n103_99,s4_n40_7,s1_below_4282,s1_below_2,s3_2003_2005,s2_760_2075,s3_17_37,Truck (<=10000 lbs.),s3_28_48,Not Deployed,s2_97_208,s1_below_1,Male,s3_80_96,s4_159_169,s2_164_318,s2_40_80,s2_2_4
7909,s3_1695_2555,s2_n103_99,s4_n40_7,s1_below_4282,s5_5_6,s1_below_2001,s2_760_2075,s6_57_up,Truck (<=6000 lbs.),s3_28_48,Not Deployed,s2_97_208,s1_below_1,Female,s2_37_80,s3_141_159,s2_164_318,s1_below_40,s2_2_4
7910,s2_885_1695,s2_n103_99,s4_n40_7,s1_below_4282,s2_2_3,s1_below_2001,s2_760_2075,s4_37_47,Passenger Car,s3_28_48,Not Deployed,s2_97_208,s1_below_1,Male,s3_80_96,s3_141_159,s2_164_318,s3_80_160,s2_2_4
7911,s3_1695_2555,s2_n103_99,s5_7_up,s1_below_4282,s1_below_2,s3_2003_2005,s2_760_2075,s3_17_37,Truck (<=6000 lbs.),s3_28_48,Not Deployed,s2_97_208,s1_below_1,Male,s4_96_114,s4_159_169,s2_164_318,s6_260_up,s3_4_5
7912,s2_885_1695,s2_n103_99,s4_n40_7,s1_below_4282,s1_below_2,s4_2005_2007,s2_760_2075,s3_17_37,Passenger Car,s3_28_48,Deployed,s2_97_208,s1_below_1,Female,s2_37_80,s3_141_159,s2_164_318,s3_80_160,s2_2_4
7913,s2_885_1695,s2_n103_99,s4_n40_7,s1_below_4282,s1_below_2,s1_below_2001,s2_760_2075,s3_17_37,Truck (<=6000 lbs.),s2_11_28,Deployed,s2_97_208,s1_below_1,Male,s2_37_80,s3_141_159,s3_318_464,s3_80_160,s2_2_4
7914,s2_885_1695,s2_n103_99,s4_n40_7,s1_below_4282,s4_4_5,s2_2001_2003,s2_760_2075,s3_17_37,Passenger Car,s6_76_up,Not Deployed,s2_97_208,s1_below_1,Female,s2_37_80,s3_141_159,s2_164_318,s4_160_220,s2_2_4
7915,s3_1695_2555,s2_n103_99,s4_n40_7,s1_below_4282,s1_below_2,s3_2003_2005,s2_760_2075,s3_17_37,Truck (<=6000 lbs.),s2_11_28,Not Deployed,s2_97_208,s1_below_1,Male,s3_80_96,s4_159_169,s2_164_318,s2_40_80,s2_2_4
7916,s2_885_1695,s2_n103_99,s5_7_up,s1_below_4282,s2_2_3,s2_2001_2003,s2_760_2075,s5_47_57,Passenger Car,s2_11_28,Not Deployed,s2_97_208,s1_below_1,Female,s2_37_80,s3_141_159,s2_164_318,s6_260_up,s2_2_4
7917,s2_885_1695,s2_n103_99,s4_n40_7,s1_below_4282,s1_below_2,s4_2005_2007,s2_760_2075,s3_17_37,Passenger Car,s4_48_64,Not Deployed,s2_97_208,s1_below_1,Female,s2_37_80,s3_141_159,s2_164_318,s3_80_160,s2_2_4
7918,s3_1695_2555,s2_n103_99,s5_7_up,s1_below_4282,s1_below_2,s4_2005_2007,s2_760_2075,s4_37_47,Truck (<=6000 lbs.),s3_28_48,Not Deployed,s2_97_208,s1_below_1,Male,s3_80_96,s3_141_159,s2_164_318,s4_160_220,s2_2_4
7919,s3_1695_2555,s2_n103_99,s4_n40_7,s1_below_4282,s1_below_2,s3_2003_2005,s3_2075_3730,s5_47_57,Truck (<=10000 lbs.),s3_28_48,Deployed,s2_97_208,s2_1_2,Male,s3_80_96,s3_141_159,s3_318_464,s4_160_220,s3_4_5
7920,s4_2555_3715,s2_n103_99,s4_n40_7,s1_below_4282,s1_below_2,s1_below_2001,s2_760_2075,s4_37_47,Truck (<=10000 lbs.),s3_28_48,Deployed,s2_97_208,s6_5_up,Male,s3_80_96,s5_169_179,s3_318_464,s2_40_80,s4_5_6
7921,s2_885_1695,s2_n103_99,s5_7_up,s1_below_4282,s1_below_2,s3_2003_2005,s2_760_2075,s5_47_57,Passenger Car,s2_11_28,Not Deployed,s2_97_208,s1_below_1,Female,s3_80_96,s3_141_159,s2_164_318,s6_260_up,s2_2_4
7922,s3_1695_2555,s2_n103_99,s4_n40_7,s1_below_4282,s1_below_2,s3_2003_2005,s3_2075_3730,s4_37_47,Truck (<=6000 lbs.),s4_48_64,Not Deployed,s2_97_208,s1_below_1,Male,s3_80_96,s3_141_159,s2_164_318,s3_80_160,s2_2_4
7923,s2_885_1695,s2_n103_99,s4_n40_7,s1_below_4282,s2_2_3,s3_2003_2005,s2_760_2075,s5_47_57,Passenger Car,s4_48_64,Deployed,s2_97_208,s1_below_1,Female,s2_37_80,s3_141_159,s2_164_318,s3_80_160,s2_2_4
7924,s2_885_1695,s2_n103_99,s4_n40_7,s1_below_4282,s1_below_2,s3_2003_2005,s2_760_2075,s4_37_47,Passenger Car,s4_48_64,Deployed,s2_97_208,s1_below_1,Male,s3_80_96,s3_141_159,s2_164_318,s4_160_220,s2_2_4
7925,s2_885_1695,s2_n103_99,s4_n40_7,s1_below_4282,s1_below_2,s2_2001_2003,s2_760_2075,s3_17_37,Passenger Car,s2_11_28,Deployed,s2_97_208,s4_3_4,Female,s2_37_80,s3_141_159,s2_164_318,s2_40_80,s2_2_4
7926,s3_1695_2555,s2_n103_99,s4_n40_7,s1_below_4282,s4_4_5,s3_2003_2005,s2_760_2075,s4_37_47,Passenger Car,s5_64_76,Not Deployed,s2_97_208,s1_below_1,Male,s3_80_96,s4_159_169,s2_164_318,s3_80_160,s3_4_5
7927,s2_885_1695,s2_n103_99,s5_7_up,s1_below_4282,s2_2_3,s4_2005_2007,s3_2075_3730,s4_37_47,Passenger Car,s2_11_28,Not Deployed,s2_97_208,s1_below_1,Female,s2_37_80,s3_141_159,s2_164_318,s6_260_up,s2_2_4
7928,s3_1695_2555,s2_n103_99,s4_n40_7,s1_below_4282,s1_below_2,s2_2001_2003,s2_760_2075,s4_37_47,Truck (<=6000 lbs.),s2_11_28,Deployed,s2_97_208,s1_below_1,Female,s2_37_80,s3_141_159,s2_164_318,s3_80_160,s3_4_5
7929,s3_1695_2555,s2_n103_99,s3_n81_n40,s1_below_4282,s1_below_2,s3_2003_2005,s2_760_2075,s3_17_37,Truck (<=6000 lbs.),s2_11_28,Deployed,s2_97_208,s5_4_5,Male,s3_80_96,s3_141_159,s3_318_464,s3_80_160,s3_4_5
7930,s3_1695_2555,s2_n103_99,s4_n40_7,s1_below_4282,s1_below_2,s3_2003_2005,s2_760_2075,s3_17_37,Truck (<=10000 lbs.),s2_11_28,Deployed,s2_97_208,s1_below_1,Male,s3_80_96,s5_169_179,s3_318_464,s3_80_160,s4_5_6
7931,s2_885_1695,s2_n103_99,s4_n40_7,s1_below_4282,s1_below_2,s3_2003_2005,s2_760_2075,s4_37_47,Passenger Car,s5_64_76,Not Deployed,s2_97_208,s1_below_1,Male,s3_80_96,s3_141_159,s2_164_318,s4_160_220,s2_2_4
7932,s2_885_1695,s2_n103_99,s4_n40_7,s1_below_4282,s1_below_2,s3_2003_2005,s2_760_2075,s4_37_47,Passenger Car,s2_11_28,Deployed,s2_97_208,s1_below_1,Male,s3_80_96,s3_141_159,s2_164_318,s3_80_160,s2_2_4
7933,s2_885_1695,s2_n103_99,s4_n40_7,s1_below_4282,s2_2_3,s1_below_2001,s2_760_2075,s4_37_47,Passenger Car,s3_28_48,Not Deployed,s2_97_208,s1_below_1,Female,s4_96_114,s3_141_159,s2_164_318,s3_80_160,s2_2_4
7934,s2_885_1695,s2_n103_99,s4_n40_7,s1_below_4282,s1_below_2,s4_2005_2007,s2_760_2075,s5_47_57,Passenger Car,s2_11_28,Deployed,s2_97_208,s1_below_1,Female,s2_37_80,s3_141_159,s2_164_318,s3_80_160,s2_2_4
7935,s2_885_1695,s2_n103_99,s4_n40_7,s1_below_4282,s1_below_2,s3_2003_2005,s2_760_2075,s4_37_47,Passenger Car,s6_76_up,Not Deployed,s2_97_208,s1_below_1,Female,s2_37_80,s3_141_159,s2_164_318,s3_80_160,s2_2_4
7936,s2_885_1695,s2_n103_99,s4_n40_7,s1_below_4282,s1_below_2,s3_2003_2005,s2_760_2075,s5_47_57,Passenger Car,s4_48_64,Deployed,s2_97_208,s3_2_3,Female,s3_80_96,s3_141_159,s2_164_318,s3_80_160,s2_2_4
7937,s2_885_1695,s2_n103_99,s2_n112_n81,s1_below_4282,s1_below_2,s2_2001_2003,s3_2075_3730,s3_17_37,Passenger Car,s3_28_48,Not Deployed,s2_97_208,s1_below_1,Female,s2_37_80,s3_141_159,s2_164_318,s3_80_160,s2_2_4
7938,s3_1695_2555,s2_n103_99,s4_n40_7,s1_below_4282,s4_4_5,s1_below_2001,s2_760_2075,s3_17_37,Truck (<=6000 lbs.),s3_28_48,Not Deployed,s2_97_208,s1_below_1,Male,s3_80_96,s3_141_159,s2_164_318,s3_80_160,s2_2_4
7939,s2_885_1695,s2_n103_99,s4_n40_7,s1_below_4282,s1_below_2,s3_2003_2005,s2_760_2075,s1_below_7,Passenger Car,s6_76_up,Deployed,s2_97_208,s1_below_1,Male,s3_80_96,s3_141_159,s2_164_318,s3_80_160,s2_2_4
7940,s3_1695_2555,s2_n103_99,s4_n40_7,s1_below_4282,s1_below_2,s3_2003_2005,s2_760_2075,s5_47_57,Truck (<=6000 lbs.),s3_28_48,Not Deployed,s2_97_208,s1_below_1,Male,s4_96_114,s3_141_159,s2_164_318,s3_80_160,s2_2_4
7941,s2_885_1695,s2_n103_99,s4_n40_7,s1_below_4282,s3_3_4,s4_2005_2007,s2_760_2075,s5_47_57,Passenger Car,s2_11_28,Deployed,s2_97_208,s1_below_1,Female,s2_37_80,s3_141_159,s2_164_318,s3_80_160,s2_2_4
7942,s3_1695_2555,s2_n103_99,s4_n40_7,s1_below_4282,s1_below_2,s4_2005_2007,s2_760_2075,s3_17_37,Truck (<=6000 lbs.),s3_28_48,Not Deployed,s2_97_208,s1_below_1,Female,s2_37_80,s3_141_159,s2_164_318,s6_260_up,s2_2_4
7943,s2_885_1695,s2_n103_99,s4_n40_7,s1_below_4282,s1_below_2,s4_2005_2007,s2_760_2075,s5_47_57,Passenger Car,s5_64_76,Deployed,s2_97_208,s5_4_5,Male,s4_96_114,s3_141_159,s2_164_318,s2_40_80,s2_2_4
7944,s2_885_1695,s2_n103_99,s4_n40_7,s1_below_4282,s1_below_2,s2_2001_2003,s2_760_2075,s5_47_57,Passenger Car,s3_28_48,Deployed,s2_97_208,s5_4_5,Female,s4_96_114,s3_141_159,s2_164_318,s3_80_160,s2_2_4
7945,s4_2555_3715,s2_n103_99,s4_n40_7,s1_below_4282,s1_below_2,s2_2001_2003,s2_760_2075,s5_47_57,Truck (<=6000 lbs.),s2_11_28,Deployed,s2_97_208,s1_below_1,Male,s3_80_96,s3_141_159,s2_164_318,s3_80_160,s2_2_4
7946,s3_1695_2555,s2_n103_99,s4_n40_7,s1_below_4282,s1_below_2,s3_2003_2005,s2_760_2075,s4_37_47,Truck (<=6000 lbs.),s3_28_48,Not Deployed,s2_97_208,s1_below_1,Female,s2_37_80,s3_141_159,s2_164_318,s3_80_160,s2_2_4
7947,s2_885_1695,s2_n103_99,s4_n40_7,s1_below_4282,s1_below_2,s4_2005_2007,s2_760_2075,s5_47_57,Passenger Car,s5_64_76,Not Deployed,s2_97_208,s1_below_1,Male,s3_80_96,s3_141_159,s2_164_318,s3_80_160,s2_2_4
7948,s2_885_1695,s2_n103_99,s4_n40_7,s1_below_4282,s1_below_2,s4_2005_2007,s2_760_2075,s5_47_57,Passenger Car,s5_64_76,Deployed,s2_97_208,s1_below_1,Female,s3_80_96,s3_141_159,s2_164_318,s3_80_160,s2_2_4
7949,s3_1695_2555,s2_n103_99,s4_n40_7,s1_below_4282,s1_below_2,s3_2003_2005,s2_760_2075,s5_47_57,Passenger Car,s2_11_28,Not Deployed,s2_97_208,s1_below_1,Male,s2_37_80,s3_141_159,s2_164_318,s3_80_160,s2_2_4
7950,s3_1695_2555,s2_n103_99,s4_n40_7,s1_below_4282,s1_below_2,s3_2003_2005,s2_760_2075,s3_17_37,Truck (<=10000 lbs.),s5_64_76,Not Deployed,s2_97_208,s1_below_1,Male,s3_80_96,s5_169_179,s3_318_464,s3_80_160,s4_5_6
7951,s2_885_1695,s2_n103_99,s4_n40_7,s1_below_4282,s1_below_2,s2_2001_2003,s3_2075_3730,s3_17_37,Passenger Car,s4_48_64,Not Deployed,s2_97_208,s1_below_1,Female,s2_37_80,s3_141_159,s2_164_318,s3_80_160,s2_2_4
7952,s2_885_1695,s2_n103_99,s5_7_up,s1_below_4282,s3_3_4,s3_2003_2005,s2_760_2075,s5_47_57,Passenger Car,s3_28_48,Not Deployed,s2_97_208,s1_below_1,Male,s2_37_80,s3_141_159,s2_164_318,s6_260_up,s2_2_4
7953,s3_1695_2555,s2_n103_99,s4_n40_7,s1_below_4282,s1_below_2,s1_below_2001,s2_760_2075,s5_47_57,Truck (<=10000 lbs.),s3_28_48,Deployed,s2_97_208,s1_below_1,Male,s6_130_up,s4_159_169,s2_164_318,s3_80_160,s2_2_4
7954,s2_885_1695,s2_n103_99,s4_n40_7,s1_below_4282,s1_below_2,s1_below_2001,s3_2075_3730,s3_17_37,Passenger Car,s6_76_up,Deployed,s2_97_208,s5_4_5,Female,s2_37_80,s3_141_159,s2_164_318,s2_40_80,s2_2_4
7955,s2_885_1695,s2_n103_99,s4_n40_7,s1_below_4282,s2_2_3,s1_below_2001,s2_760_2075,s4_37_47,Passenger Car,s4_48_64,Deployed,s2_97_208,s1_below_1,Male,s2_37_80,s3_141_159,s2_164_318,s4_160_220,s2_2_4
7956,s3_1695_2555,s2_n103_99,s4_n40_7,s1_below_4282,s2_2_3,s1_below_2001,s2_760_2075,s5_47_57,Truck (<=6000 lbs.),s3_28_48,Deployed,s2_97_208,s1_below_1,Male,s2_37_80,s3_141_159,s2_164_318,s3_80_160,s3_4_5
7957,s2_885_1695,s2_n103_99,s4_n40_7,s1_below_4282,s1_below_2,s4_2005_2007,s2_760_2075,s4_37_47,Passenger Car,s6_76_up,Not Deployed,s2_97_208,s1_below_1,Male,s3_80_96,s3_141_159,s2_164_318,s3_80_160,s2_2_4
7958,s2_885_1695,s2_n103_99,s4_n40_7,s1_below_4282,s1_below_2,s3_2003_2005,s2_760_2075,s4_37_47,Passenger Car,s6_76_up,Deployed,s2_97_208,s1_below_1,Female,s2_37_80,s3_141_159,s2_164_318,s3_80_160,s2_2_4
7959,s3_1695_2555,s2_n103_99,s4_n40_7,s1_below_4282,s1_below_2,s1_below_2001,s2_760_2075,s3_17_37,Truck (<=10000 lbs.),s3_28_48,Deployed,s2_97_208,s1_below_1,Male,s2_37_80,s4_159_169,s3_318_464,s4_160_220,s4_5_6
7960,s2_885_1695,s2_n103_99,s4_n40_7,s1_below_4282,s1_below_2,s2_2001_2003,s2_760_2075,s3_17_37,Truck (<=6000 lbs.),s4_48_64,Not Deployed,s2_97_208,s1_below_1,Female,s2_37_80,s3_141_159,s2_164_318,s3_80_160,s2_2_4
7961,s2_885_1695,s2_n103_99,s4_n40_7,s1_below_4282,s3_3_4,s3_2003_2005,s2_760_2075,s5_47_57,Passenger Car,s5_64_76,Not Deployed,s2_97_208,s1_below_1,Female,s2_37_80,s3_141_159,s2_164_318,s4_160_220,s2_2_4
7962,s3_1695_2555,s2_n103_99,s4_n40_7,s1_below_4282,s1_below_2,s4_2005_2007,s2_760_2075,s5_47_57,Truck (<=6000 lbs.),s2_11_28,Deployed,s2_97_208,s1_below_1,Male,s3_80_96,s4_159_169,s3_318_464,s4_160_220,s4_5_6
7963,s2_885_1695,s2_n103_99,s4_n40_7,s1_below_4282,s1_below_2,s4_2005_2007,s2_760_2075,s4_37_47,Passenger Car,s3_28_48,Deployed,s2_97_208,s1_below_1,Male,s2_37_80,s3_141_159,s2_164_318,s3_80_160,s2_2_4
7964,s2_885_1695,s2_n103_99,s3_n81_n40,s1_below_4282,s1_below_2,s1_below_2001,s2_760_2075,s5_47_57,Passenger Car,s6_76_up,Deployed,s2_97_208,s5_4_5,Female,s2_37_80,s3_141_159,s2_164_318,s3_80_160,s2_2_4
7965,s2_885_1695,s2_n103_99,s4_n40_7,s1_below_4282,s1_below_2,s1_below_2001,s2_760_2075,s5_47_57,Truck (<=6000 lbs.),s3_28_48,Deployed,s2_97_208,s2_1_2,Female,s2_37_80,s3_141_159,s2_164_318,s3_80_160,s2_2_4
7966,s2_885_1695,s2_n103_99,s5_7_up,s1_below_4282,s1_below_2,s4_2005_2007,s2_760_2075,s5_47_57,Passenger Car,s4_48_64,Not Deployed,s2_97_208,s1_below_1,Male,s2_37_80,s3_141_159,s2_164_318,s6_260_up,s2_2_4
7967,s2_885_1695,s2_n103_99,s4_n40_7,s1_below_4282,s3_3_4,s2_2001_2003,s2_760_2075,s5_47_57,Passenger Car,s3_28_48,Deployed,s2_97_208,s4_3_4,Female,s2_37_80,s3_141_159,s2_164_318,s4_160_220,s2_2_4
7968,s2_885_1695,s2_n103_99,s4_n40_7,s1_below_4282,s3_3_4,s1_below_2001,s2_760_2075,s5_47_57,Truck (<=6000 lbs.),s3_28_48,Deployed,s2_97_208,s1_below_1,Male,s2_37_80,s3_141_159,s2_164_318,s3_80_160,s2_2_4
7969,s2_885_1695,s2_n103_99,s4_n40_7,s1_below_4282,s1_below_2,s3_2003_2005,s2_760_2075,s4_37_47,Passenger Car,s2_11_28,Deployed,s2_97_208,s1_below_1,Male,s3_80_96,s3_141_159,s2_164_318,s3_80_160,s2_2_4
7970,s2_885_1695,s2_n103_99,s4_n40_7,s1_below_4282,s2_2_3,s4_2005_2007,s2_760_2075,s4_37_47,Passenger Car,s4_48_64,Deployed,s2_97_208,s1_below_1,Female,s2_37_80,s3_141_159,s2_164_318,s3_80_160,s2_2_4
7971,s3_1695_2555,s2_n103_99,s4_n40_7,s1_below_4282,s3_3_4,s4_2005_2007,s2_760_2075,s3_17_37,Truck (<=6000 lbs.),s3_28_48,Not Deployed,s1_below_97,s1_below_1,Male,s4_96_114,s3_141_159,s2_164_318,s1_below_40,s2_2_4
7972,s1_below_885,s2_n103_99,s4_n40_7,s1_below_4282,s1_below_2,s4_2005_2007,s2_760_2075,s3_17_37,Truck (<=6000 lbs.),s5_64_76,Not Deployed,s2_97_208,s1_below_1,Male,s3_80_96,s3_141_159,s2_164_318,s4_160_220,s2_2_4
7973,s3_1695_2555,s2_n103_99,s4_n40_7,s1_below_4282,s1_below_2,s1_below_2001,s1_below_760,s3_17_37,Truck (<=6000 lbs.),s4_48_64,Deployed,s2_97_208,s1_below_1,Male,s4_96_114,s4_159_169,s2_164_318,s3_80_160,s3_4_5
7974,s3_1695_2555,s2_n103_99,s4_n40_7,s1_below_4282,s1_below_2,s4_2005_2007,s2_760_2075,s3_17_37,Truck (<=6000 lbs.),s3_28_48,Not Deployed,s2_97_208,s1_below_1,Male,s3_80_96,s4_159_169,s2_164_318,s3_80_160,s3_4_5
7975,s2_885_1695,s2_n103_99,s4_n40_7,s1_below_4282,s1_below_2,s3_2003_2005,s2_760_2075,s3_17_37,Passenger Car,s3_28_48,Not Deployed,s2_97_208,s1_below_1,Male,s2_37_80,s3_141_159,s2_164_318,s2_40_80,s2_2_4
7976,s2_885_1695,s2_n103_99,s4_n40_7,s1_below_4282,s5_5_6,s2_2001_2003,s2_760_2075,s3_17_37,Passenger Car,s5_64_76,Not Deployed,s2_97_208,s1_below_1,Male,s4_96_114,s3_141_159,s2_164_318,s3_80_160,s2_2_4
7977,s2_885_1695,s2_n103_99,s4_n40_7,s1_below_4282,s1_below_2,s3_2003_2005,s2_760_2075,s3_17_37,Passenger Car,s5_64_76,Deployed,s2_97_208,s1_below_1,Female,s2_37_80,s3_141_159,s2_164_318,s4_160_220,s2_2_4
7978,s2_885_1695,s2_n103_99,s4_n40_7,s1_below_4282,s1_below_2,s3_2003_2005,s2_760_2075,s3_17_37,Passenger Car,s4_48_64,Deployed,s2_97_208,s2_1_2,Male,s2_37_80,s3_141_159,s2_164_318,s3_80_160,s2_2_4
7979,s2_885_1695,s2_n103_99,s4_n40_7,s1_below_4282,s3_3_4,s4_2005_2007,s3_2075_3730,s3_17_37,Passenger Car,s2_11_28,Not Deployed,s2_97_208,s1_below_1,Male,s2_37_80,s3_141_159,s2_164_318,s3_80_160,s2_2_4
7980,s2_885_1695,s2_n103_99,s4_n40_7,s1_below_4282,s1_below_2,s4_2005_2007,s2_760_2075,s3_17_37,Passenger Car,s2_11_28,Not Deployed,s2_97_208,s1_below_1,Male,s3_80_96,s3_141_159,s2_164_318,s4_160_220,s2_2_4
7981,s3_1695_2555,s2_n103_99,s5_7_up,s1_below_4282,s3_3_4,s4_2005_2007,s2_760_2075,s5_47_57,Truck (<=10000 lbs.),s4_48_64,Not Deployed,s2_97_208,s1_below_1,Female,s2_37_80,s4_159_169,s2_164_318,s6_260_up,s2_2_4
7982,s2_885_1695,s2_n103_99,s4_n40_7,s1_below_4282,s1_below_2,s3_2003_2005,s2_760_2075,s3_17_37,Passenger Car,s6_76_up,Deployed,s2_97_208,s1_below_1,Male,s3_80_96,s3_141_159,s2_164_318,s3_80_160,s2_2_4
7983,s2_885_1695,s2_n103_99,s4_n40_7,s1_below_4282,s1_below_2,s2_2001_2003,s2_760_2075,s3_17_37,Passenger Car,s4_48_64,Not Deployed,s2_97_208,s1_below_1,Male,s3_80_96,s3_141_159,s2_164_318,s3_80_160,s2_2_4
7984,s2_885_1695,s2_n103_99,s4_n40_7,s1_below_4282,s2_2_3,s4_2005_2007,s2_760_2075,s5_47_57,Passenger Car,s4_48_64,Not Deployed,s2_97_208,s1_below_1,Male,s3_80_96,s3_141_159,s2_164_318,s3_80_160,s2_2_4
7985,s2_885_1695,s2_n103_99,s4_n40_7,s1_below_4282,s2_2_3,s2_2001_2003,s2_760_2075,s5_47_57,Passenger Car,s4_48_64,Not Deployed,s2_97_208,s1_below_1,Male,s2_37_80,s3_141_159,s2_164_318,s4_160_220,s2_2_4
7986,s2_885_1695,s2_n103_99,s4_n40_7,s1_below_4282,s1_below_2,s3_2003_2005,s2_760_2075,s3_17_37,Passenger Car,s2_11_28,Deployed,s2_97_208,s1_below_1,Female,s4_96_114,s3_141_159,s2_164_318,s3_80_160,s2_2_4
7987,s3_1695_2555,s2_n103_99,s4_n40_7,s1_below_4282,s3_3_4,s4_2005_2007,s2_760_2075,s3_17_37,Truck (<=10000 lbs.),s3_28_48,Deployed,s2_97_208,s1_below_1,Female,s2_37_80,s4_159_169,s2_164_318,s3_80_160,s3_4_5
7988,s2_885_1695,s2_n103_99,s4_n40_7,s1_below_4282,s2_2_3,s4_2005_2007,s2_760_2075,s5_47_57,Passenger Car,s5_64_76,Deployed,s2_97_208,s1_below_1,Female,s2_37_80,s3_141_159,s2_164_318,s3_80_160,s2_2_4
7989,s3_1695_2555,s2_n103_99,s4_n40_7,s1_below_4282,s1_below_2,s2_2001_2003,s2_760_2075,s3_17_37,Truck (<=6000 lbs.),s3_28_48,Not Deployed,s2_97_208,s1_below_1,Female,s2_37_80,s3_141_159,s2_164_318,s3_80_160,s2_2_4
7990,s4_2555_3715,s2_n103_99,s4_n40_7,s1_below_4282,s1_below_2,s2_2001_2003,s2_760_2075,s3_17_37,Truck (<=10000 lbs.),s2_11_28,Not Deployed,s2_97_208,s1_below_1,Male,s2_37_80,s5_169_179,s3_318_464,s3_80_160,s6_7_up
7991,s2_885_1695,s2_n103_99,s4_n40_7,s1_below_4282,s3_3_4,s3_2003_2005,s3_2075_3730,s3_17_37,Passenger Car,s3_28_48,Not Deployed,s2_97_208,s1_below_1,Male,s3_80_96,s3_141_159,s2_164_318,s3_80_160,s2_2_4
7992,s3_1695_2555,s2_n103_99,s4_n40_7,s1_below_4282,s1_below_2,s2_2001_2003,s2_760_2075,s3_17_37,Passenger Car,s2_11_28,Deployed,s2_97_208,s1_below_1,Male,s2_37_80,s3_141_159,s2_164_318,s3_80_160,s2_2_4
7993,s2_885_1695,s2_n103_99,s5_7_up,s1_below_4282,s2_2_3,s4_2005_2007,s3_2075_3730,s5_47_57,Passenger Car,s4_48_64,Not Deployed,s2_97_208,s1_below_1,Female,s2_37_80,s3_141_159,s2_164_318,s6_260_up,s2_2_4
7994,s3_1695_2555,s2_n103_99,s4_n40_7,s1_below_4282,s2_2_3,s4_2005_2007,s2_760_2075,s5_47_57,Truck (<=6000 lbs.),s3_28_48,Not Deployed,s2_97_208,s1_below_1,Female,s2_37_80,s4_159_169,s2_164_318,s3_80_160,s3_4_5
7995,s2_885_1695,s2_n103_99,s4_n40_7,s1_below_4282,s2_2_3,s4_2005_2007,s2_760_2075,s5_47_57,Passenger Car,s3_28_48,Not Deployed,s2_97_208,s1_below_1,Male,s2_37_80,s3_141_159,s2_164_318,s3_80_160,s2_2_4
7996,s3_1695_2555,s2_n103_99,s4_n40_7,s1_below_4282,s2_2_3,s1_below_2001,s2_760_2075,s3_17_37,Truck (<=6000 lbs.),s2_11_28,Deployed,s2_97_208,s1_below_1,Female,s3_80_96,s4_159_169,s2_164_318,s3_80_160,s2_2_4
7997,s3_1695_2555,s2_n103_99,s4_n40_7,s1_below_4282,s2_2_3,s3_2003_2005,s2_760_2075,s3_17_37,Truck (<=6000 lbs.),s4_48_64,Not Deployed,s2_97_208,s1_below_1,Male,s3_80_96,s5_169_179,s2_164_318,s3_80_160,s2_2_4
7998,s2_885_1695,s2_n103_99,s4_n40_7,s1_below_4282,s1_below_2,s2_2001_2003,s2_760_2075,s3_17_37,Passenger Car,s3_28_48,Not Deployed,s2_97_208,s1_below_1,Male,s3_80_96,s3_141_159,s2_164_318,s3_80_160,s2_2_4
7999,s2_885_1695,s2_n103_99,s4_n40_7,s1_below_4282,s1_below_2,s3_2003_2005,s2_760_2075,s3_17_37,Passenger Car,s3_28_48,Deployed,s2_97_208,s1_below_1,Female,s2_37_80,s3_141_159,s2_164_318,s3_80_160,s2_2_4
8000,s3_1695_2555,s2_n103_99,s4_n40_7,s1_below_4282,s1_below_2,s4_2005_2007,s1_below_760,s3_17_37,Truck (<=6000 lbs.),s2_11_28,Not Deployed,s2_97_208,s1_below_1,Male,s4_96_114,s4_159_169,s2_164_318,s3_80_160,s3_4_5
8001,s3_1695_2555,s2_n103_99,s4_n40_7,s1_below_4282,s3_3_4,s1_below_2001,s2_760_2075,s3_17_37,Passenger Car,s2_11_28,Not Deployed,s2_97_208,s1_below_1,Male,s2_37_80,s4_159_169,s2_164_318,s3_80_160,s3_4_5
8002,s2_885_1695,s2_n103_99,s4_n40_7,s1_below_4282,s3_3_4,s4_2005_2007,s2_760_2075,s3_17_37,Truck (<=6000 lbs.),s3_28_48,Not Deployed,s2_97_208,s1_below_1,Male,s3_80_96,s4_159_169,s2_164_318,s3_80_160,s2_2_4
8003,s3_1695_2555,s2_n103_99,s5_7_up,s1_below_4282,s2_2_3,s3_2003_2005,s3_2075_3730,s5_47_57,Truck (<=6000 lbs.),s3_28_48,Not Deployed,s2_97_208,s3_2_3,Male,s2_37_80,s3_141_159,s2_164_318,s6_260_up,s2_2_4
8004,s3_1695_2555,s2_n103_99,s4_n40_7,s1_below_4282,s2_2_3,s4_2005_2007,s2_760_2075,s1_below_7,Truck (<=6000 lbs.),s3_28_48,Deployed,s2_97_208,s1_below_1,Female,s2_37_80,s4_159_169,s2_164_318,s3_80_160,s3_4_5
8005,s2_885_1695,s2_n103_99,s4_n40_7,s1_below_4282,s3_3_4,s4_2005_2007,s3_2075_3730,s3_17_37,Passenger Car,s2_11_28,Not Deployed,s2_97_208,s1_below_1,Male,s2_37_80,s3_141_159,s2_164_318,s3_80_160,s2_2_4
8006,s2_885_1695,s2_n103_99,s4_n40_7,s1_below_4282,s1_below_2,s4_2005_2007,s3_2075_3730,s3_17_37,Passenger Car,s2_11_28,Not Deployed,s2_97_208,s1_below_1,Female,s2_37_80,s3_141_159,s2_164_318,s3_80_160,s2_2_4
8007,s2_885_1695,s2_n103_99,s4_n40_7,s1_below_4282,s2_2_3,s1_below_2001,s2_760_2075,s3_17_37,Passenger Car,s2_11_28,Deployed,s2_97_208,s1_below_1,Male,s3_80_96,s3_141_159,s2_164_318,s3_80_160,s2_2_4
8008,s2_885_1695,s2_n103_99,s4_n40_7,s1_below_4282,s1_below_2,s4_2005_2007,s2_760_2075,s3_17_37,Truck (<=6000 lbs.),s3_28_48,Not Deployed,s2_97_208,s1_below_1,Male,s3_80_96,s3_141_159,s2_164_318,s3_80_160,s2_2_4
8009,s2_885_1695,s2_n103_99,s4_n40_7,s1_below_4282,s1_below_2,s4_2005_2007,s2_760_2075,s3_17_37,Passenger Car,s4_48_64,Deployed,s2_97_208,s1_below_1,Male,s2_37_80,s3_141_159,s2_164_318,s4_160_220,s2_2_4
8010,s3_1695_2555,s2_n103_99,s4_n40_7,s1_below_4282,s2_2_3,s1_below_2001,s3_2075_3730,s3_17_37,Truck (<=6000 lbs.),s4_48_64,Not Deployed,s2_97_208,s1_below_1,Male,s4_96_114,s4_159_169,s2_164_318,s3_80_160,s3_4_5
8011,s4_2555_3715,s2_n103_99,s4_n40_7,s1_below_4282,s3_3_4,s2_2001_2003,s2_760_2075,s3_17_37,Truck (<=10000 lbs.),s3_28_48,Not Deployed,s2_97_208,s1_below_1,Male,s2_37_80,s4_159_169,s2_164_318,s3_80_160,s3_4_5
8012,s2_885_1695,s2_n103_99,s4_n40_7,s1_below_4282,s1_below_2,s3_2003_2005,s2_760_2075,s4_37_47,Passenger Car,s3_28_48,Deployed,s2_97_208,s1_below_1,Male,s3_80_96,s3_141_159,s2_164_318,s3_80_160,s2_2_4
8013,s3_1695_2555,s2_n103_99,s4_n40_7,s1_below_4282,s1_below_2,s1_below_2001,s2_760_2075,s4_37_47,Truck (<=10000 lbs.),s3_28_48,Deployed,s2_97_208,s1_below_1,Female,s2_37_80,s3_141_159,s2_164_318,s3_80_160,s2_2_4
8014,s3_1695_2555,s2_n103_99,s5_7_up,s1_below_4282,s1_below_2,s2_2001_2003,s2_760_2075,s4_37_47,Truck (<=6000 lbs.),s2_11_28,Not Deployed,s2_97_208,s1_below_1,Male,s5_114_130,s3_141_159,s2_164_318,s6_260_up,s2_2_4
8015,s2_885_1695,s2_n103_99,s5_7_up,s1_below_4282,s1_below_2,s4_2005_2007,s2_760_2075,s4_37_47,Truck (<=6000 lbs.),s3_28_48,Not Deployed,s2_97_208,s1_below_1,Female,s2_37_80,s3_141_159,s2_164_318,s6_260_up,s2_2_4
8016,s3_1695_2555,s2_n103_99,s5_7_up,s1_below_4282,s1_below_2,s4_2005_2007,s2_760_2075,s5_47_57,Truck (<=6000 lbs.),s4_48_64,Not Deployed,s2_97_208,s1_below_1,Male,s3_80_96,s4_159_169,s2_164_318,s6_260_up,s2_2_4
8017,s2_885_1695,s2_n103_99,s4_n40_7,s1_below_4282,s1_below_2,s2_2001_2003,s2_760_2075,s5_47_57,Passenger Car,s2_11_28,Deployed,s2_97_208,s1_below_1,Female,s2_37_80,s3_141_159,s2_164_318,s3_80_160,s2_2_4
8018,s2_885_1695,s2_n103_99,s4_n40_7,s1_below_4282,s3_3_4,s4_2005_2007,s2_760_2075,s3_17_37,Passenger Car,s2_11_28,Deployed,s2_97_208,s1_below_1,Male,s3_80_96,s3_141_159,s2_164_318,s3_80_160,s2_2_4
8019,s2_885_1695,s2_n103_99,s4_n40_7,s1_below_4282,s1_below_2,s3_2003_2005,s2_760_2075,s5_47_57,Passenger Car,s3_28_48,Deployed,s2_97_208,s1_below_1,Male,s2_37_80,s3_141_159,s2_164_318,s4_160_220,s2_2_4
8020,s2_885_1695,s2_n103_99,s4_n40_7,s1_below_4282,s1_below_2,s3_2003_2005,s2_760_2075,s5_47_57,Passenger Car,s2_11_28,Deployed,s2_97_208,s1_below_1,Male,s3_80_96,s3_141_159,s2_164_318,s3_80_160,s2_2_4
8021,s2_885_1695,s2_n103_99,s3_n81_n40,s1_below_4282,s2_2_3,s4_2005_2007,s2_760_2075,s4_37_47,Passenger Car,s3_28_48,Deployed,s2_97_208,s1_below_1,Male,s3_80_96,s3_141_159,s2_164_318,s1_below_40,s2_2_4
8022,s2_885_1695,s2_n103_99,s5_7_up,s1_below_4282,s1_below_2,s2_2001_2003,s2_760_2075,s4_37_47,Passenger Car,s3_28_48,Not Deployed,s2_97_208,s1_below_1,Male,s4_96_114,s3_141_159,s2_164_318,s6_260_up,s2_2_4
8023,s2_885_1695,s2_n103_99,s4_n40_7,s1_below_4282,s3_3_4,s1_below_2001,s2_760_2075,s4_37_47,Passenger Car,s2_11_28,Not Deployed,s2_97_208,s1_below_1,Female,s2_37_80,s3_141_159,s2_164_318,s3_80_160,s2_2_4
8024,s3_1695_2555,s2_n103_99,s5_7_up,s1_below_4282,s3_3_4,s4_2005_2007,s2_760_2075,s4_37_47,Truck (<=10000 lbs.),s3_28_48,Not Deployed,s2_97_208,s1_below_1,Male,s5_114_130,s5_169_179,s3_318_464,s6_260_up,s4_5_6
8025,s2_885_1695,s2_n103_99,s4_n40_7,s1_below_4282,s1_below_2,s1_below_2001,s2_760_2075,s4_37_47,Passenger Car,s5_64_76,Deployed,s2_97_208,s1_below_1,Female,s2_37_80,s3_141_159,s2_164_318,s3_80_160,s2_2_4
8026,s3_1695_2555,s2_n103_99,s4_n40_7,s1_below_4282,s1_below_2,s1_below_2001,s2_760_2075,s4_37_47,Truck (<=6000 lbs.),s2_11_28,Deployed,s2_97_208,s1_below_1,Male,s3_80_96,s4_159_169,s2_164_318,s3_80_160,s3_4_5
8027,s2_885_1695,s2_n103_99,s4_n40_7,s1_below_4282,s1_below_2,s4_2005_2007,s2_760_2075,s4_37_47,Passenger Car,s2_11_28,Deployed,s2_97_208,s1_below_1,Female,s2_37_80,s3_141_159,s2_164_318,s3_80_160,s2_2_4
8028,s2_885_1695,s2_n103_99,s5_7_up,s1_below_4282,s1_below_2,s4_2005_2007,s2_760_2075,s4_37_47,Passenger Car,s3_28_48,Not Deployed,s2_97_208,s1_below_1,Male,s4_96_114,s3_141_159,s2_164_318,s6_260_up,s2_2_4
8029,s2_885_1695,s2_n103_99,s4_n40_7,s1_below_4282,s1_below_2,s4_2005_2007,s2_760_2075,s3_17_37,Passenger Car,s3_28_48,Deployed,s2_97_208,s1_below_1,Male,s2_37_80,s3_141_159,s2_164_318,s3_80_160,s2_2_4
8030,s2_885_1695,s2_n103_99,s5_7_up,s1_below_4282,s1_below_2,s1_below_2001,s3_2075_3730,s4_37_47,Passenger Car,s4_48_64,Not Deployed,s2_97_208,s1_below_1,Female,s2_37_80,s3_141_159,s2_164_318,s3_80_160,s2_2_4
8031,s3_1695_2555,s2_n103_99,s4_n40_7,s1_below_4282,s3_3_4,s2_2001_2003,s3_2075_3730,s4_37_47,Truck (<=6000 lbs.),s4_48_64,Deployed,s2_97_208,s1_below_1,Male,s2_37_80,s3_141_159,s2_164_318,s3_80_160,s2_2_4
8032,s2_885_1695,s2_n103_99,s4_n40_7,s1_below_4282,s1_below_2,s4_2005_2007,s2_760_2075,s5_47_57,Passenger Car,s5_64_76,Deployed,s2_97_208,s1_below_1,Female,s2_37_80,s3_141_159,s2_164_318,s3_80_160,s2_2_4
8033,s2_885_1695,s2_n103_99,s4_n40_7,s1_below_4282,s2_2_3,s3_2003_2005,s2_760_2075,s5_47_57,Passenger Car,s4_48_64,Deployed,s2_97_208,s1_below_1,Male,s3_80_96,s3_141_159,s2_164_318,s4_160_220,s2_2_4
8034,s2_885_1695,s2_n103_99,s4_n40_7,s1_below_4282,s1_below_2,s4_2005_2007,s2_760_2075,s3_17_37,Passenger Car,s4_48_64,Deployed,s2_97_208,s1_below_1,Male,s2_37_80,s3_141_159,s2_164_318,s3_80_160,s2_2_4
8035,s3_1695_2555,s2_n103_99,s4_n40_7,s1_below_4282,s3_3_4,s2_2001_2003,s2_760_2075,s4_37_47,Truck (<=10000 lbs.),s3_28_48,Deployed,s2_97_208,s1_below_1,Female,s2_37_80,s4_159_169,s3_318_464,s3_80_160,s4_5_6
8036,s2_885_1695,s2_n103_99,s4_n40_7,s1_below_4282,s2_2_3,s2_2001_2003,s3_2075_3730,s3_17_37,Passenger Car,s3_28_48,Deployed,s2_97_208,s1_below_1,Female,s4_96_114,s3_141_159,s2_164_318,s3_80_160,s2_2_4
8037,s2_885_1695,s2_n103_99,s4_n40_7,s1_below_4282,s1_below_2,s3_2003_2005,s2_760_2075,s5_47_57,Passenger Car,s3_28_48,Deployed,s2_97_208,s1_below_1,Female,s2_37_80,s3_141_159,s2_164_318,s3_80_160,s2_2_4
8038,s2_885_1695,s2_n103_99,s5_7_up,s1_below_4282,s1_below_2,s2_2001_2003,s3_2075_3730,s3_17_37,Passenger Car,s2_11_28,Not Deployed,s2_97_208,s1_below_1,Female,s2_37_80,s3_141_159,s2_164_318,s6_260_up,s2_2_4
8039,s2_885_1695,s2_n103_99,s4_n40_7,s1_below_4282,s1_below_2,s1_below_2001,s2_760_2075,s3_17_37,Passenger Car,s3_28_48,Not Deployed,s2_97_208,s1_below_1,Female,s2_37_80,s3_141_159,s2_164_318,s2_40_80,s2_2_4
8040,s2_885_1695,s2_n103_99,s4_n40_7,s1_below_4282,s1_below_2,s3_2003_2005,s2_760_2075,s4_37_47,Passenger Car,s2_11_28,Not Deployed,s2_97_208,s1_below_1,Male,s3_80_96,s3_141_159,s2_164_318,s3_80_160,s2_2_4
8041,s2_885_1695,s2_n103_99,s4_n40_7,s1_below_4282,s3_3_4,s4_2005_2007,s2_760_2075,s4_37_47,Passenger Car,s5_64_76,Deployed,s2_97_208,s2_1_2,Male,s5_114_130,s3_141_159,s2_164_318,s3_80_160,s2_2_4
8042,s2_885_1695,s2_n103_99,s4_n40_7,s1_below_4282,s3_3_4,s2_2001_2003,s2_760_2075,s4_37_47,Passenger Car,s2_11_28,Deployed,s2_97_208,s1_below_1,Female,s2_37_80,s3_141_159,s2_164_318,s3_80_160,s2_2_4
8043,s2_885_1695,s2_n103_99,s4_n40_7,s1_below_4282,s2_2_3,s2_2001_2003,s2_760_2075,s3_17_37,Passenger Car,s2_11_28,Not Deployed,s2_97_208,s1_below_1,Female,s2_37_80,s3_141_159,s2_164_318,s2_40_80,s2_2_4
8044,s2_885_1695,s2_n103_99,s5_7_up,s1_below_4282,s2_2_3,s4_2005_2007,s2_760_2075,s5_47_57,Passenger Car,s3_28_48,Not Deployed,s2_97_208,s1_below_1,Female,s3_80_96,s3_141_159,s2_164_318,s6_260_up,s2_2_4
8045,s3_1695_2555,s2_n103_99,s4_n40_7,s1_below_4282,s2_2_3,s1_below_2001,s2_760_2075,s5_47_57,Passenger Car,s4_48_64,Deployed,s2_97_208,s1_below_1,Male,s4_96_114,s4_159_169,s2_164_318,s3_80_160,s2_2_4
8046,s2_885_1695,s2_n103_99,s4_n40_7,s1_below_4282,s1_below_2,s4_2005_2007,s2_760_2075,s4_37_47,Passenger Car,s2_11_28,Deployed,s2_97_208,s1_below_1,Female,s2_37_80,s3_141_159,s2_164_318,s3_80_160,s2_2_4
8047,s2_885_1695,s2_n103_99,s5_7_up,s1_below_4282,s2_2_3,s4_2005_2007,s2_760_2075,s3_17_37,Passenger Car,s5_64_76,Not Deployed,s2_97_208,s1_below_1,Male,s4_96_114,s3_141_159,s2_164_318,s4_160_220,s2_2_4
8048,s3_1695_2555,s2_n103_99,s4_n40_7,s1_below_4282,s1_below_2,s1_below_2001,s2_760_2075,s4_37_47,Truck (<=10000 lbs.),s3_28_48,Deployed,s2_97_208,s1_below_1,Female,s2_37_80,s3_141_159,s2_164_318,s3_80_160,s2_2_4
8049,s3_1695_2555,s2_n103_99,s4_n40_7,s1_below_4282,s1_below_2,s3_2003_2005,s2_760_2075,s3_17_37,Truck (<=6000 lbs.),s4_48_64,Deployed,s2_97_208,s1_below_1,Male,s2_37_80,s4_159_169,s2_164_318,s2_40_80,s3_4_5
8050,s3_1695_2555,s2_n103_99,s4_n40_7,s1_below_4282,s1_below_2,s2_2001_2003,s3_2075_3730,s5_47_57,Truck (<=6000 lbs.),s4_48_64,Not Deployed,s2_97_208,s1_below_1,Female,s3_80_96,s3_141_159,s2_164_318,s3_80_160,s2_2_4
8051,s2_885_1695,s2_n103_99,s5_7_up,s1_below_4282,s1_below_2,s4_2005_2007,s2_760_2075,s4_37_47,Passenger Car,s4_48_64,Not Deployed,s2_97_208,s1_below_1,Female,s2_37_80,s3_141_159,s2_164_318,s6_260_up,s2_2_4
8052,s2_885_1695,s2_n103_99,s4_n40_7,s1_below_4282,s1_below_2,s1_below_2001,s2_760_2075,s4_37_47,Truck (<=6000 lbs.),s2_11_28,Deployed,s2_97_208,s1_below_1,Male,s4_96_114,s3_141_159,s3_318_464,s3_80_160,s3_4_5
8053,s4_2555_3715,s2_n103_99,s4_n40_7,s1_below_4282,s2_2_3,s2_2001_2003,s2_760_2075,s5_47_57,Truck (<=10000 lbs.),s4_48_64,Not Deployed,s2_97_208,s1_below_1,Male,s3_80_96,s5_169_179,s3_318_464,s3_80_160,s5_6_7
8054,s4_2555_3715,s2_n103_99,s4_n40_7,s1_below_4282,s2_2_3,s1_below_2001,s3_2075_3730,s4_37_47,Truck (<=10000 lbs.),s2_11_28,Deployed,s2_97_208,s1_below_1,Male,s4_96_114,s5_169_179,s3_318_464,s3_80_160,s4_5_6
8055,s2_885_1695,s2_n103_99,s4_n40_7,s1_below_4282,s1_below_2,s3_2003_2005,s2_760_2075,s5_47_57,Truck (<=6000 lbs.),s5_64_76,Not Deployed,s2_97_208,s2_1_2,Female,s2_37_80,s3_141_159,s2_164_318,s2_40_80,s2_2_4
8056,s2_885_1695,s2_n103_99,s4_n40_7,s1_below_4282,s2_2_3,s2_2001_2003,s2_760_2075,s5_47_57,Truck (<=6000 lbs.),s2_11_28,Deployed,s2_97_208,s1_below_1,Male,s2_37_80,s3_141_159,s2_164_318,s3_80_160,s2_2_4
8057,s2_885_1695,s2_n103_99,s4_n40_7,s1_below_4282,s3_3_4,s2_2001_2003,s2_760_2075,s4_37_47,Passenger Car,s2_11_28,Not Deployed,s2_97_208,s1_below_1,Male,s2_37_80,s3_141_159,s2_164_318,s3_80_160,s2_2_4
8058,s3_1695_2555,s2_n103_99,s4_n40_7,s1_below_4282,s1_below_2,s3_2003_2005,s2_760_2075,s4_37_47,Truck (<=6000 lbs.),s2_11_28,Not Deployed,s2_97_208,s1_below_1,Female,s2_37_80,s3_141_159,s2_164_318,s3_80_160,s2_2_4
8059,s2_885_1695,s2_n103_99,s4_n40_7,s1_below_4282,s1_below_2,s3_2003_2005,s3_2075_3730,s4_37_47,Passenger Car,s2_11_28,Deployed,s2_97_208,s1_below_1,Male,s2_37_80,s3_141_159,s2_164_318,s3_80_160,s2_2_4
8060,s4_2555_3715,s2_n103_99,s4_n40_7,s1_below_4282,s1_below_2,s3_2003_2005,s2_760_2075,s5_47_57,Truck (<=10000 lbs.),s3_28_48,Not Deployed,s2_97_208,s1_below_1,Male,s2_37_80,s5_169_179,s3_318_464,s3_80_160,s4_5_6
8061,s3_1695_2555,s2_n103_99,s4_n40_7,s1_below_4282,s1_below_2,s3_2003_2005,s2_760_2075,s3_17_37,Truck (<=10000 lbs.),s3_28_48,Not Deployed,s2_97_208,s2_1_2,Female,s2_37_80,s4_159_169,s3_318_464,s3_80_160,s4_5_6
8062,s2_885_1695,s2_n103_99,s4_n40_7,s1_below_4282,s2_2_3,s3_2003_2005,s2_760_2075,s4_37_47,Passenger Car,s2_11_28,Deployed,s2_97_208,s1_below_1,Female,s2_37_80,s3_141_159,s2_164_318,s4_160_220,s2_2_4
8063,s2_885_1695,s2_n103_99,s5_7_up,s1_below_4282,s2_2_3,s2_2001_2003,s2_760_2075,s4_37_47,Passenger Car,s2_11_28,Not Deployed,s2_97_208,s1_below_1,Female,s2_37_80,s3_141_159,s2_164_318,s6_260_up,s2_2_4
8064,s2_885_1695,s2_n103_99,s4_n40_7,s1_below_4282,s2_2_3,s4_2005_2007,s2_760_2075,s4_37_47,Passenger Car,s6_76_up,Not Deployed,s2_97_208,s1_below_1,Female,s2_37_80,s3_141_159,s2_164_318,s3_80_160,s2_2_4
8065,s3_1695_2555,s2_n103_99,s5_7_up,s1_below_4282,s2_2_3,s2_2001_2003,s2_760_2075,s3_17_37,Truck (<=6000 lbs.),s3_28_48,Not Deployed,s2_97_208,s1_below_1,Female,s2_37_80,s4_159_169,s2_164_318,s6_260_up,s3_4_5
8066,s3_1695_2555,s2_n103_99,s4_n40_7,s1_below_4282,s1_below_2,s1_below_2001,s2_760_2075,s3_17_37,Truck (<=6000 lbs.),s2_11_28,Not Deployed,s2_97_208,s1_below_1,Female,s4_96_114,s3_141_159,s2_164_318,s3_80_160,s2_2_4
8067,s3_1695_2555,s2_n103_99,s4_n40_7,s1_below_4282,s1_below_2,s3_2003_2005,s2_760_2075,s3_17_37,Truck (<=6000 lbs.),s3_28_48,Not Deployed,s2_97_208,s1_below_1,Male,s4_96_114,s3_141_159,s2_164_318,s2_40_80,s2_2_4
8068,s2_885_1695,s2_n103_99,s4_n40_7,s1_below_4282,s1_below_2,s4_2005_2007,s2_760_2075,s3_17_37,Passenger Car,s3_28_48,Deployed,s2_97_208,s1_below_1,Female,s2_37_80,s3_141_159,s2_164_318,s3_80_160,s2_2_4
8069,s3_1695_2555,s2_n103_99,s4_n40_7,s1_below_4282,s1_below_2,s3_2003_2005,s3_2075_3730,s5_47_57,Truck (<=10000 lbs.),s4_48_64,Not Deployed,s2_97_208,s1_below_1,Male,s2_37_80,s5_169_179,s3_318_464,s4_160_220,s5_6_7
8070,s4_2555_3715,s2_n103_99,s4_n40_7,s1_below_4282,s1_below_2,s3_2003_2005,s3_2075_3730,s5_47_57,Truck (<=10000 lbs.),s3_28_48,Not Deployed,s2_97_208,s1_below_1,Female,s2_37_80,s5_169_179,s3_318_464,s2_40_80,s5_6_7
8071,s2_885_1695,s2_n103_99,s4_n40_7,s1_below_4282,s1_below_2,s3_2003_2005,s2_760_2075,s4_37_47,Passenger Car,s6_76_up,Deployed,s2_97_208,s3_2_3,Male,s3_80_96,s3_141_159,s2_164_318,s3_80_160,s2_2_4
8072,s2_885_1695,s2_n103_99,s4_n40_7,s1_below_4282,s1_below_2,s1_below_2001,s2_760_2075,s3_17_37,Truck (<=6000 lbs.),s6_76_up,Not Deployed,s2_97_208,s2_1_2,Male,s2_37_80,s3_141_159,s2_164_318,s2_40_80,s2_2_4
8073,s2_885_1695,s2_n103_99,s4_n40_7,s1_below_4282,s1_below_2,s4_2005_2007,s3_2075_3730,s5_47_57,Passenger Car,s2_11_28,Deployed,s2_97_208,s1_below_1,Female,s2_37_80,s3_141_159,s2_164_318,s3_80_160,s2_2_4
8074,s3_1695_2555,s2_n103_99,s4_n40_7,s1_below_4282,s1_below_2,s1_below_2001,s2_760_2075,s5_47_57,Truck (<=10000 lbs.),s3_28_48,Deployed,s2_97_208,s1_below_1,Female,s2_37_80,s4_159_169,s2_164_318,s4_160_220,s3_4_5
8075,s2_885_1695,s2_n103_99,s4_n40_7,s1_below_4282,s2_2_3,s2_2001_2003,s2_760_2075,s4_37_47,Truck (<=6000 lbs.),s2_11_28,Not Deployed,s2_97_208,s1_below_1,Male,s5_114_130,s2_116_141,s2_164_318,s4_160_220,s2_2_4
8076,s2_885_1695,s2_n103_99,s4_n40_7,s1_below_4282,s1_below_2,s3_2003_2005,s2_760_2075,s3_17_37,Passenger Car,s2_11_28,Deployed,s2_97_208,s1_below_1,Female,s2_37_80,s3_141_159,s2_164_318,s3_80_160,s2_2_4
8077,s3_1695_2555,s2_n103_99,s4_n40_7,s1_below_4282,s1_below_2,s1_below_2001,s2_760_2075,s3_17_37,Truck (<=6000 lbs.),s4_48_64,Not Deployed,s2_97_208,s1_below_1,Male,s3_80_96,s4_159_169,s2_164_318,s3_80_160,s2_2_4
8078,s3_1695_2555,s2_n103_99,s4_n40_7,s1_below_4282,s3_3_4,s3_2003_2005,s2_760_2075,s3_17_37,Truck (<=6000 lbs.),s2_11_28,Not Deployed,s2_97_208,s1_below_1,Male,s2_37_80,s3_141_159,s2_164_318,s3_80_160,s2_2_4
8079,s2_885_1695,s2_n103_99,s4_n40_7,s1_below_4282,s1_below_2,s3_2003_2005,s2_760_2075,s4_37_47,Passenger Car,s2_11_28,Not Deployed,s2_97_208,s1_below_1,Male,s2_37_80,s3_141_159,s2_164_318,s3_80_160,s2_2_4
8080,s3_1695_2555,s2_n103_99,s4_n40_7,s1_below_4282,s1_below_2,s3_2003_2005,s2_760_2075,s3_17_37,Truck (<=6000 lbs.),s5_64_76,Not Deployed,s2_97_208,s1_below_1,Male,s3_80_96,s3_141_159,s2_164_318,s2_40_80,s2_2_4
8081,s2_885_1695,s2_n103_99,s4_n40_7,s1_below_4282,s1_below_2,s4_2005_2007,s3_2075_3730,s4_37_47,Passenger Car,s2_11_28,Not Deployed,s2_97_208,s1_below_1,Female,s6_130_up,s3_141_159,s2_164_318,s3_80_160,s2_2_4
8082,s2_885_1695,s2_n103_99,s4_n40_7,s1_below_4282,s1_below_2,s3_2003_2005,s2_760_2075,s4_37_47,Passenger Car,s5_64_76,Not Deployed,s2_97_208,s1_below_1,Male,s3_80_96,s3_141_159,s2_164_318,s3_80_160,s2_2_4
8083,s2_885_1695,s2_n103_99,s4_n40_7,s1_below_4282,s1_below_2,s3_2003_2005,s2_760_2075,s3_17_37,Passenger Car,s2_11_28,Deployed,s2_97_208,s1_below_1,Male,s4_96_114,s3_141_159,s2_164_318,s4_160_220,s2_2_4
8084,s2_885_1695,s2_n103_99,s4_n40_7,s1_below_4282,s1_below_2,s4_2005_2007,s2_760_2075,s3_17_37,Passenger Car,s2_11_28,Not Deployed,s2_97_208,s1_below_1,Female,s2_37_80,s3_141_159,s2_164_318,s3_80_160,s2_2_4
8085,s3_1695_2555,s2_n103_99,s4_n40_7,s1_below_4282,s3_3_4,s4_2005_2007,s2_760_2075,s4_37_47,Truck (<=10000 lbs.),s2_11_28,Not Deployed,s2_97_208,s1_below_1,Male,s4_96_114,s5_169_179,s3_318_464,s3_80_160,s5_6_7
8086,s2_885_1695,s2_n103_99,s4_n40_7,s1_below_4282,s1_below_2,s2_2001_2003,s3_2075_3730,s3_17_37,Passenger Car,s2_11_28,Not Deployed,s2_97_208,s1_below_1,Male,s3_80_96,s3_141_159,s2_164_318,s1_below_40,s2_2_4
8087,s3_1695_2555,s2_n103_99,s4_n40_7,s1_below_4282,s4_4_5,s2_2001_2003,s3_2075_3730,s4_37_47,Truck (<=10000 lbs.),s4_48_64,Deployed,s2_97_208,s1_below_1,Male,s3_80_96,s5_169_179,s3_318_464,s3_80_160,s4_5_6
8088,s2_885_1695,s2_n103_99,s4_n40_7,s1_below_4282,s4_4_5,s5_2007_2009,s2_760_2075,s5_47_57,Passenger Car,s4_48_64,Deployed,s2_97_208,s1_below_1,Female,s2_37_80,s3_141_159,s2_164_318,s3_80_160,s2_2_4
8089,s2_885_1695,s2_n103_99,s4_n40_7,s1_below_4282,s4_4_5,s3_2003_2005,s2_760_2075,s5_47_57,Passenger Car,s4_48_64,Not Deployed,s2_97_208,s1_below_1,Female,s4_96_114,s3_141_159,s2_164_318,s4_160_220,s2_2_4
8090,s3_1695_2555,s2_n103_99,s4_n40_7,s1_below_4282,s2_2_3,s4_2005_2007,s2_760_2075,s4_37_47,Truck (<=6000 lbs.),s5_64_76,Not Deployed,s2_97_208,s1_below_1,Male,s3_80_96,s4_159_169,s2_164_318,s4_160_220,s2_2_4
8091,s2_885_1695,s2_n103_99,s5_7_up,s1_below_4282,s1_below_2,s1_below_2001,s3_2075_3730,s4_37_47,Truck (<=6000 lbs.),s3_28_48,Not Deployed,s2_97_208,s1_below_1,Female,s2_37_80,s3_141_159,s2_164_318,s6_260_up,s2_2_4
8092,s3_1695_2555,s2_n103_99,s4_n40_7,s1_below_4282,s1_below_2,s3_2003_2005,s2_760_2075,s4_37_47,Truck (<=10000 lbs.),s2_11_28,Not Deployed,s2_97_208,s1_below_1,Female,s2_37_80,s3_141_159,s3_318_464,s3_80_160,s3_4_5
8093,s2_885_1695,s2_n103_99,s4_n40_7,s1_below_4282,s1_below_2,s1_below_2001,s2_760_2075,s3_17_37,Passenger Car,s2_11_28,Deployed,s2_97_208,s1_below_1,Female,s3_80_96,s3_141_159,s2_164_318,s4_160_220,s2_2_4
8094,s3_1695_2555,s2_n103_99,s4_n40_7,s1_below_4282,s1_below_2,s4_2005_2007,s2_760_2075,s3_17_37,Truck (<=6000 lbs.),s2_11_28,Not Deployed,s2_97_208,s1_below_1,Male,s4_96_114,s4_159_169,s2_164_318,s3_80_160,s3_4_5
8095,s3_1695_2555,s2_n103_99,s4_n40_7,s1_below_4282,s1_below_2,s4_2005_2007,s2_760_2075,s4_37_47,Truck (<=10000 lbs.),s3_28_48,Not Deployed,s2_97_208,s1_below_1,Female,s3_80_96,s4_159_169,s3_318_464,s4_160_220,s3_4_5
8096,s2_885_1695,s2_n103_99,s4_n40_7,s1_below_4282,s1_below_2,s3_2003_2005,s2_760_2075,s4_37_47,Truck (<=6000 lbs.),s4_48_64,Deployed,s2_97_208,s1_below_1,Female,s6_130_up,s3_141_159,s2_164_318,s3_80_160,s2_2_4
8097,s2_885_1695,s2_n103_99,s4_n40_7,s1_below_4282,s1_below_2,s3_2003_2005,s2_760_2075,s1_below_7,Passenger Car,s5_64_76,Deployed,s2_97_208,s1_below_1,Female,s2_37_80,s3_141_159,s2_164_318,s2_40_80,s2_2_4
8098,s3_1695_2555,s2_n103_99,s4_n40_7,s1_below_4282,s4_4_5,s3_2003_2005,s2_760_2075,s4_37_47,Truck (<=6000 lbs.),s5_64_76,Not Deployed,s2_97_208,s1_below_1,Male,s4_96_114,s3_141_159,s2_164_318,s4_160_220,s2_2_4
8099,s2_885_1695,s2_n103_99,s4_n40_7,s1_below_4282,s1_below_2,s4_2005_2007,s2_760_2075,s4_37_47,Passenger Car,s4_48_64,Deployed,s2_97_208,s1_below_1,Female,s2_37_80,s3_141_159,s2_164_318,s3_80_160,s2_2_4
8100,s2_885_1695,s2_n103_99,s4_n40_7,s1_below_4282,s1_below_2,s4_2005_2007,s2_760_2075,s3_17_37,Passenger Car,s2_11_28,Not Deployed,s2_97_208,s1_below_1,Male,s2_37_80,s3_141_159,s2_164_318,s2_40_80,s2_2_4
8101,s3_1695_2555,s2_n103_99,s4_n40_7,s1_below_4282,s1_below_2,s3_2003_2005,s2_760_2075,s4_37_47,Truck (<=6000 lbs.),s3_28_48,Not Deployed,s2_97_208,s1_below_1,Female,s2_37_80,s3_141_159,s2_164_318,s3_80_160,s2_2_4
8102,s2_885_1695,s2_n103_99,s4_n40_7,s1_below_4282,s3_3_4,s4_2005_2007,s2_760_2075,s4_37_47,Truck (<=6000 lbs.),s5_64_76,Deployed,s2_97_208,s1_below_1,Male,s4_96_114,s3_141_159,s2_164_318,s3_80_160,s2_2_4
8103,s2_885_1695,s2_n103_99,s4_n40_7,s1_below_4282,s1_below_2,s3_2003_2005,s2_760_2075,s3_17_37,Truck (<=6000 lbs.),s3_28_48,Not Deployed,s2_97_208,s1_below_1,Male,s3_80_96,s3_141_159,s2_164_318,s2_40_80,s2_2_4
8104,s2_885_1695,s2_n103_99,s3_n81_n40,s1_below_4282,s1_below_2,s4_2005_2007,s2_760_2075,s3_17_37,Truck (<=6000 lbs.),s4_48_64,Deployed,s2_97_208,s1_below_1,Female,s2_37_80,s3_141_159,s2_164_318,s3_80_160,s2_2_4
8105,s2_885_1695,s2_n103_99,s4_n40_7,s1_below_4282,s1_below_2,s1_below_2001,s2_760_2075,s4_37_47,Passenger Car,s5_64_76,Not Deployed,s2_97_208,s1_below_1,Female,s2_37_80,s3_141_159,s2_164_318,s5_220_260,s2_2_4
8106,s2_885_1695,s2_n103_99,s4_n40_7,s1_below_4282,s3_3_4,s4_2005_2007,s3_2075_3730,s4_37_47,Truck (<=6000 lbs.),s3_28_48,Not Deployed,s2_97_208,s1_below_1,Female,s2_37_80,s3_141_159,s2_164_318,s3_80_160,s2_2_4
8107,s3_1695_2555,s2_n103_99,s4_n40_7,s1_below_4282,s3_3_4,s3_2003_2005,s2_760_2075,s4_37_47,Truck (<=6000 lbs.),s5_64_76,Deployed,s2_97_208,s1_below_1,Male,s3_80_96,s4_159_169,s2_164_318,s3_80_160,s3_4_5
8108,s2_885_1695,s2_n103_99,s4_n40_7,s1_below_4282,s1_below_2,s4_2005_2007,s2_760_2075,s4_37_47,Truck (<=6000 lbs.),s4_48_64,Deployed,s2_97_208,s1_below_1,Male,s4_96_114,s3_141_159,s2_164_318,s3_80_160,s2_2_4
8109,s3_1695_2555,s2_n103_99,s4_n40_7,s1_below_4282,s1_below_2,s4_2005_2007,s2_760_2075,s1_below_7,Passenger Car,s5_64_76,Not Deployed,s2_97_208,s2_1_2,Female,s2_37_80,s3_141_159,s2_164_318,s3_80_160,s2_2_4
8110,s2_885_1695,s2_n103_99,s4_n40_7,s1_below_4282,s3_3_4,s4_2005_2007,s2_760_2075,s4_37_47,Passenger Car,s4_48_64,Deployed,s2_97_208,s1_below_1,Male,s2_37_80,s3_141_159,s2_164_318,s4_160_220,s2_2_4
8111,s2_885_1695,s2_n103_99,s4_n40_7,s1_below_4282,s3_3_4,s1_below_2001,s2_760_2075,s4_37_47,Passenger Car,s3_28_48,Not Deployed,s2_97_208,s1_below_1,Male,s4_96_114,s3_141_159,s2_164_318,s3_80_160,s2_2_4
8112,s3_1695_2555,s2_n103_99,s4_n40_7,s1_below_4282,s3_3_4,s3_2003_2005,s2_760_2075,s5_47_57,Truck (<=10000 lbs.),s3_28_48,Deployed,s2_97_208,s1_below_1,Male,s3_80_96,s4_159_169,s3_318_464,s3_80_160,s4_5_6
8113,s2_885_1695,s2_n103_99,s4_n40_7,s1_below_4282,s3_3_4,s3_2003_2005,s3_2075_3730,s5_47_57,Truck (<=6000 lbs.),s3_28_48,Deployed,s2_97_208,s1_below_1,Female,s4_96_114,s3_141_159,s2_164_318,s3_80_160,s2_2_4
8114,s2_885_1695,s2_n103_99,s4_n40_7,s1_below_4282,s4_4_5,s4_2005_2007,s2_760_2075,s4_37_47,Passenger Car,s3_28_48,Deployed,s1_below_97,s1_below_1,Male,s2_37_80,s3_141_159,s2_164_318,s3_80_160,s2_2_4
8115,s2_885_1695,s2_n103_99,s4_n40_7,s1_below_4282,s2_2_3,s4_2005_2007,s2_760_2075,s3_17_37,Passenger Car,s4_48_64,Deployed,s2_97_208,s1_below_1,Male,s3_80_96,s3_141_159,s2_164_318,s3_80_160,s2_2_4
8116,s2_885_1695,s2_n103_99,s4_n40_7,s1_below_4282,s1_below_2,s4_2005_2007,s2_760_2075,s4_37_47,Passenger Car,s2_11_28,Not Deployed,s2_97_208,s1_below_1,Male,s3_80_96,s3_141_159,s2_164_318,s3_80_160,s2_2_4
8117,s2_885_1695,s2_n103_99,s4_n40_7,s1_below_4282,s4_4_5,s4_2005_2007,s2_760_2075,s3_17_37,Truck (<=6000 lbs.),s4_48_64,Not Deployed,s2_97_208,s1_below_1,Female,s3_80_96,s3_141_159,s3_318_464,s4_160_220,s2_2_4
8118,s2_885_1695,s2_n103_99,s4_n40_7,s1_below_4282,s2_2_3,s2_2001_2003,s2_760_2075,s4_37_47,Passenger Car,s3_28_48,Not Deployed,s2_97_208,s1_below_1,Male,s2_37_80,s3_141_159,s2_164_318,s3_80_160,s2_2_4
8119,s2_885_1695,s2_n103_99,s4_n40_7,s1_below_4282,s4_4_5,s2_2001_2003,s2_760_2075,s3_17_37,Passenger Car,s5_64_76,Not Deployed,s2_97_208,s1_below_1,Male,s4_96_114,s3_141_159,s2_164_318,s3_80_160,s2_2_4
8120,s3_1695_2555,s2_n103_99,s4_n40_7,s1_below_4282,s1_below_2,s3_2003_2005,s3_2075_3730,s2_7_17,Truck (<=6000 lbs.),s5_64_76,Not Deployed,s2_97_208,s1_below_1,Female,s2_37_80,s4_159_169,s2_164_318,s4_160_220,s3_4_5
8121,s2_885_1695,s2_n103_99,s4_n40_7,s1_below_4282,s4_4_5,s4_2005_2007,s3_2075_3730,s4_37_47,Passenger Car,s3_28_48,Not Deployed,s2_97_208,s1_below_1,Male,s2_37_80,s4_159_169,s2_164_318,s3_80_160,s3_4_5
8122,s3_1695_2555,s2_n103_99,s5_7_up,s1_below_4282,s4_4_5,s3_2003_2005,s2_760_2075,s4_37_47,Truck (<=10000 lbs.),s3_28_48,Not Deployed,s2_97_208,s2_1_2,Female,s2_37_80,s3_141_159,s2_164_318,s6_260_up,s2_2_4
8123,s2_885_1695,s2_n103_99,s4_n40_7,s1_below_4282,s1_below_2,s3_2003_2005,s3_2075_3730,s4_37_47,Truck (<=6000 lbs.),s3_28_48,Deployed,s2_97_208,s1_below_1,Female,s2_37_80,s3_141_159,s2_164_318,s3_80_160,s2_2_4
8124,s3_1695_2555,s2_n103_99,s3_n81_n40,s1_below_4282,s3_3_4,s4_2005_2007,s2_760_2075,s4_37_47,Truck (<=6000 lbs.),s3_28_48,Deployed,s2_97_208,s6_5_up,Female,s3_80_96,s5_169_179,s2_164_318,s3_80_160,s2_2_4
8125,s2_885_1695,s2_n103_99,s4_n40_7,s1_below_4282,s3_3_4,s3_2003_2005,s2_760_2075,s3_17_37,Passenger Car,s3_28_48,Not Deployed,s2_97_208,s1_below_1,Female,s2_37_80,s3_141_159,s2_164_318,s3_80_160,s2_2_4
8126,s3_1695_2555,s2_n103_99,s5_7_up,s1_below_4282,s2_2_3,s3_2003_2005,s2_760_2075,s4_37_47,Truck (<=6000 lbs.),s4_48_64,Not Deployed,s2_97_208,s1_below_1,Male,s2_37_80,s4_159_169,s2_164_318,s4_160_220,s3_4_5
8127,s2_885_1695,s2_n103_99,s4_n40_7,s1_below_4282,s1_below_2,s3_2003_2005,s2_760_2075,s4_37_47,Passenger Car,s2_11_28,Deployed,s2_97_208,s1_below_1,Female,s2_37_80,s3_141_159,s2_164_318,s3_80_160,s2_2_4
8128,s2_885_1695,s2_n103_99,s5_7_up,s1_below_4282,s2_2_3,s2_2001_2003,s3_2075_3730,s4_37_47,Passenger Car,s3_28_48,Not Deployed,s2_97_208,s1_below_1,Female,s3_80_96,s3_141_159,s2_164_318,s6_260_up,s2_2_4
8129,s2_885_1695,s2_n103_99,s4_n40_7,s1_below_4282,s2_2_3,s1_below_2001,s2_760_2075,s5_47_57,Passenger Car,s4_48_64,Not Deployed,s2_97_208,s3_2_3,Female,s2_37_80,s3_141_159,s2_164_318,s3_80_160,s2_2_4
8130,s2_885_1695,s2_n103_99,s4_n40_7,s1_below_4282,s3_3_4,s4_2005_2007,s2_760_2075,s3_17_37,Passenger Car,s3_28_48,Deployed,s2_97_208,s1_below_1,Male,s4_96_114,s3_141_159,s2_164_318,s3_80_160,s2_2_4
8131,s2_885_1695,s2_n103_99,s4_n40_7,s1_below_4282,s2_2_3,s4_2005_2007,s2_760_2075,s5_47_57,Passenger Car,s4_48_64,Deployed,s2_97_208,s1_below_1,Female,s3_80_96,s3_141_159,s2_164_318,s3_80_160,s2_2_4
8132,s2_885_1695,s2_n103_99,s4_n40_7,s1_below_4282,s1_below_2,s2_2001_2003,s2_760_2075,s3_17_37,Passenger Car,s4_48_64,Not Deployed,s2_97_208,s3_2_3,Male,s2_37_80,s3_141_159,s2_164_318,s3_80_160,s2_2_4
8133,s2_885_1695,s2_n103_99,s4_n40_7,s1_below_4282,s2_2_3,s1_below_2001,s2_760_2075,s3_17_37,Passenger Car,s6_76_up,Not Deployed,s2_97_208,s2_1_2,Female,s3_80_96,s3_141_159,s2_164_318,s1_below_40,s2_2_4
8134,s3_1695_2555,s2_n103_99,s4_n40_7,s1_below_4282,s3_3_4,s4_2005_2007,s2_760_2075,s3_17_37,Truck (<=6000 lbs.),s4_48_64,Not Deployed,s2_97_208,s1_below_1,Female,s2_37_80,s3_141_159,s2_164_318,s4_160_220,s2_2_4
8135,s3_1695_2555,s2_n103_99,s4_n40_7,s1_below_4282,s1_below_2,s1_below_2001,s2_760_2075,s4_37_47,Truck (<=10000 lbs.),s3_28_48,Not Deployed,s2_97_208,s1_below_1,Female,s2_37_80,s4_159_169,s2_164_318,s3_80_160,s3_4_5
8136,s3_1695_2555,s2_n103_99,s4_n40_7,s1_below_4282,s2_2_3,s2_2001_2003,s2_760_2075,s4_37_47,Truck (<=6000 lbs.),s3_28_48,Deployed,s2_97_208,s1_below_1,Male,s5_114_130,s4_159_169,s2_164_318,s3_80_160,s2_2_4
8137,s2_885_1695,s2_n103_99,s4_n40_7,s1_below_4282,s1_below_2,s4_2005_2007,s2_760_2075,s3_17_37,Passenger Car,s3_28_48,Deployed,s2_97_208,s2_1_2,Female,s4_96_114,s3_141_159,s2_164_318,s3_80_160,s2_2_4
8138,s2_885_1695,s2_n103_99,s5_7_up,s1_below_4282,s1_below_2,s4_2005_2007,s2_760_2075,s3_17_37,Passenger Car,s3_28_48,Not Deployed,s2_97_208,s1_below_1,Female,s2_37_80,s3_141_159,s2_164_318,s6_260_up,s2_2_4
8139,s3_1695_2555,s2_n103_99,s5_7_up,s1_below_4282,s2_2_3,s4_2005_2007,s2_760_2075,s4_37_47,Truck (<=6000 lbs.),s2_11_28,Deployed,s2_97_208,s1_below_1,Female,s2_37_80,s3_141_159,s2_164_318,s3_80_160,s2_2_4
8140,s3_1695_2555,s2_n103_99,s4_n40_7,s1_below_4282,s2_2_3,s1_below_2001,s2_760_2075,s4_37_47,Truck (<=10000 lbs.),s6_76_up,Not Deployed,s2_97_208,s1_below_1,Male,s4_96_114,s4_159_169,s2_164_318,s4_160_220,s2_2_4
8141,s2_885_1695,s2_n103_99,s4_n40_7,s1_below_4282,s1_below_2,s2_2001_2003,s2_760_2075,s5_47_57,Passenger Car,s3_28_48,Not Deployed,s2_97_208,s1_below_1,Male,s3_80_96,s3_141_159,s2_164_318,s2_40_80,s2_2_4
8142,s2_885_1695,s2_n103_99,s4_n40_7,s1_below_4282,s1_below_2,s2_2001_2003,s2_760_2075,s3_17_37,Passenger Car,s6_76_up,Not Deployed,s2_97_208,s1_below_1,Female,s2_37_80,s3_141_159,s2_164_318,s4_160_220,s2_2_4
8143,s2_885_1695,s2_n103_99,s4_n40_7,s1_below_4282,s1_below_2,s3_2003_2005,s2_760_2075,s4_37_47,Passenger Car,s3_28_48,Deployed,s2_97_208,s1_below_1,Male,s4_96_114,s3_141_159,s2_164_318,s3_80_160,s2_2_4
8144,s2_885_1695,s2_n103_99,s4_n40_7,s1_below_4282,s3_3_4,s4_2005_2007,s2_760_2075,s4_37_47,Passenger Car,s3_28_48,Not Deployed,s2_97_208,s1_below_1,Female,s2_37_80,s3_141_159,s2_164_318,s4_160_220,s2_2_4
8145,s3_1695_2555,s2_n103_99,s4_n40_7,s1_below_4282,s1_below_2,s4_2005_2007,s3_2075_3730,s4_37_47,Passenger Car,s5_64_76,Deployed,s2_97_208,s5_4_5,Male,s3_80_96,s4_159_169,s2_164_318,s3_80_160,s2_2_4
8146,s4_2555_3715,s2_n103_99,s4_n40_7,s1_below_4282,s1_below_2,s3_2003_2005,s2_760_2075,s4_37_47,Truck (<=10000 lbs.),s3_28_48,Deployed,s2_97_208,s1_below_1,Female,s2_37_80,s5_169_179,s3_318_464,s3_80_160,s4_5_6
8147,s3_1695_2555,s2_n103_99,s4_n40_7,s1_below_4282,s1_below_2,s3_2003_2005,s2_760_2075,s3_17_37,Truck (<=10000 lbs.),s3_28_48,Deployed,s2_97_208,s1_below_1,Female,s2_37_80,s4_159_169,s2_164_318,s3_80_160,s3_4_5
8148,s3_1695_2555,s2_n103_99,s4_n40_7,s1_below_4282,s1_below_2,s3_2003_2005,s3_2075_3730,s3_17_37,Truck (<=6000 lbs.),s3_28_48,Deployed,s2_97_208,s3_2_3,Female,s2_37_80,s4_159_169,s2_164_318,s3_80_160,s3_4_5
8149,s2_885_1695,s2_n103_99,s4_n40_7,s1_below_4282,s1_below_2,s4_2005_2007,s2_760_2075,s3_17_37,Passenger Car,s3_28_48,Not Deployed,s2_97_208,s1_below_1,Female,s4_96_114,s3_141_159,s2_164_318,s2_40_80,s2_2_4
8150,s3_1695_2555,s2_n103_99,s4_n40_7,s1_below_4282,s4_4_5,s4_2005_2007,s2_760_2075,s4_37_47,Truck (<=10000 lbs.),s3_28_48,Not Deployed,s2_97_208,s1_below_1,Male,s4_96_114,s5_169_179,s3_318_464,s3_80_160,s4_5_6
8151,s2_885_1695,s2_n103_99,s4_n40_7,s1_below_4282,s1_below_2,s3_2003_2005,s2_760_2075,s3_17_37,Truck (<=6000 lbs.),s2_11_28,Not Deployed,s2_97_208,s1_below_1,Female,s2_37_80,s3_141_159,s2_164_318,s3_80_160,s2_2_4
8152,s2_885_1695,s2_n103_99,s4_n40_7,s1_below_4282,s1_below_2,s1_below_2001,s2_760_2075,s4_37_47,Passenger Car,s3_28_48,Not Deployed,s2_97_208,s1_below_1,Female,s3_80_96,s3_141_159,s2_164_318,s3_80_160,s2_2_4
8153,s2_885_1695,s2_n103_99,s4_n40_7,s1_below_4282,s2_2_3,s2_2001_2003,s2_760_2075,s3_17_37,Passenger Car,s3_28_48,Not Deployed,s2_97_208,s1_below_1,Male,s4_96_114,s3_141_159,s2_164_318,s4_160_220,s2_2_4
8154,s3_1695_2555,s2_n103_99,s4_n40_7,s1_below_4282,s2_2_3,s3_2003_2005,s2_760_2075,s5_47_57,Truck (<=10000 lbs.),s3_28_48,Not Deployed,s2_97_208,s1_below_1,Male,s4_96_114,s5_169_179,s3_318_464,s4_160_220,s4_5_6
8155,s3_1695_2555,s2_n103_99,s4_n40_7,s1_below_4282,s2_2_3,s4_2005_2007,s2_760_2075,s4_37_47,Truck (<=6000 lbs.),s3_28_48,Not Deployed,s2_97_208,s1_below_1,Female,s2_37_80,s4_159_169,s2_164_318,s3_80_160,s3_4_5
8156,s2_885_1695,s2_n103_99,s4_n40_7,s1_below_4282,s2_2_3,s2_2001_2003,s2_760_2075,s4_37_47,Passenger Car,s2_11_28,Deployed,s2_97_208,s1_below_1,Male,s3_80_96,s3_141_159,s2_164_318,s4_160_220,s2_2_4
8157,s2_885_1695,s2_n103_99,s4_n40_7,s1_below_4282,s1_below_2,s1_below_2001,s2_760_2075,s4_37_47,Passenger Car,s2_11_28,Deployed,s2_97_208,s1_below_1,Male,s2_37_80,s3_141_159,s2_164_318,s3_80_160,s2_2_4
8158,s2_885_1695,s2_n103_99,s5_7_up,s1_below_4282,s4_4_5,s3_2003_2005,s2_760_2075,s3_17_37,Passenger Car,s4_48_64,Not Deployed,s2_97_208,s1_below_1,Female,s2_37_80,s3_141_159,s2_164_318,s6_260_up,s2_2_4
8159,s2_885_1695,s2_n103_99,s4_n40_7,s1_below_4282,s1_below_2,s1_below_2001,s2_760_2075,s5_47_57,Passenger Car,s2_11_28,Deployed,s2_97_208,s2_1_2,Female,s2_37_80,s3_141_159,s2_164_318,s3_80_160,s2_2_4
8160,s3_1695_2555,s2_n103_99,s4_n40_7,s1_below_4282,s1_below_2,s4_2005_2007,s2_760_2075,s3_17_37,Passenger Car,s3_28_48,Deployed,s2_97_208,s1_below_1,Female,s2_37_80,s3_141_159,s2_164_318,s4_160_220,s2_2_4
8161,s3_1695_2555,s2_n103_99,s4_n40_7,s1_below_4282,s2_2_3,s4_2005_2007,s2_760_2075,s3_17_37,Truck (<=6000 lbs.),s3_28_48,Not Deployed,s2_97_208,s1_below_1,Male,s2_37_80,s3_141_159,s2_164_318,s3_80_160,s2_2_4
8162,s2_885_1695,s2_n103_99,s4_n40_7,s1_below_4282,s4_4_5,s4_2005_2007,s2_760_2075,s4_37_47,Passenger Car,s4_48_64,Not Deployed,s2_97_208,s1_below_1,Male,s3_80_96,s3_141_159,s2_164_318,s4_160_220,s2_2_4
8163,s2_885_1695,s2_n103_99,s4_n40_7,s1_below_4282,s1_below_2,s4_2005_2007,s2_760_2075,s5_47_57,Passenger Car,s3_28_48,Not Deployed,s2_97_208,s1_below_1,Female,s2_37_80,s3_141_159,s2_164_318,s3_80_160,s2_2_4
8164,s3_1695_2555,s2_n103_99,s4_n40_7,s1_below_4282,s1_below_2,s3_2003_2005,s2_760_2075,s5_47_57,Truck (<=6000 lbs.),s3_28_48,Not Deployed,s2_97_208,s1_below_1,Female,s3_80_96,s4_159_169,s2_164_318,s3_80_160,s2_2_4
8165,s3_1695_2555,s2_n103_99,s4_n40_7,s1_below_4282,s1_below_2,s2_2001_2003,s2_760_2075,s3_17_37,Truck (<=6000 lbs.),s3_28_48,Not Deployed,s2_97_208,s1_below_1,Male,s4_96_114,s3_141_159,s2_164_318,s2_40_80,s2_2_4
8166,s3_1695_2555,s2_n103_99,s4_n40_7,s1_below_4282,s2_2_3,s3_2003_2005,s2_760_2075,s1_below_7,Truck (<=6000 lbs.),s3_28_48,Not Deployed,s2_97_208,s1_below_1,Female,s2_37_80,s3_141_159,s2_164_318,s3_80_160,s2_2_4
8167,s2_885_1695,s2_n103_99,s4_n40_7,s1_below_4282,s1_below_2,s4_2005_2007,s2_760_2075,s3_17_37,Passenger Car,s2_11_28,Not Deployed,s2_97_208,s1_below_1,Female,s2_37_80,s3_141_159,s2_164_318,s3_80_160,s2_2_4
8168,s2_885_1695,s2_n103_99,s4_n40_7,s1_below_4282,s2_2_3,s3_2003_2005,s2_760_2075,s3_17_37,Truck (<=6000 lbs.),s3_28_48,Not Deployed,s2_97_208,s1_below_1,Female,s2_37_80,s3_141_159,s2_164_318,s4_160_220,s2_2_4
8169,s2_885_1695,s2_n103_99,s4_n40_7,s1_below_4282,s4_4_5,s1_below_2001,s2_760_2075,s3_17_37,Truck (<=6000 lbs.),s5_64_76,Deployed,s2_97_208,s1_below_1,Male,s3_80_96,s3_141_159,s3_318_464,s4_160_220,s2_2_4
8170,s2_885_1695,s2_n103_99,s4_n40_7,s1_below_4282,s5_5_6,s4_2005_2007,s3_2075_3730,s4_37_47,Passenger Car,s2_11_28,Deployed,s2_97_208,s1_below_1,Female,s2_37_80,s3_141_159,s2_164_318,s4_160_220,s2_2_4
8171,s2_885_1695,s2_n103_99,s4_n40_7,s1_below_4282,s1_below_2,s1_below_2001,s2_760_2075,s3_17_37,Passenger Car,s2_11_28,Deployed,s2_97_208,s1_below_1,Male,s2_37_80,s3_141_159,s2_164_318,s3_80_160,s2_2_4
8172,s2_885_1695,s2_n103_99,s4_n40_7,s1_below_4282,s2_2_3,s1_below_2001,s3_2075_3730,s4_37_47,Truck (<=6000 lbs.),s3_28_48,Not Deployed,s2_97_208,s1_below_1,Female,s2_37_80,s4_159_169,s2_164_318,s3_80_160,s2_2_4
8173,s3_1695_2555,s2_n103_99,s4_n40_7,s1_below_4282,s1_below_2,s1_below_2001,s2_760_2075,s3_17_37,Truck (<=10000 lbs.),s3_28_48,Not Deployed,s2_97_208,s1_below_1,Male,s6_130_up,s4_159_169,s3_318_464,s3_80_160,s5_6_7
8174,s3_1695_2555,s2_n103_99,s4_n40_7,s1_below_4282,s1_below_2,s4_2005_2007,s2_760_2075,s4_37_47,Passenger Car,s4_48_64,Not Deployed,s2_97_208,s1_below_1,Female,s2_37_80,s3_141_159,s2_164_318,s3_80_160,s2_2_4
8175,s2_885_1695,s2_n103_99,s4_n40_7,s1_below_4282,s3_3_4,s4_2005_2007,s2_760_2075,s4_37_47,Passenger Car,s5_64_76,Deployed,s2_97_208,s1_below_1,Female,s2_37_80,s3_141_159,s2_164_318,s3_80_160,s2_2_4
8176,s2_885_1695,s2_n103_99,s4_n40_7,s1_below_4282,s1_below_2,s2_2001_2003,s2_760_2075,s5_47_57,Passenger Car,s3_28_48,Deployed,s2_97_208,s1_below_1,Female,s2_37_80,s3_141_159,s2_164_318,s3_80_160,s2_2_4
8177,s2_885_1695,s2_n103_99,s4_n40_7,s1_below_4282,s1_below_2,s3_2003_2005,s2_760_2075,s4_37_47,Passenger Car,s4_48_64,Not Deployed,s2_97_208,s1_below_1,Female,s3_80_96,s3_141_159,s2_164_318,s3_80_160,s2_2_4
8178,s2_885_1695,s2_n103_99,s4_n40_7,s1_below_4282,s1_below_2,s4_2005_2007,s2_760_2075,s4_37_47,Passenger Car,s4_48_64,Deployed,s2_97_208,s1_below_1,Female,s2_37_80,s3_141_159,s2_164_318,s3_80_160,s2_2_4
8179,s2_885_1695,s2_n103_99,s4_n40_7,s1_below_4282,s5_5_6,s4_2005_2007,s4_3730_up,s3_17_37,Passenger Car,s2_11_28,Not Deployed,s2_97_208,s1_below_1,Female,s2_37_80,s3_141_159,s2_164_318,s5_220_260,s2_2_4
8180,s3_1695_2555,s2_n103_99,s4_n40_7,s1_below_4282,s2_2_3,s4_2005_2007,s2_760_2075,s4_37_47,Truck (<=10000 lbs.),s3_28_48,Deployed,s2_97_208,s1_below_1,Female,s2_37_80,s3_141_159,s3_318_464,s3_80_160,s3_4_5
8181,s3_1695_2555,s2_n103_99,s4_n40_7,s1_below_4282,s2_2_3,s3_2003_2005,s3_2075_3730,s4_37_47,Truck (<=6000 lbs.),s4_48_64,Deployed,s2_97_208,s1_below_1,Male,s5_114_130,s3_141_159,s2_164_318,s3_80_160,s2_2_4
8182,s2_885_1695,s2_n103_99,s4_n40_7,s1_below_4282,s1_below_2,s4_2005_2007,s2_760_2075,s3_17_37,Passenger Car,s5_64_76,Deployed,s2_97_208,s1_below_1,Female,s3_80_96,s3_141_159,s2_164_318,s3_80_160,s2_2_4
8183,s2_885_1695,s2_n103_99,s4_n40_7,s1_below_4282,s1_below_2,s1_below_2001,s2_760_2075,s3_17_37,Passenger Car,s3_28_48,Deployed,s2_97_208,s1_below_1,Male,s3_80_96,s3_141_159,s2_164_318,s3_80_160,s2_2_4
8184,s2_885_1695,s2_n103_99,s4_n40_7,s1_below_4282,s4_4_5,s1_below_2001,s2_760_2075,s3_17_37,Passenger Car,s4_48_64,Deployed,s2_97_208,s1_below_1,Female,s4_96_114,s3_141_159,s2_164_318,s3_80_160,s2_2_4
8185,s2_885_1695,s2_n103_99,s4_n40_7,s1_below_4282,s1_below_2,s1_below_2001,s2_760_2075,s3_17_37,Truck (<=6000 lbs.),s3_28_48,Not Deployed,s2_97_208,s1_below_1,Female,s2_37_80,s3_141_159,s2_164_318,s4_160_220,s2_2_4
8186,s2_885_1695,s2_n103_99,s4_n40_7,s1_below_4282,s1_below_2,s4_2005_2007,s2_760_2075,s3_17_37,Passenger Car,s3_28_48,Deployed,s2_97_208,s1_below_1,Female,s2_37_80,s3_141_159,s2_164_318,s4_160_220,s2_2_4
8187,s2_885_1695,s2_n103_99,s5_7_up,s1_below_4282,s1_below_2,s3_2003_2005,s2_760_2075,s3_17_37,Passenger Car,s3_28_48,Deployed,s2_97_208,s1_below_1,Female,s2_37_80,s3_141_159,s2_164_318,s6_260_up,s2_2_4
8188,s3_1695_2555,s2_n103_99,s4_n40_7,s1_below_4282,s2_2_3,s2_2001_2003,s2_760_2075,s3_17_37,Truck (<=6000 lbs.),s3_28_48,Deployed,s2_97_208,s1_below_1,Male,s2_37_80,s3_141_159,s2_164_318,s3_80_160,s2_2_4
8189,s2_885_1695,s2_n103_99,s4_n40_7,s1_below_4282,s3_3_4,s4_2005_2007,s2_760_2075,s3_17_37,Passenger Car,s2_11_28,Not Deployed,s2_97_208,s1_below_1,Male,s3_80_96,s4_159_169,s2_164_318,s3_80_160,s2_2_4
8190,s2_885_1695,s2_n103_99,s4_n40_7,s1_below_4282,s1_below_2,s3_2003_2005,s2_760_2075,s3_17_37,Passenger Car,s2_11_28,Not Deployed,s2_97_208,s1_below_1,Male,s2_37_80,s3_141_159,s2_164_318,s3_80_160,s2_2_4
8191,s2_885_1695,s2_n103_99,s4_n40_7,s1_below_4282,s4_4_5,s3_2003_2005,s3_2075_3730,s4_37_47,Passenger Car,s2_11_28,Not Deployed,s2_97_208,s1_below_1,Male,s2_37_80,s3_141_159,s2_164_318,s4_160_220,s2_2_4
8192,s2_885_1695,s2_n103_99,s4_n40_7,s1_below_4282,s1_below_2,s2_2001_2003,s2_760_2075,s3_17_37,Truck (<=6000 lbs.),s2_11_28,Not Deployed,s2_97_208,s1_below_1,Female,s2_37_80,s3_141_159,s2_164_318,s3_80_160,s2_2_4
8193,s3_1695_2555,s2_n103_99,s4_n40_7,s1_below_4282,s2_2_3,s1_below_2001,s2_760_2075,s3_17_37,Truck (<=6000 lbs.),s3_28_48,Deployed,s2_97_208,s1_below_1,Male,s4_96_114,s3_141_159,s2_164_318,s3_80_160,s2_2_4
8194,s2_885_1695,s2_n103_99,s5_7_up,s1_below_4282,s2_2_3,s1_below_2001,s2_760_2075,s3_17_37,Passenger Car,s2_11_28,Not Deployed,s2_97_208,s1_below_1,Male,s3_80_96,s3_141_159,s2_164_318,s6_260_up,s2_2_4
8195,s3_1695_2555,s2_n103_99,s4_n40_7,s1_below_4282,s3_3_4,s4_2005_2007,s2_760_2075,s5_47_57,Truck (<=6000 lbs.),s3_28_48,Not Deployed,s2_97_208,s1_below_1,Male,s5_114_130,s3_141_159,s2_164_318,s3_80_160,s2_2_4
8196,s2_885_1695,s2_n103_99,s4_n40_7,s1_below_4282,s2_2_3,s3_2003_2005,s2_760_2075,s3_17_37,Passenger Car,s4_48_64,Not Deployed,s2_97_208,s1_below_1,Female,s2_37_80,s3_141_159,s2_164_318,s4_160_220,s2_2_4
8197,s2_885_1695,s2_n103_99,s4_n40_7,s1_below_4282,s2_2_3,s1_below_2001,s2_760_2075,s3_17_37,Passenger Car,s2_11_28,Not Deployed,s2_97_208,s1_below_1,Male,s2_37_80,s3_141_159,s2_164_318,s3_80_160,s2_2_4
8198,s2_885_1695,s2_n103_99,s4_n40_7,s1_below_4282,s1_below_2,s4_2005_2007,s2_760_2075,s3_17_37,Passenger Car,s4_48_64,Not Deployed,s2_97_208,s1_below_1,Female,s2_37_80,s3_141_159,s2_164_318,s2_40_80,s2_2_4
8199,s2_885_1695,s2_n103_99,s4_n40_7,s1_below_4282,s3_3_4,s2_2001_2003,s2_760_2075,s3_17_37,Passenger Car,s3_28_48,Deployed,s2_97_208,s1_below_1,Female,s2_37_80,s3_141_159,s2_164_318,s3_80_160,s2_2_4
8200,s2_885_1695,s2_n103_99,s4_n40_7,s1_below_4282,s1_below_2,s4_2005_2007,s2_760_2075,s3_17_37,Passenger Car,s2_11_28,Deployed,s2_97_208,s1_below_1,Female,s2_37_80,s3_141_159,s2_164_318,s4_160_220,s2_2_4
8201,s3_1695_2555,s2_n103_99,s4_n40_7,s1_below_4282,s3_3_4,s2_2001_2003,s2_760_2075,s3_17_37,Truck (<=6000 lbs.),s3_28_48,Not Deployed,s2_97_208,s1_below_1,Female,s2_37_80,s3_141_159,s2_164_318,s4_160_220,s2_2_4
8202,s2_885_1695,s2_n103_99,s4_n40_7,s1_below_4282,s1_below_2,s4_2005_2007,s2_760_2075,s3_17_37,Passenger Car,s2_11_28,Not Deployed,s2_97_208,s2_1_2,Male,s3_80_96,s4_159_169,s2_164_318,s2_40_80,s2_2_4
8203,s3_1695_2555,s2_n103_99,s4_n40_7,s1_below_4282,s1_below_2,s1_below_2001,s2_760_2075,s3_17_37,Truck (<=6000 lbs.),s2_11_28,Deployed,s2_97_208,s1_below_1,Female,s2_37_80,s4_159_169,s2_164_318,s4_160_220,s3_4_5
8204,s2_885_1695,s2_n103_99,s4_n40_7,s1_below_4282,s1_below_2,s1_below_2001,s2_760_2075,s2_7_17,Passenger Car,s5_64_76,Not Deployed,s2_97_208,s1_below_1,Male,s3_80_96,s3_141_159,s2_164_318,s3_80_160,s2_2_4
8205,s2_885_1695,s2_n103_99,s4_n40_7,s1_below_4282,s1_below_2,s4_2005_2007,s2_760_2075,s3_17_37,Passenger Car,s3_28_48,Deployed,s2_97_208,s3_2_3,Male,s2_37_80,s3_141_159,s2_164_318,s2_40_80,s2_2_4
8206,s3_1695_2555,s2_n103_99,s5_7_up,s1_below_4282,s2_2_3,s4_2005_2007,s2_760_2075,s4_37_47,Truck (<=6000 lbs.),s3_28_48,Not Deployed,s2_97_208,s1_below_1,Male,s2_37_80,s3_141_159,s2_164_318,s5_220_260,s2_2_4
8207,s2_885_1695,s2_n103_99,s4_n40_7,s1_below_4282,s4_4_5,s2_2001_2003,s2_760_2075,s4_37_47,Passenger Car,s2_11_28,Not Deployed,s2_97_208,s1_below_1,Male,s3_80_96,s3_141_159,s2_164_318,s3_80_160,s2_2_4
8208,s2_885_1695,s2_n103_99,s4_n40_7,s1_below_4282,s1_below_2,s3_2003_2005,s3_2075_3730,s3_17_37,Passenger Car,s2_11_28,Deployed,s2_97_208,s1_below_1,Female,s3_80_96,s3_141_159,s2_164_318,s3_80_160,s2_2_4
8209,s2_885_1695,s2_n103_99,s4_n40_7,s1_below_4282,s1_below_2,s1_below_2001,s2_760_2075,s3_17_37,Passenger Car,s2_11_28,Deployed,s2_97_208,s1_below_1,Female,s2_37_80,s3_141_159,s2_164_318,s3_80_160,s2_2_4
8210,s3_1695_2555,s2_n103_99,s3_n81_n40,s1_below_4282,s1_below_2,s4_2005_2007,s2_760_2075,s3_17_37,Truck (<=6000 lbs.),s4_48_64,Deployed,s2_97_208,s2_1_2,Male,s3_80_96,s4_159_169,s2_164_318,s3_80_160,s3_4_5
8211,s2_885_1695,s2_n103_99,s3_n81_n40,s1_below_4282,s3_3_4,s4_2005_2007,s2_760_2075,s3_17_37,Passenger Car,s3_28_48,Deployed,s2_97_208,s6_5_up,Male,s3_80_96,s3_141_159,s2_164_318,s3_80_160,s2_2_4
8212,s2_885_1695,s2_n103_99,s4_n40_7,s1_below_4282,s1_below_2,s2_2001_2003,s2_760_2075,s4_37_47,Passenger Car,s3_28_48,Not Deployed,s2_97_208,s1_below_1,Male,s3_80_96,s3_141_159,s2_164_318,s3_80_160,s2_2_4
8213,s2_885_1695,s2_n103_99,s4_n40_7,s1_below_4282,s1_below_2,s4_2005_2007,s2_760_2075,s3_17_37,Passenger Car,s5_64_76,Deployed,s2_97_208,s3_2_3,Female,s2_37_80,s3_141_159,s2_164_318,s3_80_160,s2_2_4
8214,s2_885_1695,s2_n103_99,s5_7_up,s1_below_4282,s3_3_4,s3_2003_2005,s3_2075_3730,s5_47_57,Passenger Car,s4_48_64,Not Deployed,s2_97_208,s1_below_1,Female,s4_96_114,s3_141_159,s2_164_318,s6_260_up,s2_2_4
8215,s3_1695_2555,s2_n103_99,s4_n40_7,s1_below_4282,s3_3_4,s2_2001_2003,s2_760_2075,s5_47_57,Truck (<=10000 lbs.),s3_28_48,Deployed,s2_97_208,s1_below_1,Male,s3_80_96,s3_141_159,s3_318_464,s6_260_up,s3_4_5
8216,s2_885_1695,s2_n103_99,s4_n40_7,s1_below_4282,s1_below_2,s3_2003_2005,s2_760_2075,s3_17_37,Passenger Car,s3_28_48,Not Deployed,s2_97_208,s1_below_1,Female,s2_37_80,s3_141_159,s2_164_318,s2_40_80,s2_2_4
8217,s3_1695_2555,s2_n103_99,s4_n40_7,s1_below_4282,s3_3_4,s2_2001_2003,s2_760_2075,s3_17_37,Truck (<=6000 lbs.),s3_28_48,Deployed,s2_97_208,s1_below_1,Male,s4_96_114,s4_159_169,s2_164_318,s3_80_160,s2_2_4
8218,s2_885_1695,s2_n103_99,s5_7_up,s1_below_4282,s3_3_4,s1_below_2001,s2_760_2075,s3_17_37,Passenger Car,s2_11_28,Deployed,s2_97_208,s5_4_5,Male,s2_37_80,s3_141_159,s2_164_318,s6_260_up,s2_2_4
8219,s2_885_1695,s2_n103_99,s4_n40_7,s1_below_4282,s1_below_2,s1_below_2001,s2_760_2075,s3_17_37,Passenger Car,s2_11_28,Not Deployed,s2_97_208,s3_2_3,Male,s3_80_96,s3_141_159,s2_164_318,s3_80_160,s2_2_4
8220,s3_1695_2555,s2_n103_99,s4_n40_7,s1_below_4282,s3_3_4,s3_2003_2005,s2_760_2075,s3_17_37,Truck (<=6000 lbs.),s2_11_28,Not Deployed,s2_97_208,s1_below_1,Male,s6_130_up,s4_159_169,s2_164_318,s3_80_160,s2_2_4
8221,s2_885_1695,s2_n103_99,s5_7_up,s1_below_4282,s1_below_2,s1_below_2001,s3_2075_3730,s3_17_37,Passenger Car,s3_28_48,Deployed,s2_97_208,s1_below_1,Male,s3_80_96,s3_141_159,s2_164_318,s6_260_up,s2_2_4
8222,s2_885_1695,s2_n103_99,s3_n81_n40,s1_below_4282,s2_2_3,s3_2003_2005,s2_760_2075,s5_47_57,Passenger Car,s4_48_64,Not Deployed,s2_97_208,s1_below_1,Female,s2_37_80,s3_141_159,s2_164_318,s1_below_40,s2_2_4
8223,s3_1695_2555,s2_n103_99,s4_n40_7,s1_below_4282,s2_2_3,s4_2005_2007,s2_760_2075,s4_37_47,Truck (<=10000 lbs.),s4_48_64,Not Deployed,s2_97_208,s1_below_1,Male,s2_37_80,s5_169_179,s2_164_318,s3_80_160,s3_4_5
8224,s2_885_1695,s2_n103_99,s4_n40_7,s1_below_4282,s1_below_2,s4_2005_2007,s2_760_2075,s3_17_37,Passenger Car,s5_64_76,Not Deployed,s2_97_208,s1_below_1,Female,s2_37_80,s3_141_159,s2_164_318,s3_80_160,s2_2_4
8225,s2_885_1695,s2_n103_99,s4_n40_7,s1_below_4282,s3_3_4,s1_below_2001,s2_760_2075,s3_17_37,Passenger Car,s4_48_64,Deployed,s2_97_208,s1_below_1,Male,s4_96_114,s3_141_159,s2_164_318,s4_160_220,s2_2_4
8226,s2_885_1695,s2_n103_99,s4_n40_7,s1_below_4282,s1_below_2,s3_2003_2005,s2_760_2075,s3_17_37,Passenger Car,s2_11_28,Not Deployed,s2_97_208,s1_below_1,Female,s2_37_80,s3_141_159,s2_164_318,s3_80_160,s2_2_4
8227,s2_885_1695,s2_n103_99,s4_n40_7,s1_below_4282,s1_below_2,s2_2001_2003,s2_760_2075,s3_17_37,Passenger Car,s2_11_28,Deployed,s2_97_208,s1_below_1,Male,s3_80_96,s2_116_141,s2_164_318,s3_80_160,s2_2_4
8228,s2_885_1695,s2_n103_99,s4_n40_7,s1_below_4282,s1_below_2,s3_2003_2005,s2_760_2075,s3_17_37,Passenger Car,s2_11_28,Deployed,s2_97_208,s1_below_1,Male,s4_96_114,s3_141_159,s2_164_318,s3_80_160,s2_2_4
8229,s2_885_1695,s2_n103_99,s4_n40_7,s1_below_4282,s1_below_2,s3_2003_2005,s3_2075_3730,s5_47_57,Passenger Car,s2_11_28,Not Deployed,s2_97_208,s1_below_1,Female,s2_37_80,s3_141_159,s2_164_318,s6_260_up,s2_2_4
8230,s2_885_1695,s2_n103_99,s4_n40_7,s1_below_4282,s1_below_2,s4_2005_2007,s2_760_2075,s3_17_37,Passenger Car,s3_28_48,Deployed,s2_97_208,s1_below_1,Male,s2_37_80,s3_141_159,s2_164_318,s3_80_160,s2_2_4
8231,s2_885_1695,s2_n103_99,s4_n40_7,s1_below_4282,s1_below_2,s4_2005_2007,s2_760_2075,s3_17_37,Passenger Car,s4_48_64,Not Deployed,s2_97_208,s1_below_1,Male,s3_80_96,s4_159_169,s2_164_318,s4_160_220,s2_2_4
8232,s3_1695_2555,s2_n103_99,s4_n40_7,s1_below_4282,s1_below_2,s1_below_2001,s2_760_2075,s3_17_37,Truck (<=10000 lbs.),s4_48_64,Not Deployed,s2_97_208,s1_below_1,Male,s4_96_114,s4_159_169,s3_318_464,s2_40_80,s4_5_6
8233,s2_885_1695,s2_n103_99,s4_n40_7,s1_below_4282,s1_below_2,s4_2005_2007,s2_760_2075,s5_47_57,Passenger Car,s2_11_28,Not Deployed,s2_97_208,s1_below_1,Male,s2_37_80,s3_141_159,s2_164_318,s3_80_160,s2_2_4
8234,s2_885_1695,s2_n103_99,s4_n40_7,s1_below_4282,s1_below_2,s3_2003_2005,s3_2075_3730,s3_17_37,Passenger Car,s2_11_28,Deployed,s2_97_208,s1_below_1,Female,s2_37_80,s3_141_159,s2_164_318,s3_80_160,s2_2_4
8235,s3_1695_2555,s2_n103_99,s4_n40_7,s1_below_4282,s3_3_4,s3_2003_2005,s3_2075_3730,s3_17_37,Truck (<=6000 lbs.),s3_28_48,Deployed,s2_97_208,s1_below_1,Female,s2_37_80,s4_159_169,s2_164_318,s4_160_220,s2_2_4
8236,s3_1695_2555,s2_n103_99,s4_n40_7,s1_below_4282,s3_3_4,s3_2003_2005,s2_760_2075,s3_17_37,Truck (<=10000 lbs.),s4_48_64,Not Deployed,s2_97_208,s1_below_1,Female,s3_80_96,s3_141_159,s3_318_464,s3_80_160,s3_4_5
8237,s2_885_1695,s2_n103_99,s4_n40_7,s1_below_4282,s1_below_2,s3_2003_2005,s3_2075_3730,s4_37_47,Passenger Car,s3_28_48,Not Deployed,s2_97_208,s1_below_1,Male,s5_114_130,s3_141_159,s2_164_318,s4_160_220,s2_2_4
8238,s2_885_1695,s2_n103_99,s4_n40_7,s1_below_4282,s1_below_2,s2_2001_2003,s2_760_2075,s3_17_37,Passenger Car,s3_28_48,Not Deployed,s2_97_208,s1_below_1,Female,s2_37_80,s3_141_159,s2_164_318,s4_160_220,s2_2_4
8239,s2_885_1695,s2_n103_99,s4_n40_7,s1_below_4282,s1_below_2,s2_2001_2003,s2_760_2075,s3_17_37,Passenger Car,s3_28_48,Deployed,s2_97_208,s1_below_1,Male,s2_37_80,s3_141_159,s2_164_318,s3_80_160,s2_2_4
8240,s2_885_1695,s2_n103_99,s4_n40_7,s1_below_4282,s1_below_2,s4_2005_2007,s2_760_2075,s3_17_37,Passenger Car,s3_28_48,Not Deployed,s2_97_208,s1_below_1,Male,s6_130_up,s3_141_159,s2_164_318,s3_80_160,s2_2_4
8241,s2_885_1695,s2_n103_99,s4_n40_7,s1_below_4282,s3_3_4,s1_below_2001,s3_2075_3730,s3_17_37,Passenger Car,s2_11_28,Not Deployed,s2_97_208,s1_below_1,Female,s2_37_80,s3_141_159,s2_164_318,s2_40_80,s2_2_4
8242,s3_1695_2555,s2_n103_99,s4_n40_7,s1_below_4282,s3_3_4,s4_2005_2007,s2_760_2075,s3_17_37,Truck (<=6000 lbs.),s3_28_48,Not Deployed,s2_97_208,s1_below_1,Female,s2_37_80,s3_141_159,s2_164_318,s4_160_220,s2_2_4
8243,s3_1695_2555,s2_n103_99,s4_n40_7,s1_below_4282,s1_below_2,s3_2003_2005,s2_760_2075,s3_17_37,Truck (<=10000 lbs.),s3_28_48,Not Deployed,s2_97_208,s1_below_1,Male,s4_96_114,s4_159_169,s3_318_464,s3_80_160,s4_5_6
8244,s2_885_1695,s2_n103_99,s4_n40_7,s1_below_4282,s3_3_4,s1_below_2001,s2_760_2075,s3_17_37,Passenger Car,s6_76_up,Not Deployed,s2_97_208,s2_1_2,Male,s2_37_80,s3_141_159,s2_164_318,s3_80_160,s2_2_4
8245,s3_1695_2555,s2_n103_99,s4_n40_7,s1_below_4282,s1_below_2,s3_2003_2005,s2_760_2075,s4_37_47,Truck (<=6000 lbs.),s4_48_64,Not Deployed,s2_97_208,s1_below_1,Male,s4_96_114,s3_141_159,s2_164_318,s4_160_220,s2_2_4
8246,s2_885_1695,s2_n103_99,s4_n40_7,s1_below_4282,s1_below_2,s4_2005_2007,s2_760_2075,s3_17_37,Truck (<=6000 lbs.),s4_48_64,Not Deployed,s2_97_208,s1_below_1,Male,s2_37_80,s3_141_159,s2_164_318,s3_80_160,s2_2_4
8247,s2_885_1695,s2_n103_99,s4_n40_7,s1_below_4282,s1_below_2,s1_below_2001,s2_760_2075,s3_17_37,Passenger Car,s2_11_28,Deployed,s2_97_208,s1_below_1,Female,s2_37_80,s3_141_159,s2_164_318,s3_80_160,s2_2_4
8248,s3_1695_2555,s2_n103_99,s4_n40_7,s1_below_4282,s1_below_2,s3_2003_2005,s2_760_2075,s3_17_37,Truck (<=10000 lbs.),s5_64_76,Deployed,s2_97_208,s1_below_1,Male,s2_37_80,s5_169_179,s3_318_464,s3_80_160,s4_5_6
8249,s2_885_1695,s2_n103_99,s4_n40_7,s1_below_4282,s1_below_2,s4_2005_2007,s3_2075_3730,s3_17_37,Truck (<=6000 lbs.),s5_64_76,Deployed,s2_97_208,s1_below_1,Male,s2_37_80,s3_141_159,s3_318_464,s3_80_160,s2_2_4
8250,s3_1695_2555,s2_n103_99,s4_n40_7,s1_below_4282,s2_2_3,s1_below_2001,s2_760_2075,s3_17_37,Truck (<=6000 lbs.),s3_28_48,Deployed,s2_97_208,s1_below_1,Male,s4_96_114,s4_159_169,s2_164_318,s3_80_160,s3_4_5
8251,s2_885_1695,s2_n103_99,s4_n40_7,s1_below_4282,s1_below_2,s3_2003_2005,s2_760_2075,s3_17_37,Passenger Car,s4_48_64,Deployed,s2_97_208,s2_1_2,Female,s2_37_80,s3_141_159,s2_164_318,s3_80_160,s2_2_4
8252,s3_1695_2555,s2_n103_99,s4_n40_7,s1_below_4282,s1_below_2,s1_below_2001,s2_760_2075,s3_17_37,Truck (<=6000 lbs.),s3_28_48,Deployed,s2_97_208,s1_below_1,Female,s2_37_80,s4_159_169,s2_164_318,s3_80_160,s2_2_4
8253,s2_885_1695,s2_n103_99,s4_n40_7,s1_below_4282,s1_below_2,s4_2005_2007,s2_760_2075,s3_17_37,Passenger Car,s2_11_28,Deployed,s2_97_208,s2_1_2,Female,s4_96_114,s3_141_159,s2_164_318,s4_160_220,s2_2_4
8254,s2_885_1695,s2_n103_99,s4_n40_7,s1_below_4282,s1_below_2,s2_2001_2003,s2_760_2075,s3_17_37,Passenger Car,s3_28_48,Deployed,s2_97_208,s1_below_1,Male,s6_130_up,s3_141_159,s2_164_318,s3_80_160,s2_2_4
8255,s2_885_1695,s2_n103_99,s5_7_up,s1_below_4282,s1_below_2,s3_2003_2005,s2_760_2075,s3_17_37,Truck (<=6000 lbs.),s2_11_28,Not Deployed,s2_97_208,s1_below_1,Female,s2_37_80,s3_141_159,s2_164_318,s6_260_up,s2_2_4
8256,s2_885_1695,s2_n103_99,s4_n40_7,s1_below_4282,s6_6_up,s3_2003_2005,s2_760_2075,s4_37_47,Passenger Car,s2_11_28,Not Deployed,s2_97_208,s1_below_1,Male,s2_37_80,s3_141_159,s2_164_318,s2_40_80,s2_2_4
8257,s2_885_1695,s2_n103_99,s4_n40_7,s1_below_4282,s3_3_4,s3_2003_2005,s2_760_2075,s4_37_47,Passenger Car,s3_28_48,Deployed,s2_97_208,s1_below_1,Female,s2_37_80,s3_141_159,s2_164_318,s3_80_160,s2_2_4
8258,s2_885_1695,s2_n103_99,s4_n40_7,s1_below_4282,s1_below_2,s4_2005_2007,s2_760_2075,s4_37_47,Passenger Car,s2_11_28,Deployed,s2_97_208,s1_below_1,Male,s3_80_96,s3_141_159,s2_164_318,s3_80_160,s2_2_4
8259,s2_885_1695,s2_n103_99,s5_7_up,s1_below_4282,s1_below_2,s2_2001_2003,s2_760_2075,s4_37_47,Passenger Car,s2_11_28,Not Deployed,s2_97_208,s1_below_1,Male,s2_37_80,s3_141_159,s2_164_318,s6_260_up,s2_2_4
8260,s2_885_1695,s2_n103_99,s5_7_up,s1_below_4282,s1_below_2,s2_2001_2003,s2_760_2075,s5_47_57,Passenger Car,s2_11_28,Not Deployed,s2_97_208,s1_below_1,Female,s2_37_80,s3_141_159,s2_164_318,s6_260_up,s2_2_4
8261,s2_885_1695,s2_n103_99,s4_n40_7,s1_below_4282,s1_below_2,s2_2001_2003,s3_2075_3730,s5_47_57,Passenger Car,s4_48_64,Deployed,s2_97_208,s1_below_1,Male,s2_37_80,s3_141_159,s2_164_318,s3_80_160,s2_2_4
8262,s2_885_1695,s2_n103_99,s4_n40_7,s1_below_4282,s1_below_2,s1_below_2001,s2_760_2075,s2_7_17,Passenger Car,s2_11_28,Not Deployed,s2_97_208,s1_below_1,Female,s3_80_96,s3_141_159,s2_164_318,s3_80_160,s2_2_4
8263,s2_885_1695,s2_n103_99,s5_7_up,s1_below_4282,s1_below_2,s1_below_2001,s2_760_2075,s2_7_17,Passenger Car,s5_64_76,Not Deployed,s2_97_208,s1_below_1,Male,s3_80_96,s3_141_159,s2_164_318,s6_260_up,s2_2_4
8264,s3_1695_2555,s2_n103_99,s4_n40_7,s1_below_4282,s1_below_2,s3_2003_2005,s3_2075_3730,s3_17_37,Truck (<=6000 lbs.),s4_48_64,Not Deployed,s2_97_208,s1_below_1,Male,s4_96_114,s3_141_159,s2_164_318,s3_80_160,s2_2_4
8265,s2_885_1695,s2_n103_99,s4_n40_7,s1_below_4282,s1_below_2,s3_2003_2005,s2_760_2075,s4_37_47,Passenger Car,s2_11_28,Deployed,s2_97_208,s1_below_1,Female,s2_37_80,s3_141_159,s2_164_318,s3_80_160,s2_2_4
8266,s2_885_1695,s2_n103_99,s5_7_up,s1_below_4282,s1_below_2,s3_2003_2005,s2_760_2075,s4_37_47,Passenger Car,s2_11_28,Not Deployed,s2_97_208,s1_below_1,Male,s2_37_80,s3_141_159,s2_164_318,s6_260_up,s2_2_4
8267,s2_885_1695,s2_n103_99,s4_n40_7,s1_below_4282,s1_below_2,s1_below_2001,s2_760_2075,s3_17_37,Passenger Car,s5_64_76,Not Deployed,s2_97_208,s1_below_1,Male,s3_80_96,s3_141_159,s2_164_318,s3_80_160,s2_2_4
8268,s2_885_1695,s2_n103_99,s4_n40_7,s1_below_4282,s2_2_3,s4_2005_2007,s2_760_2075,s3_17_37,Passenger Car,s2_11_28,Deployed,s2_97_208,s1_below_1,Female,s2_37_80,s3_141_159,s2_164_318,s3_80_160,s2_2_4
8269,s3_1695_2555,s2_n103_99,s4_n40_7,s1_below_4282,s1_below_2,s4_2005_2007,s2_760_2075,s3_17_37,Truck (<=10000 lbs.),s4_48_64,Not Deployed,s2_97_208,s1_below_1,Female,s2_37_80,s4_159_169,s2_164_318,s3_80_160,s3_4_5
8270,s2_885_1695,s2_n103_99,s4_n40_7,s1_below_4282,s1_below_2,s3_2003_2005,s3_2075_3730,s3_17_37,Truck (<=6000 lbs.),s4_48_64,Not Deployed,s2_97_208,s1_below_1,Male,s3_80_96,s3_141_159,s2_164_318,s3_80_160,s2_2_4
8271,s2_885_1695,s2_n103_99,s4_n40_7,s1_below_4282,s3_3_4,s1_below_2001,s2_760_2075,s4_37_47,Passenger Car,s6_76_up,Deployed,s2_97_208,s1_below_1,Female,s2_37_80,s3_141_159,s2_164_318,s3_80_160,s2_2_4
8272,s3_1695_2555,s2_n103_99,s4_n40_7,s1_below_4282,s1_below_2,s2_2001_2003,s2_760_2075,s3_17_37,Truck (<=6000 lbs.),s5_64_76,Not Deployed,s2_97_208,s4_3_4,Female,s2_37_80,s4_159_169,s2_164_318,s2_40_80,s3_4_5
8273,s3_1695_2555,s2_n103_99,s4_n40_7,s1_below_4282,s1_below_2,s4_2005_2007,s2_760_2075,s3_17_37,Truck (<=10000 lbs.),s3_28_48,Not Deployed,s2_97_208,s1_below_1,Male,s2_37_80,s5_169_179,s3_318_464,s3_80_160,s4_5_6
8274,s3_1695_2555,s2_n103_99,s4_n40_7,s1_below_4282,s1_below_2,s3_2003_2005,s2_760_2075,s4_37_47,Truck (<=10000 lbs.),s5_64_76,Deployed,s2_97_208,s1_below_1,Male,s4_96_114,s5_169_179,s3_318_464,s3_80_160,s4_5_6
8275,s3_1695_2555,s2_n103_99,s4_n40_7,s1_below_4282,s1_below_2,s2_2001_2003,s2_760_2075,s3_17_37,Truck (<=10000 lbs.),s4_48_64,Deployed,s2_97_208,s1_below_1,Female,s5_114_130,s3_141_159,s2_164_318,s3_80_160,s2_2_4
8276,s3_1695_2555,s2_n103_99,s4_n40_7,s1_below_4282,s3_3_4,s3_2003_2005,s2_760_2075,s4_37_47,Passenger Car,s5_64_76,Not Deployed,s2_97_208,s1_below_1,Male,s3_80_96,s4_159_169,s2_164_318,s3_80_160,s2_2_4
8277,s2_885_1695,s2_n103_99,s4_n40_7,s1_below_4282,s1_below_2,s4_2005_2007,s2_760_2075,s3_17_37,Passenger Car,s3_28_48,Not Deployed,s2_97_208,s1_below_1,Male,s2_37_80,s3_141_159,s2_164_318,s1_below_40,s2_2_4
8278,s3_1695_2555,s2_n103_99,s4_n40_7,s1_below_4282,s1_below_2,s3_2003_2005,s2_760_2075,s3_17_37,Truck (<=6000 lbs.),s3_28_48,Deployed,s2_97_208,s1_below_1,Female,s2_37_80,s4_159_169,s2_164_318,s3_80_160,s3_4_5
8279,s2_885_1695,s2_n103_99,s4_n40_7,s1_below_4282,s1_below_2,s3_2003_2005,s2_760_2075,s3_17_37,Passenger Car,s2_11_28,Deployed,s2_97_208,s1_below_1,Female,s2_37_80,s3_141_159,s2_164_318,s3_80_160,s2_2_4
8280,s2_885_1695,s2_n103_99,s4_n40_7,s1_below_4282,s1_below_2,s4_2005_2007,s2_760_2075,s3_17_37,Passenger Car,s2_11_28,Deployed,s2_97_208,s1_below_1,Male,s2_37_80,s3_141_159,s2_164_318,s3_80_160,s2_2_4
8281,s2_885_1695,s2_n103_99,s3_n81_n40,s1_below_4282,s1_below_2,s2_2001_2003,s2_760_2075,s3_17_37,Passenger Car,s5_64_76,Deployed,s2_97_208,s2_1_2,Female,s2_37_80,s3_141_159,s2_164_318,s3_80_160,s2_2_4
8282,s2_885_1695,s2_n103_99,s3_n81_n40,s1_below_4282,s1_below_2,s1_below_2001,s2_760_2075,s3_17_37,Truck (<=6000 lbs.),s6_76_up,Deployed,s2_97_208,s1_below_1,Male,s3_80_96,s4_159_169,s2_164_318,s3_80_160,s2_2_4
8283,s2_885_1695,s2_n103_99,s5_7_up,s1_below_4282,s1_below_2,s3_2003_2005,s2_760_2075,s3_17_37,Passenger Car,s4_48_64,Deployed,s2_97_208,s1_below_1,Female,s2_37_80,s3_141_159,s2_164_318,s6_260_up,s2_2_4
8284,s2_885_1695,s2_n103_99,s4_n40_7,s1_below_4282,s3_3_4,s5_2007_2009,s2_760_2075,s3_17_37,Truck (<=6000 lbs.),s6_76_up,Not Deployed,s2_97_208,s1_below_1,Male,s2_37_80,s3_141_159,s2_164_318,s3_80_160,s2_2_4
8285,s2_885_1695,s2_n103_99,s4_n40_7,s1_below_4282,s1_below_2,s2_2001_2003,s2_760_2075,s4_37_47,Passenger Car,s4_48_64,Deployed,s2_97_208,s1_below_1,Female,s2_37_80,s3_141_159,s2_164_318,s3_80_160,s2_2_4
8286,s2_885_1695,s2_n103_99,s4_n40_7,s1_below_4282,s1_below_2,s4_2005_2007,s2_760_2075,s4_37_47,Passenger Car,s2_11_28,Not Deployed,s2_97_208,s1_below_1,Female,s2_37_80,s3_141_159,s2_164_318,s4_160_220,s2_2_4
8287,s2_885_1695,s2_n103_99,s4_n40_7,s1_below_4282,s1_below_2,s2_2001_2003,s2_760_2075,s5_47_57,Passenger Car,s2_11_28,Not Deployed,s2_97_208,s1_below_1,Female,s2_37_80,s3_141_159,s2_164_318,s3_80_160,s2_2_4
8288,s3_1695_2555,s2_n103_99,s4_n40_7,s1_below_4282,s1_below_2,s4_2005_2007,s2_760_2075,s3_17_37,Truck (<=10000 lbs.),s3_28_48,Not Deployed,s2_97_208,s1_below_1,Female,s2_37_80,s3_141_159,s2_164_318,s3_80_160,s2_2_4
8289,s2_885_1695,s2_n103_99,s4_n40_7,s1_below_4282,s4_4_5,s3_2003_2005,s2_760_2075,s4_37_47,Passenger Car,s3_28_48,Not Deployed,s2_97_208,s1_below_1,Female,s3_80_96,s3_141_159,s2_164_318,s3_80_160,s2_2_4
8290,s2_885_1695,s2_n103_99,s3_n81_n40,s1_below_4282,s3_3_4,s4_2005_2007,s2_760_2075,s4_37_47,Passenger Car,s6_76_up,Deployed,s2_97_208,s2_1_2,Female,s2_37_80,s3_141_159,s2_164_318,s3_80_160,s2_2_4
8291,s3_1695_2555,s2_n103_99,s5_7_up,s1_below_4282,s3_3_4,s3_2003_2005,s2_760_2075,s4_37_47,Truck (<=6000 lbs.),s4_48_64,Not Deployed,s2_97_208,s1_below_1,Female,s3_80_96,s4_159_169,s2_164_318,s6_260_up,s3_4_5
8292,s2_885_1695,s2_n103_99,s4_n40_7,s1_below_4282,s1_below_2,s4_2005_2007,s2_760_2075,s3_17_37,Passenger Car,s2_11_28,Deployed,s2_97_208,s1_below_1,Male,s2_37_80,s3_141_159,s2_164_318,s3_80_160,s2_2_4
8293,s2_885_1695,s2_n103_99,s4_n40_7,s1_below_4282,s1_below_2,s2_2001_2003,s2_760_2075,s3_17_37,Truck (<=6000 lbs.),s2_11_28,Deployed,s2_97_208,s1_below_1,Female,s3_80_96,s3_141_159,s2_164_318,s3_80_160,s2_2_4
8294,s3_1695_2555,s2_n103_99,s4_n40_7,s1_below_4282,s1_below_2,s4_2005_2007,s2_760_2075,s3_17_37,Truck (<=6000 lbs.),s4_48_64,Not Deployed,s2_97_208,s1_below_1,Female,s3_80_96,s3_141_159,s2_164_318,s4_160_220,s2_2_4
8295,s2_885_1695,s2_n103_99,s4_n40_7,s1_below_4282,s1_below_2,s1_below_2001,s2_760_2075,s3_17_37,Passenger Car,s4_48_64,Not Deployed,s2_97_208,s1_below_1,Male,s3_80_96,s3_141_159,s2_164_318,s3_80_160,s2_2_4
8296,s2_885_1695,s2_n103_99,s5_7_up,s1_below_4282,s1_below_2,s4_2005_2007,s2_760_2075,s4_37_47,Passenger Car,s3_28_48,Not Deployed,s2_97_208,s1_below_1,Male,s3_80_96,s3_141_159,s2_164_318,s6_260_up,s2_2_4
8297,s2_885_1695,s2_n103_99,s4_n40_7,s1_below_4282,s1_below_2,s3_2003_2005,s2_760_2075,s3_17_37,Passenger Car,s4_48_64,Deployed,s2_97_208,s1_below_1,Female,s2_37_80,s3_141_159,s2_164_318,s1_below_40,s2_2_4
8298,s2_885_1695,s2_n103_99,s5_7_up,s1_below_4282,s1_below_2,s2_2001_2003,s2_760_2075,s3_17_37,Passenger Car,s4_48_64,Not Deployed,s2_97_208,s1_below_1,Male,s2_37_80,s3_141_159,s2_164_318,s6_260_up,s2_2_4
8299,s2_885_1695,s2_n103_99,s5_7_up,s1_below_4282,s3_3_4,s3_2003_2005,s2_760_2075,s3_17_37,Passenger Car,s6_76_up,Not Deployed,s2_97_208,s1_below_1,Male,s4_96_114,s3_141_159,s2_164_318,s6_260_up,s2_2_4
8300,s3_1695_2555,s2_n103_99,s4_n40_7,s1_below_4282,s1_below_2,s4_2005_2007,s2_760_2075,s3_17_37,Truck (<=6000 lbs.),s3_28_48,Deployed,s2_97_208,s1_below_1,Female,s2_37_80,s3_141_159,s2_164_318,s3_80_160,s2_2_4
8301,s2_885_1695,s2_n103_99,s4_n40_7,s1_below_4282,s1_below_2,s1_below_2001,s2_760_2075,s3_17_37,Passenger Car,s4_48_64,Deployed,s2_97_208,s3_2_3,Male,s2_37_80,s3_141_159,s2_164_318,s3_80_160,s2_2_4
8302,s2_885_1695,s2_n103_99,s4_n40_7,s1_below_4282,s1_below_2,s2_2001_2003,s2_760_2075,s3_17_37,Passenger Car,s3_28_48,Not Deployed,s2_97_208,s1_below_1,Male,s4_96_114,s3_141_159,s2_164_318,s4_160_220,s2_2_4
8303,s2_885_1695,s2_n103_99,s4_n40_7,s1_below_4282,s2_2_3,s3_2003_2005,s2_760_2075,s3_17_37,Passenger Car,s3_28_48,Deployed,s2_97_208,s1_below_1,Female,s2_37_80,s3_141_159,s2_164_318,s4_160_220,s2_2_4
8304,s2_885_1695,s2_n103_99,s4_n40_7,s1_below_4282,s2_2_3,s3_2003_2005,s2_760_2075,s4_37_47,Truck (<=6000 lbs.),s3_28_48,Not Deployed,s2_97_208,s1_below_1,Female,s3_80_96,s3_141_159,s2_164_318,s4_160_220,s2_2_4
8305,s2_885_1695,s2_n103_99,s4_n40_7,s1_below_4282,s1_below_2,s3_2003_2005,s2_760_2075,s4_37_47,Truck (<=6000 lbs.),s4_48_64,Deployed,s2_97_208,s1_below_1,Male,s3_80_96,s3_141_159,s2_164_318,s3_80_160,s2_2_4
8306,s2_885_1695,s2_n103_99,s4_n40_7,s1_below_4282,s3_3_4,s1_below_2001,s2_760_2075,s4_37_47,Passenger Car,s4_48_64,Not Deployed,s2_97_208,s1_below_1,Female,s2_37_80,s3_141_159,s2_164_318,s3_80_160,s2_2_4
8307,s2_885_1695,s2_n103_99,s4_n40_7,s1_below_4282,s1_below_2,s4_2005_2007,s2_760_2075,s4_37_47,Passenger Car,s5_64_76,Not Deployed,s2_97_208,s1_below_1,Female,s2_37_80,s3_141_159,s2_164_318,s1_below_40,s2_2_4
8308,s3_1695_2555,s2_n103_99,s4_n40_7,s1_below_4282,s1_below_2,s2_2001_2003,s3_2075_3730,s3_17_37,Truck (<=6000 lbs.),s4_48_64,Not Deployed,s2_97_208,s1_below_1,Male,s6_130_up,s3_141_159,s2_164_318,s3_80_160,s3_4_5
8309,s3_1695_2555,s2_n103_99,s4_n40_7,s1_below_4282,s1_below_2,s3_2003_2005,s2_760_2075,s3_17_37,Truck (<=10000 lbs.),s4_48_64,Not Deployed,s2_97_208,s1_below_1,Male,s6_130_up,s5_169_179,s3_318_464,s3_80_160,s4_5_6
8310,s2_885_1695,s2_n103_99,s4_n40_7,s1_below_4282,s5_5_6,s3_2003_2005,s2_760_2075,s4_37_47,Passenger Car,s3_28_48,Not Deployed,s2_97_208,s1_below_1,Male,s2_37_80,s3_141_159,s2_164_318,s3_80_160,s2_2_4
8311,s2_885_1695,s2_n103_99,s4_n40_7,s1_below_4282,s1_below_2,s1_below_2001,s2_760_2075,s5_47_57,Passenger Car,s4_48_64,Deployed,s2_97_208,s1_below_1,Female,s2_37_80,s3_141_159,s2_164_318,s3_80_160,s2_2_4
8312,s2_885_1695,s2_n103_99,s5_7_up,s1_below_4282,s1_below_2,s1_below_2001,s2_760_2075,s5_47_57,Passenger Car,s4_48_64,Not Deployed,s2_97_208,s1_below_1,Female,s2_37_80,s3_141_159,s2_164_318,s6_260_up,s2_2_4
8313,s2_885_1695,s2_n103_99,s4_n40_7,s1_below_4282,s1_below_2,s2_2001_2003,s2_760_2075,s3_17_37,Passenger Car,s2_11_28,Not Deployed,s2_97_208,s1_below_1,Male,s2_37_80,s3_141_159,s2_164_318,s2_40_80,s2_2_4
8314,s2_885_1695,s2_n103_99,s4_n40_7,s1_below_4282,s3_3_4,s1_below_2001,s2_760_2075,s4_37_47,Passenger Car,s3_28_48,Deployed,s2_97_208,s1_below_1,Male,s2_37_80,s3_141_159,s2_164_318,s3_80_160,s2_2_4
8315,s2_885_1695,s2_n103_99,s4_n40_7,s1_below_4282,s3_3_4,s1_below_2001,s2_760_2075,s4_37_47,Passenger Car,s2_11_28,Not Deployed,s2_97_208,s1_below_1,Female,s2_37_80,s3_141_159,s2_164_318,s3_80_160,s2_2_4
8316,s2_885_1695,s2_n103_99,s4_n40_7,s1_below_4282,s1_below_2,s1_below_2001,s2_760_2075,s3_17_37,Passenger Car,s3_28_48,Deployed,s2_97_208,s1_below_1,Female,s2_37_80,s3_141_159,s2_164_318,s3_80_160,s2_2_4
8317,s2_885_1695,s2_n103_99,s4_n40_7,s1_below_4282,s1_below_2,s1_below_2001,s2_760_2075,s3_17_37,Passenger Car,s2_11_28,Deployed,s2_97_208,s1_below_1,Female,s2_37_80,s3_141_159,s2_164_318,s3_80_160,s2_2_4
8318,s3_1695_2555,s2_n103_99,s5_7_up,s1_below_4282,s1_below_2,s4_2005_2007,s2_760_2075,s3_17_37,Truck (<=6000 lbs.),s3_28_48,Deployed,s2_97_208,s1_below_1,Male,s2_37_80,s3_141_159,s2_164_318,s6_260_up,s2_2_4
8319,s3_1695_2555,s2_n103_99,s5_7_up,s1_below_4282,s1_below_2,s3_2003_2005,s3_2075_3730,s3_17_37,Truck (<=6000 lbs.),s4_48_64,Not Deployed,s2_97_208,s1_below_1,Male,s3_80_96,s4_159_169,s2_164_318,s5_220_260,s3_4_5
8320,s3_1695_2555,s2_n103_99,s4_n40_7,s1_below_4282,s4_4_5,s1_below_2001,s2_760_2075,s3_17_37,Truck (<=6000 lbs.),s3_28_48,Deployed,s2_97_208,s1_below_1,Female,s2_37_80,s3_141_159,s2_164_318,s3_80_160,s2_2_4
8321,s2_885_1695,s2_n103_99,s4_n40_7,s1_below_4282,s2_2_3,s2_2001_2003,s2_760_2075,s3_17_37,Passenger Car,s2_11_28,Not Deployed,s2_97_208,s1_below_1,Female,s2_37_80,s3_141_159,s2_164_318,s2_40_80,s2_2_4
8322,s2_885_1695,s2_n103_99,s4_n40_7,s1_below_4282,s1_below_2,s4_2005_2007,s2_760_2075,s3_17_37,Passenger Car,s3_28_48,Deployed,s2_97_208,s1_below_1,Male,s2_37_80,s3_141_159,s2_164_318,s3_80_160,s2_2_4
8323,s2_885_1695,s2_n103_99,s4_n40_7,s1_below_4282,s1_below_2,s1_below_2001,s2_760_2075,s3_17_37,Passenger Car,s3_28_48,Not Deployed,s2_97_208,s1_below_1,Male,s2_37_80,s3_141_159,s2_164_318,s3_80_160,s2_2_4
8324,s3_1695_2555,s2_n103_99,s5_7_up,s1_below_4282,s3_3_4,s3_2003_2005,s2_760_2075,s4_37_47,Truck (<=10000 lbs.),s3_28_48,Not Deployed,s2_97_208,s1_below_1,Female,s2_37_80,s3_141_159,s2_164_318,s6_260_up,s2_2_4
8325,s2_885_1695,s2_n103_99,s4_n40_7,s1_below_4282,s1_below_2,s2_2001_2003,s2_760_2075,s3_17_37,Passenger Car,s3_28_48,Not Deployed,s2_97_208,s1_below_1,Male,s2_37_80,s3_141_159,s2_164_318,s3_80_160,s2_2_4
8326,s2_885_1695,s2_n103_99,s4_n40_7,s1_below_4282,s1_below_2,s4_2005_2007,s2_760_2075,s3_17_37,Passenger Car,s2_11_28,Not Deployed,s2_97_208,s1_below_1,Male,s3_80_96,s3_141_159,s2_164_318,s3_80_160,s2_2_4
8327,s2_885_1695,s2_n103_99,s4_n40_7,s1_below_4282,s2_2_3,s4_2005_2007,s2_760_2075,s3_17_37,Passenger Car,s3_28_48,Not Deployed,s2_97_208,s1_below_1,Female,s2_37_80,s3_141_159,s2_164_318,s4_160_220,s2_2_4
8328,s3_1695_2555,s2_n103_99,s4_n40_7,s1_below_4282,s1_below_2,s3_2003_2005,s2_760_2075,s3_17_37,Truck (<=6000 lbs.),s4_48_64,Deployed,s2_97_208,s1_below_1,Female,s2_37_80,s4_159_169,s2_164_318,s3_80_160,s3_4_5
8329,s2_885_1695,s2_n103_99,s4_n40_7,s1_below_4282,s1_below_2,s4_2005_2007,s2_760_2075,s3_17_37,Passenger Car,s2_11_28,Not Deployed,s2_97_208,s1_below_1,Male,s2_37_80,s3_141_159,s2_164_318,s5_220_260,s2_2_4
8330,s2_885_1695,s2_n103_99,s4_n40_7,s1_below_4282,s3_3_4,s3_2003_2005,s2_760_2075,s5_47_57,Passenger Car,s2_11_28,Not Deployed,s2_97_208,s1_below_1,Female,s2_37_80,s3_141_159,s2_164_318,s1_below_40,s2_2_4
8331,s2_885_1695,s2_n103_99,s5_7_up,s1_below_4282,s2_2_3,s4_2005_2007,s2_760_2075,s3_17_37,Passenger Car,s2_11_28,Not Deployed,s2_97_208,s1_below_1,Male,s3_80_96,s3_141_159,s2_164_318,s6_260_up,s2_2_4
8332,s3_1695_2555,s2_n103_99,s4_n40_7,s1_below_4282,s3_3_4,s2_2001_2003,s3_2075_3730,s3_17_37,Passenger Car,s4_48_64,Not Deployed,s2_97_208,s2_1_2,Female,s3_80_96,s3_141_159,s2_164_318,s4_160_220,s2_2_4
8333,s4_2555_3715,s2_n103_99,s4_n40_7,s1_below_4282,s4_4_5,s2_2001_2003,s2_760_2075,s3_17_37,Truck (<=10000 lbs.),s3_28_48,Not Deployed,s2_97_208,s1_below_1,Male,s3_80_96,s5_169_179,s2_164_318,s3_80_160,s3_4_5
8334,s2_885_1695,s2_n103_99,s4_n40_7,s1_below_4282,s3_3_4,s4_2005_2007,s2_760_2075,s4_37_47,Passenger Car,s2_11_28,Deployed,s2_97_208,s1_below_1,Female,s6_130_up,s3_141_159,s2_164_318,s3_80_160,s2_2_4
8335,s3_1695_2555,s2_n103_99,s3_n81_n40,s1_below_4282,s2_2_3,s4_2005_2007,s3_2075_3730,s3_17_37,Truck (<=6000 lbs.),s3_28_48,Deployed,s2_97_208,s2_1_2,Male,s3_80_96,s4_159_169,s2_164_318,s3_80_160,s3_4_5
8336,s2_885_1695,s2_n103_99,s4_n40_7,s1_below_4282,s1_below_2,s2_2001_2003,s3_2075_3730,s3_17_37,Passenger Car,s2_11_28,Deployed,s2_97_208,s1_below_1,Male,s3_80_96,s3_141_159,s2_164_318,s3_80_160,s2_2_4
8337,s3_1695_2555,s2_n103_99,s4_n40_7,s1_below_4282,s3_3_4,s4_2005_2007,s2_760_2075,s3_17_37,Passenger Car,s3_28_48,Not Deployed,s2_97_208,s1_below_1,Male,s2_37_80,s4_159_169,s2_164_318,s3_80_160,s3_4_5
8338,s2_885_1695,s2_n103_99,s4_n40_7,s1_below_4282,s3_3_4,s2_2001_2003,s2_760_2075,s3_17_37,Passenger Car,s5_64_76,Not Deployed,s2_97_208,s1_below_1,Male,s2_37_80,s3_141_159,s2_164_318,s3_80_160,s2_2_4
8339,s3_1695_2555,s2_n103_99,s4_n40_7,s1_below_4282,s1_below_2,s2_2001_2003,s2_760_2075,s4_37_47,Truck (<=10000 lbs.),s3_28_48,Deployed,s2_97_208,s1_below_1,Female,s2_37_80,s4_159_169,s2_164_318,s3_80_160,s3_4_5
8340,s3_1695_2555,s2_n103_99,s4_n40_7,s1_below_4282,s3_3_4,s1_below_2001,s2_760_2075,s5_47_57,Passenger Car,s2_11_28,Deployed,s2_97_208,s5_4_5,Male,s6_130_up,s4_159_169,s2_164_318,s3_80_160,s2_2_4
8341,s2_885_1695,s2_n103_99,s4_n40_7,s1_below_4282,s3_3_4,s1_below_2001,s2_760_2075,s3_17_37,Truck (<=6000 lbs.),s3_28_48,Deployed,s2_97_208,s3_2_3,Female,s2_37_80,s3_141_159,s2_164_318,s4_160_220,s2_2_4
8342,s3_1695_2555,s2_n103_99,s4_n40_7,s1_below_4282,s3_3_4,s3_2003_2005,s2_760_2075,s3_17_37,Truck (<=10000 lbs.),s3_28_48,Deployed,s2_97_208,s1_below_1,Male,s4_96_114,s4_159_169,s3_318_464,s3_80_160,s3_4_5
8343,s2_885_1695,s2_n103_99,s4_n40_7,s1_below_4282,s2_2_3,s3_2003_2005,s3_2075_3730,s3_17_37,Passenger Car,s5_64_76,Not Deployed,s2_97_208,s1_below_1,Male,s2_37_80,s3_141_159,s2_164_318,s2_40_80,s2_2_4
8344,s3_1695_2555,s2_n103_99,s4_n40_7,s1_below_4282,s1_below_2,s3_2003_2005,s2_760_2075,s3_17_37,Truck (<=10000 lbs.),s3_28_48,Not Deployed,s2_97_208,s1_below_1,Male,s3_80_96,s4_159_169,s3_318_464,s3_80_160,s4_5_6
8345,s2_885_1695,s2_n103_99,s5_7_up,s1_below_4282,s1_below_2,s4_2005_2007,s2_760_2075,s5_47_57,Passenger Car,s3_28_48,Not Deployed,s2_97_208,s1_below_1,Female,s6_130_up,s3_141_159,s2_164_318,s1_below_40,s2_2_4
8346,s2_885_1695,s2_n103_99,s4_n40_7,s1_below_4282,s1_below_2,s3_2003_2005,s2_760_2075,s3_17_37,Passenger Car,s4_48_64,Not Deployed,s2_97_208,s5_4_5,Female,s2_37_80,s3_141_159,s2_164_318,s1_below_40,s2_2_4
8347,s3_1695_2555,s2_n103_99,s4_n40_7,s1_below_4282,s4_4_5,s2_2001_2003,s2_760_2075,s3_17_37,Truck (<=6000 lbs.),s3_28_48,Not Deployed,s2_97_208,s1_below_1,Male,s4_96_114,s3_141_159,s3_318_464,s3_80_160,s2_2_4
8348,s2_885_1695,s2_n103_99,s4_n40_7,s1_below_4282,s5_5_6,s4_2005_2007,s2_760_2075,s3_17_37,Passenger Car,s3_28_48,Deployed,s2_97_208,s1_below_1,Female,s2_37_80,s3_141_159,s2_164_318,s3_80_160,s2_2_4
8349,s2_885_1695,s2_n103_99,s4_n40_7,s1_below_4282,s4_4_5,s3_2003_2005,s2_760_2075,s3_17_37,Passenger Car,s2_11_28,Not Deployed,s2_97_208,s1_below_1,Male,s3_80_96,s3_141_159,s2_164_318,s3_80_160,s2_2_4
8350,s3_1695_2555,s2_n103_99,s4_n40_7,s1_below_4282,s3_3_4,s4_2005_2007,s2_760_2075,s3_17_37,Truck (<=10000 lbs.),s3_28_48,Not Deployed,s2_97_208,s1_below_1,Male,s3_80_96,s4_159_169,s3_318_464,s4_160_220,s4_5_6
8351,s3_1695_2555,s2_n103_99,s4_n40_7,s1_below_4282,s3_3_4,s1_below_2001,s3_2075_3730,s3_17_37,Passenger Car,s2_11_28,Deployed,s2_97_208,s1_below_1,Female,s3_80_96,s4_159_169,s2_164_318,s3_80_160,s2_2_4
8352,s2_885_1695,s2_n103_99,s4_n40_7,s1_below_4282,s3_3_4,s3_2003_2005,s2_760_2075,s4_37_47,Truck (<=6000 lbs.),s4_48_64,Not Deployed,s2_97_208,s1_below_1,Female,s3_80_96,s3_141_159,s2_164_318,s4_160_220,s2_2_4
8353,s2_885_1695,s2_n103_99,s4_n40_7,s1_below_4282,s4_4_5,s2_2001_2003,s2_760_2075,s4_37_47,Passenger Car,s2_11_28,Deployed,s2_97_208,s1_below_1,Male,s4_96_114,s3_141_159,s2_164_318,s3_80_160,s2_2_4
8354,s3_1695_2555,s2_n103_99,s4_n40_7,s1_below_4282,s4_4_5,s2_2001_2003,s2_760_2075,s3_17_37,Truck (<=6000 lbs.),s5_64_76,Not Deployed,s2_97_208,s1_below_1,Male,s4_96_114,s4_159_169,s3_318_464,s3_80_160,s4_5_6
8355,s2_885_1695,s2_n103_99,s4_n40_7,s1_below_4282,s1_below_2,s3_2003_2005,s2_760_2075,s5_47_57,Passenger Car,s3_28_48,Not Deployed,s2_97_208,s1_below_1,Female,s3_80_96,s3_141_159,s2_164_318,s3_80_160,s2_2_4
8356,s3_1695_2555,s2_n103_99,s4_n40_7,s1_below_4282,s4_4_5,s3_2003_2005,s4_3730_up,s5_47_57,Truck (<=6000 lbs.),s4_48_64,Deployed,s2_97_208,s1_below_1,Male,s2_37_80,s4_159_169,s2_164_318,s3_80_160,s3_4_5
8357,s2_885_1695,s2_n103_99,s5_7_up,s1_below_4282,s3_3_4,s3_2003_2005,s3_2075_3730,s5_47_57,Passenger Car,s3_28_48,Not Deployed,s2_97_208,s1_below_1,Female,s5_114_130,s3_141_159,s2_164_318,s6_260_up,s2_2_4
8358,s2_885_1695,s2_n103_99,s5_7_up,s1_below_4282,s1_below_2,s4_2005_2007,s2_760_2075,s3_17_37,Passenger Car,s3_28_48,Not Deployed,s2_97_208,s1_below_1,Female,s2_37_80,s3_141_159,s2_164_318,s6_260_up,s2_2_4
8359,s2_885_1695,s2_n103_99,s4_n40_7,s1_below_4282,s1_below_2,s3_2003_2005,s2_760_2075,s3_17_37,Passenger Car,s3_28_48,Not Deployed,s2_97_208,s3_2_3,Male,s3_80_96,s3_141_159,s2_164_318,s4_160_220,s2_2_4
8360,s2_885_1695,s2_n103_99,s3_n81_n40,s1_below_4282,s1_below_2,s2_2001_2003,s2_760_2075,s5_47_57,Passenger Car,s4_48_64,Deployed,s2_97_208,s2_1_2,Male,s3_80_96,s3_141_159,s2_164_318,s3_80_160,s2_2_4
8361,s2_885_1695,s2_n103_99,s4_n40_7,s1_below_4282,s3_3_4,s2_2001_2003,s3_2075_3730,s4_37_47,Passenger Car,s2_11_28,Not Deployed,s2_97_208,s1_below_1,Male,s3_80_96,s3_141_159,s2_164_318,s3_80_160,s2_2_4
8362,s3_1695_2555,s2_n103_99,s4_n40_7,s1_below_4282,s1_below_2,s3_2003_2005,s2_760_2075,s5_47_57,Truck (<=6000 lbs.),s2_11_28,Not Deployed,s2_97_208,s1_below_1,Male,s4_96_114,s3_141_159,s2_164_318,s3_80_160,s2_2_4
8363,s3_1695_2555,s2_n103_99,s4_n40_7,s1_below_4282,s1_below_2,s3_2003_2005,s2_760_2075,s5_47_57,Truck (<=10000 lbs.),s4_48_64,Not Deployed,s2_97_208,s1_below_1,Male,s5_114_130,s4_159_169,s3_318_464,s2_40_80,s4_5_6
8364,s2_885_1695,s2_n103_99,s4_n40_7,s1_below_4282,s1_below_2,s4_2005_2007,s2_760_2075,s3_17_37,Passenger Car,s4_48_64,Not Deployed,s2_97_208,s1_below_1,Male,s2_37_80,s3_141_159,s2_164_318,s2_40_80,s2_2_4
8365,s3_1695_2555,s2_n103_99,s5_7_up,s1_below_4282,s3_3_4,s4_2005_2007,s3_2075_3730,s5_47_57,Truck (<=6000 lbs.),s3_28_48,Not Deployed,s2_97_208,s2_1_2,Female,s3_80_96,s4_159_169,s2_164_318,s6_260_up,s3_4_5
8366,s2_885_1695,s2_n103_99,s4_n40_7,s1_below_4282,s4_4_5,s2_2001_2003,s2_760_2075,s3_17_37,Passenger Car,s4_48_64,Deployed,s2_97_208,s1_below_1,Female,s4_96_114,s3_141_159,s2_164_318,s4_160_220,s2_2_4
8367,s2_885_1695,s2_n103_99,s4_n40_7,s1_below_4282,s2_2_3,s4_2005_2007,s2_760_2075,s4_37_47,Passenger Car,s4_48_64,Not Deployed,s2_97_208,s2_1_2,Male,s4_96_114,s3_141_159,s2_164_318,s4_160_220,s2_2_4
8368,s3_1695_2555,s2_n103_99,s4_n40_7,s1_below_4282,s2_2_3,s2_2001_2003,s2_760_2075,s4_37_47,Truck (<=6000 lbs.),s3_28_48,Not Deployed,s2_97_208,s1_below_1,Male,s3_80_96,s3_141_159,s2_164_318,s3_80_160,s2_2_4
8369,s2_885_1695,s2_n103_99,s4_n40_7,s1_below_4282,s3_3_4,s4_2005_2007,s2_760_2075,s4_37_47,Passenger Car,s2_11_28,Deployed,s2_97_208,s1_below_1,Female,s2_37_80,s3_141_159,s2_164_318,s3_80_160,s2_2_4
8370,s2_885_1695,s2_n103_99,s4_n40_7,s1_below_4282,s1_below_2,s3_2003_2005,s3_2075_3730,s4_37_47,Passenger Car,s3_28_48,Deployed,s2_97_208,s6_5_up,Male,s3_80_96,s3_141_159,s2_164_318,s3_80_160,s2_2_4
8371,s2_885_1695,s2_n103_99,s5_7_up,s1_below_4282,s5_5_6,s2_2001_2003,s3_2075_3730,s5_47_57,Passenger Car,s3_28_48,Not Deployed,s2_97_208,s1_below_1,Female,s2_37_80,s3_141_159,s2_164_318,s6_260_up,s2_2_4
8372,s3_1695_2555,s2_n103_99,s4_n40_7,s1_below_4282,s1_below_2,s2_2001_2003,s2_760_2075,s3_17_37,Truck (<=6000 lbs.),s4_48_64,Deployed,s2_97_208,s1_below_1,Female,s2_37_80,s3_141_159,s2_164_318,s3_80_160,s2_2_4
8373,s4_2555_3715,s2_n103_99,s5_7_up,s1_below_4282,s3_3_4,s2_2001_2003,s2_760_2075,s6_57_up,Truck (<=10000 lbs.),s4_48_64,Not Deployed,s2_97_208,s1_below_1,Male,s3_80_96,s4_159_169,s3_318_464,s6_260_up,s4_5_6
8374,s2_885_1695,s2_n103_99,s4_n40_7,s1_below_4282,s4_4_5,s1_below_2001,s2_760_2075,s3_17_37,Passenger Car,s3_28_48,Not Deployed,s2_97_208,s1_below_1,Male,s2_37_80,s3_141_159,s2_164_318,s3_80_160,s2_2_4
8375,s2_885_1695,s2_n103_99,s4_n40_7,s1_below_4282,s1_below_2,s4_2005_2007,s2_760_2075,s3_17_37,Passenger Car,s5_64_76,Not Deployed,s2_97_208,s1_below_1,Female,s2_37_80,s3_141_159,s2_164_318,s3_80_160,s2_2_4
8376,s2_885_1695,s2_n103_99,s4_n40_7,s1_below_4282,s5_5_6,s4_2005_2007,s2_760_2075,s4_37_47,Passenger Car,s5_64_76,Not Deployed,s2_97_208,s1_below_1,Male,s4_96_114,s3_141_159,s2_164_318,s4_160_220,s2_2_4
8377,s2_885_1695,s2_n103_99,s4_n40_7,s1_below_4282,s4_4_5,s4_2005_2007,s2_760_2075,s6_57_up,Passenger Car,s3_28_48,Not Deployed,s2_97_208,s1_below_1,Male,s2_37_80,s3_141_159,s2_164_318,s3_80_160,s2_2_4
8378,s2_885_1695,s2_n103_99,s4_n40_7,s1_below_4282,s2_2_3,s4_2005_2007,s2_760_2075,s4_37_47,Passenger Car,s3_28_48,Not Deployed,s2_97_208,s1_below_1,Female,s3_80_96,s4_159_169,s2_164_318,s4_160_220,s2_2_4
8379,s2_885_1695,s2_n103_99,s4_n40_7,s1_below_4282,s3_3_4,s3_2003_2005,s2_760_2075,s3_17_37,Passenger Car,s3_28_48,Not Deployed,s2_97_208,s1_below_1,Female,s2_37_80,s3_141_159,s2_164_318,s3_80_160,s2_2_4
8380,s2_885_1695,s2_n103_99,s4_n40_7,s1_below_4282,s3_3_4,s2_2001_2003,s2_760_2075,s4_37_47,Passenger Car,s5_64_76,Deployed,s2_97_208,s1_below_1,Female,s2_37_80,s3_141_159,s2_164_318,s4_160_220,s2_2_4
8381,s2_885_1695,s2_n103_99,s5_7_up,s1_below_4282,s1_below_2,s4_2005_2007,s3_2075_3730,s3_17_37,Passenger Car,s2_11_28,Not Deployed,s2_97_208,s1_below_1,Male,s4_96_114,s3_141_159,s2_164_318,s6_260_up,s2_2_4
8382,s3_1695_2555,s2_n103_99,s4_n40_7,s1_below_4282,s4_4_5,s1_below_2001,s2_760_2075,s3_17_37,Truck (<=6000 lbs.),s3_28_48,Deployed,s2_97_208,s1_below_1,Female,s2_37_80,s3_141_159,s2_164_318,s3_80_160,s2_2_4
8383,s3_1695_2555,s2_n103_99,s5_7_up,s1_below_4282,s2_2_3,s1_below_2001,s2_760_2075,s3_17_37,Truck (<=6000 lbs.),s3_28_48,Not Deployed,s2_97_208,s1_below_1,Female,s3_80_96,s4_159_169,s2_164_318,s6_260_up,s3_4_5
8384,s2_885_1695,s2_n103_99,s4_n40_7,s1_below_4282,s3_3_4,s1_below_2001,s2_760_2075,s6_57_up,Passenger Car,s2_11_28,Deployed,s2_97_208,s1_below_1,Male,s3_80_96,s3_141_159,s2_164_318,s3_80_160,s2_2_4
8385,s3_1695_2555,s2_n103_99,s4_n40_7,s1_below_4282,s3_3_4,s1_below_2001,s2_760_2075,s3_17_37,Truck (<=10000 lbs.),s3_28_48,Deployed,s2_97_208,s1_below_1,Male,s5_114_130,s5_169_179,s3_318_464,s4_160_220,s4_5_6
8386,s2_885_1695,s2_n103_99,s4_n40_7,s1_below_4282,s1_below_2,s1_below_2001,s2_760_2075,s3_17_37,Passenger Car,s2_11_28,Not Deployed,s2_97_208,s3_2_3,Female,s2_37_80,s3_141_159,s2_164_318,s4_160_220,s2_2_4
8387,s2_885_1695,s2_n103_99,s4_n40_7,s1_below_4282,s1_below_2,s3_2003_2005,s2_760_2075,s3_17_37,Passenger Car,s3_28_48,Deployed,s2_97_208,s3_2_3,Female,s2_37_80,s3_141_159,s2_164_318,s3_80_160,s2_2_4
8388,s3_1695_2555,s2_n103_99,s4_n40_7,s1_below_4282,s3_3_4,s4_2005_2007,s2_760_2075,s3_17_37,Truck (<=10000 lbs.),s4_48_64,Deployed,s2_97_208,s1_below_1,Male,s2_37_80,s5_169_179,s3_318_464,s3_80_160,s4_5_6
8389,s3_1695_2555,s2_n103_99,s5_7_up,s1_below_4282,s1_below_2,s3_2003_2005,s2_760_2075,s3_17_37,Truck (<=6000 lbs.),s3_28_48,Not Deployed,s2_97_208,s1_below_1,Female,s2_37_80,s3_141_159,s2_164_318,s6_260_up,s2_2_4
8390,s2_885_1695,s2_n103_99,s4_n40_7,s1_below_4282,s1_below_2,s3_2003_2005,s2_760_2075,s3_17_37,Passenger Car,s5_64_76,Not Deployed,s2_97_208,s1_below_1,Male,s3_80_96,s3_141_159,s2_164_318,s4_160_220,s2_2_4
8391,s2_885_1695,s2_n103_99,s4_n40_7,s1_below_4282,s2_2_3,s3_2003_2005,s2_760_2075,s3_17_37,Passenger Car,s3_28_48,Deployed,s2_97_208,s1_below_1,Female,s2_37_80,s3_141_159,s2_164_318,s3_80_160,s2_2_4
8392,s2_885_1695,s2_n103_99,s4_n40_7,s1_below_4282,s3_3_4,s4_2005_2007,s2_760_2075,s3_17_37,Passenger Car,s2_11_28,Not Deployed,s2_97_208,s1_below_1,Female,s4_96_114,s3_141_159,s2_164_318,s4_160_220,s2_2_4
8393,s2_885_1695,s2_n103_99,s4_n40_7,s1_below_4282,s1_below_2,s3_2003_2005,s2_760_2075,s4_37_47,Truck (<=6000 lbs.),s2_11_28,Deployed,s2_97_208,s3_2_3,Male,s2_37_80,s3_141_159,s2_164_318,s3_80_160,s2_2_4
8394,s2_885_1695,s2_n103_99,s4_n40_7,s1_below_4282,s3_3_4,s4_2005_2007,s3_2075_3730,s3_17_37,Truck (<=6000 lbs.),s2_11_28,Deployed,s2_97_208,s1_below_1,Male,s2_37_80,s5_169_179,s3_318_464,s3_80_160,s4_5_6
8395,s3_1695_2555,s2_n103_99,s4_n40_7,s1_below_4282,s1_below_2,s2_2001_2003,s2_760_2075,s3_17_37,Truck (<=6000 lbs.),s6_76_up,Not Deployed,s2_97_208,s1_below_1,Male,s2_37_80,s3_141_159,s2_164_318,s2_40_80,s2_2_4
8396,s2_885_1695,s2_n103_99,s4_n40_7,s1_below_4282,s3_3_4,s4_2005_2007,s2_760_2075,s3_17_37,Passenger Car,s4_48_64,Not Deployed,s2_97_208,s1_below_1,Female,s2_37_80,s3_141_159,s2_164_318,s2_40_80,s2_2_4
8397,s3_1695_2555,s2_n103_99,s4_n40_7,s1_below_4282,s4_4_5,s3_2003_2005,s2_760_2075,s3_17_37,Passenger Car,s2_11_28,Deployed,s2_97_208,s1_below_1,Female,s2_37_80,s3_141_159,s2_164_318,s3_80_160,s2_2_4
8398,s3_1695_2555,s2_n103_99,s4_n40_7,s1_below_4282,s1_below_2,s1_below_2001,s2_760_2075,s3_17_37,Truck (<=6000 lbs.),s4_48_64,Deployed,s2_97_208,s1_below_1,Male,s4_96_114,s3_141_159,s2_164_318,s3_80_160,s2_2_4
8399,s3_1695_2555,s2_n103_99,s4_n40_7,s1_below_4282,s1_below_2,s3_2003_2005,s2_760_2075,s3_17_37,Truck (<=6000 lbs.),s3_28_48,Not Deployed,s2_97_208,s1_below_1,Female,s3_80_96,s4_159_169,s2_164_318,s3_80_160,s3_4_5
8400,s3_1695_2555,s2_n103_99,s4_n40_7,s1_below_4282,s4_4_5,s3_2003_2005,s2_760_2075,s5_47_57,Truck (<=10000 lbs.),s3_28_48,Deployed,s2_97_208,s1_below_1,Female,s2_37_80,s3_141_159,s3_318_464,s4_160_220,s3_4_5
8401,s2_885_1695,s2_n103_99,s3_n81_n40,s1_below_4282,s1_below_2,s3_2003_2005,s2_760_2075,s4_37_47,Truck (<=6000 lbs.),s5_64_76,Deployed,s2_97_208,s1_below_1,Male,s2_37_80,s3_141_159,s2_164_318,s3_80_160,s2_2_4
8402,s2_885_1695,s2_n103_99,s4_n40_7,s1_below_4282,s2_2_3,s4_2005_2007,s2_760_2075,s1_below_7,Truck (<=6000 lbs.),s3_28_48,Deployed,s2_97_208,s2_1_2,Female,s4_96_114,s3_141_159,s2_164_318,s3_80_160,s2_2_4
8403,s2_885_1695,s2_n103_99,s4_n40_7,s1_below_4282,s5_5_6,s1_below_2001,s2_760_2075,s3_17_37,Passenger Car,s2_11_28,Deployed,s2_97_208,s1_below_1,Male,s2_37_80,s3_141_159,s2_164_318,s3_80_160,s2_2_4
8404,s2_885_1695,s2_n103_99,s4_n40_7,s1_below_4282,s4_4_5,s2_2001_2003,s2_760_2075,s3_17_37,Passenger Car,s2_11_28,Not Deployed,s2_97_208,s1_below_1,Female,s2_37_80,s3_141_159,s2_164_318,s3_80_160,s2_2_4
8405,s2_885_1695,s2_n103_99,s4_n40_7,s1_below_4282,s3_3_4,s4_2005_2007,s2_760_2075,s3_17_37,Passenger Car,s2_11_28,Not Deployed,s2_97_208,s1_below_1,Male,s4_96_114,s3_141_159,s2_164_318,s4_160_220,s2_2_4
8406,s2_885_1695,s2_n103_99,s4_n40_7,s1_below_4282,s1_below_2,s1_below_2001,s2_760_2075,s3_17_37,Truck (<=6000 lbs.),s4_48_64,Deployed,s1_below_97,s1_below_1,Female,s2_37_80,s3_141_159,s2_164_318,s4_160_220,s2_2_4
8407,s3_1695_2555,s2_n103_99,s4_n40_7,s1_below_4282,s3_3_4,s2_2001_2003,s2_760_2075,s3_17_37,Truck (<=6000 lbs.),s4_48_64,Not Deployed,s2_97_208,s1_below_1,Male,s3_80_96,s3_141_159,s2_164_318,s4_160_220,s2_2_4
8408,s3_1695_2555,s2_n103_99,s4_n40_7,s1_below_4282,s1_below_2,s4_2005_2007,s2_760_2075,s3_17_37,Passenger Car,s3_28_48,Not Deployed,s2_97_208,s1_below_1,Male,s3_80_96,s4_159_169,s2_164_318,s3_80_160,s2_2_4
8409,s3_1695_2555,s2_n103_99,s4_n40_7,s1_below_4282,s2_2_3,s1_below_2001,s2_760_2075,s3_17_37,Truck (<=10000 lbs.),s3_28_48,Not Deployed,s2_97_208,s1_below_1,Male,s2_37_80,s5_169_179,s3_318_464,s2_40_80,s4_5_6
8410,s2_885_1695,s2_n103_99,s4_n40_7,s1_below_4282,s3_3_4,s1_below_2001,s2_760_2075,s5_47_57,Passenger Car,s3_28_48,Deployed,s2_97_208,s1_below_1,Female,s2_37_80,s3_141_159,s2_164_318,s3_80_160,s2_2_4
8411,s2_885_1695,s2_n103_99,s3_n81_n40,s1_below_4282,s4_4_5,s4_2005_2007,s3_2075_3730,s5_47_57,Passenger Car,s2_11_28,Deployed,s2_97_208,s1_below_1,Female,s2_37_80,s3_141_159,s2_164_318,s3_80_160,s2_2_4
8412,s2_885_1695,s2_n103_99,s3_n81_n40,s1_below_4282,s3_3_4,s4_2005_2007,s2_760_2075,s3_17_37,Passenger Car,s2_11_28,Deployed,s2_97_208,s3_2_3,Female,s2_37_80,s3_141_159,s2_164_318,s4_160_220,s2_2_4
8413,s2_885_1695,s2_n103_99,s4_n40_7,s1_below_4282,s2_2_3,s1_below_2001,s2_760_2075,s5_47_57,Passenger Car,s5_64_76,Not Deployed,s2_97_208,s1_below_1,Male,s2_37_80,s3_141_159,s2_164_318,s2_40_80,s2_2_4
8414,s2_885_1695,s2_n103_99,s4_n40_7,s1_below_4282,s4_4_5,s3_2003_2005,s2_760_2075,s5_47_57,Passenger Car,s3_28_48,Deployed,s2_97_208,s1_below_1,Male,s4_96_114,s3_141_159,s2_164_318,s3_80_160,s2_2_4
8415,s2_885_1695,s2_n103_99,s4_n40_7,s1_below_4282,s3_3_4,s4_2005_2007,s2_760_2075,s5_47_57,Truck (<=6000 lbs.),s3_28_48,Deployed,s2_97_208,s1_below_1,Female,s3_80_96,s3_141_159,s2_164_318,s3_80_160,s2_2_4
8416,s2_885_1695,s2_n103_99,s4_n40_7,s1_below_4282,s5_5_6,s4_2005_2007,s2_760_2075,s3_17_37,Passenger Car,s2_11_28,Deployed,s2_97_208,s2_1_2,Female,s3_80_96,s3_141_159,s2_164_318,s2_40_80,s2_2_4
8417,s2_885_1695,s2_n103_99,s5_7_up,s1_below_4282,s2_2_3,s4_2005_2007,s2_760_2075,s3_17_37,Passenger Car,s4_48_64,Not Deployed,s2_97_208,s1_below_1,Female,s2_37_80,s3_141_159,s2_164_318,s6_260_up,s2_2_4
8418,s2_885_1695,s2_n103_99,s4_n40_7,s1_below_4282,s1_below_2,s3_2003_2005,s2_760_2075,s3_17_37,Passenger Car,s3_28_48,Not Deployed,s2_97_208,s1_below_1,Female,s2_37_80,s3_141_159,s2_164_318,s3_80_160,s2_2_4
8419,s2_885_1695,s2_n103_99,s5_7_up,s1_below_4282,s1_below_2,s2_2001_2003,s2_760_2075,s3_17_37,Passenger Car,s2_11_28,Not Deployed,s2_97_208,s1_below_1,Female,s2_37_80,s3_141_159,s2_164_318,s6_260_up,s2_2_4
8420,s2_885_1695,s2_n103_99,s3_n81_n40,s1_below_4282,s1_below_2,s1_below_2001,s2_760_2075,s3_17_37,Passenger Car,s3_28_48,Deployed,s2_97_208,s3_2_3,Female,s2_37_80,s3_141_159,s2_164_318,s3_80_160,s2_2_4
8421,s3_1695_2555,s2_n103_99,s4_n40_7,s1_below_4282,s4_4_5,s2_2001_2003,s2_760_2075,s5_47_57,Truck (<=6000 lbs.),s3_28_48,Not Deployed,s2_97_208,s1_below_1,Male,s4_96_114,s2_116_141,s2_164_318,s3_80_160,s2_2_4
8422,s2_885_1695,s2_n103_99,s4_n40_7,s1_below_4282,s4_4_5,s3_2003_2005,s2_760_2075,s4_37_47,Passenger Car,s3_28_48,Deployed,s2_97_208,s1_below_1,Male,s3_80_96,s3_141_159,s2_164_318,s4_160_220,s2_2_4
8423,s2_885_1695,s2_n103_99,s4_n40_7,s1_below_4282,s1_below_2,s2_2001_2003,s2_760_2075,s3_17_37,Truck (<=6000 lbs.),s2_11_28,Not Deployed,s2_97_208,s1_below_1,Female,s2_37_80,s3_141_159,s2_164_318,s3_80_160,s2_2_4
8424,s3_1695_2555,s2_n103_99,s4_n40_7,s1_below_4282,s1_below_2,s4_2005_2007,s2_760_2075,s4_37_47,Truck (<=6000 lbs.),s3_28_48,Deployed,s2_97_208,s1_below_1,Male,s3_80_96,s3_141_159,s2_164_318,s3_80_160,s2_2_4
8425,s2_885_1695,s2_n103_99,s4_n40_7,s1_below_4282,s1_below_2,s2_2001_2003,s2_760_2075,s4_37_47,Passenger Car,s5_64_76,Not Deployed,s2_97_208,s1_below_1,Female,s3_80_96,s3_141_159,s2_164_318,s2_40_80,s2_2_4
8426,s2_885_1695,s2_n103_99,s4_n40_7,s1_below_4282,s2_2_3,s1_below_2001,s2_760_2075,s4_37_47,Passenger Car,s3_28_48,Not Deployed,s2_97_208,s1_below_1,Female,s4_96_114,s3_141_159,s2_164_318,s3_80_160,s2_2_4
8427,s2_885_1695,s2_n103_99,s4_n40_7,s1_below_4282,s3_3_4,s3_2003_2005,s2_760_2075,s4_37_47,Passenger Car,s3_28_48,Not Deployed,s2_97_208,s1_below_1,Male,s6_130_up,s3_141_159,s2_164_318,s2_40_80,s2_2_4
8428,s2_885_1695,s2_n103_99,s4_n40_7,s1_below_4282,s2_2_3,s2_2001_2003,s2_760_2075,s3_17_37,Passenger Car,s3_28_48,Not Deployed,s2_97_208,s2_1_2,Male,s3_80_96,s3_141_159,s2_164_318,s4_160_220,s2_2_4
8429,s2_885_1695,s2_n103_99,s4_n40_7,s1_below_4282,s2_2_3,s1_below_2001,s2_760_2075,s3_17_37,Passenger Car,s3_28_48,Deployed,s2_97_208,s1_below_1,Female,s3_80_96,s3_141_159,s2_164_318,s3_80_160,s2_2_4
8430,s3_1695_2555,s2_n103_99,s4_n40_7,s1_below_4282,s3_3_4,s4_2005_2007,s2_760_2075,s5_47_57,Truck (<=10000 lbs.),s3_28_48,Deployed,s2_97_208,s1_below_1,Male,s4_96_114,s4_159_169,s2_164_318,s3_80_160,s3_4_5
8431,s3_1695_2555,s2_n103_99,s3_n81_n40,s1_below_4282,s2_2_3,s3_2003_2005,s3_2075_3730,s5_47_57,Truck (<=6000 lbs.),s3_28_48,Deployed,s2_97_208,s3_2_3,Male,s2_37_80,s3_141_159,s2_164_318,s2_40_80,s2_2_4
8432,s2_885_1695,s2_n103_99,s4_n40_7,s1_below_4282,s3_3_4,s3_2003_2005,s2_760_2075,s3_17_37,Passenger Car,s3_28_48,Not Deployed,s2_97_208,s1_below_1,Female,s2_37_80,s3_141_159,s2_164_318,s3_80_160,s2_2_4
8433,s3_1695_2555,s2_n103_99,s4_n40_7,s1_below_4282,s3_3_4,s2_2001_2003,s2_760_2075,s5_47_57,Truck (<=10000 lbs.),s3_28_48,Deployed,s2_97_208,s1_below_1,Male,s5_114_130,s5_169_179,s3_318_464,s3_80_160,s4_5_6
8434,s2_885_1695,s2_n103_99,s4_n40_7,s1_below_4282,s3_3_4,s3_2003_2005,s2_760_2075,s3_17_37,Passenger Car,s2_11_28,Not Deployed,s2_97_208,s1_below_1,Female,s2_37_80,s3_141_159,s2_164_318,s4_160_220,s2_2_4
8435,s2_885_1695,s2_n103_99,s3_n81_n40,s1_below_4282,s1_below_2,s2_2001_2003,s2_760_2075,s1_below_7,Passenger Car,s2_11_28,Deployed,s2_97_208,s3_2_3,Female,s2_37_80,s3_141_159,s2_164_318,s3_80_160,s2_2_4
8436,s3_1695_2555,s2_n103_99,s4_n40_7,s1_below_4282,s1_below_2,s4_2005_2007,s2_760_2075,s5_47_57,Truck (<=6000 lbs.),s3_28_48,Deployed,s2_97_208,s1_below_1,Female,s2_37_80,s3_141_159,s2_164_318,s3_80_160,s2_2_4
8437,s2_885_1695,s2_n103_99,s4_n40_7,s1_below_4282,s1_below_2,s3_2003_2005,s2_760_2075,s5_47_57,Passenger Car,s2_11_28,Deployed,s2_97_208,s1_below_1,Male,s4_96_114,s3_141_159,s2_164_318,s3_80_160,s2_2_4
8438,s2_885_1695,s2_n103_99,s4_n40_7,s1_below_4282,s2_2_3,s1_below_2001,s2_760_2075,s3_17_37,Passenger Car,s3_28_48,Deployed,s2_97_208,s1_below_1,Female,s2_37_80,s3_141_159,s2_164_318,s3_80_160,s2_2_4
8439,s4_2555_3715,s2_n103_99,s4_n40_7,s1_below_4282,s3_3_4,s4_2005_2007,s3_2075_3730,s5_47_57,Truck (<=10000 lbs.),s3_28_48,Not Deployed,s2_97_208,s1_below_1,Male,s6_130_up,s5_169_179,s3_318_464,s3_80_160,s4_5_6
8440,s2_885_1695,s2_n103_99,s4_n40_7,s1_below_4282,s1_below_2,s1_below_2001,s2_760_2075,s3_17_37,Passenger Car,s2_11_28,Not Deployed,s2_97_208,s2_1_2,Female,s2_37_80,s3_141_159,s2_164_318,s2_40_80,s2_2_4
8441,s2_885_1695,s2_n103_99,s4_n40_7,s1_below_4282,s1_below_2,s1_below_2001,s2_760_2075,s3_17_37,Passenger Car,s2_11_28,Not Deployed,s2_97_208,s1_below_1,Male,s2_37_80,s3_141_159,s2_164_318,s3_80_160,s2_2_4
8442,s2_885_1695,s2_n103_99,s5_7_up,s1_below_4282,s1_below_2,s3_2003_2005,s2_760_2075,s5_47_57,Truck (<=6000 lbs.),s4_48_64,Not Deployed,s2_97_208,s1_below_1,Male,s2_37_80,s3_141_159,s2_164_318,s5_220_260,s2_2_4
8443,s2_885_1695,s2_n103_99,s4_n40_7,s1_below_4282,s1_below_2,s2_2001_2003,s2_760_2075,s5_47_57,Passenger Car,s5_64_76,Deployed,s2_97_208,s3_2_3,Female,s2_37_80,s3_141_159,s2_164_318,s3_80_160,s2_2_4
8444,s4_2555_3715,s2_n103_99,s4_n40_7,s1_below_4282,s1_below_2,s4_2005_2007,s2_760_2075,s4_37_47,Truck (<=10000 lbs.),s3_28_48,Not Deployed,s2_97_208,s1_below_1,Male,s2_37_80,s3_141_159,s2_164_318,s3_80_160,s2_2_4
8445,s2_885_1695,s2_n103_99,s4_n40_7,s1_below_4282,s1_below_2,s3_2003_2005,s2_760_2075,s4_37_47,Truck (<=6000 lbs.),s3_28_48,Not Deployed,s2_97_208,s1_below_1,Female,s3_80_96,s3_141_159,s2_164_318,s3_80_160,s2_2_4
8446,s3_1695_2555,s2_n103_99,s3_n81_n40,s1_below_4282,s2_2_3,s4_2005_2007,s2_760_2075,s6_57_up,Truck (<=10000 lbs.),s4_48_64,Deployed,s2_97_208,s3_2_3,Male,s3_80_96,s5_169_179,s3_318_464,s3_80_160,s4_5_6
8447,s2_885_1695,s2_n103_99,s4_n40_7,s1_below_4282,s1_below_2,s2_2001_2003,s2_760_2075,s6_57_up,Passenger Car,s3_28_48,Deployed,s2_97_208,s1_below_1,Female,s4_96_114,s3_141_159,s2_164_318,s6_260_up,s2_2_4
8448,s3_1695_2555,s2_n103_99,s3_n81_n40,s1_below_4282,s3_3_4,s1_below_2001,s2_760_2075,s5_47_57,Truck (<=6000 lbs.),s3_28_48,Deployed,s2_97_208,s1_below_1,Female,s2_37_80,s3_141_159,s2_164_318,s3_80_160,s3_4_5
8449,s2_885_1695,s2_n103_99,s3_n81_n40,s1_below_4282,s1_below_2,s4_2005_2007,s3_2075_3730,s6_57_up,Passenger Car,s4_48_64,Deployed,s2_97_208,s6_5_up,Male,s4_96_114,s3_141_159,s2_164_318,s3_80_160,s2_2_4
8450,s3_1695_2555,s2_n103_99,s4_n40_7,s1_below_4282,s4_4_5,s3_2003_2005,s2_760_2075,s4_37_47,Truck (<=6000 lbs.),s2_11_28,Deployed,s2_97_208,s1_below_1,Female,s2_37_80,s3_141_159,s2_164_318,s3_80_160,s2_2_4
8451,s3_1695_2555,s2_n103_99,s4_n40_7,s1_below_4282,s1_below_2,s2_2001_2003,s3_2075_3730,s5_47_57,Truck (<=6000 lbs.),s2_11_28,Deployed,s2_97_208,s1_below_1,Female,s2_37_80,s3_141_159,s2_164_318,s3_80_160,s2_2_4
8452,s3_1695_2555,s2_n103_99,s3_n81_n40,s1_below_4282,s1_below_2,s3_2003_2005,s2_760_2075,s5_47_57,Truck (<=10000 lbs.),s2_11_28,Deployed,s2_97_208,s1_below_1,Female,s2_37_80,s4_159_169,s3_318_464,s3_80_160,s4_5_6
8453,s3_1695_2555,s2_n103_99,s4_n40_7,s1_below_4282,s1_below_2,s4_2005_2007,s2_760_2075,s4_37_47,Truck (<=6000 lbs.),s2_11_28,Deployed,s2_97_208,s6_5_up,Male,s5_114_130,s4_159_169,s2_164_318,s2_40_80,s2_2_4
8454,s3_1695_2555,s2_n103_99,s4_n40_7,s1_below_4282,s1_below_2,s4_2005_2007,s3_2075_3730,s5_47_57,Passenger Car,s2_11_28,Deployed,s2_97_208,s4_3_4,Male,s3_80_96,s2_116_141,s2_164_318,s3_80_160,s2_2_4
8455,s4_2555_3715,s2_n103_99,s4_n40_7,s1_below_4282,s1_below_2,s4_2005_2007,s3_2075_3730,s5_47_57,Truck (<=10000 lbs.),s3_28_48,Deployed,s2_97_208,s3_2_3,Male,s4_96_114,s5_169_179,s3_318_464,s4_160_220,s5_6_7
8456,s2_885_1695,s2_n103_99,s4_n40_7,s1_below_4282,s2_2_3,s2_2001_2003,s3_2075_3730,s3_17_37,Passenger Car,s2_11_28,Deployed,s2_97_208,s1_below_1,Female,s2_37_80,s3_141_159,s2_164_318,s3_80_160,s2_2_4
8457,s3_1695_2555,s2_n103_99,s4_n40_7,s1_below_4282,s4_4_5,s3_2003_2005,s3_2075_3730,s4_37_47,Truck (<=6000 lbs.),s3_28_48,Deployed,s2_97_208,s1_below_1,Male,s3_80_96,s3_141_159,s2_164_318,s4_160_220,s2_2_4
8458,s3_1695_2555,s2_n103_99,s4_n40_7,s1_below_4282,s4_4_5,s2_2001_2003,s2_760_2075,s4_37_47,Truck (<=10000 lbs.),s5_64_76,Deployed,s2_97_208,s1_below_1,Male,s3_80_96,s4_159_169,s3_318_464,s3_80_160,s4_5_6
8459,s2_885_1695,s2_n103_99,s4_n40_7,s1_below_4282,s2_2_3,s1_below_2001,s2_760_2075,s4_37_47,Passenger Car,s3_28_48,Deployed,s2_97_208,s3_2_3,Female,s2_37_80,s3_141_159,s2_164_318,s2_40_80,s2_2_4
8460,s3_1695_2555,s2_n103_99,s4_n40_7,s1_below_4282,s1_below_2,s4_2005_2007,s3_2075_3730,s4_37_47,Truck (<=6000 lbs.),s3_28_48,Not Deployed,s2_97_208,s1_below_1,Female,s2_37_80,s3_141_159,s2_164_318,s3_80_160,s2_2_4
8461,s2_885_1695,s2_n103_99,s4_n40_7,s1_below_4282,s2_2_3,s4_2005_2007,s3_2075_3730,s6_57_up,Passenger Car,s5_64_76,Not Deployed,s2_97_208,s5_4_5,Female,s2_37_80,s3_141_159,s2_164_318,s6_260_up,s2_2_4
8462,s3_1695_2555,s2_n103_99,s5_7_up,s1_below_4282,s1_below_2,s1_below_2001,s2_760_2075,s4_37_47,Truck (<=10000 lbs.),s4_48_64,Not Deployed,s2_97_208,s1_below_1,Male,s6_130_up,s4_159_169,s2_164_318,s6_260_up,s3_4_5
8463,s3_1695_2555,s2_n103_99,s4_n40_7,s1_below_4282,s1_below_2,s2_2001_2003,s2_760_2075,s3_17_37,Truck (<=6000 lbs.),s6_76_up,Not Deployed,s2_97_208,s1_below_1,Male,s4_96_114,s3_141_159,s2_164_318,s4_160_220,s2_2_4
8464,s2_885_1695,s2_n103_99,s4_n40_7,s1_below_4282,s1_below_2,s3_2003_2005,s3_2075_3730,s3_17_37,Passenger Car,s3_28_48,Deployed,s2_97_208,s1_below_1,Female,s3_80_96,s3_141_159,s2_164_318,s2_40_80,s2_2_4
8465,s2_885_1695,s2_n103_99,s4_n40_7,s1_below_4282,s4_4_5,s4_2005_2007,s2_760_2075,s3_17_37,Passenger Car,s2_11_28,Not Deployed,s2_97_208,s1_below_1,Male,s3_80_96,s3_141_159,s2_164_318,s3_80_160,s2_2_4
8466,s2_885_1695,s2_n103_99,s4_n40_7,s1_below_4282,s2_2_3,s2_2001_2003,s2_760_2075,s3_17_37,Passenger Car,s2_11_28,Not Deployed,s2_97_208,s1_below_1,Female,s2_37_80,s3_141_159,s2_164_318,s3_80_160,s2_2_4
8467,s2_885_1695,s2_n103_99,s4_n40_7,s1_below_4282,s1_below_2,s2_2001_2003,s2_760_2075,s6_57_up,Passenger Car,s2_11_28,Deployed,s2_97_208,s1_below_1,Female,s4_96_114,s3_141_159,s2_164_318,s4_160_220,s2_2_4
8468,s2_885_1695,s2_n103_99,s4_n40_7,s1_below_4282,s1_below_2,s2_2001_2003,s2_760_2075,s6_57_up,Passenger Car,s3_28_48,Deployed,s2_97_208,s1_below_1,Male,s3_80_96,s3_141_159,s2_164_318,s3_80_160,s2_2_4
8469,s2_885_1695,s2_n103_99,s4_n40_7,s1_below_4282,s2_2_3,s2_2001_2003,s2_760_2075,s5_47_57,Passenger Car,s3_28_48,Deployed,s2_97_208,s1_below_1,Female,s2_37_80,s3_141_159,s2_164_318,s2_40_80,s2_2_4
8470,s2_885_1695,s2_n103_99,s5_7_up,s1_below_4282,s2_2_3,s2_2001_2003,s3_2075_3730,s3_17_37,Passenger Car,s4_48_64,Not Deployed,s2_97_208,s1_below_1,Male,s3_80_96,s3_141_159,s2_164_318,s6_260_up,s2_2_4
8471,s3_1695_2555,s2_n103_99,s4_n40_7,s1_below_4282,s4_4_5,s1_below_2001,s3_2075_3730,s3_17_37,Truck (<=6000 lbs.),s6_76_up,Not Deployed,s2_97_208,s1_below_1,Male,s3_80_96,s4_159_169,s2_164_318,s1_below_40,s3_4_5
8472,s2_885_1695,s2_n103_99,s4_n40_7,s1_below_4282,s3_3_4,s3_2003_2005,s3_2075_3730,s4_37_47,Passenger Car,s2_11_28,Not Deployed,s2_97_208,s1_below_1,Male,s2_37_80,s3_141_159,s2_164_318,s3_80_160,s2_2_4
8473,s2_885_1695,s2_n103_99,s4_n40_7,s1_below_4282,s2_2_3,s1_below_2001,s3_2075_3730,s4_37_47,Truck (<=6000 lbs.),s4_48_64,Not Deployed,s2_97_208,s1_below_1,Female,s2_37_80,s4_159_169,s2_164_318,s3_80_160,s3_4_5
8474,s3_1695_2555,s2_n103_99,s5_7_up,s1_below_4282,s2_2_3,s3_2003_2005,s2_760_2075,s3_17_37,Truck (<=10000 lbs.),s3_28_48,Not Deployed,s2_97_208,s1_below_1,Male,s2_37_80,s4_159_169,s3_318_464,s6_260_up,s4_5_6
8475,s2_885_1695,s2_n103_99,s4_n40_7,s1_below_4282,s4_4_5,s5_2007_2009,s2_760_2075,s3_17_37,Truck (<=6000 lbs.),s2_11_28,Not Deployed,s2_97_208,s1_below_1,Female,s2_37_80,s3_141_159,s2_164_318,s4_160_220,s2_2_4
8476,s2_885_1695,s2_n103_99,s3_n81_n40,s1_below_4282,s1_below_2,s4_2005_2007,s3_2075_3730,s5_47_57,Passenger Car,s3_28_48,Deployed,s2_97_208,s1_below_1,Male,s2_37_80,s3_141_159,s2_164_318,s3_80_160,s2_2_4
8477,s3_1695_2555,s2_n103_99,s5_7_up,s1_below_4282,s1_below_2,s1_below_2001,s2_760_2075,s5_47_57,Truck (<=10000 lbs.),s3_28_48,Not Deployed,s2_97_208,s1_below_1,Male,s5_114_130,s4_159_169,s2_164_318,s6_260_up,s3_4_5
8478,s3_1695_2555,s2_n103_99,s4_n40_7,s1_below_4282,s1_below_2,s1_below_2001,s2_760_2075,s6_57_up,Truck (<=6000 lbs.),s4_48_64,Deployed,s2_97_208,s1_below_1,Male,s3_80_96,s3_141_159,s2_164_318,s3_80_160,s3_4_5
8479,s3_1695_2555,s2_n103_99,s4_n40_7,s1_below_4282,s1_below_2,s2_2001_2003,s2_760_2075,s6_57_up,Truck (<=10000 lbs.),s2_11_28,Deployed,s2_97_208,s1_below_1,Male,s4_96_114,s4_159_169,s3_318_464,s3_80_160,s4_5_6
8480,s2_885_1695,s2_n103_99,s5_7_up,s1_below_4282,s1_below_2,s4_2005_2007,s2_760_2075,s6_57_up,Passenger Car,s2_11_28,Not Deployed,s2_97_208,s1_below_1,Female,s2_37_80,s3_141_159,s2_164_318,s6_260_up,s2_2_4
8481,s3_1695_2555,s2_n103_99,s4_n40_7,s1_below_4282,s1_below_2,s4_2005_2007,s2_760_2075,s5_47_57,Truck (<=6000 lbs.),s3_28_48,Not Deployed,s2_97_208,s1_below_1,Female,s2_37_80,s4_159_169,s2_164_318,s3_80_160,s2_2_4
8482,s2_885_1695,s2_n103_99,s4_n40_7,s1_below_4282,s1_below_2,s3_2003_2005,s2_760_2075,s5_47_57,Passenger Car,s2_11_28,Deployed,s2_97_208,s1_below_1,Female,s2_37_80,s3_141_159,s2_164_318,s3_80_160,s2_2_4
8483,s2_885_1695,s2_n103_99,s4_n40_7,s1_below_4282,s4_4_5,s4_2005_2007,s3_2075_3730,s4_37_47,Passenger Car,s2_11_28,Not Deployed,s2_97_208,s1_below_1,Male,s2_37_80,s3_141_159,s2_164_318,s3_80_160,s2_2_4
8484,s2_885_1695,s2_n103_99,s4_n40_7,s1_below_4282,s1_below_2,s4_2005_2007,s2_760_2075,s4_37_47,Passenger Car,s2_11_28,Not Deployed,s2_97_208,s1_below_1,Female,s2_37_80,s3_141_159,s2_164_318,s3_80_160,s2_2_4
8485,s2_885_1695,s2_n103_99,s4_n40_7,s1_below_4282,s2_2_3,s4_2005_2007,s2_760_2075,s3_17_37,Passenger Car,s3_28_48,Deployed,s2_97_208,s1_below_1,Male,s2_37_80,s3_141_159,s2_164_318,s3_80_160,s2_2_4
8486,s2_885_1695,s2_n103_99,s3_n81_n40,s1_below_4282,s2_2_3,s4_2005_2007,s2_760_2075,s6_57_up,Passenger Car,s6_76_up,Deployed,s2_97_208,s1_below_1,Male,s3_80_96,s3_141_159,s2_164_318,s4_160_220,s2_2_4
8487,s2_885_1695,s2_n103_99,s4_n40_7,s1_below_4282,s4_4_5,s4_2005_2007,s2_760_2075,s4_37_47,Truck (<=6000 lbs.),s3_28_48,Deployed,s2_97_208,s3_2_3,Female,s3_80_96,s3_141_159,s2_164_318,s3_80_160,s2_2_4
8488,s2_885_1695,s2_n103_99,s4_n40_7,s1_below_4282,s2_2_3,s3_2003_2005,s2_760_2075,s6_57_up,Passenger Car,s3_28_48,Deployed,s2_97_208,s1_below_1,Male,s3_80_96,s3_141_159,s2_164_318,s3_80_160,s2_2_4
8489,s2_885_1695,s2_n103_99,s4_n40_7,s1_below_4282,s2_2_3,s2_2001_2003,s3_2075_3730,s4_37_47,Passenger Car,s3_28_48,Not Deployed,s2_97_208,s2_1_2,Female,s2_37_80,s3_141_159,s2_164_318,s3_80_160,s2_2_4
8490,s4_2555_3715,s2_n103_99,s4_n40_7,s1_below_4282,s4_4_5,s4_2005_2007,s2_760_2075,s4_37_47,Truck (<=10000 lbs.),s3_28_48,Not Deployed,s2_97_208,s1_below_1,Male,s3_80_96,s5_169_179,s3_318_464,s3_80_160,s4_5_6
8491,s3_1695_2555,s2_n103_99,s4_n40_7,s1_below_4282,s1_below_2,s4_2005_2007,s2_760_2075,s6_57_up,Truck (<=6000 lbs.),s2_11_28,Not Deployed,s2_97_208,s4_3_4,Male,s2_37_80,s3_141_159,s2_164_318,s4_160_220,s2_2_4
8492,s3_1695_2555,s2_n103_99,s4_n40_7,s1_below_4282,s1_below_2,s4_2005_2007,s2_760_2075,s6_57_up,Passenger Car,s4_48_64,Deployed,s2_97_208,s1_below_1,Male,s3_80_96,s3_141_159,s2_164_318,s3_80_160,s2_2_4
8493,s2_885_1695,s2_n103_99,s5_7_up,s1_below_4282,s1_below_2,s2_2001_2003,s2_760_2075,s3_17_37,Passenger Car,s6_76_up,Not Deployed,s2_97_208,s2_1_2,Female,s2_37_80,s3_141_159,s2_164_318,s6_260_up,s2_2_4
8494,s2_885_1695,s2_n103_99,s4_n40_7,s1_below_4282,s4_4_5,s3_2003_2005,s2_760_2075,s5_47_57,Passenger Car,s4_48_64,Deployed,s2_97_208,s1_below_1,Male,s3_80_96,s3_141_159,s2_164_318,s4_160_220,s2_2_4
8495,s2_885_1695,s2_n103_99,s3_n81_n40,s1_below_4282,s1_below_2,s5_2007_2009,s2_760_2075,s5_47_57,Truck (<=6000 lbs.),s3_28_48,Deployed,s2_97_208,s1_below_1,Male,s2_37_80,s3_141_159,s2_164_318,s3_80_160,s2_2_4
8496,s2_885_1695,s2_n103_99,s3_n81_n40,s1_below_4282,s1_below_2,s1_below_2001,s2_760_2075,s5_47_57,Passenger Car,s3_28_48,Deployed,s2_97_208,s2_1_2,Female,s3_80_96,s3_141_159,s2_164_318,s3_80_160,s2_2_4
8497,s2_885_1695,s2_n103_99,s4_n40_7,s1_below_4282,s1_below_2,s3_2003_2005,s2_760_2075,s6_57_up,Passenger Car,s4_48_64,Deployed,s2_97_208,s1_below_1,Male,s4_96_114,s3_141_159,s2_164_318,s3_80_160,s2_2_4
8498,s2_885_1695,s2_n103_99,s5_7_up,s1_below_4282,s1_below_2,s4_2005_2007,s2_760_2075,s3_17_37,Passenger Car,s3_28_48,Not Deployed,s2_97_208,s1_below_1,Male,s4_96_114,s3_141_159,s2_164_318,s6_260_up,s2_2_4
8499,s2_885_1695,s2_n103_99,s4_n40_7,s1_below_4282,s1_below_2,s1_below_2001,s2_760_2075,s5_47_57,Passenger Car,s4_48_64,Not Deployed,s2_97_208,s4_3_4,Male,s3_80_96,s4_159_169,s2_164_318,s2_40_80,s2_2_4
8500,s2_885_1695,s2_n103_99,s4_n40_7,s1_below_4282,s4_4_5,s3_2003_2005,s2_760_2075,s5_47_57,Passenger Car,s6_76_up,Deployed,s2_97_208,s1_below_1,Male,s3_80_96,s3_141_159,s2_164_318,s3_80_160,s2_2_4
8501,s3_1695_2555,s2_n103_99,s4_n40_7,s1_below_4282,s3_3_4,s4_2005_2007,s2_760_2075,s4_37_47,Truck (<=6000 lbs.),s3_28_48,Deployed,s2_97_208,s3_2_3,Female,s2_37_80,s3_141_159,s2_164_318,s3_80_160,s2_2_4
8502,s2_885_1695,s2_n103_99,s4_n40_7,s1_below_4282,s2_2_3,s2_2001_2003,s2_760_2075,s3_17_37,Passenger Car,s3_28_48,Deployed,s2_97_208,s1_below_1,Male,s2_37_80,s3_141_159,s2_164_318,s3_80_160,s2_2_4
8503,s2_885_1695,s2_n103_99,s4_n40_7,s1_below_4282,s1_below_2,s3_2003_2005,s2_760_2075,s6_57_up,Passenger Car,s2_11_28,Deployed,s2_97_208,s1_below_1,Male,s2_37_80,s3_141_159,s2_164_318,s3_80_160,s2_2_4
8504,s2_885_1695,s2_n103_99,s4_n40_7,s1_below_4282,s1_below_2,s1_below_2001,s2_760_2075,s4_37_47,Passenger Car,s3_28_48,Deployed,s2_97_208,s1_below_1,Male,s2_37_80,s3_141_159,s2_164_318,s3_80_160,s2_2_4
8505,s3_1695_2555,s2_n103_99,s4_n40_7,s1_below_4282,s1_below_2,s2_2001_2003,s2_760_2075,s3_17_37,Truck (<=6000 lbs.),s6_76_up,Not Deployed,s2_97_208,s1_below_1,Male,s2_37_80,s4_159_169,s2_164_318,s3_80_160,s2_2_4
8506,s3_1695_2555,s2_n103_99,s4_n40_7,s1_below_4282,s4_4_5,s4_2005_2007,s2_760_2075,s3_17_37,Passenger Car,s2_11_28,Not Deployed,s2_97_208,s1_below_1,Male,s3_80_96,s4_159_169,s2_164_318,s3_80_160,s2_2_4
8507,s2_885_1695,s2_n103_99,s4_n40_7,s1_below_4282,s4_4_5,s2_2001_2003,s2_760_2075,s3_17_37,Passenger Car,s3_28_48,Not Deployed,s2_97_208,s1_below_1,Female,s2_37_80,s3_141_159,s2_164_318,s3_80_160,s2_2_4
8508,s2_885_1695,s2_n103_99,s5_7_up,s1_below_4282,s1_below_2,s3_2003_2005,s2_760_2075,s3_17_37,Passenger Car,s3_28_48,Not Deployed,s2_97_208,s1_below_1,Female,s2_37_80,s3_141_159,s2_164_318,s6_260_up,s2_2_4
8509,s2_885_1695,s2_n103_99,s4_n40_7,s1_below_4282,s2_2_3,s2_2001_2003,s3_2075_3730,s3_17_37,Passenger Car,s2_11_28,Not Deployed,s2_97_208,s2_1_2,Male,s2_37_80,s3_141_159,s2_164_318,s2_40_80,s2_2_4
8510,s2_885_1695,s2_n103_99,s4_n40_7,s1_below_4282,s1_below_2,s4_2005_2007,s2_760_2075,s5_47_57,Passenger Car,s3_28_48,Deployed,s2_97_208,s1_below_1,Female,s2_37_80,s4_159_169,s2_164_318,s3_80_160,s3_4_5
8511,s3_1695_2555,s2_n103_99,s4_n40_7,s1_below_4282,s1_below_2,s1_below_2001,s2_760_2075,s5_47_57,Truck (<=6000 lbs.),s2_11_28,Deployed,s2_97_208,s3_2_3,Female,s2_37_80,s3_141_159,s2_164_318,s3_80_160,s2_2_4
8512,s3_1695_2555,s2_n103_99,s3_n81_n40,s1_below_4282,s3_3_4,s2_2001_2003,s2_760_2075,s4_37_47,Truck (<=6000 lbs.),s2_11_28,Not Deployed,s2_97_208,s1_below_1,Male,s3_80_96,s3_141_159,s2_164_318,s3_80_160,s2_2_4
8513,s3_1695_2555,s2_n103_99,s4_n40_7,s1_below_4282,s1_below_2,s3_2003_2005,s2_760_2075,s3_17_37,Truck (<=6000 lbs.),s3_28_48,Not Deployed,s2_97_208,s1_below_1,Female,s2_37_80,s3_141_159,s2_164_318,s6_260_up,s2_2_4
8514,s3_1695_2555,s2_n103_99,s4_n40_7,s1_below_4282,s4_4_5,s1_below_2001,s2_760_2075,s4_37_47,Truck (<=6000 lbs.),s4_48_64,Not Deployed,s2_97_208,s1_below_1,Female,s2_37_80,s5_169_179,s2_164_318,s3_80_160,s3_4_5
8515,s3_1695_2555,s2_n103_99,s4_n40_7,s1_below_4282,s4_4_5,s2_2001_2003,s2_760_2075,s4_37_47,Truck (<=6000 lbs.),s6_76_up,Deployed,s2_97_208,s1_below_1,Male,s4_96_114,s4_159_169,s2_164_318,s2_40_80,s3_4_5
8516,s2_885_1695,s2_n103_99,s4_n40_7,s1_below_4282,s2_2_3,s4_2005_2007,s2_760_2075,s6_57_up,Passenger Car,s3_28_48,Not Deployed,s2_97_208,s1_below_1,Female,s6_130_up,s4_159_169,s2_164_318,s3_80_160,s2_2_4
8517,s3_1695_2555,s2_n103_99,s4_n40_7,s1_below_4282,s4_4_5,s2_2001_2003,s2_760_2075,s4_37_47,Truck (<=6000 lbs.),s3_28_48,Not Deployed,s2_97_208,s2_1_2,Female,s2_37_80,s3_141_159,s2_164_318,s3_80_160,s2_2_4
8518,s2_885_1695,s2_n103_99,s4_n40_7,s1_below_4282,s4_4_5,s2_2001_2003,s2_760_2075,s4_37_47,Truck (<=6000 lbs.),s3_28_48,Deployed,s2_97_208,s1_below_1,Male,s5_114_130,s3_141_159,s2_164_318,s3_80_160,s2_2_4
8519,s3_1695_2555,s2_n103_99,s3_n81_n40,s1_below_4282,s1_below_2,s4_2005_2007,s2_760_2075,s5_47_57,Truck (<=6000 lbs.),s3_28_48,Deployed,s2_97_208,s3_2_3,Female,s2_37_80,s4_159_169,s2_164_318,s3_80_160,s3_4_5
8520,s2_885_1695,s2_n103_99,s5_7_up,s1_below_4282,s3_3_4,s4_2005_2007,s2_760_2075,s6_57_up,Passenger Car,s2_11_28,Not Deployed,s2_97_208,s2_1_2,Male,s3_80_96,s3_141_159,s2_164_318,s6_260_up,s2_2_4
8521,s2_885_1695,s2_n103_99,s4_n40_7,s1_below_4282,s3_3_4,s3_2003_2005,s2_760_2075,s6_57_up,Passenger Car,s2_11_28,Deployed,s2_97_208,s1_below_1,Female,s2_37_80,s4_159_169,s2_164_318,s3_80_160,s2_2_4
8522,s2_885_1695,s2_n103_99,s4_n40_7,s1_below_4282,s1_below_2,s3_2003_2005,s3_2075_3730,s4_37_47,Passenger Car,s6_76_up,Deployed,s2_97_208,s3_2_3,Male,s2_37_80,s3_141_159,s2_164_318,s4_160_220,s2_2_4
8523,s3_1695_2555,s2_n103_99,s4_n40_7,s1_below_4282,s5_5_6,s3_2003_2005,s2_760_2075,s4_37_47,Truck (<=10000 lbs.),s3_28_48,Deployed,s2_97_208,s1_below_1,Male,s3_80_96,s4_159_169,s2_164_318,s3_80_160,s3_4_5
8524,s2_885_1695,s2_n103_99,s4_n40_7,s1_below_4282,s1_below_2,s4_2005_2007,s3_2075_3730,s4_37_47,Passenger Car,s3_28_48,Not Deployed,s2_97_208,s1_below_1,Female,s2_37_80,s3_141_159,s2_164_318,s4_160_220,s2_2_4
8525,s2_885_1695,s2_n103_99,s4_n40_7,s1_below_4282,s1_below_2,s3_2003_2005,s2_760_2075,s3_17_37,Passenger Car,s4_48_64,Not Deployed,s2_97_208,s1_below_1,Female,s2_37_80,s3_141_159,s2_164_318,s4_160_220,s2_2_4
8526,s2_885_1695,s2_n103_99,s4_n40_7,s1_below_4282,s4_4_5,s3_2003_2005,s2_760_2075,s3_17_37,Passenger Car,s5_64_76,Deployed,s2_97_208,s1_below_1,Female,s2_37_80,s3_141_159,s2_164_318,s3_80_160,s2_2_4
8527,s2_885_1695,s2_n103_99,s4_n40_7,s1_below_4282,s3_3_4,s4_2005_2007,s2_760_2075,s6_57_up,Passenger Car,s3_28_48,Not Deployed,s2_97_208,s1_below_1,Male,s2_37_80,s3_141_159,s2_164_318,s4_160_220,s2_2_4
8528,s3_1695_2555,s2_n103_99,s4_n40_7,s1_below_4282,s3_3_4,s1_below_2001,s2_760_2075,s6_57_up,Truck (<=6000 lbs.),s3_28_48,Not Deployed,s2_97_208,s1_below_1,Male,s6_130_up,s3_141_159,s2_164_318,s3_80_160,s2_2_4
8529,s2_885_1695,s2_n103_99,s4_n40_7,s1_below_4282,s2_2_3,s1_below_2001,s2_760_2075,s1_below_7,Passenger Car,s5_64_76,Not Deployed,s2_97_208,s1_below_1,Female,s2_37_80,s3_141_159,s2_164_318,s2_40_80,s2_2_4
8530,s2_885_1695,s2_n103_99,s5_7_up,s1_below_4282,s1_below_2,s3_2003_2005,s3_2075_3730,s4_37_47,Passenger Car,s3_28_48,Not Deployed,s2_97_208,s1_below_1,Female,s2_37_80,s3_141_159,s2_164_318,s6_260_up,s2_2_4
8531,s3_1695_2555,s2_n103_99,s4_n40_7,s1_below_4282,s1_below_2,s3_2003_2005,s2_760_2075,s3_17_37,Passenger Car,s4_48_64,Not Deployed,s2_97_208,s1_below_1,Female,s2_37_80,s3_141_159,s2_164_318,s4_160_220,s2_2_4
8532,s3_1695_2555,s2_n103_99,s5_7_up,s1_below_4282,s2_2_3,s3_2003_2005,s2_760_2075,s6_57_up,Truck (<=10000 lbs.),s4_48_64,Not Deployed,s2_97_208,s1_below_1,Male,s2_37_80,s3_141_159,s3_318_464,s6_260_up,s3_4_5
8533,s2_885_1695,s2_n103_99,s5_7_up,s1_below_4282,s3_3_4,s3_2003_2005,s2_760_2075,s6_57_up,Passenger Car,s3_28_48,Deployed,s2_97_208,s1_below_1,Male,s3_80_96,s3_141_159,s2_164_318,s3_80_160,s2_2_4
8534,s2_885_1695,s2_n103_99,s4_n40_7,s1_below_4282,s4_4_5,s1_below_2001,s2_760_2075,s4_37_47,Passenger Car,s2_11_28,Deployed,s2_97_208,s1_below_1,Male,s3_80_96,s3_141_159,s2_164_318,s3_80_160,s2_2_4
8535,s4_2555_3715,s2_n103_99,s4_n40_7,s1_below_4282,s1_below_2,s2_2001_2003,s2_760_2075,s4_37_47,Truck (<=10000 lbs.),s3_28_48,Deployed,s2_97_208,s1_below_1,Male,s3_80_96,s5_169_179,s3_318_464,s3_80_160,s5_6_7
8536,s2_885_1695,s2_n103_99,s4_n40_7,s1_below_4282,s5_5_6,s3_2003_2005,s2_760_2075,s4_37_47,Passenger Car,s3_28_48,Not Deployed,s2_97_208,s1_below_1,Female,s2_37_80,s3_141_159,s2_164_318,s3_80_160,s2_2_4
8537,s2_885_1695,s2_n103_99,s4_n40_7,s1_below_4282,s2_2_3,s1_below_2001,s2_760_2075,s6_57_up,Passenger Car,s2_11_28,Deployed,s2_97_208,s3_2_3,Male,s4_96_114,s3_141_159,s2_164_318,s3_80_160,s2_2_4
8538,s3_1695_2555,s2_n103_99,s4_n40_7,s1_below_4282,s3_3_4,s1_below_2001,s2_760_2075,s5_47_57,Truck (<=10000 lbs.),s3_28_48,Not Deployed,s2_97_208,s1_below_1,Female,s2_37_80,s4_159_169,s3_318_464,s3_80_160,s4_5_6
8539,s3_1695_2555,s2_n103_99,s4_n40_7,s1_below_4282,s3_3_4,s4_2005_2007,s2_760_2075,s3_17_37,Truck (<=6000 lbs.),s3_28_48,Not Deployed,s2_97_208,s3_2_3,Female,s3_80_96,s3_141_159,s2_164_318,s2_40_80,s2_2_4
8540,s3_1695_2555,s2_n103_99,s4_n40_7,s1_below_4282,s3_3_4,s1_below_2001,s2_760_2075,s5_47_57,Truck (<=10000 lbs.),s3_28_48,Not Deployed,s2_97_208,s2_1_2,Male,s4_96_114,s4_159_169,s3_318_464,s3_80_160,s4_5_6
8541,s3_1695_2555,s2_n103_99,s4_n40_7,s1_below_4282,s4_4_5,s3_2003_2005,s2_760_2075,s4_37_47,Truck (<=6000 lbs.),s2_11_28,Deployed,s2_97_208,s1_below_1,Female,s2_37_80,s3_141_159,s2_164_318,s3_80_160,s3_4_5
8542,s2_885_1695,s2_n103_99,s4_n40_7,s1_below_4282,s1_below_2,s4_2005_2007,s2_760_2075,s5_47_57,Passenger Car,s4_48_64,Not Deployed,s2_97_208,s1_below_1,Female,s2_37_80,s3_141_159,s2_164_318,s3_80_160,s2_2_4
8543,s2_885_1695,s2_n103_99,s4_n40_7,s1_below_4282,s4_4_5,s4_2005_2007,s2_760_2075,s5_47_57,Passenger Car,s4_48_64,Deployed,s2_97_208,s3_2_3,Male,s4_96_114,s3_141_159,s2_164_318,s4_160_220,s2_2_4
8544,s2_885_1695,s2_n103_99,s4_n40_7,s1_below_4282,s4_4_5,s3_2003_2005,s2_760_2075,s5_47_57,Passenger Car,s3_28_48,Deployed,s2_97_208,s1_below_1,Male,s3_80_96,s3_141_159,s2_164_318,s3_80_160,s2_2_4
8545,s3_1695_2555,s2_n103_99,s4_n40_7,s1_below_4282,s4_4_5,s3_2003_2005,s2_760_2075,s4_37_47,Truck (<=6000 lbs.),s3_28_48,Not Deployed,s2_97_208,s1_below_1,Female,s3_80_96,s3_141_159,s2_164_318,s3_80_160,s3_4_5
8546,s2_885_1695,s2_n103_99,s4_n40_7,s1_below_4282,s1_below_2,s1_below_2001,s2_760_2075,s5_47_57,Passenger Car,s2_11_28,Deployed,s2_97_208,s1_below_1,Female,s2_37_80,s3_141_159,s2_164_318,s1_below_40,s2_2_4
8547,s2_885_1695,s2_n103_99,s4_n40_7,s1_below_4282,s1_below_2,s3_2003_2005,s2_760_2075,s5_47_57,Passenger Car,s2_11_28,Deployed,s2_97_208,s1_below_1,Male,s2_37_80,s3_141_159,s2_164_318,s3_80_160,s2_2_4
8548,s2_885_1695,s2_n103_99,s4_n40_7,s1_below_4282,s1_below_2,s2_2001_2003,s2_760_2075,s1_below_7,Passenger Car,s2_11_28,Deployed,s2_97_208,s1_below_1,Male,s4_96_114,s3_141_159,s2_164_318,s2_40_80,s2_2_4
8549,s3_1695_2555,s2_n103_99,s4_n40_7,s1_below_4282,s3_3_4,s3_2003_2005,s3_2075_3730,s4_37_47,Truck (<=10000 lbs.),s3_28_48,Not Deployed,s2_97_208,s1_below_1,Male,s3_80_96,s4_159_169,s3_318_464,s5_220_260,s4_5_6
8550,s3_1695_2555,s2_n103_99,s4_n40_7,s1_below_4282,s3_3_4,s3_2003_2005,s3_2075_3730,s4_37_47,Truck (<=10000 lbs.),s3_28_48,Deployed,s2_97_208,s1_below_1,Male,s4_96_114,s4_159_169,s2_164_318,s3_80_160,s3_4_5
8551,s2_885_1695,s2_n103_99,s4_n40_7,s1_below_4282,s4_4_5,s2_2001_2003,s2_760_2075,s4_37_47,Passenger Car,s3_28_48,Not Deployed,s2_97_208,s1_below_1,Male,s3_80_96,s3_141_159,s2_164_318,s3_80_160,s2_2_4
8552,s2_885_1695,s2_n103_99,s5_7_up,s1_below_4282,s3_3_4,s3_2003_2005,s2_760_2075,s3_17_37,Passenger Car,s2_11_28,Not Deployed,s2_97_208,s1_below_1,Female,s2_37_80,s3_141_159,s2_164_318,s6_260_up,s2_2_4
8553,s2_885_1695,s2_n103_99,s4_n40_7,s1_below_4282,s2_2_3,s4_2005_2007,s2_760_2075,s4_37_47,Passenger Car,s3_28_48,Not Deployed,s2_97_208,s1_below_1,Female,s2_37_80,s4_159_169,s2_164_318,s3_80_160,s2_2_4
8554,s2_885_1695,s2_n103_99,s4_n40_7,s1_below_4282,s3_3_4,s4_2005_2007,s2_760_2075,s3_17_37,Truck (<=6000 lbs.),s4_48_64,Deployed,s2_97_208,s1_below_1,Female,s2_37_80,s3_141_159,s2_164_318,s3_80_160,s2_2_4
8555,s2_885_1695,s2_n103_99,s4_n40_7,s1_below_4282,s4_4_5,s4_2005_2007,s2_760_2075,s4_37_47,Passenger Car,s6_76_up,Not Deployed,s2_97_208,s1_below_1,Female,s2_37_80,s3_141_159,s2_164_318,s4_160_220,s2_2_4
8556,s2_885_1695,s2_n103_99,s4_n40_7,s1_below_4282,s4_4_5,s4_2005_2007,s2_760_2075,s4_37_47,Passenger Car,s4_48_64,Deployed,s2_97_208,s1_below_1,Male,s3_80_96,s3_141_159,s2_164_318,s3_80_160,s2_2_4
8557,s2_885_1695,s2_n103_99,s4_n40_7,s1_below_4282,s4_4_5,s3_2003_2005,s3_2075_3730,s4_37_47,Passenger Car,s5_64_76,Deployed,s2_97_208,s1_below_1,Male,s2_37_80,s3_141_159,s2_164_318,s3_80_160,s2_2_4
8558,s3_1695_2555,s2_n103_99,s4_n40_7,s1_below_4282,s1_below_2,s3_2003_2005,s3_2075_3730,s3_17_37,Truck (<=6000 lbs.),s2_11_28,Not Deployed,s2_97_208,s1_below_1,Male,s3_80_96,s3_141_159,s2_164_318,s2_40_80,s2_2_4
8559,s2_885_1695,s2_n103_99,s4_n40_7,s1_below_4282,s4_4_5,s2_2001_2003,s2_760_2075,s5_47_57,Passenger Car,s2_11_28,Not Deployed,s2_97_208,s1_below_1,Female,s2_37_80,s3_141_159,s2_164_318,s2_40_80,s2_2_4
8560,s2_885_1695,s2_n103_99,s4_n40_7,s1_below_4282,s5_5_6,s1_below_2001,s2_760_2075,s5_47_57,Passenger Car,s3_28_48,Deployed,s2_97_208,s1_below_1,Male,s4_96_114,s3_141_159,s2_164_318,s3_80_160,s2_2_4
8561,s3_1695_2555,s2_n103_99,s4_n40_7,s1_below_4282,s3_3_4,s3_2003_2005,s2_760_2075,s3_17_37,Truck (<=6000 lbs.),s3_28_48,Not Deployed,s2_97_208,s1_below_1,Male,s2_37_80,s3_141_159,s2_164_318,s4_160_220,s2_2_4
8562,s2_885_1695,s2_n103_99,s4_n40_7,s1_below_4282,s4_4_5,s1_below_2001,s2_760_2075,s4_37_47,Passenger Car,s4_48_64,Deployed,s2_97_208,s1_below_1,Female,s3_80_96,s3_141_159,s2_164_318,s3_80_160,s2_2_4
8563,s3_1695_2555,s2_n103_99,s4_n40_7,s1_below_4282,s4_4_5,s4_2005_2007,s2_760_2075,s3_17_37,Truck (<=6000 lbs.),s3_28_48,Deployed,s2_97_208,s1_below_1,Female,s2_37_80,s3_141_159,s2_164_318,s3_80_160,s2_2_4
8564,s2_885_1695,s2_n103_99,s4_n40_7,s1_below_4282,s4_4_5,s1_below_2001,s2_760_2075,s3_17_37,Passenger Car,s2_11_28,Not Deployed,s2_97_208,s1_below_1,Female,s2_37_80,s3_141_159,s2_164_318,s3_80_160,s2_2_4
8565,s3_1695_2555,s2_n103_99,s4_n40_7,s1_below_4282,s4_4_5,s3_2003_2005,s2_760_2075,s4_37_47,Truck (<=6000 lbs.),s2_11_28,Deployed,s2_97_208,s1_below_1,Female,s2_37_80,s3_141_159,s2_164_318,s3_80_160,s3_4_5
8566,s3_1695_2555,s2_n103_99,s4_n40_7,s1_below_4282,s1_below_2,s1_below_2001,s2_760_2075,s5_47_57,Truck (<=6000 lbs.),s3_28_48,Not Deployed,s2_97_208,s1_below_1,Male,s3_80_96,s3_141_159,s2_164_318,s3_80_160,s3_4_5
8567,s2_885_1695,s2_n103_99,s4_n40_7,s1_below_4282,s3_3_4,s4_2005_2007,s2_760_2075,s3_17_37,Passenger Car,s3_28_48,Deployed,s2_97_208,s1_below_1,Male,s2_37_80,s3_141_159,s2_164_318,s3_80_160,s2_2_4
8568,s2_885_1695,s2_n103_99,s5_7_up,s1_below_4282,s4_4_5,s2_2001_2003,s3_2075_3730,s5_47_57,Passenger Car,s4_48_64,Not Deployed,s2_97_208,s1_below_1,Female,s2_37_80,s3_141_159,s2_164_318,s6_260_up,s2_2_4
8569,s2_885_1695,s2_n103_99,s4_n40_7,s1_below_4282,s4_4_5,s3_2003_2005,s2_760_2075,s4_37_47,Passenger Car,s4_48_64,Deployed,s2_97_208,s1_below_1,Female,s2_37_80,s3_141_159,s2_164_318,s3_80_160,s2_2_4
8570,s3_1695_2555,s2_n103_99,s4_n40_7,s1_below_4282,s5_5_6,s4_2005_2007,s2_760_2075,s4_37_47,Truck (<=6000 lbs.),s4_48_64,Deployed,s2_97_208,s1_below_1,Female,s2_37_80,s3_141_159,s2_164_318,s3_80_160,s2_2_4
8571,s3_1695_2555,s2_n103_99,s4_n40_7,s1_below_4282,s2_2_3,s1_below_2001,s2_760_2075,s5_47_57,Truck (<=6000 lbs.),s3_28_48,Deployed,s2_97_208,s2_1_2,Female,s2_37_80,s2_116_141,s2_164_318,s3_80_160,s2_2_4
8572,s2_885_1695,s2_n103_99,s4_n40_7,s1_below_4282,s6_6_up,s2_2001_2003,s3_2075_3730,s4_37_47,Passenger Car,s2_11_28,Deployed,s2_97_208,s1_below_1,Male,s2_37_80,s3_141_159,s2_164_318,s3_80_160,s2_2_4
8573,s4_2555_3715,s2_n103_99,s4_n40_7,s1_below_4282,s6_6_up,s1_below_2001,s2_760_2075,s4_37_47,Truck (<=10000 lbs.),s4_48_64,Deployed,s2_97_208,s1_below_1,Female,s3_80_96,s5_169_179,s3_318_464,s3_80_160,s5_6_7
8574,s2_885_1695,s2_n103_99,s4_n40_7,s1_below_4282,s3_3_4,s4_2005_2007,s2_760_2075,s3_17_37,Passenger Car,s6_76_up,Not Deployed,s2_97_208,s1_below_1,Male,s2_37_80,s3_141_159,s2_164_318,s4_160_220,s2_2_4
8575,s2_885_1695,s2_n103_99,s4_n40_7,s1_below_4282,s1_below_2,s4_2005_2007,s3_2075_3730,s4_37_47,Passenger Car,s5_64_76,Deployed,s2_97_208,s1_below_1,Female,s2_37_80,s3_141_159,s2_164_318,s3_80_160,s2_2_4
8576,s2_885_1695,s2_n103_99,s5_7_up,s1_below_4282,s3_3_4,s3_2003_2005,s3_2075_3730,s5_47_57,Passenger Car,s4_48_64,Deployed,s2_97_208,s1_below_1,Male,s3_80_96,s3_141_159,s2_164_318,s3_80_160,s2_2_4
8577,s2_885_1695,s2_n103_99,s4_n40_7,s1_below_4282,s1_below_2,s4_2005_2007,s2_760_2075,s3_17_37,Passenger Car,s5_64_76,Deployed,s2_97_208,s1_below_1,Female,s2_37_80,s3_141_159,s2_164_318,s3_80_160,s2_2_4
8578,s2_885_1695,s2_n103_99,s4_n40_7,s1_below_4282,s1_below_2,s3_2003_2005,s2_760_2075,s3_17_37,Passenger Car,s2_11_28,Not Deployed,s2_97_208,s1_below_1,Male,s2_37_80,s3_141_159,s2_164_318,s4_160_220,s2_2_4
8579,s2_885_1695,s2_n103_99,s4_n40_7,s1_below_4282,s1_below_2,s2_2001_2003,s2_760_2075,s5_47_57,Passenger Car,s5_64_76,Deployed,s2_97_208,s1_below_1,Female,s2_37_80,s3_141_159,s2_164_318,s2_40_80,s2_2_4
8580,s2_885_1695,s2_n103_99,s4_n40_7,s1_below_4282,s1_below_2,s4_2005_2007,s2_760_2075,s5_47_57,Passenger Car,s3_28_48,Deployed,s2_97_208,s1_below_1,Female,s2_37_80,s3_141_159,s2_164_318,s3_80_160,s2_2_4
8581,s2_885_1695,s2_n103_99,s4_n40_7,s1_below_4282,s3_3_4,s3_2003_2005,s3_2075_3730,s6_57_up,Truck (<=6000 lbs.),s3_28_48,Deployed,s2_97_208,s1_below_1,Female,s2_37_80,s3_141_159,s2_164_318,s3_80_160,s2_2_4
8582,s3_1695_2555,s2_n103_99,s3_n81_n40,s1_below_4282,s1_below_2,s4_2005_2007,s2_760_2075,s4_37_47,Truck (<=6000 lbs.),s3_28_48,Deployed,s2_97_208,s3_2_3,Female,s2_37_80,s4_159_169,s2_164_318,s3_80_160,s3_4_5
8583,s2_885_1695,s2_n103_99,s4_n40_7,s1_below_4282,s1_below_2,s4_2005_2007,s2_760_2075,s5_47_57,Truck (<=6000 lbs.),s2_11_28,Deployed,s2_97_208,s1_below_1,Male,s2_37_80,s3_141_159,s2_164_318,s4_160_220,s2_2_4
8584,s2_885_1695,s2_n103_99,s4_n40_7,s1_below_4282,s1_below_2,s2_2001_2003,s2_760_2075,s4_37_47,Passenger Car,s2_11_28,Deployed,s2_97_208,s1_below_1,Female,s2_37_80,s3_141_159,s2_164_318,s3_80_160,s2_2_4
8585,s2_885_1695,s2_n103_99,s4_n40_7,s1_below_4282,s1_below_2,s2_2001_2003,s2_760_2075,s3_17_37,Passenger Car,s2_11_28,Deployed,s2_97_208,s1_below_1,Male,s2_37_80,s3_141_159,s2_164_318,s4_160_220,s2_2_4
8586,s4_2555_3715,s2_n103_99,s4_n40_7,s1_below_4282,s1_below_2,s1_below_2001,s2_760_2075,s6_57_up,Truck (<=10000 lbs.),s2_11_28,Not Deployed,s2_97_208,s1_below_1,Female,s2_37_80,s4_159_169,s3_318_464,s3_80_160,s5_6_7
8587,s2_885_1695,s2_n103_99,s4_n40_7,s1_below_4282,s2_2_3,s4_2005_2007,s2_760_2075,s4_37_47,Passenger Car,s2_11_28,Not Deployed,s2_97_208,s1_below_1,Female,s2_37_80,s3_141_159,s2_164_318,s4_160_220,s2_2_4
8588,s2_885_1695,s2_n103_99,s5_7_up,s1_below_4282,s1_below_2,s4_2005_2007,s2_760_2075,s3_17_37,Passenger Car,s3_28_48,Not Deployed,s2_97_208,s1_below_1,Male,s3_80_96,s3_141_159,s2_164_318,s6_260_up,s2_2_4
8589,s2_885_1695,s2_n103_99,s4_n40_7,s1_below_4282,s1_below_2,s2_2001_2003,s2_760_2075,s6_57_up,Passenger Car,s2_11_28,Not Deployed,s2_97_208,s1_below_1,Male,s4_96_114,s3_141_159,s2_164_318,s3_80_160,s2_2_4
8590,s3_1695_2555,s2_n103_99,s4_n40_7,s1_below_4282,s4_4_5,s4_2005_2007,s2_760_2075,s5_47_57,Truck (<=10000 lbs.),s3_28_48,Not Deployed,s2_97_208,s1_below_1,Female,s2_37_80,s4_159_169,s3_318_464,s4_160_220,s4_5_6
8591,s2_885_1695,s2_n103_99,s4_n40_7,s1_below_4282,s4_4_5,s2_2001_2003,s3_2075_3730,s5_47_57,Passenger Car,s6_76_up,Deployed,s2_97_208,s1_below_1,Male,s2_37_80,s3_141_159,s2_164_318,s3_80_160,s2_2_4
8592,s3_1695_2555,s2_n103_99,s4_n40_7,s1_below_4282,s6_6_up,s1_below_2001,s3_2075_3730,s4_37_47,Truck (<=10000 lbs.),s2_11_28,Deployed,s2_97_208,s1_below_1,Male,s3_80_96,s4_159_169,s2_164_318,s3_80_160,s3_4_5
8593,s3_1695_2555,s2_n103_99,s4_n40_7,s1_below_4282,s1_below_2,s3_2003_2005,s2_760_2075,s4_37_47,Truck (<=6000 lbs.),s5_64_76,Not Deployed,s2_97_208,s1_below_1,Female,s4_96_114,s3_141_159,s2_164_318,s3_80_160,s3_4_5
8594,s3_1695_2555,s2_n103_99,s4_n40_7,s1_below_4282,s1_below_2,s3_2003_2005,s2_760_2075,s4_37_47,Passenger Car,s3_28_48,Deployed,s2_97_208,s1_below_1,Male,s3_80_96,s4_159_169,s2_164_318,s3_80_160,s3_4_5
8595,s3_1695_2555,s2_n103_99,s4_n40_7,s1_below_4282,s1_below_2,s4_2005_2007,s2_760_2075,s5_47_57,Truck (<=6000 lbs.),s4_48_64,Not Deployed,s2_97_208,s1_below_1,Female,s2_37_80,s3_141_159,s2_164_318,s3_80_160,s2_2_4
8596,s3_1695_2555,s2_n103_99,s4_n40_7,s1_below_4282,s2_2_3,s4_2005_2007,s2_760_2075,s3_17_37,Truck (<=6000 lbs.),s2_11_28,Not Deployed,s2_97_208,s1_below_1,Male,s3_80_96,s3_141_159,s2_164_318,s3_80_160,s2_2_4
8597,s2_885_1695,s2_n103_99,s4_n40_7,s1_below_4282,s1_below_2,s3_2003_2005,s2_760_2075,s5_47_57,Passenger Car,s6_76_up,Not Deployed,s2_97_208,s6_5_up,Male,s3_80_96,s3_141_159,s2_164_318,s2_40_80,s2_2_4
8598,s3_1695_2555,s2_n103_99,s4_n40_7,s1_below_4282,s1_below_2,s4_2005_2007,s2_760_2075,s5_47_57,Passenger Car,s5_64_76,Deployed,s2_97_208,s1_below_1,Female,s2_37_80,s3_141_159,s2_164_318,s3_80_160,s2_2_4
8599,s3_1695_2555,s2_n103_99,s4_n40_7,s1_below_4282,s2_2_3,s1_below_2001,s2_760_2075,s6_57_up,Truck (<=6000 lbs.),s4_48_64,Deployed,s2_97_208,s1_below_1,Male,s3_80_96,s3_141_159,s2_164_318,s3_80_160,s2_2_4
8600,s2_885_1695,s2_n103_99,s4_n40_7,s1_below_4282,s4_4_5,s3_2003_2005,s2_760_2075,s3_17_37,Passenger Car,s3_28_48,Deployed,s2_97_208,s1_below_1,Female,s2_37_80,s3_141_159,s2_164_318,s3_80_160,s2_2_4
8601,s2_885_1695,s2_n103_99,s4_n40_7,s1_below_4282,s2_2_3,s4_2005_2007,s3_2075_3730,s6_57_up,Passenger Car,s3_28_48,Deployed,s2_97_208,s1_below_1,Female,s3_80_96,s3_141_159,s2_164_318,s4_160_220,s2_2_4
8602,s2_885_1695,s2_n103_99,s3_n81_n40,s1_below_4282,s1_below_2,s2_2001_2003,s2_760_2075,s4_37_47,Passenger Car,s2_11_28,Deployed,s2_97_208,s1_below_1,Male,s2_37_80,s3_141_159,s2_164_318,s3_80_160,s2_2_4
8603,s3_1695_2555,s2_n103_99,s4_n40_7,s1_below_4282,s5_5_6,s4_2005_2007,s2_760_2075,s4_37_47,Truck (<=6000 lbs.),s5_64_76,Not Deployed,s2_97_208,s2_1_2,Female,s2_37_80,s3_141_159,s2_164_318,s4_160_220,s2_2_4
8604,s3_1695_2555,s2_n103_99,s4_n40_7,s1_below_4282,s3_3_4,s4_2005_2007,s3_2075_3730,s4_37_47,Passenger Car,s3_28_48,Not Deployed,s2_97_208,s1_below_1,Female,s2_37_80,s3_141_159,s2_164_318,s2_40_80,s2_2_4
8605,s2_885_1695,s2_n103_99,s4_n40_7,s1_below_4282,s2_2_3,s4_2005_2007,s2_760_2075,s4_37_47,Passenger Car,s4_48_64,Deployed,s2_97_208,s1_below_1,Male,s3_80_96,s3_141_159,s2_164_318,s3_80_160,s2_2_4
8606,s2_885_1695,s2_n103_99,s4_n40_7,s1_below_4282,s4_4_5,s4_2005_2007,s2_760_2075,s4_37_47,Passenger Car,s4_48_64,Deployed,s2_97_208,s4_3_4,Female,s3_80_96,s3_141_159,s2_164_318,s3_80_160,s2_2_4
8607,s2_885_1695,s2_n103_99,s4_n40_7,s1_below_4282,s2_2_3,s3_2003_2005,s2_760_2075,s3_17_37,Passenger Car,s2_11_28,Not Deployed,s2_97_208,s1_below_1,Male,s6_130_up,s3_141_159,s2_164_318,s3_80_160,s2_2_4
8608,s3_1695_2555,s2_n103_99,s4_n40_7,s1_below_4282,s1_below_2,s2_2001_2003,s2_760_2075,s5_47_57,Passenger Car,s6_76_up,Not Deployed,s2_97_208,s1_below_1,Male,s2_37_80,s3_141_159,s2_164_318,s2_40_80,s2_2_4
8609,s2_885_1695,s2_n103_99,s4_n40_7,s1_below_4282,s1_below_2,s4_2005_2007,s2_760_2075,s5_47_57,Passenger Car,s5_64_76,Deployed,s2_97_208,s1_below_1,Female,s2_37_80,s3_141_159,s2_164_318,s3_80_160,s2_2_4
8610,s3_1695_2555,s2_n103_99,s3_n81_n40,s1_below_4282,s1_below_2,s1_below_2001,s3_2075_3730,s5_47_57,Truck (<=6000 lbs.),s4_48_64,Deployed,s2_97_208,s6_5_up,Female,s3_80_96,s3_141_159,s3_318_464,s4_160_220,s3_4_5
8611,s2_885_1695,s2_n103_99,s4_n40_7,s1_below_4282,s1_below_2,s2_2001_2003,s3_2075_3730,s5_47_57,Passenger Car,s3_28_48,Not Deployed,s2_97_208,s1_below_1,Male,s3_80_96,s3_141_159,s2_164_318,s3_80_160,s2_2_4
8612,s2_885_1695,s2_n103_99,s4_n40_7,s1_below_4282,s5_5_6,s4_2005_2007,s2_760_2075,s5_47_57,Passenger Car,s2_11_28,Deployed,s2_97_208,s1_below_1,Female,s2_37_80,s3_141_159,s2_164_318,s3_80_160,s2_2_4
8613,s3_1695_2555,s2_n103_99,s4_n40_7,s1_below_4282,s4_4_5,s3_2003_2005,s2_760_2075,s5_47_57,Truck (<=6000 lbs.),s2_11_28,Not Deployed,s2_97_208,s1_below_1,Female,s3_80_96,s3_141_159,s2_164_318,s3_80_160,s2_2_4
8614,s3_1695_2555,s2_n103_99,s4_n40_7,s1_below_4282,s3_3_4,s3_2003_2005,s2_760_2075,s4_37_47,Truck (<=6000 lbs.),s4_48_64,Not Deployed,s2_97_208,s1_below_1,Male,s3_80_96,s3_141_159,s2_164_318,s3_80_160,s2_2_4
8615,s2_885_1695,s2_n103_99,s4_n40_7,s1_below_4282,s1_below_2,s1_below_2001,s2_760_2075,s5_47_57,Passenger Car,s2_11_28,Deployed,s2_97_208,s1_below_1,Male,s2_37_80,s3_141_159,s2_164_318,s3_80_160,s2_2_4
8616,s4_2555_3715,s2_n103_99,s4_n40_7,s1_below_4282,s1_below_2,s3_2003_2005,s3_2075_3730,s5_47_57,Truck (<=10000 lbs.),s4_48_64,Deployed,s2_97_208,s3_2_3,Female,s2_37_80,s4_159_169,s3_318_464,s3_80_160,s4_5_6
8617,s3_1695_2555,s2_n103_99,s4_n40_7,s1_below_4282,s1_below_2,s3_2003_2005,s3_2075_3730,s5_47_57,Truck (<=10000 lbs.),s4_48_64,Deployed,s2_97_208,s1_below_1,Female,s2_37_80,s3_141_159,s2_164_318,s4_160_220,s2_2_4
8618,s2_885_1695,s2_n103_99,s4_n40_7,s1_below_4282,s1_below_2,s1_below_2001,s2_760_2075,s6_57_up,Passenger Car,s3_28_48,Deployed,s2_97_208,s1_below_1,Female,s4_96_114,s3_141_159,s2_164_318,s6_260_up,s2_2_4
8619,s3_1695_2555,s2_n103_99,s4_n40_7,s1_below_4282,s3_3_4,s4_2005_2007,s2_760_2075,s3_17_37,Passenger Car,s4_48_64,Not Deployed,s2_97_208,s1_below_1,Female,s3_80_96,s3_141_159,s2_164_318,s2_40_80,s2_2_4
8620,s2_885_1695,s2_n103_99,s4_n40_7,s1_below_4282,s1_below_2,s4_2005_2007,s2_760_2075,s4_37_47,Passenger Car,s2_11_28,Deployed,s2_97_208,s1_below_1,Female,s2_37_80,s3_141_159,s2_164_318,s3_80_160,s2_2_4
8621,s2_885_1695,s2_n103_99,s4_n40_7,s1_below_4282,s1_below_2,s3_2003_2005,s2_760_2075,s4_37_47,Passenger Car,s2_11_28,Deployed,s2_97_208,s1_below_1,Female,s2_37_80,s3_141_159,s2_164_318,s3_80_160,s2_2_4
8622,s3_1695_2555,s2_n103_99,s5_7_up,s1_below_4282,s1_below_2,s4_2005_2007,s2_760_2075,s6_57_up,Passenger Car,s3_28_48,Not Deployed,s2_97_208,s1_below_1,Male,s3_80_96,s4_159_169,s2_164_318,s6_260_up,s2_2_4
8623,s2_885_1695,s2_n103_99,s4_n40_7,s1_below_4282,s3_3_4,s2_2001_2003,s2_760_2075,s4_37_47,Passenger Car,s6_76_up,Deployed,s2_97_208,s1_below_1,Female,s2_37_80,s3_141_159,s2_164_318,s3_80_160,s2_2_4
8624,s2_885_1695,s2_n103_99,s4_n40_7,s1_below_4282,s1_below_2,s4_2005_2007,s2_760_2075,s4_37_47,Passenger Car,s4_48_64,Deployed,s2_97_208,s2_1_2,Male,s3_80_96,s3_141_159,s2_164_318,s3_80_160,s2_2_4
8625,s3_1695_2555,s2_n103_99,s4_n40_7,s1_below_4282,s1_below_2,s4_2005_2007,s3_2075_3730,s4_37_47,Truck (<=6000 lbs.),s4_48_64,Deployed,s2_97_208,s3_2_3,Male,s3_80_96,s4_159_169,s2_164_318,s3_80_160,s2_2_4
8626,s3_1695_2555,s2_n103_99,s4_n40_7,s1_below_4282,s1_below_2,s3_2003_2005,s3_2075_3730,s4_37_47,Truck (<=6000 lbs.),s3_28_48,Deployed,s2_97_208,s1_below_1,Female,s2_37_80,s3_141_159,s2_164_318,s3_80_160,s2_2_4
8627,s2_885_1695,s2_n103_99,s4_n40_7,s1_below_4282,s1_below_2,s2_2001_2003,s3_2075_3730,s5_47_57,Passenger Car,s2_11_28,Deployed,s2_97_208,s1_below_1,Male,s3_80_96,s3_141_159,s2_164_318,s4_160_220,s2_2_4
8628,s3_1695_2555,s2_n103_99,s4_n40_7,s2_4282_6970,s1_below_2,s4_2005_2007,s2_760_2075,s5_47_57,Truck (<=10000 lbs.),s4_48_64,Deployed,s2_97_208,s6_5_up,Male,s2_37_80,s4_159_169,s3_318_464,s3_80_160,s4_5_6
8629,s3_1695_2555,s2_n103_99,s4_n40_7,s1_below_4282,s1_below_2,s2_2001_2003,s2_760_2075,s6_57_up,Truck (<=10000 lbs.),s2_11_28,Deployed,s2_97_208,s1_below_1,Female,s2_37_80,s4_159_169,s3_318_464,s3_80_160,s4_5_6
8630,s2_885_1695,s2_n103_99,s3_n81_n40,s1_below_4282,s1_below_2,s3_2003_2005,s3_2075_3730,s6_57_up,Passenger Car,s2_11_28,Deployed,s2_97_208,s1_below_1,Male,s2_37_80,s3_141_159,s2_164_318,s3_80_160,s2_2_4
8631,s2_885_1695,s2_n103_99,s5_7_up,s1_below_4282,s4_4_5,s4_2005_2007,s2_760_2075,s3_17_37,Passenger Car,s3_28_48,Not Deployed,s2_97_208,s1_below_1,Male,s3_80_96,s3_141_159,s2_164_318,s6_260_up,s2_2_4
8632,s4_2555_3715,s2_n103_99,s3_n81_n40,s1_below_4282,s1_below_2,s3_2003_2005,s2_760_2075,s5_47_57,Truck (<=10000 lbs.),s3_28_48,Deployed,s2_97_208,s3_2_3,Female,s3_80_96,s4_159_169,s3_318_464,s3_80_160,s4_5_6
8633,s3_1695_2555,s2_n103_99,s4_n40_7,s1_below_4282,s1_below_2,s1_below_2001,s2_760_2075,s3_17_37,Truck (<=6000 lbs.),s3_28_48,Not Deployed,s2_97_208,s2_1_2,Male,s2_37_80,s3_141_159,s2_164_318,s2_40_80,s2_2_4
8634,s3_1695_2555,s2_n103_99,s4_n40_7,s1_below_4282,s4_4_5,s2_2001_2003,s2_760_2075,s4_37_47,Truck (<=6000 lbs.),s3_28_48,Not Deployed,s2_97_208,s1_below_1,Male,s3_80_96,s3_141_159,s2_164_318,s4_160_220,s2_2_4
8635,s2_885_1695,s2_n103_99,s4_n40_7,s1_below_4282,s3_3_4,s3_2003_2005,s2_760_2075,s4_37_47,Passenger Car,s3_28_48,Not Deployed,s2_97_208,s1_below_1,Female,s2_37_80,s3_141_159,s2_164_318,s2_40_80,s2_2_4
8636,s2_885_1695,s2_n103_99,s5_7_up,s1_below_4282,s3_3_4,s2_2001_2003,s2_760_2075,s3_17_37,Passenger Car,s3_28_48,Not Deployed,s2_97_208,s1_below_1,Female,s4_96_114,s3_141_159,s2_164_318,s6_260_up,s2_2_4
8637,s2_885_1695,s2_n103_99,s5_7_up,s1_below_4282,s2_2_3,s4_2005_2007,s2_760_2075,s3_17_37,Passenger Car,s6_76_up,Not Deployed,s2_97_208,s1_below_1,Male,s3_80_96,s4_159_169,s2_164_318,s6_260_up,s2_2_4
8638,s2_885_1695,s2_n103_99,s4_n40_7,s1_below_4282,s2_2_3,s2_2001_2003,s2_760_2075,s6_57_up,Passenger Car,s3_28_48,Not Deployed,s2_97_208,s1_below_1,Male,s4_96_114,s3_141_159,s2_164_318,s3_80_160,s2_2_4
8639,s4_2555_3715,s2_n103_99,s4_n40_7,s1_below_4282,s1_below_2,s3_2003_2005,s2_760_2075,s3_17_37,Truck (<=10000 lbs.),s3_28_48,Not Deployed,s2_97_208,s1_below_1,Male,s4_96_114,s5_169_179,s3_318_464,s6_260_up,s4_5_6
8640,s2_885_1695,s2_n103_99,s5_7_up,s1_below_4282,s1_below_2,s1_below_2001,s2_760_2075,s5_47_57,Passenger Car,s2_11_28,Not Deployed,s2_97_208,s4_3_4,Female,s2_37_80,s3_141_159,s2_164_318,s1_below_40,s2_2_4
8641,s2_885_1695,s2_n103_99,s4_n40_7,s1_below_4282,s1_below_2,s2_2001_2003,s2_760_2075,s5_47_57,Passenger Car,s3_28_48,Not Deployed,s2_97_208,s1_below_1,Female,s2_37_80,s3_141_159,s2_164_318,s1_below_40,s2_2_4
8642,s2_885_1695,s2_n103_99,s4_n40_7,s1_below_4282,s3_3_4,s2_2001_2003,s2_760_2075,s3_17_37,Truck (<=6000 lbs.),s3_28_48,Deployed,s2_97_208,s1_below_1,Female,s3_80_96,s3_141_159,s2_164_318,s3_80_160,s2_2_4
8643,s2_885_1695,s2_n103_99,s4_n40_7,s1_below_4282,s3_3_4,s1_below_2001,s2_760_2075,s3_17_37,Passenger Car,s4_48_64,Deployed,s2_97_208,s1_below_1,Female,s2_37_80,s3_141_159,s2_164_318,s4_160_220,s2_2_4
8644,s2_885_1695,s2_n103_99,s5_7_up,s1_below_4282,s3_3_4,s3_2003_2005,s2_760_2075,s3_17_37,Passenger Car,s6_76_up,Not Deployed,s2_97_208,s1_below_1,Female,s2_37_80,s3_141_159,s2_164_318,s6_260_up,s2_2_4
8645,s3_1695_2555,s2_n103_99,s4_n40_7,s1_below_4282,s3_3_4,s4_2005_2007,s2_760_2075,s3_17_37,Truck (<=6000 lbs.),s3_28_48,Not Deployed,s2_97_208,s1_below_1,Female,s2_37_80,s3_141_159,s2_164_318,s3_80_160,s2_2_4
8646,s2_885_1695,s2_n103_99,s4_n40_7,s1_below_4282,s4_4_5,s4_2005_2007,s2_760_2075,s3_17_37,Truck (<=6000 lbs.),s4_48_64,Deployed,s2_97_208,s1_below_1,Female,s3_80_96,s3_141_159,s2_164_318,s2_40_80,s2_2_4
8647,s2_885_1695,s2_n103_99,s4_n40_7,s1_below_4282,s4_4_5,s4_2005_2007,s2_760_2075,s3_17_37,Passenger Car,s4_48_64,Not Deployed,s2_97_208,s6_5_up,Male,s4_96_114,s3_141_159,s2_164_318,s4_160_220,s2_2_4
8648,s2_885_1695,s2_n103_99,s4_n40_7,s1_below_4282,s3_3_4,s3_2003_2005,s2_760_2075,s4_37_47,Passenger Car,s3_28_48,Deployed,s2_97_208,s1_below_1,Male,s3_80_96,s3_141_159,s2_164_318,s3_80_160,s2_2_4
8649,s2_885_1695,s2_n103_99,s4_n40_7,s1_below_4282,s2_2_3,s4_2005_2007,s2_760_2075,s3_17_37,Passenger Car,s3_28_48,Not Deployed,s2_97_208,s1_below_1,Male,s3_80_96,s3_141_159,s2_164_318,s4_160_220,s2_2_4
8650,s2_885_1695,s2_n103_99,s4_n40_7,s1_below_4282,s1_below_2,s4_2005_2007,s2_760_2075,s3_17_37,Passenger Car,s2_11_28,Deployed,s2_97_208,s1_below_1,Male,s2_37_80,s3_141_159,s2_164_318,s4_160_220,s2_2_4
8651,s2_885_1695,s2_n103_99,s4_n40_7,s1_below_4282,s1_below_2,s3_2003_2005,s2_760_2075,s3_17_37,Passenger Car,s3_28_48,Not Deployed,s2_97_208,s1_below_1,Male,s3_80_96,s3_141_159,s2_164_318,s4_160_220,s2_2_4
8652,s3_1695_2555,s2_n103_99,s4_n40_7,s1_below_4282,s4_4_5,s3_2003_2005,s2_760_2075,s3_17_37,Truck (<=6000 lbs.),s2_11_28,Not Deployed,s2_97_208,s1_below_1,Male,s3_80_96,s3_141_159,s2_164_318,s2_40_80,s2_2_4
8653,s3_1695_2555,s2_n103_99,s4_n40_7,s1_below_4282,s4_4_5,s1_below_2001,s2_760_2075,s4_37_47,Truck (<=6000 lbs.),s5_64_76,Not Deployed,s2_97_208,s1_below_1,Female,s2_37_80,s3_141_159,s2_164_318,s4_160_220,s2_2_4
8654,s3_1695_2555,s2_n103_99,s4_n40_7,s1_below_4282,s4_4_5,s1_below_2001,s2_760_2075,s5_47_57,Truck (<=10000 lbs.),s2_11_28,Not Deployed,s2_97_208,s1_below_1,Male,s6_130_up,s5_169_179,s2_164_318,s3_80_160,s3_4_5
8655,s3_1695_2555,s2_n103_99,s4_n40_7,s1_below_4282,s1_below_2,s2_2001_2003,s2_760_2075,s6_57_up,Truck (<=6000 lbs.),s3_28_48,Not Deployed,s2_97_208,s1_below_1,Female,s2_37_80,s3_141_159,s2_164_318,s3_80_160,s2_2_4
8656,s2_885_1695,s2_n103_99,s4_n40_7,s1_below_4282,s1_below_2,s1_below_2001,s2_760_2075,s5_47_57,Passenger Car,s2_11_28,Not Deployed,s2_97_208,s1_below_1,Female,s2_37_80,s3_141_159,s2_164_318,s3_80_160,s2_2_4
8657,s2_885_1695,s2_n103_99,s4_n40_7,s1_below_4282,s2_2_3,s4_2005_2007,s2_760_2075,s5_47_57,Passenger Car,s2_11_28,Deployed,s2_97_208,s1_below_1,Female,s2_37_80,s3_141_159,s2_164_318,s3_80_160,s2_2_4
8658,s2_885_1695,s2_n103_99,s4_n40_7,s1_below_4282,s4_4_5,s2_2001_2003,s2_760_2075,s5_47_57,Passenger Car,s3_28_48,Deployed,s2_97_208,s1_below_1,Female,s2_37_80,s3_141_159,s2_164_318,s4_160_220,s2_2_4
8659,s2_885_1695,s2_n103_99,s4_n40_7,s1_below_4282,s1_below_2,s1_below_2001,s2_760_2075,s3_17_37,Passenger Car,s3_28_48,Deployed,s2_97_208,s3_2_3,Female,s2_37_80,s3_141_159,s2_164_318,s3_80_160,s2_2_4
8660,s2_885_1695,s2_n103_99,s4_n40_7,s1_below_4282,s1_below_2,s3_2003_2005,s3_2075_3730,s5_47_57,Passenger Car,s2_11_28,Not Deployed,s2_97_208,s1_below_1,Female,s2_37_80,s3_141_159,s2_164_318,s3_80_160,s2_2_4
8661,s2_885_1695,s2_n103_99,s4_n40_7,s1_below_4282,s2_2_3,s2_2001_2003,s2_760_2075,s5_47_57,Passenger Car,s3_28_48,Deployed,s2_97_208,s1_below_1,Female,s3_80_96,s3_141_159,s2_164_318,s3_80_160,s2_2_4
8662,s3_1695_2555,s2_n103_99,s4_n40_7,s1_below_4282,s1_below_2,s2_2001_2003,s3_2075_3730,s3_17_37,Truck (<=10000 lbs.),s3_28_48,Not Deployed,s2_97_208,s1_below_1,Female,s2_37_80,s4_159_169,s3_318_464,s3_80_160,s3_4_5
8663,s3_1695_2555,s2_n103_99,s4_n40_7,s1_below_4282,s1_below_2,s4_2005_2007,s2_760_2075,s3_17_37,Passenger Car,s3_28_48,Not Deployed,s2_97_208,s1_below_1,Female,s2_37_80,s3_141_159,s2_164_318,s4_160_220,s2_2_4
8664,s2_885_1695,s2_n103_99,s4_n40_7,s1_below_4282,s1_below_2,s3_2003_2005,s2_760_2075,s4_37_47,Passenger Car,s2_11_28,Deployed,s2_97_208,s1_below_1,Male,s2_37_80,s3_141_159,s2_164_318,s3_80_160,s2_2_4
8665,s2_885_1695,s2_n103_99,s4_n40_7,s1_below_4282,s1_below_2,s3_2003_2005,s2_760_2075,s3_17_37,Passenger Car,s3_28_48,Deployed,s2_97_208,s1_below_1,Male,s3_80_96,s3_141_159,s2_164_318,s3_80_160,s2_2_4
8666,s2_885_1695,s2_n103_99,s4_n40_7,s1_below_4282,s1_below_2,s1_below_2001,s2_760_2075,s3_17_37,Passenger Car,s2_11_28,Not Deployed,s2_97_208,s1_below_1,Female,s2_37_80,s3_141_159,s2_164_318,s3_80_160,s2_2_4
8667,s3_1695_2555,s2_n103_99,s4_n40_7,s1_below_4282,s1_below_2,s1_below_2001,s2_760_2075,s5_47_57,Passenger Car,s6_76_up,Deployed,s2_97_208,s2_1_2,Male,s3_80_96,s4_159_169,s2_164_318,s2_40_80,s2_2_4
8668,s3_1695_2555,s2_n103_99,s4_n40_7,s1_below_4282,s1_below_2,s4_2005_2007,s2_760_2075,s5_47_57,Truck (<=6000 lbs.),s2_11_28,Deployed,s2_97_208,s1_below_1,Male,s2_37_80,s4_159_169,s2_164_318,s4_160_220,s2_2_4
8669,s2_885_1695,s2_n103_99,s4_n40_7,s1_below_4282,s4_4_5,s3_2003_2005,s2_760_2075,s5_47_57,Passenger Car,s2_11_28,Deployed,s2_97_208,s1_below_1,Female,s2_37_80,s3_141_159,s2_164_318,s3_80_160,s2_2_4
8670,s2_885_1695,s2_n103_99,s4_n40_7,s1_below_4282,s2_2_3,s4_2005_2007,s2_760_2075,s6_57_up,Passenger Car,s2_11_28,Deployed,s2_97_208,s1_below_1,Male,s3_80_96,s3_141_159,s2_164_318,s3_80_160,s2_2_4
8671,s2_885_1695,s2_n103_99,s4_n40_7,s1_below_4282,s2_2_3,s3_2003_2005,s2_760_2075,s6_57_up,Passenger Car,s3_28_48,Not Deployed,s2_97_208,s1_below_1,Female,s5_114_130,s3_141_159,s2_164_318,s3_80_160,s2_2_4
8672,s2_885_1695,s2_n103_99,s4_n40_7,s1_below_4282,s1_below_2,s4_2005_2007,s2_760_2075,s3_17_37,Truck (<=6000 lbs.),s3_28_48,Not Deployed,s2_97_208,s1_below_1,Male,s4_96_114,s3_141_159,s2_164_318,s4_160_220,s2_2_4
8673,s3_1695_2555,s2_n103_99,s4_n40_7,s1_below_4282,s4_4_5,s1_below_2001,s2_760_2075,s3_17_37,Truck (<=6000 lbs.),s2_11_28,Not Deployed,s2_97_208,s1_below_1,Male,s3_80_96,s3_141_159,s2_164_318,s3_80_160,s2_2_4
8674,s2_885_1695,s2_n103_99,s4_n40_7,s1_below_4282,s1_below_2,s1_below_2001,s2_760_2075,s3_17_37,Passenger Car,s2_11_28,Not Deployed,s2_97_208,s1_below_1,Female,s3_80_96,s3_141_159,s2_164_318,s2_40_80,s2_2_4
8675,s2_885_1695,s2_n103_99,s4_n40_7,s1_below_4282,s1_below_2,s3_2003_2005,s3_2075_3730,s4_37_47,Passenger Car,s2_11_28,Not Deployed,s2_97_208,s1_below_1,Female,s2_37_80,s3_141_159,s2_164_318,s3_80_160,s2_2_4
8676,s3_1695_2555,s2_n103_99,s4_n40_7,s1_below_4282,s1_below_2,s2_2001_2003,s2_760_2075,s3_17_37,Truck (<=6000 lbs.),s3_28_48,Deployed,s2_97_208,s1_below_1,Male,s2_37_80,s3_141_159,s2_164_318,s2_40_80,s2_2_4
8677,s2_885_1695,s2_n103_99,s4_n40_7,s1_below_4282,s1_below_2,s1_below_2001,s2_760_2075,s3_17_37,Passenger Car,s5_64_76,Not Deployed,s2_97_208,s1_below_1,Female,s2_37_80,s3_141_159,s2_164_318,s4_160_220,s2_2_4
8678,s2_885_1695,s2_n103_99,s4_n40_7,s1_below_4282,s4_4_5,s3_2003_2005,s2_760_2075,s3_17_37,Truck (<=6000 lbs.),s4_48_64,Not Deployed,s2_97_208,s1_below_1,Female,s4_96_114,s3_141_159,s2_164_318,s3_80_160,s2_2_4
8679,s2_885_1695,s2_n103_99,s4_n40_7,s1_below_4282,s1_below_2,s3_2003_2005,s2_760_2075,s4_37_47,Truck (<=6000 lbs.),s2_11_28,Not Deployed,s2_97_208,s1_below_1,Female,s2_37_80,s3_141_159,s2_164_318,s3_80_160,s2_2_4
8680,s2_885_1695,s2_n103_99,s5_7_up,s1_below_4282,s1_below_2,s4_2005_2007,s2_760_2075,s4_37_47,Truck (<=6000 lbs.),s3_28_48,Not Deployed,s2_97_208,s1_below_1,Male,s2_37_80,s3_141_159,s2_164_318,s6_260_up,s2_2_4
8681,s2_885_1695,s2_n103_99,s4_n40_7,s1_below_4282,s3_3_4,s1_below_2001,s2_760_2075,s3_17_37,Passenger Car,s2_11_28,Deployed,s2_97_208,s1_below_1,Female,s2_37_80,s3_141_159,s2_164_318,s3_80_160,s2_2_4
8682,s2_885_1695,s2_n103_99,s4_n40_7,s1_below_4282,s4_4_5,s3_2003_2005,s2_760_2075,s5_47_57,Passenger Car,s2_11_28,Deployed,s2_97_208,s2_1_2,Male,s2_37_80,s3_141_159,s2_164_318,s4_160_220,s2_2_4
8683,s2_885_1695,s2_n103_99,s4_n40_7,s1_below_4282,s1_below_2,s2_2001_2003,s2_760_2075,s5_47_57,Passenger Car,s3_28_48,Deployed,s2_97_208,s1_below_1,Female,s5_114_130,s3_141_159,s2_164_318,s4_160_220,s2_2_4
8684,s2_885_1695,s2_n103_99,s4_n40_7,s1_below_4282,s2_2_3,s2_2001_2003,s2_760_2075,s3_17_37,Passenger Car,s2_11_28,Not Deployed,s2_97_208,s1_below_1,Male,s2_37_80,s3_141_159,s2_164_318,s4_160_220,s2_2_4
8685,s2_885_1695,s2_n103_99,s4_n40_7,s1_below_4282,s4_4_5,s2_2001_2003,s2_760_2075,s4_37_47,Passenger Car,s3_28_48,Deployed,s2_97_208,s1_below_1,Female,s2_37_80,s3_141_159,s2_164_318,s3_80_160,s2_2_4
8686,s2_885_1695,s2_n103_99,s5_7_up,s1_below_4282,s3_3_4,s3_2003_2005,s2_760_2075,s4_37_47,Passenger Car,s2_11_28,Not Deployed,s2_97_208,s1_below_1,Male,s2_37_80,s3_141_159,s2_164_318,s6_260_up,s2_2_4
8687,s2_885_1695,s2_n103_99,s4_n40_7,s1_below_4282,s1_below_2,s1_below_2001,s3_2075_3730,s5_47_57,Truck (<=6000 lbs.),s4_48_64,Deployed,s2_97_208,s1_below_1,Male,s4_96_114,s4_159_169,s2_164_318,s3_80_160,s2_2_4
8688,s2_885_1695,s2_n103_99,s4_n40_7,s1_below_4282,s1_below_2,s2_2001_2003,s2_760_2075,s5_47_57,Passenger Car,s2_11_28,Not Deployed,s2_97_208,s1_below_1,Male,s3_80_96,s3_141_159,s2_164_318,s4_160_220,s2_2_4
8689,s2_885_1695,s2_n103_99,s4_n40_7,s1_below_4282,s3_3_4,s2_2001_2003,s2_760_2075,s3_17_37,Passenger Car,s3_28_48,Not Deployed,s2_97_208,s1_below_1,Female,s2_37_80,s3_141_159,s2_164_318,s2_40_80,s2_2_4
8690,s2_885_1695,s2_n103_99,s4_n40_7,s1_below_4282,s4_4_5,s1_below_2001,s2_760_2075,s3_17_37,Truck (<=6000 lbs.),s4_48_64,Deployed,s2_97_208,s1_below_1,Male,s5_114_130,s3_141_159,s2_164_318,s4_160_220,s2_2_4
8691,s2_885_1695,s2_n103_99,s4_n40_7,s1_below_4282,s1_below_2,s1_below_2001,s2_760_2075,s4_37_47,Passenger Car,s6_76_up,Not Deployed,s2_97_208,s1_below_1,Male,s2_37_80,s3_141_159,s2_164_318,s3_80_160,s2_2_4
8692,s3_1695_2555,s2_n103_99,s5_7_up,s1_below_4282,s4_4_5,s4_2005_2007,s2_760_2075,s5_47_57,Truck (<=10000 lbs.),s4_48_64,Not Deployed,s2_97_208,s1_below_1,Male,s3_80_96,s5_169_179,s3_318_464,s6_260_up,s4_5_6
8693,s3_1695_2555,s2_n103_99,s4_n40_7,s1_below_4282,s4_4_5,s2_2001_2003,s3_2075_3730,s5_47_57,Truck (<=10000 lbs.),s2_11_28,Not Deployed,s2_97_208,s1_below_1,Female,s2_37_80,s3_141_159,s3_318_464,s3_80_160,s3_4_5
8694,s2_885_1695,s2_n103_99,s4_n40_7,s1_below_4282,s1_below_2,s3_2003_2005,s2_760_2075,s5_47_57,Passenger Car,s2_11_28,Deployed,s2_97_208,s1_below_1,Female,s2_37_80,s3_141_159,s2_164_318,s3_80_160,s2_2_4
8695,s3_1695_2555,s2_n103_99,s4_n40_7,s1_below_4282,s1_below_2,s2_2001_2003,s2_760_2075,s5_47_57,Truck (<=6000 lbs.),s3_28_48,Deployed,s2_97_208,s1_below_1,Female,s2_37_80,s3_141_159,s2_164_318,s3_80_160,s3_4_5
8696,s2_885_1695,s2_n103_99,s4_n40_7,s1_below_4282,s1_below_2,s2_2001_2003,s2_760_2075,s3_17_37,Passenger Car,s3_28_48,Deployed,s2_97_208,s1_below_1,Female,s3_80_96,s3_141_159,s2_164_318,s2_40_80,s2_2_4
8697,s2_885_1695,s2_n103_99,s4_n40_7,s1_below_4282,s1_below_2,s1_below_2001,s2_760_2075,s5_47_57,Passenger Car,s2_11_28,Deployed,s2_97_208,s1_below_1,Male,s3_80_96,s3_141_159,s2_164_318,s3_80_160,s2_2_4
8698,s2_885_1695,s2_n103_99,s4_n40_7,s1_below_4282,s1_below_2,s3_2003_2005,s2_760_2075,s6_57_up,Passenger Car,s3_28_48,Deployed,s2_97_208,s1_below_1,Male,s3_80_96,s3_141_159,s2_164_318,s3_80_160,s2_2_4
8699,s2_885_1695,s2_n103_99,s5_7_up,s1_below_4282,s1_below_2,s3_2003_2005,s2_760_2075,s6_57_up,Truck (<=6000 lbs.),s3_28_48,Not Deployed,s2_97_208,s1_below_1,Female,s2_37_80,s3_141_159,s2_164_318,s6_260_up,s2_2_4
8700,s2_885_1695,s2_n103_99,s4_n40_7,s1_below_4282,s4_4_5,s2_2001_2003,s2_760_2075,s3_17_37,Passenger Car,s2_11_28,Deployed,s2_97_208,s1_below_1,Male,s2_37_80,s3_141_159,s2_164_318,s4_160_220,s2_2_4
8701,s2_885_1695,s2_n103_99,s4_n40_7,s1_below_4282,s1_below_2,s3_2003_2005,s2_760_2075,s5_47_57,Passenger Car,s5_64_76,Deployed,s2_97_208,s1_below_1,Female,s2_37_80,s3_141_159,s2_164_318,s4_160_220,s2_2_4
8702,s3_1695_2555,s2_n103_99,s4_n40_7,s1_below_4282,s3_3_4,s3_2003_2005,s2_760_2075,s4_37_47,Truck (<=10000 lbs.),s3_28_48,Not Deployed,s2_97_208,s1_below_1,Male,s3_80_96,s5_169_179,s3_318_464,s3_80_160,s4_5_6
8703,s3_1695_2555,s2_n103_99,s4_n40_7,s1_below_4282,s3_3_4,s1_below_2001,s3_2075_3730,s4_37_47,Truck (<=10000 lbs.),s2_11_28,Deployed,s2_97_208,s1_below_1,Male,s2_37_80,s4_159_169,s3_318_464,s3_80_160,s4_5_6
8704,s2_885_1695,s2_n103_99,s3_n81_n40,s1_below_4282,s3_3_4,s4_2005_2007,s2_760_2075,s3_17_37,Passenger Car,s3_28_48,Deployed,s2_97_208,s3_2_3,Female,s2_37_80,s3_141_159,s2_164_318,s3_80_160,s2_2_4
8705,s2_885_1695,s2_n103_99,s4_n40_7,s1_below_4282,s3_3_4,s4_2005_2007,s2_760_2075,s4_37_47,Passenger Car,s3_28_48,Deployed,s2_97_208,s3_2_3,Female,s2_37_80,s3_141_159,s2_164_318,s3_80_160,s2_2_4
8706,s2_885_1695,s2_n103_99,s3_n81_n40,s1_below_4282,s2_2_3,s1_below_2001,s2_760_2075,s4_37_47,Passenger Car,s3_28_48,Deployed,s2_97_208,s3_2_3,Male,s3_80_96,s3_141_159,s2_164_318,s3_80_160,s2_2_4
8707,s2_885_1695,s2_n103_99,s4_n40_7,s1_below_4282,s4_4_5,s3_2003_2005,s2_760_2075,s3_17_37,Passenger Car,s2_11_28,Deployed,s2_97_208,s1_below_1,Male,s2_37_80,s3_141_159,s2_164_318,s3_80_160,s2_2_4
8708,s2_885_1695,s2_n103_99,s4_n40_7,s1_below_4282,s1_below_2,s2_2001_2003,s3_2075_3730,s4_37_47,Passenger Car,s4_48_64,Deployed,s2_97_208,s3_2_3,Male,s2_37_80,s3_141_159,s2_164_318,s3_80_160,s2_2_4
8709,s3_1695_2555,s2_n103_99,s4_n40_7,s1_below_4282,s4_4_5,s3_2003_2005,s2_760_2075,s6_57_up,Truck (<=10000 lbs.),s2_11_28,Not Deployed,s2_97_208,s1_below_1,Male,s2_37_80,s5_169_179,s3_318_464,s4_160_220,s5_6_7
8710,s4_2555_3715,s2_n103_99,s4_n40_7,s1_below_4282,s1_below_2,s3_2003_2005,s2_760_2075,s3_17_37,Truck (<=10000 lbs.),s2_11_28,Not Deployed,s2_97_208,s1_below_1,Male,s2_37_80,s5_169_179,s3_318_464,s2_40_80,s4_5_6
8711,s2_885_1695,s2_n103_99,s4_n40_7,s1_below_4282,s1_below_2,s4_2005_2007,s3_2075_3730,s3_17_37,Passenger Car,s3_28_48,Deployed,s2_97_208,s1_below_1,Female,s2_37_80,s3_141_159,s2_164_318,s4_160_220,s2_2_4
8712,s2_885_1695,s2_n103_99,s4_n40_7,s1_below_4282,s1_below_2,s3_2003_2005,s2_760_2075,s3_17_37,Passenger Car,s3_28_48,Deployed,s2_97_208,s1_below_1,Male,s6_130_up,s3_141_159,s2_164_318,s3_80_160,s2_2_4
8713,s4_2555_3715,s2_n103_99,s4_n40_7,s1_below_4282,s1_below_2,s3_2003_2005,s2_760_2075,s3_17_37,Truck (<=10000 lbs.),s3_28_48,Not Deployed,s2_97_208,s2_1_2,Female,s2_37_80,s3_141_159,s2_164_318,s2_40_80,s2_2_4
8714,s2_885_1695,s2_n103_99,s5_7_up,s1_below_4282,s4_4_5,s3_2003_2005,s2_760_2075,s4_37_47,Passenger Car,s3_28_48,Not Deployed,s2_97_208,s1_below_1,Female,s4_96_114,s3_141_159,s2_164_318,s6_260_up,s2_2_4
8715,s2_885_1695,s2_n103_99,s4_n40_7,s1_below_4282,s3_3_4,s3_2003_2005,s3_2075_3730,s3_17_37,Passenger Car,s4_48_64,Not Deployed,s2_97_208,s2_1_2,Female,s2_37_80,s3_141_159,s2_164_318,s3_80_160,s2_2_4
8716,s2_885_1695,s2_n103_99,s5_7_up,s1_below_4282,s2_2_3,s1_below_2001,s2_760_2075,s6_57_up,Passenger Car,s3_28_48,Not Deployed,s2_97_208,s1_below_1,Female,s3_80_96,s3_141_159,s2_164_318,s6_260_up,s2_2_4
8717,s3_1695_2555,s2_n103_99,s4_n40_7,s1_below_4282,s4_4_5,s3_2003_2005,s2_760_2075,s3_17_37,Truck (<=6000 lbs.),s4_48_64,Not Deployed,s2_97_208,s1_below_1,Female,s3_80_96,s4_159_169,s2_164_318,s3_80_160,s3_4_5
8718,s2_885_1695,s2_n103_99,s4_n40_7,s1_below_4282,s1_below_2,s4_2005_2007,s2_760_2075,s3_17_37,Passenger Car,s5_64_76,Not Deployed,s2_97_208,s1_below_1,Female,s2_37_80,s3_141_159,s2_164_318,s2_40_80,s2_2_4
8719,s3_1695_2555,s2_n103_99,s4_n40_7,s1_below_4282,s4_4_5,s1_below_2001,s2_760_2075,s3_17_37,Passenger Car,s4_48_64,Deployed,s2_97_208,s5_4_5,Female,s4_96_114,s4_159_169,s2_164_318,s2_40_80,s3_4_5
8720,s3_1695_2555,s2_n103_99,s4_n40_7,s1_below_4282,s3_3_4,s4_2005_2007,s2_760_2075,s4_37_47,Truck (<=6000 lbs.),s3_28_48,Not Deployed,s2_97_208,s1_below_1,Female,s2_37_80,s4_159_169,s2_164_318,s3_80_160,s2_2_4
8721,s2_885_1695,s2_n103_99,s4_n40_7,s1_below_4282,s1_below_2,s4_2005_2007,s4_3730_up,s3_17_37,Passenger Car,s2_11_28,Deployed,s2_97_208,s1_below_1,Female,s2_37_80,s3_141_159,s2_164_318,s2_40_80,s2_2_4
8722,s3_1695_2555,s2_n103_99,s4_n40_7,s1_below_4282,s3_3_4,s2_2001_2003,s2_760_2075,s4_37_47,Truck (<=6000 lbs.),s3_28_48,Deployed,s2_97_208,s2_1_2,Male,s2_37_80,s3_141_159,s2_164_318,s3_80_160,s2_2_4
8723,s3_1695_2555,s2_n103_99,s4_n40_7,s1_below_4282,s1_below_2,s4_2005_2007,s2_760_2075,s4_37_47,Passenger Car,s4_48_64,Deployed,s2_97_208,s1_below_1,Male,s3_80_96,s3_141_159,s2_164_318,s3_80_160,s2_2_4
8724,s2_885_1695,s2_n103_99,s4_n40_7,s1_below_4282,s1_below_2,s1_below_2001,s2_760_2075,s3_17_37,Truck (<=6000 lbs.),s3_28_48,Deployed,s2_97_208,s1_below_1,Female,s2_37_80,s3_141_159,s2_164_318,s2_40_80,s2_2_4
8725,s2_885_1695,s2_n103_99,s4_n40_7,s1_below_4282,s3_3_4,s1_below_2001,s2_760_2075,s3_17_37,Passenger Car,s3_28_48,Deployed,s2_97_208,s1_below_1,Female,s2_37_80,s3_141_159,s2_164_318,s3_80_160,s2_2_4
8726,s2_885_1695,s2_n103_99,s4_n40_7,s1_below_4282,s2_2_3,s3_2003_2005,s2_760_2075,s3_17_37,Passenger Car,s3_28_48,Deployed,s2_97_208,s1_below_1,Male,s3_80_96,s3_141_159,s2_164_318,s3_80_160,s2_2_4
8727,s2_885_1695,s2_n103_99,s4_n40_7,s1_below_4282,s2_2_3,s3_2003_2005,s2_760_2075,s3_17_37,Passenger Car,s2_11_28,Not Deployed,s2_97_208,s1_below_1,Male,s5_114_130,s3_141_159,s2_164_318,s4_160_220,s2_2_4
8728,s2_885_1695,s2_n103_99,s4_n40_7,s1_below_4282,s3_3_4,s3_2003_2005,s2_760_2075,s4_37_47,Passenger Car,s6_76_up,Not Deployed,s2_97_208,s1_below_1,Male,s3_80_96,s3_141_159,s2_164_318,s3_80_160,s2_2_4
8729,s2_885_1695,s2_n103_99,s4_n40_7,s1_below_4282,s2_2_3,s3_2003_2005,s2_760_2075,s4_37_47,Passenger Car,s2_11_28,Not Deployed,s2_97_208,s1_below_1,Male,s4_96_114,s3_141_159,s2_164_318,s4_160_220,s2_2_4
8730,s3_1695_2555,s2_n103_99,s4_n40_7,s1_below_4282,s3_3_4,s3_2003_2005,s2_760_2075,s4_37_47,Truck (<=6000 lbs.),s3_28_48,Deployed,s2_97_208,s1_below_1,Male,s4_96_114,s3_141_159,s3_318_464,s3_80_160,s2_2_4
8731,s3_1695_2555,s2_n103_99,s4_n40_7,s1_below_4282,s1_below_2,s3_2003_2005,s2_760_2075,s3_17_37,Passenger Car,s3_28_48,Not Deployed,s2_97_208,s1_below_1,Male,s3_80_96,s3_141_159,s2_164_318,s4_160_220,s2_2_4
8732,s2_885_1695,s2_n103_99,s4_n40_7,s1_below_4282,s1_below_2,s3_2003_2005,s2_760_2075,s3_17_37,Passenger Car,s2_11_28,Deployed,s2_97_208,s1_below_1,Female,s2_37_80,s3_141_159,s2_164_318,s3_80_160,s2_2_4
8733,s2_885_1695,s2_n103_99,s4_n40_7,s1_below_4282,s2_2_3,s3_2003_2005,s2_760_2075,s4_37_47,Passenger Car,s2_11_28,Deployed,s2_97_208,s3_2_3,Female,s2_37_80,s3_141_159,s2_164_318,s2_40_80,s2_2_4
8734,s2_885_1695,s2_n103_99,s4_n40_7,s1_below_4282,s2_2_3,s4_2005_2007,s3_2075_3730,s6_57_up,Passenger Car,s3_28_48,Deployed,s2_97_208,s1_below_1,Female,s2_37_80,s3_141_159,s2_164_318,s4_160_220,s2_2_4
8735,s2_885_1695,s2_n103_99,s4_n40_7,s1_below_4282,s2_2_3,s3_2003_2005,s2_760_2075,s6_57_up,Passenger Car,s3_28_48,Deployed,s2_97_208,s1_below_1,Female,s2_37_80,s3_141_159,s2_164_318,s3_80_160,s2_2_4
8736,s2_885_1695,s2_n103_99,s4_n40_7,s1_below_4282,s2_2_3,s2_2001_2003,s2_760_2075,s4_37_47,Passenger Car,s3_28_48,Deployed,s2_97_208,s1_below_1,Female,s2_37_80,s3_141_159,s2_164_318,s3_80_160,s2_2_4
8737,s3_1695_2555,s2_n103_99,s4_n40_7,s1_below_4282,s1_below_2,s3_2003_2005,s2_760_2075,s3_17_37,Truck (<=6000 lbs.),s3_28_48,Deployed,s2_97_208,s1_below_1,Female,s2_37_80,s3_141_159,s2_164_318,s5_220_260,s2_2_4
8738,s2_885_1695,s2_n103_99,s4_n40_7,s1_below_4282,s3_3_4,s2_2001_2003,s2_760_2075,s3_17_37,Passenger Car,s3_28_48,Not Deployed,s2_97_208,s1_below_1,Female,s2_37_80,s3_141_159,s2_164_318,s3_80_160,s2_2_4
8739,s2_885_1695,s2_n103_99,s4_n40_7,s1_below_4282,s4_4_5,s2_2001_2003,s2_760_2075,s3_17_37,Passenger Car,s6_76_up,Not Deployed,s2_97_208,s1_below_1,Male,s3_80_96,s3_141_159,s2_164_318,s2_40_80,s2_2_4
8740,s2_885_1695,s2_n103_99,s4_n40_7,s1_below_4282,s3_3_4,s2_2001_2003,s2_760_2075,s4_37_47,Passenger Car,s4_48_64,Deployed,s2_97_208,s1_below_1,Female,s4_96_114,s3_141_159,s2_164_318,s3_80_160,s2_2_4
8741,s2_885_1695,s2_n103_99,s5_7_up,s1_below_4282,s3_3_4,s1_below_2001,s2_760_2075,s4_37_47,Passenger Car,s4_48_64,Deployed,s2_97_208,s1_below_1,Female,s2_37_80,s2_116_141,s2_164_318,s6_260_up,s2_2_4
8742,s2_885_1695,s2_n103_99,s4_n40_7,s1_below_4282,s4_4_5,s1_below_2001,s2_760_2075,s3_17_37,Passenger Car,s2_11_28,Deployed,s2_97_208,s2_1_2,Male,s2_37_80,s3_141_159,s2_164_318,s4_160_220,s2_2_4
8743,s3_1695_2555,s2_n103_99,s4_n40_7,s1_below_4282,s3_3_4,s4_2005_2007,s2_760_2075,s3_17_37,Passenger Car,s3_28_48,Deployed,s2_97_208,s1_below_1,Male,s3_80_96,s3_141_159,s2_164_318,s3_80_160,s3_4_5
8744,s2_885_1695,s2_n103_99,s4_n40_7,s1_below_4282,s1_below_2,s3_2003_2005,s2_760_2075,s3_17_37,Passenger Car,s6_76_up,Not Deployed,s2_97_208,s1_below_1,Female,s2_37_80,s3_141_159,s2_164_318,s4_160_220,s2_2_4
8745,s2_885_1695,s2_n103_99,s4_n40_7,s1_below_4282,s3_3_4,s4_2005_2007,s2_760_2075,s3_17_37,Passenger Car,s2_11_28,Deployed,s2_97_208,s1_below_1,Female,s2_37_80,s3_141_159,s2_164_318,s3_80_160,s2_2_4
8746,s3_1695_2555,s2_n103_99,s4_n40_7,s1_below_4282,s3_3_4,s1_below_2001,s2_760_2075,s3_17_37,Passenger Car,s3_28_48,Not Deployed,s2_97_208,s1_below_1,Female,s2_37_80,s4_159_169,s2_164_318,s4_160_220,s2_2_4
8747,s2_885_1695,s2_n103_99,s4_n40_7,s1_below_4282,s2_2_3,s3_2003_2005,s2_760_2075,s3_17_37,Passenger Car,s2_11_28,Deployed,s2_97_208,s1_below_1,Male,s3_80_96,s3_141_159,s2_164_318,s2_40_80,s2_2_4
8748,s2_885_1695,s2_n103_99,s5_7_up,s1_below_4282,s1_below_2,s1_below_2001,s2_760_2075,s6_57_up,Truck (<=6000 lbs.),s3_28_48,Not Deployed,s2_97_208,s1_below_1,Male,s2_37_80,s2_116_141,s2_164_318,s6_260_up,s2_2_4
8749,s2_885_1695,s2_n103_99,s4_n40_7,s1_below_4282,s1_below_2,s2_2001_2003,s2_760_2075,s3_17_37,Passenger Car,s4_48_64,Not Deployed,s2_97_208,s1_below_1,Male,s3_80_96,s3_141_159,s2_164_318,s3_80_160,s2_2_4
8750,s2_885_1695,s2_n103_99,s4_n40_7,s1_below_4282,s1_below_2,s1_below_2001,s2_760_2075,s3_17_37,Passenger Car,s2_11_28,Not Deployed,s2_97_208,s1_below_1,Female,s2_37_80,s3_141_159,s2_164_318,s2_40_80,s2_2_4
8751,s2_885_1695,s2_n103_99,s4_n40_7,s1_below_4282,s4_4_5,s1_below_2001,s2_760_2075,s3_17_37,Passenger Car,s4_48_64,Deployed,s2_97_208,s1_below_1,Female,s2_37_80,s3_141_159,s2_164_318,s3_80_160,s2_2_4
8752,s2_885_1695,s2_n103_99,s5_7_up,s1_below_4282,s4_4_5,s3_2003_2005,s2_760_2075,s3_17_37,Passenger Car,s4_48_64,Not Deployed,s2_97_208,s1_below_1,Female,s4_96_114,s3_141_159,s2_164_318,s6_260_up,s2_2_4
8753,s3_1695_2555,s2_n103_99,s4_n40_7,s1_below_4282,s2_2_3,s2_2001_2003,s3_2075_3730,s4_37_47,Truck (<=10000 lbs.),s4_48_64,Not Deployed,s2_97_208,s1_below_1,Male,s3_80_96,s5_169_179,s2_164_318,s3_80_160,s3_4_5
8754,s3_1695_2555,s2_n103_99,s5_7_up,s1_below_4282,s2_2_3,s3_2003_2005,s2_760_2075,s4_37_47,Truck (<=10000 lbs.),s3_28_48,Not Deployed,s2_97_208,s1_below_1,Female,s3_80_96,s5_169_179,s3_318_464,s6_260_up,s4_5_6
8755,s3_1695_2555,s2_n103_99,s4_n40_7,s1_below_4282,s6_6_up,s3_2003_2005,s2_760_2075,s4_37_47,Truck (<=10000 lbs.),s3_28_48,Not Deployed,s2_97_208,s1_below_1,Male,s4_96_114,s5_169_179,s3_318_464,s3_80_160,s4_5_6
8756,s2_885_1695,s2_n103_99,s4_n40_7,s1_below_4282,s4_4_5,s1_below_2001,s3_2075_3730,s3_17_37,Passenger Car,s5_64_76,Not Deployed,s2_97_208,s3_2_3,Male,s3_80_96,s3_141_159,s2_164_318,s4_160_220,s2_2_4
8757,s2_885_1695,s2_n103_99,s4_n40_7,s1_below_4282,s3_3_4,s3_2003_2005,s3_2075_3730,s4_37_47,Passenger Car,s3_28_48,Deployed,s2_97_208,s1_below_1,Female,s3_80_96,s3_141_159,s2_164_318,s3_80_160,s2_2_4
8758,s2_885_1695,s2_n103_99,s4_n40_7,s1_below_4282,s3_3_4,s4_2005_2007,s3_2075_3730,s3_17_37,Passenger Car,s4_48_64,Deployed,s2_97_208,s1_below_1,Male,s3_80_96,s3_141_159,s2_164_318,s3_80_160,s2_2_4
8759,s2_885_1695,s2_n103_99,s4_n40_7,s1_below_4282,s3_3_4,s1_below_2001,s2_760_2075,s4_37_47,Passenger Car,s2_11_28,Not Deployed,s2_97_208,s1_below_1,Male,s3_80_96,s3_141_159,s2_164_318,s3_80_160,s2_2_4
8760,s3_1695_2555,s2_n103_99,s4_n40_7,s1_below_4282,s1_below_2,s1_below_2001,s2_760_2075,s3_17_37,Truck (<=6000 lbs.),s2_11_28,Not Deployed,s2_97_208,s1_below_1,Female,s2_37_80,s4_159_169,s2_164_318,s2_40_80,s3_4_5
8761,s2_885_1695,s2_n103_99,s4_n40_7,s1_below_4282,s2_2_3,s4_2005_2007,s2_760_2075,s3_17_37,Passenger Car,s3_28_48,Not Deployed,s2_97_208,s1_below_1,Male,s3_80_96,s3_141_159,s2_164_318,s3_80_160,s2_2_4
8762,s2_885_1695,s2_n103_99,s4_n40_7,s1_below_4282,s4_4_5,s4_2005_2007,s3_2075_3730,s3_17_37,Passenger Car,s3_28_48,Deployed,s2_97_208,s1_below_1,Female,s3_80_96,s3_141_159,s2_164_318,s3_80_160,s2_2_4
8763,s5_3715_up,s2_n103_99,s4_n40_7,s1_below_4282,s4_4_5,s3_2003_2005,s2_760_2075,s4_37_47,Truck (<=10000 lbs.),s3_28_48,Not Deployed,s2_97_208,s1_below_1,Male,s2_37_80,s5_169_179,s3_318_464,s3_80_160,s5_6_7
8764,s2_885_1695,s2_n103_99,s5_7_up,s1_below_4282,s4_4_5,s3_2003_2005,s4_3730_up,s4_37_47,Truck (<=6000 lbs.),s3_28_48,Not Deployed,s2_97_208,s1_below_1,Male,s3_80_96,s3_141_159,s2_164_318,s6_260_up,s2_2_4
8765,s2_885_1695,s2_n103_99,s4_n40_7,s1_below_4282,s1_below_2,s3_2003_2005,s3_2075_3730,s3_17_37,Passenger Car,s2_11_28,Deployed,s2_97_208,s1_below_1,Male,s2_37_80,s3_141_159,s2_164_318,s3_80_160,s2_2_4
8766,s3_1695_2555,s2_n103_99,s5_7_up,s1_below_4282,s1_below_2,s4_2005_2007,s2_760_2075,s4_37_47,Truck (<=10000 lbs.),s3_28_48,Not Deployed,s2_97_208,s1_below_1,Male,s4_96_114,s5_169_179,s3_318_464,s5_220_260,s4_5_6
8767,s2_885_1695,s2_n103_99,s4_n40_7,s1_below_4282,s3_3_4,s1_below_2001,s2_760_2075,s3_17_37,Passenger Car,s2_11_28,Not Deployed,s2_97_208,s1_below_1,Male,s2_37_80,s3_141_159,s2_164_318,s3_80_160,s2_2_4
8768,s2_885_1695,s2_n103_99,s4_n40_7,s1_below_4282,s1_below_2,s3_2003_2005,s2_760_2075,s3_17_37,Passenger Car,s3_28_48,Not Deployed,s2_97_208,s1_below_1,Male,s3_80_96,s3_141_159,s2_164_318,s3_80_160,s2_2_4
8769,s3_1695_2555,s2_n103_99,s5_7_up,s1_below_4282,s4_4_5,s4_2005_2007,s2_760_2075,s3_17_37,Truck (<=6000 lbs.),s6_76_up,Not Deployed,s2_97_208,s1_below_1,Male,s2_37_80,s3_141_159,s2_164_318,s5_220_260,s2_2_4
8770,s3_1695_2555,s2_n103_99,s4_n40_7,s1_below_4282,s4_4_5,s3_2003_2005,s2_760_2075,s3_17_37,Truck (<=10000 lbs.),s3_28_48,Not Deployed,s2_97_208,s2_1_2,Female,s4_96_114,s5_169_179,s3_318_464,s3_80_160,s4_5_6
8771,s3_1695_2555,s2_n103_99,s4_n40_7,s1_below_4282,s1_below_2,s3_2003_2005,s2_760_2075,s3_17_37,Truck (<=6000 lbs.),s2_11_28,Deployed,s2_97_208,s1_below_1,Male,s3_80_96,s3_141_159,s2_164_318,s3_80_160,s2_2_4
8772,s3_1695_2555,s2_n103_99,s4_n40_7,s1_below_4282,s1_below_2,s2_2001_2003,s2_760_2075,s3_17_37,Truck (<=6000 lbs.),s3_28_48,Not Deployed,s2_97_208,s1_below_1,Female,s2_37_80,s3_141_159,s2_164_318,s2_40_80,s2_2_4
8773,s2_885_1695,s2_n103_99,s5_7_up,s1_below_4282,s3_3_4,s3_2003_2005,s2_760_2075,s3_17_37,Passenger Car,s2_11_28,Not Deployed,s2_97_208,s1_below_1,Male,s2_37_80,s3_141_159,s2_164_318,s6_260_up,s2_2_4
8774,s2_885_1695,s2_n103_99,s4_n40_7,s1_below_4282,s3_3_4,s1_below_2001,s2_760_2075,s4_37_47,Passenger Car,s3_28_48,Deployed,s2_97_208,s1_below_1,Male,s2_37_80,s3_141_159,s2_164_318,s4_160_220,s2_2_4
8775,s2_885_1695,s2_n103_99,s5_7_up,s1_below_4282,s4_4_5,s3_2003_2005,s2_760_2075,s3_17_37,Passenger Car,s3_28_48,Not Deployed,s2_97_208,s1_below_1,Male,s2_37_80,s3_141_159,s2_164_318,s4_160_220,s2_2_4
8776,s3_1695_2555,s2_n103_99,s4_n40_7,s1_below_4282,s1_below_2,s4_2005_2007,s2_760_2075,s3_17_37,Passenger Car,s2_11_28,Deployed,s2_97_208,s2_1_2,Male,s2_37_80,s4_159_169,s2_164_318,s3_80_160,s2_2_4
8777,s2_885_1695,s2_n103_99,s4_n40_7,s1_below_4282,s1_below_2,s3_2003_2005,s2_760_2075,s3_17_37,Passenger Car,s3_28_48,Not Deployed,s2_97_208,s1_below_1,Female,s2_37_80,s3_141_159,s2_164_318,s4_160_220,s2_2_4
8778,s2_885_1695,s2_n103_99,s4_n40_7,s1_below_4282,s4_4_5,s2_2001_2003,s2_760_2075,s4_37_47,Passenger Car,s5_64_76,Deployed,s2_97_208,s1_below_1,Female,s2_37_80,s3_141_159,s2_164_318,s3_80_160,s2_2_4
8779,s2_885_1695,s2_n103_99,s4_n40_7,s1_below_4282,s4_4_5,s4_2005_2007,s2_760_2075,s3_17_37,Passenger Car,s3_28_48,Not Deployed,s2_97_208,s1_below_1,Female,s2_37_80,s3_141_159,s2_164_318,s2_40_80,s2_2_4
8780,s2_885_1695,s2_n103_99,s4_n40_7,s1_below_4282,s3_3_4,s4_2005_2007,s2_760_2075,s3_17_37,Truck (<=6000 lbs.),s3_28_48,Not Deployed,s2_97_208,s1_below_1,Male,s3_80_96,s3_141_159,s2_164_318,s2_40_80,s2_2_4
8781,s2_885_1695,s2_n103_99,s4_n40_7,s1_below_4282,s2_2_3,s4_2005_2007,s2_760_2075,s3_17_37,Passenger Car,s3_28_48,Not Deployed,s2_97_208,s1_below_1,Male,s3_80_96,s4_159_169,s2_164_318,s2_40_80,s3_4_5
8782,s2_885_1695,s2_n103_99,s4_n40_7,s1_below_4282,s4_4_5,s3_2003_2005,s2_760_2075,s4_37_47,Passenger Car,s3_28_48,Not Deployed,s2_97_208,s1_below_1,Male,s2_37_80,s3_141_159,s2_164_318,s3_80_160,s2_2_4
8783,s3_1695_2555,s2_n103_99,s4_n40_7,s1_below_4282,s4_4_5,s4_2005_2007,s2_760_2075,s3_17_37,Passenger Car,s3_28_48,Not Deployed,s2_97_208,s1_below_1,Female,s2_37_80,s3_141_159,s2_164_318,s3_80_160,s2_2_4
8784,s3_1695_2555,s2_n103_99,s4_n40_7,s1_below_4282,s3_3_4,s2_2001_2003,s2_760_2075,s4_37_47,Truck (<=6000 lbs.),s4_48_64,Deployed,s2_97_208,s1_below_1,Male,s4_96_114,s4_159_169,s2_164_318,s3_80_160,s3_4_5
8785,s2_885_1695,s2_n103_99,s4_n40_7,s1_below_4282,s1_below_2,s3_2003_2005,s2_760_2075,s3_17_37,Passenger Car,s2_11_28,Deployed,s2_97_208,s1_below_1,Female,s2_37_80,s3_141_159,s2_164_318,s3_80_160,s2_2_4
8786,s2_885_1695,s2_n103_99,s4_n40_7,s1_below_4282,s3_3_4,s4_2005_2007,s2_760_2075,s3_17_37,Truck (<=6000 lbs.),s2_11_28,Not Deployed,s2_97_208,s1_below_1,Male,s3_80_96,s3_141_159,s2_164_318,s3_80_160,s2_2_4
8787,s3_1695_2555,s2_n103_99,s4_n40_7,s1_below_4282,s1_below_2,s4_2005_2007,s2_760_2075,s3_17_37,Passenger Car,s2_11_28,Not Deployed,s2_97_208,s1_below_1,Male,s2_37_80,s4_159_169,s2_164_318,s3_80_160,s3_4_5
8788,s2_885_1695,s2_n103_99,s4_n40_7,s1_below_4282,s1_below_2,s3_2003_2005,s2_760_2075,s3_17_37,Passenger Car,s5_64_76,Not Deployed,s2_97_208,s1_below_1,Male,s2_37_80,s3_141_159,s2_164_318,s2_40_80,s2_2_4
8789,s2_885_1695,s2_n103_99,s4_n40_7,s1_below_4282,s3_3_4,s3_2003_2005,s2_760_2075,s4_37_47,Passenger Car,s2_11_28,Deployed,s2_97_208,s2_1_2,Female,s2_37_80,s3_141_159,s2_164_318,s3_80_160,s2_2_4
8790,s3_1695_2555,s2_n103_99,s4_n40_7,s1_below_4282,s4_4_5,s2_2001_2003,s3_2075_3730,s4_37_47,Truck (<=10000 lbs.),s4_48_64,Deployed,s2_97_208,s2_1_2,Female,s5_114_130,s5_169_179,s3_318_464,s3_80_160,s5_6_7
8791,s2_885_1695,s2_n103_99,s4_n40_7,s1_below_4282,s4_4_5,s4_2005_2007,s2_760_2075,s3_17_37,Passenger Car,s3_28_48,Deployed,s2_97_208,s3_2_3,Female,s3_80_96,s3_141_159,s2_164_318,s3_80_160,s2_2_4
8792,s2_885_1695,s2_n103_99,s4_n40_7,s1_below_4282,s3_3_4,s3_2003_2005,s2_760_2075,s3_17_37,Passenger Car,s2_11_28,Deployed,s2_97_208,s1_below_1,Female,s2_37_80,s3_141_159,s2_164_318,s3_80_160,s2_2_4
8793,s2_885_1695,s2_n103_99,s4_n40_7,s1_below_4282,s1_below_2,s4_2005_2007,s2_760_2075,s3_17_37,Passenger Car,s3_28_48,Not Deployed,s2_97_208,s2_1_2,Male,s2_37_80,s3_141_159,s2_164_318,s4_160_220,s2_2_4
8794,s2_885_1695,s2_n103_99,s4_n40_7,s1_below_4282,s4_4_5,s4_2005_2007,s2_760_2075,s3_17_37,Passenger Car,s3_28_48,Not Deployed,s2_97_208,s1_below_1,Female,s2_37_80,s3_141_159,s2_164_318,s3_80_160,s2_2_4
8795,s3_1695_2555,s2_n103_99,s4_n40_7,s1_below_4282,s4_4_5,s2_2001_2003,s2_760_2075,s4_37_47,Truck (<=6000 lbs.),s2_11_28,Not Deployed,s2_97_208,s1_below_1,Female,s2_37_80,s3_141_159,s2_164_318,s3_80_160,s2_2_4
8796,s3_1695_2555,s2_n103_99,s5_7_up,s1_below_4282,s4_4_5,s4_2005_2007,s2_760_2075,s4_37_47,Truck (<=6000 lbs.),s3_28_48,Not Deployed,s2_97_208,s1_below_1,Female,s2_37_80,s3_141_159,s2_164_318,s6_260_up,s2_2_4
8797,s3_1695_2555,s2_n103_99,s4_n40_7,s1_below_4282,s1_below_2,s2_2001_2003,s2_760_2075,s3_17_37,Truck (<=10000 lbs.),s4_48_64,Not Deployed,s2_97_208,s1_below_1,Female,s2_37_80,s5_169_179,s3_318_464,s2_40_80,s4_5_6
8798,s2_885_1695,s2_n103_99,s4_n40_7,s1_below_4282,s4_4_5,s4_2005_2007,s2_760_2075,s4_37_47,Passenger Car,s4_48_64,Not Deployed,s2_97_208,s1_below_1,Female,s3_80_96,s4_159_169,s2_164_318,s4_160_220,s3_4_5
8799,s2_885_1695,s2_n103_99,s4_n40_7,s1_below_4282,s4_4_5,s2_2001_2003,s2_760_2075,s4_37_47,Passenger Car,s2_11_28,Deployed,s2_97_208,s1_below_1,Female,s2_37_80,s3_141_159,s2_164_318,s3_80_160,s2_2_4
8800,s3_1695_2555,s2_n103_99,s4_n40_7,s1_below_4282,s3_3_4,s4_2005_2007,s2_760_2075,s3_17_37,Truck (<=6000 lbs.),s3_28_48,Deployed,s2_97_208,s1_below_1,Female,s2_37_80,s4_159_169,s2_164_318,s3_80_160,s3_4_5
8801,s2_885_1695,s2_n103_99,s4_n40_7,s1_below_4282,s4_4_5,s1_below_2001,s2_760_2075,s3_17_37,Passenger Car,s3_28_48,Not Deployed,s2_97_208,s1_below_1,Male,s6_130_up,s3_141_159,s2_164_318,s3_80_160,s2_2_4
8802,s3_1695_2555,s2_n103_99,s5_7_up,s1_below_4282,s4_4_5,s2_2001_2003,s2_760_2075,s3_17_37,Truck (<=6000 lbs.),s3_28_48,Not Deployed,s2_97_208,s1_below_1,Female,s2_37_80,s3_141_159,s2_164_318,s6_260_up,s3_4_5
8803,s3_1695_2555,s2_n103_99,s4_n40_7,s1_below_4282,s2_2_3,s2_2001_2003,s3_2075_3730,s4_37_47,Truck (<=10000 lbs.),s4_48_64,Not Deployed,s2_97_208,s1_below_1,Male,s3_80_96,s3_141_159,s3_318_464,s3_80_160,s3_4_5
8804,s4_2555_3715,s2_n103_99,s5_7_up,s1_below_4282,s1_below_2,s3_2003_2005,s2_760_2075,s3_17_37,Truck (<=10000 lbs.),s2_11_28,Not Deployed,s2_97_208,s1_below_1,Female,s2_37_80,s4_159_169,s2_164_318,s6_260_up,s3_4_5
8805,s2_885_1695,s2_n103_99,s4_n40_7,s1_below_4282,s4_4_5,s1_below_2001,s2_760_2075,s3_17_37,Truck (<=6000 lbs.),s3_28_48,Not Deployed,s2_97_208,s3_2_3,Female,s3_80_96,s3_141_159,s2_164_318,s4_160_220,s2_2_4
8806,s2_885_1695,s2_n103_99,s4_n40_7,s1_below_4282,s1_below_2,s4_2005_2007,s3_2075_3730,s3_17_37,Passenger Car,s4_48_64,Not Deployed,s2_97_208,s1_below_1,Female,s2_37_80,s3_141_159,s2_164_318,s5_220_260,s2_2_4
8807,s2_885_1695,s2_n103_99,s4_n40_7,s1_below_4282,s2_2_3,s3_2003_2005,s3_2075_3730,s3_17_37,Passenger Car,s4_48_64,Not Deployed,s2_97_208,s4_3_4,Female,s2_37_80,s3_141_159,s2_164_318,s3_80_160,s2_2_4
8808,s3_1695_2555,s2_n103_99,s4_n40_7,s1_below_4282,s4_4_5,s3_2003_2005,s2_760_2075,s4_37_47,Truck (<=10000 lbs.),s3_28_48,Not Deployed,s2_97_208,s1_below_1,Male,s4_96_114,s5_169_179,s3_318_464,s4_160_220,s4_5_6
8809,s3_1695_2555,s2_n103_99,s4_n40_7,s1_below_4282,s3_3_4,s3_2003_2005,s2_760_2075,s3_17_37,Truck (<=10000 lbs.),s2_11_28,Not Deployed,s2_97_208,s1_below_1,Male,s3_80_96,s4_159_169,s3_318_464,s2_40_80,s4_5_6
8810,s3_1695_2555,s2_n103_99,s4_n40_7,s1_below_4282,s2_2_3,s4_2005_2007,s3_2075_3730,s3_17_37,Truck (<=6000 lbs.),s2_11_28,Not Deployed,s2_97_208,s1_below_1,Female,s2_37_80,s4_159_169,s2_164_318,s3_80_160,s2_2_4
8811,s2_885_1695,s2_n103_99,s4_n40_7,s1_below_4282,s1_below_2,s2_2001_2003,s3_2075_3730,s3_17_37,Passenger Car,s2_11_28,Deployed,s2_97_208,s4_3_4,Male,s2_37_80,s3_141_159,s2_164_318,s2_40_80,s2_2_4
8812,s4_2555_3715,s2_n103_99,s4_n40_7,s1_below_4282,s3_3_4,s3_2003_2005,s2_760_2075,s4_37_47,Truck (<=10000 lbs.),s2_11_28,Deployed,s2_97_208,s2_1_2,Male,s3_80_96,s4_159_169,s3_318_464,s3_80_160,s4_5_6
8813,s2_885_1695,s2_n103_99,s4_n40_7,s1_below_4282,s2_2_3,s3_2003_2005,s2_760_2075,s3_17_37,Passenger Car,s2_11_28,Not Deployed,s2_97_208,s1_below_1,Female,s2_37_80,s3_141_159,s2_164_318,s3_80_160,s2_2_4
8814,s2_885_1695,s2_n103_99,s4_n40_7,s1_below_4282,s3_3_4,s4_2005_2007,s2_760_2075,s4_37_47,Passenger Car,s2_11_28,Deployed,s2_97_208,s1_below_1,Male,s2_37_80,s3_141_159,s2_164_318,s4_160_220,s2_2_4
8815,s3_1695_2555,s2_n103_99,s3_n81_n40,s1_below_4282,s4_4_5,s1_below_2001,s2_760_2075,s3_17_37,Passenger Car,s2_11_28,Deployed,s2_97_208,s5_4_5,Male,s2_37_80,s4_159_169,s2_164_318,s3_80_160,s2_2_4
8816,s2_885_1695,s2_n103_99,s4_n40_7,s1_below_4282,s2_2_3,s2_2001_2003,s3_2075_3730,s3_17_37,Passenger Car,s3_28_48,Not Deployed,s2_97_208,s1_below_1,Male,s2_37_80,s3_141_159,s2_164_318,s3_80_160,s2_2_4
8817,s2_885_1695,s2_n103_99,s4_n40_7,s1_below_4282,s4_4_5,s3_2003_2005,s2_760_2075,s4_37_47,Passenger Car,s3_28_48,Deployed,s2_97_208,s1_below_1,Female,s2_37_80,s3_141_159,s2_164_318,s3_80_160,s2_2_4
8818,s2_885_1695,s2_n103_99,s4_n40_7,s1_below_4282,s3_3_4,s4_2005_2007,s2_760_2075,s4_37_47,Passenger Car,s3_28_48,Deployed,s2_97_208,s1_below_1,Female,s2_37_80,s3_141_159,s2_164_318,s3_80_160,s2_2_4
8819,s3_1695_2555,s2_n103_99,s4_n40_7,s1_below_4282,s1_below_2,s4_2005_2007,s2_760_2075,s3_17_37,Truck (<=6000 lbs.),s2_11_28,Not Deployed,s1_below_97,s1_below_1,Female,s2_37_80,s3_141_159,s2_164_318,s3_80_160,s2_2_4
8820,s2_885_1695,s2_n103_99,s4_n40_7,s1_below_4282,s3_3_4,s3_2003_2005,s2_760_2075,s3_17_37,Passenger Car,s6_76_up,Not Deployed,s2_97_208,s4_3_4,Male,s2_37_80,s3_141_159,s2_164_318,s4_160_220,s2_2_4
8821,s2_885_1695,s2_n103_99,s4_n40_7,s1_below_4282,s3_3_4,s4_2005_2007,s2_760_2075,s3_17_37,Truck (<=6000 lbs.),s5_64_76,Not Deployed,s2_97_208,s1_below_1,Male,s4_96_114,s3_141_159,s2_164_318,s3_80_160,s2_2_4
8822,s2_885_1695,s2_n103_99,s4_n40_7,s1_below_4282,s1_below_2,s5_2007_2009,s2_760_2075,s2_7_17,Passenger Car,s3_28_48,Deployed,s2_97_208,s1_below_1,Male,s4_96_114,s3_141_159,s2_164_318,s2_40_80,s2_2_4
8823,s2_885_1695,s2_n103_99,s4_n40_7,s1_below_4282,s4_4_5,s2_2001_2003,s2_760_2075,s3_17_37,Truck (<=6000 lbs.),s4_48_64,Deployed,s2_97_208,s1_below_1,Male,s2_37_80,s3_141_159,s3_318_464,s3_80_160,s2_2_4
8824,s3_1695_2555,s2_n103_99,s4_n40_7,s1_below_4282,s3_3_4,s4_2005_2007,s2_760_2075,s4_37_47,Truck (<=6000 lbs.),s3_28_48,Deployed,s2_97_208,s2_1_2,Female,s2_37_80,s3_141_159,s2_164_318,s3_80_160,s2_2_4
8825,s3_1695_2555,s2_n103_99,s4_n40_7,s1_below_4282,s2_2_3,s2_2001_2003,s2_760_2075,s3_17_37,Passenger Car,s3_28_48,Not Deployed,s2_97_208,s1_below_1,Male,s2_37_80,s4_159_169,s2_164_318,s3_80_160,s2_2_4
8826,s3_1695_2555,s2_n103_99,s4_n40_7,s1_below_4282,s3_3_4,s1_below_2001,s2_760_2075,s4_37_47,Truck (<=6000 lbs.),s3_28_48,Not Deployed,s2_97_208,s3_2_3,Male,s3_80_96,s2_116_141,s2_164_318,s4_160_220,s2_2_4
8827,s3_1695_2555,s2_n103_99,s4_n40_7,s1_below_4282,s1_below_2,s2_2001_2003,s2_760_2075,s3_17_37,Passenger Car,s4_48_64,Deployed,s2_97_208,s1_below_1,Female,s2_37_80,s3_141_159,s2_164_318,s3_80_160,s2_2_4
8828,s3_1695_2555,s2_n103_99,s4_n40_7,s1_below_4282,s4_4_5,s2_2001_2003,s2_760_2075,s4_37_47,Truck (<=6000 lbs.),s4_48_64,Deployed,s2_97_208,s1_below_1,Male,s3_80_96,s4_159_169,s2_164_318,s3_80_160,s2_2_4
8829,s2_885_1695,s2_n103_99,s4_n40_7,s1_below_4282,s3_3_4,s2_2001_2003,s2_760_2075,s3_17_37,Passenger Car,s2_11_28,Deployed,s2_97_208,s1_below_1,Female,s2_37_80,s3_141_159,s2_164_318,s3_80_160,s2_2_4
8830,s2_885_1695,s2_n103_99,s4_n40_7,s1_below_4282,s1_below_2,s3_2003_2005,s2_760_2075,s3_17_37,Passenger Car,s5_64_76,Deployed,s2_97_208,s1_below_1,Male,s2_37_80,s3_141_159,s2_164_318,s3_80_160,s2_2_4
8831,s3_1695_2555,s2_n103_99,s4_n40_7,s1_below_4282,s1_below_2,s3_2003_2005,s2_760_2075,s3_17_37,Passenger Car,s6_76_up,Not Deployed,s2_97_208,s1_below_1,Male,s2_37_80,s3_141_159,s2_164_318,s2_40_80,s2_2_4
8832,s3_1695_2555,s2_n103_99,s5_7_up,s1_below_4282,s5_5_6,s3_2003_2005,s2_760_2075,s4_37_47,Truck (<=10000 lbs.),s3_28_48,Not Deployed,s2_97_208,s1_below_1,Female,s2_37_80,s5_169_179,s3_318_464,s6_260_up,s4_5_6
8833,s2_885_1695,s2_n103_99,s4_n40_7,s1_below_4282,s2_2_3,s3_2003_2005,s2_760_2075,s4_37_47,Passenger Car,s2_11_28,Deployed,s2_97_208,s1_below_1,Female,s2_37_80,s3_141_159,s2_164_318,s3_80_160,s2_2_4
8834,s2_885_1695,s2_n103_99,s4_n40_7,s1_below_4282,s2_2_3,s2_2001_2003,s2_760_2075,s3_17_37,Passenger Car,s2_11_28,Not Deployed,s2_97_208,s1_below_1,Female,s2_37_80,s3_141_159,s2_164_318,s3_80_160,s2_2_4
8835,s4_2555_3715,s2_n103_99,s4_n40_7,s1_below_4282,s3_3_4,s3_2003_2005,s3_2075_3730,s4_37_47,Truck (<=6000 lbs.),s3_28_48,Deployed,s2_97_208,s1_below_1,Male,s3_80_96,s4_159_169,s2_164_318,s3_80_160,s3_4_5
8836,s2_885_1695,s2_n103_99,s4_n40_7,s1_below_4282,s4_4_5,s2_2001_2003,s2_760_2075,s4_37_47,Passenger Car,s3_28_48,Deployed,s2_97_208,s1_below_1,Male,s2_37_80,s3_141_159,s2_164_318,s3_80_160,s2_2_4
8837,s3_1695_2555,s2_n103_99,s4_n40_7,s1_below_4282,s4_4_5,s4_2005_2007,s2_760_2075,s4_37_47,Passenger Car,s2_11_28,Deployed,s2_97_208,s2_1_2,Male,s5_114_130,s4_159_169,s2_164_318,s3_80_160,s3_4_5
8838,s4_2555_3715,s2_n103_99,s4_n40_7,s1_below_4282,s3_3_4,s4_2005_2007,s3_2075_3730,s3_17_37,Truck (<=10000 lbs.),s3_28_48,Deployed,s2_97_208,s1_below_1,Male,s2_37_80,s4_159_169,s3_318_464,s3_80_160,s4_5_6
8839,s3_1695_2555,s2_n103_99,s4_n40_7,s1_below_4282,s3_3_4,s1_below_2001,s3_2075_3730,s3_17_37,Truck (<=6000 lbs.),s3_28_48,Deployed,s2_97_208,s1_below_1,Female,s3_80_96,s3_141_159,s2_164_318,s3_80_160,s2_2_4
8840,s2_885_1695,s2_n103_99,s4_n40_7,s1_below_4282,s1_below_2,s2_2001_2003,s2_760_2075,s3_17_37,Passenger Car,s6_76_up,Deployed,s2_97_208,s2_1_2,Male,s3_80_96,s3_141_159,s2_164_318,s2_40_80,s2_2_4
8841,s2_885_1695,s2_n103_99,s4_n40_7,s1_below_4282,s4_4_5,s3_2003_2005,s2_760_2075,s4_37_47,Passenger Car,s3_28_48,Deployed,s2_97_208,s3_2_3,Female,s5_114_130,s3_141_159,s2_164_318,s3_80_160,s2_2_4
8842,s3_1695_2555,s2_n103_99,s4_n40_7,s1_below_4282,s4_4_5,s1_below_2001,s2_760_2075,s3_17_37,Truck (<=6000 lbs.),s3_28_48,Not Deployed,s2_97_208,s4_3_4,Female,s2_37_80,s3_141_159,s2_164_318,s2_40_80,s2_2_4
8843,s2_885_1695,s2_n103_99,s4_n40_7,s1_below_4282,s4_4_5,s1_below_2001,s2_760_2075,s4_37_47,Truck (<=6000 lbs.),s3_28_48,Deployed,s2_97_208,s1_below_1,Male,s3_80_96,s3_141_159,s2_164_318,s4_160_220,s2_2_4
8844,s2_885_1695,s2_n103_99,s4_n40_7,s1_below_4282,s3_3_4,s1_below_2001,s2_760_2075,s4_37_47,Passenger Car,s4_48_64,Not Deployed,s2_97_208,s1_below_1,Male,s3_80_96,s3_141_159,s2_164_318,s3_80_160,s2_2_4
8845,s2_885_1695,s2_n103_99,s4_n40_7,s1_below_4282,s1_below_2,s4_2005_2007,s2_760_2075,s3_17_37,Passenger Car,s4_48_64,Deployed,s2_97_208,s1_below_1,Female,s2_37_80,s3_141_159,s2_164_318,s3_80_160,s2_2_4
8846,s3_1695_2555,s2_n103_99,s4_n40_7,s1_below_4282,s4_4_5,s4_2005_2007,s2_760_2075,s4_37_47,Truck (<=6000 lbs.),s3_28_48,Deployed,s2_97_208,s1_below_1,Female,s2_37_80,s3_141_159,s2_164_318,s3_80_160,s2_2_4
8847,s2_885_1695,s2_n103_99,s4_n40_7,s1_below_4282,s1_below_2,s1_below_2001,s2_760_2075,s4_37_47,Passenger Car,s4_48_64,Deployed,s2_97_208,s5_4_5,Male,s4_96_114,s4_159_169,s2_164_318,s4_160_220,s2_2_4
8848,s2_885_1695,s2_n103_99,s4_n40_7,s1_below_4282,s2_2_3,s2_2001_2003,s2_760_2075,s4_37_47,Passenger Car,s4_48_64,Deployed,s2_97_208,s1_below_1,Female,s2_37_80,s3_141_159,s2_164_318,s4_160_220,s2_2_4
8849,s3_1695_2555,s2_n103_99,s4_n40_7,s2_4282_6970,s1_below_2,s3_2003_2005,s3_2075_3730,s5_47_57,Truck (<=6000 lbs.),s3_28_48,Deployed,s2_97_208,s5_4_5,Male,s4_96_114,s4_159_169,s2_164_318,s3_80_160,s2_2_4
8850,s3_1695_2555,s2_n103_99,s4_n40_7,s1_below_4282,s1_below_2,s4_2005_2007,s2_760_2075,s3_17_37,Truck (<=10000 lbs.),s3_28_48,Deployed,s2_97_208,s2_1_2,Male,s2_37_80,s5_169_179,s3_318_464,s3_80_160,s4_5_6
8851,s3_1695_2555,s2_n103_99,s4_n40_7,s1_below_4282,s3_3_4,s1_below_2001,s2_760_2075,s4_37_47,Truck (<=6000 lbs.),s2_11_28,Not Deployed,s2_97_208,s1_below_1,Male,s2_37_80,s3_141_159,s2_164_318,s3_80_160,s2_2_4
8852,s2_885_1695,s2_n103_99,s5_7_up,s1_below_4282,s3_3_4,s4_2005_2007,s2_760_2075,s5_47_57,Passenger Car,s2_11_28,Not Deployed,s2_97_208,s1_below_1,Female,s2_37_80,s3_141_159,s2_164_318,s6_260_up,s2_2_4
8853,s3_1695_2555,s2_n103_99,s5_7_up,s1_below_4282,s2_2_3,s3_2003_2005,s2_760_2075,s4_37_47,Truck (<=6000 lbs.),s4_48_64,Not Deployed,s2_97_208,s1_below_1,Female,s2_37_80,s3_141_159,s2_164_318,s6_260_up,s2_2_4
8854,s3_1695_2555,s2_n103_99,s4_n40_7,s1_below_4282,s3_3_4,s3_2003_2005,s2_760_2075,s4_37_47,Passenger Car,s3_28_48,Deployed,s2_97_208,s1_below_1,Male,s2_37_80,s3_141_159,s3_318_464,s3_80_160,s2_2_4
8855,s3_1695_2555,s2_n103_99,s4_n40_7,s1_below_4282,s3_3_4,s3_2003_2005,s2_760_2075,s4_37_47,Truck (<=10000 lbs.),s3_28_48,Deployed,s2_97_208,s1_below_1,Male,s5_114_130,s4_159_169,s3_318_464,s3_80_160,s4_5_6
8856,s2_885_1695,s2_n103_99,s4_n40_7,s1_below_4282,s2_2_3,s4_2005_2007,s2_760_2075,s4_37_47,Truck (<=6000 lbs.),s3_28_48,Deployed,s2_97_208,s1_below_1,Female,s2_37_80,s3_141_159,s2_164_318,s2_40_80,s2_2_4
8857,s2_885_1695,s2_n103_99,s4_n40_7,s1_below_4282,s1_below_2,s3_2003_2005,s3_2075_3730,s3_17_37,Passenger Car,s3_28_48,Deployed,s2_97_208,s1_below_1,Female,s2_37_80,s3_141_159,s2_164_318,s3_80_160,s2_2_4
8858,s2_885_1695,s2_n103_99,s4_n40_7,s1_below_4282,s4_4_5,s3_2003_2005,s2_760_2075,s5_47_57,Passenger Car,s3_28_48,Not Deployed,s2_97_208,s1_below_1,Female,s2_37_80,s3_141_159,s2_164_318,s3_80_160,s2_2_4
8859,s2_885_1695,s2_n103_99,s4_n40_7,s1_below_4282,s3_3_4,s3_2003_2005,s2_760_2075,s5_47_57,Passenger Car,s2_11_28,Deployed,s2_97_208,s1_below_1,Male,s2_37_80,s3_141_159,s2_164_318,s3_80_160,s2_2_4
8860,s2_885_1695,s2_n103_99,s4_n40_7,s1_below_4282,s2_2_3,s4_2005_2007,s2_760_2075,s6_57_up,Passenger Car,s2_11_28,Deployed,s2_97_208,s4_3_4,Male,s4_96_114,s3_141_159,s2_164_318,s3_80_160,s2_2_4
8861,s2_885_1695,s2_n103_99,s4_n40_7,s1_below_4282,s3_3_4,s4_2005_2007,s2_760_2075,s6_57_up,Passenger Car,s2_11_28,Deployed,s2_97_208,s1_below_1,Male,s2_37_80,s3_141_159,s2_164_318,s3_80_160,s2_2_4
8862,s2_885_1695,s2_n103_99,s4_n40_7,s1_below_4282,s1_below_2,s4_2005_2007,s2_760_2075,s3_17_37,Truck (<=6000 lbs.),s2_11_28,Deployed,s2_97_208,s1_below_1,Female,s2_37_80,s3_141_159,s2_164_318,s4_160_220,s2_2_4
8863,s2_885_1695,s2_n103_99,s4_n40_7,s1_below_4282,s2_2_3,s3_2003_2005,s3_2075_3730,s3_17_37,Passenger Car,s2_11_28,Deployed,s2_97_208,s1_below_1,Female,s2_37_80,s3_141_159,s2_164_318,s4_160_220,s2_2_4
8864,s2_885_1695,s2_n103_99,s4_n40_7,s1_below_4282,s3_3_4,s4_2005_2007,s2_760_2075,s4_37_47,Passenger Car,s3_28_48,Deployed,s2_97_208,s1_below_1,Female,s2_37_80,s3_141_159,s2_164_318,s3_80_160,s2_2_4
8865,s3_1695_2555,s2_n103_99,s4_n40_7,s2_4282_6970,s3_3_4,s2_2001_2003,s2_760_2075,s4_37_47,Truck (<=6000 lbs.),s2_11_28,Deployed,s2_97_208,s6_5_up,Male,s2_37_80,s4_159_169,s2_164_318,s3_80_160,s2_2_4
8866,s2_885_1695,s2_n103_99,s4_n40_7,s1_below_4282,s1_below_2,s4_2005_2007,s2_760_2075,s4_37_47,Passenger Car,s5_64_76,Deployed,s2_97_208,s1_below_1,Female,s2_37_80,s3_141_159,s2_164_318,s3_80_160,s2_2_4
8867,s3_1695_2555,s2_n103_99,s3_n81_n40,s1_below_4282,s1_below_2,s4_2005_2007,s2_760_2075,s5_47_57,Truck (<=10000 lbs.),s5_64_76,Deployed,s2_97_208,s3_2_3,Male,s4_96_114,s4_159_169,s3_318_464,s3_80_160,s4_5_6
8868,s2_885_1695,s2_n103_99,s4_n40_7,s1_below_4282,s1_below_2,s1_below_2001,s2_760_2075,s4_37_47,Passenger Car,s2_11_28,Deployed,s2_97_208,s1_below_1,Female,s3_80_96,s3_141_159,s2_164_318,s3_80_160,s2_2_4
8869,s2_885_1695,s2_n103_99,s4_n40_7,s1_below_4282,s2_2_3,s3_2003_2005,s3_2075_3730,s4_37_47,Passenger Car,s2_11_28,Deployed,s2_97_208,s1_below_1,Female,s2_37_80,s3_141_159,s2_164_318,s4_160_220,s2_2_4
8870,s3_1695_2555,s2_n103_99,s5_7_up,s1_below_4282,s1_below_2,s4_2005_2007,s2_760_2075,s4_37_47,Truck (<=6000 lbs.),s3_28_48,Not Deployed,s2_97_208,s1_below_1,Female,s2_37_80,s3_141_159,s2_164_318,s6_260_up,s2_2_4
8871,s2_885_1695,s2_n103_99,s4_n40_7,s1_below_4282,s1_below_2,s4_2005_2007,s2_760_2075,s4_37_47,Passenger Car,s5_64_76,Deployed,s2_97_208,s3_2_3,Female,s2_37_80,s3_141_159,s2_164_318,s3_80_160,s2_2_4
8872,s2_885_1695,s2_n103_99,s5_7_up,s1_below_4282,s3_3_4,s4_2005_2007,s2_760_2075,s3_17_37,Passenger Car,s3_28_48,Not Deployed,s2_97_208,s1_below_1,Female,s2_37_80,s3_141_159,s2_164_318,s6_260_up,s2_2_4
8873,s2_885_1695,s2_n103_99,s4_n40_7,s1_below_4282,s4_4_5,s2_2001_2003,s2_760_2075,s4_37_47,Passenger Car,s2_11_28,Deployed,s2_97_208,s1_below_1,Male,s2_37_80,s3_141_159,s2_164_318,s3_80_160,s2_2_4
8874,s2_885_1695,s2_n103_99,s4_n40_7,s1_below_4282,s1_below_2,s2_2001_2003,s2_760_2075,s4_37_47,Passenger Car,s5_64_76,Deployed,s2_97_208,s2_1_2,Male,s2_37_80,s3_141_159,s2_164_318,s3_80_160,s2_2_4
8875,s2_885_1695,s2_n103_99,s5_7_up,s1_below_4282,s2_2_3,s1_below_2001,s2_760_2075,s3_17_37,Passenger Car,s4_48_64,Not Deployed,s2_97_208,s1_below_1,Female,s3_80_96,s3_141_159,s2_164_318,s6_260_up,s2_2_4
8876,s3_1695_2555,s2_n103_99,s4_n40_7,s1_below_4282,s4_4_5,s4_2005_2007,s2_760_2075,s3_17_37,Truck (<=10000 lbs.),s3_28_48,Deployed,s2_97_208,s1_below_1,Female,s2_37_80,s3_141_159,s3_318_464,s3_80_160,s2_2_4
8877,s2_885_1695,s2_n103_99,s4_n40_7,s1_below_4282,s2_2_3,s2_2001_2003,s2_760_2075,s3_17_37,Truck (<=6000 lbs.),s4_48_64,Deployed,s2_97_208,s1_below_1,Female,s2_37_80,s3_141_159,s2_164_318,s4_160_220,s2_2_4
8878,s3_1695_2555,s2_n103_99,s3_n81_n40,s1_below_4282,s1_below_2,s2_2001_2003,s2_760_2075,s4_37_47,Truck (<=10000 lbs.),s3_28_48,Deployed,s2_97_208,s1_below_1,Male,s2_37_80,s5_169_179,s3_318_464,s3_80_160,s5_6_7
8879,s2_885_1695,s2_n103_99,s4_n40_7,s1_below_4282,s1_below_2,s4_2005_2007,s2_760_2075,s3_17_37,Passenger Car,s6_76_up,Not Deployed,s2_97_208,s1_below_1,Male,s3_80_96,s3_141_159,s2_164_318,s3_80_160,s2_2_4
8880,s2_885_1695,s2_n103_99,s3_n81_n40,s1_below_4282,s2_2_3,s3_2003_2005,s3_2075_3730,s4_37_47,Passenger Car,s2_11_28,Deployed,s2_97_208,s2_1_2,Male,s2_37_80,s3_141_159,s2_164_318,s2_40_80,s2_2_4
8881,s2_885_1695,s2_n103_99,s4_n40_7,s1_below_4282,s2_2_3,s1_below_2001,s3_2075_3730,s4_37_47,Passenger Car,s4_48_64,Deployed,s2_97_208,s1_below_1,Male,s6_130_up,s3_141_159,s2_164_318,s3_80_160,s2_2_4
8882,s4_2555_3715,s2_n103_99,s4_n40_7,s1_below_4282,s2_2_3,s2_2001_2003,s2_760_2075,s4_37_47,Truck (<=10000 lbs.),s3_28_48,Deployed,s2_97_208,s1_below_1,Male,s3_80_96,s5_169_179,s3_318_464,s3_80_160,s5_6_7
8883,s2_885_1695,s2_n103_99,s3_n81_n40,s1_below_4282,s1_below_2,s3_2003_2005,s2_760_2075,s4_37_47,Passenger Car,s2_11_28,Deployed,s2_97_208,s2_1_2,Female,s2_37_80,s3_141_159,s2_164_318,s3_80_160,s2_2_4
8884,s4_2555_3715,s2_n103_99,s4_n40_7,s1_below_4282,s2_2_3,s1_below_2001,s2_760_2075,s5_47_57,Truck (<=10000 lbs.),s4_48_64,Deployed,s2_97_208,s1_below_1,Male,s3_80_96,s5_169_179,s3_318_464,s3_80_160,s5_6_7
8885,s2_885_1695,s2_n103_99,s4_n40_7,s1_below_4282,s2_2_3,s3_2003_2005,s3_2075_3730,s5_47_57,Passenger Car,s3_28_48,Deployed,s2_97_208,s1_below_1,Female,s2_37_80,s3_141_159,s2_164_318,s4_160_220,s2_2_4
8886,s2_885_1695,s2_n103_99,s4_n40_7,s1_below_4282,s5_5_6,s1_below_2001,s2_760_2075,s4_37_47,Passenger Car,s5_64_76,Deployed,s2_97_208,s2_1_2,Male,s3_80_96,s3_141_159,s2_164_318,s4_160_220,s2_2_4
8887,s2_885_1695,s2_n103_99,s4_n40_7,s1_below_4282,s4_4_5,s2_2001_2003,s2_760_2075,s4_37_47,Passenger Car,s2_11_28,Deployed,s2_97_208,s1_below_1,Male,s2_37_80,s3_141_159,s2_164_318,s3_80_160,s2_2_4
8888,s2_885_1695,s2_n103_99,s4_n40_7,s1_below_4282,s3_3_4,s2_2001_2003,s2_760_2075,s4_37_47,Passenger Car,s3_28_48,Deployed,s2_97_208,s1_below_1,Female,s3_80_96,s3_141_159,s2_164_318,s3_80_160,s2_2_4
8889,s3_1695_2555,s2_n103_99,s4_n40_7,s1_below_4282,s5_5_6,s2_2001_2003,s2_760_2075,s5_47_57,Passenger Car,s6_76_up,Deployed,s2_97_208,s2_1_2,Male,s2_37_80,s3_141_159,s2_164_318,s3_80_160,s2_2_4
8890,s3_1695_2555,s2_n103_99,s4_n40_7,s1_below_4282,s1_below_2,s3_2003_2005,s2_760_2075,s4_37_47,Truck (<=6000 lbs.),s2_11_28,Deployed,s2_97_208,s1_below_1,Male,s3_80_96,s5_169_179,s2_164_318,s3_80_160,s3_4_5
8891,s2_885_1695,s2_n103_99,s4_n40_7,s1_below_4282,s1_below_2,s4_2005_2007,s2_760_2075,s4_37_47,Passenger Car,s2_11_28,Deployed,s2_97_208,s1_below_1,Male,s3_80_96,s3_141_159,s2_164_318,s4_160_220,s2_2_4
8892,s2_885_1695,s2_n103_99,s4_n40_7,s1_below_4282,s5_5_6,s3_2003_2005,s2_760_2075,s4_37_47,Truck (<=6000 lbs.),s4_48_64,Deployed,s2_97_208,s2_1_2,Male,s6_130_up,s3_141_159,s3_318_464,s3_80_160,s2_2_4
8893,s3_1695_2555,s2_n103_99,s4_n40_7,s1_below_4282,s1_below_2,s3_2003_2005,s2_760_2075,s3_17_37,Passenger Car,s6_76_up,Not Deployed,s2_97_208,s3_2_3,Male,s4_96_114,s3_141_159,s2_164_318,s2_40_80,s2_2_4
8894,s2_885_1695,s2_n103_99,s4_n40_7,s1_below_4282,s4_4_5,s2_2001_2003,s2_760_2075,s4_37_47,Truck (<=6000 lbs.),s3_28_48,Not Deployed,s2_97_208,s1_below_1,Female,s2_37_80,s3_141_159,s2_164_318,s3_80_160,s2_2_4
8895,s3_1695_2555,s2_n103_99,s4_n40_7,s1_below_4282,s3_3_4,s3_2003_2005,s2_760_2075,s3_17_37,Truck (<=6000 lbs.),s2_11_28,Deployed,s2_97_208,s1_below_1,Female,s2_37_80,s3_141_159,s3_318_464,s3_80_160,s2_2_4
8896,s3_1695_2555,s2_n103_99,s4_n40_7,s1_below_4282,s2_2_3,s1_below_2001,s2_760_2075,s3_17_37,Passenger Car,s3_28_48,Not Deployed,s2_97_208,s1_below_1,Male,s4_96_114,s4_159_169,s2_164_318,s3_80_160,s2_2_4
8897,s2_885_1695,s2_n103_99,s4_n40_7,s1_below_4282,s3_3_4,s4_2005_2007,s2_760_2075,s3_17_37,Passenger Car,s3_28_48,Deployed,s2_97_208,s1_below_1,Female,s2_37_80,s3_141_159,s2_164_318,s3_80_160,s2_2_4
8898,s2_885_1695,s2_n103_99,s4_n40_7,s1_below_4282,s2_2_3,s1_below_2001,s2_760_2075,s5_47_57,Passenger Car,s2_11_28,Deployed,s2_97_208,s1_below_1,Female,s3_80_96,s3_141_159,s2_164_318,s4_160_220,s2_2_4
8899,s2_885_1695,s2_n103_99,s5_7_up,s1_below_4282,s1_below_2,s4_2005_2007,s2_760_2075,s4_37_47,Passenger Car,s6_76_up,Not Deployed,s2_97_208,s1_below_1,Male,s2_37_80,s3_141_159,s2_164_318,s6_260_up,s2_2_4
8900,s3_1695_2555,s2_n103_99,s4_n40_7,s1_below_4282,s1_below_2,s3_2003_2005,s2_760_2075,s3_17_37,Truck (<=6000 lbs.),s2_11_28,Deployed,s2_97_208,s1_below_1,Male,s3_80_96,s3_141_159,s2_164_318,s3_80_160,s2_2_4
8901,s2_885_1695,s2_n103_99,s4_n40_7,s1_below_4282,s2_2_3,s1_below_2001,s3_2075_3730,s3_17_37,Passenger Car,s3_28_48,Deployed,s2_97_208,s1_below_1,Female,s3_80_96,s3_141_159,s2_164_318,s3_80_160,s2_2_4
8902,s3_1695_2555,s2_n103_99,s4_n40_7,s1_below_4282,s1_below_2,s3_2003_2005,s3_2075_3730,s4_37_47,Passenger Car,s4_48_64,Not Deployed,s2_97_208,s1_below_1,Male,s4_96_114,s3_141_159,s2_164_318,s4_160_220,s2_2_4
8903,s2_885_1695,s2_n103_99,s4_n40_7,s1_below_4282,s2_2_3,s2_2001_2003,s2_760_2075,s4_37_47,Passenger Car,s2_11_28,Deployed,s2_97_208,s1_below_1,Male,s2_37_80,s3_141_159,s2_164_318,s3_80_160,s2_2_4
8904,s3_1695_2555,s2_n103_99,s4_n40_7,s1_below_4282,s4_4_5,s4_2005_2007,s2_760_2075,s4_37_47,Truck (<=6000 lbs.),s2_11_28,Deployed,s2_97_208,s1_below_1,Female,s2_37_80,s3_141_159,s2_164_318,s3_80_160,s2_2_4
8905,s3_1695_2555,s2_n103_99,s4_n40_7,s1_below_4282,s4_4_5,s4_2005_2007,s2_760_2075,s4_37_47,Truck (<=10000 lbs.),s3_28_48,Not Deployed,s2_97_208,s1_below_1,Male,s3_80_96,s3_141_159,s3_318_464,s4_160_220,s3_4_5
8906,s2_885_1695,s2_n103_99,s5_7_up,s1_below_4282,s1_below_2,s4_2005_2007,s2_760_2075,s5_47_57,Passenger Car,s3_28_48,Not Deployed,s2_97_208,s1_below_1,Male,s2_37_80,s3_141_159,s2_164_318,s6_260_up,s2_2_4
8907,s2_885_1695,s2_n103_99,s4_n40_7,s1_below_4282,s3_3_4,s3_2003_2005,s2_760_2075,s4_37_47,Passenger Car,s3_28_48,Not Deployed,s2_97_208,s1_below_1,Male,s2_37_80,s3_141_159,s2_164_318,s3_80_160,s2_2_4
8908,s2_885_1695,s2_n103_99,s4_n40_7,s1_below_4282,s2_2_3,s2_2001_2003,s2_760_2075,s3_17_37,Passenger Car,s2_11_28,Not Deployed,s2_97_208,s1_below_1,Female,s2_37_80,s3_141_159,s2_164_318,s3_80_160,s2_2_4
8909,s2_885_1695,s2_n103_99,s4_n40_7,s1_below_4282,s6_6_up,s1_below_2001,s2_760_2075,s3_17_37,Passenger Car,s4_48_64,Not Deployed,s2_97_208,s2_1_2,Female,s2_37_80,s3_141_159,s2_164_318,s3_80_160,s2_2_4
8910,s3_1695_2555,s2_n103_99,s4_n40_7,s1_below_4282,s4_4_5,s4_2005_2007,s3_2075_3730,s4_37_47,Truck (<=10000 lbs.),s2_11_28,Deployed,s2_97_208,s1_below_1,Male,s2_37_80,s4_159_169,s3_318_464,s3_80_160,s4_5_6
8911,s2_885_1695,s2_n103_99,s5_7_up,s1_below_4282,s5_5_6,s3_2003_2005,s3_2075_3730,s4_37_47,Passenger Car,s4_48_64,Not Deployed,s2_97_208,s1_below_1,Female,s3_80_96,s3_141_159,s2_164_318,s6_260_up,s2_2_4
8912,s2_885_1695,s2_n103_99,s4_n40_7,s1_below_4282,s2_2_3,s3_2003_2005,s2_760_2075,s5_47_57,Passenger Car,s2_11_28,Deployed,s2_97_208,s1_below_1,Female,s6_130_up,s3_141_159,s2_164_318,s3_80_160,s2_2_4
8913,s3_1695_2555,s2_n103_99,s4_n40_7,s1_below_4282,s1_below_2,s4_2005_2007,s2_760_2075,s3_17_37,Truck (<=6000 lbs.),s4_48_64,Not Deployed,s2_97_208,s1_below_1,Female,s3_80_96,s3_141_159,s2_164_318,s3_80_160,s2_2_4
8914,s3_1695_2555,s2_n103_99,s4_n40_7,s1_below_4282,s4_4_5,s1_below_2001,s2_760_2075,s4_37_47,Truck (<=10000 lbs.),s3_28_48,Not Deployed,s2_97_208,s1_below_1,Male,s3_80_96,s3_141_159,s3_318_464,s3_80_160,s4_5_6
8915,s2_885_1695,s2_n103_99,s4_n40_7,s1_below_4282,s4_4_5,s3_2003_2005,s2_760_2075,s4_37_47,Passenger Car,s2_11_28,Deployed,s2_97_208,s4_3_4,Male,s2_37_80,s3_141_159,s2_164_318,s4_160_220,s2_2_4
8916,s2_885_1695,s2_n103_99,s4_n40_7,s1_below_4282,s4_4_5,s4_2005_2007,s2_760_2075,s4_37_47,Passenger Car,s2_11_28,Deployed,s2_97_208,s2_1_2,Male,s4_96_114,s3_141_159,s2_164_318,s4_160_220,s2_2_4
8917,s3_1695_2555,s2_n103_99,s4_n40_7,s1_below_4282,s1_below_2,s2_2001_2003,s2_760_2075,s4_37_47,Truck (<=10000 lbs.),s2_11_28,Not Deployed,s2_97_208,s2_1_2,Male,s3_80_96,s4_159_169,s3_318_464,s4_160_220,s4_5_6
8918,s2_885_1695,s2_n103_99,s4_n40_7,s1_below_4282,s3_3_4,s4_2005_2007,s2_760_2075,s6_57_up,Passenger Car,s3_28_48,Not Deployed,s2_97_208,s1_below_1,Male,s6_130_up,s3_141_159,s2_164_318,s3_80_160,s2_2_4
8919,s2_885_1695,s2_n103_99,s4_n40_7,s1_below_4282,s4_4_5,s4_2005_2007,s2_760_2075,s4_37_47,Passenger Car,s2_11_28,Not Deployed,s2_97_208,s1_below_1,Female,s2_37_80,s3_141_159,s2_164_318,s3_80_160,s2_2_4
8920,s3_1695_2555,s2_n103_99,s4_n40_7,s1_below_4282,s1_below_2,s1_below_2001,s2_760_2075,s4_37_47,Passenger Car,s3_28_48,Not Deployed,s2_97_208,s1_below_1,Male,s4_96_114,s4_159_169,s2_164_318,s2_40_80,s2_2_4
8921,s2_885_1695,s2_n103_99,s4_n40_7,s1_below_4282,s2_2_3,s1_below_2001,s2_760_2075,s6_57_up,Passenger Car,s3_28_48,Not Deployed,s2_97_208,s4_3_4,Male,s2_37_80,s3_141_159,s2_164_318,s6_260_up,s2_2_4
8922,s2_885_1695,s2_n103_99,s4_n40_7,s1_below_4282,s1_below_2,s3_2003_2005,s2_760_2075,s3_17_37,Passenger Car,s3_28_48,Not Deployed,s2_97_208,s3_2_3,Male,s5_114_130,s3_141_159,s2_164_318,s2_40_80,s2_2_4
8923,s3_1695_2555,s2_n103_99,s4_n40_7,s1_below_4282,s1_below_2,s3_2003_2005,s2_760_2075,s4_37_47,Truck (<=6000 lbs.),s4_48_64,Deployed,s2_97_208,s1_below_1,Male,s3_80_96,s3_141_159,s2_164_318,s3_80_160,s2_2_4
8924,s2_885_1695,s2_n103_99,s4_n40_7,s1_below_4282,s4_4_5,s1_below_2001,s2_760_2075,s3_17_37,Truck (<=6000 lbs.),s3_28_48,Deployed,s2_97_208,s1_below_1,Female,s4_96_114,s4_159_169,s2_164_318,s3_80_160,s3_4_5
8925,s2_885_1695,s2_n103_99,s4_n40_7,s1_below_4282,s4_4_5,s1_below_2001,s2_760_2075,s3_17_37,Passenger Car,s3_28_48,Not Deployed,s2_97_208,s1_below_1,Female,s2_37_80,s3_141_159,s2_164_318,s4_160_220,s2_2_4
8926,s2_885_1695,s2_n103_99,s4_n40_7,s1_below_4282,s4_4_5,s2_2001_2003,s2_760_2075,s4_37_47,Passenger Car,s2_11_28,Deployed,s2_97_208,s1_below_1,Female,s2_37_80,s3_141_159,s2_164_318,s4_160_220,s2_2_4
8927,s3_1695_2555,s2_n103_99,s4_n40_7,s1_below_4282,s4_4_5,s3_2003_2005,s2_760_2075,s5_47_57,Truck (<=10000 lbs.),s3_28_48,Not Deployed,s2_97_208,s2_1_2,Male,s4_96_114,s4_159_169,s2_164_318,s4_160_220,s3_4_5
8928,s2_885_1695,s2_n103_99,s5_7_up,s1_below_4282,s2_2_3,s4_2005_2007,s2_760_2075,s4_37_47,Passenger Car,s4_48_64,Not Deployed,s2_97_208,s1_below_1,Female,s4_96_114,s3_141_159,s2_164_318,s6_260_up,s2_2_4
8929,s2_885_1695,s2_n103_99,s4_n40_7,s1_below_4282,s1_below_2,s3_2003_2005,s2_760_2075,s4_37_47,Passenger Car,s3_28_48,Not Deployed,s2_97_208,s1_below_1,Female,s2_37_80,s3_141_159,s2_164_318,s3_80_160,s2_2_4
8930,s2_885_1695,s2_n103_99,s4_n40_7,s1_below_4282,s2_2_3,s3_2003_2005,s3_2075_3730,s4_37_47,Passenger Car,s3_28_48,Deployed,s2_97_208,s1_below_1,Male,s5_114_130,s3_141_159,s2_164_318,s3_80_160,s2_2_4
8931,s2_885_1695,s2_n103_99,s4_n40_7,s1_below_4282,s6_6_up,s3_2003_2005,s2_760_2075,s3_17_37,Passenger Car,s3_28_48,Not Deployed,s2_97_208,s1_below_1,Male,s3_80_96,s3_141_159,s2_164_318,s3_80_160,s2_2_4
8932,s2_885_1695,s2_n103_99,s4_n40_7,s1_below_4282,s3_3_4,s1_below_2001,s2_760_2075,s4_37_47,Passenger Car,s2_11_28,Deployed,s2_97_208,s1_below_1,Male,s2_37_80,s3_141_159,s2_164_318,s3_80_160,s2_2_4
8933,s2_885_1695,s2_n103_99,s4_n40_7,s1_below_4282,s3_3_4,s4_2005_2007,s2_760_2075,s4_37_47,Passenger Car,s3_28_48,Deployed,s2_97_208,s1_below_1,Male,s2_37_80,s3_141_159,s2_164_318,s3_80_160,s2_2_4
8934,s3_1695_2555,s2_n103_99,s4_n40_7,s1_below_4282,s3_3_4,s3_2003_2005,s2_760_2075,s6_57_up,Truck (<=10000 lbs.),s2_11_28,Not Deployed,s2_97_208,s1_below_1,Male,s4_96_114,s4_159_169,s3_318_464,s3_80_160,s4_5_6
8935,s3_1695_2555,s2_n103_99,s3_n81_n40,s1_below_4282,s3_3_4,s1_below_2001,s2_760_2075,s6_57_up,Truck (<=10000 lbs.),s4_48_64,Not Deployed,s2_97_208,s1_below_1,Male,s3_80_96,s4_159_169,s2_164_318,s2_40_80,s3_4_5
8936,s3_1695_2555,s2_n103_99,s4_n40_7,s1_below_4282,s3_3_4,s1_below_2001,s2_760_2075,s4_37_47,Truck (<=6000 lbs.),s2_11_28,Deployed,s2_97_208,s1_below_1,Male,s2_37_80,s4_159_169,s2_164_318,s4_160_220,s3_4_5
8937,s2_885_1695,s2_n103_99,s4_n40_7,s1_below_4282,s1_below_2,s3_2003_2005,s2_760_2075,s5_47_57,Passenger Car,s2_11_28,Not Deployed,s2_97_208,s1_below_1,Female,s2_37_80,s3_141_159,s2_164_318,s4_160_220,s2_2_4
8938,s2_885_1695,s2_n103_99,s4_n40_7,s1_below_4282,s3_3_4,s2_2001_2003,s2_760_2075,s5_47_57,Passenger Car,s3_28_48,Not Deployed,s2_97_208,s1_below_1,Male,s4_96_114,s3_141_159,s2_164_318,s3_80_160,s2_2_4
8939,s3_1695_2555,s2_n103_99,s4_n40_7,s1_below_4282,s2_2_3,s1_below_2001,s2_760_2075,s3_17_37,Truck (<=6000 lbs.),s3_28_48,Deployed,s2_97_208,s2_1_2,Male,s2_37_80,s3_141_159,s2_164_318,s2_40_80,s3_4_5
8940,s2_885_1695,s2_n103_99,s4_n40_7,s1_below_4282,s2_2_3,s4_2005_2007,s3_2075_3730,s3_17_37,Passenger Car,s2_11_28,Deployed,s2_97_208,s1_below_1,Male,s3_80_96,s3_141_159,s2_164_318,s4_160_220,s2_2_4
8941,s3_1695_2555,s2_n103_99,s4_n40_7,s1_below_4282,s1_below_2,s4_2005_2007,s2_760_2075,s3_17_37,Truck (<=6000 lbs.),s3_28_48,Not Deployed,s2_97_208,s1_below_1,Male,s3_80_96,s4_159_169,s3_318_464,s3_80_160,s3_4_5
8942,s2_885_1695,s2_n103_99,s3_n81_n40,s1_below_4282,s1_below_2,s1_below_2001,s2_760_2075,s5_47_57,Passenger Car,s2_11_28,Deployed,s2_97_208,s3_2_3,Male,s3_80_96,s3_141_159,s2_164_318,s3_80_160,s2_2_4
8943,s3_1695_2555,s2_n103_99,s4_n40_7,s1_below_4282,s4_4_5,s2_2001_2003,s2_760_2075,s4_37_47,Passenger Car,s2_11_28,Not Deployed,s2_97_208,s1_below_1,Female,s4_96_114,s3_141_159,s2_164_318,s3_80_160,s2_2_4
8944,s3_1695_2555,s2_n103_99,s4_n40_7,s1_below_4282,s6_6_up,s3_2003_2005,s2_760_2075,s4_37_47,Truck (<=6000 lbs.),s3_28_48,Not Deployed,s2_97_208,s1_below_1,Female,s2_37_80,s4_159_169,s2_164_318,s4_160_220,s2_2_4
8945,s2_885_1695,s2_n103_99,s4_n40_7,s1_below_4282,s2_2_3,s3_2003_2005,s3_2075_3730,s3_17_37,Passenger Car,s3_28_48,Deployed,s2_97_208,s1_below_1,Male,s2_37_80,s3_141_159,s2_164_318,s3_80_160,s2_2_4
8946,s3_1695_2555,s2_n103_99,s4_n40_7,s1_below_4282,s2_2_3,s2_2001_2003,s2_760_2075,s5_47_57,Passenger Car,s3_28_48,Not Deployed,s2_97_208,s3_2_3,Male,s6_130_up,s3_141_159,s2_164_318,s4_160_220,s2_2_4
8947,s2_885_1695,s2_n103_99,s4_n40_7,s1_below_4282,s3_3_4,s1_below_2001,s2_760_2075,s5_47_57,Passenger Car,s3_28_48,Deployed,s2_97_208,s2_1_2,Female,s2_37_80,s3_141_159,s2_164_318,s3_80_160,s2_2_4
8948,s2_885_1695,s2_n103_99,s4_n40_7,s1_below_4282,s3_3_4,s4_2005_2007,s2_760_2075,s6_57_up,Passenger Car,s3_28_48,Deployed,s2_97_208,s2_1_2,Male,s3_80_96,s3_141_159,s2_164_318,s3_80_160,s2_2_4
8949,s3_1695_2555,s2_n103_99,s4_n40_7,s1_below_4282,s4_4_5,s4_2005_2007,s2_760_2075,s6_57_up,Truck (<=10000 lbs.),s2_11_28,Deployed,s2_97_208,s1_below_1,Male,s2_37_80,s5_169_179,s3_318_464,s4_160_220,s4_5_6
8950,s2_885_1695,s2_n103_99,s4_n40_7,s1_below_4282,s4_4_5,s1_below_2001,s2_760_2075,s4_37_47,Passenger Car,s2_11_28,Not Deployed,s2_97_208,s1_below_1,Male,s2_37_80,s3_141_159,s2_164_318,s3_80_160,s2_2_4
8951,s3_1695_2555,s2_n103_99,s4_n40_7,s1_below_4282,s1_below_2,s2_2001_2003,s2_760_2075,s4_37_47,Passenger Car,s4_48_64,Deployed,s2_97_208,s3_2_3,Female,s2_37_80,s4_159_169,s2_164_318,s3_80_160,s3_4_5
8952,s2_885_1695,s2_n103_99,s4_n40_7,s1_below_4282,s3_3_4,s2_2001_2003,s2_760_2075,s4_37_47,Passenger Car,s4_48_64,Deployed,s2_97_208,s2_1_2,Female,s2_37_80,s3_141_159,s2_164_318,s3_80_160,s2_2_4
8953,s2_885_1695,s2_n103_99,s4_n40_7,s1_below_4282,s2_2_3,s3_2003_2005,s2_760_2075,s4_37_47,Truck (<=6000 lbs.),s5_64_76,Not Deployed,s2_97_208,s3_2_3,Male,s3_80_96,s3_141_159,s2_164_318,s2_40_80,s2_2_4
8954,s2_885_1695,s2_n103_99,s4_n40_7,s1_below_4282,s3_3_4,s4_2005_2007,s2_760_2075,s4_37_47,Passenger Car,s2_11_28,Deployed,s2_97_208,s1_below_1,Male,s3_80_96,s3_141_159,s2_164_318,s3_80_160,s2_2_4
8955,s3_1695_2555,s2_n103_99,s4_n40_7,s1_below_4282,s1_below_2,s3_2003_2005,s2_760_2075,s4_37_47,Truck (<=6000 lbs.),s3_28_48,Not Deployed,s2_97_208,s1_below_1,Female,s2_37_80,s4_159_169,s2_164_318,s4_160_220,s2_2_4
8956,s2_885_1695,s2_n103_99,s4_n40_7,s1_below_4282,s2_2_3,s2_2001_2003,s2_760_2075,s3_17_37,Passenger Car,s2_11_28,Not Deployed,s2_97_208,s1_below_1,Female,s2_37_80,s3_141_159,s2_164_318,s3_80_160,s2_2_4
8957,s2_885_1695,s2_n103_99,s4_n40_7,s1_below_4282,s6_6_up,s3_2003_2005,s2_760_2075,s4_37_47,Passenger Car,s2_11_28,Not Deployed,s2_97_208,s1_below_1,Male,s3_80_96,s3_141_159,s2_164_318,s3_80_160,s2_2_4
8958,s2_885_1695,s2_n103_99,s4_n40_7,s1_below_4282,s1_below_2,s1_below_2001,s2_760_2075,s4_37_47,Passenger Car,s2_11_28,Deployed,s2_97_208,s1_below_1,Male,s2_37_80,s3_141_159,s2_164_318,s4_160_220,s2_2_4
8959,s3_1695_2555,s2_n103_99,s4_n40_7,s1_below_4282,s4_4_5,s4_2005_2007,s2_760_2075,s4_37_47,Truck (<=6000 lbs.),s3_28_48,Deployed,s2_97_208,s1_below_1,Female,s2_37_80,s4_159_169,s2_164_318,s3_80_160,s3_4_5
8960,s2_885_1695,s2_n103_99,s4_n40_7,s1_below_4282,s1_below_2,s3_2003_2005,s2_760_2075,s3_17_37,Passenger Car,s3_28_48,Deployed,s2_97_208,s1_below_1,Female,s2_37_80,s3_141_159,s2_164_318,s3_80_160,s2_2_4
8961,s3_1695_2555,s2_n103_99,s4_n40_7,s1_below_4282,s1_below_2,s2_2001_2003,s2_760_2075,s4_37_47,Truck (<=10000 lbs.),s6_76_up,Not Deployed,s2_97_208,s1_below_1,Male,s4_96_114,s4_159_169,s3_318_464,s2_40_80,s4_5_6
8962,s2_885_1695,s2_n103_99,s4_n40_7,s1_below_4282,s4_4_5,s4_2005_2007,s2_760_2075,s6_57_up,Truck (<=6000 lbs.),s3_28_48,Deployed,s2_97_208,s1_below_1,Male,s2_37_80,s3_141_159,s2_164_318,s3_80_160,s2_2_4
8963,s3_1695_2555,s2_n103_99,s5_7_up,s1_below_4282,s1_below_2,s1_below_2001,s2_760_2075,s4_37_47,Truck (<=6000 lbs.),s3_28_48,Not Deployed,s2_97_208,s1_below_1,Male,s3_80_96,s4_159_169,s2_164_318,s6_260_up,s3_4_5
8964,s2_885_1695,s2_n103_99,s3_n81_n40,s1_below_4282,s3_3_4,s3_2003_2005,s2_760_2075,s6_57_up,Passenger Car,s3_28_48,Deployed,s2_97_208,s3_2_3,Female,s2_37_80,s3_141_159,s2_164_318,s3_80_160,s2_2_4
8965,s2_885_1695,s2_n103_99,s4_n40_7,s1_below_4282,s5_5_6,s2_2001_2003,s2_760_2075,s4_37_47,Passenger Car,s3_28_48,Deployed,s2_97_208,s1_below_1,Female,s2_37_80,s3_141_159,s2_164_318,s3_80_160,s2_2_4
8966,s2_885_1695,s2_n103_99,s4_n40_7,s1_below_4282,s3_3_4,s5_2007_2009,s2_760_2075,s4_37_47,Passenger Car,s3_28_48,Not Deployed,s2_97_208,s1_below_1,Female,s2_37_80,s4_159_169,s2_164_318,s4_160_220,s2_2_4
8967,s2_885_1695,s2_n103_99,s4_n40_7,s1_below_4282,s1_below_2,s3_2003_2005,s3_2075_3730,s4_37_47,Passenger Car,s3_28_48,Deployed,s2_97_208,s2_1_2,Female,s2_37_80,s3_141_159,s2_164_318,s3_80_160,s2_2_4
8968,s2_885_1695,s2_n103_99,s4_n40_7,s1_below_4282,s1_below_2,s4_2005_2007,s2_760_2075,s3_17_37,Passenger Car,s5_64_76,Not Deployed,s2_97_208,s1_below_1,Male,s4_96_114,s3_141_159,s2_164_318,s3_80_160,s2_2_4
8969,s2_885_1695,s2_n103_99,s3_n81_n40,s1_below_4282,s4_4_5,s2_2001_2003,s2_760_2075,s4_37_47,Passenger Car,s2_11_28,Deployed,s2_97_208,s1_below_1,Male,s3_80_96,s3_141_159,s2_164_318,s3_80_160,s2_2_4
8970,s2_885_1695,s2_n103_99,s5_7_up,s1_below_4282,s4_4_5,s3_2003_2005,s2_760_2075,s4_37_47,Passenger Car,s2_11_28,Not Deployed,s2_97_208,s1_below_1,Female,s2_37_80,s3_141_159,s2_164_318,s6_260_up,s2_2_4
8971,s2_885_1695,s2_n103_99,s4_n40_7,s1_below_4282,s3_3_4,s3_2003_2005,s3_2075_3730,s6_57_up,Passenger Car,s3_28_48,Deployed,s2_97_208,s3_2_3,Male,s2_37_80,s3_141_159,s2_164_318,s3_80_160,s2_2_4
8972,s2_885_1695,s2_n103_99,s4_n40_7,s1_below_4282,s3_3_4,s1_below_2001,s2_760_2075,s4_37_47,Passenger Car,s2_11_28,Deployed,s2_97_208,s1_below_1,Female,s3_80_96,s3_141_159,s2_164_318,s3_80_160,s2_2_4
8973,s2_885_1695,s2_n103_99,s4_n40_7,s1_below_4282,s5_5_6,s3_2003_2005,s2_760_2075,s4_37_47,Passenger Car,s4_48_64,Not Deployed,s2_97_208,s1_below_1,Female,s2_37_80,s3_141_159,s2_164_318,s4_160_220,s2_2_4
8974,s2_885_1695,s2_n103_99,s4_n40_7,s1_below_4282,s1_below_2,s2_2001_2003,s2_760_2075,s4_37_47,Passenger Car,s2_11_28,Deployed,s2_97_208,s1_below_1,Female,s2_37_80,s3_141_159,s2_164_318,s3_80_160,s2_2_4
8975,s2_885_1695,s2_n103_99,s4_n40_7,s1_below_4282,s1_below_2,s3_2003_2005,s2_760_2075,s4_37_47,Passenger Car,s4_48_64,Deployed,s2_97_208,s1_below_1,Female,s2_37_80,s3_141_159,s2_164_318,s3_80_160,s2_2_4
8976,s3_1695_2555,s2_n103_99,s3_n81_n40,s1_below_4282,s3_3_4,s4_2005_2007,s2_760_2075,s3_17_37,Truck (<=6000 lbs.),s3_28_48,Deployed,s2_97_208,s1_below_1,Female,s2_37_80,s4_159_169,s2_164_318,s4_160_220,s2_2_4
8977,s2_885_1695,s2_n103_99,s4_n40_7,s1_below_4282,s1_below_2,s4_2005_2007,s2_760_2075,s3_17_37,Passenger Car,s3_28_48,Not Deployed,s2_97_208,s1_below_1,Male,s3_80_96,s3_141_159,s2_164_318,s3_80_160,s2_2_4
8978,s3_1695_2555,s2_n103_99,s4_n40_7,s1_below_4282,s1_below_2,s4_2005_2007,s3_2075_3730,s4_37_47,Truck (<=10000 lbs.),s4_48_64,Deployed,s2_97_208,s1_below_1,Male,s6_130_up,s4_159_169,s3_318_464,s3_80_160,s4_5_6
8979,s2_885_1695,s2_n103_99,s4_n40_7,s1_below_4282,s2_2_3,s1_below_2001,s2_760_2075,s3_17_37,Passenger Car,s3_28_48,Not Deployed,s2_97_208,s1_below_1,Male,s2_37_80,s3_141_159,s2_164_318,s3_80_160,s2_2_4
8980,s2_885_1695,s2_n103_99,s4_n40_7,s1_below_4282,s1_below_2,s1_below_2001,s2_760_2075,s3_17_37,Passenger Car,s5_64_76,Deployed,s2_97_208,s2_1_2,Male,s3_80_96,s3_141_159,s2_164_318,s3_80_160,s2_2_4
8981,s2_885_1695,s2_n103_99,s4_n40_7,s1_below_4282,s1_below_2,s1_below_2001,s2_760_2075,s4_37_47,Truck (<=6000 lbs.),s2_11_28,Deployed,s2_97_208,s1_below_1,Male,s3_80_96,s3_141_159,s2_164_318,s3_80_160,s2_2_4
8982,s2_885_1695,s2_n103_99,s4_n40_7,s1_below_4282,s2_2_3,s4_2005_2007,s3_2075_3730,s5_47_57,Truck (<=6000 lbs.),s3_28_48,Not Deployed,s2_97_208,s1_below_1,Female,s4_96_114,s3_141_159,s2_164_318,s3_80_160,s2_2_4
8983,s3_1695_2555,s2_n103_99,s5_7_up,s1_below_4282,s6_6_up,s2_2001_2003,s2_760_2075,s3_17_37,Truck (<=6000 lbs.),s2_11_28,Not Deployed,s2_97_208,s1_below_1,Female,s2_37_80,s3_141_159,s2_164_318,s6_260_up,s2_2_4
8984,s3_1695_2555,s2_n103_99,s4_n40_7,s1_below_4282,s3_3_4,s3_2003_2005,s2_760_2075,s3_17_37,Truck (<=6000 lbs.),s2_11_28,Not Deployed,s2_97_208,s1_below_1,Male,s3_80_96,s3_141_159,s3_318_464,s4_160_220,s3_4_5
8985,s3_1695_2555,s2_n103_99,s4_n40_7,s1_below_4282,s1_below_2,s4_2005_2007,s2_760_2075,s4_37_47,Truck (<=10000 lbs.),s3_28_48,Deployed,s2_97_208,s1_below_1,Male,s3_80_96,s5_169_179,s3_318_464,s3_80_160,s4_5_6
8986,s2_885_1695,s2_n103_99,s4_n40_7,s1_below_4282,s1_below_2,s2_2001_2003,s3_2075_3730,s3_17_37,Passenger Car,s4_48_64,Deployed,s2_97_208,s3_2_3,Female,s2_37_80,s3_141_159,s2_164_318,s4_160_220,s2_2_4
8987,s2_885_1695,s2_n103_99,s3_n81_n40,s1_below_4282,s2_2_3,s1_below_2001,s2_760_2075,s4_37_47,Passenger Car,s3_28_48,Not Deployed,s2_97_208,s1_below_1,Female,s2_37_80,s3_141_159,s2_164_318,s3_80_160,s2_2_4
8988,s3_1695_2555,s2_n103_99,s4_n40_7,s1_below_4282,s1_below_2,s2_2001_2003,s2_760_2075,s3_17_37,Truck (<=6000 lbs.),s3_28_48,Not Deployed,s2_97_208,s1_below_1,Female,s2_37_80,s4_159_169,s2_164_318,s2_40_80,s2_2_4
8989,s3_1695_2555,s2_n103_99,s4_n40_7,s1_below_4282,s4_4_5,s4_2005_2007,s2_760_2075,s3_17_37,Truck (<=6000 lbs.),s5_64_76,Not Deployed,s2_97_208,s1_below_1,Male,s2_37_80,s4_159_169,s2_164_318,s3_80_160,s3_4_5
8990,s2_885_1695,s2_n103_99,s4_n40_7,s1_below_4282,s4_4_5,s4_2005_2007,s2_760_2075,s5_47_57,Truck (<=6000 lbs.),s6_76_up,Deployed,s2_97_208,s1_below_1,Male,s2_37_80,s3_141_159,s2_164_318,s3_80_160,s2_2_4
8991,s2_885_1695,s2_n103_99,s4_n40_7,s1_below_4282,s1_below_2,s1_below_2001,s2_760_2075,s4_37_47,Passenger Car,s2_11_28,Deployed,s2_97_208,s1_below_1,Male,s2_37_80,s2_116_141,s2_164_318,s3_80_160,s2_2_4
8992,s3_1695_2555,s2_n103_99,s4_n40_7,s1_below_4282,s1_below_2,s1_below_2001,s2_760_2075,s3_17_37,Truck (<=10000 lbs.),s2_11_28,Not Deployed,s2_97_208,s1_below_1,Male,s2_37_80,s4_159_169,s3_318_464,s3_80_160,s4_5_6
8993,s2_885_1695,s2_n103_99,s4_n40_7,s1_below_4282,s1_below_2,s3_2003_2005,s3_2075_3730,s3_17_37,Passenger Car,s2_11_28,Deployed,s2_97_208,s1_below_1,Male,s4_96_114,s3_141_159,s2_164_318,s3_80_160,s2_2_4
8994,s2_885_1695,s2_n103_99,s5_7_up,s1_below_4282,s1_below_2,s1_below_2001,s2_760_2075,s3_17_37,Passenger Car,s2_11_28,Deployed,s2_97_208,s1_below_1,Male,s4_96_114,s3_141_159,s2_164_318,s2_40_80,s2_2_4
8995,s2_885_1695,s2_n103_99,s4_n40_7,s1_below_4282,s3_3_4,s4_2005_2007,s2_760_2075,s3_17_37,Passenger Car,s2_11_28,Not Deployed,s2_97_208,s1_below_1,Male,s2_37_80,s3_141_159,s2_164_318,s3_80_160,s2_2_4
8996,s3_1695_2555,s2_n103_99,s4_n40_7,s1_below_4282,s4_4_5,s4_2005_2007,s2_760_2075,s4_37_47,Truck (<=6000 lbs.),s4_48_64,Deployed,s2_97_208,s1_below_1,Female,s2_37_80,s3_141_159,s2_164_318,s4_160_220,s2_2_4
8997,s2_885_1695,s2_n103_99,s4_n40_7,s1_below_4282,s1_below_2,s3_2003_2005,s2_760_2075,s3_17_37,Passenger Car,s3_28_48,Deployed,s2_97_208,s2_1_2,Male,s3_80_96,s3_141_159,s2_164_318,s2_40_80,s2_2_4
8998,s2_885_1695,s2_n103_99,s4_n40_7,s1_below_4282,s1_below_2,s2_2001_2003,s2_760_2075,s3_17_37,Passenger Car,s6_76_up,Deployed,s2_97_208,s1_below_1,Male,s2_37_80,s3_141_159,s2_164_318,s3_80_160,s2_2_4
8999,s2_885_1695,s2_n103_99,s4_n40_7,s1_below_4282,s1_below_2,s2_2001_2003,s3_2075_3730,s4_37_47,Passenger Car,s3_28_48,Deployed,s2_97_208,s2_1_2,Male,s3_80_96,s3_141_159,s2_164_318,s4_160_220,s2_2_4
9000,s2_885_1695,s2_n103_99,s5_7_up,s1_below_4282,s4_4_5,s2_2001_2003,s2_760_2075,s3_17_37,Passenger Car,s2_11_28,Not Deployed,s2_97_208,s1_below_1,Female,s2_37_80,s3_141_159,s2_164_318,s6_260_up,s2_2_4
9001,s2_885_1695,s2_n103_99,s4_n40_7,s1_below_4282,s5_5_6,s3_2003_2005,s2_760_2075,s4_37_47,Passenger Car,s3_28_48,Deployed,s2_97_208,s4_3_4,Female,s3_80_96,s3_141_159,s2_164_318,s3_80_160,s2_2_4
9002,s2_885_1695,s2_n103_99,s5_7_up,s1_below_4282,s1_below_2,s2_2001_2003,s3_2075_3730,s4_37_47,Truck (<=6000 lbs.),s4_48_64,Not Deployed,s2_97_208,s1_below_1,Male,s3_80_96,s3_141_159,s2_164_318,s6_260_up,s2_2_4
9003,s2_885_1695,s2_n103_99,s4_n40_7,s1_below_4282,s2_2_3,s1_below_2001,s2_760_2075,s3_17_37,Truck (<=6000 lbs.),s3_28_48,Not Deployed,s2_97_208,s1_below_1,Female,s2_37_80,s3_141_159,s3_318_464,s3_80_160,s2_2_4
9004,s4_2555_3715,s2_n103_99,s4_n40_7,s1_below_4282,s4_4_5,s2_2001_2003,s2_760_2075,s3_17_37,Truck (<=10000 lbs.),s2_11_28,Not Deployed,s2_97_208,s1_below_1,Male,s2_37_80,s5_169_179,s2_164_318,s3_80_160,s3_4_5
9005,s2_885_1695,s2_n103_99,s4_n40_7,s1_below_4282,s4_4_5,s4_2005_2007,s2_760_2075,s4_37_47,Passenger Car,s3_28_48,Deployed,s2_97_208,s1_below_1,Female,s4_96_114,s3_141_159,s2_164_318,s4_160_220,s2_2_4
9006,s2_885_1695,s2_n103_99,s4_n40_7,s1_below_4282,s2_2_3,s3_2003_2005,s2_760_2075,s5_47_57,Truck (<=6000 lbs.),s2_11_28,Not Deployed,s2_97_208,s1_below_1,Female,s2_37_80,s3_141_159,s2_164_318,s4_160_220,s2_2_4
9007,s2_885_1695,s2_n103_99,s4_n40_7,s1_below_4282,s4_4_5,s2_2001_2003,s3_2075_3730,s3_17_37,Passenger Car,s4_48_64,Deployed,s2_97_208,s3_2_3,Female,s3_80_96,s3_141_159,s2_164_318,s4_160_220,s2_2_4
9008,s2_885_1695,s2_n103_99,s4_n40_7,s1_below_4282,s2_2_3,s2_2001_2003,s2_760_2075,s4_37_47,Truck (<=6000 lbs.),s2_11_28,Deployed,s2_97_208,s1_below_1,Male,s2_37_80,s2_116_141,s2_164_318,s4_160_220,s2_2_4
9009,s3_1695_2555,s2_n103_99,s4_n40_7,s1_below_4282,s2_2_3,s3_2003_2005,s2_760_2075,s3_17_37,Truck (<=10000 lbs.),s4_48_64,Not Deployed,s2_97_208,s1_below_1,Male,s5_114_130,s4_159_169,s2_164_318,s3_80_160,s3_4_5
9010,s2_885_1695,s2_n103_99,s4_n40_7,s1_below_4282,s1_below_2,s2_2001_2003,s2_760_2075,s3_17_37,Passenger Car,s2_11_28,Deployed,s2_97_208,s2_1_2,Female,s2_37_80,s3_141_159,s2_164_318,s3_80_160,s2_2_4
9011,s3_1695_2555,s2_n103_99,s4_n40_7,s1_below_4282,s1_below_2,s3_2003_2005,s3_2075_3730,s3_17_37,Truck (<=10000 lbs.),s3_28_48,Deployed,s2_97_208,s3_2_3,Male,s6_130_up,s4_159_169,s3_318_464,s3_80_160,s4_5_6
9012,s2_885_1695,s2_n103_99,s5_7_up,s1_below_4282,s3_3_4,s3_2003_2005,s3_2075_3730,s4_37_47,Passenger Car,s4_48_64,Not Deployed,s2_97_208,s1_below_1,Female,s2_37_80,s3_141_159,s2_164_318,s6_260_up,s2_2_4
9013,s3_1695_2555,s2_n103_99,s4_n40_7,s1_below_4282,s5_5_6,s3_2003_2005,s3_2075_3730,s4_37_47,Truck (<=6000 lbs.),s3_28_48,Not Deployed,s2_97_208,s1_below_1,Male,s2_37_80,s3_141_159,s2_164_318,s3_80_160,s2_2_4
9014,s2_885_1695,s2_n103_99,s5_7_up,s1_below_4282,s4_4_5,s3_2003_2005,s2_760_2075,s3_17_37,Truck (<=6000 lbs.),s5_64_76,Not Deployed,s2_97_208,s1_below_1,Male,s2_37_80,s3_141_159,s2_164_318,s6_260_up,s2_2_4
9015,s3_1695_2555,s2_n103_99,s4_n40_7,s1_below_4282,s4_4_5,s1_below_2001,s2_760_2075,s3_17_37,Truck (<=6000 lbs.),s2_11_28,Not Deployed,s2_97_208,s1_below_1,Female,s2_37_80,s3_141_159,s2_164_318,s3_80_160,s2_2_4
9016,s2_885_1695,s2_n103_99,s4_n40_7,s1_below_4282,s4_4_5,s3_2003_2005,s2_760_2075,s4_37_47,Passenger Car,s4_48_64,Deployed,s2_97_208,s1_below_1,Male,s3_80_96,s3_141_159,s2_164_318,s3_80_160,s2_2_4
9017,s2_885_1695,s2_n103_99,s5_7_up,s1_below_4282,s1_below_2,s1_below_2001,s2_760_2075,s5_47_57,Passenger Car,s5_64_76,Not Deployed,s2_97_208,s1_below_1,Female,s3_80_96,s3_141_159,s2_164_318,s6_260_up,s2_2_4
9018,s2_885_1695,s2_n103_99,s4_n40_7,s1_below_4282,s4_4_5,s4_2005_2007,s2_760_2075,s4_37_47,Passenger Car,s2_11_28,Deployed,s2_97_208,s1_below_1,Female,s3_80_96,s3_141_159,s2_164_318,s3_80_160,s2_2_4
9019,s3_1695_2555,s2_n103_99,s5_7_up,s1_below_4282,s4_4_5,s3_2003_2005,s2_760_2075,s4_37_47,Truck (<=6000 lbs.),s3_28_48,Not Deployed,s2_97_208,s1_below_1,Female,s2_37_80,s4_159_169,s2_164_318,s6_260_up,s3_4_5
9020,s2_885_1695,s2_n103_99,s3_n81_n40,s1_below_4282,s2_2_3,s1_below_2001,s2_760_2075,s3_17_37,Passenger Car,s2_11_28,Deployed,s2_97_208,s3_2_3,Female,s2_37_80,s3_141_159,s2_164_318,s3_80_160,s2_2_4
9021,s2_885_1695,s2_n103_99,s4_n40_7,s1_below_4282,s1_below_2,s2_2001_2003,s2_760_2075,s3_17_37,Truck (<=6000 lbs.),s3_28_48,Not Deployed,s2_97_208,s1_below_1,Female,s2_37_80,s3_141_159,s2_164_318,s3_80_160,s2_2_4
9022,s3_1695_2555,s2_n103_99,s4_n40_7,s1_below_4282,s6_6_up,s4_2005_2007,s2_760_2075,s4_37_47,Truck (<=6000 lbs.),s3_28_48,Deployed,s2_97_208,s1_below_1,Female,s3_80_96,s3_141_159,s2_164_318,s3_80_160,s2_2_4
9023,s2_885_1695,s2_n103_99,s5_7_up,s1_below_4282,s1_below_2,s4_2005_2007,s2_760_2075,s3_17_37,Passenger Car,s6_76_up,Not Deployed,s2_97_208,s1_below_1,Female,s2_37_80,s3_141_159,s2_164_318,s6_260_up,s2_2_4
9024,s3_1695_2555,s2_n103_99,s4_n40_7,s1_below_4282,s1_below_2,s1_below_2001,s2_760_2075,s5_47_57,Truck (<=10000 lbs.),s4_48_64,Deployed,s2_97_208,s1_below_1,Male,s4_96_114,s4_159_169,s2_164_318,s3_80_160,s3_4_5
9025,s3_1695_2555,s2_n103_99,s4_n40_7,s1_below_4282,s2_2_3,s3_2003_2005,s2_760_2075,s6_57_up,Truck (<=6000 lbs.),s4_48_64,Not Deployed,s2_97_208,s3_2_3,Female,s2_37_80,s4_159_169,s2_164_318,s3_80_160,s2_2_4
9026,s2_885_1695,s2_n103_99,s4_n40_7,s1_below_4282,s3_3_4,s1_below_2001,s2_760_2075,s4_37_47,Passenger Car,s3_28_48,Deployed,s2_97_208,s3_2_3,Female,s2_37_80,s3_141_159,s2_164_318,s3_80_160,s2_2_4
9027,s2_885_1695,s2_n103_99,s4_n40_7,s1_below_4282,s1_below_2,s2_2001_2003,s2_760_2075,s3_17_37,Truck (<=6000 lbs.),s5_64_76,Deployed,s2_97_208,s1_below_1,Male,s2_37_80,s3_141_159,s3_318_464,s4_160_220,s2_2_4
9028,s3_1695_2555,s2_n103_99,s4_n40_7,s1_below_4282,s1_below_2,s4_2005_2007,s2_760_2075,s3_17_37,Truck (<=10000 lbs.),s4_48_64,Not Deployed,s2_97_208,s2_1_2,Male,s6_130_up,s5_169_179,s2_164_318,s3_80_160,s4_5_6
9029,s2_885_1695,s2_n103_99,s4_n40_7,s1_below_4282,s1_below_2,s1_below_2001,s2_760_2075,s3_17_37,Passenger Car,s3_28_48,Not Deployed,s2_97_208,s1_below_1,Female,s3_80_96,s3_141_159,s2_164_318,s3_80_160,s2_2_4
9030,s3_1695_2555,s2_n103_99,s4_n40_7,s1_below_4282,s1_below_2,s2_2001_2003,s3_2075_3730,s4_37_47,Truck (<=10000 lbs.),s5_64_76,Deployed,s2_97_208,s3_2_3,Female,s2_37_80,s4_159_169,s3_318_464,s3_80_160,s4_5_6
9031,s3_1695_2555,s2_n103_99,s4_n40_7,s1_below_4282,s1_below_2,s1_below_2001,s2_760_2075,s3_17_37,Truck (<=6000 lbs.),s5_64_76,Deployed,s2_97_208,s2_1_2,Male,s2_37_80,s3_141_159,s2_164_318,s4_160_220,s2_2_4
9032,s2_885_1695,s2_n103_99,s4_n40_7,s1_below_4282,s1_below_2,s4_2005_2007,s2_760_2075,s3_17_37,Passenger Car,s3_28_48,Not Deployed,s2_97_208,s1_below_1,Female,s2_37_80,s3_141_159,s2_164_318,s3_80_160,s2_2_4
9033,s2_885_1695,s2_n103_99,s4_n40_7,s1_below_4282,s3_3_4,s4_2005_2007,s2_760_2075,s5_47_57,Passenger Car,s3_28_48,Deployed,s2_97_208,s2_1_2,Female,s5_114_130,s3_141_159,s2_164_318,s3_80_160,s2_2_4
9034,s2_885_1695,s2_n103_99,s4_n40_7,s1_below_4282,s4_4_5,s3_2003_2005,s2_760_2075,s4_37_47,Passenger Car,s5_64_76,Deployed,s2_97_208,s3_2_3,Female,s3_80_96,s3_141_159,s2_164_318,s4_160_220,s2_2_4
9035,s2_885_1695,s2_n103_99,s4_n40_7,s1_below_4282,s4_4_5,s3_2003_2005,s2_760_2075,s4_37_47,Passenger Car,s2_11_28,Deployed,s2_97_208,s3_2_3,Male,s4_96_114,s3_141_159,s2_164_318,s3_80_160,s2_2_4
9036,s2_885_1695,s2_n103_99,s4_n40_7,s1_below_4282,s1_below_2,s4_2005_2007,s2_760_2075,s3_17_37,Truck (<=6000 lbs.),s3_28_48,Not Deployed,s2_97_208,s1_below_1,Female,s2_37_80,s3_141_159,s2_164_318,s3_80_160,s2_2_4
9037,s2_885_1695,s2_n103_99,s4_n40_7,s1_below_4282,s1_below_2,s1_below_2001,s2_760_2075,s4_37_47,Truck (<=6000 lbs.),s4_48_64,Not Deployed,s2_97_208,s1_below_1,Male,s3_80_96,s2_116_141,s2_164_318,s3_80_160,s2_2_4
9038,s3_1695_2555,s2_n103_99,s4_n40_7,s1_below_4282,s1_below_2,s4_2005_2007,s3_2075_3730,s3_17_37,Truck (<=10000 lbs.),s5_64_76,Not Deployed,s2_97_208,s1_below_1,Male,s3_80_96,s4_159_169,s3_318_464,s4_160_220,s4_5_6
9039,s3_1695_2555,s2_n103_99,s4_n40_7,s1_below_4282,s4_4_5,s3_2003_2005,s2_760_2075,s3_17_37,Truck (<=10000 lbs.),s3_28_48,Not Deployed,s2_97_208,s1_below_1,Female,s2_37_80,s4_159_169,s3_318_464,s3_80_160,s4_5_6
9040,s2_885_1695,s2_n103_99,s4_n40_7,s1_below_4282,s1_below_2,s2_2001_2003,s2_760_2075,s3_17_37,Passenger Car,s4_48_64,Deployed,s2_97_208,s1_below_1,Female,s2_37_80,s3_141_159,s2_164_318,s3_80_160,s2_2_4
9041,s2_885_1695,s2_n103_99,s4_n40_7,s1_below_4282,s1_below_2,s4_2005_2007,s2_760_2075,s3_17_37,Passenger Car,s3_28_48,Not Deployed,s2_97_208,s1_below_1,Female,s3_80_96,s3_141_159,s2_164_318,s4_160_220,s2_2_4
9042,s4_2555_3715,s2_n103_99,s4_n40_7,s1_below_4282,s1_below_2,s3_2003_2005,s2_760_2075,s4_37_47,Truck (<=10000 lbs.),s3_28_48,Not Deployed,s2_97_208,s1_below_1,Male,s4_96_114,s5_169_179,s2_164_318,s3_80_160,s3_4_5
9043,s3_1695_2555,s2_n103_99,s4_n40_7,s1_below_4282,s4_4_5,s4_2005_2007,s2_760_2075,s4_37_47,Truck (<=10000 lbs.),s3_28_48,Not Deployed,s2_97_208,s1_below_1,Female,s2_37_80,s5_169_179,s2_164_318,s4_160_220,s3_4_5
9044,s2_885_1695,s2_n103_99,s4_n40_7,s1_below_4282,s1_below_2,s3_2003_2005,s3_2075_3730,s4_37_47,Passenger Car,s2_11_28,Deployed,s2_97_208,s3_2_3,Male,s2_37_80,s3_141_159,s2_164_318,s4_160_220,s2_2_4
9045,s3_1695_2555,s2_n103_99,s4_n40_7,s1_below_4282,s1_below_2,s1_below_2001,s2_760_2075,s4_37_47,Truck (<=10000 lbs.),s3_28_48,Deployed,s2_97_208,s1_below_1,Female,s2_37_80,s4_159_169,s3_318_464,s3_80_160,s4_5_6
9046,s2_885_1695,s2_n103_99,s4_n40_7,s1_below_4282,s1_below_2,s2_2001_2003,s2_760_2075,s3_17_37,Truck (<=6000 lbs.),s2_11_28,Deployed,s2_97_208,s1_below_1,Male,s2_37_80,s3_141_159,s2_164_318,s3_80_160,s2_2_4
9047,s2_885_1695,s2_n103_99,s3_n81_n40,s1_below_4282,s3_3_4,s1_below_2001,s2_760_2075,s5_47_57,Passenger Car,s2_11_28,Deployed,s2_97_208,s3_2_3,Female,s2_37_80,s3_141_159,s2_164_318,s4_160_220,s2_2_4
9048,s2_885_1695,s2_n103_99,s3_n81_n40,s1_below_4282,s3_3_4,s4_2005_2007,s2_760_2075,s5_47_57,Truck (<=6000 lbs.),s4_48_64,Deployed,s2_97_208,s2_1_2,Male,s5_114_130,s3_141_159,s3_318_464,s3_80_160,s2_2_4
9049,s3_1695_2555,s2_n103_99,s4_n40_7,s1_below_4282,s1_below_2,s4_2005_2007,s2_760_2075,s5_47_57,Truck (<=6000 lbs.),s4_48_64,Deployed,s2_97_208,s1_below_1,Male,s6_130_up,s3_141_159,s3_318_464,s3_80_160,s3_4_5
9050,s3_1695_2555,s2_n103_99,s3_n81_n40,s1_below_4282,s4_4_5,s1_below_2001,s2_760_2075,s4_37_47,Truck (<=6000 lbs.),s3_28_48,Deployed,s2_97_208,s1_below_1,Female,s3_80_96,s3_141_159,s2_164_318,s3_80_160,s2_2_4
9051,s2_885_1695,s2_n103_99,s4_n40_7,s1_below_4282,s5_5_6,s1_below_2001,s2_760_2075,s5_47_57,Truck (<=6000 lbs.),s2_11_28,Not Deployed,s2_97_208,s1_below_1,Male,s3_80_96,s3_141_159,s2_164_318,s3_80_160,s2_2_4
9052,s2_885_1695,s2_n103_99,s4_n40_7,s1_below_4282,s1_below_2,s1_below_2001,s2_760_2075,s3_17_37,Passenger Car,s3_28_48,Not Deployed,s2_97_208,s1_below_1,Female,s2_37_80,s3_141_159,s2_164_318,s4_160_220,s2_2_4
9053,s3_1695_2555,s2_n103_99,s4_n40_7,s1_below_4282,s1_below_2,s3_2003_2005,s2_760_2075,s4_37_47,Truck (<=6000 lbs.),s3_28_48,Deployed,s2_97_208,s1_below_1,Female,s2_37_80,s5_169_179,s2_164_318,s3_80_160,s4_5_6
9054,s3_1695_2555,s2_n103_99,s5_7_up,s1_below_4282,s3_3_4,s3_2003_2005,s2_760_2075,s4_37_47,Truck (<=10000 lbs.),s2_11_28,Deployed,s2_97_208,s3_2_3,Male,s4_96_114,s4_159_169,s3_318_464,s3_80_160,s4_5_6
9055,s2_885_1695,s2_n103_99,s4_n40_7,s1_below_4282,s2_2_3,s1_below_2001,s2_760_2075,s4_37_47,Passenger Car,s2_11_28,Deployed,s2_97_208,s3_2_3,Female,s2_37_80,s3_141_159,s2_164_318,s3_80_160,s2_2_4
9056,s2_885_1695,s2_n103_99,s4_n40_7,s1_below_4282,s2_2_3,s3_2003_2005,s2_760_2075,s4_37_47,Truck (<=6000 lbs.),s3_28_48,Deployed,s2_97_208,s3_2_3,Female,s3_80_96,s3_141_159,s2_164_318,s3_80_160,s2_2_4
9057,s2_885_1695,s2_n103_99,s4_n40_7,s1_below_4282,s2_2_3,s1_below_2001,s2_760_2075,s3_17_37,Passenger Car,s4_48_64,Not Deployed,s2_97_208,s1_below_1,Female,s2_37_80,s3_141_159,s2_164_318,s3_80_160,s2_2_4
9058,s3_1695_2555,s2_n103_99,s4_n40_7,s1_below_4282,s1_below_2,s2_2001_2003,s2_760_2075,s4_37_47,Truck (<=10000 lbs.),s4_48_64,Deployed,s2_97_208,s1_below_1,Male,s2_37_80,s2_116_141,s3_318_464,s3_80_160,s3_4_5
9059,s2_885_1695,s2_n103_99,s4_n40_7,s1_below_4282,s1_below_2,s2_2001_2003,s2_760_2075,s3_17_37,Passenger Car,s4_48_64,Not Deployed,s2_97_208,s1_below_1,Female,s2_37_80,s3_141_159,s2_164_318,s2_40_80,s2_2_4
9060,s2_885_1695,s2_n103_99,s4_n40_7,s1_below_4282,s2_2_3,s2_2001_2003,s2_760_2075,s5_47_57,Truck (<=6000 lbs.),s2_11_28,Deployed,s2_97_208,s2_1_2,Female,s5_114_130,s3_141_159,s2_164_318,s3_80_160,s2_2_4
9061,s2_885_1695,s2_n103_99,s5_7_up,s1_below_4282,s1_below_2,s1_below_2001,s2_760_2075,s5_47_57,Passenger Car,s3_28_48,Not Deployed,s2_97_208,s1_below_1,Female,s4_96_114,s3_141_159,s2_164_318,s6_260_up,s2_2_4
9062,s2_885_1695,s2_n103_99,s4_n40_7,s1_below_4282,s1_below_2,s1_below_2001,s2_760_2075,s5_47_57,Passenger Car,s4_48_64,Deployed,s2_97_208,s1_below_1,Female,s2_37_80,s3_141_159,s2_164_318,s3_80_160,s2_2_4
9063,s3_1695_2555,s2_n103_99,s3_n81_n40,s1_below_4282,s4_4_5,s1_below_2001,s2_760_2075,s5_47_57,Truck (<=6000 lbs.),s2_11_28,Deployed,s2_97_208,s3_2_3,Female,s2_37_80,s3_141_159,s2_164_318,s3_80_160,s2_2_4
9064,s2_885_1695,s2_n103_99,s4_n40_7,s1_below_4282,s1_below_2,s3_2003_2005,s2_760_2075,s3_17_37,Passenger Car,s5_64_76,Not Deployed,s2_97_208,s1_below_1,Female,s2_37_80,s3_141_159,s2_164_318,s3_80_160,s2_2_4
9065,s2_885_1695,s2_n103_99,s5_7_up,s1_below_4282,s2_2_3,s2_2001_2003,s2_760_2075,s6_57_up,Passenger Car,s3_28_48,Not Deployed,s2_97_208,s1_below_1,Female,s2_37_80,s3_141_159,s2_164_318,s6_260_up,s2_2_4
9066,s3_1695_2555,s2_n103_99,s4_n40_7,s1_below_4282,s1_below_2,s2_2001_2003,s3_2075_3730,s6_57_up,Truck (<=6000 lbs.),s2_11_28,Deployed,s2_97_208,s2_1_2,Male,s3_80_96,s3_141_159,s3_318_464,s3_80_160,s3_4_5
9067,s2_885_1695,s2_n103_99,s4_n40_7,s1_below_4282,s1_below_2,s4_2005_2007,s2_760_2075,s5_47_57,Passenger Car,s3_28_48,Deployed,s2_97_208,s1_below_1,Male,s4_96_114,s3_141_159,s2_164_318,s3_80_160,s2_2_4
9068,s2_885_1695,s2_n103_99,s3_n81_n40,s1_below_4282,s1_below_2,s3_2003_2005,s3_2075_3730,s6_57_up,Passenger Car,s3_28_48,Deployed,s2_97_208,s3_2_3,Female,s3_80_96,s3_141_159,s2_164_318,s3_80_160,s2_2_4
9069,s2_885_1695,s2_n103_99,s4_n40_7,s1_below_4282,s1_below_2,s1_below_2001,s2_760_2075,s3_17_37,Passenger Car,s2_11_28,Not Deployed,s2_97_208,s1_below_1,Female,s2_37_80,s3_141_159,s2_164_318,s2_40_80,s2_2_4
9070,s3_1695_2555,s2_n103_99,s4_n40_7,s1_below_4282,s3_3_4,s3_2003_2005,s2_760_2075,s5_47_57,Truck (<=6000 lbs.),s6_76_up,Deployed,s2_97_208,s1_below_1,Female,s2_37_80,s3_141_159,s2_164_318,s4_160_220,s2_2_4
9071,s3_1695_2555,s2_n103_99,s4_n40_7,s1_below_4282,s1_below_2,s4_2005_2007,s2_760_2075,s3_17_37,Truck (<=6000 lbs.),s3_28_48,Deployed,s2_97_208,s1_below_1,Male,s2_37_80,s6_179_up,s2_164_318,s2_40_80,s3_4_5
9072,s2_885_1695,s2_n103_99,s4_n40_7,s1_below_4282,s3_3_4,s1_below_2001,s3_2075_3730,s4_37_47,Truck (<=6000 lbs.),s2_11_28,Deployed,s2_97_208,s1_below_1,Male,s2_37_80,s3_141_159,s2_164_318,s4_160_220,s2_2_4
9073,s2_885_1695,s2_n103_99,s4_n40_7,s1_below_4282,s1_below_2,s4_2005_2007,s2_760_2075,s6_57_up,Passenger Car,s2_11_28,Deployed,s2_97_208,s1_below_1,Male,s3_80_96,s3_141_159,s2_164_318,s3_80_160,s2_2_4
9074,s3_1695_2555,s2_n103_99,s4_n40_7,s1_below_4282,s1_below_2,s1_below_2001,s2_760_2075,s3_17_37,Truck (<=6000 lbs.),s2_11_28,Not Deployed,s2_97_208,s1_below_1,Male,s2_37_80,s3_141_159,s2_164_318,s3_80_160,s2_2_4
9075,s2_885_1695,s2_n103_99,s4_n40_7,s1_below_4282,s1_below_2,s4_2005_2007,s2_760_2075,s3_17_37,Passenger Car,s2_11_28,Not Deployed,s2_97_208,s1_below_1,Male,s2_37_80,s3_141_159,s2_164_318,s3_80_160,s2_2_4
9076,s2_885_1695,s2_n103_99,s4_n40_7,s1_below_4282,s3_3_4,s1_below_2001,s2_760_2075,s4_37_47,Passenger Car,s2_11_28,Deployed,s2_97_208,s1_below_1,Male,s2_37_80,s3_141_159,s2_164_318,s3_80_160,s2_2_4
9077,s2_885_1695,s2_n103_99,s4_n40_7,s1_below_4282,s3_3_4,s2_2001_2003,s3_2075_3730,s4_37_47,Passenger Car,s2_11_28,Deployed,s2_97_208,s1_below_1,Male,s3_80_96,s3_141_159,s2_164_318,s3_80_160,s2_2_4
9078,s3_1695_2555,s2_n103_99,s4_n40_7,s1_below_4282,s3_3_4,s2_2001_2003,s2_760_2075,s5_47_57,Passenger Car,s3_28_48,Not Deployed,s2_97_208,s1_below_1,Female,s2_37_80,s3_141_159,s2_164_318,s4_160_220,s3_4_5
9079,s2_885_1695,s2_n103_99,s4_n40_7,s1_below_4282,s1_below_2,s4_2005_2007,s2_760_2075,s5_47_57,Passenger Car,s2_11_28,Deployed,s2_97_208,s1_below_1,Female,s2_37_80,s3_141_159,s2_164_318,s3_80_160,s2_2_4
9080,s2_885_1695,s2_n103_99,s4_n40_7,s1_below_4282,s2_2_3,s3_2003_2005,s3_2075_3730,s5_47_57,Truck (<=6000 lbs.),s4_48_64,Deployed,s2_97_208,s5_4_5,Male,s6_130_up,s3_141_159,s2_164_318,s3_80_160,s2_2_4
9081,s3_1695_2555,s2_n103_99,s4_n40_7,s1_below_4282,s1_below_2,s2_2001_2003,s2_760_2075,s4_37_47,Truck (<=10000 lbs.),s5_64_76,Not Deployed,s2_97_208,s2_1_2,Male,s6_130_up,s4_159_169,s3_318_464,s2_40_80,s4_5_6
9082,s3_1695_2555,s2_n103_99,s4_n40_7,s1_below_4282,s1_below_2,s3_2003_2005,s2_760_2075,s5_47_57,Truck (<=10000 lbs.),s4_48_64,Deployed,s2_97_208,s1_below_1,Male,s3_80_96,s4_159_169,s3_318_464,s3_80_160,s4_5_6
9083,s3_1695_2555,s2_n103_99,s4_n40_7,s1_below_4282,s3_3_4,s2_2001_2003,s2_760_2075,s3_17_37,Truck (<=10000 lbs.),s3_28_48,Not Deployed,s2_97_208,s1_below_1,Male,s3_80_96,s3_141_159,s3_318_464,s2_40_80,s4_5_6
9084,s3_1695_2555,s2_n103_99,s4_n40_7,s1_below_4282,s1_below_2,s1_below_2001,s2_760_2075,s3_17_37,Truck (<=6000 lbs.),s3_28_48,Not Deployed,s2_97_208,s1_below_1,Female,s3_80_96,s4_159_169,s2_164_318,s3_80_160,s3_4_5
9085,s2_885_1695,s2_n103_99,s4_n40_7,s1_below_4282,s2_2_3,s4_2005_2007,s2_760_2075,s4_37_47,Passenger Car,s2_11_28,Deployed,s2_97_208,s3_2_3,Female,s2_37_80,s3_141_159,s2_164_318,s3_80_160,s2_2_4
9086,s2_885_1695,s2_n103_99,s4_n40_7,s1_below_4282,s1_below_2,s3_2003_2005,s2_760_2075,s5_47_57,Passenger Car,s2_11_28,Deployed,s2_97_208,s1_below_1,Female,s2_37_80,s3_141_159,s2_164_318,s4_160_220,s2_2_4
9087,s3_1695_2555,s2_n103_99,s4_n40_7,s1_below_4282,s4_4_5,s3_2003_2005,s2_760_2075,s5_47_57,Truck (<=6000 lbs.),s3_28_48,Deployed,s2_97_208,s1_below_1,Female,s2_37_80,s5_169_179,s2_164_318,s3_80_160,s2_2_4
9088,s2_885_1695,s2_n103_99,s4_n40_7,s1_below_4282,s2_2_3,s2_2001_2003,s2_760_2075,s4_37_47,Passenger Car,s2_11_28,Not Deployed,s2_97_208,s1_below_1,Female,s2_37_80,s3_141_159,s2_164_318,s4_160_220,s2_2_4
9089,s3_1695_2555,s2_n103_99,s4_n40_7,s1_below_4282,s1_below_2,s1_below_2001,s2_760_2075,s4_37_47,Truck (<=6000 lbs.),s2_11_28,Deployed,s2_97_208,s1_below_1,Male,s5_114_130,s3_141_159,s2_164_318,s3_80_160,s2_2_4
9090,s3_1695_2555,s2_n103_99,s4_n40_7,s1_below_4282,s3_3_4,s3_2003_2005,s2_760_2075,s4_37_47,Truck (<=6000 lbs.),s2_11_28,Not Deployed,s2_97_208,s1_below_1,Female,s2_37_80,s3_141_159,s2_164_318,s3_80_160,s2_2_4
9091,s2_885_1695,s2_n103_99,s4_n40_7,s1_below_4282,s3_3_4,s2_2001_2003,s2_760_2075,s4_37_47,Truck (<=6000 lbs.),s4_48_64,Deployed,s2_97_208,s1_below_1,Female,s2_37_80,s3_141_159,s2_164_318,s3_80_160,s2_2_4
9092,s3_1695_2555,s2_n103_99,s4_n40_7,s1_below_4282,s1_below_2,s3_2003_2005,s2_760_2075,s3_17_37,Truck (<=6000 lbs.),s4_48_64,Not Deployed,s2_97_208,s1_below_1,Female,s2_37_80,s3_141_159,s2_164_318,s4_160_220,s2_2_4
9093,s2_885_1695,s2_n103_99,s4_n40_7,s1_below_4282,s2_2_3,s1_below_2001,s2_760_2075,s3_17_37,Passenger Car,s4_48_64,Deployed,s2_97_208,s1_below_1,Male,s4_96_114,s3_141_159,s2_164_318,s2_40_80,s2_2_4
9094,s2_885_1695,s2_n103_99,s4_n40_7,s1_below_4282,s1_below_2,s2_2001_2003,s2_760_2075,s4_37_47,Truck (<=6000 lbs.),s4_48_64,Deployed,s2_97_208,s1_below_1,Female,s2_37_80,s3_141_159,s2_164_318,s3_80_160,s2_2_4
9095,s2_885_1695,s2_n103_99,s4_n40_7,s1_below_4282,s1_below_2,s2_2001_2003,s2_760_2075,s4_37_47,Passenger Car,s4_48_64,Not Deployed,s2_97_208,s1_below_1,Female,s2_37_80,s3_141_159,s2_164_318,s4_160_220,s2_2_4
9096,s3_1695_2555,s2_n103_99,s4_n40_7,s1_below_4282,s1_below_2,s2_2001_2003,s2_760_2075,s5_47_57,Truck (<=6000 lbs.),s3_28_48,Deployed,s2_97_208,s2_1_2,Female,s5_114_130,s3_141_159,s3_318_464,s3_80_160,s2_2_4
9097,s2_885_1695,s2_n103_99,s3_n81_n40,s1_below_4282,s4_4_5,s2_2001_2003,s2_760_2075,s5_47_57,Passenger Car,s3_28_48,Deployed,s2_97_208,s3_2_3,Male,s3_80_96,s3_141_159,s2_164_318,s3_80_160,s2_2_4
9098,s2_885_1695,s2_n103_99,s4_n40_7,s1_below_4282,s1_below_2,s2_2001_2003,s2_760_2075,s5_47_57,Passenger Car,s3_28_48,Not Deployed,s2_97_208,s4_3_4,Male,s2_37_80,s3_141_159,s2_164_318,s5_220_260,s2_2_4
9099,s4_2555_3715,s2_n103_99,s3_n81_n40,s1_below_4282,s1_below_2,s4_2005_2007,s2_760_2075,s4_37_47,Truck (<=10000 lbs.),s4_48_64,Deployed,s2_97_208,s3_2_3,Male,s2_37_80,s5_169_179,s3_318_464,s3_80_160,s5_6_7
9100,s3_1695_2555,s2_n103_99,s4_n40_7,s1_below_4282,s3_3_4,s3_2003_2005,s2_760_2075,s4_37_47,Truck (<=10000 lbs.),s3_28_48,Not Deployed,s2_97_208,s1_below_1,Female,s3_80_96,s5_169_179,s3_318_464,s4_160_220,s4_5_6
9101,s2_885_1695,s2_n103_99,s4_n40_7,s1_below_4282,s3_3_4,s3_2003_2005,s3_2075_3730,s4_37_47,Passenger Car,s4_48_64,Not Deployed,s2_97_208,s1_below_1,Female,s2_37_80,s3_141_159,s2_164_318,s3_80_160,s2_2_4
9102,s2_885_1695,s2_n103_99,s4_n40_7,s1_below_4282,s3_3_4,s1_below_2001,s3_2075_3730,s4_37_47,Passenger Car,s4_48_64,Deployed,s2_97_208,s3_2_3,Male,s3_80_96,s3_141_159,s2_164_318,s3_80_160,s2_2_4
9103,s2_885_1695,s2_n103_99,s4_n40_7,s1_below_4282,s1_below_2,s4_2005_2007,s2_760_2075,s5_47_57,Passenger Car,s2_11_28,Deployed,s2_97_208,s1_below_1,Male,s2_37_80,s4_159_169,s2_164_318,s3_80_160,s2_2_4
9104,s2_885_1695,s2_n103_99,s4_n40_7,s1_below_4282,s1_below_2,s3_2003_2005,s2_760_2075,s3_17_37,Passenger Car,s2_11_28,Deployed,s2_97_208,s1_below_1,Male,s3_80_96,s3_141_159,s2_164_318,s3_80_160,s2_2_4
9105,s2_885_1695,s2_n103_99,s4_n40_7,s1_below_4282,s1_below_2,s4_2005_2007,s2_760_2075,s5_47_57,Passenger Car,s3_28_48,Deployed,s2_97_208,s1_below_1,Female,s4_96_114,s3_141_159,s2_164_318,s3_80_160,s2_2_4
9106,s3_1695_2555,s2_n103_99,s4_n40_7,s1_below_4282,s1_below_2,s3_2003_2005,s3_2075_3730,s5_47_57,Truck (<=6000 lbs.),s4_48_64,Deployed,s2_97_208,s3_2_3,Female,s3_80_96,s4_159_169,s2_164_318,s4_160_220,s2_2_4
9107,s3_1695_2555,s2_n103_99,s4_n40_7,s1_below_4282,s1_below_2,s4_2005_2007,s2_760_2075,s5_47_57,Truck (<=10000 lbs.),s5_64_76,Not Deployed,s2_97_208,s2_1_2,Male,s4_96_114,s5_169_179,s3_318_464,s3_80_160,s4_5_6
9108,s2_885_1695,s2_n103_99,s4_n40_7,s1_below_4282,s1_below_2,s5_2007_2009,s2_760_2075,s4_37_47,Passenger Car,s5_64_76,Deployed,s2_97_208,s1_below_1,Female,s3_80_96,s3_141_159,s2_164_318,s3_80_160,s2_2_4
9109,s2_885_1695,s2_n103_99,s4_n40_7,s1_below_4282,s1_below_2,s1_below_2001,s2_760_2075,s3_17_37,Passenger Car,s4_48_64,Not Deployed,s2_97_208,s1_below_1,Male,s2_37_80,s3_141_159,s2_164_318,s2_40_80,s2_2_4
9110,s3_1695_2555,s2_n103_99,s5_7_up,s1_below_4282,s1_below_2,s3_2003_2005,s2_760_2075,s5_47_57,Truck (<=10000 lbs.),s2_11_28,Not Deployed,s2_97_208,s1_below_1,Female,s2_37_80,s5_169_179,s2_164_318,s6_260_up,s3_4_5
9111,s2_885_1695,s2_n103_99,s4_n40_7,s1_below_4282,s2_2_3,s2_2001_2003,s2_760_2075,s4_37_47,Passenger Car,s3_28_48,Not Deployed,s2_97_208,s1_below_1,Female,s2_37_80,s3_141_159,s2_164_318,s3_80_160,s2_2_4
9112,s3_1695_2555,s2_n103_99,s4_n40_7,s1_below_4282,s4_4_5,s2_2001_2003,s2_760_2075,s5_47_57,Truck (<=6000 lbs.),s2_11_28,Deployed,s2_97_208,s1_below_1,Female,s2_37_80,s4_159_169,s2_164_318,s3_80_160,s2_2_4
9113,s2_885_1695,s2_n103_99,s4_n40_7,s1_below_4282,s1_below_2,s3_2003_2005,s2_760_2075,s6_57_up,Truck (<=6000 lbs.),s2_11_28,Deployed,s2_97_208,s1_below_1,Male,s2_37_80,s3_141_159,s2_164_318,s3_80_160,s2_2_4
9114,s3_1695_2555,s2_n103_99,s5_7_up,s1_below_4282,s1_below_2,s2_2001_2003,s2_760_2075,s6_57_up,Truck (<=6000 lbs.),s3_28_48,Not Deployed,s2_97_208,s5_4_5,Female,s2_37_80,s3_141_159,s2_164_318,s6_260_up,s2_2_4
9115,s4_2555_3715,s2_n103_99,s4_n40_7,s1_below_4282,s2_2_3,s3_2003_2005,s2_760_2075,s4_37_47,Truck (<=10000 lbs.),s3_28_48,Not Deployed,s2_97_208,s1_below_1,Female,s2_37_80,s5_169_179,s3_318_464,s3_80_160,s4_5_6
9116,s3_1695_2555,s2_n103_99,s4_n40_7,s1_below_4282,s2_2_3,s3_2003_2005,s2_760_2075,s4_37_47,Truck (<=6000 lbs.),s4_48_64,Not Deployed,s2_97_208,s1_below_1,Male,s5_114_130,s3_141_159,s2_164_318,s3_80_160,s2_2_4
9117,s2_885_1695,s2_n103_99,s4_n40_7,s1_below_4282,s3_3_4,s3_2003_2005,s2_760_2075,s4_37_47,Passenger Car,s3_28_48,Not Deployed,s2_97_208,s1_below_1,Male,s4_96_114,s3_141_159,s2_164_318,s2_40_80,s2_2_4
9118,s2_885_1695,s2_n103_99,s4_n40_7,s1_below_4282,s2_2_3,s1_below_2001,s2_760_2075,s3_17_37,Passenger Car,s4_48_64,Not Deployed,s2_97_208,s1_below_1,Female,s2_37_80,s3_141_159,s2_164_318,s3_80_160,s2_2_4
9119,s3_1695_2555,s2_n103_99,s3_n81_n40,s1_below_4282,s2_2_3,s1_below_2001,s3_2075_3730,s5_47_57,Truck (<=10000 lbs.),s3_28_48,Deployed,s2_97_208,s1_below_1,Female,s2_37_80,s4_159_169,s2_164_318,s3_80_160,s3_4_5
9120,s3_1695_2555,s2_n103_99,s5_7_up,s1_below_4282,s2_2_3,s3_2003_2005,s3_2075_3730,s5_47_57,Truck (<=10000 lbs.),s4_48_64,Not Deployed,s2_97_208,s1_below_1,Male,s3_80_96,s5_169_179,s3_318_464,s6_260_up,s4_5_6
9121,s2_885_1695,s2_n103_99,s5_7_up,s1_below_4282,s3_3_4,s1_below_2001,s2_760_2075,s4_37_47,Passenger Car,s4_48_64,Not Deployed,s2_97_208,s1_below_1,Male,s3_80_96,s3_141_159,s2_164_318,s6_260_up,s2_2_4
9122,s3_1695_2555,s2_n103_99,s4_n40_7,s1_below_4282,s2_2_3,s4_2005_2007,s2_760_2075,s5_47_57,Truck (<=10000 lbs.),s4_48_64,Not Deployed,s2_97_208,s1_below_1,Male,s3_80_96,s5_169_179,s3_318_464,s4_160_220,s4_5_6
9123,s2_885_1695,s2_n103_99,s5_7_up,s1_below_4282,s4_4_5,s2_2001_2003,s2_760_2075,s5_47_57,Passenger Car,s2_11_28,Deployed,s2_97_208,s1_below_1,Male,s3_80_96,s3_141_159,s2_164_318,s6_260_up,s2_2_4
9124,s3_1695_2555,s2_n103_99,s4_n40_7,s1_below_4282,s5_5_6,s1_below_2001,s2_760_2075,s5_47_57,Truck (<=10000 lbs.),s2_11_28,Not Deployed,s2_97_208,s1_below_1,Male,s2_37_80,s4_159_169,s3_318_464,s5_220_260,s4_5_6
9125,s2_885_1695,s2_n103_99,s4_n40_7,s1_below_4282,s1_below_2,s2_2001_2003,s2_760_2075,s4_37_47,Passenger Car,s4_48_64,Deployed,s2_97_208,s1_below_1,Female,s2_37_80,s3_141_159,s2_164_318,s3_80_160,s2_2_4
9126,s2_885_1695,s2_n103_99,s4_n40_7,s1_below_4282,s1_below_2,s4_2005_2007,s2_760_2075,s5_47_57,Truck (<=6000 lbs.),s5_64_76,Not Deployed,s2_97_208,s1_below_1,Female,s4_96_114,s3_141_159,s2_164_318,s4_160_220,s2_2_4
9127,s2_885_1695,s2_n103_99,s4_n40_7,s1_below_4282,s2_2_3,s1_below_2001,s2_760_2075,s4_37_47,Truck (<=6000 lbs.),s2_11_28,Deployed,s2_97_208,s1_below_1,Male,s2_37_80,s3_141_159,s2_164_318,s3_80_160,s2_2_4
9128,s3_1695_2555,s2_n103_99,s4_n40_7,s1_below_4282,s3_3_4,s1_below_2001,s2_760_2075,s4_37_47,Truck (<=10000 lbs.),s2_11_28,Not Deployed,s2_97_208,s1_below_1,Male,s2_37_80,s5_169_179,s3_318_464,s3_80_160,s4_5_6
9129,s2_885_1695,s2_n103_99,s4_n40_7,s1_below_4282,s2_2_3,s2_2001_2003,s2_760_2075,s6_57_up,Passenger Car,s2_11_28,Deployed,s2_97_208,s2_1_2,Male,s2_37_80,s3_141_159,s2_164_318,s3_80_160,s2_2_4
9130,s3_1695_2555,s2_n103_99,s4_n40_7,s1_below_4282,s1_below_2,s4_2005_2007,s2_760_2075,s5_47_57,Truck (<=6000 lbs.),s3_28_48,Deployed,s2_97_208,s1_below_1,Male,s2_37_80,s3_141_159,s3_318_464,s3_80_160,s2_2_4
9131,s3_1695_2555,s2_n103_99,s3_n81_n40,s1_below_4282,s1_below_2,s1_below_2001,s2_760_2075,s5_47_57,Truck (<=6000 lbs.),s3_28_48,Deployed,s2_97_208,s2_1_2,Female,s3_80_96,s3_141_159,s2_164_318,s4_160_220,s2_2_4
9132,s2_885_1695,s2_n103_99,s4_n40_7,s1_below_4282,s3_3_4,s3_2003_2005,s2_760_2075,s3_17_37,Passenger Car,s2_11_28,Not Deployed,s2_97_208,s2_1_2,Male,s3_80_96,s3_141_159,s2_164_318,s2_40_80,s2_2_4
9133,s3_1695_2555,s2_n103_99,s4_n40_7,s1_below_4282,s1_below_2,s3_2003_2005,s2_760_2075,s3_17_37,Truck (<=10000 lbs.),s2_11_28,Not Deployed,s2_97_208,s1_below_1,Male,s4_96_114,s5_169_179,s3_318_464,s3_80_160,s4_5_6
9134,s2_885_1695,s2_n103_99,s4_n40_7,s1_below_4282,s4_4_5,s3_2003_2005,s3_2075_3730,s3_17_37,Passenger Car,s4_48_64,Not Deployed,s2_97_208,s1_below_1,Female,s2_37_80,s3_141_159,s2_164_318,s4_160_220,s2_2_4
9135,s3_1695_2555,s2_n103_99,s4_n40_7,s1_below_4282,s3_3_4,s3_2003_2005,s2_760_2075,s4_37_47,Truck (<=6000 lbs.),s2_11_28,Not Deployed,s2_97_208,s1_below_1,Male,s2_37_80,s3_141_159,s2_164_318,s3_80_160,s2_2_4
9136,s2_885_1695,s2_n103_99,s4_n40_7,s1_below_4282,s1_below_2,s1_below_2001,s2_760_2075,s5_47_57,Passenger Car,s2_11_28,Deployed,s2_97_208,s1_below_1,Female,s2_37_80,s3_141_159,s2_164_318,s2_40_80,s2_2_4
9137,s2_885_1695,s2_n103_99,s4_n40_7,s1_below_4282,s4_4_5,s2_2001_2003,s2_760_2075,s5_47_57,Truck (<=6000 lbs.),s3_28_48,Deployed,s2_97_208,s1_below_1,Female,s2_37_80,s3_141_159,s2_164_318,s3_80_160,s2_2_4
9138,s2_885_1695,s2_n103_99,s5_7_up,s1_below_4282,s3_3_4,s3_2003_2005,s2_760_2075,s5_47_57,Passenger Car,s3_28_48,Not Deployed,s2_97_208,s1_below_1,Female,s2_37_80,s3_141_159,s2_164_318,s6_260_up,s2_2_4
9139,s2_885_1695,s2_n103_99,s4_n40_7,s1_below_4282,s1_below_2,s2_2001_2003,s2_760_2075,s6_57_up,Passenger Car,s2_11_28,Not Deployed,s2_97_208,s1_below_1,Female,s2_37_80,s3_141_159,s2_164_318,s3_80_160,s2_2_4
9140,s2_885_1695,s2_n103_99,s5_7_up,s1_below_4282,s3_3_4,s3_2003_2005,s2_760_2075,s5_47_57,Passenger Car,s3_28_48,Not Deployed,s2_97_208,s1_below_1,Female,s3_80_96,s3_141_159,s2_164_318,s6_260_up,s2_2_4
9141,s2_885_1695,s2_n103_99,s4_n40_7,s1_below_4282,s4_4_5,s3_2003_2005,s2_760_2075,s3_17_37,Passenger Car,s2_11_28,Deployed,s2_97_208,s1_below_1,Female,s3_80_96,s3_141_159,s2_164_318,s4_160_220,s2_2_4
9142,s2_885_1695,s2_n103_99,s5_7_up,s1_below_4282,s1_below_2,s3_2003_2005,s3_2075_3730,s5_47_57,Passenger Car,s4_48_64,Not Deployed,s2_97_208,s1_below_1,Female,s2_37_80,s3_141_159,s2_164_318,s6_260_up,s2_2_4
9143,s2_885_1695,s2_n103_99,s4_n40_7,s1_below_4282,s1_below_2,s4_2005_2007,s2_760_2075,s4_37_47,Passenger Car,s2_11_28,Not Deployed,s2_97_208,s1_below_1,Male,s3_80_96,s3_141_159,s2_164_318,s4_160_220,s2_2_4
9144,s2_885_1695,s2_n103_99,s4_n40_7,s1_below_4282,s1_below_2,s4_2005_2007,s2_760_2075,s4_37_47,Passenger Car,s3_28_48,Not Deployed,s2_97_208,s1_below_1,Female,s4_96_114,s3_141_159,s2_164_318,s3_80_160,s2_2_4
9145,s3_1695_2555,s2_n103_99,s3_n81_n40,s1_below_4282,s2_2_3,s2_2001_2003,s2_760_2075,s6_57_up,Truck (<=10000 lbs.),s3_28_48,Deployed,s2_97_208,s2_1_2,Female,s2_37_80,s4_159_169,s2_164_318,s3_80_160,s3_4_5
9146,s2_885_1695,s2_n103_99,s4_n40_7,s1_below_4282,s3_3_4,s4_2005_2007,s2_760_2075,s4_37_47,Passenger Car,s3_28_48,Deployed,s2_97_208,s1_below_1,Male,s3_80_96,s3_141_159,s2_164_318,s3_80_160,s2_2_4
9147,s3_1695_2555,s2_n103_99,s4_n40_7,s1_below_4282,s1_below_2,s4_2005_2007,s2_760_2075,s4_37_47,Truck (<=6000 lbs.),s2_11_28,Not Deployed,s2_97_208,s1_below_1,Male,s3_80_96,s4_159_169,s2_164_318,s2_40_80,s3_4_5
9148,s2_885_1695,s2_n103_99,s4_n40_7,s1_below_4282,s3_3_4,s3_2003_2005,s2_760_2075,s4_37_47,Passenger Car,s5_64_76,Not Deployed,s2_97_208,s1_below_1,Female,s3_80_96,s3_141_159,s2_164_318,s3_80_160,s2_2_4
9149,s2_885_1695,s2_n103_99,s4_n40_7,s1_below_4282,s1_below_2,s4_2005_2007,s2_760_2075,s3_17_37,Passenger Car,s2_11_28,Deployed,s2_97_208,s1_below_1,Male,s2_37_80,s3_141_159,s2_164_318,s3_80_160,s2_2_4
9150,s2_885_1695,s2_n103_99,s4_n40_7,s1_below_4282,s1_below_2,s2_2001_2003,s2_760_2075,s3_17_37,Passenger Car,s6_76_up,Deployed,s2_97_208,s1_below_1,Female,s2_37_80,s3_141_159,s2_164_318,s3_80_160,s2_2_4
9151,s3_1695_2555,s2_n103_99,s4_n40_7,s1_below_4282,s2_2_3,s2_2001_2003,s3_2075_3730,s6_57_up,Truck (<=10000 lbs.),s3_28_48,Deployed,s2_97_208,s1_below_1,Male,s2_37_80,s4_159_169,s3_318_464,s4_160_220,s4_5_6
9152,s2_885_1695,s2_n103_99,s4_n40_7,s1_below_4282,s1_below_2,s1_below_2001,s3_2075_3730,s6_57_up,Truck (<=6000 lbs.),s2_11_28,Deployed,s2_97_208,s1_below_1,Male,s2_37_80,s2_116_141,s2_164_318,s3_80_160,s2_2_4
9153,s3_1695_2555,s2_n103_99,s5_7_up,s1_below_4282,s1_below_2,s3_2003_2005,s2_760_2075,s6_57_up,Truck (<=10000 lbs.),s3_28_48,Not Deployed,s2_97_208,s1_below_1,Male,s6_130_up,s4_159_169,s2_164_318,s6_260_up,s3_4_5
9154,s3_1695_2555,s2_n103_99,s4_n40_7,s1_below_4282,s5_5_6,s3_2003_2005,s2_760_2075,s4_37_47,Truck (<=6000 lbs.),s3_28_48,Not Deployed,s2_97_208,s1_below_1,Female,s2_37_80,s4_159_169,s2_164_318,s3_80_160,s2_2_4
9155,s2_885_1695,s2_n103_99,s5_7_up,s1_below_4282,s5_5_6,s1_below_2001,s2_760_2075,s4_37_47,Passenger Car,s3_28_48,Not Deployed,s2_97_208,s1_below_1,Female,s2_37_80,s3_141_159,s2_164_318,s6_260_up,s2_2_4
9156,s2_885_1695,s2_n103_99,s4_n40_7,s1_below_4282,s2_2_3,s2_2001_2003,s2_760_2075,s4_37_47,Passenger Car,s2_11_28,Deployed,s2_97_208,s1_below_1,Male,s2_37_80,s3_141_159,s2_164_318,s3_80_160,s2_2_4
9157,s2_885_1695,s2_n103_99,s5_7_up,s1_below_4282,s2_2_3,s3_2003_2005,s2_760_2075,s4_37_47,Passenger Car,s2_11_28,Not Deployed,s2_97_208,s1_below_1,Female,s2_37_80,s3_141_159,s2_164_318,s6_260_up,s2_2_4
9158,s2_885_1695,s2_n103_99,s4_n40_7,s1_below_4282,s3_3_4,s4_2005_2007,s2_760_2075,s6_57_up,Passenger Car,s2_11_28,Deployed,s2_97_208,s1_below_1,Female,s2_37_80,s3_141_159,s2_164_318,s3_80_160,s2_2_4
9159,s3_1695_2555,s2_n103_99,s4_n40_7,s1_below_4282,s3_3_4,s1_below_2001,s2_760_2075,s5_47_57,Truck (<=10000 lbs.),s4_48_64,Not Deployed,s2_97_208,s1_below_1,Male,s3_80_96,s3_141_159,s3_318_464,s3_80_160,s3_4_5
9160,s2_885_1695,s2_n103_99,s4_n40_7,s1_below_4282,s1_below_2,s4_2005_2007,s2_760_2075,s3_17_37,Passenger Car,s2_11_28,Deployed,s2_97_208,s1_below_1,Male,s3_80_96,s3_141_159,s2_164_318,s3_80_160,s2_2_4
9161,s2_885_1695,s2_n103_99,s4_n40_7,s1_below_4282,s2_2_3,s1_below_2001,s2_760_2075,s5_47_57,Passenger Car,s4_48_64,Deployed,s2_97_208,s1_below_1,Female,s2_37_80,s3_141_159,s2_164_318,s4_160_220,s2_2_4
9162,s2_885_1695,s2_n103_99,s4_n40_7,s1_below_4282,s3_3_4,s3_2003_2005,s2_760_2075,s5_47_57,Passenger Car,s3_28_48,Deployed,s2_97_208,s1_below_1,Female,s2_37_80,s3_141_159,s2_164_318,s3_80_160,s2_2_4
9163,s2_885_1695,s2_n103_99,s4_n40_7,s1_below_4282,s4_4_5,s2_2001_2003,s2_760_2075,s5_47_57,Passenger Car,s5_64_76,Not Deployed,s2_97_208,s1_below_1,Female,s2_37_80,s3_141_159,s2_164_318,s4_160_220,s2_2_4
9164,s3_1695_2555,s2_n103_99,s4_n40_7,s1_below_4282,s4_4_5,s1_below_2001,s2_760_2075,s3_17_37,Truck (<=10000 lbs.),s2_11_28,Deployed,s2_97_208,s1_below_1,Male,s2_37_80,s4_159_169,s3_318_464,s4_160_220,s4_5_6
9165,s2_885_1695,s2_n103_99,s4_n40_7,s1_below_4282,s2_2_3,s2_2001_2003,s2_760_2075,s5_47_57,Passenger Car,s2_11_28,Deployed,s2_97_208,s1_below_1,Female,s3_80_96,s3_141_159,s2_164_318,s3_80_160,s2_2_4
9166,s2_885_1695,s2_n103_99,s4_n40_7,s1_below_4282,s2_2_3,s4_2005_2007,s2_760_2075,s5_47_57,Passenger Car,s4_48_64,Not Deployed,s2_97_208,s1_below_1,Male,s3_80_96,s3_141_159,s2_164_318,s3_80_160,s2_2_4
9167,s2_885_1695,s2_n103_99,s4_n40_7,s1_below_4282,s1_below_2,s4_2005_2007,s2_760_2075,s5_47_57,Passenger Car,s2_11_28,Deployed,s2_97_208,s2_1_2,Male,s2_37_80,s3_141_159,s2_164_318,s3_80_160,s2_2_4
9168,s2_885_1695,s2_n103_99,s4_n40_7,s1_below_4282,s3_3_4,s4_2005_2007,s2_760_2075,s4_37_47,Passenger Car,s4_48_64,Not Deployed,s2_97_208,s1_below_1,Female,s3_80_96,s3_141_159,s2_164_318,s3_80_160,s2_2_4
9169,s2_885_1695,s2_n103_99,s4_n40_7,s1_below_4282,s1_below_2,s4_2005_2007,s2_760_2075,s3_17_37,Passenger Car,s3_28_48,Not Deployed,s2_97_208,s1_below_1,Female,s2_37_80,s3_141_159,s2_164_318,s2_40_80,s2_2_4
9170,s2_885_1695,s2_n103_99,s4_n40_7,s1_below_4282,s2_2_3,s3_2003_2005,s3_2075_3730,s5_47_57,Passenger Car,s3_28_48,Deployed,s2_97_208,s2_1_2,Male,s4_96_114,s3_141_159,s2_164_318,s3_80_160,s2_2_4
9171,s3_1695_2555,s2_n103_99,s5_7_up,s1_below_4282,s2_2_3,s2_2001_2003,s2_760_2075,s5_47_57,Truck (<=10000 lbs.),s2_11_28,Not Deployed,s2_97_208,s1_below_1,Female,s2_37_80,s4_159_169,s2_164_318,s6_260_up,s3_4_5
9172,s2_885_1695,s2_n103_99,s4_n40_7,s1_below_4282,s2_2_3,s1_below_2001,s2_760_2075,s4_37_47,Truck (<=6000 lbs.),s2_11_28,Deployed,s2_97_208,s1_below_1,Male,s4_96_114,s3_141_159,s3_318_464,s4_160_220,s2_2_4
9173,s3_1695_2555,s2_n103_99,s4_n40_7,s1_below_4282,s2_2_3,s3_2003_2005,s2_760_2075,s4_37_47,Truck (<=10000 lbs.),s2_11_28,Deployed,s2_97_208,s2_1_2,Male,s2_37_80,s4_159_169,s2_164_318,s3_80_160,s3_4_5
9174,s2_885_1695,s2_n103_99,s4_n40_7,s1_below_4282,s1_below_2,s1_below_2001,s3_2075_3730,s5_47_57,Truck (<=6000 lbs.),s2_11_28,Not Deployed,s2_97_208,s3_2_3,Male,s2_37_80,s2_116_141,s2_164_318,s3_80_160,s2_2_4
9175,s2_885_1695,s2_n103_99,s4_n40_7,s1_below_4282,s4_4_5,s3_2003_2005,s2_760_2075,s5_47_57,Passenger Car,s3_28_48,Deployed,s2_97_208,s2_1_2,Female,s2_37_80,s3_141_159,s2_164_318,s3_80_160,s2_2_4
9176,s3_1695_2555,s2_n103_99,s4_n40_7,s1_below_4282,s4_4_5,s2_2001_2003,s2_760_2075,s5_47_57,Truck (<=6000 lbs.),s2_11_28,Deployed,s2_97_208,s1_below_1,Male,s4_96_114,s3_141_159,s2_164_318,s3_80_160,s2_2_4
9177,s2_885_1695,s2_n103_99,s4_n40_7,s1_below_4282,s1_below_2,s2_2001_2003,s2_760_2075,s4_37_47,Passenger Car,s3_28_48,Not Deployed,s2_97_208,s3_2_3,Female,s2_37_80,s3_141_159,s2_164_318,s3_80_160,s2_2_4
9178,s3_1695_2555,s2_n103_99,s4_n40_7,s1_below_4282,s3_3_4,s4_2005_2007,s2_760_2075,s4_37_47,Truck (<=6000 lbs.),s3_28_48,Not Deployed,s2_97_208,s1_below_1,Female,s4_96_114,s3_141_159,s2_164_318,s3_80_160,s2_2_4
9179,s2_885_1695,s2_n103_99,s4_n40_7,s1_below_4282,s1_below_2,s4_2005_2007,s2_760_2075,s6_57_up,Passenger Car,s5_64_76,Deployed,s2_97_208,s2_1_2,Male,s3_80_96,s3_141_159,s2_164_318,s3_80_160,s2_2_4
9180,s2_885_1695,s2_n103_99,s4_n40_7,s1_below_4282,s3_3_4,s1_below_2001,s3_2075_3730,s5_47_57,Passenger Car,s4_48_64,Not Deployed,s2_97_208,s1_below_1,Female,s4_96_114,s3_141_159,s2_164_318,s3_80_160,s2_2_4
9181,s2_885_1695,s2_n103_99,s4_n40_7,s1_below_4282,s2_2_3,s3_2003_2005,s2_760_2075,s4_37_47,Passenger Car,s2_11_28,Not Deployed,s2_97_208,s1_below_1,Female,s2_37_80,s3_141_159,s2_164_318,s3_80_160,s2_2_4
9182,s4_2555_3715,s2_n103_99,s4_n40_7,s1_below_4282,s1_below_2,s4_2005_2007,s2_760_2075,s5_47_57,Truck (<=10000 lbs.),s2_11_28,Deployed,s2_97_208,s1_below_1,Male,s2_37_80,s5_169_179,s3_318_464,s3_80_160,s4_5_6
9183,s2_885_1695,s2_n103_99,s4_n40_7,s1_below_4282,s3_3_4,s4_2005_2007,s2_760_2075,s5_47_57,Passenger Car,s3_28_48,Deployed,s2_97_208,s2_1_2,Female,s2_37_80,s3_141_159,s2_164_318,s3_80_160,s2_2_4
9184,s3_1695_2555,s2_n103_99,s4_n40_7,s1_below_4282,s2_2_3,s3_2003_2005,s2_760_2075,s5_47_57,Passenger Car,s5_64_76,Deployed,s2_97_208,s1_below_1,Female,s2_37_80,s4_159_169,s2_164_318,s3_80_160,s2_2_4
9185,s3_1695_2555,s2_n103_99,s4_n40_7,s1_below_4282,s2_2_3,s1_below_2001,s2_760_2075,s5_47_57,Truck (<=6000 lbs.),s3_28_48,Deployed,s2_97_208,s1_below_1,Female,s2_37_80,s3_141_159,s2_164_318,s4_160_220,s2_2_4
9186,s3_1695_2555,s2_n103_99,s4_n40_7,s1_below_4282,s3_3_4,s1_below_2001,s2_760_2075,s4_37_47,Truck (<=6000 lbs.),s2_11_28,Deployed,s2_97_208,s1_below_1,Male,s3_80_96,s4_159_169,s3_318_464,s3_80_160,s4_5_6
9187,s2_885_1695,s2_n103_99,s4_n40_7,s1_below_4282,s2_2_3,s1_below_2001,s2_760_2075,s3_17_37,Truck (<=6000 lbs.),s3_28_48,Not Deployed,s2_97_208,s1_below_1,Male,s2_37_80,s2_116_141,s2_164_318,s2_40_80,s2_2_4
9188,s3_1695_2555,s2_n103_99,s4_n40_7,s1_below_4282,s1_below_2,s2_2001_2003,s2_760_2075,s3_17_37,Truck (<=10000 lbs.),s2_11_28,Not Deployed,s2_97_208,s1_below_1,Male,s4_96_114,s5_169_179,s3_318_464,s3_80_160,s4_5_6
9189,s2_885_1695,s2_n103_99,s4_n40_7,s1_below_4282,s2_2_3,s4_2005_2007,s2_760_2075,s6_57_up,Passenger Car,s3_28_48,Not Deployed,s2_97_208,s1_below_1,Female,s2_37_80,s3_141_159,s2_164_318,s3_80_160,s2_2_4
9190,s3_1695_2555,s2_n103_99,s5_7_up,s1_below_4282,s2_2_3,s3_2003_2005,s2_760_2075,s6_57_up,Passenger Car,s4_48_64,Not Deployed,s2_97_208,s1_below_1,Male,s3_80_96,s3_141_159,s2_164_318,s6_260_up,s2_2_4
9191,s2_885_1695,s2_n103_99,s4_n40_7,s1_below_4282,s1_below_2,s2_2001_2003,s2_760_2075,s3_17_37,Passenger Car,s2_11_28,Deployed,s2_97_208,s3_2_3,Female,s2_37_80,s3_141_159,s2_164_318,s3_80_160,s2_2_4
9192,s2_885_1695,s2_n103_99,s4_n40_7,s1_below_4282,s1_below_2,s3_2003_2005,s2_760_2075,s3_17_37,Passenger Car,s4_48_64,Deployed,s2_97_208,s1_below_1,Female,s2_37_80,s3_141_159,s2_164_318,s3_80_160,s2_2_4
9193,s2_885_1695,s2_n103_99,s4_n40_7,s1_below_4282,s2_2_3,s3_2003_2005,s2_760_2075,s5_47_57,Truck (<=6000 lbs.),s3_28_48,Deployed,s2_97_208,s1_below_1,Female,s3_80_96,s3_141_159,s2_164_318,s3_80_160,s2_2_4
9194,s3_1695_2555,s2_n103_99,s4_n40_7,s1_below_4282,s3_3_4,s2_2001_2003,s2_760_2075,s5_47_57,Truck (<=10000 lbs.),s3_28_48,Not Deployed,s2_97_208,s1_below_1,Male,s3_80_96,s4_159_169,s3_318_464,s3_80_160,s4_5_6
9195,s2_885_1695,s2_n103_99,s4_n40_7,s1_below_4282,s2_2_3,s4_2005_2007,s2_760_2075,s4_37_47,Passenger Car,s2_11_28,Deployed,s2_97_208,s1_below_1,Female,s6_130_up,s3_141_159,s2_164_318,s3_80_160,s2_2_4
9196,s2_885_1695,s2_n103_99,s4_n40_7,s1_below_4282,s3_3_4,s3_2003_2005,s2_760_2075,s4_37_47,Passenger Car,s4_48_64,Not Deployed,s2_97_208,s1_below_1,Female,s3_80_96,s3_141_159,s2_164_318,s4_160_220,s2_2_4
9197,s2_885_1695,s2_n103_99,s4_n40_7,s1_below_4282,s3_3_4,s3_2003_2005,s2_760_2075,s4_37_47,Passenger Car,s2_11_28,Deployed,s2_97_208,s1_below_1,Male,s5_114_130,s3_141_159,s2_164_318,s3_80_160,s2_2_4
9198,s2_885_1695,s2_n103_99,s5_7_up,s1_below_4282,s2_2_3,s3_2003_2005,s2_760_2075,s5_47_57,Passenger Car,s4_48_64,Not Deployed,s2_97_208,s1_below_1,Female,s4_96_114,s3_141_159,s2_164_318,s6_260_up,s2_2_4
9199,s3_1695_2555,s2_n103_99,s3_n81_n40,s1_below_4282,s1_below_2,s1_below_2001,s2_760_2075,s4_37_47,Truck (<=6000 lbs.),s3_28_48,Deployed,s2_97_208,s3_2_3,Female,s2_37_80,s3_141_159,s2_164_318,s3_80_160,s2_2_4
9200,s2_885_1695,s2_n103_99,s3_n81_n40,s1_below_4282,s1_below_2,s2_2001_2003,s2_760_2075,s4_37_47,Passenger Car,s3_28_48,Deployed,s2_97_208,s1_below_1,Male,s3_80_96,s3_141_159,s2_164_318,s3_80_160,s2_2_4
9201,s2_885_1695,s2_n103_99,s4_n40_7,s1_below_4282,s1_below_2,s2_2001_2003,s3_2075_3730,s4_37_47,Passenger Car,s2_11_28,Deployed,s2_97_208,s1_below_1,Female,s2_37_80,s3_141_159,s2_164_318,s3_80_160,s2_2_4
9202,s3_1695_2555,s2_n103_99,s4_n40_7,s1_below_4282,s1_below_2,s4_2005_2007,s2_760_2075,s3_17_37,Truck (<=10000 lbs.),s3_28_48,Not Deployed,s2_97_208,s1_below_1,Male,s3_80_96,s4_159_169,s3_318_464,s3_80_160,s4_5_6
9203,s2_885_1695,s2_n103_99,s4_n40_7,s1_below_4282,s2_2_3,s1_below_2001,s2_760_2075,s4_37_47,Passenger Car,s4_48_64,Not Deployed,s2_97_208,s1_below_1,Female,s2_37_80,s3_141_159,s2_164_318,s2_40_80,s2_2_4
9204,s2_885_1695,s2_n103_99,s4_n40_7,s1_below_4282,s1_below_2,s3_2003_2005,s2_760_2075,s4_37_47,Passenger Car,s4_48_64,Not Deployed,s2_97_208,s1_below_1,Female,s3_80_96,s3_141_159,s2_164_318,s2_40_80,s2_2_4
9205,s2_885_1695,s2_n103_99,s4_n40_7,s1_below_4282,s2_2_3,s1_below_2001,s2_760_2075,s3_17_37,Passenger Car,s5_64_76,Not Deployed,s2_97_208,s1_below_1,Female,s2_37_80,s3_141_159,s2_164_318,s3_80_160,s2_2_4
9206,s2_885_1695,s2_n103_99,s3_n81_n40,s1_below_4282,s1_below_2,s2_2001_2003,s2_760_2075,s5_47_57,Truck (<=6000 lbs.),s5_64_76,Deployed,s2_97_208,s4_3_4,Male,s2_37_80,s3_141_159,s2_164_318,s3_80_160,s2_2_4
9207,s2_885_1695,s2_n103_99,s4_n40_7,s1_below_4282,s1_below_2,s2_2001_2003,s2_760_2075,s5_47_57,Passenger Car,s3_28_48,Not Deployed,s2_97_208,s1_below_1,Male,s5_114_130,s3_141_159,s2_164_318,s3_80_160,s2_2_4
9208,s2_885_1695,s2_n103_99,s5_7_up,s1_below_4282,s1_below_2,s3_2003_2005,s2_760_2075,s5_47_57,Passenger Car,s5_64_76,Deployed,s2_97_208,s1_below_1,Female,s2_37_80,s3_141_159,s2_164_318,s6_260_up,s2_2_4
9209,s2_885_1695,s2_n103_99,s4_n40_7,s1_below_4282,s2_2_3,s4_2005_2007,s2_760_2075,s5_47_57,Passenger Car,s3_28_48,Deployed,s2_97_208,s1_below_1,Female,s3_80_96,s3_141_159,s2_164_318,s3_80_160,s2_2_4
9210,s2_885_1695,s2_n103_99,s3_n81_n40,s1_below_4282,s1_below_2,s2_2001_2003,s2_760_2075,s5_47_57,Truck (<=6000 lbs.),s4_48_64,Deployed,s2_97_208,s1_below_1,Male,s3_80_96,s3_141_159,s3_318_464,s3_80_160,s2_2_4
9211,s3_1695_2555,s2_n103_99,s4_n40_7,s1_below_4282,s2_2_3,s4_2005_2007,s2_760_2075,s3_17_37,Truck (<=6000 lbs.),s5_64_76,Not Deployed,s2_97_208,s2_1_2,Female,s3_80_96,s4_159_169,s2_164_318,s4_160_220,s3_4_5
9212,s2_885_1695,s2_n103_99,s4_n40_7,s1_below_4282,s1_below_2,s2_2001_2003,s2_760_2075,s3_17_37,Truck (<=6000 lbs.),s2_11_28,Deployed,s2_97_208,s1_below_1,Male,s2_37_80,s3_141_159,s2_164_318,s3_80_160,s2_2_4
9213,s2_885_1695,s2_n103_99,s4_n40_7,s1_below_4282,s2_2_3,s2_2001_2003,s2_760_2075,s4_37_47,Passenger Car,s5_64_76,Deployed,s2_97_208,s1_below_1,Female,s2_37_80,s3_141_159,s2_164_318,s4_160_220,s2_2_4
9214,s2_885_1695,s2_n103_99,s4_n40_7,s1_below_4282,s2_2_3,s3_2003_2005,s2_760_2075,s5_47_57,Truck (<=6000 lbs.),s2_11_28,Not Deployed,s2_97_208,s2_1_2,Female,s2_37_80,s3_141_159,s2_164_318,s3_80_160,s2_2_4
9215,s3_1695_2555,s2_n103_99,s4_n40_7,s1_below_4282,s3_3_4,s1_below_2001,s2_760_2075,s5_47_57,Passenger Car,s6_76_up,Not Deployed,s2_97_208,s1_below_1,Female,s2_37_80,s4_159_169,s2_164_318,s3_80_160,s3_4_5
9216,s2_885_1695,s2_n103_99,s4_n40_7,s1_below_4282,s1_below_2,s2_2001_2003,s2_760_2075,s4_37_47,Passenger Car,s2_11_28,Not Deployed,s2_97_208,s1_below_1,Female,s2_37_80,s3_141_159,s2_164_318,s3_80_160,s2_2_4
9217,s2_885_1695,s2_n103_99,s4_n40_7,s1_below_4282,s3_3_4,s3_2003_2005,s2_760_2075,s4_37_47,Passenger Car,s4_48_64,Not Deployed,s2_97_208,s1_below_1,Female,s2_37_80,s3_141_159,s2_164_318,s3_80_160,s2_2_4
9218,s3_1695_2555,s2_n103_99,s4_n40_7,s1_below_4282,s1_below_2,s4_2005_2007,s2_760_2075,s3_17_37,Truck (<=6000 lbs.),s2_11_28,Not Deployed,s2_97_208,s1_below_1,Female,s2_37_80,s4_159_169,s2_164_318,s3_80_160,s3_4_5
9219,s3_1695_2555,s2_n103_99,s4_n40_7,s1_below_4282,s3_3_4,s3_2003_2005,s2_760_2075,s5_47_57,Truck (<=10000 lbs.),s6_76_up,Not Deployed,s2_97_208,s1_below_1,Male,s3_80_96,s4_159_169,s2_164_318,s4_160_220,s3_4_5
9220,s3_1695_2555,s2_n103_99,s4_n40_7,s1_below_4282,s1_below_2,s2_2001_2003,s2_760_2075,s4_37_47,Truck (<=10000 lbs.),s3_28_48,Not Deployed,s2_97_208,s1_below_1,Male,s3_80_96,s5_169_179,s3_318_464,s3_80_160,s4_5_6
9221,s2_885_1695,s2_n103_99,s5_7_up,s1_below_4282,s1_below_2,s3_2003_2005,s2_760_2075,s6_57_up,Passenger Car,s2_11_28,Not Deployed,s2_97_208,s2_1_2,Male,s2_37_80,s3_141_159,s2_164_318,s6_260_up,s2_2_4
9222,s3_1695_2555,s2_n103_99,s3_n81_n40,s1_below_4282,s2_2_3,s1_below_2001,s3_2075_3730,s4_37_47,Passenger Car,s4_48_64,Deployed,s2_97_208,s1_below_1,Female,s2_37_80,s3_141_159,s2_164_318,s3_80_160,s2_2_4
9223,s2_885_1695,s2_n103_99,s4_n40_7,s1_below_4282,s1_below_2,s4_2005_2007,s2_760_2075,s4_37_47,Passenger Car,s2_11_28,Not Deployed,s2_97_208,s3_2_3,Female,s2_37_80,s3_141_159,s2_164_318,s3_80_160,s2_2_4
9224,s3_1695_2555,s2_n103_99,s4_n40_7,s1_below_4282,s3_3_4,s2_2001_2003,s2_760_2075,s4_37_47,Truck (<=10000 lbs.),s2_11_28,Deployed,s2_97_208,s1_below_1,Male,s2_37_80,s4_159_169,s3_318_464,s3_80_160,s4_5_6
9225,s3_1695_2555,s2_n103_99,s4_n40_7,s1_below_4282,s2_2_3,s1_below_2001,s2_760_2075,s4_37_47,Truck (<=10000 lbs.),s2_11_28,Not Deployed,s2_97_208,s1_below_1,Female,s2_37_80,s4_159_169,s3_318_464,s4_160_220,s4_5_6
9226,s2_885_1695,s2_n103_99,s4_n40_7,s1_below_4282,s2_2_3,s4_2005_2007,s2_760_2075,s3_17_37,Passenger Car,s2_11_28,Deployed,s2_97_208,s2_1_2,Female,s2_37_80,s3_141_159,s2_164_318,s3_80_160,s2_2_4
9227,s3_1695_2555,s2_n103_99,s4_n40_7,s1_below_4282,s2_2_3,s2_2001_2003,s2_760_2075,s4_37_47,Truck (<=6000 lbs.),s3_28_48,Deployed,s2_97_208,s4_3_4,Female,s2_37_80,s3_141_159,s2_164_318,s2_40_80,s2_2_4
9228,s3_1695_2555,s2_n103_99,s4_n40_7,s1_below_4282,s3_3_4,s1_below_2001,s2_760_2075,s4_37_47,Truck (<=10000 lbs.),s3_28_48,Not Deployed,s2_97_208,s1_below_1,Male,s3_80_96,s4_159_169,s2_164_318,s3_80_160,s3_4_5
9229,s3_1695_2555,s2_n103_99,s4_n40_7,s1_below_4282,s2_2_3,s2_2001_2003,s2_760_2075,s5_47_57,Truck (<=6000 lbs.),s6_76_up,Not Deployed,s2_97_208,s1_below_1,Female,s2_37_80,s4_159_169,s2_164_318,s4_160_220,s2_2_4
9230,s2_885_1695,s2_n103_99,s5_7_up,s1_below_4282,s2_2_3,s4_2005_2007,s2_760_2075,s6_57_up,Passenger Car,s2_11_28,Not Deployed,s2_97_208,s1_below_1,Male,s3_80_96,s3_141_159,s2_164_318,s5_220_260,s2_2_4
9231,s3_1695_2555,s2_n103_99,s4_n40_7,s1_below_4282,s3_3_4,s1_below_2001,s2_760_2075,s5_47_57,Truck (<=6000 lbs.),s2_11_28,Deployed,s2_97_208,s1_below_1,Female,s2_37_80,s3_141_159,s2_164_318,s3_80_160,s2_2_4
9232,s2_885_1695,s2_n103_99,s4_n40_7,s1_below_4282,s2_2_3,s1_below_2001,s2_760_2075,s4_37_47,Passenger Car,s4_48_64,Not Deployed,s2_97_208,s2_1_2,Male,s4_96_114,s3_141_159,s2_164_318,s3_80_160,s2_2_4
9233,s2_885_1695,s2_n103_99,s4_n40_7,s1_below_4282,s2_2_3,s1_below_2001,s2_760_2075,s3_17_37,Passenger Car,s2_11_28,Not Deployed,s2_97_208,s1_below_1,Male,s5_114_130,s3_141_159,s2_164_318,s4_160_220,s2_2_4
9234,s2_885_1695,s2_n103_99,s4_n40_7,s1_below_4282,s3_3_4,s3_2003_2005,s2_760_2075,s5_47_57,Passenger Car,s6_76_up,Deployed,s2_97_208,s5_4_5,Female,s2_37_80,s3_141_159,s2_164_318,s4_160_220,s2_2_4
9235,s2_885_1695,s2_n103_99,s4_n40_7,s1_below_4282,s3_3_4,s2_2001_2003,s2_760_2075,s5_47_57,Passenger Car,s2_11_28,Deployed,s2_97_208,s2_1_2,Female,s2_37_80,s3_141_159,s2_164_318,s3_80_160,s2_2_4
9236,s3_1695_2555,s2_n103_99,s4_n40_7,s2_4282_6970,s1_below_2,s2_2001_2003,s3_2075_3730,s4_37_47,Truck (<=10000 lbs.),s3_28_48,Not Deployed,s2_97_208,s2_1_2,Female,s2_37_80,s4_159_169,s3_318_464,s3_80_160,s4_5_6
9237,s3_1695_2555,s2_n103_99,s4_n40_7,s1_below_4282,s1_below_2,s4_2005_2007,s2_760_2075,s4_37_47,Truck (<=10000 lbs.),s4_48_64,Deployed,s2_97_208,s4_3_4,Male,s2_37_80,s5_169_179,s3_318_464,s4_160_220,s4_5_6
9238,s3_1695_2555,s2_n103_99,s4_n40_7,s1_below_4282,s1_below_2,s2_2001_2003,s3_2075_3730,s4_37_47,Truck (<=10000 lbs.),s3_28_48,Deployed,s2_97_208,s2_1_2,Male,s2_37_80,s5_169_179,s3_318_464,s3_80_160,s4_5_6
9239,s2_885_1695,s2_n103_99,s4_n40_7,s1_below_4282,s3_3_4,s4_2005_2007,s2_760_2075,s5_47_57,Passenger Car,s4_48_64,Deployed,s2_97_208,s2_1_2,Female,s2_37_80,s3_141_159,s2_164_318,s3_80_160,s2_2_4
9240,s2_885_1695,s2_n103_99,s4_n40_7,s1_below_4282,s3_3_4,s2_2001_2003,s2_760_2075,s5_47_57,Passenger Car,s5_64_76,Deployed,s2_97_208,s1_below_1,Female,s2_37_80,s3_141_159,s2_164_318,s3_80_160,s2_2_4
9241,s3_1695_2555,s2_n103_99,s4_n40_7,s1_below_4282,s2_2_3,s1_below_2001,s2_760_2075,s3_17_37,Truck (<=6000 lbs.),s2_11_28,Deployed,s2_97_208,s1_below_1,Female,s2_37_80,s3_141_159,s2_164_318,s2_40_80,s2_2_4
9242,s2_885_1695,s2_n103_99,s4_n40_7,s1_below_4282,s2_2_3,s2_2001_2003,s3_2075_3730,s5_47_57,Passenger Car,s2_11_28,Deployed,s2_97_208,s1_below_1,Female,s2_37_80,s3_141_159,s2_164_318,s3_80_160,s2_2_4
9243,s2_885_1695,s2_n103_99,s4_n40_7,s1_below_4282,s3_3_4,s2_2001_2003,s2_760_2075,s4_37_47,Passenger Car,s2_11_28,Deployed,s2_97_208,s2_1_2,Male,s6_130_up,s3_141_159,s2_164_318,s3_80_160,s2_2_4
9244,s2_885_1695,s2_n103_99,s5_7_up,s1_below_4282,s1_below_2,s2_2001_2003,s2_760_2075,s5_47_57,Passenger Car,s3_28_48,Not Deployed,s2_97_208,s1_below_1,Male,s3_80_96,s3_141_159,s2_164_318,s6_260_up,s2_2_4
9245,s2_885_1695,s2_n103_99,s5_7_up,s1_below_4282,s2_2_3,s3_2003_2005,s2_760_2075,s6_57_up,Passenger Car,s3_28_48,Not Deployed,s2_97_208,s1_below_1,Female,s3_80_96,s3_141_159,s2_164_318,s6_260_up,s2_2_4
9246,s2_885_1695,s2_n103_99,s5_7_up,s1_below_4282,s2_2_3,s3_2003_2005,s2_760_2075,s5_47_57,Passenger Car,s3_28_48,Not Deployed,s2_97_208,s1_below_1,Male,s3_80_96,s3_141_159,s2_164_318,s6_260_up,s2_2_4
9247,s2_885_1695,s2_n103_99,s4_n40_7,s1_below_4282,s1_below_2,s3_2003_2005,s3_2075_3730,s4_37_47,Passenger Car,s2_11_28,Not Deployed,s2_97_208,s1_below_1,Male,s3_80_96,s3_141_159,s2_164_318,s2_40_80,s2_2_4
9248,s2_885_1695,s2_n103_99,s4_n40_7,s1_below_4282,s1_below_2,s3_2003_2005,s2_760_2075,s5_47_57,Passenger Car,s3_28_48,Deployed,s2_97_208,s1_below_1,Male,s3_80_96,s3_141_159,s2_164_318,s3_80_160,s2_2_4
9249,s3_1695_2555,s2_n103_99,s4_n40_7,s1_below_4282,s3_3_4,s3_2003_2005,s2_760_2075,s3_17_37,Truck (<=10000 lbs.),s2_11_28,Deployed,s2_97_208,s1_below_1,Male,s5_114_130,s4_159_169,s3_318_464,s4_160_220,s4_5_6
9250,s2_885_1695,s2_n103_99,s4_n40_7,s1_below_4282,s3_3_4,s1_below_2001,s2_760_2075,s3_17_37,Passenger Car,s2_11_28,Deployed,s2_97_208,s1_below_1,Female,s2_37_80,s3_141_159,s2_164_318,s3_80_160,s2_2_4
9251,s2_885_1695,s2_n103_99,s4_n40_7,s1_below_4282,s2_2_3,s3_2003_2005,s2_760_2075,s6_57_up,Truck (<=6000 lbs.),s4_48_64,Deployed,s2_97_208,s2_1_2,Male,s4_96_114,s3_141_159,s2_164_318,s3_80_160,s2_2_4
9252,s3_1695_2555,s2_n103_99,s4_n40_7,s1_below_4282,s2_2_3,s3_2003_2005,s2_760_2075,s3_17_37,Truck (<=6000 lbs.),s2_11_28,Deployed,s2_97_208,s1_below_1,Male,s3_80_96,s3_141_159,s2_164_318,s3_80_160,s2_2_4
9253,s2_885_1695,s2_n103_99,s5_7_up,s1_below_4282,s2_2_3,s1_below_2001,s2_760_2075,s3_17_37,Passenger Car,s2_11_28,Not Deployed,s2_97_208,s1_below_1,Male,s2_37_80,s3_141_159,s2_164_318,s6_260_up,s2_2_4
9254,s2_885_1695,s2_n103_99,s5_7_up,s1_below_4282,s2_2_3,s1_below_2001,s2_760_2075,s4_37_47,Passenger Car,s2_11_28,Not Deployed,s2_97_208,s1_below_1,Female,s2_37_80,s3_141_159,s2_164_318,s6_260_up,s2_2_4
9255,s2_885_1695,s2_n103_99,s4_n40_7,s1_below_4282,s4_4_5,s1_below_2001,s2_760_2075,s5_47_57,Passenger Car,s3_28_48,Deployed,s2_97_208,s1_below_1,Female,s2_37_80,s3_141_159,s2_164_318,s3_80_160,s2_2_4
9256,s2_885_1695,s2_n103_99,s4_n40_7,s1_below_4282,s2_2_3,s3_2003_2005,s2_760_2075,s5_47_57,Passenger Car,s3_28_48,Deployed,s2_97_208,s1_below_1,Male,s3_80_96,s3_141_159,s2_164_318,s3_80_160,s2_2_4
9257,s3_1695_2555,s2_n103_99,s4_n40_7,s1_below_4282,s3_3_4,s4_2005_2007,s2_760_2075,s4_37_47,Truck (<=10000 lbs.),s2_11_28,Not Deployed,s2_97_208,s1_below_1,Male,s4_96_114,s5_169_179,s3_318_464,s3_80_160,s4_5_6
9258,s3_1695_2555,s2_n103_99,s4_n40_7,s1_below_4282,s1_below_2,s1_below_2001,s2_760_2075,s5_47_57,Truck (<=10000 lbs.),s2_11_28,Not Deployed,s2_97_208,s1_below_1,Female,s2_37_80,s4_159_169,s3_318_464,s3_80_160,s4_5_6
9259,s3_1695_2555,s2_n103_99,s4_n40_7,s1_below_4282,s1_below_2,s4_2005_2007,s2_760_2075,s5_47_57,Truck (<=10000 lbs.),s3_28_48,Not Deployed,s2_97_208,s2_1_2,Male,s3_80_96,s5_169_179,s3_318_464,s4_160_220,s4_5_6
9260,s3_1695_2555,s2_n103_99,s4_n40_7,s1_below_4282,s3_3_4,s1_below_2001,s2_760_2075,s5_47_57,Truck (<=6000 lbs.),s3_28_48,Deployed,s2_97_208,s1_below_1,Female,s3_80_96,s3_141_159,s2_164_318,s3_80_160,s2_2_4
9261,s3_1695_2555,s2_n103_99,s4_n40_7,s1_below_4282,s1_below_2,s3_2003_2005,s2_760_2075,s3_17_37,Truck (<=6000 lbs.),s5_64_76,Not Deployed,s2_97_208,s1_below_1,Female,s2_37_80,s3_141_159,s2_164_318,s5_220_260,s2_2_4
9262,s2_885_1695,s2_n103_99,s4_n40_7,s1_below_4282,s3_3_4,s1_below_2001,s2_760_2075,s4_37_47,Passenger Car,s4_48_64,Deployed,s2_97_208,s1_below_1,Female,s2_37_80,s3_141_159,s2_164_318,s3_80_160,s2_2_4
9263,s2_885_1695,s2_n103_99,s4_n40_7,s1_below_4282,s3_3_4,s1_below_2001,s3_2075_3730,s4_37_47,Passenger Car,s2_11_28,Deployed,s2_97_208,s3_2_3,Female,s2_37_80,s3_141_159,s2_164_318,s4_160_220,s2_2_4
9264,s3_1695_2555,s2_n103_99,s4_n40_7,s1_below_4282,s3_3_4,s2_2001_2003,s2_760_2075,s4_37_47,Truck (<=10000 lbs.),s3_28_48,Deployed,s2_97_208,s1_below_1,Male,s3_80_96,s5_169_179,s3_318_464,s3_80_160,s4_5_6
9265,s2_885_1695,s2_n103_99,s4_n40_7,s1_below_4282,s3_3_4,s3_2003_2005,s3_2075_3730,s3_17_37,Passenger Car,s4_48_64,Deployed,s2_97_208,s4_3_4,Female,s2_37_80,s3_141_159,s2_164_318,s3_80_160,s2_2_4
9266,s3_1695_2555,s2_n103_99,s5_7_up,s1_below_4282,s3_3_4,s2_2001_2003,s2_760_2075,s3_17_37,Truck (<=10000 lbs.),s4_48_64,Not Deployed,s2_97_208,s1_below_1,Male,s3_80_96,s4_159_169,s2_164_318,s6_260_up,s3_4_5
9267,s3_1695_2555,s2_n103_99,s4_n40_7,s1_below_4282,s3_3_4,s3_2003_2005,s3_2075_3730,s4_37_47,Truck (<=10000 lbs.),s3_28_48,Not Deployed,s2_97_208,s1_below_1,Female,s2_37_80,s4_159_169,s2_164_318,s1_below_40,s3_4_5
9268,s2_885_1695,s2_n103_99,s5_7_up,s1_below_4282,s2_2_3,s2_2001_2003,s3_2075_3730,s6_57_up,Passenger Car,s3_28_48,Not Deployed,s2_97_208,s1_below_1,Male,s4_96_114,s3_141_159,s2_164_318,s6_260_up,s2_2_4
9269,s2_885_1695,s2_n103_99,s4_n40_7,s1_below_4282,s5_5_6,s3_2003_2005,s2_760_2075,s6_57_up,Passenger Car,s2_11_28,Deployed,s2_97_208,s3_2_3,Male,s6_130_up,s3_141_159,s2_164_318,s3_80_160,s2_2_4
9270,s2_885_1695,s2_n103_99,s4_n40_7,s1_below_4282,s3_3_4,s4_2005_2007,s2_760_2075,s3_17_37,Truck (<=6000 lbs.),s3_28_48,Deployed,s2_97_208,s1_below_1,Female,s2_37_80,s3_141_159,s2_164_318,s3_80_160,s2_2_4
9271,s2_885_1695,s2_n103_99,s4_n40_7,s1_below_4282,s3_3_4,s3_2003_2005,s2_760_2075,s3_17_37,Passenger Car,s2_11_28,Not Deployed,s2_97_208,s1_below_1,Female,s2_37_80,s3_141_159,s2_164_318,s3_80_160,s2_2_4
9272,s2_885_1695,s2_n103_99,s5_7_up,s1_below_4282,s5_5_6,s2_2001_2003,s2_760_2075,s4_37_47,Passenger Car,s5_64_76,Not Deployed,s2_97_208,s1_below_1,Female,s2_37_80,s3_141_159,s2_164_318,s6_260_up,s2_2_4
9273,s2_885_1695,s2_n103_99,s4_n40_7,s1_below_4282,s3_3_4,s2_2001_2003,s3_2075_3730,s6_57_up,Passenger Car,s2_11_28,Deployed,s2_97_208,s1_below_1,Male,s2_37_80,s3_141_159,s2_164_318,s3_80_160,s2_2_4
9274,s3_1695_2555,s2_n103_99,s5_7_up,s1_below_4282,s3_3_4,s3_2003_2005,s2_760_2075,s6_57_up,Truck (<=10000 lbs.),s4_48_64,Not Deployed,s2_97_208,s1_below_1,Male,s4_96_114,s4_159_169,s2_164_318,s6_260_up,s3_4_5
9275,s3_1695_2555,s2_n103_99,s4_n40_7,s1_below_4282,s3_3_4,s1_below_2001,s2_760_2075,s4_37_47,Truck (<=10000 lbs.),s3_28_48,Deployed,s2_97_208,s2_1_2,Male,s3_80_96,s4_159_169,s2_164_318,s4_160_220,s3_4_5
9276,s2_885_1695,s2_n103_99,s3_n81_n40,s1_below_4282,s2_2_3,s3_2003_2005,s2_760_2075,s5_47_57,Passenger Car,s3_28_48,Deployed,s2_97_208,s1_below_1,Female,s2_37_80,s3_141_159,s2_164_318,s3_80_160,s2_2_4
9277,s3_1695_2555,s2_n103_99,s4_n40_7,s2_4282_6970,s3_3_4,s3_2003_2005,s3_2075_3730,s6_57_up,Truck (<=10000 lbs.),s3_28_48,Deployed,s2_97_208,s5_4_5,Male,s2_37_80,s4_159_169,s3_318_464,s3_80_160,s4_5_6
9278,s2_885_1695,s2_n103_99,s4_n40_7,s1_below_4282,s2_2_3,s4_2005_2007,s2_760_2075,s6_57_up,Passenger Car,s2_11_28,Not Deployed,s2_97_208,s1_below_1,Male,s2_37_80,s3_141_159,s2_164_318,s4_160_220,s2_2_4
9279,s2_885_1695,s2_n103_99,s4_n40_7,s1_below_4282,s2_2_3,s3_2003_2005,s3_2075_3730,s3_17_37,Passenger Car,s2_11_28,Deployed,s2_97_208,s1_below_1,Male,s4_96_114,s3_141_159,s2_164_318,s3_80_160,s2_2_4
9280,s2_885_1695,s2_n103_99,s4_n40_7,s1_below_4282,s3_3_4,s3_2003_2005,s2_760_2075,s3_17_37,Passenger Car,s3_28_48,Deployed,s2_97_208,s3_2_3,Male,s3_80_96,s3_141_159,s2_164_318,s4_160_220,s2_2_4
9281,s3_1695_2555,s2_n103_99,s4_n40_7,s1_below_4282,s2_2_3,s2_2001_2003,s3_2075_3730,s3_17_37,Truck (<=10000 lbs.),s4_48_64,Deployed,s2_97_208,s1_below_1,Male,s3_80_96,s4_159_169,s3_318_464,s3_80_160,s4_5_6
9282,s3_1695_2555,s2_n103_99,s4_n40_7,s1_below_4282,s3_3_4,s1_below_2001,s2_760_2075,s4_37_47,Truck (<=10000 lbs.),s2_11_28,Not Deployed,s2_97_208,s1_below_1,Male,s3_80_96,s4_159_169,s3_318_464,s3_80_160,s4_5_6
9283,s3_1695_2555,s2_n103_99,s3_n81_n40,s1_below_4282,s1_below_2,s3_2003_2005,s3_2075_3730,s3_17_37,Truck (<=6000 lbs.),s6_76_up,Deployed,s2_97_208,s2_1_2,Male,s2_37_80,s3_141_159,s2_164_318,s3_80_160,s2_2_4
9284,s3_1695_2555,s2_n103_99,s4_n40_7,s1_below_4282,s1_below_2,s1_below_2001,s2_760_2075,s3_17_37,Truck (<=6000 lbs.),s4_48_64,Not Deployed,s2_97_208,s1_below_1,Male,s2_37_80,s4_159_169,s2_164_318,s1_below_40,s2_2_4
9285,s2_885_1695,s2_n103_99,s4_n40_7,s1_below_4282,s1_below_2,s2_2001_2003,s2_760_2075,s3_17_37,Passenger Car,s3_28_48,Deployed,s2_97_208,s1_below_1,Female,s2_37_80,s3_141_159,s2_164_318,s3_80_160,s2_2_4
9286,s2_885_1695,s2_n103_99,s4_n40_7,s1_below_4282,s4_4_5,s3_2003_2005,s2_760_2075,s6_57_up,Passenger Car,s2_11_28,Not Deployed,s2_97_208,s1_below_1,Male,s2_37_80,s3_141_159,s2_164_318,s4_160_220,s2_2_4
9287,s3_1695_2555,s2_n103_99,s4_n40_7,s1_below_4282,s1_below_2,s1_below_2001,s2_760_2075,s3_17_37,Truck (<=6000 lbs.),s3_28_48,Deployed,s2_97_208,s1_below_1,Male,s2_37_80,s4_159_169,s2_164_318,s3_80_160,s2_2_4
9288,s2_885_1695,s2_n103_99,s4_n40_7,s1_below_4282,s3_3_4,s3_2003_2005,s2_760_2075,s4_37_47,Passenger Car,s3_28_48,Deployed,s2_97_208,s2_1_2,Male,s3_80_96,s3_141_159,s2_164_318,s3_80_160,s2_2_4
9289,s2_885_1695,s2_n103_99,s4_n40_7,s1_below_4282,s2_2_3,s3_2003_2005,s3_2075_3730,s5_47_57,Passenger Car,s5_64_76,Not Deployed,s2_97_208,s1_below_1,Male,s2_37_80,s3_141_159,s2_164_318,s2_40_80,s2_2_4
9290,s3_1695_2555,s2_n103_99,s4_n40_7,s1_below_4282,s4_4_5,s3_2003_2005,s2_760_2075,s3_17_37,Passenger Car,s6_76_up,Deployed,s2_97_208,s1_below_1,Male,s3_80_96,s3_141_159,s2_164_318,s3_80_160,s2_2_4
9291,s2_885_1695,s2_n103_99,s4_n40_7,s1_below_4282,s2_2_3,s3_2003_2005,s2_760_2075,s4_37_47,Passenger Car,s3_28_48,Not Deployed,s2_97_208,s1_below_1,Male,s4_96_114,s3_141_159,s2_164_318,s3_80_160,s2_2_4
9292,s4_2555_3715,s2_n103_99,s4_n40_7,s1_below_4282,s3_3_4,s2_2001_2003,s2_760_2075,s4_37_47,Truck (<=10000 lbs.),s4_48_64,Not Deployed,s2_97_208,s1_below_1,Male,s4_96_114,s5_169_179,s3_318_464,s3_80_160,s5_6_7
9293,s2_885_1695,s2_n103_99,s4_n40_7,s1_below_4282,s3_3_4,s4_2005_2007,s3_2075_3730,s4_37_47,Passenger Car,s2_11_28,Deployed,s2_97_208,s4_3_4,Male,s4_96_114,s3_141_159,s2_164_318,s4_160_220,s2_2_4
9294,s2_885_1695,s2_n103_99,s4_n40_7,s1_below_4282,s4_4_5,s4_2005_2007,s2_760_2075,s3_17_37,Passenger Car,s3_28_48,Not Deployed,s2_97_208,s1_below_1,Male,s4_96_114,s3_141_159,s2_164_318,s3_80_160,s2_2_4
9295,s2_885_1695,s2_n103_99,s4_n40_7,s1_below_4282,s3_3_4,s3_2003_2005,s2_760_2075,s4_37_47,Passenger Car,s2_11_28,Not Deployed,s2_97_208,s1_below_1,Male,s2_37_80,s3_141_159,s2_164_318,s3_80_160,s2_2_4
9296,s2_885_1695,s2_n103_99,s4_n40_7,s1_below_4282,s1_below_2,s2_2001_2003,s2_760_2075,s4_37_47,Passenger Car,s2_11_28,Deployed,s2_97_208,s1_below_1,Male,s2_37_80,s3_141_159,s2_164_318,s3_80_160,s2_2_4
9297,s3_1695_2555,s2_n103_99,s5_7_up,s1_below_4282,s3_3_4,s3_2003_2005,s2_760_2075,s6_57_up,Truck (<=6000 lbs.),s3_28_48,Not Deployed,s2_97_208,s1_below_1,Male,s6_130_up,s4_159_169,s2_164_318,s6_260_up,s3_4_5
9298,s2_885_1695,s2_n103_99,s4_n40_7,s1_below_4282,s1_below_2,s3_2003_2005,s2_760_2075,s3_17_37,Passenger Car,s2_11_28,Deployed,s2_97_208,s1_below_1,Female,s2_37_80,s3_141_159,s2_164_318,s5_220_260,s2_2_4
9299,s2_885_1695,s2_n103_99,s4_n40_7,s1_below_4282,s1_below_2,s1_below_2001,s2_760_2075,s3_17_37,Passenger Car,s2_11_28,Deployed,s2_97_208,s1_below_1,Female,s2_37_80,s3_141_159,s2_164_318,s3_80_160,s2_2_4
9300,s2_885_1695,s2_n103_99,s4_n40_7,s1_below_4282,s1_below_2,s2_2001_2003,s2_760_2075,s3_17_37,Passenger Car,s3_28_48,Not Deployed,s2_97_208,s1_below_1,Male,s2_37_80,s3_141_159,s2_164_318,s3_80_160,s2_2_4
9301,s2_885_1695,s2_n103_99,s4_n40_7,s1_below_4282,s2_2_3,s1_below_2001,s2_760_2075,s6_57_up,Passenger Car,s2_11_28,Not Deployed,s2_97_208,s1_below_1,Male,s2_37_80,s3_141_159,s2_164_318,s6_260_up,s2_2_4
9302,s2_885_1695,s2_n103_99,s3_n81_n40,s1_below_4282,s2_2_3,s4_2005_2007,s2_760_2075,s6_57_up,Passenger Car,s3_28_48,Deployed,s2_97_208,s2_1_2,Female,s2_37_80,s3_141_159,s2_164_318,s3_80_160,s2_2_4
9303,s2_885_1695,s2_n103_99,s4_n40_7,s1_below_4282,s1_below_2,s2_2001_2003,s2_760_2075,s3_17_37,Passenger Car,s6_76_up,Not Deployed,s2_97_208,s5_4_5,Female,s2_37_80,s3_141_159,s2_164_318,s2_40_80,s2_2_4
9304,s2_885_1695,s2_n103_99,s4_n40_7,s1_below_4282,s2_2_3,s3_2003_2005,s2_760_2075,s3_17_37,Truck (<=6000 lbs.),s3_28_48,Not Deployed,s2_97_208,s1_below_1,Female,s3_80_96,s3_141_159,s2_164_318,s3_80_160,s2_2_4
9305,s3_1695_2555,s2_n103_99,s4_n40_7,s1_below_4282,s2_2_3,s4_2005_2007,s3_2075_3730,s3_17_37,Truck (<=10000 lbs.),s3_28_48,Deployed,s2_97_208,s3_2_3,Male,s3_80_96,s4_159_169,s3_318_464,s3_80_160,s4_5_6
9306,s2_885_1695,s2_n103_99,s4_n40_7,s1_below_4282,s2_2_3,s1_below_2001,s2_760_2075,s5_47_57,Passenger Car,s3_28_48,Not Deployed,s2_97_208,s6_5_up,Male,s2_37_80,s3_141_159,s2_164_318,s3_80_160,s2_2_4
9307,s2_885_1695,s2_n103_99,s4_n40_7,s1_below_4282,s1_below_2,s1_below_2001,s2_760_2075,s3_17_37,Passenger Car,s5_64_76,Not Deployed,s2_97_208,s5_4_5,Female,s3_80_96,s3_141_159,s2_164_318,s2_40_80,s2_2_4
9308,s2_885_1695,s2_n103_99,s4_n40_7,s1_below_4282,s4_4_5,s1_below_2001,s3_2075_3730,s6_57_up,Truck (<=6000 lbs.),s3_28_48,Not Deployed,s2_97_208,s1_below_1,Female,s2_37_80,s3_141_159,s2_164_318,s2_40_80,s2_2_4
9309,s3_1695_2555,s2_n103_99,s4_n40_7,s1_below_4282,s2_2_3,s4_2005_2007,s3_2075_3730,s3_17_37,Truck (<=6000 lbs.),s3_28_48,Not Deployed,s2_97_208,s1_below_1,Female,s3_80_96,s4_159_169,s2_164_318,s3_80_160,s3_4_5
9310,s2_885_1695,s2_n103_99,s4_n40_7,s1_below_4282,s4_4_5,s4_2005_2007,s2_760_2075,s6_57_up,Passenger Car,s5_64_76,Deployed,s2_97_208,s1_below_1,Male,s3_80_96,s3_141_159,s2_164_318,s3_80_160,s2_2_4
9311,s2_885_1695,s2_n103_99,s3_n81_n40,s1_below_4282,s3_3_4,s3_2003_2005,s2_760_2075,s6_57_up,Passenger Car,s2_11_28,Deployed,s2_97_208,s4_3_4,Female,s2_37_80,s3_141_159,s2_164_318,s3_80_160,s2_2_4
9312,s2_885_1695,s2_n103_99,s4_n40_7,s1_below_4282,s3_3_4,s2_2001_2003,s2_760_2075,s3_17_37,Passenger Car,s3_28_48,Deployed,s2_97_208,s1_below_1,Female,s2_37_80,s3_141_159,s2_164_318,s3_80_160,s2_2_4
9313,s2_885_1695,s2_n103_99,s4_n40_7,s1_below_4282,s1_below_2,s4_2005_2007,s2_760_2075,s4_37_47,Truck (<=6000 lbs.),s4_48_64,Not Deployed,s2_97_208,s1_below_1,Female,s2_37_80,s3_141_159,s2_164_318,s3_80_160,s2_2_4
9314,s2_885_1695,s2_n103_99,s4_n40_7,s1_below_4282,s2_2_3,s4_2005_2007,s3_2075_3730,s4_37_47,Passenger Car,s5_64_76,Deployed,s2_97_208,s3_2_3,Male,s2_37_80,s3_141_159,s2_164_318,s3_80_160,s2_2_4
9315,s2_885_1695,s2_n103_99,s4_n40_7,s1_below_4282,s3_3_4,s1_below_2001,s2_760_2075,s4_37_47,Passenger Car,s2_11_28,Deployed,s2_97_208,s1_below_1,Male,s2_37_80,s3_141_159,s2_164_318,s3_80_160,s2_2_4
9316,s2_885_1695,s2_n103_99,s5_7_up,s1_below_4282,s1_below_2,s2_2001_2003,s2_760_2075,s4_37_47,Passenger Car,s3_28_48,Not Deployed,s2_97_208,s1_below_1,Female,s2_37_80,s3_141_159,s2_164_318,s6_260_up,s2_2_4
9317,s2_885_1695,s2_n103_99,s5_7_up,s1_below_4282,s5_5_6,s4_2005_2007,s3_2075_3730,s6_57_up,Passenger Car,s2_11_28,Not Deployed,s2_97_208,s1_below_1,Female,s2_37_80,s3_141_159,s2_164_318,s6_260_up,s2_2_4
9318,s3_1695_2555,s2_n103_99,s4_n40_7,s1_below_4282,s4_4_5,s3_2003_2005,s2_760_2075,s3_17_37,Truck (<=10000 lbs.),s3_28_48,Deployed,s2_97_208,s1_below_1,Male,s3_80_96,s4_159_169,s2_164_318,s3_80_160,s2_2_4
9319,s3_1695_2555,s2_n103_99,s4_n40_7,s1_below_4282,s2_2_3,s1_below_2001,s2_760_2075,s3_17_37,Truck (<=6000 lbs.),s3_28_48,Not Deployed,s2_97_208,s1_below_1,Female,s2_37_80,s4_159_169,s2_164_318,s2_40_80,s3_4_5
9320,s2_885_1695,s2_n103_99,s4_n40_7,s1_below_4282,s1_below_2,s1_below_2001,s2_760_2075,s3_17_37,Passenger Car,s2_11_28,Deployed,s2_97_208,s3_2_3,Female,s3_80_96,s3_141_159,s2_164_318,s2_40_80,s2_2_4
9321,s3_1695_2555,s2_n103_99,s4_n40_7,s1_below_4282,s1_below_2,s2_2001_2003,s2_760_2075,s3_17_37,Truck (<=6000 lbs.),s3_28_48,Deployed,s2_97_208,s1_below_1,Male,s4_96_114,s3_141_159,s2_164_318,s3_80_160,s2_2_4
9322,s2_885_1695,s2_n103_99,s3_n81_n40,s1_below_4282,s3_3_4,s4_2005_2007,s2_760_2075,s4_37_47,Passenger Car,s3_28_48,Deployed,s2_97_208,s6_5_up,Male,s6_130_up,s3_141_159,s2_164_318,s3_80_160,s2_2_4
9323,s3_1695_2555,s2_n103_99,s4_n40_7,s1_below_4282,s2_2_3,s2_2001_2003,s2_760_2075,s3_17_37,Truck (<=10000 lbs.),s3_28_48,Deployed,s2_97_208,s2_1_2,Female,s3_80_96,s5_169_179,s3_318_464,s3_80_160,s4_5_6
9324,s2_885_1695,s2_n103_99,s4_n40_7,s1_below_4282,s4_4_5,s1_below_2001,s2_760_2075,s3_17_37,Passenger Car,s2_11_28,Not Deployed,s2_97_208,s1_below_1,Female,s2_37_80,s3_141_159,s2_164_318,s4_160_220,s2_2_4
9325,s2_885_1695,s2_n103_99,s4_n40_7,s1_below_4282,s2_2_3,s4_2005_2007,s2_760_2075,s3_17_37,Passenger Car,s4_48_64,Deployed,s2_97_208,s1_below_1,Female,s2_37_80,s3_141_159,s2_164_318,s3_80_160,s2_2_4
9326,s2_885_1695,s2_n103_99,s4_n40_7,s1_below_4282,s3_3_4,s2_2001_2003,s2_760_2075,s3_17_37,Truck (<=6000 lbs.),s2_11_28,Not Deployed,s2_97_208,s1_below_1,Female,s3_80_96,s3_141_159,s2_164_318,s2_40_80,s2_2_4
9327,s3_1695_2555,s2_n103_99,s4_n40_7,s1_below_4282,s3_3_4,s3_2003_2005,s3_2075_3730,s4_37_47,Truck (<=10000 lbs.),s3_28_48,Not Deployed,s2_97_208,s1_below_1,Male,s2_37_80,s5_169_179,s2_164_318,s3_80_160,s3_4_5
9328,s2_885_1695,s2_n103_99,s4_n40_7,s1_below_4282,s1_below_2,s4_2005_2007,s2_760_2075,s4_37_47,Passenger Car,s3_28_48,Deployed,s2_97_208,s1_below_1,Male,s2_37_80,s3_141_159,s2_164_318,s3_80_160,s2_2_4
9329,s2_885_1695,s2_n103_99,s4_n40_7,s1_below_4282,s3_3_4,s4_2005_2007,s2_760_2075,s3_17_37,Truck (<=6000 lbs.),s4_48_64,Deployed,s2_97_208,s1_below_1,Female,s3_80_96,s3_141_159,s2_164_318,s3_80_160,s2_2_4
9330,s3_1695_2555,s2_n103_99,s4_n40_7,s1_below_4282,s3_3_4,s1_below_2001,s2_760_2075,s6_57_up,Truck (<=10000 lbs.),s4_48_64,Not Deployed,s2_97_208,s1_below_1,Male,s4_96_114,s5_169_179,s2_164_318,s3_80_160,s3_4_5
9331,s2_885_1695,s2_n103_99,s5_7_up,s1_below_4282,s3_3_4,s4_2005_2007,s2_760_2075,s6_57_up,Passenger Car,s4_48_64,Not Deployed,s2_97_208,s1_below_1,Female,s4_96_114,s3_141_159,s2_164_318,s6_260_up,s2_2_4
9332,s2_885_1695,s2_n103_99,s4_n40_7,s1_below_4282,s2_2_3,s3_2003_2005,s2_760_2075,s4_37_47,Passenger Car,s3_28_48,Not Deployed,s2_97_208,s1_below_1,Female,s2_37_80,s3_141_159,s2_164_318,s2_40_80,s2_2_4
9333,s3_1695_2555,s2_n103_99,s4_n40_7,s1_below_4282,s3_3_4,s3_2003_2005,s2_760_2075,s3_17_37,Truck (<=6000 lbs.),s3_28_48,Not Deployed,s2_97_208,s2_1_2,Female,s5_114_130,s3_141_159,s2_164_318,s3_80_160,s2_2_4
9334,s2_885_1695,s2_n103_99,s4_n40_7,s1_below_4282,s3_3_4,s3_2003_2005,s2_760_2075,s3_17_37,Passenger Car,s3_28_48,Deployed,s2_97_208,s3_2_3,Female,s3_80_96,s3_141_159,s2_164_318,s3_80_160,s2_2_4
9335,s3_1695_2555,s2_n103_99,s3_n81_n40,s1_below_4282,s1_below_2,s2_2001_2003,s2_760_2075,s6_57_up,Truck (<=6000 lbs.),s2_11_28,Deployed,s2_97_208,s1_below_1,Female,s2_37_80,s3_141_159,s2_164_318,s3_80_160,s2_2_4
9336,s2_885_1695,s2_n103_99,s3_n81_n40,s1_below_4282,s1_below_2,s1_below_2001,s2_760_2075,s6_57_up,Passenger Car,s3_28_48,Deployed,s2_97_208,s5_4_5,Male,s6_130_up,s3_141_159,s2_164_318,s3_80_160,s2_2_4
9337,s3_1695_2555,s2_n103_99,s4_n40_7,s1_below_4282,s1_below_2,s2_2001_2003,s2_760_2075,s3_17_37,Truck (<=10000 lbs.),s3_28_48,Not Deployed,s2_97_208,s1_below_1,Female,s3_80_96,s5_169_179,s3_318_464,s3_80_160,s4_5_6
9338,s2_885_1695,s2_n103_99,s4_n40_7,s1_below_4282,s1_below_2,s2_2001_2003,s3_2075_3730,s3_17_37,Passenger Car,s2_11_28,Deployed,s2_97_208,s2_1_2,Female,s2_37_80,s3_141_159,s2_164_318,s4_160_220,s2_2_4
9339,s3_1695_2555,s2_n103_99,s4_n40_7,s1_below_4282,s1_below_2,s4_2005_2007,s2_760_2075,s4_37_47,Passenger Car,s4_48_64,Not Deployed,s2_97_208,s1_below_1,Male,s3_80_96,s4_159_169,s2_164_318,s3_80_160,s2_2_4
9340,s3_1695_2555,s2_n103_99,s4_n40_7,s1_below_4282,s3_3_4,s1_below_2001,s2_760_2075,s4_37_47,Truck (<=6000 lbs.),s3_28_48,Not Deployed,s2_97_208,s1_below_1,Female,s2_37_80,s3_141_159,s2_164_318,s4_160_220,s2_2_4
9341,s2_885_1695,s2_n103_99,s4_n40_7,s1_below_4282,s5_5_6,s1_below_2001,s3_2075_3730,s3_17_37,Passenger Car,s6_76_up,Deployed,s2_97_208,s4_3_4,Female,s2_37_80,s3_141_159,s2_164_318,s4_160_220,s2_2_4
9342,s2_885_1695,s2_n103_99,s4_n40_7,s1_below_4282,s3_3_4,s1_below_2001,s2_760_2075,s3_17_37,Passenger Car,s2_11_28,Deployed,s2_97_208,s1_below_1,Male,s6_130_up,s3_141_159,s2_164_318,s3_80_160,s2_2_4
9343,s2_885_1695,s2_n103_99,s4_n40_7,s1_below_4282,s3_3_4,s2_2001_2003,s2_760_2075,s4_37_47,Passenger Car,s2_11_28,Not Deployed,s2_97_208,s1_below_1,Female,s2_37_80,s3_141_159,s2_164_318,s3_80_160,s2_2_4
9344,s2_885_1695,s2_n103_99,s4_n40_7,s2_4282_6970,s2_2_3,s1_below_2001,s2_760_2075,s4_37_47,Passenger Car,s2_11_28,Not Deployed,s2_97_208,s3_2_3,Male,s2_37_80,s3_141_159,s2_164_318,s4_160_220,s2_2_4
9345,s2_885_1695,s2_n103_99,s5_7_up,s1_below_4282,s3_3_4,s3_2003_2005,s2_760_2075,s4_37_47,Passenger Car,s4_48_64,Not Deployed,s2_97_208,s1_below_1,Female,s3_80_96,s3_141_159,s2_164_318,s4_160_220,s2_2_4
9346,s2_885_1695,s2_n103_99,s4_n40_7,s1_below_4282,s2_2_3,s3_2003_2005,s2_760_2075,s4_37_47,Passenger Car,s6_76_up,Not Deployed,s2_97_208,s4_3_4,Female,s2_37_80,s3_141_159,s2_164_318,s3_80_160,s2_2_4
9347,s3_1695_2555,s2_n103_99,s4_n40_7,s1_below_4282,s6_6_up,s1_below_2001,s3_2075_3730,s3_17_37,Truck (<=6000 lbs.),s3_28_48,Deployed,s2_97_208,s1_below_1,Male,s5_114_130,s3_141_159,s2_164_318,s3_80_160,s3_4_5
9348,s2_885_1695,s2_n103_99,s4_n40_7,s1_below_4282,s1_below_2,s4_2005_2007,s2_760_2075,s3_17_37,Truck (<=6000 lbs.),s2_11_28,Not Deployed,s2_97_208,s1_below_1,Female,s2_37_80,s3_141_159,s2_164_318,s1_below_40,s2_2_4
9349,s2_885_1695,s2_n103_99,s3_n81_n40,s1_below_4282,s4_4_5,s3_2003_2005,s2_760_2075,s3_17_37,Truck (<=6000 lbs.),s2_11_28,Deployed,s2_97_208,s2_1_2,Male,s2_37_80,s2_116_141,s2_164_318,s3_80_160,s2_2_4
9350,s2_885_1695,s2_n103_99,s4_n40_7,s1_below_4282,s1_below_2,s2_2001_2003,s2_760_2075,s3_17_37,Passenger Car,s2_11_28,Deployed,s2_97_208,s1_below_1,Female,s2_37_80,s3_141_159,s2_164_318,s4_160_220,s2_2_4
9351,s3_1695_2555,s2_n103_99,s4_n40_7,s1_below_4282,s4_4_5,s4_2005_2007,s2_760_2075,s6_57_up,Truck (<=10000 lbs.),s3_28_48,Deployed,s2_97_208,s1_below_1,Male,s3_80_96,s5_169_179,s3_318_464,s3_80_160,s4_5_6
9352,s2_885_1695,s2_n103_99,s3_n81_n40,s1_below_4282,s3_3_4,s2_2001_2003,s2_760_2075,s6_57_up,Passenger Car,s3_28_48,Deployed,s2_97_208,s3_2_3,Male,s3_80_96,s3_141_159,s2_164_318,s3_80_160,s2_2_4
9353,s2_885_1695,s2_n103_99,s4_n40_7,s1_below_4282,s1_below_2,s2_2001_2003,s2_760_2075,s3_17_37,Passenger Car,s3_28_48,Deployed,s2_97_208,s1_below_1,Female,s2_37_80,s3_141_159,s2_164_318,s3_80_160,s2_2_4
9354,s2_885_1695,s2_n103_99,s5_7_up,s1_below_4282,s3_3_4,s2_2001_2003,s2_760_2075,s4_37_47,Truck (<=6000 lbs.),s2_11_28,Not Deployed,s2_97_208,s1_below_1,Male,s3_80_96,s3_141_159,s2_164_318,s6_260_up,s2_2_4
9355,s3_1695_2555,s2_n103_99,s3_n81_n40,s1_below_4282,s1_below_2,s2_2001_2003,s2_760_2075,s3_17_37,Truck (<=6000 lbs.),s3_28_48,Deployed,s2_97_208,s2_1_2,Female,s2_37_80,s3_141_159,s2_164_318,s3_80_160,s2_2_4
9356,s2_885_1695,s2_n103_99,s5_7_up,s1_below_4282,s3_3_4,s3_2003_2005,s3_2075_3730,s4_37_47,Passenger Car,s3_28_48,Not Deployed,s2_97_208,s1_below_1,Female,s2_37_80,s3_141_159,s2_164_318,s6_260_up,s2_2_4
9357,s3_1695_2555,s2_n103_99,s4_n40_7,s1_below_4282,s1_below_2,s3_2003_2005,s2_760_2075,s3_17_37,Truck (<=10000 lbs.),s4_48_64,Not Deployed,s2_97_208,s1_below_1,Male,s3_80_96,s5_169_179,s3_318_464,s3_80_160,s4_5_6
9358,s2_885_1695,s2_n103_99,s4_n40_7,s1_below_4282,s1_below_2,s3_2003_2005,s2_760_2075,s4_37_47,Truck (<=6000 lbs.),s2_11_28,Deployed,s2_97_208,s1_below_1,Male,s5_114_130,s2_116_141,s2_164_318,s2_40_80,s2_2_4
9359,s2_885_1695,s2_n103_99,s4_n40_7,s1_below_4282,s3_3_4,s4_2005_2007,s2_760_2075,s6_57_up,Passenger Car,s3_28_48,Deployed,s2_97_208,s1_below_1,Male,s2_37_80,s3_141_159,s2_164_318,s4_160_220,s2_2_4
9360,s3_1695_2555,s2_n103_99,s4_n40_7,s1_below_4282,s1_below_2,s1_below_2001,s2_760_2075,s3_17_37,Truck (<=6000 lbs.),s2_11_28,Not Deployed,s2_97_208,s1_below_1,Male,s3_80_96,s3_141_159,s2_164_318,s2_40_80,s2_2_4
9361,s2_885_1695,s2_n103_99,s4_n40_7,s1_below_4282,s2_2_3,s3_2003_2005,s2_760_2075,s3_17_37,Passenger Car,s3_28_48,Not Deployed,s2_97_208,s2_1_2,Male,s2_37_80,s3_141_159,s2_164_318,s2_40_80,s2_2_4
9362,s2_885_1695,s2_n103_99,s4_n40_7,s1_below_4282,s1_below_2,s2_2001_2003,s2_760_2075,s3_17_37,Passenger Car,s4_48_64,Not Deployed,s2_97_208,s1_below_1,Female,s3_80_96,s3_141_159,s2_164_318,s4_160_220,s2_2_4
9363,s2_885_1695,s2_n103_99,s4_n40_7,s1_below_4282,s6_6_up,s2_2001_2003,s2_760_2075,s3_17_37,Passenger Car,s3_28_48,Deployed,s2_97_208,s2_1_2,Male,s6_130_up,s3_141_159,s2_164_318,s4_160_220,s2_2_4
9364,s3_1695_2555,s2_n103_99,s4_n40_7,s1_below_4282,s2_2_3,s3_2003_2005,s2_760_2075,s3_17_37,Truck (<=10000 lbs.),s3_28_48,Deployed,s2_97_208,s1_below_1,Male,s5_114_130,s3_141_159,s2_164_318,s3_80_160,s2_2_4
9365,s2_885_1695,s2_n103_99,s4_n40_7,s1_below_4282,s4_4_5,s3_2003_2005,s2_760_2075,s3_17_37,Passenger Car,s5_64_76,Not Deployed,s2_97_208,s1_below_1,Female,s3_80_96,s3_141_159,s2_164_318,s2_40_80,s2_2_4
9366,s2_885_1695,s2_n103_99,s4_n40_7,s1_below_4282,s1_below_2,s1_below_2001,s2_760_2075,s3_17_37,Truck (<=6000 lbs.),s4_48_64,Deployed,s2_97_208,s2_1_2,Female,s3_80_96,s3_141_159,s2_164_318,s3_80_160,s2_2_4
9367,s2_885_1695,s2_n103_99,s4_n40_7,s1_below_4282,s2_2_3,s2_2001_2003,s2_760_2075,s3_17_37,Passenger Car,s4_48_64,Deployed,s2_97_208,s1_below_1,Female,s6_130_up,s3_141_159,s2_164_318,s3_80_160,s2_2_4
9368,s2_885_1695,s2_n103_99,s4_n40_7,s1_below_4282,s1_below_2,s4_2005_2007,s2_760_2075,s3_17_37,Passenger Car,s3_28_48,Not Deployed,s2_97_208,s1_below_1,Male,s2_37_80,s3_141_159,s2_164_318,s3_80_160,s2_2_4
9369,s2_885_1695,s2_n103_99,s4_n40_7,s1_below_4282,s1_below_2,s1_below_2001,s2_760_2075,s3_17_37,Passenger Car,s3_28_48,Not Deployed,s2_97_208,s1_below_1,Male,s2_37_80,s3_141_159,s2_164_318,s3_80_160,s2_2_4
9370,s2_885_1695,s2_n103_99,s4_n40_7,s1_below_4282,s2_2_3,s2_2001_2003,s2_760_2075,s4_37_47,Passenger Car,s3_28_48,Not Deployed,s2_97_208,s1_below_1,Male,s3_80_96,s3_141_159,s2_164_318,s5_220_260,s2_2_4
9371,s2_885_1695,s2_n103_99,s4_n40_7,s1_below_4282,s3_3_4,s1_below_2001,s2_760_2075,s3_17_37,Passenger Car,s3_28_48,Deployed,s2_97_208,s3_2_3,Female,s4_96_114,s3_141_159,s2_164_318,s3_80_160,s2_2_4
9372,s3_1695_2555,s2_n103_99,s4_n40_7,s1_below_4282,s2_2_3,s4_2005_2007,s2_760_2075,s3_17_37,Truck (<=6000 lbs.),s4_48_64,Not Deployed,s2_97_208,s1_below_1,Male,s2_37_80,s4_159_169,s2_164_318,s1_below_40,s2_2_4
9373,s2_885_1695,s2_n103_99,s4_n40_7,s1_below_4282,s2_2_3,s1_below_2001,s2_760_2075,s3_17_37,Passenger Car,s4_48_64,Deployed,s2_97_208,s3_2_3,Female,s4_96_114,s3_141_159,s2_164_318,s3_80_160,s2_2_4
9374,s2_885_1695,s2_n103_99,s4_n40_7,s1_below_4282,s1_below_2,s2_2001_2003,s2_760_2075,s3_17_37,Passenger Car,s4_48_64,Not Deployed,s2_97_208,s1_below_1,Female,s3_80_96,s3_141_159,s2_164_318,s4_160_220,s2_2_4
9375,s2_885_1695,s2_n103_99,s4_n40_7,s1_below_4282,s3_3_4,s3_2003_2005,s2_760_2075,s3_17_37,Passenger Car,s2_11_28,Deployed,s2_97_208,s2_1_2,Male,s4_96_114,s3_141_159,s2_164_318,s3_80_160,s2_2_4
9376,s2_885_1695,s2_n103_99,s4_n40_7,s1_below_4282,s2_2_3,s1_below_2001,s2_760_2075,s3_17_37,Passenger Car,s2_11_28,Deployed,s2_97_208,s1_below_1,Male,s2_37_80,s3_141_159,s2_164_318,s3_80_160,s2_2_4
9377,s2_885_1695,s2_n103_99,s4_n40_7,s1_below_4282,s4_4_5,s3_2003_2005,s2_760_2075,s3_17_37,Passenger Car,s4_48_64,Not Deployed,s2_97_208,s3_2_3,Male,s6_130_up,s3_141_159,s2_164_318,s2_40_80,s2_2_4
9378,s2_885_1695,s2_n103_99,s4_n40_7,s1_below_4282,s1_below_2,s2_2001_2003,s2_760_2075,s3_17_37,Passenger Car,s2_11_28,Not Deployed,s2_97_208,s4_3_4,Male,s2_37_80,s3_141_159,s2_164_318,s2_40_80,s2_2_4
9379,s3_1695_2555,s2_n103_99,s4_n40_7,s1_below_4282,s4_4_5,s2_2001_2003,s2_760_2075,s3_17_37,Truck (<=10000 lbs.),s2_11_28,Not Deployed,s2_97_208,s1_below_1,Male,s3_80_96,s4_159_169,s3_318_464,s3_80_160,s4_5_6
9380,s2_885_1695,s2_n103_99,s4_n40_7,s1_below_4282,s1_below_2,s4_2005_2007,s2_760_2075,s3_17_37,Passenger Car,s3_28_48,Not Deployed,s2_97_208,s1_below_1,Male,s6_130_up,s3_141_159,s2_164_318,s3_80_160,s2_2_4
9381,s2_885_1695,s2_n103_99,s4_n40_7,s1_below_4282,s4_4_5,s1_below_2001,s2_760_2075,s3_17_37,Passenger Car,s4_48_64,Deployed,s2_97_208,s1_below_1,Female,s3_80_96,s3_141_159,s2_164_318,s4_160_220,s2_2_4
9382,s3_1695_2555,s2_n103_99,s4_n40_7,s1_below_4282,s2_2_3,s2_2001_2003,s2_760_2075,s3_17_37,Truck (<=6000 lbs.),s3_28_48,Deployed,s2_97_208,s1_below_1,Male,s2_37_80,s4_159_169,s2_164_318,s2_40_80,s2_2_4
9383,s2_885_1695,s2_n103_99,s4_n40_7,s1_below_4282,s2_2_3,s1_below_2001,s2_760_2075,s3_17_37,Passenger Car,s3_28_48,Not Deployed,s2_97_208,s2_1_2,Male,s6_130_up,s3_141_159,s2_164_318,s2_40_80,s2_2_4
9384,s2_885_1695,s2_n103_99,s5_7_up,s1_below_4282,s2_2_3,s3_2003_2005,s2_760_2075,s4_37_47,Passenger Car,s3_28_48,Not Deployed,s2_97_208,s1_below_1,Female,s2_37_80,s3_141_159,s2_164_318,s6_260_up,s2_2_4
9385,s2_885_1695,s2_n103_99,s4_n40_7,s1_below_4282,s5_5_6,s3_2003_2005,s2_760_2075,s3_17_37,Passenger Car,s3_28_48,Not Deployed,s2_97_208,s1_below_1,Female,s3_80_96,s3_141_159,s2_164_318,s3_80_160,s2_2_4
9386,s2_885_1695,s2_n103_99,s4_n40_7,s1_below_4282,s1_below_2,s3_2003_2005,s2_760_2075,s3_17_37,Passenger Car,s2_11_28,Deployed,s2_97_208,s1_below_1,Female,s3_80_96,s3_141_159,s2_164_318,s3_80_160,s2_2_4
9387,s2_885_1695,s2_n103_99,s4_n40_7,s1_below_4282,s3_3_4,s1_below_2001,s2_760_2075,s4_37_47,Passenger Car,s2_11_28,Not Deployed,s2_97_208,s1_below_1,Female,s2_37_80,s3_141_159,s2_164_318,s3_80_160,s2_2_4
9388,s2_885_1695,s2_n103_99,s3_n81_n40,s1_below_4282,s3_3_4,s1_below_2001,s2_760_2075,s4_37_47,Passenger Car,s3_28_48,Deployed,s2_97_208,s3_2_3,Male,s3_80_96,s3_141_159,s2_164_318,s3_80_160,s2_2_4
9389,s2_885_1695,s2_n103_99,s3_n81_n40,s1_below_4282,s3_3_4,s2_2001_2003,s2_760_2075,s4_37_47,Truck (<=6000 lbs.),s3_28_48,Deployed,s2_97_208,s1_below_1,Male,s2_37_80,s3_141_159,s2_164_318,s3_80_160,s2_2_4
9390,s2_885_1695,s2_n103_99,s4_n40_7,s1_below_4282,s1_below_2,s3_2003_2005,s2_760_2075,s3_17_37,Truck (<=6000 lbs.),s3_28_48,Deployed,s2_97_208,s3_2_3,Male,s2_37_80,s3_141_159,s2_164_318,s3_80_160,s2_2_4
9391,s2_885_1695,s2_n103_99,s5_7_up,s1_below_4282,s2_2_3,s1_below_2001,s2_760_2075,s3_17_37,Passenger Car,s4_48_64,Not Deployed,s2_97_208,s1_below_1,Male,s2_37_80,s3_141_159,s2_164_318,s6_260_up,s2_2_4
9392,s2_885_1695,s2_n103_99,s4_n40_7,s1_below_4282,s2_2_3,s1_below_2001,s2_760_2075,s3_17_37,Passenger Car,s5_64_76,Deployed,s2_97_208,s4_3_4,Female,s5_114_130,s3_141_159,s2_164_318,s3_80_160,s2_2_4
9393,s2_885_1695,s2_n103_99,s4_n40_7,s1_below_4282,s3_3_4,s2_2001_2003,s2_760_2075,s3_17_37,Passenger Car,s4_48_64,Deployed,s2_97_208,s1_below_1,Male,s2_37_80,s3_141_159,s2_164_318,s3_80_160,s2_2_4
9394,s3_1695_2555,s2_n103_99,s4_n40_7,s1_below_4282,s2_2_3,s3_2003_2005,s2_760_2075,s5_47_57,Passenger Car,s4_48_64,Not Deployed,s2_97_208,s1_below_1,Female,s2_37_80,s3_141_159,s2_164_318,s3_80_160,s2_2_4
9395,s2_885_1695,s2_n103_99,s5_7_up,s1_below_4282,s2_2_3,s1_below_2001,s2_760_2075,s5_47_57,Passenger Car,s3_28_48,Not Deployed,s2_97_208,s1_below_1,Female,s2_37_80,s3_141_159,s2_164_318,s6_260_up,s2_2_4
9396,s2_885_1695,s2_n103_99,s5_7_up,s1_below_4282,s1_below_2,s2_2001_2003,s2_760_2075,s4_37_47,Passenger Car,s3_28_48,Not Deployed,s2_97_208,s1_below_1,Female,s3_80_96,s3_141_159,s2_164_318,s2_40_80,s2_2_4
9397,s3_1695_2555,s2_n103_99,s4_n40_7,s1_below_4282,s4_4_5,s3_2003_2005,s2_760_2075,s3_17_37,Truck (<=10000 lbs.),s3_28_48,Deployed,s2_97_208,s1_below_1,Male,s2_37_80,s5_169_179,s3_318_464,s4_160_220,s4_5_6
9398,s2_885_1695,s2_n103_99,s4_n40_7,s1_below_4282,s4_4_5,s4_2005_2007,s3_2075_3730,s3_17_37,Passenger Car,s4_48_64,Not Deployed,s2_97_208,s1_below_1,Female,s4_96_114,s3_141_159,s2_164_318,s3_80_160,s2_2_4
9399,s2_885_1695,s2_n103_99,s4_n40_7,s1_below_4282,s1_below_2,s1_below_2001,s2_760_2075,s3_17_37,Truck (<=6000 lbs.),s4_48_64,Not Deployed,s2_97_208,s1_below_1,Female,s3_80_96,s3_141_159,s2_164_318,s2_40_80,s2_2_4
9400,s3_1695_2555,s2_n103_99,s4_n40_7,s1_below_4282,s1_below_2,s4_2005_2007,s2_760_2075,s3_17_37,Passenger Car,s3_28_48,Deployed,s2_97_208,s1_below_1,Male,s2_37_80,s4_159_169,s2_164_318,s3_80_160,s2_2_4
9401,s2_885_1695,s2_n103_99,s4_n40_7,s1_below_4282,s5_5_6,s4_2005_2007,s2_760_2075,s3_17_37,Passenger Car,s5_64_76,Deployed,s2_97_208,s1_below_1,Male,s2_37_80,s3_141_159,s2_164_318,s3_80_160,s2_2_4
9402,s3_1695_2555,s2_n103_99,s3_n81_n40,s1_below_4282,s1_below_2,s2_2001_2003,s2_760_2075,s3_17_37,Passenger Car,s3_28_48,Deployed,s2_97_208,s1_below_1,Male,s2_37_80,s4_159_169,s2_164_318,s3_80_160,s2_2_4
9403,s2_885_1695,s2_n103_99,s4_n40_7,s1_below_4282,s4_4_5,s4_2005_2007,s2_760_2075,s3_17_37,Passenger Car,s2_11_28,Deployed,s2_97_208,s1_below_1,Male,s2_37_80,s3_141_159,s2_164_318,s3_80_160,s2_2_4
9404,s2_885_1695,s2_n103_99,s4_n40_7,s1_below_4282,s2_2_3,s3_2003_2005,s2_760_2075,s5_47_57,Passenger Car,s2_11_28,Deployed,s2_97_208,s1_below_1,Female,s2_37_80,s3_141_159,s2_164_318,s3_80_160,s2_2_4
9405,s2_885_1695,s2_n103_99,s4_n40_7,s1_below_4282,s2_2_3,s3_2003_2005,s2_760_2075,s5_47_57,Passenger Car,s2_11_28,Not Deployed,s2_97_208,s1_below_1,Female,s2_37_80,s3_141_159,s2_164_318,s4_160_220,s2_2_4
9406,s2_885_1695,s2_n103_99,s4_n40_7,s1_below_4282,s4_4_5,s4_2005_2007,s3_2075_3730,s3_17_37,Passenger Car,s3_28_48,Deployed,s2_97_208,s1_below_1,Male,s3_80_96,s3_141_159,s2_164_318,s3_80_160,s2_2_4
9407,s2_885_1695,s2_n103_99,s4_n40_7,s1_below_4282,s1_below_2,s1_below_2001,s2_760_2075,s3_17_37,Passenger Car,s3_28_48,Not Deployed,s2_97_208,s1_below_1,Male,s4_96_114,s3_141_159,s2_164_318,s3_80_160,s2_2_4
9408,s2_885_1695,s2_n103_99,s4_n40_7,s1_below_4282,s4_4_5,s3_2003_2005,s2_760_2075,s3_17_37,Passenger Car,s3_28_48,Deployed,s2_97_208,s1_below_1,Female,s3_80_96,s3_141_159,s2_164_318,s4_160_220,s2_2_4
9409,s2_885_1695,s2_n103_99,s4_n40_7,s1_below_4282,s3_3_4,s1_below_2001,s2_760_2075,s3_17_37,Passenger Car,s2_11_28,Not Deployed,s2_97_208,s1_below_1,Male,s2_37_80,s3_141_159,s2_164_318,s4_160_220,s2_2_4
9410,s3_1695_2555,s2_n103_99,s4_n40_7,s1_below_4282,s2_2_3,s3_2003_2005,s2_760_2075,s3_17_37,Passenger Car,s3_28_48,Not Deployed,s2_97_208,s1_below_1,Male,s2_37_80,s4_159_169,s2_164_318,s3_80_160,s3_4_5
9411,s2_885_1695,s2_n103_99,s4_n40_7,s1_below_4282,s3_3_4,s2_2001_2003,s2_760_2075,s3_17_37,Passenger Car,s2_11_28,Deployed,s2_97_208,s1_below_1,Male,s4_96_114,s3_141_159,s2_164_318,s3_80_160,s2_2_4
9412,s2_885_1695,s2_n103_99,s5_7_up,s1_below_4282,s2_2_3,s3_2003_2005,s2_760_2075,s3_17_37,Passenger Car,s3_28_48,Not Deployed,s2_97_208,s1_below_1,Female,s6_130_up,s3_141_159,s2_164_318,s6_260_up,s2_2_4
9413,s3_1695_2555,s2_n103_99,s4_n40_7,s1_below_4282,s1_below_2,s1_below_2001,s2_760_2075,s3_17_37,Truck (<=6000 lbs.),s4_48_64,Not Deployed,s2_97_208,s1_below_1,Female,s4_96_114,s2_116_141,s2_164_318,s4_160_220,s2_2_4
9414,s2_885_1695,s2_n103_99,s4_n40_7,s1_below_4282,s1_below_2,s1_below_2001,s2_760_2075,s3_17_37,Truck (<=6000 lbs.),s2_11_28,Deployed,s2_97_208,s1_below_1,Male,s2_37_80,s3_141_159,s2_164_318,s3_80_160,s2_2_4
9415,s2_885_1695,s2_n103_99,s5_7_up,s1_below_4282,s3_3_4,s2_2001_2003,s2_760_2075,s3_17_37,Passenger Car,s2_11_28,Deployed,s2_97_208,s4_3_4,Female,s2_37_80,s3_141_159,s2_164_318,s6_260_up,s2_2_4
9416,s2_885_1695,s2_n103_99,s4_n40_7,s1_below_4282,s2_2_3,s3_2003_2005,s2_760_2075,s5_47_57,Passenger Car,s2_11_28,Deployed,s2_97_208,s1_below_1,Female,s2_37_80,s3_141_159,s2_164_318,s6_260_up,s2_2_4
9417,s2_885_1695,s2_n103_99,s4_n40_7,s1_below_4282,s1_below_2,s2_2001_2003,s2_760_2075,s3_17_37,Passenger Car,s2_11_28,Deployed,s2_97_208,s1_below_1,Female,s2_37_80,s3_141_159,s2_164_318,s4_160_220,s2_2_4
9418,s2_885_1695,s2_n103_99,s4_n40_7,s1_below_4282,s3_3_4,s4_2005_2007,s2_760_2075,s3_17_37,Passenger Car,s3_28_48,Not Deployed,s2_97_208,s1_below_1,Female,s3_80_96,s3_141_159,s2_164_318,s6_260_up,s2_2_4
9419,s3_1695_2555,s2_n103_99,s4_n40_7,s1_below_4282,s1_below_2,s3_2003_2005,s2_760_2075,s5_47_57,Truck (<=6000 lbs.),s3_28_48,Deployed,s2_97_208,s1_below_1,Male,s4_96_114,s3_141_159,s3_318_464,s3_80_160,s3_4_5
9420,s2_885_1695,s2_n103_99,s3_n81_n40,s2_4282_6970,s3_3_4,s1_below_2001,s2_760_2075,s3_17_37,Passenger Car,s3_28_48,Deployed,s2_97_208,s6_5_up,Male,s4_96_114,s3_141_159,s2_164_318,s3_80_160,s2_2_4
9421,s2_885_1695,s2_n103_99,s3_n81_n40,s1_below_4282,s1_below_2,s4_2005_2007,s2_760_2075,s4_37_47,Truck (<=6000 lbs.),s4_48_64,Deployed,s2_97_208,s1_below_1,Female,s3_80_96,s3_141_159,s2_164_318,s3_80_160,s2_2_4
9422,s3_1695_2555,s2_n103_99,s4_n40_7,s1_below_4282,s2_2_3,s2_2001_2003,s2_760_2075,s5_47_57,Truck (<=6000 lbs.),s2_11_28,Not Deployed,s2_97_208,s1_below_1,Female,s2_37_80,s3_141_159,s2_164_318,s3_80_160,s2_2_4
9423,s2_885_1695,s2_n103_99,s4_n40_7,s1_below_4282,s3_3_4,s2_2001_2003,s2_760_2075,s5_47_57,Passenger Car,s2_11_28,Not Deployed,s2_97_208,s1_below_1,Female,s2_37_80,s3_141_159,s2_164_318,s3_80_160,s2_2_4
9424,s2_885_1695,s2_n103_99,s4_n40_7,s1_below_4282,s3_3_4,s3_2003_2005,s2_760_2075,s4_37_47,Passenger Car,s2_11_28,Not Deployed,s2_97_208,s1_below_1,Female,s2_37_80,s3_141_159,s2_164_318,s4_160_220,s2_2_4
9425,s3_1695_2555,s2_n103_99,s4_n40_7,s1_below_4282,s1_below_2,s4_2005_2007,s2_760_2075,s1_below_7,Truck (<=6000 lbs.),s4_48_64,Not Deployed,s2_97_208,s1_below_1,Female,s2_37_80,s3_141_159,s2_164_318,s3_80_160,s2_2_4
9426,s3_1695_2555,s2_n103_99,s4_n40_7,s1_below_4282,s4_4_5,s2_2001_2003,s3_2075_3730,s3_17_37,Truck (<=6000 lbs.),s2_11_28,Not Deployed,s2_97_208,s1_below_1,Female,s2_37_80,s3_141_159,s2_164_318,s3_80_160,s2_2_4
9427,s2_885_1695,s2_n103_99,s4_n40_7,s1_below_4282,s4_4_5,s2_2001_2003,s2_760_2075,s3_17_37,Passenger Car,s2_11_28,Deployed,s2_97_208,s1_below_1,Female,s6_130_up,s3_141_159,s2_164_318,s3_80_160,s2_2_4
9428,s3_1695_2555,s2_n103_99,s4_n40_7,s1_below_4282,s1_below_2,s4_2005_2007,s2_760_2075,s3_17_37,Passenger Car,s3_28_48,Not Deployed,s2_97_208,s1_below_1,Female,s2_37_80,s4_159_169,s2_164_318,s4_160_220,s3_4_5
9429,s2_885_1695,s2_n103_99,s4_n40_7,s1_below_4282,s1_below_2,s3_2003_2005,s2_760_2075,s3_17_37,Passenger Car,s2_11_28,Deployed,s2_97_208,s1_below_1,Female,s2_37_80,s3_141_159,s2_164_318,s3_80_160,s2_2_4
9430,s2_885_1695,s2_n103_99,s4_n40_7,s1_below_4282,s1_below_2,s3_2003_2005,s2_760_2075,s3_17_37,Passenger Car,s2_11_28,Not Deployed,s2_97_208,s1_below_1,Male,s4_96_114,s3_141_159,s2_164_318,s3_80_160,s2_2_4
9431,s3_1695_2555,s2_n103_99,s4_n40_7,s1_below_4282,s6_6_up,s1_below_2001,s2_760_2075,s3_17_37,Truck (<=10000 lbs.),s3_28_48,Deployed,s2_97_208,s1_below_1,Male,s4_96_114,s5_169_179,s3_318_464,s3_80_160,s4_5_6
9432,s2_885_1695,s2_n103_99,s4_n40_7,s1_below_4282,s2_2_3,s3_2003_2005,s3_2075_3730,s3_17_37,Passenger Car,s4_48_64,Not Deployed,s2_97_208,s3_2_3,Female,s2_37_80,s3_141_159,s2_164_318,s2_40_80,s2_2_4
9433,s3_1695_2555,s2_n103_99,s4_n40_7,s1_below_4282,s1_below_2,s3_2003_2005,s2_760_2075,s5_47_57,Truck (<=6000 lbs.),s2_11_28,Not Deployed,s2_97_208,s1_below_1,Male,s2_37_80,s3_141_159,s2_164_318,s4_160_220,s2_2_4
9434,s2_885_1695,s2_n103_99,s4_n40_7,s1_below_4282,s3_3_4,s3_2003_2005,s2_760_2075,s5_47_57,Passenger Car,s3_28_48,Not Deployed,s2_97_208,s1_below_1,Female,s2_37_80,s3_141_159,s2_164_318,s4_160_220,s2_2_4
9435,s3_1695_2555,s2_n103_99,s5_7_up,s1_below_4282,s3_3_4,s4_2005_2007,s2_760_2075,s4_37_47,Passenger Car,s3_28_48,Not Deployed,s2_97_208,s1_below_1,Male,s3_80_96,s3_141_159,s2_164_318,s6_260_up,s3_4_5
9436,s3_1695_2555,s2_n103_99,s4_n40_7,s1_below_4282,s2_2_3,s3_2003_2005,s2_760_2075,s3_17_37,Truck (<=6000 lbs.),s3_28_48,Not Deployed,s2_97_208,s1_below_1,Male,s2_37_80,s3_141_159,s3_318_464,s3_80_160,s2_2_4
9437,s2_885_1695,s2_n103_99,s5_7_up,s1_below_4282,s1_below_2,s2_2001_2003,s2_760_2075,s3_17_37,Passenger Car,s2_11_28,Deployed,s2_97_208,s1_below_1,Female,s3_80_96,s3_141_159,s2_164_318,s6_260_up,s2_2_4
9438,s3_1695_2555,s2_n103_99,s4_n40_7,s1_below_4282,s3_3_4,s2_2001_2003,s2_760_2075,s3_17_37,Truck (<=6000 lbs.),s2_11_28,Deployed,s2_97_208,s1_below_1,Female,s2_37_80,s3_141_159,s2_164_318,s3_80_160,s2_2_4
9439,s3_1695_2555,s2_n103_99,s4_n40_7,s1_below_4282,s3_3_4,s3_2003_2005,s2_760_2075,s3_17_37,Truck (<=6000 lbs.),s3_28_48,Deployed,s2_97_208,s2_1_2,Male,s4_96_114,s3_141_159,s2_164_318,s3_80_160,s2_2_4
9440,s2_885_1695,s2_n103_99,s4_n40_7,s1_below_4282,s2_2_3,s4_2005_2007,s2_760_2075,s3_17_37,Passenger Car,s4_48_64,Not Deployed,s2_97_208,s2_1_2,Female,s2_37_80,s3_141_159,s2_164_318,s3_80_160,s2_2_4
9441,s3_1695_2555,s2_n103_99,s4_n40_7,s1_below_4282,s2_2_3,s4_2005_2007,s2_760_2075,s3_17_37,Passenger Car,s3_28_48,Not Deployed,s2_97_208,s1_below_1,Male,s3_80_96,s4_159_169,s2_164_318,s4_160_220,s3_4_5
9442,s2_885_1695,s2_n103_99,s4_n40_7,s1_below_4282,s1_below_2,s4_2005_2007,s2_760_2075,s4_37_47,Passenger Car,s4_48_64,Deployed,s2_97_208,s1_below_1,Female,s2_37_80,s3_141_159,s2_164_318,s3_80_160,s2_2_4
9443,s2_885_1695,s2_n103_99,s4_n40_7,s1_below_4282,s1_below_2,s3_2003_2005,s2_760_2075,s3_17_37,Passenger Car,s6_76_up,Deployed,s2_97_208,s1_below_1,Female,s2_37_80,s3_141_159,s2_164_318,s4_160_220,s2_2_4
9444,s2_885_1695,s2_n103_99,s4_n40_7,s1_below_4282,s3_3_4,s3_2003_2005,s2_760_2075,s3_17_37,Passenger Car,s5_64_76,Not Deployed,s2_97_208,s1_below_1,Female,s2_37_80,s3_141_159,s2_164_318,s3_80_160,s2_2_4
9445,s3_1695_2555,s2_n103_99,s4_n40_7,s1_below_4282,s1_below_2,s1_below_2001,s2_760_2075,s3_17_37,Truck (<=6000 lbs.),s4_48_64,Deployed,s2_97_208,s1_below_1,Female,s3_80_96,s4_159_169,s2_164_318,s3_80_160,s3_4_5
9446,s4_2555_3715,s2_n103_99,s4_n40_7,s1_below_4282,s4_4_5,s3_2003_2005,s2_760_2075,s3_17_37,Truck (<=10000 lbs.),s3_28_48,Not Deployed,s2_97_208,s1_below_1,Male,s2_37_80,s5_169_179,s3_318_464,s3_80_160,s4_5_6
9447,s2_885_1695,s2_n103_99,s4_n40_7,s1_below_4282,s3_3_4,s2_2001_2003,s2_760_2075,s5_47_57,Passenger Car,s6_76_up,Not Deployed,s2_97_208,s1_below_1,Female,s3_80_96,s3_141_159,s2_164_318,s3_80_160,s2_2_4
9448,s2_885_1695,s2_n103_99,s4_n40_7,s1_below_4282,s4_4_5,s3_2003_2005,s2_760_2075,s4_37_47,Passenger Car,s5_64_76,Not Deployed,s2_97_208,s2_1_2,Female,s2_37_80,s3_141_159,s2_164_318,s4_160_220,s2_2_4
9449,s2_885_1695,s2_n103_99,s4_n40_7,s1_below_4282,s1_below_2,s4_2005_2007,s2_760_2075,s3_17_37,Passenger Car,s2_11_28,Not Deployed,s2_97_208,s1_below_1,Female,s3_80_96,s3_141_159,s2_164_318,s3_80_160,s2_2_4
9450,s2_885_1695,s2_n103_99,s4_n40_7,s1_below_4282,s3_3_4,s2_2001_2003,s2_760_2075,s4_37_47,Passenger Car,s3_28_48,Not Deployed,s2_97_208,s2_1_2,Male,s3_80_96,s3_141_159,s2_164_318,s5_220_260,s2_2_4
9451,s2_885_1695,s2_n103_99,s5_7_up,s1_below_4282,s1_below_2,s3_2003_2005,s2_760_2075,s3_17_37,Passenger Car,s5_64_76,Not Deployed,s2_97_208,s1_below_1,Male,s3_80_96,s3_141_159,s2_164_318,s6_260_up,s2_2_4
9452,s3_1695_2555,s2_n103_99,s4_n40_7,s1_below_4282,s2_2_3,s3_2003_2005,s2_760_2075,s4_37_47,Truck (<=10000 lbs.),s4_48_64,Not Deployed,s2_97_208,s1_below_1,Female,s3_80_96,s5_169_179,s2_164_318,s3_80_160,s3_4_5
9453,s2_885_1695,s2_n103_99,s4_n40_7,s1_below_4282,s4_4_5,s3_2003_2005,s2_760_2075,s3_17_37,Passenger Car,s4_48_64,Not Deployed,s2_97_208,s3_2_3,Male,s3_80_96,s3_141_159,s2_164_318,s3_80_160,s2_2_4
9454,s2_885_1695,s2_n103_99,s4_n40_7,s1_below_4282,s1_below_2,s3_2003_2005,s2_760_2075,s6_57_up,Passenger Car,s2_11_28,Deployed,s2_97_208,s3_2_3,Male,s4_96_114,s3_141_159,s2_164_318,s3_80_160,s2_2_4
9455,s2_885_1695,s2_n103_99,s4_n40_7,s1_below_4282,s3_3_4,s3_2003_2005,s2_760_2075,s3_17_37,Passenger Car,s3_28_48,Not Deployed,s2_97_208,s1_below_1,Male,s2_37_80,s3_141_159,s2_164_318,s3_80_160,s2_2_4
9456,s3_1695_2555,s2_n103_99,s4_n40_7,s1_below_4282,s1_below_2,s3_2003_2005,s2_760_2075,s1_below_7,Truck (<=6000 lbs.),s3_28_48,Not Deployed,s2_97_208,s1_below_1,Female,s2_37_80,s3_141_159,s2_164_318,s2_40_80,s2_2_4
9457,s2_885_1695,s2_n103_99,s4_n40_7,s1_below_4282,s4_4_5,s3_2003_2005,s2_760_2075,s3_17_37,Passenger Car,s5_64_76,Not Deployed,s2_97_208,s2_1_2,Male,s2_37_80,s3_141_159,s2_164_318,s3_80_160,s2_2_4
9458,s2_885_1695,s2_n103_99,s4_n40_7,s1_below_4282,s4_4_5,s4_2005_2007,s2_760_2075,s3_17_37,Passenger Car,s2_11_28,Not Deployed,s2_97_208,s1_below_1,Female,s5_114_130,s3_141_159,s2_164_318,s3_80_160,s2_2_4
9459,s2_885_1695,s2_n103_99,s4_n40_7,s1_below_4282,s2_2_3,s3_2003_2005,s3_2075_3730,s5_47_57,Passenger Car,s5_64_76,Not Deployed,s2_97_208,s1_below_1,Female,s2_37_80,s3_141_159,s2_164_318,s3_80_160,s2_2_4
9460,s3_1695_2555,s2_n103_99,s4_n40_7,s1_below_4282,s4_4_5,s2_2001_2003,s2_760_2075,s5_47_57,Passenger Car,s2_11_28,Deployed,s2_97_208,s1_below_1,Male,s2_37_80,s3_141_159,s2_164_318,s4_160_220,s2_2_4
9461,s2_885_1695,s2_n103_99,s4_n40_7,s1_below_4282,s2_2_3,s1_below_2001,s2_760_2075,s3_17_37,Passenger Car,s2_11_28,Not Deployed,s2_97_208,s1_below_1,Female,s2_37_80,s3_141_159,s2_164_318,s3_80_160,s2_2_4
9462,s2_885_1695,s2_n103_99,s5_7_up,s1_below_4282,s2_2_3,s3_2003_2005,s2_760_2075,s3_17_37,Passenger Car,s3_28_48,Not Deployed,s2_97_208,s1_below_1,Female,s3_80_96,s3_141_159,s2_164_318,s6_260_up,s2_2_4
9463,s2_885_1695,s2_n103_99,s4_n40_7,s1_below_4282,s2_2_3,s3_2003_2005,s2_760_2075,s3_17_37,Truck (<=6000 lbs.),s2_11_28,Deployed,s2_97_208,s1_below_1,Male,s2_37_80,s3_141_159,s3_318_464,s3_80_160,s2_2_4
9464,s2_885_1695,s2_n103_99,s5_7_up,s1_below_4282,s2_2_3,s4_2005_2007,s2_760_2075,s3_17_37,Passenger Car,s2_11_28,Not Deployed,s2_97_208,s1_below_1,Female,s2_37_80,s3_141_159,s2_164_318,s6_260_up,s2_2_4
9465,s2_885_1695,s2_n103_99,s5_7_up,s1_below_4282,s2_2_3,s4_2005_2007,s2_760_2075,s4_37_47,Passenger Car,s2_11_28,Not Deployed,s2_97_208,s1_below_1,Male,s2_37_80,s3_141_159,s2_164_318,s5_220_260,s2_2_4
9466,s2_885_1695,s2_n103_99,s3_n81_n40,s2_4282_6970,s1_below_2,s3_2003_2005,s2_760_2075,s5_47_57,Passenger Car,s4_48_64,Deployed,s2_97_208,s5_4_5,Male,s2_37_80,s3_141_159,s2_164_318,s3_80_160,s2_2_4
9467,s3_1695_2555,s2_n103_99,s4_n40_7,s1_below_4282,s1_below_2,s3_2003_2005,s2_760_2075,s5_47_57,Truck (<=6000 lbs.),s5_64_76,Not Deployed,s2_97_208,s1_below_1,Male,s4_96_114,s4_159_169,s2_164_318,s3_80_160,s3_4_5
9468,s2_885_1695,s2_n103_99,s4_n40_7,s1_below_4282,s1_below_2,s1_below_2001,s2_760_2075,s4_37_47,Passenger Car,s6_76_up,Not Deployed,s2_97_208,s1_below_1,Female,s2_37_80,s3_141_159,s2_164_318,s4_160_220,s2_2_4
9469,s3_1695_2555,s2_n103_99,s5_7_up,s1_below_4282,s1_below_2,s1_below_2001,s3_2075_3730,s3_17_37,Truck (<=10000 lbs.),s4_48_64,Not Deployed,s2_97_208,s1_below_1,Male,s4_96_114,s4_159_169,s3_318_464,s6_260_up,s4_5_6
9470,s2_885_1695,s2_n103_99,s4_n40_7,s1_below_4282,s1_below_2,s1_below_2001,s2_760_2075,s3_17_37,Passenger Car,s3_28_48,Deployed,s2_97_208,s1_below_1,Female,s2_37_80,s3_141_159,s2_164_318,s4_160_220,s2_2_4
9471,s3_1695_2555,s2_n103_99,s5_7_up,s1_below_4282,s4_4_5,s4_2005_2007,s3_2075_3730,s3_17_37,Passenger Car,s2_11_28,Not Deployed,s2_97_208,s1_below_1,Male,s2_37_80,s4_159_169,s2_164_318,s6_260_up,s3_4_5
9472,s2_885_1695,s2_n103_99,s4_n40_7,s1_below_4282,s1_below_2,s2_2001_2003,s2_760_2075,s3_17_37,Passenger Car,s4_48_64,Deployed,s2_97_208,s1_below_1,Male,s3_80_96,s3_141_159,s2_164_318,s3_80_160,s2_2_4
9473,s2_885_1695,s2_n103_99,s3_n81_n40,s1_below_4282,s4_4_5,s2_2001_2003,s2_760_2075,s4_37_47,Passenger Car,s3_28_48,Deployed,s2_97_208,s1_below_1,Male,s2_37_80,s3_141_159,s2_164_318,s3_80_160,s2_2_4
9474,s2_885_1695,s2_n103_99,s5_7_up,s1_below_4282,s4_4_5,s4_2005_2007,s2_760_2075,s3_17_37,Passenger Car,s4_48_64,Not Deployed,s2_97_208,s1_below_1,Female,s2_37_80,s3_141_159,s2_164_318,s6_260_up,s2_2_4
9475,s2_885_1695,s2_n103_99,s5_7_up,s1_below_4282,s4_4_5,s4_2005_2007,s2_760_2075,s3_17_37,Passenger Car,s5_64_76,Not Deployed,s2_97_208,s1_below_1,Male,s2_37_80,s3_141_159,s2_164_318,s4_160_220,s2_2_4
9476,s2_885_1695,s2_n103_99,s4_n40_7,s1_below_4282,s1_below_2,s4_2005_2007,s2_760_2075,s3_17_37,Passenger Car,s6_76_up,Not Deployed,s2_97_208,s1_below_1,Male,s2_37_80,s3_141_159,s2_164_318,s4_160_220,s2_2_4
9477,s2_885_1695,s2_n103_99,s4_n40_7,s1_below_4282,s1_below_2,s2_2001_2003,s2_760_2075,s3_17_37,Passenger Car,s5_64_76,Not Deployed,s2_97_208,s1_below_1,Male,s4_96_114,s3_141_159,s2_164_318,s4_160_220,s2_2_4
9478,s3_1695_2555,s2_n103_99,s4_n40_7,s1_below_4282,s2_2_3,s2_2001_2003,s2_760_2075,s3_17_37,Truck (<=6000 lbs.),s2_11_28,Deployed,s2_97_208,s1_below_1,Female,s2_37_80,s4_159_169,s2_164_318,s3_80_160,s2_2_4
9479,s2_885_1695,s2_n103_99,s5_7_up,s1_below_4282,s3_3_4,s2_2001_2003,s2_760_2075,s3_17_37,Passenger Car,s6_76_up,Not Deployed,s2_97_208,s1_below_1,Male,s3_80_96,s3_141_159,s2_164_318,s6_260_up,s2_2_4
9480,s3_1695_2555,s2_n103_99,s4_n40_7,s1_below_4282,s2_2_3,s4_2005_2007,s2_760_2075,s4_37_47,Truck (<=6000 lbs.),s5_64_76,Deployed,s2_97_208,s1_below_1,Female,s3_80_96,s4_159_169,s2_164_318,s3_80_160,s3_4_5
9481,s2_885_1695,s2_n103_99,s4_n40_7,s1_below_4282,s1_below_2,s3_2003_2005,s3_2075_3730,s4_37_47,Passenger Car,s3_28_48,Deployed,s2_97_208,s1_below_1,Female,s2_37_80,s3_141_159,s2_164_318,s3_80_160,s2_2_4
9482,s2_885_1695,s2_n103_99,s4_n40_7,s1_below_4282,s1_below_2,s3_2003_2005,s2_760_2075,s1_below_7,Passenger Car,s6_76_up,Not Deployed,s2_97_208,s1_below_1,Male,s2_37_80,s3_141_159,s2_164_318,s2_40_80,s2_2_4
9483,s2_885_1695,s2_n103_99,s4_n40_7,s1_below_4282,s1_below_2,s2_2001_2003,s2_760_2075,s3_17_37,Passenger Car,s2_11_28,Not Deployed,s2_97_208,s1_below_1,Female,s4_96_114,s3_141_159,s2_164_318,s4_160_220,s2_2_4
9484,s3_1695_2555,s2_n103_99,s3_n81_n40,s1_below_4282,s3_3_4,s2_2001_2003,s2_760_2075,s4_37_47,Truck (<=6000 lbs.),s2_11_28,Deployed,s2_97_208,s1_below_1,Female,s2_37_80,s3_141_159,s2_164_318,s3_80_160,s2_2_4
9485,s2_885_1695,s2_n103_99,s4_n40_7,s1_below_4282,s2_2_3,s1_below_2001,s2_760_2075,s3_17_37,Passenger Car,s4_48_64,Deployed,s2_97_208,s1_below_1,Male,s3_80_96,s3_141_159,s2_164_318,s3_80_160,s2_2_4
9486,s2_885_1695,s2_n103_99,s4_n40_7,s1_below_4282,s1_below_2,s2_2001_2003,s2_760_2075,s4_37_47,Passenger Car,s3_28_48,Not Deployed,s2_97_208,s1_below_1,Male,s2_37_80,s3_141_159,s2_164_318,s4_160_220,s2_2_4
9487,s2_885_1695,s2_n103_99,s4_n40_7,s1_below_4282,s3_3_4,s2_2001_2003,s3_2075_3730,s3_17_37,Truck (<=6000 lbs.),s4_48_64,Deployed,s2_97_208,s1_below_1,Male,s2_37_80,s3_141_159,s2_164_318,s4_160_220,s2_2_4
9488,s4_2555_3715,s2_n103_99,s4_n40_7,s1_below_4282,s2_2_3,s2_2001_2003,s2_760_2075,s3_17_37,Truck (<=10000 lbs.),s2_11_28,Not Deployed,s2_97_208,s3_2_3,Female,s2_37_80,s5_169_179,s2_164_318,s3_80_160,s3_4_5
9489,s3_1695_2555,s2_n103_99,s4_n40_7,s1_below_4282,s1_below_2,s1_below_2001,s3_2075_3730,s5_47_57,Truck (<=10000 lbs.),s4_48_64,Not Deployed,s2_97_208,s1_below_1,Male,s6_130_up,s4_159_169,s3_318_464,s3_80_160,s4_5_6
9490,s3_1695_2555,s2_n103_99,s4_n40_7,s1_below_4282,s1_below_2,s4_2005_2007,s3_2075_3730,s3_17_37,Truck (<=10000 lbs.),s2_11_28,Deployed,s2_97_208,s1_below_1,Female,s2_37_80,s5_169_179,s3_318_464,s3_80_160,s4_5_6
9491,s3_1695_2555,s2_n103_99,s4_n40_7,s1_below_4282,s2_2_3,s1_below_2001,s2_760_2075,s3_17_37,Truck (<=6000 lbs.),s3_28_48,Not Deployed,s2_97_208,s1_below_1,Male,s3_80_96,s3_141_159,s2_164_318,s4_160_220,s3_4_5
9492,s3_1695_2555,s2_n103_99,s4_n40_7,s1_below_4282,s1_below_2,s1_below_2001,s3_2075_3730,s3_17_37,Truck (<=6000 lbs.),s3_28_48,Deployed,s2_97_208,s1_below_1,Male,s5_114_130,s3_141_159,s2_164_318,s2_40_80,s3_4_5
9493,s2_885_1695,s2_n103_99,s4_n40_7,s1_below_4282,s1_below_2,s1_below_2001,s2_760_2075,s3_17_37,Passenger Car,s2_11_28,Deployed,s2_97_208,s1_below_1,Female,s2_37_80,s3_141_159,s2_164_318,s3_80_160,s2_2_4
9494,s2_885_1695,s2_n103_99,s4_n40_7,s1_below_4282,s4_4_5,s3_2003_2005,s2_760_2075,s3_17_37,Passenger Car,s3_28_48,Deployed,s2_97_208,s1_below_1,Female,s3_80_96,s3_141_159,s2_164_318,s3_80_160,s2_2_4
9495,s2_885_1695,s2_n103_99,s4_n40_7,s1_below_4282,s1_below_2,s1_below_2001,s2_760_2075,s3_17_37,Passenger Car,s2_11_28,Deployed,s2_97_208,s3_2_3,Female,s6_130_up,s3_141_159,s2_164_318,s4_160_220,s2_2_4
9496,s2_885_1695,s2_n103_99,s4_n40_7,s1_below_4282,s1_below_2,s3_2003_2005,s2_760_2075,s3_17_37,Passenger Car,s4_48_64,Deployed,s2_97_208,s1_below_1,Male,s2_37_80,s3_141_159,s2_164_318,s3_80_160,s2_2_4
9497,s2_885_1695,s2_n103_99,s4_n40_7,s1_below_4282,s3_3_4,s3_2003_2005,s3_2075_3730,s5_47_57,Passenger Car,s2_11_28,Deployed,s2_97_208,s1_below_1,Male,s3_80_96,s3_141_159,s2_164_318,s3_80_160,s2_2_4
9498,s3_1695_2555,s2_n103_99,s5_7_up,s1_below_4282,s3_3_4,s2_2001_2003,s2_760_2075,s5_47_57,Truck (<=10000 lbs.),s3_28_48,Not Deployed,s2_97_208,s1_below_1,Female,s2_37_80,s3_141_159,s3_318_464,s6_260_up,s3_4_5
9499,s2_885_1695,s2_n103_99,s5_7_up,s1_below_4282,s3_3_4,s2_2001_2003,s3_2075_3730,s3_17_37,Passenger Car,s2_11_28,Deployed,s2_97_208,s1_below_1,Female,s2_37_80,s3_141_159,s2_164_318,s6_260_up,s2_2_4
9500,s2_885_1695,s2_n103_99,s4_n40_7,s1_below_4282,s3_3_4,s3_2003_2005,s2_760_2075,s3_17_37,Passenger Car,s3_28_48,Deployed,s2_97_208,s1_below_1,Male,s3_80_96,s3_141_159,s2_164_318,s3_80_160,s2_2_4
9501,s3_1695_2555,s2_n103_99,s4_n40_7,s1_below_4282,s3_3_4,s3_2003_2005,s2_760_2075,s4_37_47,Truck (<=10000 lbs.),s3_28_48,Not Deployed,s2_97_208,s1_below_1,Male,s4_96_114,s4_159_169,s3_318_464,s3_80_160,s4_5_6
9502,s2_885_1695,s2_n103_99,s4_n40_7,s1_below_4282,s4_4_5,s2_2001_2003,s2_760_2075,s4_37_47,Passenger Car,s2_11_28,Not Deployed,s2_97_208,s1_below_1,Male,s3_80_96,s3_141_159,s2_164_318,s3_80_160,s2_2_4
9503,s3_1695_2555,s2_n103_99,s4_n40_7,s1_below_4282,s3_3_4,s1_below_2001,s2_760_2075,s3_17_37,Truck (<=10000 lbs.),s4_48_64,Deployed,s2_97_208,s1_below_1,Male,s2_37_80,s3_141_159,s2_164_318,s3_80_160,s2_2_4
9504,s2_885_1695,s2_n103_99,s4_n40_7,s1_below_4282,s4_4_5,s2_2001_2003,s2_760_2075,s4_37_47,Passenger Car,s3_28_48,Deployed,s2_97_208,s1_below_1,Male,s6_130_up,s3_141_159,s2_164_318,s3_80_160,s2_2_4
9505,s2_885_1695,s2_n103_99,s4_n40_7,s1_below_4282,s3_3_4,s1_below_2001,s2_760_2075,s4_37_47,Passenger Car,s2_11_28,Deployed,s2_97_208,s1_below_1,Male,s2_37_80,s3_141_159,s2_164_318,s3_80_160,s2_2_4
9506,s2_885_1695,s2_n103_99,s5_7_up,s1_below_4282,s3_3_4,s4_2005_2007,s2_760_2075,s4_37_47,Passenger Car,s3_28_48,Deployed,s2_97_208,s1_below_1,Female,s2_37_80,s3_141_159,s2_164_318,s6_260_up,s2_2_4
9507,s3_1695_2555,s2_n103_99,s5_7_up,s1_below_4282,s2_2_3,s3_2003_2005,s2_760_2075,s4_37_47,Truck (<=6000 lbs.),s3_28_48,Not Deployed,s2_97_208,s1_below_1,Female,s2_37_80,s3_141_159,s2_164_318,s6_260_up,s2_2_4
9508,s3_1695_2555,s2_n103_99,s4_n40_7,s1_below_4282,s1_below_2,s1_below_2001,s2_760_2075,s3_17_37,Truck (<=6000 lbs.),s2_11_28,Deployed,s2_97_208,s1_below_1,Female,s2_37_80,s3_141_159,s2_164_318,s3_80_160,s2_2_4
9509,s2_885_1695,s2_n103_99,s4_n40_7,s1_below_4282,s1_below_2,s2_2001_2003,s2_760_2075,s4_37_47,Passenger Car,s3_28_48,Not Deployed,s2_97_208,s1_below_1,Male,s2_37_80,s3_141_159,s2_164_318,s2_40_80,s2_2_4
9510,s2_885_1695,s2_n103_99,s4_n40_7,s1_below_4282,s1_below_2,s3_2003_2005,s2_760_2075,s3_17_37,Passenger Car,s4_48_64,Not Deployed,s2_97_208,s1_below_1,Male,s3_80_96,s3_141_159,s2_164_318,s2_40_80,s2_2_4
9511,s3_1695_2555,s2_n103_99,s4_n40_7,s1_below_4282,s3_3_4,s3_2003_2005,s2_760_2075,s3_17_37,Truck (<=6000 lbs.),s3_28_48,Not Deployed,s2_97_208,s1_below_1,Male,s4_96_114,s3_141_159,s2_164_318,s3_80_160,s2_2_4
9512,s2_885_1695,s2_n103_99,s4_n40_7,s1_below_4282,s3_3_4,s2_2001_2003,s3_2075_3730,s3_17_37,Passenger Car,s6_76_up,Deployed,s2_97_208,s2_1_2,Female,s3_80_96,s3_141_159,s2_164_318,s4_160_220,s2_2_4
9513,s2_885_1695,s2_n103_99,s4_n40_7,s1_below_4282,s3_3_4,s1_below_2001,s2_760_2075,s4_37_47,Passenger Car,s3_28_48,Deployed,s2_97_208,s1_below_1,Male,s3_80_96,s3_141_159,s2_164_318,s3_80_160,s2_2_4
9514,s2_885_1695,s2_n103_99,s4_n40_7,s1_below_4282,s1_below_2,s1_below_2001,s2_760_2075,s3_17_37,Passenger Car,s2_11_28,Deployed,s2_97_208,s1_below_1,Male,s2_37_80,s3_141_159,s2_164_318,s3_80_160,s2_2_4
9515,s2_885_1695,s2_n103_99,s5_7_up,s1_below_4282,s1_below_2,s1_below_2001,s2_760_2075,s6_57_up,Passenger Car,s2_11_28,Deployed,s2_97_208,s1_below_1,Male,s2_37_80,s3_141_159,s2_164_318,s6_260_up,s2_2_4
9516,s2_885_1695,s2_n103_99,s4_n40_7,s1_below_4282,s1_below_2,s1_below_2001,s2_760_2075,s6_57_up,Truck (<=6000 lbs.),s4_48_64,Deployed,s2_97_208,s1_below_1,Male,s2_37_80,s3_141_159,s3_318_464,s3_80_160,s2_2_4
9517,s2_885_1695,s2_n103_99,s4_n40_7,s1_below_4282,s1_below_2,s1_below_2001,s2_760_2075,s3_17_37,Passenger Car,s2_11_28,Deployed,s2_97_208,s3_2_3,Male,s2_37_80,s3_141_159,s2_164_318,s3_80_160,s2_2_4
9518,s3_1695_2555,s2_n103_99,s4_n40_7,s1_below_4282,s2_2_3,s3_2003_2005,s2_760_2075,s5_47_57,Truck (<=6000 lbs.),s3_28_48,Deployed,s2_97_208,s1_below_1,Female,s2_37_80,s4_159_169,s2_164_318,s3_80_160,s3_4_5
9519,s2_885_1695,s2_n103_99,s4_n40_7,s1_below_4282,s1_below_2,s1_below_2001,s2_760_2075,s3_17_37,Passenger Car,s2_11_28,Not Deployed,s2_97_208,s1_below_1,Male,s4_96_114,s3_141_159,s2_164_318,s3_80_160,s2_2_4
9520,s2_885_1695,s2_n103_99,s5_7_up,s1_below_4282,s2_2_3,s3_2003_2005,s2_760_2075,s4_37_47,Passenger Car,s2_11_28,Not Deployed,s2_97_208,s2_1_2,Male,s2_37_80,s3_141_159,s2_164_318,s6_260_up,s2_2_4
9521,s3_1695_2555,s2_n103_99,s4_n40_7,s1_below_4282,s2_2_3,s1_below_2001,s2_760_2075,s4_37_47,Truck (<=6000 lbs.),s3_28_48,Deployed,s2_97_208,s1_below_1,Female,s2_37_80,s4_159_169,s2_164_318,s3_80_160,s3_4_5
9522,s4_2555_3715,s2_n103_99,s4_n40_7,s1_below_4282,s3_3_4,s4_2005_2007,s2_760_2075,s3_17_37,Truck (<=10000 lbs.),s4_48_64,Deployed,s2_97_208,s1_below_1,Male,s4_96_114,s5_169_179,s2_164_318,s3_80_160,s3_4_5
9523,s3_1695_2555,s2_n103_99,s4_n40_7,s1_below_4282,s2_2_3,s4_2005_2007,s2_760_2075,s4_37_47,Truck (<=6000 lbs.),s3_28_48,Deployed,s2_97_208,s1_below_1,Female,s2_37_80,s3_141_159,s2_164_318,s4_160_220,s2_2_4
9524,s2_885_1695,s2_n103_99,s5_7_up,s1_below_4282,s4_4_5,s3_2003_2005,s2_760_2075,s5_47_57,Passenger Car,s2_11_28,Not Deployed,s2_97_208,s2_1_2,Female,s2_37_80,s3_141_159,s2_164_318,s6_260_up,s2_2_4
9525,s3_1695_2555,s2_n103_99,s4_n40_7,s1_below_4282,s2_2_3,s1_below_2001,s2_760_2075,s3_17_37,Truck (<=6000 lbs.),s4_48_64,Not Deployed,s2_97_208,s1_below_1,Male,s4_96_114,s4_159_169,s3_318_464,s3_80_160,s4_5_6
9526,s2_885_1695,s2_n103_99,s4_n40_7,s1_below_4282,s1_below_2,s2_2001_2003,s2_760_2075,s3_17_37,Passenger Car,s3_28_48,Not Deployed,s2_97_208,s1_below_1,Female,s2_37_80,s3_141_159,s2_164_318,s3_80_160,s2_2_4
9527,s3_1695_2555,s2_n103_99,s4_n40_7,s1_below_4282,s1_below_2,s1_below_2001,s2_760_2075,s5_47_57,Truck (<=10000 lbs.),s2_11_28,Deployed,s2_97_208,s1_below_1,Male,s3_80_96,s5_169_179,s3_318_464,s3_80_160,s4_5_6
9528,s2_885_1695,s2_n103_99,s4_n40_7,s1_below_4282,s1_below_2,s4_2005_2007,s3_2075_3730,s3_17_37,Passenger Car,s6_76_up,Deployed,s2_97_208,s5_4_5,Male,s6_130_up,s3_141_159,s2_164_318,s3_80_160,s2_2_4
9529,s2_885_1695,s2_n103_99,s4_n40_7,s1_below_4282,s1_below_2,s3_2003_2005,s2_760_2075,s4_37_47,Passenger Car,s3_28_48,Not Deployed,s2_97_208,s4_3_4,Female,s2_37_80,s3_141_159,s2_164_318,s2_40_80,s2_2_4
9530,s2_885_1695,s2_n103_99,s4_n40_7,s1_below_4282,s1_below_2,s3_2003_2005,s2_760_2075,s3_17_37,Passenger Car,s3_28_48,Deployed,s2_97_208,s1_below_1,Female,s4_96_114,s3_141_159,s2_164_318,s3_80_160,s2_2_4
9531,s3_1695_2555,s2_n103_99,s4_n40_7,s1_below_4282,s2_2_3,s3_2003_2005,s2_760_2075,s4_37_47,Truck (<=10000 lbs.),s4_48_64,Deployed,s2_97_208,s1_below_1,Male,s2_37_80,s3_141_159,s3_318_464,s3_80_160,s3_4_5
9532,s3_1695_2555,s2_n103_99,s4_n40_7,s1_below_4282,s3_3_4,s4_2005_2007,s2_760_2075,s4_37_47,Passenger Car,s3_28_48,Deployed,s2_97_208,s1_below_1,Male,s4_96_114,s3_141_159,s2_164_318,s3_80_160,s2_2_4
9533,s3_1695_2555,s2_n103_99,s4_n40_7,s1_below_4282,s2_2_3,s3_2003_2005,s2_760_2075,s5_47_57,Passenger Car,s6_76_up,Not Deployed,s2_97_208,s2_1_2,Male,s2_37_80,s4_159_169,s2_164_318,s3_80_160,s3_4_5
9534,s2_885_1695,s2_n103_99,s4_n40_7,s1_below_4282,s1_below_2,s2_2001_2003,s2_760_2075,s5_47_57,Passenger Car,s4_48_64,Not Deployed,s2_97_208,s3_2_3,Female,s2_37_80,s3_141_159,s2_164_318,s2_40_80,s2_2_4
9535,s2_885_1695,s2_n103_99,s5_7_up,s1_below_4282,s1_below_2,s4_2005_2007,s3_2075_3730,s4_37_47,Passenger Car,s3_28_48,Not Deployed,s2_97_208,s1_below_1,Female,s2_37_80,s3_141_159,s2_164_318,s4_160_220,s2_2_4
9536,s2_885_1695,s2_n103_99,s4_n40_7,s1_below_4282,s1_below_2,s2_2001_2003,s2_760_2075,s4_37_47,Truck (<=6000 lbs.),s3_28_48,Deployed,s2_97_208,s1_below_1,Female,s3_80_96,s3_141_159,s2_164_318,s3_80_160,s2_2_4
9537,s2_885_1695,s2_n103_99,s4_n40_7,s1_below_4282,s4_4_5,s4_2005_2007,s2_760_2075,s4_37_47,Passenger Car,s4_48_64,Not Deployed,s2_97_208,s2_1_2,Male,s3_80_96,s3_141_159,s2_164_318,s4_160_220,s2_2_4
9538,s3_1695_2555,s2_n103_99,s4_n40_7,s1_below_4282,s3_3_4,s4_2005_2007,s3_2075_3730,s4_37_47,Truck (<=6000 lbs.),s2_11_28,Deployed,s2_97_208,s1_below_1,Female,s2_37_80,s4_159_169,s2_164_318,s3_80_160,s2_2_4
9539,s3_1695_2555,s2_n103_99,s4_n40_7,s1_below_4282,s3_3_4,s2_2001_2003,s2_760_2075,s4_37_47,Truck (<=10000 lbs.),s3_28_48,Not Deployed,s2_97_208,s1_below_1,Male,s2_37_80,s4_159_169,s3_318_464,s4_160_220,s4_5_6
9540,s2_885_1695,s2_n103_99,s4_n40_7,s1_below_4282,s4_4_5,s4_2005_2007,s2_760_2075,s3_17_37,Passenger Car,s2_11_28,Deployed,s2_97_208,s1_below_1,Female,s2_37_80,s3_141_159,s2_164_318,s3_80_160,s2_2_4
9541,s4_2555_3715,s2_n103_99,s4_n40_7,s1_below_4282,s3_3_4,s2_2001_2003,s2_760_2075,s3_17_37,Truck (<=10000 lbs.),s3_28_48,Deployed,s2_97_208,s1_below_1,Male,s4_96_114,s4_159_169,s3_318_464,s3_80_160,s4_5_6
9542,s2_885_1695,s2_n103_99,s4_n40_7,s1_below_4282,s1_below_2,s1_below_2001,s2_760_2075,s3_17_37,Passenger Car,s2_11_28,Deployed,s2_97_208,s3_2_3,Male,s2_37_80,s3_141_159,s2_164_318,s3_80_160,s2_2_4
9543,s3_1695_2555,s2_n103_99,s4_n40_7,s1_below_4282,s3_3_4,s3_2003_2005,s2_760_2075,s3_17_37,Truck (<=6000 lbs.),s3_28_48,Deployed,s2_97_208,s1_below_1,Male,s3_80_96,s3_141_159,s2_164_318,s3_80_160,s2_2_4
9544,s3_1695_2555,s2_n103_99,s4_n40_7,s1_below_4282,s4_4_5,s1_below_2001,s2_760_2075,s3_17_37,Truck (<=6000 lbs.),s3_28_48,Not Deployed,s2_97_208,s1_below_1,Female,s2_37_80,s3_141_159,s2_164_318,s4_160_220,s2_2_4
9545,s2_885_1695,s2_n103_99,s4_n40_7,s1_below_4282,s1_below_2,s4_2005_2007,s2_760_2075,s3_17_37,Passenger Car,s2_11_28,Not Deployed,s2_97_208,s1_below_1,Female,s2_37_80,s3_141_159,s2_164_318,s3_80_160,s2_2_4
9546,s2_885_1695,s2_n103_99,s4_n40_7,s1_below_4282,s1_below_2,s1_below_2001,s2_760_2075,s3_17_37,Passenger Car,s3_28_48,Not Deployed,s2_97_208,s1_below_1,Female,s2_37_80,s3_141_159,s2_164_318,s4_160_220,s2_2_4
9547,s2_885_1695,s2_n103_99,s2_n112_n81,s2_4282_6970,s1_below_2,s1_below_2001,s2_760_2075,s6_57_up,Passenger Car,s2_11_28,Deployed,s2_97_208,s5_4_5,Female,s2_37_80,s3_141_159,s2_164_318,s3_80_160,s2_2_4
9548,s3_1695_2555,s2_n103_99,s3_n81_n40,s1_below_4282,s1_below_2,s1_below_2001,s2_760_2075,s6_57_up,Passenger Car,s4_48_64,Deployed,s2_97_208,s6_5_up,Male,s6_130_up,s3_141_159,s2_164_318,s3_80_160,s2_2_4
9549,s2_885_1695,s2_n103_99,s4_n40_7,s1_below_4282,s3_3_4,s1_below_2001,s2_760_2075,s3_17_37,Passenger Car,s6_76_up,Deployed,s2_97_208,s3_2_3,Female,s2_37_80,s3_141_159,s2_164_318,s3_80_160,s2_2_4
9550,s2_885_1695,s2_n103_99,s4_n40_7,s1_below_4282,s4_4_5,s4_2005_2007,s2_760_2075,s3_17_37,Passenger Car,s3_28_48,Deployed,s2_97_208,s2_1_2,Male,s2_37_80,s3_141_159,s2_164_318,s4_160_220,s2_2_4
9551,s2_885_1695,s2_n103_99,s3_n81_n40,s1_below_4282,s1_below_2,s1_below_2001,s3_2075_3730,s3_17_37,Passenger Car,s6_76_up,Not Deployed,s2_97_208,s4_3_4,Female,s2_37_80,s3_141_159,s2_164_318,s3_80_160,s2_2_4
9552,s2_885_1695,s2_n103_99,s4_n40_7,s1_below_4282,s2_2_3,s4_2005_2007,s2_760_2075,s3_17_37,Truck (<=6000 lbs.),s5_64_76,Not Deployed,s2_97_208,s1_below_1,Female,s3_80_96,s3_141_159,s2_164_318,s4_160_220,s2_2_4
9553,s2_885_1695,s2_n103_99,s4_n40_7,s1_below_4282,s3_3_4,s1_below_2001,s3_2075_3730,s3_17_37,Truck (<=6000 lbs.),s3_28_48,Not Deployed,s2_97_208,s1_below_1,Male,s3_80_96,s3_141_159,s2_164_318,s3_80_160,s2_2_4
9554,s2_885_1695,s2_n103_99,s4_n40_7,s1_below_4282,s2_2_3,s1_below_2001,s2_760_2075,s3_17_37,Passenger Car,s3_28_48,Deployed,s2_97_208,s1_below_1,Male,s3_80_96,s3_141_159,s2_164_318,s3_80_160,s2_2_4
9555,s3_1695_2555,s2_n103_99,s4_n40_7,s1_below_4282,s4_4_5,s1_below_2001,s2_760_2075,s4_37_47,Truck (<=6000 lbs.),s2_11_28,Deployed,s2_97_208,s1_below_1,Male,s3_80_96,s3_141_159,s2_164_318,s3_80_160,s2_2_4
9556,s2_885_1695,s2_n103_99,s4_n40_7,s1_below_4282,s1_below_2,s1_below_2001,s2_760_2075,s3_17_37,Passenger Car,s3_28_48,Not Deployed,s2_97_208,s1_below_1,Female,s3_80_96,s3_141_159,s2_164_318,s3_80_160,s2_2_4
9557,s3_1695_2555,s2_n103_99,s4_n40_7,s1_below_4282,s4_4_5,s1_below_2001,s2_760_2075,s3_17_37,Truck (<=6000 lbs.),s3_28_48,Deployed,s2_97_208,s1_below_1,Female,s2_37_80,s4_159_169,s2_164_318,s3_80_160,s3_4_5
9558,s3_1695_2555,s2_n103_99,s4_n40_7,s1_below_4282,s2_2_3,s2_2001_2003,s2_760_2075,s3_17_37,Truck (<=10000 lbs.),s2_11_28,Deployed,s2_97_208,s3_2_3,Male,s2_37_80,s3_141_159,s2_164_318,s3_80_160,s2_2_4
9559,s3_1695_2555,s2_n103_99,s4_n40_7,s1_below_4282,s1_below_2,s4_2005_2007,s2_760_2075,s3_17_37,Truck (<=6000 lbs.),s3_28_48,Not Deployed,s2_97_208,s1_below_1,Female,s2_37_80,s4_159_169,s2_164_318,s4_160_220,s2_2_4
9560,s2_885_1695,s2_n103_99,s4_n40_7,s1_below_4282,s2_2_3,s3_2003_2005,s2_760_2075,s3_17_37,Passenger Car,s3_28_48,Deployed,s2_97_208,s1_below_1,Female,s2_37_80,s3_141_159,s2_164_318,s3_80_160,s2_2_4
9561,s3_1695_2555,s2_n103_99,s4_n40_7,s1_below_4282,s2_2_3,s3_2003_2005,s3_2075_3730,s4_37_47,Truck (<=10000 lbs.),s3_28_48,Not Deployed,s2_97_208,s1_below_1,Male,s6_130_up,s5_169_179,s3_318_464,s4_160_220,s4_5_6
9562,s2_885_1695,s2_n103_99,s3_n81_n40,s1_below_4282,s3_3_4,s2_2001_2003,s3_2075_3730,s4_37_47,Truck (<=6000 lbs.),s3_28_48,Not Deployed,s2_97_208,s1_below_1,Male,s2_37_80,s2_116_141,s2_164_318,s3_80_160,s2_2_4
9563,s2_885_1695,s2_n103_99,s4_n40_7,s1_below_4282,s2_2_3,s4_2005_2007,s2_760_2075,s3_17_37,Passenger Car,s3_28_48,Deployed,s2_97_208,s1_below_1,Male,s3_80_96,s3_141_159,s2_164_318,s2_40_80,s2_2_4
9564,s3_1695_2555,s2_n103_99,s4_n40_7,s1_below_4282,s1_below_2,s3_2003_2005,s2_760_2075,s3_17_37,Passenger Car,s3_28_48,Not Deployed,s2_97_208,s1_below_1,Male,s3_80_96,s4_159_169,s2_164_318,s2_40_80,s2_2_4
9565,s2_885_1695,s2_n103_99,s4_n40_7,s1_below_4282,s1_below_2,s2_2001_2003,s2_760_2075,s4_37_47,Passenger Car,s4_48_64,Deployed,s2_97_208,s2_1_2,Female,s2_37_80,s3_141_159,s2_164_318,s3_80_160,s2_2_4
9566,s2_885_1695,s2_n103_99,s4_n40_7,s1_below_4282,s3_3_4,s2_2001_2003,s2_760_2075,s3_17_37,Passenger Car,s2_11_28,Deployed,s2_97_208,s1_below_1,Male,s3_80_96,s3_141_159,s2_164_318,s3_80_160,s2_2_4
9567,s2_885_1695,s2_n103_99,s4_n40_7,s1_below_4282,s1_below_2,s2_2001_2003,s2_760_2075,s4_37_47,Passenger Car,s2_11_28,Not Deployed,s2_97_208,s1_below_1,Female,s2_37_80,s3_141_159,s2_164_318,s3_80_160,s2_2_4
9568,s2_885_1695,s2_n103_99,s4_n40_7,s1_below_4282,s1_below_2,s3_2003_2005,s2_760_2075,s3_17_37,Passenger Car,s2_11_28,Deployed,s2_97_208,s1_below_1,Male,s3_80_96,s3_141_159,s2_164_318,s3_80_160,s2_2_4
9569,s2_885_1695,s2_n103_99,s4_n40_7,s1_below_4282,s2_2_3,s1_below_2001,s2_760_2075,s4_37_47,Passenger Car,s4_48_64,Deployed,s2_97_208,s1_below_1,Female,s3_80_96,s3_141_159,s2_164_318,s4_160_220,s2_2_4
9570,s2_885_1695,s2_n103_99,s4_n40_7,s1_below_4282,s1_below_2,s1_below_2001,s2_760_2075,s6_57_up,Passenger Car,s2_11_28,Not Deployed,s2_97_208,s1_below_1,Female,s2_37_80,s3_141_159,s2_164_318,s2_40_80,s2_2_4
9571,s2_885_1695,s2_n103_99,s4_n40_7,s1_below_4282,s2_2_3,s1_below_2001,s2_760_2075,s3_17_37,Passenger Car,s3_28_48,Deployed,s2_97_208,s2_1_2,Female,s4_96_114,s3_141_159,s2_164_318,s4_160_220,s2_2_4
9572,s3_1695_2555,s2_n103_99,s4_n40_7,s1_below_4282,s3_3_4,s3_2003_2005,s2_760_2075,s4_37_47,Truck (<=10000 lbs.),s4_48_64,Not Deployed,s2_97_208,s1_below_1,Male,s3_80_96,s5_169_179,s3_318_464,s3_80_160,s4_5_6
9573,s2_885_1695,s2_n103_99,s4_n40_7,s1_below_4282,s3_3_4,s1_below_2001,s2_760_2075,s3_17_37,Truck (<=6000 lbs.),s2_11_28,Not Deployed,s2_97_208,s1_below_1,Female,s2_37_80,s3_141_159,s2_164_318,s3_80_160,s2_2_4
9574,s3_1695_2555,s2_n103_99,s4_n40_7,s1_below_4282,s4_4_5,s2_2001_2003,s2_760_2075,s4_37_47,Truck (<=6000 lbs.),s3_28_48,Deployed,s2_97_208,s1_below_1,Male,s3_80_96,s4_159_169,s2_164_318,s4_160_220,s3_4_5
9575,s2_885_1695,s2_n103_99,s4_n40_7,s1_below_4282,s2_2_3,s4_2005_2007,s2_760_2075,s3_17_37,Passenger Car,s3_28_48,Deployed,s2_97_208,s2_1_2,Female,s2_37_80,s3_141_159,s2_164_318,s4_160_220,s2_2_4
9576,s2_885_1695,s2_n103_99,s4_n40_7,s1_below_4282,s1_below_2,s4_2005_2007,s2_760_2075,s3_17_37,Passenger Car,s2_11_28,Not Deployed,s2_97_208,s1_below_1,Male,s3_80_96,s3_141_159,s2_164_318,s3_80_160,s2_2_4
9577,s2_885_1695,s2_n103_99,s4_n40_7,s1_below_4282,s2_2_3,s2_2001_2003,s2_760_2075,s3_17_37,Passenger Car,s3_28_48,Not Deployed,s2_97_208,s3_2_3,Male,s3_80_96,s3_141_159,s2_164_318,s3_80_160,s2_2_4
9578,s2_885_1695,s2_n103_99,s4_n40_7,s1_below_4282,s2_2_3,s4_2005_2007,s2_760_2075,s4_37_47,Passenger Car,s3_28_48,Deployed,s2_97_208,s1_below_1,Female,s3_80_96,s3_141_159,s2_164_318,s3_80_160,s2_2_4
9579,s3_1695_2555,s2_n103_99,s4_n40_7,s1_below_4282,s2_2_3,s2_2001_2003,s2_760_2075,s3_17_37,Truck (<=10000 lbs.),s3_28_48,Not Deployed,s2_97_208,s1_below_1,Male,s3_80_96,s4_159_169,s3_318_464,s3_80_160,s4_5_6
9580,s3_1695_2555,s2_n103_99,s4_n40_7,s1_below_4282,s1_below_2,s4_2005_2007,s3_2075_3730,s3_17_37,Truck (<=10000 lbs.),s4_48_64,Deployed,s2_97_208,s1_below_1,Female,s2_37_80,s4_159_169,s2_164_318,s4_160_220,s3_4_5
9581,s3_1695_2555,s2_n103_99,s4_n40_7,s1_below_4282,s1_below_2,s4_2005_2007,s3_2075_3730,s3_17_37,Truck (<=10000 lbs.),s3_28_48,Deployed,s2_97_208,s2_1_2,Male,s2_37_80,s5_169_179,s3_318_464,s3_80_160,s4_5_6
9582,s2_885_1695,s2_n103_99,s4_n40_7,s1_below_4282,s4_4_5,s2_2001_2003,s2_760_2075,s6_57_up,Passenger Car,s2_11_28,Deployed,s2_97_208,s1_below_1,Male,s2_37_80,s3_141_159,s2_164_318,s3_80_160,s2_2_4
9583,s3_1695_2555,s2_n103_99,s4_n40_7,s1_below_4282,s2_2_3,s1_below_2001,s2_760_2075,s3_17_37,Truck (<=6000 lbs.),s2_11_28,Deployed,s2_97_208,s1_below_1,Female,s2_37_80,s3_141_159,s2_164_318,s4_160_220,s2_2_4
9584,s2_885_1695,s2_n103_99,s4_n40_7,s1_below_4282,s1_below_2,s1_below_2001,s2_760_2075,s3_17_37,Truck (<=6000 lbs.),s3_28_48,Not Deployed,s2_97_208,s1_below_1,Female,s4_96_114,s3_141_159,s2_164_318,s3_80_160,s2_2_4
9585,s3_1695_2555,s2_n103_99,s5_7_up,s1_below_4282,s1_below_2,s2_2001_2003,s2_760_2075,s5_47_57,Truck (<=10000 lbs.),s2_11_28,Not Deployed,s2_97_208,s1_below_1,Male,s3_80_96,s4_159_169,s3_318_464,s6_260_up,s4_5_6
9586,s2_885_1695,s2_n103_99,s3_n81_n40,s1_below_4282,s3_3_4,s4_2005_2007,s2_760_2075,s3_17_37,Passenger Car,s2_11_28,Deployed,s2_97_208,s1_below_1,Female,s6_130_up,s3_141_159,s2_164_318,s3_80_160,s2_2_4
9587,s3_1695_2555,s2_n103_99,s3_n81_n40,s1_below_4282,s4_4_5,s5_2007_2009,s2_760_2075,s6_57_up,Truck (<=6000 lbs.),s2_11_28,Deployed,s2_97_208,s1_below_1,Male,s2_37_80,s4_159_169,s2_164_318,s3_80_160,s3_4_5
9588,s4_2555_3715,s2_n103_99,s4_n40_7,s1_below_4282,s1_below_2,s1_below_2001,s2_760_2075,s4_37_47,Truck (<=10000 lbs.),s3_28_48,Deployed,s2_97_208,s3_2_3,Male,s2_37_80,s5_169_179,s3_318_464,s3_80_160,s5_6_7
9589,s2_885_1695,s2_n103_99,s4_n40_7,s1_below_4282,s2_2_3,s1_below_2001,s2_760_2075,s4_37_47,Passenger Car,s3_28_48,Not Deployed,s2_97_208,s1_below_1,Female,s2_37_80,s3_141_159,s2_164_318,s3_80_160,s2_2_4
9590,s2_885_1695,s2_n103_99,s4_n40_7,s1_below_4282,s3_3_4,s3_2003_2005,s2_760_2075,s3_17_37,Passenger Car,s3_28_48,Not Deployed,s2_97_208,s1_below_1,Male,s2_37_80,s3_141_159,s2_164_318,s3_80_160,s2_2_4
9591,s4_2555_3715,s2_n103_99,s4_n40_7,s1_below_4282,s3_3_4,s3_2003_2005,s2_760_2075,s4_37_47,Truck (<=10000 lbs.),s5_64_76,Deployed,s2_97_208,s1_below_1,Male,s2_37_80,s5_169_179,s3_318_464,s4_160_220,s4_5_6
9592,s2_885_1695,s2_n103_99,s4_n40_7,s1_below_4282,s1_below_2,s1_below_2001,s2_760_2075,s3_17_37,Passenger Car,s5_64_76,Not Deployed,s2_97_208,s1_below_1,Female,s2_37_80,s3_141_159,s2_164_318,s1_below_40,s2_2_4
9593,s2_885_1695,s2_n103_99,s4_n40_7,s1_below_4282,s2_2_3,s4_2005_2007,s2_760_2075,s3_17_37,Passenger Car,s2_11_28,Deployed,s2_97_208,s1_below_1,Female,s4_96_114,s3_141_159,s2_164_318,s4_160_220,s2_2_4
9594,s2_885_1695,s2_n103_99,s4_n40_7,s1_below_4282,s3_3_4,s2_2001_2003,s3_2075_3730,s6_57_up,Passenger Car,s4_48_64,Deployed,s2_97_208,s1_below_1,Male,s4_96_114,s3_141_159,s2_164_318,s2_40_80,s2_2_4
9595,s3_1695_2555,s2_n103_99,s4_n40_7,s1_below_4282,s3_3_4,s4_2005_2007,s2_760_2075,s6_57_up,Truck (<=10000 lbs.),s3_28_48,Deployed,s2_97_208,s1_below_1,Male,s5_114_130,s5_169_179,s3_318_464,s3_80_160,s4_5_6
9596,s3_1695_2555,s2_n103_99,s4_n40_7,s1_below_4282,s3_3_4,s3_2003_2005,s2_760_2075,s4_37_47,Truck (<=6000 lbs.),s2_11_28,Not Deployed,s2_97_208,s1_below_1,Female,s2_37_80,s3_141_159,s2_164_318,s4_160_220,s2_2_4
9597,s2_885_1695,s2_n103_99,s4_n40_7,s1_below_4282,s3_3_4,s3_2003_2005,s2_760_2075,s4_37_47,Passenger Car,s5_64_76,Not Deployed,s2_97_208,s1_below_1,Male,s3_80_96,s3_141_159,s2_164_318,s3_80_160,s2_2_4
9598,s4_2555_3715,s2_n103_99,s4_n40_7,s1_below_4282,s2_2_3,s4_2005_2007,s2_760_2075,s4_37_47,Truck (<=10000 lbs.),s3_28_48,Deployed,s2_97_208,s1_below_1,Female,s2_37_80,s4_159_169,s3_318_464,s3_80_160,s4_5_6
9599,s2_885_1695,s2_n103_99,s4_n40_7,s1_below_4282,s2_2_3,s2_2001_2003,s3_2075_3730,s4_37_47,Passenger Car,s4_48_64,Deployed,s2_97_208,s3_2_3,Male,s3_80_96,s3_141_159,s2_164_318,s3_80_160,s2_2_4
9600,s2_885_1695,s2_n103_99,s4_n40_7,s1_below_4282,s3_3_4,s1_below_2001,s2_760_2075,s4_37_47,Passenger Car,s3_28_48,Deployed,s2_97_208,s1_below_1,Female,s2_37_80,s3_141_159,s2_164_318,s3_80_160,s2_2_4
9601,s2_885_1695,s2_n103_99,s5_7_up,s1_below_4282,s3_3_4,s3_2003_2005,s2_760_2075,s4_37_47,Passenger Car,s4_48_64,Not Deployed,s2_97_208,s1_below_1,Female,s2_37_80,s3_141_159,s2_164_318,s6_260_up,s2_2_4
9602,s2_885_1695,s2_n103_99,s5_7_up,s1_below_4282,s1_below_2,s1_below_2001,s2_760_2075,s5_47_57,Passenger Car,s4_48_64,Not Deployed,s2_97_208,s1_below_1,Male,s3_80_96,s3_141_159,s2_164_318,s6_260_up,s2_2_4
9603,s3_1695_2555,s2_n103_99,s4_n40_7,s1_below_4282,s4_4_5,s2_2001_2003,s2_760_2075,s4_37_47,Truck (<=6000 lbs.),s3_28_48,Not Deployed,s2_97_208,s1_below_1,Female,s2_37_80,s5_169_179,s2_164_318,s2_40_80,s2_2_4
9604,s2_885_1695,s2_n103_99,s4_n40_7,s1_below_4282,s1_below_2,s3_2003_2005,s2_760_2075,s5_47_57,Passenger Car,s3_28_48,Deployed,s2_97_208,s1_below_1,Female,s2_37_80,s3_141_159,s2_164_318,s3_80_160,s2_2_4
9605,s3_1695_2555,s2_n103_99,s5_7_up,s1_below_4282,s2_2_3,s2_2001_2003,s3_2075_3730,s6_57_up,Truck (<=6000 lbs.),s4_48_64,Not Deployed,s2_97_208,s1_below_1,Female,s2_37_80,s3_141_159,s2_164_318,s6_260_up,s2_2_4
9606,s2_885_1695,s2_n103_99,s4_n40_7,s1_below_4282,s1_below_2,s3_2003_2005,s2_760_2075,s3_17_37,Passenger Car,s4_48_64,Not Deployed,s2_97_208,s1_below_1,Male,s4_96_114,s3_141_159,s2_164_318,s3_80_160,s2_2_4
9607,s3_1695_2555,s2_n103_99,s4_n40_7,s1_below_4282,s2_2_3,s1_below_2001,s2_760_2075,s4_37_47,Truck (<=6000 lbs.),s2_11_28,Deployed,s2_97_208,s1_below_1,Female,s3_80_96,s3_141_159,s2_164_318,s3_80_160,s2_2_4
9608,s2_885_1695,s2_n103_99,s4_n40_7,s1_below_4282,s3_3_4,s2_2001_2003,s2_760_2075,s3_17_37,Passenger Car,s3_28_48,Not Deployed,s2_97_208,s3_2_3,Male,s2_37_80,s3_141_159,s2_164_318,s4_160_220,s2_2_4
9609,s2_885_1695,s2_n103_99,s4_n40_7,s1_below_4282,s3_3_4,s1_below_2001,s3_2075_3730,s3_17_37,Passenger Car,s2_11_28,Not Deployed,s2_97_208,s1_below_1,Female,s2_37_80,s3_141_159,s2_164_318,s4_160_220,s2_2_4
9610,s3_1695_2555,s2_n103_99,s4_n40_7,s1_below_4282,s2_2_3,s4_2005_2007,s2_760_2075,s5_47_57,Truck (<=6000 lbs.),s4_48_64,Deployed,s2_97_208,s1_below_1,Male,s3_80_96,s5_169_179,s2_164_318,s3_80_160,s2_2_4
9611,s3_1695_2555,s2_n103_99,s4_n40_7,s1_below_4282,s2_2_3,s2_2001_2003,s2_760_2075,s4_37_47,Truck (<=10000 lbs.),s3_28_48,Deployed,s2_97_208,s1_below_1,Male,s5_114_130,s5_169_179,s3_318_464,s3_80_160,s4_5_6
9612,s3_1695_2555,s2_n103_99,s4_n40_7,s1_below_4282,s1_below_2,s4_2005_2007,s2_760_2075,s5_47_57,Truck (<=6000 lbs.),s3_28_48,Deployed,s2_97_208,s3_2_3,Female,s2_37_80,s3_141_159,s2_164_318,s3_80_160,s2_2_4
9613,s2_885_1695,s2_n103_99,s3_n81_n40,s1_below_4282,s1_below_2,s1_below_2001,s3_2075_3730,s5_47_57,Passenger Car,s3_28_48,Deployed,s2_97_208,s3_2_3,Male,s2_37_80,s3_141_159,s2_164_318,s3_80_160,s2_2_4
9614,s2_885_1695,s2_n103_99,s4_n40_7,s1_below_4282,s3_3_4,s3_2003_2005,s3_2075_3730,s6_57_up,Passenger Car,s5_64_76,Deployed,s2_97_208,s3_2_3,Female,s2_37_80,s3_141_159,s2_164_318,s3_80_160,s2_2_4
9615,s3_1695_2555,s2_n103_99,s5_7_up,s1_below_4282,s3_3_4,s3_2003_2005,s2_760_2075,s6_57_up,Truck (<=6000 lbs.),s3_28_48,Not Deployed,s2_97_208,s1_below_1,Female,s2_37_80,s4_159_169,s2_164_318,s6_260_up,s3_4_5
9616,s2_885_1695,s2_n103_99,s4_n40_7,s1_below_4282,s1_below_2,s4_2005_2007,s3_2075_3730,s5_47_57,Passenger Car,s2_11_28,Not Deployed,s2_97_208,s1_below_1,Male,s2_37_80,s3_141_159,s2_164_318,s3_80_160,s2_2_4
9617,s2_885_1695,s2_n103_99,s4_n40_7,s1_below_4282,s1_below_2,s1_below_2001,s3_2075_3730,s4_37_47,Passenger Car,s3_28_48,Deployed,s2_97_208,s3_2_3,Male,s2_37_80,s3_141_159,s2_164_318,s3_80_160,s2_2_4
9618,s2_885_1695,s2_n103_99,s4_n40_7,s1_below_4282,s4_4_5,s4_2005_2007,s4_3730_up,s4_37_47,Passenger Car,s2_11_28,Deployed,s2_97_208,s1_below_1,Male,s3_80_96,s3_141_159,s2_164_318,s3_80_160,s2_2_4
9619,s2_885_1695,s2_n103_99,s4_n40_7,s1_below_4282,s4_4_5,s3_2003_2005,s2_760_2075,s4_37_47,Passenger Car,s3_28_48,Not Deployed,s2_97_208,s1_below_1,Female,s2_37_80,s3_141_159,s2_164_318,s3_80_160,s2_2_4
9620,s3_1695_2555,s2_n103_99,s4_n40_7,s1_below_4282,s2_2_3,s1_below_2001,s2_760_2075,s4_37_47,Truck (<=10000 lbs.),s3_28_48,Not Deployed,s2_97_208,s1_below_1,Female,s2_37_80,s5_169_179,s3_318_464,s3_80_160,s4_5_6
9621,s2_885_1695,s2_n103_99,s4_n40_7,s1_below_4282,s1_below_2,s2_2001_2003,s2_760_2075,s6_57_up,Passenger Car,s2_11_28,Not Deployed,s2_97_208,s3_2_3,Male,s4_96_114,s3_141_159,s2_164_318,s5_220_260,s2_2_4
9622,s2_885_1695,s2_n103_99,s4_n40_7,s1_below_4282,s1_below_2,s4_2005_2007,s2_760_2075,s6_57_up,Passenger Car,s3_28_48,Deployed,s2_97_208,s1_below_1,Female,s2_37_80,s3_141_159,s2_164_318,s3_80_160,s2_2_4
9623,s3_1695_2555,s2_n103_99,s4_n40_7,s1_below_4282,s2_2_3,s2_2001_2003,s2_760_2075,s4_37_47,Truck (<=6000 lbs.),s3_28_48,Deployed,s2_97_208,s1_below_1,Male,s3_80_96,s3_141_159,s3_318_464,s3_80_160,s2_2_4
9624,s2_885_1695,s2_n103_99,s4_n40_7,s1_below_4282,s3_3_4,s3_2003_2005,s2_760_2075,s4_37_47,Passenger Car,s5_64_76,Deployed,s2_97_208,s1_below_1,Male,s3_80_96,s3_141_159,s2_164_318,s3_80_160,s2_2_4
9625,s3_1695_2555,s2_n103_99,s4_n40_7,s1_below_4282,s3_3_4,s4_2005_2007,s2_760_2075,s4_37_47,Passenger Car,s4_48_64,Not Deployed,s2_97_208,s1_below_1,Male,s2_37_80,s4_159_169,s2_164_318,s4_160_220,s3_4_5
9626,s2_885_1695,s2_n103_99,s5_7_up,s1_below_4282,s1_below_2,s3_2003_2005,s2_760_2075,s4_37_47,Passenger Car,s4_48_64,Not Deployed,s2_97_208,s1_below_1,Male,s4_96_114,s3_141_159,s2_164_318,s6_260_up,s2_2_4
9627,s3_1695_2555,s2_n103_99,s4_n40_7,s1_below_4282,s2_2_3,s4_2005_2007,s2_760_2075,s4_37_47,Truck (<=10000 lbs.),s4_48_64,Not Deployed,s2_97_208,s1_below_1,Male,s2_37_80,s5_169_179,s3_318_464,s3_80_160,s4_5_6
9628,s3_1695_2555,s2_n103_99,s4_n40_7,s1_below_4282,s2_2_3,s3_2003_2005,s2_760_2075,s4_37_47,Truck (<=6000 lbs.),s3_28_48,Not Deployed,s2_97_208,s1_below_1,Female,s2_37_80,s3_141_159,s2_164_318,s3_80_160,s2_2_4
9629,s3_1695_2555,s2_n103_99,s4_n40_7,s1_below_4282,s1_below_2,s2_2001_2003,s3_2075_3730,s6_57_up,Truck (<=6000 lbs.),s4_48_64,Deployed,s2_97_208,s2_1_2,Male,s5_114_130,s4_159_169,s2_164_318,s3_80_160,s3_4_5
9630,s2_885_1695,s2_n103_99,s4_n40_7,s1_below_4282,s4_4_5,s2_2001_2003,s2_760_2075,s4_37_47,Truck (<=6000 lbs.),s3_28_48,Not Deployed,s2_97_208,s1_below_1,Female,s4_96_114,s3_141_159,s2_164_318,s4_160_220,s2_2_4
9631,s2_885_1695,s2_n103_99,s4_n40_7,s1_below_4282,s6_6_up,s1_below_2001,s2_760_2075,s3_17_37,Passenger Car,s3_28_48,Deployed,s2_97_208,s1_below_1,Female,s2_37_80,s3_141_159,s2_164_318,s3_80_160,s2_2_4
9632,s3_1695_2555,s2_n103_99,s4_n40_7,s1_below_4282,s4_4_5,s4_2005_2007,s2_760_2075,s6_57_up,Truck (<=10000 lbs.),s3_28_48,Deployed,s2_97_208,s1_below_1,Male,s3_80_96,s5_169_179,s3_318_464,s3_80_160,s4_5_6
9633,s3_1695_2555,s2_n103_99,s5_7_up,s1_below_4282,s4_4_5,s4_2005_2007,s3_2075_3730,s6_57_up,Truck (<=6000 lbs.),s2_11_28,Not Deployed,s2_97_208,s1_below_1,Female,s2_37_80,s4_159_169,s2_164_318,s6_260_up,s2_2_4
9634,s2_885_1695,s2_n103_99,s4_n40_7,s1_below_4282,s2_2_3,s4_2005_2007,s2_760_2075,s4_37_47,Passenger Car,s6_76_up,Deployed,s2_97_208,s1_below_1,Male,s3_80_96,s3_141_159,s2_164_318,s3_80_160,s2_2_4
9635,s3_1695_2555,s2_n103_99,s4_n40_7,s1_below_4282,s4_4_5,s4_2005_2007,s2_760_2075,s3_17_37,Truck (<=6000 lbs.),s3_28_48,Deployed,s2_97_208,s1_below_1,Female,s2_37_80,s5_169_179,s2_164_318,s4_160_220,s3_4_5
9636,s3_1695_2555,s2_n103_99,s4_n40_7,s1_below_4282,s5_5_6,s3_2003_2005,s3_2075_3730,s3_17_37,Truck (<=6000 lbs.),s3_28_48,Deployed,s2_97_208,s1_below_1,Female,s2_37_80,s3_141_159,s2_164_318,s3_80_160,s2_2_4
9637,s2_885_1695,s2_n103_99,s4_n40_7,s1_below_4282,s4_4_5,s3_2003_2005,s2_760_2075,s4_37_47,Passenger Car,s2_11_28,Deployed,s2_97_208,s1_below_1,Female,s2_37_80,s3_141_159,s2_164_318,s3_80_160,s2_2_4
9638,s3_1695_2555,s2_n103_99,s4_n40_7,s1_below_4282,s5_5_6,s1_below_2001,s2_760_2075,s4_37_47,Truck (<=10000 lbs.),s3_28_48,Deployed,s2_97_208,s1_below_1,Male,s2_37_80,s4_159_169,s2_164_318,s3_80_160,s3_4_5
9639,s3_1695_2555,s2_n103_99,s4_n40_7,s1_below_4282,s3_3_4,s3_2003_2005,s2_760_2075,s3_17_37,Truck (<=6000 lbs.),s4_48_64,Not Deployed,s2_97_208,s1_below_1,Male,s2_37_80,s3_141_159,s2_164_318,s3_80_160,s2_2_4
9640,s3_1695_2555,s2_n103_99,s4_n40_7,s1_below_4282,s1_below_2,s3_2003_2005,s3_2075_3730,s3_17_37,Passenger Car,s2_11_28,Deployed,s2_97_208,s1_below_1,Male,s2_37_80,s3_141_159,s2_164_318,s3_80_160,s2_2_4
9641,s2_885_1695,s2_n103_99,s4_n40_7,s1_below_4282,s2_2_3,s1_below_2001,s2_760_2075,s5_47_57,Passenger Car,s2_11_28,Deployed,s2_97_208,s1_below_1,Female,s2_37_80,s3_141_159,s2_164_318,s4_160_220,s2_2_4
9642,s3_1695_2555,s2_n103_99,s4_n40_7,s1_below_4282,s3_3_4,s3_2003_2005,s2_760_2075,s3_17_37,Truck (<=10000 lbs.),s3_28_48,Not Deployed,s2_97_208,s1_below_1,Male,s3_80_96,s4_159_169,s3_318_464,s3_80_160,s4_5_6
9643,s1_below_885,s2_n103_99,s4_n40_7,s1_below_4282,s3_3_4,s1_below_2001,s2_760_2075,s6_57_up,Passenger Car,s2_11_28,Deployed,s2_97_208,s1_below_1,Male,s2_37_80,s2_116_141,s2_164_318,s3_80_160,s2_2_4
9644,s3_1695_2555,s2_n103_99,s4_n40_7,s1_below_4282,s1_below_2,s3_2003_2005,s2_760_2075,s6_57_up,Truck (<=6000 lbs.),s6_76_up,Not Deployed,s2_97_208,s1_below_1,Male,s2_37_80,s4_159_169,s2_164_318,s6_260_up,s3_4_5
9645,s2_885_1695,s2_n103_99,s5_7_up,s1_below_4282,s2_2_3,s3_2003_2005,s2_760_2075,s6_57_up,Truck (<=6000 lbs.),s3_28_48,Not Deployed,s2_97_208,s1_below_1,Female,s2_37_80,s3_141_159,s2_164_318,s6_260_up,s2_2_4
9646,s2_885_1695,s2_n103_99,s4_n40_7,s1_below_4282,s3_3_4,s3_2003_2005,s2_760_2075,s4_37_47,Truck (<=6000 lbs.),s4_48_64,Not Deployed,s2_97_208,s1_below_1,Male,s2_37_80,s3_141_159,s2_164_318,s3_80_160,s2_2_4
9647,s3_1695_2555,s2_n103_99,s4_n40_7,s1_below_4282,s2_2_3,s2_2001_2003,s2_760_2075,s4_37_47,Truck (<=6000 lbs.),s3_28_48,Not Deployed,s2_97_208,s1_below_1,Male,s3_80_96,s3_141_159,s2_164_318,s4_160_220,s2_2_4
9648,s2_885_1695,s2_n103_99,s4_n40_7,s1_below_4282,s3_3_4,s2_2001_2003,s2_760_2075,s4_37_47,Passenger Car,s2_11_28,Deployed,s2_97_208,s2_1_2,Female,s2_37_80,s3_141_159,s2_164_318,s3_80_160,s2_2_4
9649,s2_885_1695,s2_n103_99,s4_n40_7,s1_below_4282,s4_4_5,s4_2005_2007,s2_760_2075,s4_37_47,Truck (<=6000 lbs.),s4_48_64,Not Deployed,s2_97_208,s1_below_1,Female,s2_37_80,s3_141_159,s2_164_318,s3_80_160,s2_2_4
9650,s3_1695_2555,s2_n103_99,s4_n40_7,s1_below_4282,s1_below_2,s2_2001_2003,s3_2075_3730,s3_17_37,Truck (<=10000 lbs.),s3_28_48,Not Deployed,s2_97_208,s1_below_1,Female,s2_37_80,s4_159_169,s2_164_318,s3_80_160,s2_2_4
9651,s2_885_1695,s2_n103_99,s4_n40_7,s1_below_4282,s3_3_4,s2_2001_2003,s2_760_2075,s4_37_47,Passenger Car,s5_64_76,Deployed,s2_97_208,s3_2_3,Female,s2_37_80,s3_141_159,s2_164_318,s4_160_220,s2_2_4
9652,s2_885_1695,s2_n103_99,s4_n40_7,s1_below_4282,s3_3_4,s2_2001_2003,s2_760_2075,s6_57_up,Passenger Car,s3_28_48,Deployed,s2_97_208,s1_below_1,Male,s3_80_96,s3_141_159,s2_164_318,s3_80_160,s2_2_4
9653,s3_1695_2555,s2_n103_99,s4_n40_7,s1_below_4282,s5_5_6,s2_2001_2003,s2_760_2075,s3_17_37,Truck (<=10000 lbs.),s3_28_48,Not Deployed,s2_97_208,s1_below_1,Male,s2_37_80,s4_159_169,s3_318_464,s3_80_160,s4_5_6
9654,s2_885_1695,s2_n103_99,s4_n40_7,s1_below_4282,s3_3_4,s1_below_2001,s3_2075_3730,s3_17_37,Passenger Car,s3_28_48,Deployed,s2_97_208,s3_2_3,Female,s2_37_80,s3_141_159,s2_164_318,s3_80_160,s2_2_4
9655,s2_885_1695,s2_n103_99,s4_n40_7,s1_below_4282,s1_below_2,s4_2005_2007,s2_760_2075,s1_below_7,Passenger Car,s6_76_up,Not Deployed,s2_97_208,s1_below_1,Male,s2_37_80,s3_141_159,s2_164_318,s3_80_160,s2_2_4
9656,s3_1695_2555,s2_n103_99,s4_n40_7,s1_below_4282,s2_2_3,s1_below_2001,s2_760_2075,s6_57_up,Truck (<=10000 lbs.),s4_48_64,Not Deployed,s2_97_208,s1_below_1,Male,s3_80_96,s4_159_169,s3_318_464,s3_80_160,s4_5_6
9657,s2_885_1695,s2_n103_99,s4_n40_7,s1_below_4282,s2_2_3,s2_2001_2003,s2_760_2075,s3_17_37,Truck (<=6000 lbs.),s4_48_64,Not Deployed,s2_97_208,s1_below_1,Male,s2_37_80,s3_141_159,s2_164_318,s1_below_40,s2_2_4
9658,s2_885_1695,s2_n103_99,s3_n81_n40,s1_below_4282,s4_4_5,s2_2001_2003,s2_760_2075,s6_57_up,Passenger Car,s4_48_64,Deployed,s2_97_208,s2_1_2,Male,s3_80_96,s3_141_159,s2_164_318,s3_80_160,s2_2_4
9659,s3_1695_2555,s2_n103_99,s4_n40_7,s1_below_4282,s3_3_4,s4_2005_2007,s2_760_2075,s3_17_37,Passenger Car,s2_11_28,Deployed,s2_97_208,s3_2_3,Male,s3_80_96,s4_159_169,s2_164_318,s3_80_160,s3_4_5
9660,s2_885_1695,s2_n103_99,s4_n40_7,s1_below_4282,s4_4_5,s2_2001_2003,s2_760_2075,s3_17_37,Passenger Car,s3_28_48,Not Deployed,s2_97_208,s1_below_1,Female,s2_37_80,s3_141_159,s2_164_318,s3_80_160,s2_2_4
9661,s2_885_1695,s2_n103_99,s4_n40_7,s1_below_4282,s2_2_3,s3_2003_2005,s3_2075_3730,s6_57_up,Passenger Car,s5_64_76,Deployed,s2_97_208,s4_3_4,Male,s3_80_96,s3_141_159,s2_164_318,s3_80_160,s2_2_4
9662,s4_2555_3715,s2_n103_99,s4_n40_7,s1_below_4282,s2_2_3,s1_below_2001,s2_760_2075,s5_47_57,Truck (<=10000 lbs.),s2_11_28,Not Deployed,s2_97_208,s1_below_1,Male,s2_37_80,s5_169_179,s3_318_464,s3_80_160,s5_6_7
9663,s3_1695_2555,s2_n103_99,s4_n40_7,s1_below_4282,s1_below_2,s5_2007_2009,s2_760_2075,s4_37_47,Truck (<=6000 lbs.),s3_28_48,Deployed,s2_97_208,s1_below_1,Male,s2_37_80,s4_159_169,s2_164_318,s3_80_160,s3_4_5
9664,s2_885_1695,s2_n103_99,s3_n81_n40,s1_below_4282,s1_below_2,s1_below_2001,s3_2075_3730,s4_37_47,Passenger Car,s2_11_28,Deployed,s2_97_208,s3_2_3,Female,s2_37_80,s3_141_159,s2_164_318,s3_80_160,s2_2_4
9665,s3_1695_2555,s2_n103_99,s4_n40_7,s1_below_4282,s1_below_2,s1_below_2001,s3_2075_3730,s3_17_37,Truck (<=10000 lbs.),s3_28_48,Not Deployed,s2_97_208,s1_below_1,Female,s2_37_80,s3_141_159,s2_164_318,s4_160_220,s2_2_4
9666,s3_1695_2555,s2_n103_99,s4_n40_7,s1_below_4282,s1_below_2,s3_2003_2005,s3_2075_3730,s3_17_37,Truck (<=10000 lbs.),s3_28_48,Deployed,s2_97_208,s1_below_1,Female,s2_37_80,s4_159_169,s2_164_318,s3_80_160,s3_4_5
9667,s3_1695_2555,s2_n103_99,s4_n40_7,s1_below_4282,s5_5_6,s1_below_2001,s2_760_2075,s4_37_47,Truck (<=10000 lbs.),s2_11_28,Not Deployed,s2_97_208,s1_below_1,Male,s3_80_96,s4_159_169,s2_164_318,s3_80_160,s3_4_5
9668,s3_1695_2555,s2_n103_99,s4_n40_7,s1_below_4282,s2_2_3,s2_2001_2003,s2_760_2075,s3_17_37,Truck (<=10000 lbs.),s5_64_76,Not Deployed,s2_97_208,s1_below_1,Male,s3_80_96,s3_141_159,s3_318_464,s3_80_160,s3_4_5
9669,s3_1695_2555,s2_n103_99,s4_n40_7,s1_below_4282,s4_4_5,s1_below_2001,s2_760_2075,s4_37_47,Truck (<=6000 lbs.),s3_28_48,Not Deployed,s2_97_208,s1_below_1,Male,s3_80_96,s3_141_159,s2_164_318,s3_80_160,s2_2_4
9670,s3_1695_2555,s2_n103_99,s4_n40_7,s1_below_4282,s1_below_2,s3_2003_2005,s2_760_2075,s5_47_57,Truck (<=10000 lbs.),s3_28_48,Deployed,s2_97_208,s1_below_1,Male,s2_37_80,s4_159_169,s3_318_464,s3_80_160,s4_5_6
9671,s2_885_1695,s2_n103_99,s4_n40_7,s1_below_4282,s1_below_2,s3_2003_2005,s2_760_2075,s5_47_57,Passenger Car,s4_48_64,Deployed,s2_97_208,s1_below_1,Female,s5_114_130,s3_141_159,s2_164_318,s3_80_160,s2_2_4
9672,s2_885_1695,s2_n103_99,s4_n40_7,s1_below_4282,s3_3_4,s2_2001_2003,s2_760_2075,s5_47_57,Passenger Car,s2_11_28,Deployed,s2_97_208,s1_below_1,Male,s2_37_80,s3_141_159,s2_164_318,s3_80_160,s2_2_4
9673,s4_2555_3715,s2_n103_99,s4_n40_7,s1_below_4282,s3_3_4,s4_2005_2007,s3_2075_3730,s5_47_57,Truck (<=10000 lbs.),s4_48_64,Deployed,s2_97_208,s1_below_1,Male,s3_80_96,s5_169_179,s3_318_464,s3_80_160,s4_5_6
9674,s2_885_1695,s2_n103_99,s4_n40_7,s1_below_4282,s1_below_2,s2_2001_2003,s2_760_2075,s6_57_up,Passenger Car,s2_11_28,Deployed,s2_97_208,s2_1_2,Male,s6_130_up,s3_141_159,s2_164_318,s3_80_160,s2_2_4
9675,s3_1695_2555,s2_n103_99,s4_n40_7,s1_below_4282,s1_below_2,s1_below_2001,s2_760_2075,s6_57_up,Truck (<=10000 lbs.),s3_28_48,Deployed,s2_97_208,s1_below_1,Male,s4_96_114,s3_141_159,s2_164_318,s3_80_160,s2_2_4
9676,s2_885_1695,s2_n103_99,s4_n40_7,s1_below_4282,s4_4_5,s2_2001_2003,s3_2075_3730,s3_17_37,Passenger Car,s3_28_48,Not Deployed,s2_97_208,s1_below_1,Male,s2_37_80,s3_141_159,s2_164_318,s3_80_160,s2_2_4
9677,s2_885_1695,s2_n103_99,s4_n40_7,s1_below_4282,s1_below_2,s1_below_2001,s2_760_2075,s4_37_47,Truck (<=6000 lbs.),s5_64_76,Not Deployed,s2_97_208,s1_below_1,Male,s3_80_96,s3_141_159,s2_164_318,s3_80_160,s2_2_4
9678,s2_885_1695,s2_n103_99,s4_n40_7,s1_below_4282,s3_3_4,s3_2003_2005,s3_2075_3730,s4_37_47,Passenger Car,s2_11_28,Deployed,s2_97_208,s4_3_4,Female,s2_37_80,s3_141_159,s2_164_318,s4_160_220,s2_2_4
9679,s4_2555_3715,s2_n103_99,s4_n40_7,s1_below_4282,s1_below_2,s1_below_2001,s2_760_2075,s5_47_57,Truck (<=10000 lbs.),s2_11_28,Deployed,s2_97_208,s1_below_1,Female,s2_37_80,s5_169_179,s3_318_464,s3_80_160,s5_6_7
9680,s2_885_1695,s2_n103_99,s4_n40_7,s1_below_4282,s2_2_3,s4_2005_2007,s3_2075_3730,s5_47_57,Passenger Car,s2_11_28,Not Deployed,s2_97_208,s1_below_1,Female,s2_37_80,s3_141_159,s2_164_318,s3_80_160,s2_2_4
9681,s3_1695_2555,s2_n103_99,s4_n40_7,s1_below_4282,s5_5_6,s3_2003_2005,s2_760_2075,s4_37_47,Truck (<=6000 lbs.),s4_48_64,Not Deployed,s2_97_208,s2_1_2,Female,s2_37_80,s4_159_169,s2_164_318,s3_80_160,s3_4_5
9682,s2_885_1695,s2_n103_99,s4_n40_7,s1_below_4282,s4_4_5,s4_2005_2007,s2_760_2075,s4_37_47,Passenger Car,s3_28_48,Deployed,s2_97_208,s1_below_1,Male,s3_80_96,s3_141_159,s2_164_318,s3_80_160,s2_2_4
9683,s2_885_1695,s2_n103_99,s4_n40_7,s1_below_4282,s2_2_3,s2_2001_2003,s2_760_2075,s5_47_57,Truck (<=6000 lbs.),s4_48_64,Deployed,s2_97_208,s1_below_1,Female,s2_37_80,s3_141_159,s2_164_318,s3_80_160,s2_2_4
9684,s3_1695_2555,s2_n103_99,s4_n40_7,s1_below_4282,s1_below_2,s4_2005_2007,s3_2075_3730,s5_47_57,Truck (<=10000 lbs.),s3_28_48,Not Deployed,s2_97_208,s4_3_4,Female,s2_37_80,s5_169_179,s3_318_464,s4_160_220,s4_5_6
9685,s4_2555_3715,s2_n103_99,s4_n40_7,s1_below_4282,s1_below_2,s3_2003_2005,s3_2075_3730,s5_47_57,Truck (<=10000 lbs.),s3_28_48,Deployed,s2_97_208,s1_below_1,Male,s4_96_114,s5_169_179,s3_318_464,s3_80_160,s4_5_6
9686,s3_1695_2555,s2_n103_99,s5_7_up,s1_below_4282,s5_5_6,s3_2003_2005,s3_2075_3730,s4_37_47,Truck (<=10000 lbs.),s3_28_48,Not Deployed,s2_97_208,s1_below_1,Male,s4_96_114,s4_159_169,s3_318_464,s6_260_up,s4_5_6
9687,s3_1695_2555,s2_n103_99,s4_n40_7,s1_below_4282,s6_6_up,s4_2005_2007,s2_760_2075,s3_17_37,Truck (<=6000 lbs.),s3_28_48,Deployed,s2_97_208,s1_below_1,Male,s5_114_130,s3_141_159,s3_318_464,s3_80_160,s3_4_5
9688,s2_885_1695,s2_n103_99,s4_n40_7,s1_below_4282,s1_below_2,s4_2005_2007,s3_2075_3730,s6_57_up,Passenger Car,s2_11_28,Deployed,s2_97_208,s3_2_3,Female,s3_80_96,s3_141_159,s2_164_318,s3_80_160,s2_2_4
9689,s3_1695_2555,s2_n103_99,s4_n40_7,s1_below_4282,s1_below_2,s1_below_2001,s2_760_2075,s6_57_up,Truck (<=10000 lbs.),s3_28_48,Deployed,s2_97_208,s1_below_1,Male,s3_80_96,s5_169_179,s3_318_464,s3_80_160,s5_6_7
9690,s2_885_1695,s2_n103_99,s4_n40_7,s1_below_4282,s5_5_6,s3_2003_2005,s2_760_2075,s6_57_up,Passenger Car,s5_64_76,Not Deployed,s2_97_208,s1_below_1,Male,s3_80_96,s3_141_159,s2_164_318,s3_80_160,s2_2_4
9691,s2_885_1695,s2_n103_99,s3_n81_n40,s1_below_4282,s1_below_2,s1_below_2001,s2_760_2075,s5_47_57,Truck (<=6000 lbs.),s5_64_76,Deployed,s2_97_208,s2_1_2,Female,s3_80_96,s3_141_159,s2_164_318,s3_80_160,s2_2_4
9692,s2_885_1695,s2_n103_99,s3_n81_n40,s1_below_4282,s1_below_2,s4_2005_2007,s2_760_2075,s5_47_57,Passenger Car,s5_64_76,Deployed,s2_97_208,s3_2_3,Female,s2_37_80,s3_141_159,s2_164_318,s3_80_160,s2_2_4
9693,s2_885_1695,s2_n103_99,s5_7_up,s1_below_4282,s1_below_2,s4_2005_2007,s2_760_2075,s5_47_57,Passenger Car,s3_28_48,Not Deployed,s2_97_208,s1_below_1,Female,s3_80_96,s3_141_159,s2_164_318,s6_260_up,s2_2_4
9694,s4_2555_3715,s2_n103_99,s5_7_up,s1_below_4282,s1_below_2,s3_2003_2005,s3_2075_3730,s5_47_57,Truck (<=10000 lbs.),s2_11_28,Not Deployed,s2_97_208,s1_below_1,Female,s2_37_80,s5_169_179,s3_318_464,s6_260_up,s5_6_7
9695,s2_885_1695,s2_n103_99,s3_n81_n40,s1_below_4282,s1_below_2,s1_below_2001,s2_760_2075,s5_47_57,Truck (<=6000 lbs.),s4_48_64,Deployed,s2_97_208,s5_4_5,Male,s3_80_96,s2_116_141,s2_164_318,s3_80_160,s2_2_4
9696,s3_1695_2555,s2_n103_99,s4_n40_7,s1_below_4282,s1_below_2,s2_2001_2003,s3_2075_3730,s5_47_57,Truck (<=6000 lbs.),s3_28_48,Not Deployed,s2_97_208,s2_1_2,Female,s2_37_80,s3_141_159,s2_164_318,s3_80_160,s2_2_4
9697,s3_1695_2555,s2_n103_99,s4_n40_7,s1_below_4282,s1_below_2,s1_below_2001,s2_760_2075,s5_47_57,Truck (<=10000 lbs.),s4_48_64,Deployed,s2_97_208,s1_below_1,Male,s5_114_130,s4_159_169,s3_318_464,s3_80_160,s4_5_6
9698,s3_1695_2555,s2_n103_99,s4_n40_7,s1_below_4282,s1_below_2,s2_2001_2003,s2_760_2075,s4_37_47,Truck (<=6000 lbs.),s5_64_76,Not Deployed,s2_97_208,s1_below_1,Female,s2_37_80,s3_141_159,s2_164_318,s2_40_80,s2_2_4
9699,s2_885_1695,s2_n103_99,s4_n40_7,s1_below_4282,s4_4_5,s4_2005_2007,s3_2075_3730,s3_17_37,Passenger Car,s2_11_28,Not Deployed,s2_97_208,s1_below_1,Female,s2_37_80,s3_141_159,s2_164_318,s3_80_160,s2_2_4
9700,s2_885_1695,s2_n103_99,s4_n40_7,s1_below_4282,s5_5_6,s4_2005_2007,s3_2075_3730,s3_17_37,Passenger Car,s2_11_28,Deployed,s2_97_208,s1_below_1,Female,s2_37_80,s3_141_159,s2_164_318,s3_80_160,s2_2_4
9701,s2_885_1695,s2_n103_99,s4_n40_7,s1_below_4282,s5_5_6,s1_below_2001,s2_760_2075,s4_37_47,Truck (<=6000 lbs.),s2_11_28,Deployed,s2_97_208,s2_1_2,Male,s2_37_80,s3_141_159,s2_164_318,s3_80_160,s2_2_4
9702,s3_1695_2555,s2_n103_99,s4_n40_7,s1_below_4282,s1_below_2,s2_2001_2003,s3_2075_3730,s4_37_47,Passenger Car,s3_28_48,Deployed,s2_97_208,s1_below_1,Male,s3_80_96,s4_159_169,s2_164_318,s3_80_160,s2_2_4
9703,s2_885_1695,s2_n103_99,s4_n40_7,s1_below_4282,s2_2_3,s1_below_2001,s2_760_2075,s5_47_57,Truck (<=6000 lbs.),s2_11_28,Deployed,s2_97_208,s1_below_1,Male,s2_37_80,s3_141_159,s2_164_318,s4_160_220,s2_2_4
9704,s2_885_1695,s2_n103_99,s4_n40_7,s1_below_4282,s2_2_3,s1_below_2001,s2_760_2075,s5_47_57,Truck (<=6000 lbs.),s2_11_28,Deployed,s2_97_208,s1_below_1,Male,s2_37_80,s3_141_159,s2_164_318,s3_80_160,s2_2_4
9705,s2_885_1695,s2_n103_99,s4_n40_7,s1_below_4282,s5_5_6,s2_2001_2003,s2_760_2075,s5_47_57,Truck (<=6000 lbs.),s5_64_76,Not Deployed,s2_97_208,s1_below_1,Male,s3_80_96,s3_141_159,s2_164_318,s2_40_80,s2_2_4
9706,s2_885_1695,s2_n103_99,s4_n40_7,s1_below_4282,s5_5_6,s1_below_2001,s2_760_2075,s3_17_37,Truck (<=6000 lbs.),s2_11_28,Deployed,s2_97_208,s1_below_1,Male,s4_96_114,s2_116_141,s2_164_318,s4_160_220,s2_2_4
9707,s3_1695_2555,s2_n103_99,s4_n40_7,s1_below_4282,s5_5_6,s3_2003_2005,s2_760_2075,s3_17_37,Truck (<=6000 lbs.),s4_48_64,Not Deployed,s2_97_208,s1_below_1,Male,s2_37_80,s3_141_159,s2_164_318,s3_80_160,s2_2_4
9708,s2_885_1695,s2_n103_99,s3_n81_n40,s1_below_4282,s1_below_2,s1_below_2001,s2_760_2075,s5_47_57,Truck (<=6000 lbs.),s2_11_28,Deployed,s2_97_208,s3_2_3,Male,s2_37_80,s3_141_159,s2_164_318,s3_80_160,s2_2_4
9709,s3_1695_2555,s2_n103_99,s4_n40_7,s1_below_4282,s1_below_2,s3_2003_2005,s3_2075_3730,s6_57_up,Truck (<=10000 lbs.),s3_28_48,Not Deployed,s2_97_208,s1_below_1,Female,s2_37_80,s4_159_169,s2_164_318,s4_160_220,s3_4_5
9710,s3_1695_2555,s2_n103_99,s4_n40_7,s1_below_4282,s1_below_2,s4_2005_2007,s2_760_2075,s3_17_37,Passenger Car,s5_64_76,Not Deployed,s2_97_208,s1_below_1,Female,s2_37_80,s4_159_169,s2_164_318,s6_260_up,s2_2_4
9711,s3_1695_2555,s2_n103_99,s4_n40_7,s1_below_4282,s1_below_2,s1_below_2001,s2_760_2075,s3_17_37,Truck (<=6000 lbs.),s2_11_28,Deployed,s2_97_208,s1_below_1,Male,s3_80_96,s3_141_159,s2_164_318,s3_80_160,s2_2_4
9712,s3_1695_2555,s2_n103_99,s4_n40_7,s1_below_4282,s5_5_6,s3_2003_2005,s2_760_2075,s3_17_37,Truck (<=10000 lbs.),s3_28_48,Deployed,s2_97_208,s1_below_1,Male,s3_80_96,s4_159_169,s3_318_464,s3_80_160,s4_5_6
9713,s2_885_1695,s2_n103_99,s4_n40_7,s1_below_4282,s4_4_5,s1_below_2001,s3_2075_3730,s3_17_37,Passenger Car,s2_11_28,Deployed,s2_97_208,s1_below_1,Female,s2_37_80,s3_141_159,s2_164_318,s3_80_160,s2_2_4
9714,s2_885_1695,s2_n103_99,s4_n40_7,s1_below_4282,s5_5_6,s2_2001_2003,s2_760_2075,s5_47_57,Passenger Car,s2_11_28,Deployed,s2_97_208,s1_below_1,Female,s2_37_80,s3_141_159,s2_164_318,s3_80_160,s2_2_4
9715,s3_1695_2555,s2_n103_99,s4_n40_7,s1_below_4282,s5_5_6,s1_below_2001,s3_2075_3730,s4_37_47,Truck (<=10000 lbs.),s3_28_48,Not Deployed,s2_97_208,s1_below_1,Male,s4_96_114,s4_159_169,s3_318_464,s3_80_160,s4_5_6
9716,s2_885_1695,s2_n103_99,s4_n40_7,s1_below_4282,s2_2_3,s4_2005_2007,s2_760_2075,s3_17_37,Truck (<=6000 lbs.),s2_11_28,Not Deployed,s2_97_208,s1_below_1,Female,s2_37_80,s3_141_159,s2_164_318,s3_80_160,s2_2_4
9717,s3_1695_2555,s2_n103_99,s4_n40_7,s1_below_4282,s4_4_5,s2_2001_2003,s2_760_2075,s5_47_57,Passenger Car,s6_76_up,Deployed,s2_97_208,s1_below_1,Male,s2_37_80,s4_159_169,s2_164_318,s4_160_220,s3_4_5
9718,s2_885_1695,s2_n103_99,s4_n40_7,s1_below_4282,s1_below_2,s4_2005_2007,s2_760_2075,s1_below_7,Passenger Car,s2_11_28,Deployed,s2_97_208,s1_below_1,Male,s2_37_80,s3_141_159,s2_164_318,s2_40_80,s2_2_4
9719,s4_2555_3715,s2_n103_99,s4_n40_7,s1_below_4282,s1_below_2,s4_2005_2007,s2_760_2075,s3_17_37,Truck (<=10000 lbs.),s2_11_28,Deployed,s2_97_208,s1_below_1,Male,s5_114_130,s5_169_179,s3_318_464,s3_80_160,s5_6_7
9720,s3_1695_2555,s2_n103_99,s4_n40_7,s1_below_4282,s4_4_5,s2_2001_2003,s2_760_2075,s3_17_37,Truck (<=10000 lbs.),s4_48_64,Deployed,s2_97_208,s1_below_1,Female,s4_96_114,s2_116_141,s3_318_464,s4_160_220,s3_4_5
9721,s3_1695_2555,s2_n103_99,s4_n40_7,s1_below_4282,s2_2_3,s4_2005_2007,s2_760_2075,s3_17_37,Truck (<=6000 lbs.),s6_76_up,Not Deployed,s2_97_208,s1_below_1,Male,s2_37_80,s3_141_159,s3_318_464,s3_80_160,s2_2_4
9722,s3_1695_2555,s2_n103_99,s4_n40_7,s1_below_4282,s4_4_5,s4_2005_2007,s2_760_2075,s4_37_47,Passenger Car,s6_76_up,Not Deployed,s2_97_208,s2_1_2,Female,s2_37_80,s3_141_159,s2_164_318,s4_160_220,s2_2_4
9723,s2_885_1695,s2_n103_99,s5_7_up,s1_below_4282,s3_3_4,s3_2003_2005,s2_760_2075,s4_37_47,Passenger Car,s2_11_28,Not Deployed,s2_97_208,s1_below_1,Female,s2_37_80,s3_141_159,s2_164_318,s6_260_up,s2_2_4
9724,s2_885_1695,s2_n103_99,s4_n40_7,s1_below_4282,s1_below_2,s1_below_2001,s2_760_2075,s6_57_up,Passenger Car,s3_28_48,Not Deployed,s2_97_208,s1_below_1,Male,s4_96_114,s3_141_159,s2_164_318,s3_80_160,s2_2_4
9725,s2_885_1695,s2_n103_99,s4_n40_7,s1_below_4282,s4_4_5,s4_2005_2007,s2_760_2075,s4_37_47,Passenger Car,s2_11_28,Not Deployed,s2_97_208,s1_below_1,Male,s3_80_96,s3_141_159,s2_164_318,s4_160_220,s2_2_4
9726,s2_885_1695,s2_n103_99,s4_n40_7,s1_below_4282,s5_5_6,s1_below_2001,s2_760_2075,s3_17_37,Passenger Car,s2_11_28,Deployed,s2_97_208,s3_2_3,Female,s2_37_80,s3_141_159,s2_164_318,s4_160_220,s2_2_4
9727,s2_885_1695,s2_n103_99,s4_n40_7,s1_below_4282,s3_3_4,s4_2005_2007,s2_760_2075,s3_17_37,Passenger Car,s3_28_48,Not Deployed,s2_97_208,s1_below_1,Male,s4_96_114,s3_141_159,s2_164_318,s4_160_220,s2_2_4
9728,s4_2555_3715,s2_n103_99,s4_n40_7,s1_below_4282,s3_3_4,s3_2003_2005,s2_760_2075,s3_17_37,Truck (<=10000 lbs.),s2_11_28,Not Deployed,s2_97_208,s1_below_1,Male,s3_80_96,s6_179_up,s3_318_464,s2_40_80,s5_6_7
9729,s2_885_1695,s2_n103_99,s5_7_up,s1_below_4282,s1_below_2,s3_2003_2005,s2_760_2075,s5_47_57,Passenger Car,s2_11_28,Not Deployed,s2_97_208,s1_below_1,Female,s2_37_80,s3_141_159,s2_164_318,s4_160_220,s2_2_4
9730,s3_1695_2555,s2_n103_99,s4_n40_7,s1_below_4282,s1_below_2,s1_below_2001,s2_760_2075,s3_17_37,Truck (<=10000 lbs.),s3_28_48,Deployed,s2_97_208,s1_below_1,Male,s4_96_114,s4_159_169,s2_164_318,s3_80_160,s3_4_5
9731,s2_885_1695,s2_n103_99,s4_n40_7,s1_below_4282,s4_4_5,s4_2005_2007,s3_2075_3730,s3_17_37,Passenger Car,s2_11_28,Not Deployed,s2_97_208,s1_below_1,Female,s2_37_80,s3_141_159,s2_164_318,s3_80_160,s2_2_4
9732,s3_1695_2555,s2_n103_99,s4_n40_7,s1_below_4282,s2_2_3,s2_2001_2003,s2_760_2075,s6_57_up,Truck (<=10000 lbs.),s2_11_28,Deployed,s2_97_208,s1_below_1,Male,s2_37_80,s2_116_141,s3_318_464,s2_40_80,s3_4_5
9733,s4_2555_3715,s2_n103_99,s5_7_up,s1_below_4282,s1_below_2,s4_2005_2007,s2_760_2075,s3_17_37,Truck (<=10000 lbs.),s2_11_28,Not Deployed,s2_97_208,s1_below_1,Female,s2_37_80,s5_169_179,s2_164_318,s4_160_220,s3_4_5
9734,s2_885_1695,s2_n103_99,s3_n81_n40,s1_below_4282,s4_4_5,s1_below_2001,s2_760_2075,s3_17_37,Passenger Car,s2_11_28,Deployed,s2_97_208,s2_1_2,Male,s6_130_up,s3_141_159,s2_164_318,s3_80_160,s2_2_4
9735,s2_885_1695,s2_n103_99,s4_n40_7,s1_below_4282,s1_below_2,s1_below_2001,s2_760_2075,s3_17_37,Passenger Car,s2_11_28,Deployed,s2_97_208,s1_below_1,Female,s3_80_96,s3_141_159,s2_164_318,s3_80_160,s2_2_4
9736,s3_1695_2555,s2_n103_99,s4_n40_7,s1_below_4282,s1_below_2,s2_2001_2003,s2_760_2075,s3_17_37,Truck (<=6000 lbs.),s5_64_76,Not Deployed,s2_97_208,s1_below_1,Male,s2_37_80,s4_159_169,s2_164_318,s3_80_160,s2_2_4
9737,s2_885_1695,s2_n103_99,s4_n40_7,s1_below_4282,s5_5_6,s3_2003_2005,s2_760_2075,s4_37_47,Passenger Car,s2_11_28,Deployed,s2_97_208,s1_below_1,Male,s5_114_130,s3_141_159,s2_164_318,s4_160_220,s2_2_4
9738,s2_885_1695,s2_n103_99,s4_n40_7,s1_below_4282,s1_below_2,s1_below_2001,s2_760_2075,s3_17_37,Passenger Car,s6_76_up,Not Deployed,s2_97_208,s4_3_4,Male,s3_80_96,s3_141_159,s2_164_318,s2_40_80,s2_2_4
9739,s2_885_1695,s2_n103_99,s4_n40_7,s1_below_4282,s4_4_5,s2_2001_2003,s2_760_2075,s3_17_37,Passenger Car,s3_28_48,Not Deployed,s2_97_208,s1_below_1,Female,s2_37_80,s3_141_159,s2_164_318,s3_80_160,s2_2_4
9740,s4_2555_3715,s2_n103_99,s4_n40_7,s1_below_4282,s2_2_3,s2_2001_2003,s3_2075_3730,s4_37_47,Truck (<=10000 lbs.),s4_48_64,Not Deployed,s2_97_208,s2_1_2,Female,s3_80_96,s5_169_179,s2_164_318,s3_80_160,s3_4_5
9741,s3_1695_2555,s2_n103_99,s5_7_up,s1_below_4282,s2_2_3,s3_2003_2005,s3_2075_3730,s4_37_47,Truck (<=6000 lbs.),s2_11_28,Not Deployed,s2_97_208,s1_below_1,Female,s2_37_80,s3_141_159,s2_164_318,s6_260_up,s2_2_4
9742,s2_885_1695,s2_n103_99,s3_n81_n40,s2_4282_6970,s1_below_2,s1_below_2001,s2_760_2075,s4_37_47,Passenger Car,s2_11_28,Deployed,s2_97_208,s5_4_5,Male,s6_130_up,s3_141_159,s2_164_318,s3_80_160,s2_2_4
9743,s3_1695_2555,s2_n103_99,s3_n81_n40,s1_below_4282,s1_below_2,s4_2005_2007,s2_760_2075,s4_37_47,Truck (<=6000 lbs.),s2_11_28,Deployed,s2_97_208,s1_below_1,Female,s2_37_80,s3_141_159,s2_164_318,s3_80_160,s2_2_4
9744,s3_1695_2555,s2_n103_99,s4_n40_7,s1_below_4282,s1_below_2,s2_2001_2003,s2_760_2075,s1_below_7,Truck (<=10000 lbs.),s5_64_76,Not Deployed,s2_97_208,s5_4_5,Male,s3_80_96,s4_159_169,s2_164_318,s1_below_40,s3_4_5
9745,s2_885_1695,s2_n103_99,s4_n40_7,s1_below_4282,s2_2_3,s3_2003_2005,s2_760_2075,s3_17_37,Passenger Car,s2_11_28,Deployed,s2_97_208,s1_below_1,Female,s2_37_80,s3_141_159,s2_164_318,s3_80_160,s2_2_4
9746,s2_885_1695,s2_n103_99,s4_n40_7,s1_below_4282,s3_3_4,s2_2001_2003,s2_760_2075,s3_17_37,Truck (<=6000 lbs.),s2_11_28,Not Deployed,s2_97_208,s1_below_1,Female,s2_37_80,s3_141_159,s2_164_318,s3_80_160,s2_2_4
9747,s3_1695_2555,s2_n103_99,s4_n40_7,s1_below_4282,s1_below_2,s1_below_2001,s2_760_2075,s5_47_57,Truck (<=10000 lbs.),s2_11_28,Not Deployed,s2_97_208,s4_3_4,Male,s2_37_80,s4_159_169,s3_318_464,s6_260_up,s4_5_6
9748,s3_1695_2555,s2_n103_99,s4_n40_7,s1_below_4282,s5_5_6,s4_2005_2007,s2_760_2075,s5_47_57,Truck (<=6000 lbs.),s4_48_64,Deployed,s2_97_208,s1_below_1,Female,s2_37_80,s3_141_159,s2_164_318,s3_80_160,s2_2_4
9749,s3_1695_2555,s2_n103_99,s4_n40_7,s1_below_4282,s4_4_5,s2_2001_2003,s3_2075_3730,s5_47_57,Truck (<=6000 lbs.),s4_48_64,Deployed,s2_97_208,s1_below_1,Male,s3_80_96,s4_159_169,s2_164_318,s3_80_160,s3_4_5
9750,s4_2555_3715,s2_n103_99,s4_n40_7,s1_below_4282,s2_2_3,s3_2003_2005,s3_2075_3730,s6_57_up,Truck (<=10000 lbs.),s5_64_76,Deployed,s2_97_208,s1_below_1,Male,s2_37_80,s5_169_179,s3_318_464,s3_80_160,s5_6_7
9751,s3_1695_2555,s2_n103_99,s4_n40_7,s1_below_4282,s3_3_4,s1_below_2001,s2_760_2075,s4_37_47,Truck (<=6000 lbs.),s3_28_48,Not Deployed,s2_97_208,s1_below_1,Male,s3_80_96,s4_159_169,s2_164_318,s3_80_160,s3_4_5
9752,s3_1695_2555,s2_n103_99,s4_n40_7,s1_below_4282,s1_below_2,s4_2005_2007,s2_760_2075,s3_17_37,Truck (<=6000 lbs.),s3_28_48,Not Deployed,s2_97_208,s1_below_1,Male,s4_96_114,s3_141_159,s2_164_318,s3_80_160,s2_2_4
9753,s3_1695_2555,s2_n103_99,s4_n40_7,s1_below_4282,s5_5_6,s2_2001_2003,s3_2075_3730,s5_47_57,Truck (<=6000 lbs.),s5_64_76,Not Deployed,s2_97_208,s1_below_1,Male,s2_37_80,s4_159_169,s2_164_318,s4_160_220,s2_2_4
9754,s2_885_1695,s2_n103_99,s4_n40_7,s1_below_4282,s4_4_5,s3_2003_2005,s2_760_2075,s4_37_47,Passenger Car,s2_11_28,Not Deployed,s2_97_208,s1_below_1,Male,s4_96_114,s3_141_159,s2_164_318,s3_80_160,s2_2_4
9755,s3_1695_2555,s2_n103_99,s4_n40_7,s1_below_4282,s4_4_5,s2_2001_2003,s2_760_2075,s3_17_37,Truck (<=6000 lbs.),s3_28_48,Not Deployed,s2_97_208,s1_below_1,Male,s2_37_80,s3_141_159,s2_164_318,s3_80_160,s2_2_4
9756,s2_885_1695,s2_n103_99,s4_n40_7,s1_below_4282,s5_5_6,s2_2001_2003,s2_760_2075,s3_17_37,Passenger Car,s3_28_48,Deployed,s2_97_208,s1_below_1,Male,s2_37_80,s3_141_159,s2_164_318,s3_80_160,s2_2_4
9757,s3_1695_2555,s2_n103_99,s4_n40_7,s1_below_4282,s4_4_5,s2_2001_2003,s2_760_2075,s3_17_37,Truck (<=6000 lbs.),s2_11_28,Not Deployed,s2_97_208,s1_below_1,Female,s2_37_80,s3_141_159,s2_164_318,s4_160_220,s2_2_4
9758,s2_885_1695,s2_n103_99,s4_n40_7,s1_below_4282,s3_3_4,s2_2001_2003,s2_760_2075,s3_17_37,Passenger Car,s2_11_28,Deployed,s2_97_208,s2_1_2,Female,s2_37_80,s3_141_159,s2_164_318,s3_80_160,s2_2_4
9759,s3_1695_2555,s2_n103_99,s4_n40_7,s1_below_4282,s1_below_2,s1_below_2001,s2_760_2075,s3_17_37,Truck (<=6000 lbs.),s3_28_48,Not Deployed,s2_97_208,s1_below_1,Male,s2_37_80,s3_141_159,s3_318_464,s3_80_160,s2_2_4
9760,s2_885_1695,s2_n103_99,s4_n40_7,s1_below_4282,s6_6_up,s1_below_2001,s2_760_2075,s3_17_37,Passenger Car,s4_48_64,Not Deployed,s2_97_208,s1_below_1,Female,s2_37_80,s3_141_159,s2_164_318,s4_160_220,s2_2_4
9761,s2_885_1695,s2_n103_99,s4_n40_7,s1_below_4282,s6_6_up,s3_2003_2005,s2_760_2075,s3_17_37,Passenger Car,s3_28_48,Not Deployed,s2_97_208,s1_below_1,Female,s2_37_80,s3_141_159,s2_164_318,s3_80_160,s2_2_4
9762,s3_1695_2555,s2_n103_99,s4_n40_7,s1_below_4282,s6_6_up,s2_2001_2003,s2_760_2075,s3_17_37,Truck (<=10000 lbs.),s3_28_48,Not Deployed,s2_97_208,s1_below_1,Male,s2_37_80,s5_169_179,s3_318_464,s4_160_220,s4_5_6
9763,s3_1695_2555,s2_n103_99,s4_n40_7,s1_below_4282,s4_4_5,s3_2003_2005,s2_760_2075,s3_17_37,Truck (<=10000 lbs.),s3_28_48,Not Deployed,s2_97_208,s1_below_1,Male,s3_80_96,s4_159_169,s3_318_464,s3_80_160,s4_5_6
9764,s2_885_1695,s2_n103_99,s5_7_up,s1_below_4282,s3_3_4,s2_2001_2003,s2_760_2075,s6_57_up,Truck (<=6000 lbs.),s3_28_48,Not Deployed,s2_97_208,s1_below_1,Male,s3_80_96,s3_141_159,s2_164_318,s6_260_up,s2_2_4
9765,s2_885_1695,s2_n103_99,s3_n81_n40,s1_below_4282,s4_4_5,s1_below_2001,s3_2075_3730,s3_17_37,Passenger Car,s4_48_64,Deployed,s2_97_208,s3_2_3,Male,s4_96_114,s3_141_159,s2_164_318,s3_80_160,s2_2_4
9766,s2_885_1695,s2_n103_99,s4_n40_7,s1_below_4282,s3_3_4,s4_2005_2007,s2_760_2075,s3_17_37,Passenger Car,s2_11_28,Not Deployed,s2_97_208,s1_below_1,Male,s2_37_80,s3_141_159,s2_164_318,s2_40_80,s2_2_4
9767,s2_885_1695,s2_n103_99,s4_n40_7,s1_below_4282,s1_below_2,s1_below_2001,s2_760_2075,s3_17_37,Passenger Car,s6_76_up,Deployed,s2_97_208,s2_1_2,Female,s2_37_80,s3_141_159,s2_164_318,s4_160_220,s2_2_4
9768,s2_885_1695,s2_n103_99,s4_n40_7,s1_below_4282,s6_6_up,s4_2005_2007,s2_760_2075,s3_17_37,Passenger Car,s3_28_48,Not Deployed,s2_97_208,s1_below_1,Male,s2_37_80,s3_141_159,s2_164_318,s5_220_260,s2_2_4
9769,s3_1695_2555,s2_n103_99,s4_n40_7,s1_below_4282,s1_below_2,s3_2003_2005,s2_760_2075,s4_37_47,Truck (<=10000 lbs.),s3_28_48,Not Deployed,s2_97_208,s2_1_2,Female,s2_37_80,s4_159_169,s2_164_318,s2_40_80,s3_4_5
9770,s2_885_1695,s2_n103_99,s4_n40_7,s1_below_4282,s6_6_up,s2_2001_2003,s2_760_2075,s4_37_47,Passenger Car,s6_76_up,Deployed,s2_97_208,s3_2_3,Female,s2_37_80,s3_141_159,s2_164_318,s3_80_160,s2_2_4
9771,s2_885_1695,s2_n103_99,s4_n40_7,s1_below_4282,s3_3_4,s2_2001_2003,s2_760_2075,s3_17_37,Passenger Car,s3_28_48,Deployed,s2_97_208,s1_below_1,Male,s4_96_114,s3_141_159,s2_164_318,s3_80_160,s2_2_4
9772,s2_885_1695,s2_n103_99,s4_n40_7,s1_below_4282,s1_below_2,s4_2005_2007,s2_760_2075,s3_17_37,Passenger Car,s6_76_up,Deployed,s2_97_208,s1_below_1,Female,s2_37_80,s3_141_159,s2_164_318,s3_80_160,s2_2_4
9773,s2_885_1695,s2_n103_99,s4_n40_7,s1_below_4282,s1_below_2,s4_2005_2007,s2_760_2075,s4_37_47,Passenger Car,s2_11_28,Not Deployed,s2_97_208,s2_1_2,Female,s3_80_96,s3_141_159,s2_164_318,s3_80_160,s2_2_4
9774,s4_2555_3715,s2_n103_99,s4_n40_7,s1_below_4282,s5_5_6,s1_below_2001,s2_760_2075,s3_17_37,Truck (<=10000 lbs.),s3_28_48,Not Deployed,s2_97_208,s1_below_1,Male,s3_80_96,s5_169_179,s3_318_464,s3_80_160,s6_7_up
9775,s3_1695_2555,s2_n103_99,s4_n40_7,s1_below_4282,s5_5_6,s3_2003_2005,s2_760_2075,s3_17_37,Passenger Car,s3_28_48,Not Deployed,s2_97_208,s1_below_1,Male,s2_37_80,s4_159_169,s2_164_318,s6_260_up,s3_4_5
9776,s2_885_1695,s2_n103_99,s4_n40_7,s1_below_4282,s6_6_up,s1_below_2001,s2_760_2075,s3_17_37,Passenger Car,s2_11_28,Not Deployed,s2_97_208,s1_below_1,Female,s2_37_80,s3_141_159,s2_164_318,s4_160_220,s2_2_4
9777,s2_885_1695,s2_n103_99,s4_n40_7,s1_below_4282,s4_4_5,s3_2003_2005,s2_760_2075,s3_17_37,Passenger Car,s2_11_28,Not Deployed,s2_97_208,s1_below_1,Male,s4_96_114,s3_141_159,s2_164_318,s4_160_220,s2_2_4
9778,s2_885_1695,s2_n103_99,s4_n40_7,s1_below_4282,s2_2_3,s1_below_2001,s2_760_2075,s3_17_37,Passenger Car,s6_76_up,Deployed,s2_97_208,s1_below_1,Female,s2_37_80,s3_141_159,s2_164_318,s4_160_220,s2_2_4
9779,s2_885_1695,s2_n103_99,s4_n40_7,s1_below_4282,s1_below_2,s4_2005_2007,s2_760_2075,s4_37_47,Passenger Car,s2_11_28,Deployed,s2_97_208,s1_below_1,Male,s2_37_80,s3_141_159,s2_164_318,s3_80_160,s2_2_4
9780,s2_885_1695,s2_n103_99,s4_n40_7,s1_below_4282,s2_2_3,s3_2003_2005,s2_760_2075,s3_17_37,Passenger Car,s2_11_28,Not Deployed,s2_97_208,s1_below_1,Male,s2_37_80,s3_141_159,s2_164_318,s3_80_160,s2_2_4
9781,s2_885_1695,s2_n103_99,s4_n40_7,s1_below_4282,s4_4_5,s1_below_2001,s2_760_2075,s3_17_37,Passenger Car,s2_11_28,Not Deployed,s2_97_208,s2_1_2,Female,s2_37_80,s3_141_159,s2_164_318,s3_80_160,s2_2_4
9782,s3_1695_2555,s2_n103_99,s4_n40_7,s1_below_4282,s2_2_3,s3_2003_2005,s2_760_2075,s3_17_37,Truck (<=6000 lbs.),s4_48_64,Not Deployed,s2_97_208,s1_below_1,Female,s2_37_80,s3_141_159,s2_164_318,s4_160_220,s2_2_4
9783,s2_885_1695,s2_n103_99,s3_n81_n40,s1_below_4282,s4_4_5,s3_2003_2005,s2_760_2075,s4_37_47,Passenger Car,s2_11_28,Deployed,s2_97_208,s2_1_2,Male,s2_37_80,s3_141_159,s2_164_318,s3_80_160,s2_2_4
9784,s3_1695_2555,s2_n103_99,s5_7_up,s1_below_4282,s4_4_5,s1_below_2001,s2_760_2075,s4_37_47,Truck (<=6000 lbs.),s3_28_48,Not Deployed,s2_97_208,s2_1_2,Female,s2_37_80,s3_141_159,s2_164_318,s6_260_up,s2_2_4
9785,s3_1695_2555,s2_n103_99,s4_n40_7,s1_below_4282,s4_4_5,s1_below_2001,s2_760_2075,s4_37_47,Truck (<=10000 lbs.),s3_28_48,Deployed,s2_97_208,s2_1_2,Male,s3_80_96,s5_169_179,s3_318_464,s3_80_160,s4_5_6
9786,s3_1695_2555,s2_n103_99,s4_n40_7,s1_below_4282,s4_4_5,s4_2005_2007,s2_760_2075,s3_17_37,Truck (<=6000 lbs.),s2_11_28,Deployed,s2_97_208,s1_below_1,Male,s2_37_80,s3_141_159,s2_164_318,s4_160_220,s2_2_4
9787,s2_885_1695,s2_n103_99,s4_n40_7,s1_below_4282,s2_2_3,s4_2005_2007,s2_760_2075,s5_47_57,Passenger Car,s2_11_28,Deployed,s2_97_208,s1_below_1,Female,s2_37_80,s3_141_159,s2_164_318,s3_80_160,s2_2_4
9788,s2_885_1695,s2_n103_99,s4_n40_7,s1_below_4282,s4_4_5,s3_2003_2005,s2_760_2075,s3_17_37,Passenger Car,s2_11_28,Deployed,s2_97_208,s1_below_1,Female,s2_37_80,s3_141_159,s2_164_318,s4_160_220,s2_2_4
9789,s2_885_1695,s2_n103_99,s4_n40_7,s1_below_4282,s3_3_4,s3_2003_2005,s2_760_2075,s3_17_37,Passenger Car,s2_11_28,Not Deployed,s2_97_208,s1_below_1,Female,s2_37_80,s3_141_159,s2_164_318,s4_160_220,s2_2_4
9790,s2_885_1695,s2_n103_99,s4_n40_7,s1_below_4282,s4_4_5,s4_2005_2007,s2_760_2075,s3_17_37,Passenger Car,s3_28_48,Not Deployed,s2_97_208,s1_below_1,Male,s3_80_96,s3_141_159,s2_164_318,s3_80_160,s2_2_4
9791,s3_1695_2555,s2_n103_99,s4_n40_7,s1_below_4282,s1_below_2,s2_2001_2003,s2_760_2075,s3_17_37,Truck (<=10000 lbs.),s2_11_28,Not Deployed,s2_97_208,s1_below_1,Female,s3_80_96,s5_169_179,s2_164_318,s2_40_80,s3_4_5
9792,s2_885_1695,s2_n103_99,s3_n81_n40,s1_below_4282,s4_4_5,s2_2001_2003,s2_760_2075,s3_17_37,Passenger Car,s2_11_28,Deployed,s2_97_208,s1_below_1,Male,s3_80_96,s3_141_159,s2_164_318,s3_80_160,s2_2_4
9793,s3_1695_2555,s2_n103_99,s4_n40_7,s1_below_4282,s6_6_up,s4_2005_2007,s2_760_2075,s4_37_47,Passenger Car,s5_64_76,Not Deployed,s2_97_208,s1_below_1,Male,s3_80_96,s3_141_159,s2_164_318,s4_160_220,s2_2_4
9794,s2_885_1695,s2_n103_99,s4_n40_7,s1_below_4282,s4_4_5,s3_2003_2005,s2_760_2075,s3_17_37,Passenger Car,s2_11_28,Deployed,s2_97_208,s1_below_1,Female,s2_37_80,s3_141_159,s2_164_318,s4_160_220,s2_2_4
9795,s3_1695_2555,s2_n103_99,s3_n81_n40,s1_below_4282,s1_below_2,s1_below_2001,s2_760_2075,s5_47_57,Truck (<=6000 lbs.),s5_64_76,Deployed,s2_97_208,s4_3_4,Female,s2_37_80,s4_159_169,s2_164_318,s3_80_160,s3_4_5
9796,s3_1695_2555,s2_n103_99,s4_n40_7,s1_below_4282,s6_6_up,s4_2005_2007,s2_760_2075,s3_17_37,Truck (<=10000 lbs.),s3_28_48,Not Deployed,s2_97_208,s1_below_1,Female,s2_37_80,s3_141_159,s3_318_464,s3_80_160,s3_4_5
9797,s2_885_1695,s2_n103_99,s5_7_up,s1_below_4282,s6_6_up,s3_2003_2005,s2_760_2075,s3_17_37,Passenger Car,s3_28_48,Not Deployed,s2_97_208,s1_below_1,Male,s4_96_114,s3_141_159,s2_164_318,s6_260_up,s2_2_4
9798,s2_885_1695,s2_n103_99,s4_n40_7,s1_below_4282,s4_4_5,s1_below_2001,s3_2075_3730,s3_17_37,Passenger Car,s4_48_64,Deployed,s2_97_208,s1_below_1,Male,s3_80_96,s3_141_159,s2_164_318,s4_160_220,s2_2_4
9799,s2_885_1695,s2_n103_99,s5_7_up,s1_below_4282,s6_6_up,s3_2003_2005,s2_760_2075,s3_17_37,Passenger Car,s3_28_48,Not Deployed,s2_97_208,s1_below_1,Female,s2_37_80,s3_141_159,s2_164_318,s4_160_220,s2_2_4
9800,s3_1695_2555,s2_n103_99,s4_n40_7,s1_below_4282,s3_3_4,s1_below_2001,s2_760_2075,s3_17_37,Truck (<=6000 lbs.),s2_11_28,Deployed,s2_97_208,s1_below_1,Male,s2_37_80,s3_141_159,s2_164_318,s3_80_160,s2_2_4
9801,s2_885_1695,s2_n103_99,s4_n40_7,s1_below_4282,s4_4_5,s1_below_2001,s2_760_2075,s3_17_37,Truck (<=6000 lbs.),s3_28_48,Not Deployed,s2_97_208,s1_below_1,Male,s3_80_96,s3_141_159,s2_164_318,s3_80_160,s2_2_4
9802,s3_1695_2555,s2_n103_99,s4_n40_7,s1_below_4282,s6_6_up,s4_2005_2007,s2_760_2075,s3_17_37,Truck (<=10000 lbs.),s3_28_48,Not Deployed,s2_97_208,s1_below_1,Female,s2_37_80,s4_159_169,s2_164_318,s3_80_160,s2_2_4
9803,s2_885_1695,s2_n103_99,s4_n40_7,s1_below_4282,s3_3_4,s3_2003_2005,s2_760_2075,s5_47_57,Passenger Car,s2_11_28,Deployed,s2_97_208,s1_below_1,Female,s2_37_80,s3_141_159,s2_164_318,s3_80_160,s2_2_4
9804,s2_885_1695,s2_n103_99,s1_below_n112,s2_4282_6970,s1_below_2,s4_2005_2007,s2_760_2075,s3_17_37,Passenger Car,s6_76_up,Deployed,s2_97_208,s5_4_5,Male,s2_37_80,s3_141_159,s2_164_318,s3_80_160,s2_2_4
9805,s2_885_1695,s2_n103_99,s4_n40_7,s1_below_4282,s3_3_4,s1_below_2001,s2_760_2075,s3_17_37,Passenger Car,s2_11_28,Deployed,s2_97_208,s3_2_3,Female,s2_37_80,s3_141_159,s2_164_318,s3_80_160,s2_2_4
9806,s2_885_1695,s2_n103_99,s4_n40_7,s1_below_4282,s4_4_5,s3_2003_2005,s3_2075_3730,s4_37_47,Passenger Car,s5_64_76,Not Deployed,s2_97_208,s1_below_1,Female,s2_37_80,s3_141_159,s2_164_318,s4_160_220,s2_2_4
9807,s2_885_1695,s2_n103_99,s4_n40_7,s1_below_4282,s2_2_3,s2_2001_2003,s2_760_2075,s3_17_37,Passenger Car,s4_48_64,Deployed,s2_97_208,s4_3_4,Male,s2_37_80,s3_141_159,s2_164_318,s3_80_160,s2_2_4
9808,s3_1695_2555,s2_n103_99,s4_n40_7,s1_below_4282,s1_below_2,s4_2005_2007,s2_760_2075,s3_17_37,Truck (<=6000 lbs.),s4_48_64,Deployed,s2_97_208,s1_below_1,Female,s2_37_80,s4_159_169,s2_164_318,s4_160_220,s3_4_5
9809,s2_885_1695,s2_n103_99,s4_n40_7,s1_below_4282,s4_4_5,s4_2005_2007,s3_2075_3730,s3_17_37,Passenger Car,s2_11_28,Deployed,s2_97_208,s1_below_1,Male,s2_37_80,s3_141_159,s2_164_318,s4_160_220,s2_2_4
9810,s3_1695_2555,s2_n103_99,s4_n40_7,s1_below_4282,s1_below_2,s1_below_2001,s2_760_2075,s3_17_37,Truck (<=10000 lbs.),s3_28_48,Not Deployed,s2_97_208,s1_below_1,Male,s4_96_114,s4_159_169,s3_318_464,s3_80_160,s4_5_6
9811,s2_885_1695,s2_n103_99,s3_n81_n40,s1_below_4282,s1_below_2,s3_2003_2005,s2_760_2075,s5_47_57,Truck (<=6000 lbs.),s2_11_28,Deployed,s2_97_208,s3_2_3,Male,s3_80_96,s3_141_159,s3_318_464,s3_80_160,s2_2_4
9812,s3_1695_2555,s2_n103_99,s4_n40_7,s1_below_4282,s1_below_2,s3_2003_2005,s3_2075_3730,s3_17_37,Truck (<=6000 lbs.),s3_28_48,Deployed,s2_97_208,s1_below_1,Female,s2_37_80,s5_169_179,s2_164_318,s3_80_160,s4_5_6
9813,s2_885_1695,s2_n103_99,s4_n40_7,s1_below_4282,s2_2_3,s3_2003_2005,s2_760_2075,s3_17_37,Passenger Car,s4_48_64,Not Deployed,s2_97_208,s1_below_1,Male,s2_37_80,s3_141_159,s2_164_318,s2_40_80,s2_2_4
9814,s2_885_1695,s2_n103_99,s5_7_up,s1_below_4282,s4_4_5,s2_2001_2003,s2_760_2075,s6_57_up,Passenger Car,s2_11_28,Not Deployed,s2_97_208,s1_below_1,Male,s2_37_80,s3_141_159,s2_164_318,s6_260_up,s2_2_4
9815,s2_885_1695,s2_n103_99,s4_n40_7,s1_below_4282,s4_4_5,s1_below_2001,s2_760_2075,s3_17_37,Truck (<=6000 lbs.),s3_28_48,Deployed,s2_97_208,s1_below_1,Male,s3_80_96,s3_141_159,s2_164_318,s3_80_160,s2_2_4
9816,s2_885_1695,s2_n103_99,s4_n40_7,s1_below_4282,s1_below_2,s3_2003_2005,s2_760_2075,s4_37_47,Passenger Car,s4_48_64,Deployed,s2_97_208,s2_1_2,Female,s2_37_80,s3_141_159,s2_164_318,s3_80_160,s2_2_4
9817,s3_1695_2555,s2_n103_99,s4_n40_7,s1_below_4282,s5_5_6,s1_below_2001,s2_760_2075,s4_37_47,Truck (<=6000 lbs.),s3_28_48,Not Deployed,s2_97_208,s1_below_1,Female,s3_80_96,s3_141_159,s3_318_464,s4_160_220,s2_2_4
9818,s3_1695_2555,s2_n103_99,s4_n40_7,s1_below_4282,s4_4_5,s3_2003_2005,s3_2075_3730,s6_57_up,Truck (<=6000 lbs.),s3_28_48,Deployed,s2_97_208,s1_below_1,Male,s2_37_80,s4_159_169,s2_164_318,s3_80_160,s2_2_4
9819,s2_885_1695,s2_n103_99,s4_n40_7,s1_below_4282,s4_4_5,s3_2003_2005,s2_760_2075,s6_57_up,Passenger Car,s2_11_28,Not Deployed,s2_97_208,s1_below_1,Male,s2_37_80,s3_141_159,s2_164_318,s2_40_80,s2_2_4
9820,s2_885_1695,s2_n103_99,s4_n40_7,s1_below_4282,s1_below_2,s1_below_2001,s2_760_2075,s3_17_37,Truck (<=6000 lbs.),s2_11_28,Not Deployed,s2_97_208,s1_below_1,Male,s3_80_96,s2_116_141,s3_318_464,s3_80_160,s2_2_4
9821,s2_885_1695,s2_n103_99,s4_n40_7,s1_below_4282,s3_3_4,s3_2003_2005,s2_760_2075,s3_17_37,Passenger Car,s2_11_28,Not Deployed,s2_97_208,s1_below_1,Male,s2_37_80,s3_141_159,s2_164_318,s3_80_160,s2_2_4
9822,s2_885_1695,s2_n103_99,s4_n40_7,s1_below_4282,s4_4_5,s1_below_2001,s2_760_2075,s3_17_37,Passenger Car,s5_64_76,Deployed,s2_97_208,s1_below_1,Female,s2_37_80,s3_141_159,s2_164_318,s3_80_160,s2_2_4
9823,s2_885_1695,s2_n103_99,s4_n40_7,s1_below_4282,s4_4_5,s1_below_2001,s2_760_2075,s3_17_37,Truck (<=6000 lbs.),s4_48_64,Not Deployed,s2_97_208,s1_below_1,Male,s4_96_114,s3_141_159,s2_164_318,s3_80_160,s2_2_4
9824,s2_885_1695,s2_n103_99,s4_n40_7,s1_below_4282,s4_4_5,s2_2001_2003,s3_2075_3730,s4_37_47,Passenger Car,s3_28_48,Not Deployed,s2_97_208,s1_below_1,Female,s2_37_80,s3_141_159,s2_164_318,s4_160_220,s2_2_4
9825,s2_885_1695,s2_n103_99,s4_n40_7,s1_below_4282,s2_2_3,s1_below_2001,s3_2075_3730,s4_37_47,Passenger Car,s3_28_48,Deployed,s2_97_208,s1_below_1,Female,s4_96_114,s3_141_159,s2_164_318,s3_80_160,s2_2_4
9826,s2_885_1695,s2_n103_99,s5_7_up,s1_below_4282,s4_4_5,s3_2003_2005,s2_760_2075,s3_17_37,Passenger Car,s3_28_48,Not Deployed,s2_97_208,s1_below_1,Male,s5_114_130,s3_141_159,s2_164_318,s4_160_220,s2_2_4
9827,s3_1695_2555,s2_n103_99,s4_n40_7,s1_below_4282,s4_4_5,s3_2003_2005,s2_760_2075,s6_57_up,Truck (<=10000 lbs.),s3_28_48,Not Deployed,s2_97_208,s1_below_1,Male,s3_80_96,s4_159_169,s2_164_318,s3_80_160,s3_4_5
9828,s3_1695_2555,s2_n103_99,s4_n40_7,s1_below_4282,s3_3_4,s3_2003_2005,s3_2075_3730,s3_17_37,Truck (<=6000 lbs.),s4_48_64,Not Deployed,s2_97_208,s1_below_1,Female,s2_37_80,s5_169_179,s2_164_318,s2_40_80,s3_4_5
9829,s2_885_1695,s2_n103_99,s4_n40_7,s1_below_4282,s5_5_6,s5_2007_2009,s2_760_2075,s3_17_37,Truck (<=6000 lbs.),s2_11_28,Not Deployed,s2_97_208,s1_below_1,Female,s2_37_80,s3_141_159,s2_164_318,s1_below_40,s2_2_4
9830,s3_1695_2555,s2_n103_99,s4_n40_7,s1_below_4282,s2_2_3,s4_2005_2007,s2_760_2075,s4_37_47,Truck (<=6000 lbs.),s2_11_28,Deployed,s2_97_208,s1_below_1,Female,s3_80_96,s3_141_159,s2_164_318,s4_160_220,s2_2_4
9831,s2_885_1695,s2_n103_99,s4_n40_7,s1_below_4282,s5_5_6,s2_2001_2003,s2_760_2075,s4_37_47,Passenger Car,s3_28_48,Deployed,s2_97_208,s3_2_3,Female,s2_37_80,s3_141_159,s2_164_318,s3_80_160,s2_2_4
9832,s2_885_1695,s2_n103_99,s5_7_up,s1_below_4282,s1_below_2,s2_2001_2003,s2_760_2075,s5_47_57,Passenger Car,s2_11_28,Not Deployed,s2_97_208,s1_below_1,Female,s2_37_80,s3_141_159,s2_164_318,s6_260_up,s2_2_4
9833,s2_885_1695,s2_n103_99,s4_n40_7,s1_below_4282,s4_4_5,s1_below_2001,s2_760_2075,s4_37_47,Truck (<=6000 lbs.),s2_11_28,Not Deployed,s2_97_208,s1_below_1,Male,s3_80_96,s3_141_159,s3_318_464,s3_80_160,s2_2_4
9834,s2_885_1695,s2_n103_99,s5_7_up,s1_below_4282,s4_4_5,s4_2005_2007,s2_760_2075,s4_37_47,Truck (<=6000 lbs.),s3_28_48,Not Deployed,s2_97_208,s1_below_1,Male,s4_96_114,s3_141_159,s2_164_318,s6_260_up,s2_2_4
9835,s2_885_1695,s2_n103_99,s4_n40_7,s1_below_4282,s5_5_6,s1_below_2001,s2_760_2075,s3_17_37,Passenger Car,s3_28_48,Deployed,s2_97_208,s1_below_1,Male,s2_37_80,s3_141_159,s2_164_318,s4_160_220,s2_2_4
9836,s3_1695_2555,s2_n103_99,s4_n40_7,s1_below_4282,s1_below_2,s3_2003_2005,s2_760_2075,s3_17_37,Truck (<=10000 lbs.),s3_28_48,Deployed,s2_97_208,s1_below_1,Female,s2_37_80,s3_141_159,s3_318_464,s3_80_160,s3_4_5
9837,s2_885_1695,s2_n103_99,s4_n40_7,s1_below_4282,s2_2_3,s2_2001_2003,s2_760_2075,s6_57_up,Passenger Car,s2_11_28,Deployed,s2_97_208,s1_below_1,Female,s2_37_80,s3_141_159,s2_164_318,s3_80_160,s2_2_4
9838,s2_885_1695,s2_n103_99,s4_n40_7,s1_below_4282,s2_2_3,s1_below_2001,s2_760_2075,s6_57_up,Passenger Car,s4_48_64,Not Deployed,s2_97_208,s1_below_1,Female,s2_37_80,s3_141_159,s2_164_318,s3_80_160,s2_2_4
9839,s2_885_1695,s2_n103_99,s4_n40_7,s1_below_4282,s3_3_4,s3_2003_2005,s2_760_2075,s3_17_37,Passenger Car,s4_48_64,Not Deployed,s2_97_208,s3_2_3,Female,s2_37_80,s3_141_159,s2_164_318,s2_40_80,s2_2_4
9840,s2_885_1695,s2_n103_99,s4_n40_7,s1_below_4282,s1_below_2,s4_2005_2007,s3_2075_3730,s5_47_57,Passenger Car,s2_11_28,Deployed,s2_97_208,s1_below_1,Male,s3_80_96,s3_141_159,s2_164_318,s3_80_160,s2_2_4
9841,s3_1695_2555,s2_n103_99,s4_n40_7,s1_below_4282,s4_4_5,s3_2003_2005,s2_760_2075,s3_17_37,Passenger Car,s5_64_76,Not Deployed,s2_97_208,s1_below_1,Male,s3_80_96,s4_159_169,s2_164_318,s4_160_220,s2_2_4
9842,s2_885_1695,s2_n103_99,s4_n40_7,s1_below_4282,s4_4_5,s4_2005_2007,s2_760_2075,s3_17_37,Passenger Car,s2_11_28,Deployed,s2_97_208,s1_below_1,Male,s2_37_80,s3_141_159,s2_164_318,s3_80_160,s2_2_4
9843,s2_885_1695,s2_n103_99,s4_n40_7,s1_below_4282,s2_2_3,s1_below_2001,s2_760_2075,s3_17_37,Passenger Car,s5_64_76,Not Deployed,s2_97_208,s1_below_1,Female,s2_37_80,s3_141_159,s2_164_318,s3_80_160,s2_2_4
9844,s2_885_1695,s2_n103_99,s4_n40_7,s1_below_4282,s2_2_3,s4_2005_2007,s2_760_2075,s4_37_47,Passenger Car,s2_11_28,Deployed,s2_97_208,s2_1_2,Male,s2_37_80,s3_141_159,s2_164_318,s3_80_160,s2_2_4
9845,s4_2555_3715,s2_n103_99,s4_n40_7,s1_below_4282,s2_2_3,s4_2005_2007,s2_760_2075,s3_17_37,Truck (<=10000 lbs.),s3_28_48,Deployed,s2_97_208,s2_1_2,Male,s3_80_96,s5_169_179,s3_318_464,s3_80_160,s4_5_6
9846,s2_885_1695,s2_n103_99,s4_n40_7,s1_below_4282,s1_below_2,s2_2001_2003,s2_760_2075,s3_17_37,Passenger Car,s2_11_28,Deployed,s2_97_208,s1_below_1,Female,s2_37_80,s3_141_159,s2_164_318,s3_80_160,s2_2_4
9847,s2_885_1695,s2_n103_99,s4_n40_7,s1_below_4282,s2_2_3,s3_2003_2005,s2_760_2075,s3_17_37,Passenger Car,s2_11_28,Deployed,s2_97_208,s1_below_1,Female,s2_37_80,s3_141_159,s2_164_318,s4_160_220,s2_2_4
9848,s2_885_1695,s2_n103_99,s4_n40_7,s1_below_4282,s2_2_3,s3_2003_2005,s2_760_2075,s6_57_up,Passenger Car,s3_28_48,Deployed,s2_97_208,s1_below_1,Male,s3_80_96,s3_141_159,s2_164_318,s3_80_160,s2_2_4
9849,s2_885_1695,s2_n103_99,s5_7_up,s1_below_4282,s4_4_5,s2_2001_2003,s2_760_2075,s3_17_37,Passenger Car,s5_64_76,Not Deployed,s2_97_208,s1_below_1,Female,s2_37_80,s3_141_159,s2_164_318,s6_260_up,s2_2_4
9850,s2_885_1695,s2_n103_99,s4_n40_7,s1_below_4282,s5_5_6,s3_2003_2005,s2_760_2075,s3_17_37,Passenger Car,s6_76_up,Deployed,s2_97_208,s1_below_1,Male,s3_80_96,s3_141_159,s2_164_318,s3_80_160,s2_2_4
9851,s2_885_1695,s2_n103_99,s4_n40_7,s1_below_4282,s1_below_2,s4_2005_2007,s3_2075_3730,s3_17_37,Passenger Car,s3_28_48,Deployed,s2_97_208,s1_below_1,Female,s5_114_130,s3_141_159,s2_164_318,s2_40_80,s2_2_4
9852,s2_885_1695,s2_n103_99,s5_7_up,s1_below_4282,s1_below_2,s1_below_2001,s3_2075_3730,s3_17_37,Passenger Car,s5_64_76,Not Deployed,s2_97_208,s1_below_1,Male,s2_37_80,s3_141_159,s2_164_318,s6_260_up,s2_2_4
9853,s2_885_1695,s2_n103_99,s4_n40_7,s1_below_4282,s4_4_5,s1_below_2001,s2_760_2075,s3_17_37,Passenger Car,s2_11_28,Not Deployed,s2_97_208,s1_below_1,Male,s5_114_130,s3_141_159,s2_164_318,s3_80_160,s2_2_4
9854,s3_1695_2555,s2_n103_99,s4_n40_7,s1_below_4282,s3_3_4,s2_2001_2003,s2_760_2075,s4_37_47,Truck (<=6000 lbs.),s4_48_64,Not Deployed,s2_97_208,s1_below_1,Male,s4_96_114,s3_141_159,s2_164_318,s3_80_160,s2_2_4
9855,s2_885_1695,s2_n103_99,s4_n40_7,s1_below_4282,s1_below_2,s4_2005_2007,s2_760_2075,s3_17_37,Truck (<=6000 lbs.),s3_28_48,Not Deployed,s2_97_208,s2_1_2,Female,s2_37_80,s3_141_159,s2_164_318,s3_80_160,s2_2_4
9856,s2_885_1695,s2_n103_99,s4_n40_7,s1_below_4282,s5_5_6,s2_2001_2003,s2_760_2075,s3_17_37,Passenger Car,s3_28_48,Not Deployed,s2_97_208,s1_below_1,Female,s2_37_80,s3_141_159,s2_164_318,s3_80_160,s2_2_4
9857,s2_885_1695,s2_n103_99,s4_n40_7,s1_below_4282,s1_below_2,s2_2001_2003,s2_760_2075,s3_17_37,Passenger Car,s3_28_48,Not Deployed,s2_97_208,s1_below_1,Male,s3_80_96,s3_141_159,s2_164_318,s2_40_80,s2_2_4
9858,s3_1695_2555,s2_n103_99,s5_7_up,s1_below_4282,s4_4_5,s2_2001_2003,s2_760_2075,s6_57_up,Truck (<=6000 lbs.),s3_28_48,Not Deployed,s2_97_208,s1_below_1,Male,s3_80_96,s3_141_159,s2_164_318,s3_80_160,s2_2_4
9859,s2_885_1695,s2_n103_99,s5_7_up,s1_below_4282,s1_below_2,s2_2001_2003,s2_760_2075,s3_17_37,Passenger Car,s3_28_48,Not Deployed,s2_97_208,s1_below_1,Female,s2_37_80,s3_141_159,s2_164_318,s6_260_up,s2_2_4
9860,s2_885_1695,s2_n103_99,s4_n40_7,s1_below_4282,s5_5_6,s4_2005_2007,s2_760_2075,s3_17_37,Passenger Car,s6_76_up,Not Deployed,s2_97_208,s1_below_1,Female,s2_37_80,s3_141_159,s2_164_318,s4_160_220,s2_2_4
9861,s2_885_1695,s2_n103_99,s4_n40_7,s1_below_4282,s4_4_5,s2_2001_2003,s2_760_2075,s3_17_37,Passenger Car,s3_28_48,Not Deployed,s2_97_208,s1_below_1,Male,s3_80_96,s3_141_159,s2_164_318,s3_80_160,s2_2_4
9862,s2_885_1695,s2_n103_99,s4_n40_7,s1_below_4282,s3_3_4,s1_below_2001,s3_2075_3730,s3_17_37,Passenger Car,s3_28_48,Not Deployed,s2_97_208,s1_below_1,Female,s2_37_80,s3_141_159,s2_164_318,s4_160_220,s2_2_4
9863,s2_885_1695,s2_n103_99,s4_n40_7,s1_below_4282,s2_2_3,s4_2005_2007,s2_760_2075,s6_57_up,Passenger Car,s2_11_28,Not Deployed,s2_97_208,s1_below_1,Female,s2_37_80,s3_141_159,s2_164_318,s1_below_40,s2_2_4
9864,s2_885_1695,s2_n103_99,s4_n40_7,s1_below_4282,s1_below_2,s4_2005_2007,s2_760_2075,s3_17_37,Passenger Car,s5_64_76,Not Deployed,s2_97_208,s1_below_1,Male,s2_37_80,s3_141_159,s2_164_318,s4_160_220,s2_2_4
9865,s3_1695_2555,s2_n103_99,s4_n40_7,s1_below_4282,s3_3_4,s4_2005_2007,s2_760_2075,s3_17_37,Truck (<=6000 lbs.),s3_28_48,Deployed,s2_97_208,s1_below_1,Male,s4_96_114,s4_159_169,s2_164_318,s3_80_160,s3_4_5
9866,s2_885_1695,s2_n103_99,s5_7_up,s1_below_4282,s2_2_3,s3_2003_2005,s3_2075_3730,s6_57_up,Passenger Car,s2_11_28,Not Deployed,s2_97_208,s1_below_1,Female,s2_37_80,s3_141_159,s2_164_318,s6_260_up,s2_2_4
9867,s2_885_1695,s2_n103_99,s4_n40_7,s1_below_4282,s6_6_up,s1_below_2001,s2_760_2075,s3_17_37,Passenger Car,s3_28_48,Not Deployed,s2_97_208,s1_below_1,Female,s2_37_80,s3_141_159,s2_164_318,s4_160_220,s2_2_4
9868,s3_1695_2555,s2_n103_99,s4_n40_7,s1_below_4282,s6_6_up,s1_below_2001,s2_760_2075,s3_17_37,Passenger Car,s3_28_48,Deployed,s2_97_208,s1_below_1,Female,s2_37_80,s3_141_159,s2_164_318,s3_80_160,s2_2_4
9869,s2_885_1695,s2_n103_99,s5_7_up,s1_below_4282,s4_4_5,s1_below_2001,s2_760_2075,s6_57_up,Passenger Car,s4_48_64,Not Deployed,s2_97_208,s1_below_1,Male,s3_80_96,s3_141_159,s2_164_318,s6_260_up,s2_2_4
9870,s2_885_1695,s2_n103_99,s4_n40_7,s1_below_4282,s4_4_5,s2_2001_2003,s2_760_2075,s6_57_up,Passenger Car,s2_11_28,Not Deployed,s2_97_208,s1_below_1,Male,s2_37_80,s3_141_159,s2_164_318,s3_80_160,s2_2_4
9871,s2_885_1695,s2_n103_99,s4_n40_7,s1_below_4282,s4_4_5,s1_below_2001,s2_760_2075,s6_57_up,Passenger Car,s2_11_28,Not Deployed,s2_97_208,s1_below_1,Male,s3_80_96,s3_141_159,s2_164_318,s5_220_260,s2_2_4
9872,s3_1695_2555,s2_n103_99,s4_n40_7,s1_below_4282,s2_2_3,s2_2001_2003,s2_760_2075,s6_57_up,Truck (<=10000 lbs.),s2_11_28,Not Deployed,s2_97_208,s1_below_1,Male,s3_80_96,s4_159_169,s3_318_464,s3_80_160,s4_5_6
9873,s2_885_1695,s2_n103_99,s5_7_up,s1_below_4282,s2_2_3,s1_below_2001,s3_2075_3730,s6_57_up,Passenger Car,s2_11_28,Not Deployed,s2_97_208,s1_below_1,Male,s2_37_80,s3_141_159,s2_164_318,s6_260_up,s2_2_4
9874,s2_885_1695,s2_n103_99,s4_n40_7,s1_below_4282,s1_below_2,s2_2001_2003,s2_760_2075,s3_17_37,Passenger Car,s4_48_64,Deployed,s2_97_208,s1_below_1,Female,s2_37_80,s3_141_159,s2_164_318,s3_80_160,s2_2_4
9875,s3_1695_2555,s2_n103_99,s4_n40_7,s1_below_4282,s4_4_5,s2_2001_2003,s2_760_2075,s6_57_up,Truck (<=6000 lbs.),s3_28_48,Not Deployed,s2_97_208,s1_below_1,Female,s2_37_80,s4_159_169,s2_164_318,s3_80_160,s3_4_5
9876,s2_885_1695,s2_n103_99,s4_n40_7,s1_below_4282,s2_2_3,s4_2005_2007,s2_760_2075,s3_17_37,Passenger Car,s2_11_28,Deployed,s2_97_208,s1_below_1,Female,s2_37_80,s3_141_159,s2_164_318,s3_80_160,s2_2_4
9877,s2_885_1695,s2_n103_99,s5_7_up,s1_below_4282,s2_2_3,s3_2003_2005,s2_760_2075,s6_57_up,Truck (<=6000 lbs.),s4_48_64,Not Deployed,s2_97_208,s3_2_3,Female,s3_80_96,s3_141_159,s2_164_318,s6_260_up,s2_2_4
9878,s2_885_1695,s2_n103_99,s4_n40_7,s1_below_4282,s3_3_4,s1_below_2001,s2_760_2075,s3_17_37,Passenger Car,s4_48_64,Not Deployed,s2_97_208,s1_below_1,Female,s2_37_80,s3_141_159,s2_164_318,s4_160_220,s2_2_4
9879,s2_885_1695,s2_n103_99,s4_n40_7,s1_below_4282,s3_3_4,s4_2005_2007,s2_760_2075,s3_17_37,Passenger Car,s2_11_28,Deployed,s2_97_208,s1_below_1,Female,s2_37_80,s3_141_159,s2_164_318,s3_80_160,s2_2_4
9880,s3_1695_2555,s2_n103_99,s4_n40_7,s1_below_4282,s1_below_2,s1_below_2001,s2_760_2075,s3_17_37,Truck (<=6000 lbs.),s4_48_64,Deployed,s2_97_208,s1_below_1,Male,s2_37_80,s4_159_169,s2_164_318,s3_80_160,s3_4_5
9881,s2_885_1695,s2_n103_99,s4_n40_7,s1_below_4282,s3_3_4,s1_below_2001,s2_760_2075,s3_17_37,Passenger Car,s3_28_48,Not Deployed,s2_97_208,s1_below_1,Female,s4_96_114,s3_141_159,s2_164_318,s2_40_80,s2_2_4
9882,s2_885_1695,s2_n103_99,s4_n40_7,s1_below_4282,s1_below_2,s2_2001_2003,s2_760_2075,s3_17_37,Passenger Car,s2_11_28,Not Deployed,s2_97_208,s1_below_1,Female,s2_37_80,s3_141_159,s2_164_318,s2_40_80,s2_2_4
9883,s2_885_1695,s2_n103_99,s4_n40_7,s1_below_4282,s1_below_2,s2_2001_2003,s2_760_2075,s3_17_37,Passenger Car,s2_11_28,Deployed,s2_97_208,s1_below_1,Female,s2_37_80,s3_141_159,s2_164_318,s3_80_160,s2_2_4
9884,s3_1695_2555,s2_n103_99,s5_7_up,s1_below_4282,s1_below_2,s4_2005_2007,s2_760_2075,s3_17_37,Truck (<=6000 lbs.),s4_48_64,Not Deployed,s2_97_208,s1_below_1,Female,s3_80_96,s3_141_159,s2_164_318,s6_260_up,s2_2_4
9885,s2_885_1695,s2_n103_99,s4_n40_7,s1_below_4282,s3_3_4,s3_2003_2005,s2_760_2075,s6_57_up,Truck (<=6000 lbs.),s4_48_64,Deployed,s2_97_208,s1_below_1,Male,s2_37_80,s3_141_159,s2_164_318,s3_80_160,s2_2_4
9886,s2_885_1695,s2_n103_99,s4_n40_7,s1_below_4282,s3_3_4,s2_2001_2003,s2_760_2075,s3_17_37,Passenger Car,s4_48_64,Not Deployed,s2_97_208,s1_below_1,Female,s3_80_96,s3_141_159,s2_164_318,s3_80_160,s2_2_4
9887,s3_1695_2555,s2_n103_99,s4_n40_7,s1_below_4282,s1_below_2,s3_2003_2005,s2_760_2075,s4_37_47,Truck (<=6000 lbs.),s4_48_64,Not Deployed,s2_97_208,s1_below_1,Female,s2_37_80,s4_159_169,s2_164_318,s4_160_220,s3_4_5
9888,s2_885_1695,s2_n103_99,s4_n40_7,s1_below_4282,s3_3_4,s4_2005_2007,s2_760_2075,s3_17_37,Passenger Car,s3_28_48,Deployed,s2_97_208,s1_below_1,Male,s2_37_80,s3_141_159,s2_164_318,s3_80_160,s2_2_4
9889,s2_885_1695,s2_n103_99,s4_n40_7,s1_below_4282,s1_below_2,s4_2005_2007,s2_760_2075,s3_17_37,Passenger Car,s2_11_28,Not Deployed,s2_97_208,s1_below_1,Male,s2_37_80,s3_141_159,s2_164_318,s2_40_80,s2_2_4
9890,s2_885_1695,s2_n103_99,s4_n40_7,s1_below_4282,s3_3_4,s1_below_2001,s2_760_2075,s3_17_37,Passenger Car,s3_28_48,Deployed,s2_97_208,s2_1_2,Male,s4_96_114,s3_141_159,s2_164_318,s3_80_160,s2_2_4
9891,s3_1695_2555,s2_n103_99,s4_n40_7,s1_below_4282,s4_4_5,s3_2003_2005,s2_760_2075,s3_17_37,Truck (<=6000 lbs.),s3_28_48,Not Deployed,s2_97_208,s1_below_1,Male,s3_80_96,s4_159_169,s2_164_318,s3_80_160,s2_2_4
9892,s2_885_1695,s2_n103_99,s4_n40_7,s1_below_4282,s4_4_5,s4_2005_2007,s2_760_2075,s3_17_37,Passenger Car,s2_11_28,Not Deployed,s2_97_208,s1_below_1,Female,s2_37_80,s3_141_159,s2_164_318,s3_80_160,s2_2_4
9893,s3_1695_2555,s2_n103_99,s4_n40_7,s1_below_4282,s1_below_2,s4_2005_2007,s2_760_2075,s3_17_37,Truck (<=10000 lbs.),s3_28_48,Deployed,s2_97_208,s1_below_1,Male,s2_37_80,s5_169_179,s3_318_464,s3_80_160,s4_5_6
9894,s3_1695_2555,s2_n103_99,s4_n40_7,s1_below_4282,s4_4_5,s1_below_2001,s2_760_2075,s3_17_37,Truck (<=6000 lbs.),s4_48_64,Not Deployed,s2_97_208,s1_below_1,Male,s2_37_80,s3_141_159,s3_318_464,s3_80_160,s3_4_5
9895,s3_1695_2555,s2_n103_99,s4_n40_7,s1_below_4282,s3_3_4,s3_2003_2005,s2_760_2075,s3_17_37,Truck (<=6000 lbs.),s3_28_48,Not Deployed,s2_97_208,s1_below_1,Male,s3_80_96,s3_141_159,s2_164_318,s3_80_160,s2_2_4
9896,s2_885_1695,s2_n103_99,s4_n40_7,s1_below_4282,s4_4_5,s1_below_2001,s2_760_2075,s6_57_up,Passenger Car,s3_28_48,Deployed,s2_97_208,s1_below_1,Male,s3_80_96,s3_141_159,s2_164_318,s3_80_160,s2_2_4
9897,s3_1695_2555,s2_n103_99,s5_7_up,s1_below_4282,s1_below_2,s1_below_2001,s2_760_2075,s3_17_37,Passenger Car,s4_48_64,Not Deployed,s2_97_208,s1_below_1,Female,s2_37_80,s3_141_159,s2_164_318,s6_260_up,s2_2_4
9898,s3_1695_2555,s2_n103_99,s4_n40_7,s1_below_4282,s1_below_2,s3_2003_2005,s2_760_2075,s3_17_37,Passenger Car,s3_28_48,Deployed,s2_97_208,s1_below_1,Male,s2_37_80,s4_159_169,s2_164_318,s3_80_160,s2_2_4
9899,s2_885_1695,s2_n103_99,s4_n40_7,s1_below_4282,s2_2_3,s4_2005_2007,s2_760_2075,s3_17_37,Passenger Car,s3_28_48,Deployed,s2_97_208,s3_2_3,Male,s2_37_80,s3_141_159,s2_164_318,s3_80_160,s2_2_4
9900,s2_885_1695,s2_n103_99,s4_n40_7,s1_below_4282,s1_below_2,s4_2005_2007,s2_760_2075,s3_17_37,Passenger Car,s3_28_48,Deployed,s2_97_208,s2_1_2,Female,s2_37_80,s3_141_159,s2_164_318,s3_80_160,s2_2_4
9901,s2_885_1695,s2_n103_99,s5_7_up,s1_below_4282,s1_below_2,s2_2001_2003,s2_760_2075,s3_17_37,Passenger Car,s4_48_64,Not Deployed,s2_97_208,s1_below_1,Male,s2_37_80,s3_141_159,s2_164_318,s6_260_up,s2_2_4
9902,s3_1695_2555,s2_n103_99,s4_n40_7,s1_below_4282,s3_3_4,s1_below_2001,s3_2075_3730,s3_17_37,Truck (<=10000 lbs.),s3_28_48,Not Deployed,s2_97_208,s1_below_1,Female,s2_37_80,s4_159_169,s3_318_464,s3_80_160,s4_5_6
9903,s2_885_1695,s2_n103_99,s4_n40_7,s1_below_4282,s5_5_6,s3_2003_2005,s2_760_2075,s3_17_37,Passenger Car,s3_28_48,Deployed,s2_97_208,s1_below_1,Female,s2_37_80,s3_141_159,s2_164_318,s3_80_160,s2_2_4
9904,s2_885_1695,s2_n103_99,s4_n40_7,s1_below_4282,s3_3_4,s1_below_2001,s3_2075_3730,s6_57_up,Passenger Car,s2_11_28,Not Deployed,s2_97_208,s1_below_1,Female,s2_37_80,s3_141_159,s2_164_318,s3_80_160,s2_2_4
9905,s2_885_1695,s2_n103_99,s4_n40_7,s1_below_4282,s1_below_2,s2_2001_2003,s2_760_2075,s3_17_37,Truck (<=6000 lbs.),s2_11_28,Deployed,s2_97_208,s1_below_1,Female,s2_37_80,s3_141_159,s2_164_318,s3_80_160,s2_2_4
9906,s2_885_1695,s2_n103_99,s4_n40_7,s1_below_4282,s1_below_2,s4_2005_2007,s2_760_2075,s3_17_37,Passenger Car,s2_11_28,Not Deployed,s2_97_208,s1_below_1,Male,s2_37_80,s3_141_159,s2_164_318,s4_160_220,s2_2_4
9907,s3_1695_2555,s2_n103_99,s4_n40_7,s1_below_4282,s1_below_2,s4_2005_2007,s3_2075_3730,s3_17_37,Passenger Car,s4_48_64,Deployed,s2_97_208,s1_below_1,Male,s2_37_80,s4_159_169,s2_164_318,s3_80_160,s3_4_5
9908,s2_885_1695,s2_n103_99,s5_7_up,s1_below_4282,s4_4_5,s3_2003_2005,s2_760_2075,s3_17_37,Passenger Car,s2_11_28,Not Deployed,s2_97_208,s1_below_1,Female,s2_37_80,s3_141_159,s2_164_318,s6_260_up,s2_2_4
9909,s2_885_1695,s2_n103_99,s5_7_up,s1_below_4282,s3_3_4,s4_2005_2007,s2_760_2075,s4_37_47,Passenger Car,s6_76_up,Not Deployed,s2_97_208,s1_below_1,Male,s3_80_96,s3_141_159,s2_164_318,s6_260_up,s2_2_4
9910,s2_885_1695,s2_n103_99,s4_n40_7,s1_below_4282,s1_below_2,s1_below_2001,s2_760_2075,s3_17_37,Passenger Car,s2_11_28,Not Deployed,s2_97_208,s1_below_1,Male,s2_37_80,s3_141_159,s2_164_318,s2_40_80,s2_2_4
9911,s3_1695_2555,s2_n103_99,s4_n40_7,s1_below_4282,s1_below_2,s4_2005_2007,s2_760_2075,s3_17_37,Truck (<=6000 lbs.),s3_28_48,Not Deployed,s2_97_208,s1_below_1,Male,s3_80_96,s5_169_179,s2_164_318,s3_80_160,s2_2_4
9912,s2_885_1695,s2_n103_99,s4_n40_7,s1_below_4282,s4_4_5,s3_2003_2005,s2_760_2075,s3_17_37,Passenger Car,s2_11_28,Deployed,s2_97_208,s1_below_1,Male,s2_37_80,s3_141_159,s2_164_318,s4_160_220,s2_2_4
9913,s2_885_1695,s2_n103_99,s4_n40_7,s1_below_4282,s3_3_4,s5_2007_2009,s2_760_2075,s3_17_37,Passenger Car,s2_11_28,Not Deployed,s2_97_208,s1_below_1,Female,s2_37_80,s3_141_159,s2_164_318,s5_220_260,s2_2_4
9914,s3_1695_2555,s2_n103_99,s4_n40_7,s1_below_4282,s3_3_4,s5_2007_2009,s2_760_2075,s3_17_37,Passenger Car,s3_28_48,Deployed,s2_97_208,s1_below_1,Male,s2_37_80,s4_159_169,s2_164_318,s3_80_160,s3_4_5
9915,s2_885_1695,s2_n103_99,s5_7_up,s1_below_4282,s1_below_2,s1_below_2001,s2_760_2075,s5_47_57,Passenger Car,s2_11_28,Not Deployed,s2_97_208,s1_below_1,Female,s2_37_80,s3_141_159,s2_164_318,s6_260_up,s2_2_4
9916,s3_1695_2555,s2_n103_99,s4_n40_7,s1_below_4282,s1_below_2,s3_2003_2005,s2_760_2075,s5_47_57,Passenger Car,s3_28_48,Deployed,s2_97_208,s3_2_3,Male,s4_96_114,s4_159_169,s2_164_318,s2_40_80,s2_2_4
9917,s2_885_1695,s2_n103_99,s5_7_up,s1_below_4282,s1_below_2,s3_2003_2005,s2_760_2075,s5_47_57,Passenger Car,s3_28_48,Not Deployed,s2_97_208,s1_below_1,Male,s3_80_96,s3_141_159,s2_164_318,s6_260_up,s2_2_4
9918,s3_1695_2555,s2_n103_99,s4_n40_7,s1_below_4282,s1_below_2,s3_2003_2005,s2_760_2075,s5_47_57,Truck (<=6000 lbs.),s4_48_64,Not Deployed,s2_97_208,s1_below_1,Female,s2_37_80,s4_159_169,s2_164_318,s3_80_160,s2_2_4
9919,s3_1695_2555,s2_n103_99,s4_n40_7,s1_below_4282,s1_below_2,s1_below_2001,s2_760_2075,s4_37_47,Truck (<=6000 lbs.),s4_48_64,Deployed,s2_97_208,s3_2_3,Female,s4_96_114,s3_141_159,s2_164_318,s3_80_160,s2_2_4
9920,s2_885_1695,s2_n103_99,s4_n40_7,s1_below_4282,s1_below_2,s3_2003_2005,s2_760_2075,s4_37_47,Passenger Car,s3_28_48,Not Deployed,s2_97_208,s1_below_1,Female,s2_37_80,s3_141_159,s2_164_318,s3_80_160,s2_2_4
9921,s2_885_1695,s2_n103_99,s5_7_up,s1_below_4282,s1_below_2,s2_2001_2003,s2_760_2075,s4_37_47,Passenger Car,s3_28_48,Not Deployed,s2_97_208,s1_below_1,Female,s2_37_80,s3_141_159,s2_164_318,s4_160_220,s2_2_4
9922,s3_1695_2555,s2_n103_99,s4_n40_7,s1_below_4282,s1_below_2,s1_below_2001,s2_760_2075,s4_37_47,Truck (<=10000 lbs.),s4_48_64,Not Deployed,s2_97_208,s1_below_1,Male,s3_80_96,s4_159_169,s3_318_464,s3_80_160,s4_5_6
9923,s2_885_1695,s2_n103_99,s4_n40_7,s1_below_4282,s1_below_2,s1_below_2001,s2_760_2075,s3_17_37,Passenger Car,s3_28_48,Deployed,s2_97_208,s1_below_1,Male,s3_80_96,s3_141_159,s2_164_318,s3_80_160,s2_2_4
9924,s2_885_1695,s2_n103_99,s4_n40_7,s1_below_4282,s1_below_2,s3_2003_2005,s2_760_2075,s3_17_37,Truck (<=6000 lbs.),s4_48_64,Not Deployed,s2_97_208,s1_below_1,Female,s2_37_80,s3_141_159,s2_164_318,s4_160_220,s2_2_4
9925,s2_885_1695,s2_n103_99,s4_n40_7,s1_below_4282,s1_below_2,s2_2001_2003,s2_760_2075,s5_47_57,Passenger Car,s5_64_76,Not Deployed,s2_97_208,s1_below_1,Female,s2_37_80,s3_141_159,s2_164_318,s3_80_160,s2_2_4
9926,s2_885_1695,s2_n103_99,s4_n40_7,s1_below_4282,s4_4_5,s3_2003_2005,s2_760_2075,s4_37_47,Passenger Car,s2_11_28,Deployed,s2_97_208,s3_2_3,Female,s2_37_80,s3_141_159,s2_164_318,s3_80_160,s2_2_4
9927,s2_885_1695,s2_n103_99,s4_n40_7,s1_below_4282,s1_below_2,s4_2005_2007,s2_760_2075,s5_47_57,Passenger Car,s4_48_64,Deployed,s2_97_208,s2_1_2,Male,s2_37_80,s3_141_159,s2_164_318,s3_80_160,s2_2_4
9928,s2_885_1695,s2_n103_99,s5_7_up,s1_below_4282,s4_4_5,s2_2001_2003,s2_760_2075,s3_17_37,Passenger Car,s2_11_28,Not Deployed,s2_97_208,s1_below_1,Female,s2_37_80,s3_141_159,s2_164_318,s6_260_up,s2_2_4
9929,s3_1695_2555,s2_n103_99,s4_n40_7,s1_below_4282,s4_4_5,s3_2003_2005,s3_2075_3730,s4_37_47,Truck (<=10000 lbs.),s2_11_28,Not Deployed,s2_97_208,s1_below_1,Male,s4_96_114,s5_169_179,s3_318_464,s4_160_220,s5_6_7
9930,s3_1695_2555,s2_n103_99,s4_n40_7,s1_below_4282,s2_2_3,s1_below_2001,s3_2075_3730,s4_37_47,Truck (<=10000 lbs.),s3_28_48,Deployed,s2_97_208,s1_below_1,Male,s4_96_114,s4_159_169,s3_318_464,s3_80_160,s4_5_6
9931,s2_885_1695,s2_n103_99,s4_n40_7,s1_below_4282,s1_below_2,s1_below_2001,s2_760_2075,s1_below_7,Passenger Car,s4_48_64,Not Deployed,s2_97_208,s1_below_1,Female,s3_80_96,s3_141_159,s2_164_318,s2_40_80,s2_2_4
9932,s2_885_1695,s2_n103_99,s4_n40_7,s1_below_4282,s1_below_2,s1_below_2001,s3_2075_3730,s3_17_37,Passenger Car,s2_11_28,Not Deployed,s2_97_208,s1_below_1,Male,s3_80_96,s3_141_159,s2_164_318,s3_80_160,s2_2_4
9933,s2_885_1695,s2_n103_99,s4_n40_7,s1_below_4282,s1_below_2,s3_2003_2005,s2_760_2075,s4_37_47,Passenger Car,s2_11_28,Not Deployed,s2_97_208,s1_below_1,Female,s2_37_80,s3_141_159,s2_164_318,s3_80_160,s2_2_4
9934,s3_1695_2555,s2_n103_99,s4_n40_7,s1_below_4282,s3_3_4,s2_2001_2003,s2_760_2075,s3_17_37,Passenger Car,s6_76_up,Not Deployed,s2_97_208,s3_2_3,Male,s2_37_80,s3_141_159,s2_164_318,s3_80_160,s2_2_4
9935,s3_1695_2555,s2_n103_99,s4_n40_7,s1_below_4282,s1_below_2,s2_2001_2003,s3_2075_3730,s3_17_37,Truck (<=10000 lbs.),s4_48_64,Not Deployed,s2_97_208,s1_below_1,Male,s3_80_96,s4_159_169,s2_164_318,s3_80_160,s2_2_4
9936,s2_885_1695,s2_n103_99,s4_n40_7,s1_below_4282,s1_below_2,s2_2001_2003,s3_2075_3730,s4_37_47,Truck (<=6000 lbs.),s2_11_28,Deployed,s2_97_208,s3_2_3,Female,s2_37_80,s3_141_159,s2_164_318,s3_80_160,s2_2_4
9937,s2_885_1695,s2_n103_99,s4_n40_7,s1_below_4282,s1_below_2,s2_2001_2003,s2_760_2075,s1_below_7,Passenger Car,s3_28_48,Not Deployed,s2_97_208,s1_below_1,Female,s2_37_80,s3_141_159,s2_164_318,s3_80_160,s2_2_4
9938,s2_885_1695,s2_n103_99,s4_n40_7,s1_below_4282,s1_below_2,s1_below_2001,s2_760_2075,s5_47_57,Passenger Car,s2_11_28,Not Deployed,s2_97_208,s1_below_1,Female,s2_37_80,s3_141_159,s2_164_318,s3_80_160,s2_2_4
9939,s3_1695_2555,s2_n103_99,s4_n40_7,s1_below_4282,s1_below_2,s1_below_2001,s2_760_2075,s5_47_57,Truck (<=10000 lbs.),s3_28_48,Not Deployed,s2_97_208,s1_below_1,Male,s3_80_96,s4_159_169,s3_318_464,s4_160_220,s5_6_7
9940,s3_1695_2555,s2_n103_99,s4_n40_7,s1_below_4282,s1_below_2,s3_2003_2005,s3_2075_3730,s1_below_7,Truck (<=6000 lbs.),s3_28_48,Not Deployed,s2_97_208,s1_below_1,Female,s2_37_80,s3_141_159,s2_164_318,s3_80_160,s2_2_4
9941,s2_885_1695,s2_n103_99,s4_n40_7,s1_below_4282,s2_2_3,s2_2001_2003,s2_760_2075,s3_17_37,Passenger Car,s2_11_28,Not Deployed,s2_97_208,s1_below_1,Male,s3_80_96,s3_141_159,s2_164_318,s3_80_160,s2_2_4
9942,s3_1695_2555,s2_n103_99,s4_n40_7,s1_below_4282,s1_below_2,s3_2003_2005,s2_760_2075,s5_47_57,Truck (<=10000 lbs.),s3_28_48,Not Deployed,s2_97_208,s1_below_1,Female,s2_37_80,s3_141_159,s2_164_318,s3_80_160,s2_2_4
9943,s2_885_1695,s2_n103_99,s5_7_up,s1_below_4282,s2_2_3,s1_below_2001,s2_760_2075,s4_37_47,Passenger Car,s4_48_64,Not Deployed,s2_97_208,s1_below_1,Female,s2_37_80,s3_141_159,s2_164_318,s6_260_up,s2_2_4
9944,s4_2555_3715,s2_n103_99,s4_n40_7,s1_below_4282,s1_below_2,s3_2003_2005,s2_760_2075,s4_37_47,Truck (<=10000 lbs.),s3_28_48,Deployed,s2_97_208,s2_1_2,Female,s3_80_96,s5_169_179,s3_318_464,s3_80_160,s4_5_6
9945,s3_1695_2555,s2_n103_99,s4_n40_7,s1_below_4282,s1_below_2,s4_2005_2007,s2_760_2075,s4_37_47,Truck (<=6000 lbs.),s4_48_64,Deployed,s2_97_208,s1_below_1,Male,s2_37_80,s3_141_159,s2_164_318,s3_80_160,s2_2_4
9946,s2_885_1695,s2_n103_99,s4_n40_7,s1_below_4282,s1_below_2,s1_below_2001,s2_760_2075,s4_37_47,Passenger Car,s3_28_48,Deployed,s2_97_208,s1_below_1,Female,s4_96_114,s3_141_159,s2_164_318,s3_80_160,s2_2_4
9947,s2_885_1695,s2_n103_99,s4_n40_7,s1_below_4282,s2_2_3,s1_below_2001,s2_760_2075,s4_37_47,Passenger Car,s2_11_28,Deployed,s2_97_208,s2_1_2,Female,s2_37_80,s3_141_159,s2_164_318,s4_160_220,s2_2_4
9948,s2_885_1695,s2_n103_99,s4_n40_7,s1_below_4282,s1_below_2,s1_below_2001,s2_760_2075,s5_47_57,Passenger Car,s6_76_up,Deployed,s2_97_208,s1_below_1,Male,s2_37_80,s3_141_159,s2_164_318,s3_80_160,s2_2_4
9949,s2_885_1695,s2_n103_99,s4_n40_7,s1_below_4282,s1_below_2,s1_below_2001,s2_760_2075,s5_47_57,Passenger Car,s4_48_64,Not Deployed,s2_97_208,s1_below_1,Female,s2_37_80,s3_141_159,s2_164_318,s3_80_160,s2_2_4
9950,s2_885_1695,s2_n103_99,s4_n40_7,s1_below_4282,s1_below_2,s1_below_2001,s2_760_2075,s5_47_57,Truck (<=6000 lbs.),s4_48_64,Not Deployed,s2_97_208,s1_below_1,Female,s4_96_114,s2_116_141,s2_164_318,s3_80_160,s2_2_4
9951,s3_1695_2555,s2_n103_99,s4_n40_7,s1_below_4282,s1_below_2,s1_below_2001,s2_760_2075,s4_37_47,Truck (<=10000 lbs.),s5_64_76,Deployed,s2_97_208,s2_1_2,Female,s2_37_80,s4_159_169,s2_164_318,s3_80_160,s3_4_5
9952,s2_885_1695,s2_n103_99,s4_n40_7,s1_below_4282,s1_below_2,s1_below_2001,s2_760_2075,s4_37_47,Passenger Car,s5_64_76,Not Deployed,s2_97_208,s1_below_1,Female,s2_37_80,s3_141_159,s2_164_318,s3_80_160,s2_2_4
9953,s2_885_1695,s2_n103_99,s4_n40_7,s1_below_4282,s1_below_2,s3_2003_2005,s2_760_2075,s3_17_37,Truck (<=6000 lbs.),s3_28_48,Not Deployed,s2_97_208,s1_below_1,Male,s2_37_80,s3_141_159,s2_164_318,s3_80_160,s2_2_4
9954,s2_885_1695,s2_n103_99,s4_n40_7,s1_below_4282,s1_below_2,s3_2003_2005,s2_760_2075,s3_17_37,Truck (<=6000 lbs.),s3_28_48,Not Deployed,s2_97_208,s1_below_1,Male,s3_80_96,s3_141_159,s2_164_318,s1_below_40,s2_2_4
9955,s2_885_1695,s2_n103_99,s4_n40_7,s1_below_4282,s1_below_2,s2_2001_2003,s2_760_2075,s3_17_37,Passenger Car,s3_28_48,Not Deployed,s2_97_208,s1_below_1,Male,s6_130_up,s3_141_159,s2_164_318,s2_40_80,s2_2_4
9956,s2_885_1695,s2_n103_99,s4_n40_7,s1_below_4282,s1_below_2,s1_below_2001,s2_760_2075,s3_17_37,Truck (<=6000 lbs.),s3_28_48,Deployed,s2_97_208,s1_below_1,Female,s3_80_96,s3_141_159,s2_164_318,s3_80_160,s2_2_4
9957,s2_885_1695,s2_n103_99,s4_n40_7,s1_below_4282,s1_below_2,s3_2003_2005,s2_760_2075,s3_17_37,Passenger Car,s3_28_48,Not Deployed,s2_97_208,s1_below_1,Female,s2_37_80,s3_141_159,s2_164_318,s3_80_160,s2_2_4
9958,s3_1695_2555,s2_n103_99,s4_n40_7,s1_below_4282,s1_below_2,s3_2003_2005,s2_760_2075,s3_17_37,Truck (<=6000 lbs.),s3_28_48,Deployed,s2_97_208,s1_below_1,Male,s3_80_96,s5_169_179,s2_164_318,s3_80_160,s2_2_4
9959,s2_885_1695,s2_n103_99,s4_n40_7,s1_below_4282,s2_2_3,s2_2001_2003,s2_760_2075,s5_47_57,Passenger Car,s2_11_28,Not Deployed,s2_97_208,s1_below_1,Male,s3_80_96,s3_141_159,s2_164_318,s3_80_160,s2_2_4
9960,s2_885_1695,s2_n103_99,s4_n40_7,s1_below_4282,s1_below_2,s3_2003_2005,s2_760_2075,s3_17_37,Passenger Car,s2_11_28,Deployed,s2_97_208,s1_below_1,Female,s2_37_80,s3_141_159,s2_164_318,s3_80_160,s2_2_4
9961,s2_885_1695,s2_n103_99,s4_n40_7,s1_below_4282,s2_2_3,s2_2001_2003,s2_760_2075,s3_17_37,Passenger Car,s3_28_48,Deployed,s2_97_208,s1_below_1,Male,s2_37_80,s3_141_159,s2_164_318,s3_80_160,s2_2_4
9962,s2_885_1695,s2_n103_99,s5_7_up,s1_below_4282,s1_below_2,s1_below_2001,s2_760_2075,s3_17_37,Passenger Car,s2_11_28,Not Deployed,s2_97_208,s1_below_1,Female,s2_37_80,s3_141_159,s2_164_318,s4_160_220,s2_2_4
9963,s2_885_1695,s2_n103_99,s5_7_up,s1_below_4282,s3_3_4,s1_below_2001,s2_760_2075,s3_17_37,Passenger Car,s3_28_48,Not Deployed,s2_97_208,s1_below_1,Female,s3_80_96,s3_141_159,s2_164_318,s6_260_up,s2_2_4
9964,s2_885_1695,s2_n103_99,s4_n40_7,s1_below_4282,s3_3_4,s2_2001_2003,s2_760_2075,s3_17_37,Passenger Car,s4_48_64,Not Deployed,s2_97_208,s1_below_1,Female,s2_37_80,s3_141_159,s2_164_318,s3_80_160,s2_2_4
9965,s2_885_1695,s2_n103_99,s4_n40_7,s1_below_4282,s1_below_2,s1_below_2001,s2_760_2075,s3_17_37,Passenger Car,s3_28_48,Deployed,s2_97_208,s1_below_1,Female,s2_37_80,s3_141_159,s2_164_318,s3_80_160,s2_2_4
9966,s2_885_1695,s2_n103_99,s5_7_up,s1_below_4282,s1_below_2,s4_2005_2007,s2_760_2075,s3_17_37,Passenger Car,s2_11_28,Not Deployed,s2_97_208,s1_below_1,Male,s2_37_80,s3_141_159,s2_164_318,s5_220_260,s2_2_4
9967,s2_885_1695,s2_n103_99,s4_n40_7,s1_below_4282,s2_2_3,s4_2005_2007,s2_760_2075,s5_47_57,Passenger Car,s2_11_28,Deployed,s2_97_208,s1_below_1,Male,s2_37_80,s3_141_159,s2_164_318,s3_80_160,s2_2_4
9968,s2_885_1695,s2_n103_99,s4_n40_7,s1_below_4282,s1_below_2,s3_2003_2005,s3_2075_3730,s3_17_37,Passenger Car,s3_28_48,Not Deployed,s2_97_208,s1_below_1,Male,s4_96_114,s3_141_159,s2_164_318,s4_160_220,s2_2_4
9969,s3_1695_2555,s2_n103_99,s4_n40_7,s1_below_4282,s1_below_2,s3_2003_2005,s2_760_2075,s3_17_37,Truck (<=10000 lbs.),s3_28_48,Not Deployed,s2_97_208,s1_below_1,Female,s2_37_80,s4_159_169,s2_164_318,s3_80_160,s3_4_5
9970,s3_1695_2555,s2_n103_99,s4_n40_7,s1_below_4282,s2_2_3,s3_2003_2005,s2_760_2075,s5_47_57,Passenger Car,s3_28_48,Not Deployed,s2_97_208,s1_below_1,Male,s2_37_80,s4_159_169,s2_164_318,s3_80_160,s3_4_5
9971,s2_885_1695,s2_n103_99,s4_n40_7,s1_below_4282,s2_2_3,s2_2001_2003,s3_2075_3730,s3_17_37,Passenger Car,s2_11_28,Not Deployed,s2_97_208,s1_below_1,Male,s2_37_80,s3_141_159,s2_164_318,s3_80_160,s2_2_4
9972,s4_2555_3715,s2_n103_99,s4_n40_7,s1_below_4282,s4_4_5,s2_2001_2003,s2_760_2075,s3_17_37,Truck (<=10000 lbs.),s2_11_28,Deployed,s2_97_208,s1_below_1,Male,s3_80_96,s5_169_179,s3_318_464,s3_80_160,s4_5_6
9973,s2_885_1695,s2_n103_99,s4_n40_7,s1_below_4282,s4_4_5,s4_2005_2007,s2_760_2075,s3_17_37,Truck (<=6000 lbs.),s2_11_28,Deployed,s2_97_208,s1_below_1,Male,s3_80_96,s3_141_159,s2_164_318,s3_80_160,s2_2_4
9974,s3_1695_2555,s2_n103_99,s5_7_up,s1_below_4282,s2_2_3,s1_below_2001,s2_760_2075,s5_47_57,Truck (<=6000 lbs.),s5_64_76,Not Deployed,s2_97_208,s1_below_1,Male,s3_80_96,s4_159_169,s2_164_318,s6_260_up,s3_4_5
9975,s3_1695_2555,s2_n103_99,s5_7_up,s1_below_4282,s2_2_3,s3_2003_2005,s2_760_2075,s5_47_57,Truck (<=6000 lbs.),s3_28_48,Not Deployed,s2_97_208,s1_below_1,Male,s3_80_96,s3_141_159,s2_164_318,s6_260_up,s2_2_4
9976,s3_1695_2555,s2_n103_99,s4_n40_7,s1_below_4282,s1_below_2,s2_2001_2003,s2_760_2075,s3_17_37,Truck (<=10000 lbs.),s3_28_48,Not Deployed,s2_97_208,s1_below_1,Male,s3_80_96,s3_141_159,s2_164_318,s3_80_160,s2_2_4
9977,s3_1695_2555,s2_n103_99,s4_n40_7,s1_below_4282,s6_6_up,s3_2003_2005,s2_760_2075,s3_17_37,Truck (<=6000 lbs.),s3_28_48,Not Deployed,s2_97_208,s1_below_1,Male,s2_37_80,s3_141_159,s2_164_318,s3_80_160,s2_2_4
9978,s3_1695_2555,s2_n103_99,s4_n40_7,s1_below_4282,s1_below_2,s1_below_2001,s2_760_2075,s3_17_37,Truck (<=6000 lbs.),s4_48_64,Deployed,s2_97_208,s1_below_1,Male,s2_37_80,s3_141_159,s2_164_318,s4_160_220,s2_2_4
9979,s2_885_1695,s2_n103_99,s4_n40_7,s1_below_4282,s1_below_2,s1_below_2001,s2_760_2075,s3_17_37,Passenger Car,s4_48_64,Not Deployed,s2_97_208,s1_below_1,Male,s2_37_80,s3_141_159,s2_164_318,s3_80_160,s2_2_4
9980,s2_885_1695,s2_n103_99,s4_n40_7,s1_below_4282,s1_below_2,s2_2001_2003,s2_760_2075,s3_17_37,Truck (<=6000 lbs.),s2_11_28,Deployed,s2_97_208,s1_below_1,Male,s2_37_80,s3_141_159,s2_164_318,s3_80_160,s2_2_4
9981,s3_1695_2555,s2_n103_99,s4_n40_7,s1_below_4282,s5_5_6,s1_below_2001,s2_760_2075,s3_17_37,Truck (<=10000 lbs.),s3_28_48,Not Deployed,s2_97_208,s1_below_1,Male,s2_37_80,s5_169_179,s3_318_464,s4_160_220,s4_5_6
9982,s2_885_1695,s2_n103_99,s4_n40_7,s1_below_4282,s1_below_2,s4_2005_2007,s2_760_2075,s3_17_37,Passenger Car,s2_11_28,Not Deployed,s2_97_208,s1_below_1,Male,s2_37_80,s3_141_159,s2_164_318,s2_40_80,s2_2_4
9983,s3_1695_2555,s2_n103_99,s4_n40_7,s1_below_4282,s3_3_4,s2_2001_2003,s2_760_2075,s3_17_37,Passenger Car,s4_48_64,Deployed,s2_97_208,s1_below_1,Female,s3_80_96,s4_159_169,s2_164_318,s4_160_220,s3_4_5
9984,s2_885_1695,s2_n103_99,s4_n40_7,s1_below_4282,s2_2_3,s3_2003_2005,s2_760_2075,s3_17_37,Passenger Car,s2_11_28,Deployed,s2_97_208,s1_below_1,Male,s2_37_80,s3_141_159,s2_164_318,s3_80_160,s2_2_4
9985,s3_1695_2555,s2_n103_99,s4_n40_7,s1_below_4282,s5_5_6,s1_below_2001,s2_760_2075,s3_17_37,Passenger Car,s4_48_64,Not Deployed,s2_97_208,s1_below_1,Male,s3_80_96,s4_159_169,s2_164_318,s3_80_160,s3_4_5
9986,s2_885_1695,s2_n103_99,s4_n40_7,s1_below_4282,s1_below_2,s2_2001_2003,s2_760_2075,s3_17_37,Passenger Car,s2_11_28,Not Deployed,s2_97_208,s1_below_1,Male,s2_37_80,s3_141_159,s2_164_318,s2_40_80,s2_2_4
9987,s2_885_1695,s2_n103_99,s4_n40_7,s1_below_4282,s4_4_5,s1_below_2001,s2_760_2075,s4_37_47,Passenger Car,s2_11_28,Not Deployed,s2_97_208,s1_below_1,Male,s3_80_96,s3_141_159,s2_164_318,s3_80_160,s2_2_4
9988,s3_1695_2555,s2_n103_99,s4_n40_7,s1_below_4282,s1_below_2,s3_2003_2005,s2_760_2075,s3_17_37,Truck (<=6000 lbs.),s3_28_48,Not Deployed,s2_97_208,s1_below_1,Male,s2_37_80,s3_141_159,s2_164_318,s3_80_160,s2_2_4
9989,s3_1695_2555,s2_n103_99,s5_7_up,s1_below_4282,s1_below_2,s3_2003_2005,s2_760_2075,s3_17_37,Truck (<=6000 lbs.),s3_28_48,Not Deployed,s2_97_208,s1_below_1,Female,s2_37_80,s4_159_169,s2_164_318,s6_260_up,s3_4_5
9990,s2_885_1695,s2_n103_99,s4_n40_7,s1_below_4282,s1_below_2,s1_below_2001,s2_760_2075,s4_37_47,Passenger Car,s3_28_48,Deployed,s2_97_208,s1_below_1,Male,s2_37_80,s3_141_159,s2_164_318,s3_80_160,s2_2_4
9991,s4_2555_3715,s2_n103_99,s4_n40_7,s1_below_4282,s1_below_2,s3_2003_2005,s2_760_2075,s4_37_47,Truck (<=10000 lbs.),s5_64_76,Not Deployed,s2_97_208,s1_below_1,Male,s4_96_114,s5_169_179,s3_318_464,s3_80_160,s4_5_6
9992,s3_1695_2555,s2_n103_99,s4_n40_7,s1_below_4282,s1_below_2,s3_2003_2005,s2_760_2075,s3_17_37,Truck (<=10000 lbs.),s2_11_28,Not Deployed,s2_97_208,s1_below_1,Male,s3_80_96,s5_169_179,s3_318_464,s3_80_160,s4_5_6
9993,s2_885_1695,s2_n103_99,s4_n40_7,s1_below_4282,s1_below_2,s1_below_2001,s2_760_2075,s3_17_37,Passenger Car,s4_48_64,Not Deployed,s2_97_208,s1_below_1,Female,s3_80_96,s3_141_159,s2_164_318,s3_80_160,s2_2_4
9994,s2_885_1695,s2_n103_99,s4_n40_7,s1_below_4282,s1_below_2,s4_2005_2007,s2_760_2075,s3_17_37,Passenger Car,s6_76_up,Not Deployed,s2_97_208,s1_below_1,Female,s5_114_130,s3_141_159,s2_164_318,s1_below_40,s2_2_4
9995,s2_885_1695,s2_n103_99,s4_n40_7,s1_below_4282,s1_below_2,s1_below_2001,s2_760_2075,s1_below_7,Passenger Car,s2_11_28,Deployed,s2_97_208,s1_below_1,Male,s5_114_130,s3_141_159,s2_164_318,s2_40_80,s2_2_4
9996,s2_885_1695,s2_n103_99,s4_n40_7,s1_below_4282,s1_below_2,s1_below_2001,s2_760_2075,s5_47_57,Passenger Car,s3_28_48,Deployed,s2_97_208,s1_below_1,Male,s6_130_up,s3_141_159,s2_164_318,s3_80_160,s2_2_4
9997,s2_885_1695,s2_n103_99,s3_n81_n40,s1_below_4282,s1_below_2,s3_2003_2005,s2_760_2075,s4_37_47,Truck (<=6000 lbs.),s2_11_28,Deployed,s2_97_208,s1_below_1,Male,s3_80_96,s3_141_159,s2_164_318,s3_80_160,s2_2_4
9998,s2_885_1695,s2_n103_99,s3_n81_n40,s1_below_4282,s1_below_2,s1_below_2001,s2_760_2075,s4_37_47,Passenger Car,s3_28_48,Deployed,s2_97_208,s3_2_3,Male,s3_80_96,s3_141_159,s2_164_318,s3_80_160,s2_2_4
9999,s2_885_1695,s2_n103_99,s4_n40_7,s1_below_4282,s1_below_2,s3_2003_2005,s2_760_2075,s4_37_47,Passenger Car,s2_11_28,Deployed,s2_97_208,s1_below_1,Female,s2_37_80,s3_141_159,s2_164_318,s3_80_160,s2_2_4
10000,s2_885_1695,s2_n103_99,s4_n40_7,s1_below_4282,s3_3_4,s4_2005_2007,s2_760_2075,s4_37_47,Passenger Car,s3_28_48,Not Deployed,s2_97_208,s1_below_1,Male,s2_37_80,s3_141_159,s2_164_318,s4_160_220,s2_2_4
10001,s2_885_1695,s2_n103_99,s5_7_up,s1_below_4282,s1_below_2,s1_below_2001,s2_760_2075,s3_17_37,Passenger Car,s4_48_64,Not Deployed,s2_97_208,s1_below_1,Female,s3_80_96,s3_141_159,s2_164_318,s6_260_up,s2_2_4
10002,s2_885_1695,s2_n103_99,s4_n40_7,s1_below_4282,s1_below_2,s4_2005_2007,s2_760_2075,s3_17_37,Passenger Car,s4_48_64,Deployed,s2_97_208,s1_below_1,Female,s2_37_80,s3_141_159,s2_164_318,s3_80_160,s2_2_4
10003,s2_885_1695,s2_n103_99,s4_n40_7,s1_below_4282,s1_below_2,s2_2001_2003,s2_760_2075,s3_17_37,Passenger Car,s4_48_64,Deployed,s2_97_208,s3_2_3,Female,s2_37_80,s3_141_159,s2_164_318,s3_80_160,s2_2_4
10004,s2_885_1695,s2_n103_99,s4_n40_7,s1_below_4282,s1_below_2,s4_2005_2007,s2_760_2075,s3_17_37,Passenger Car,s3_28_48,Deployed,s2_97_208,s1_below_1,Female,s6_130_up,s3_141_159,s2_164_318,s3_80_160,s2_2_4
10005,s2_885_1695,s2_n103_99,s4_n40_7,s1_below_4282,s1_below_2,s3_2003_2005,s2_760_2075,s4_37_47,Passenger Car,s4_48_64,Deployed,s2_97_208,s1_below_1,Male,s2_37_80,s3_141_159,s2_164_318,s3_80_160,s2_2_4
10006,s2_885_1695,s2_n103_99,s4_n40_7,s1_below_4282,s1_below_2,s1_below_2001,s2_760_2075,s4_37_47,Passenger Car,s2_11_28,Not Deployed,s2_97_208,s1_below_1,Female,s2_37_80,s3_141_159,s2_164_318,s3_80_160,s2_2_4
10007,s3_1695_2555,s2_n103_99,s4_n40_7,s1_below_4282,s3_3_4,s3_2003_2005,s2_760_2075,s4_37_47,Truck (<=6000 lbs.),s2_11_28,Not Deployed,s2_97_208,s1_below_1,Female,s2_37_80,s3_141_159,s2_164_318,s4_160_220,s2_2_4
10008,s2_885_1695,s2_n103_99,s4_n40_7,s1_below_4282,s4_4_5,s1_below_2001,s2_760_2075,s5_47_57,Passenger Car,s2_11_28,Deployed,s2_97_208,s5_4_5,Female,s2_37_80,s3_141_159,s2_164_318,s3_80_160,s2_2_4
10009,s3_1695_2555,s2_n103_99,s5_7_up,s1_below_4282,s1_below_2,s1_below_2001,s2_760_2075,s3_17_37,Passenger Car,s2_11_28,Not Deployed,s2_97_208,s1_below_1,Female,s2_37_80,s3_141_159,s2_164_318,s6_260_up,s2_2_4
10010,s3_1695_2555,s2_n103_99,s4_n40_7,s1_below_4282,s1_below_2,s1_below_2001,s2_760_2075,s3_17_37,Truck (<=10000 lbs.),s3_28_48,Not Deployed,s2_97_208,s1_below_1,Male,s4_96_114,s3_141_159,s2_164_318,s3_80_160,s2_2_4
10011,s2_885_1695,s2_n103_99,s4_n40_7,s1_below_4282,s1_below_2,s2_2001_2003,s2_760_2075,s3_17_37,Passenger Car,s4_48_64,Not Deployed,s2_97_208,s1_below_1,Male,s3_80_96,s3_141_159,s2_164_318,s4_160_220,s2_2_4
10012,s2_885_1695,s2_n103_99,s4_n40_7,s1_below_4282,s1_below_2,s1_below_2001,s2_760_2075,s3_17_37,Passenger Car,s2_11_28,Not Deployed,s2_97_208,s1_below_1,Female,s2_37_80,s3_141_159,s2_164_318,s3_80_160,s2_2_4
10013,s2_885_1695,s2_n103_99,s4_n40_7,s1_below_4282,s1_below_2,s3_2003_2005,s2_760_2075,s3_17_37,Passenger Car,s4_48_64,Not Deployed,s2_97_208,s1_below_1,Female,s2_37_80,s3_141_159,s2_164_318,s2_40_80,s2_2_4
10014,s3_1695_2555,s2_n103_99,s4_n40_7,s1_below_4282,s1_below_2,s3_2003_2005,s2_760_2075,s3_17_37,Truck (<=10000 lbs.),s3_28_48,Not Deployed,s2_97_208,s1_below_1,Male,s3_80_96,s4_159_169,s3_318_464,s3_80_160,s3_4_5
10015,s2_885_1695,s2_n103_99,s4_n40_7,s1_below_4282,s3_3_4,s2_2001_2003,s2_760_2075,s5_47_57,Passenger Car,s3_28_48,Deployed,s2_97_208,s1_below_1,Male,s4_96_114,s3_141_159,s2_164_318,s4_160_220,s2_2_4
10016,s2_885_1695,s2_n103_99,s4_n40_7,s1_below_4282,s1_below_2,s2_2001_2003,s2_760_2075,s3_17_37,Passenger Car,s4_48_64,Not Deployed,s2_97_208,s1_below_1,Male,s4_96_114,s3_141_159,s2_164_318,s3_80_160,s2_2_4
10017,s2_885_1695,s2_n103_99,s4_n40_7,s1_below_4282,s1_below_2,s3_2003_2005,s2_760_2075,s3_17_37,Passenger Car,s2_11_28,Deployed,s2_97_208,s1_below_1,Male,s2_37_80,s3_141_159,s2_164_318,s3_80_160,s2_2_4
10018,s2_885_1695,s2_n103_99,s4_n40_7,s1_below_4282,s1_below_2,s3_2003_2005,s2_760_2075,s3_17_37,Passenger Car,s2_11_28,Deployed,s2_97_208,s1_below_1,Female,s2_37_80,s3_141_159,s2_164_318,s3_80_160,s2_2_4
10019,s2_885_1695,s2_n103_99,s4_n40_7,s1_below_4282,s1_below_2,s4_2005_2007,s2_760_2075,s3_17_37,Passenger Car,s4_48_64,Not Deployed,s2_97_208,s1_below_1,Female,s2_37_80,s3_141_159,s2_164_318,s2_40_80,s2_2_4
10020,s2_885_1695,s2_n103_99,s5_7_up,s1_below_4282,s1_below_2,s3_2003_2005,s2_760_2075,s5_47_57,Passenger Car,s5_64_76,Not Deployed,s2_97_208,s1_below_1,Female,s3_80_96,s3_141_159,s2_164_318,s6_260_up,s2_2_4
10021,s2_885_1695,s2_n103_99,s4_n40_7,s1_below_4282,s4_4_5,s3_2003_2005,s2_760_2075,s4_37_47,Passenger Car,s5_64_76,Deployed,s2_97_208,s1_below_1,Male,s2_37_80,s3_141_159,s2_164_318,s4_160_220,s2_2_4
10022,s2_885_1695,s2_n103_99,s4_n40_7,s1_below_4282,s1_below_2,s2_2001_2003,s2_760_2075,s1_below_7,Passenger Car,s2_11_28,Not Deployed,s2_97_208,s1_below_1,Male,s2_37_80,s3_141_159,s2_164_318,s3_80_160,s2_2_4
10023,s3_1695_2555,s2_n103_99,s4_n40_7,s1_below_4282,s4_4_5,s3_2003_2005,s2_760_2075,s4_37_47,Truck (<=6000 lbs.),s5_64_76,Not Deployed,s2_97_208,s1_below_1,Male,s4_96_114,s3_141_159,s2_164_318,s3_80_160,s2_2_4
10024,s2_885_1695,s2_n103_99,s4_n40_7,s1_below_4282,s3_3_4,s1_below_2001,s2_760_2075,s3_17_37,Truck (<=6000 lbs.),s6_76_up,Not Deployed,s2_97_208,s1_below_1,Male,s4_96_114,s3_141_159,s2_164_318,s3_80_160,s2_2_4
10025,s2_885_1695,s2_n103_99,s4_n40_7,s1_below_4282,s1_below_2,s1_below_2001,s2_760_2075,s1_below_7,Passenger Car,s2_11_28,Not Deployed,s2_97_208,s1_below_1,Male,s3_80_96,s3_141_159,s2_164_318,s3_80_160,s2_2_4
10026,s4_2555_3715,s2_n103_99,s4_n40_7,s1_below_4282,s2_2_3,s2_2001_2003,s2_760_2075,s3_17_37,Truck (<=10000 lbs.),s4_48_64,Not Deployed,s2_97_208,s1_below_1,Male,s2_37_80,s5_169_179,s2_164_318,s3_80_160,s3_4_5
10027,s2_885_1695,s2_n103_99,s4_n40_7,s1_below_4282,s3_3_4,s2_2001_2003,s2_760_2075,s3_17_37,Passenger Car,s2_11_28,Not Deployed,s2_97_208,s1_below_1,Male,s3_80_96,s3_141_159,s2_164_318,s4_160_220,s2_2_4
10028,s3_1695_2555,s2_n103_99,s4_n40_7,s1_below_4282,s1_below_2,s2_2001_2003,s2_760_2075,s1_below_7,Truck (<=6000 lbs.),s3_28_48,Not Deployed,s2_97_208,s1_below_1,Female,s2_37_80,s4_159_169,s2_164_318,s1_below_40,s2_2_4
10029,s2_885_1695,s2_n103_99,s4_n40_7,s1_below_4282,s3_3_4,s2_2001_2003,s2_760_2075,s4_37_47,Passenger Car,s5_64_76,Deployed,s2_97_208,s1_below_1,Female,s2_37_80,s4_159_169,s2_164_318,s3_80_160,s2_2_4
10030,s3_1695_2555,s2_n103_99,s3_n81_n40,s1_below_4282,s2_2_3,s2_2001_2003,s2_760_2075,s4_37_47,Truck (<=6000 lbs.),s2_11_28,Deployed,s2_97_208,s3_2_3,Female,s3_80_96,s3_141_159,s2_164_318,s3_80_160,s2_2_4
10031,s2_885_1695,s2_n103_99,s5_7_up,s1_below_4282,s1_below_2,s2_2001_2003,s2_760_2075,s4_37_47,Passenger Car,s3_28_48,Deployed,s2_97_208,s2_1_2,Female,s2_37_80,s3_141_159,s2_164_318,s6_260_up,s2_2_4
10032,s2_885_1695,s2_n103_99,s4_n40_7,s1_below_4282,s1_below_2,s3_2003_2005,s2_760_2075,s3_17_37,Passenger Car,s2_11_28,Not Deployed,s2_97_208,s1_below_1,Female,s2_37_80,s3_141_159,s2_164_318,s3_80_160,s2_2_4
10033,s2_885_1695,s2_n103_99,s4_n40_7,s1_below_4282,s2_2_3,s2_2001_2003,s2_760_2075,s4_37_47,Passenger Car,s2_11_28,Not Deployed,s2_97_208,s1_below_1,Female,s2_37_80,s3_141_159,s2_164_318,s3_80_160,s2_2_4
10034,s3_1695_2555,s2_n103_99,s4_n40_7,s1_below_4282,s1_below_2,s3_2003_2005,s2_760_2075,s5_47_57,Truck (<=6000 lbs.),s4_48_64,Not Deployed,s2_97_208,s1_below_1,Female,s2_37_80,s4_159_169,s2_164_318,s4_160_220,s3_4_5
10035,s3_1695_2555,s2_n103_99,s4_n40_7,s1_below_4282,s4_4_5,s4_2005_2007,s2_760_2075,s4_37_47,Passenger Car,s4_48_64,Deployed,s2_97_208,s2_1_2,Female,s4_96_114,s3_141_159,s2_164_318,s3_80_160,s3_4_5
10036,s3_1695_2555,s2_n103_99,s4_n40_7,s1_below_4282,s4_4_5,s3_2003_2005,s2_760_2075,s4_37_47,Truck (<=6000 lbs.),s2_11_28,Deployed,s2_97_208,s2_1_2,Male,s4_96_114,s4_159_169,s2_164_318,s4_160_220,s2_2_4
10037,s4_2555_3715,s2_n103_99,s4_n40_7,s1_below_4282,s1_below_2,s2_2001_2003,s2_760_2075,s4_37_47,Truck (<=10000 lbs.),s3_28_48,Deployed,s2_97_208,s2_1_2,Female,s6_130_up,s5_169_179,s2_164_318,s3_80_160,s3_4_5
10038,s2_885_1695,s2_n103_99,s4_n40_7,s1_below_4282,s1_below_2,s1_below_2001,s3_2075_3730,s4_37_47,Truck (<=6000 lbs.),s4_48_64,Deployed,s2_97_208,s2_1_2,Female,s2_37_80,s3_141_159,s2_164_318,s3_80_160,s2_2_4
10039,s2_885_1695,s2_n103_99,s5_7_up,s1_below_4282,s1_below_2,s3_2003_2005,s2_760_2075,s3_17_37,Truck (<=6000 lbs.),s4_48_64,Not Deployed,s2_97_208,s1_below_1,Female,s2_37_80,s3_141_159,s2_164_318,s6_260_up,s2_2_4
10040,s2_885_1695,s2_n103_99,s4_n40_7,s1_below_4282,s4_4_5,s1_below_2001,s2_760_2075,s5_47_57,Passenger Car,s3_28_48,Deployed,s2_97_208,s1_below_1,Female,s2_37_80,s3_141_159,s2_164_318,s3_80_160,s2_2_4
10041,s4_2555_3715,s2_n103_99,s4_n40_7,s1_below_4282,s3_3_4,s4_2005_2007,s2_760_2075,s5_47_57,Truck (<=6000 lbs.),s4_48_64,Deployed,s2_97_208,s1_below_1,Female,s2_37_80,s3_141_159,s2_164_318,s3_80_160,s2_2_4
10042,s2_885_1695,s2_n103_99,s4_n40_7,s1_below_4282,s1_below_2,s2_2001_2003,s2_760_2075,s3_17_37,Passenger Car,s5_64_76,Deployed,s2_97_208,s1_below_1,Female,s3_80_96,s3_141_159,s2_164_318,s3_80_160,s2_2_4
10043,s3_1695_2555,s2_n103_99,s4_n40_7,s1_below_4282,s1_below_2,s3_2003_2005,s2_760_2075,s4_37_47,Truck (<=10000 lbs.),s3_28_48,Not Deployed,s2_97_208,s2_1_2,Male,s4_96_114,s5_169_179,s3_318_464,s4_160_220,s4_5_6
10044,s2_885_1695,s2_n103_99,s5_7_up,s1_below_4282,s2_2_3,s1_below_2001,s2_760_2075,s4_37_47,Passenger Car,s5_64_76,Not Deployed,s2_97_208,s1_below_1,Female,s2_37_80,s3_141_159,s2_164_318,s6_260_up,s2_2_4
10045,s2_885_1695,s2_n103_99,s4_n40_7,s1_below_4282,s1_below_2,s4_2005_2007,s2_760_2075,s5_47_57,Passenger Car,s3_28_48,Deployed,s2_97_208,s2_1_2,Female,s2_37_80,s3_141_159,s2_164_318,s3_80_160,s2_2_4
10046,s2_885_1695,s2_n103_99,s4_n40_7,s1_below_4282,s1_below_2,s3_2003_2005,s2_760_2075,s3_17_37,Truck (<=6000 lbs.),s2_11_28,Not Deployed,s2_97_208,s1_below_1,Female,s2_37_80,s3_141_159,s2_164_318,s3_80_160,s2_2_4
10047,s3_1695_2555,s2_n103_99,s4_n40_7,s1_below_4282,s1_below_2,s1_below_2001,s2_760_2075,s3_17_37,Truck (<=6000 lbs.),s3_28_48,Not Deployed,s2_97_208,s1_below_1,Male,s2_37_80,s3_141_159,s2_164_318,s3_80_160,s2_2_4
10048,s2_885_1695,s2_n103_99,s4_n40_7,s1_below_4282,s1_below_2,s3_2003_2005,s2_760_2075,s3_17_37,Passenger Car,s3_28_48,Deployed,s2_97_208,s1_below_1,Female,s2_37_80,s3_141_159,s2_164_318,s3_80_160,s2_2_4
10049,s3_1695_2555,s2_n103_99,s4_n40_7,s1_below_4282,s4_4_5,s3_2003_2005,s2_760_2075,s4_37_47,Passenger Car,s4_48_64,Deployed,s2_97_208,s1_below_1,Male,s2_37_80,s3_141_159,s2_164_318,s3_80_160,s3_4_5
10050,s2_885_1695,s2_n103_99,s4_n40_7,s1_below_4282,s3_3_4,s3_2003_2005,s2_760_2075,s4_37_47,Passenger Car,s2_11_28,Deployed,s2_97_208,s1_below_1,Male,s2_37_80,s3_141_159,s2_164_318,s3_80_160,s2_2_4
10051,s2_885_1695,s2_n103_99,s4_n40_7,s1_below_4282,s1_below_2,s1_below_2001,s2_760_2075,s3_17_37,Passenger Car,s2_11_28,Deployed,s2_97_208,s1_below_1,Male,s2_37_80,s3_141_159,s2_164_318,s3_80_160,s2_2_4
10052,s2_885_1695,s2_n103_99,s4_n40_7,s1_below_4282,s1_below_2,s3_2003_2005,s2_760_2075,s3_17_37,Passenger Car,s2_11_28,Deployed,s2_97_208,s1_below_1,Female,s2_37_80,s3_141_159,s2_164_318,s2_40_80,s2_2_4
10053,s2_885_1695,s2_n103_99,s4_n40_7,s1_below_4282,s2_2_3,s2_2001_2003,s3_2075_3730,s5_47_57,Passenger Car,s3_28_48,Not Deployed,s2_97_208,s1_below_1,Female,s2_37_80,s3_141_159,s2_164_318,s3_80_160,s2_2_4
10054,s2_885_1695,s2_n103_99,s4_n40_7,s1_below_4282,s1_below_2,s1_below_2001,s2_760_2075,s4_37_47,Passenger Car,s2_11_28,Deployed,s2_97_208,s3_2_3,Male,s2_37_80,s3_141_159,s2_164_318,s3_80_160,s2_2_4
10055,s3_1695_2555,s2_n103_99,s4_n40_7,s1_below_4282,s1_below_2,s3_2003_2005,s2_760_2075,s4_37_47,Truck (<=6000 lbs.),s4_48_64,Not Deployed,s2_97_208,s1_below_1,Female,s2_37_80,s3_141_159,s2_164_318,s4_160_220,s2_2_4
10056,s3_1695_2555,s2_n103_99,s4_n40_7,s1_below_4282,s1_below_2,s1_below_2001,s2_760_2075,s3_17_37,Truck (<=6000 lbs.),s4_48_64,Deployed,s2_97_208,s1_below_1,Male,s3_80_96,s3_141_159,s2_164_318,s3_80_160,s2_2_4
10057,s2_885_1695,s2_n103_99,s4_n40_7,s1_below_4282,s1_below_2,s3_2003_2005,s2_760_2075,s4_37_47,Passenger Car,s3_28_48,Not Deployed,s2_97_208,s1_below_1,Male,s3_80_96,s3_141_159,s2_164_318,s3_80_160,s2_2_4
10058,s2_885_1695,s2_n103_99,s5_7_up,s1_below_4282,s1_below_2,s2_2001_2003,s2_760_2075,s4_37_47,Passenger Car,s3_28_48,Not Deployed,s2_97_208,s1_below_1,Female,s6_130_up,s3_141_159,s2_164_318,s5_220_260,s2_2_4
10059,s3_1695_2555,s2_n103_99,s4_n40_7,s1_below_4282,s2_2_3,s3_2003_2005,s2_760_2075,s3_17_37,Truck (<=10000 lbs.),s4_48_64,Not Deployed,s2_97_208,s1_below_1,Male,s4_96_114,s4_159_169,s3_318_464,s3_80_160,s4_5_6
10060,s2_885_1695,s2_n103_99,s4_n40_7,s1_below_4282,s1_below_2,s1_below_2001,s2_760_2075,s3_17_37,Passenger Car,s3_28_48,Deployed,s2_97_208,s1_below_1,Female,s2_37_80,s3_141_159,s2_164_318,s3_80_160,s2_2_4
10061,s2_885_1695,s2_n103_99,s4_n40_7,s1_below_4282,s1_below_2,s3_2003_2005,s2_760_2075,s4_37_47,Passenger Car,s3_28_48,Not Deployed,s2_97_208,s1_below_1,Male,s5_114_130,s3_141_159,s2_164_318,s2_40_80,s2_2_4
10062,s2_885_1695,s2_n103_99,s4_n40_7,s1_below_4282,s1_below_2,s3_2003_2005,s3_2075_3730,s3_17_37,Passenger Car,s4_48_64,Deployed,s2_97_208,s1_below_1,Female,s4_96_114,s3_141_159,s2_164_318,s4_160_220,s2_2_4
10063,s3_1695_2555,s2_n103_99,s3_n81_n40,s1_below_4282,s4_4_5,s3_2003_2005,s2_760_2075,s4_37_47,Passenger Car,s4_48_64,Deployed,s2_97_208,s1_below_1,Male,s3_80_96,s3_141_159,s2_164_318,s3_80_160,s2_2_4
10064,s2_885_1695,s2_n103_99,s5_7_up,s1_below_4282,s1_below_2,s3_2003_2005,s2_760_2075,s3_17_37,Passenger Car,s2_11_28,Not Deployed,s2_97_208,s1_below_1,Female,s2_37_80,s3_141_159,s2_164_318,s6_260_up,s2_2_4
10065,s3_1695_2555,s2_n103_99,s4_n40_7,s1_below_4282,s1_below_2,s1_below_2001,s2_760_2075,s4_37_47,Truck (<=6000 lbs.),s3_28_48,Not Deployed,s2_97_208,s1_below_1,Female,s2_37_80,s3_141_159,s2_164_318,s4_160_220,s2_2_4
10066,s2_885_1695,s2_n103_99,s4_n40_7,s1_below_4282,s2_2_3,s3_2003_2005,s2_760_2075,s3_17_37,Passenger Car,s5_64_76,Not Deployed,s2_97_208,s1_below_1,Female,s5_114_130,s3_141_159,s2_164_318,s2_40_80,s2_2_4
10067,s3_1695_2555,s2_n103_99,s4_n40_7,s1_below_4282,s1_below_2,s3_2003_2005,s2_760_2075,s3_17_37,Truck (<=6000 lbs.),s3_28_48,Not Deployed,s2_97_208,s1_below_1,Female,s2_37_80,s3_141_159,s2_164_318,s3_80_160,s2_2_4
10068,s2_885_1695,s2_n103_99,s4_n40_7,s1_below_4282,s1_below_2,s2_2001_2003,s2_760_2075,s4_37_47,Passenger Car,s3_28_48,Not Deployed,s2_97_208,s1_below_1,Female,s2_37_80,s3_141_159,s2_164_318,s3_80_160,s2_2_4
10069,s2_885_1695,s2_n103_99,s4_n40_7,s1_below_4282,s1_below_2,s4_2005_2007,s2_760_2075,s3_17_37,Passenger Car,s2_11_28,Not Deployed,s2_97_208,s1_below_1,Female,s2_37_80,s3_141_159,s2_164_318,s3_80_160,s2_2_4
10070,s2_885_1695,s2_n103_99,s4_n40_7,s1_below_4282,s1_below_2,s1_below_2001,s2_760_2075,s4_37_47,Truck (<=6000 lbs.),s2_11_28,Not Deployed,s2_97_208,s1_below_1,Female,s2_37_80,s3_141_159,s2_164_318,s4_160_220,s2_2_4
10071,s3_1695_2555,s2_n103_99,s4_n40_7,s1_below_4282,s4_4_5,s2_2001_2003,s2_760_2075,s4_37_47,Truck (<=10000 lbs.),s3_28_48,Not Deployed,s2_97_208,s1_below_1,Female,s4_96_114,s5_169_179,s3_318_464,s3_80_160,s4_5_6
10072,s3_1695_2555,s2_n103_99,s4_n40_7,s1_below_4282,s4_4_5,s2_2001_2003,s2_760_2075,s3_17_37,Truck (<=6000 lbs.),s5_64_76,Deployed,s2_97_208,s1_below_1,Male,s4_96_114,s4_159_169,s2_164_318,s3_80_160,s3_4_5
10073,s3_1695_2555,s2_n103_99,s4_n40_7,s1_below_4282,s1_below_2,s2_2001_2003,s3_2075_3730,s3_17_37,Truck (<=6000 lbs.),s3_28_48,Not Deployed,s2_97_208,s1_below_1,Male,s3_80_96,s3_141_159,s2_164_318,s3_80_160,s2_2_4
10074,s2_885_1695,s2_n103_99,s4_n40_7,s1_below_4282,s4_4_5,s2_2001_2003,s2_760_2075,s3_17_37,Passenger Car,s2_11_28,Deployed,s2_97_208,s1_below_1,Female,s3_80_96,s3_141_159,s2_164_318,s4_160_220,s2_2_4
10075,s2_885_1695,s2_n103_99,s4_n40_7,s1_below_4282,s1_below_2,s2_2001_2003,s2_760_2075,s3_17_37,Passenger Car,s5_64_76,Not Deployed,s2_97_208,s1_below_1,Male,s5_114_130,s3_141_159,s2_164_318,s3_80_160,s2_2_4
10076,s2_885_1695,s2_n103_99,s4_n40_7,s1_below_4282,s1_below_2,s1_below_2001,s2_760_2075,s3_17_37,Passenger Car,s2_11_28,Deployed,s2_97_208,s1_below_1,Male,s3_80_96,s3_141_159,s2_164_318,s3_80_160,s2_2_4
10077,s2_885_1695,s2_n103_99,s4_n40_7,s1_below_4282,s2_2_3,s1_below_2001,s2_760_2075,s4_37_47,Passenger Car,s3_28_48,Deployed,s2_97_208,s1_below_1,Female,s2_37_80,s3_141_159,s2_164_318,s4_160_220,s2_2_4
10078,s2_885_1695,s2_n103_99,s4_n40_7,s1_below_4282,s2_2_3,s2_2001_2003,s2_760_2075,s3_17_37,Passenger Car,s3_28_48,Not Deployed,s2_97_208,s1_below_1,Male,s3_80_96,s3_141_159,s2_164_318,s4_160_220,s2_2_4
10079,s3_1695_2555,s2_n103_99,s4_n40_7,s1_below_4282,s1_below_2,s3_2003_2005,s3_2075_3730,s4_37_47,Truck (<=6000 lbs.),s3_28_48,Not Deployed,s2_97_208,s1_below_1,Female,s2_37_80,s4_159_169,s2_164_318,s3_80_160,s3_4_5
10080,s2_885_1695,s2_n103_99,s4_n40_7,s1_below_4282,s1_below_2,s3_2003_2005,s2_760_2075,s4_37_47,Passenger Car,s4_48_64,Not Deployed,s2_97_208,s1_below_1,Female,s4_96_114,s4_159_169,s2_164_318,s4_160_220,s2_2_4
10081,s3_1695_2555,s2_n103_99,s4_n40_7,s1_below_4282,s3_3_4,s2_2001_2003,s3_2075_3730,s4_37_47,Truck (<=6000 lbs.),s4_48_64,Deployed,s2_97_208,s2_1_2,Female,s4_96_114,s3_141_159,s2_164_318,s3_80_160,s2_2_4
10082,s2_885_1695,s2_n103_99,s4_n40_7,s1_below_4282,s2_2_3,s1_below_2001,s2_760_2075,s3_17_37,Passenger Car,s4_48_64,Deployed,s2_97_208,s1_below_1,Female,s2_37_80,s3_141_159,s2_164_318,s2_40_80,s2_2_4
10083,s2_885_1695,s2_n103_99,s4_n40_7,s1_below_4282,s1_below_2,s4_2005_2007,s2_760_2075,s3_17_37,Passenger Car,s2_11_28,Not Deployed,s2_97_208,s1_below_1,Female,s2_37_80,s3_141_159,s2_164_318,s3_80_160,s2_2_4
10084,s3_1695_2555,s2_n103_99,s4_n40_7,s1_below_4282,s2_2_3,s4_2005_2007,s2_760_2075,s4_37_47,Passenger Car,s3_28_48,Not Deployed,s2_97_208,s1_below_1,Female,s2_37_80,s3_141_159,s2_164_318,s4_160_220,s2_2_4
10085,s2_885_1695,s2_n103_99,s4_n40_7,s1_below_4282,s1_below_2,s2_2001_2003,s3_2075_3730,s3_17_37,Passenger Car,s6_76_up,Deployed,s2_97_208,s3_2_3,Female,s2_37_80,s3_141_159,s2_164_318,s3_80_160,s2_2_4
10086,s3_1695_2555,s2_n103_99,s4_n40_7,s1_below_4282,s1_below_2,s3_2003_2005,s2_760_2075,s3_17_37,Truck (<=10000 lbs.),s3_28_48,Not Deployed,s2_97_208,s1_below_1,Male,s4_96_114,s5_169_179,s3_318_464,s4_160_220,s4_5_6
10087,s2_885_1695,s2_n103_99,s4_n40_7,s1_below_4282,s3_3_4,s2_2001_2003,s2_760_2075,s4_37_47,Passenger Car,s2_11_28,Deployed,s2_97_208,s1_below_1,Male,s3_80_96,s3_141_159,s2_164_318,s3_80_160,s2_2_4
10088,s2_885_1695,s2_n103_99,s4_n40_7,s1_below_4282,s4_4_5,s2_2001_2003,s2_760_2075,s4_37_47,Truck (<=6000 lbs.),s4_48_64,Deployed,s2_97_208,s1_below_1,Male,s3_80_96,s3_141_159,s3_318_464,s4_160_220,s2_2_4
10089,s3_1695_2555,s2_n103_99,s5_7_up,s1_below_4282,s1_below_2,s3_2003_2005,s3_2075_3730,s4_37_47,Truck (<=6000 lbs.),s4_48_64,Not Deployed,s2_97_208,s1_below_1,Female,s2_37_80,s4_159_169,s2_164_318,s4_160_220,s2_2_4
10090,s3_1695_2555,s2_n103_99,s4_n40_7,s1_below_4282,s1_below_2,s3_2003_2005,s2_760_2075,s4_37_47,Truck (<=10000 lbs.),s4_48_64,Not Deployed,s2_97_208,s1_below_1,Male,s3_80_96,s4_159_169,s3_318_464,s3_80_160,s4_5_6
10091,s2_885_1695,s2_n103_99,s5_7_up,s1_below_4282,s1_below_2,s4_2005_2007,s2_760_2075,s3_17_37,Passenger Car,s5_64_76,Not Deployed,s2_97_208,s1_below_1,Male,s3_80_96,s3_141_159,s2_164_318,s3_80_160,s2_2_4
10092,s3_1695_2555,s2_n103_99,s5_7_up,s1_below_4282,s4_4_5,s1_below_2001,s2_760_2075,s4_37_47,Truck (<=6000 lbs.),s3_28_48,Not Deployed,s2_97_208,s1_below_1,Male,s3_80_96,s3_141_159,s2_164_318,s6_260_up,s2_2_4
10093,s3_1695_2555,s2_n103_99,s4_n40_7,s1_below_4282,s1_below_2,s2_2001_2003,s2_760_2075,s3_17_37,Truck (<=6000 lbs.),s2_11_28,Not Deployed,s2_97_208,s1_below_1,Female,s2_37_80,s3_141_159,s2_164_318,s3_80_160,s2_2_4
10094,s2_885_1695,s2_n103_99,s4_n40_7,s1_below_4282,s1_below_2,s3_2003_2005,s3_2075_3730,s3_17_37,Passenger Car,s2_11_28,Deployed,s2_97_208,s1_below_1,Male,s2_37_80,s3_141_159,s2_164_318,s3_80_160,s2_2_4
10095,s2_885_1695,s2_n103_99,s4_n40_7,s1_below_4282,s3_3_4,s3_2003_2005,s2_760_2075,s4_37_47,Passenger Car,s3_28_48,Deployed,s2_97_208,s1_below_1,Male,s3_80_96,s3_141_159,s2_164_318,s3_80_160,s2_2_4
10096,s3_1695_2555,s2_n103_99,s5_7_up,s1_below_4282,s3_3_4,s4_2005_2007,s2_760_2075,s4_37_47,Truck (<=6000 lbs.),s4_48_64,Not Deployed,s2_97_208,s1_below_1,Female,s3_80_96,s4_159_169,s2_164_318,s6_260_up,s3_4_5
10097,s3_1695_2555,s2_n103_99,s5_7_up,s1_below_4282,s4_4_5,s3_2003_2005,s2_760_2075,s4_37_47,Truck (<=6000 lbs.),s2_11_28,Not Deployed,s2_97_208,s1_below_1,Male,s3_80_96,s4_159_169,s2_164_318,s6_260_up,s2_2_4
10098,s2_885_1695,s2_n103_99,s4_n40_7,s1_below_4282,s6_6_up,s3_2003_2005,s2_760_2075,s5_47_57,Passenger Car,s2_11_28,Not Deployed,s2_97_208,s1_below_1,Male,s5_114_130,s3_141_159,s2_164_318,s2_40_80,s2_2_4
10099,s2_885_1695,s2_n103_99,s4_n40_7,s1_below_4282,s3_3_4,s2_2001_2003,s2_760_2075,s3_17_37,Passenger Car,s3_28_48,Not Deployed,s2_97_208,s1_below_1,Male,s2_37_80,s3_141_159,s2_164_318,s3_80_160,s2_2_4
10100,s2_885_1695,s2_n103_99,s4_n40_7,s1_below_4282,s1_below_2,s3_2003_2005,s3_2075_3730,s3_17_37,Truck (<=6000 lbs.),s3_28_48,Deployed,s2_97_208,s1_below_1,Male,s2_37_80,s3_141_159,s2_164_318,s4_160_220,s2_2_4
10101,s3_1695_2555,s2_n103_99,s4_n40_7,s1_below_4282,s1_below_2,s1_below_2001,s2_760_2075,s3_17_37,Truck (<=10000 lbs.),s4_48_64,Deployed,s2_97_208,s1_below_1,Male,s6_130_up,s4_159_169,s2_164_318,s3_80_160,s3_4_5
10102,s2_885_1695,s2_n103_99,s4_n40_7,s1_below_4282,s1_below_2,s1_below_2001,s2_760_2075,s3_17_37,Passenger Car,s2_11_28,Deployed,s2_97_208,s1_below_1,Female,s2_37_80,s3_141_159,s2_164_318,s3_80_160,s2_2_4
10103,s2_885_1695,s2_n103_99,s4_n40_7,s1_below_4282,s1_below_2,s3_2003_2005,s3_2075_3730,s3_17_37,Passenger Car,s4_48_64,Deployed,s2_97_208,s2_1_2,Male,s3_80_96,s3_141_159,s2_164_318,s3_80_160,s2_2_4
10104,s2_885_1695,s2_n103_99,s4_n40_7,s1_below_4282,s1_below_2,s3_2003_2005,s2_760_2075,s3_17_37,Passenger Car,s2_11_28,Not Deployed,s2_97_208,s1_below_1,Female,s6_130_up,s3_141_159,s2_164_318,s2_40_80,s2_2_4
10105,s2_885_1695,s2_n103_99,s4_n40_7,s1_below_4282,s1_below_2,s1_below_2001,s3_2075_3730,s3_17_37,Passenger Car,s3_28_48,Not Deployed,s2_97_208,s1_below_1,Female,s4_96_114,s3_141_159,s2_164_318,s3_80_160,s2_2_4
10106,s2_885_1695,s2_n103_99,s5_7_up,s1_below_4282,s3_3_4,s2_2001_2003,s2_760_2075,s5_47_57,Passenger Car,s3_28_48,Not Deployed,s2_97_208,s2_1_2,Female,s3_80_96,s3_141_159,s2_164_318,s6_260_up,s2_2_4
10107,s2_885_1695,s2_n103_99,s4_n40_7,s1_below_4282,s1_below_2,s2_2001_2003,s2_760_2075,s3_17_37,Passenger Car,s2_11_28,Not Deployed,s2_97_208,s1_below_1,Female,s2_37_80,s3_141_159,s2_164_318,s1_below_40,s2_2_4
10108,s2_885_1695,s2_n103_99,s4_n40_7,s1_below_4282,s6_6_up,s3_2003_2005,s2_760_2075,s4_37_47,Passenger Car,s4_48_64,Not Deployed,s2_97_208,s1_below_1,Female,s2_37_80,s3_141_159,s2_164_318,s3_80_160,s2_2_4
10109,s2_885_1695,s2_n103_99,s4_n40_7,s1_below_4282,s1_below_2,s3_2003_2005,s2_760_2075,s4_37_47,Passenger Car,s4_48_64,Not Deployed,s2_97_208,s1_below_1,Female,s3_80_96,s4_159_169,s2_164_318,s1_below_40,s2_2_4
10110,s3_1695_2555,s2_n103_99,s4_n40_7,s1_below_4282,s3_3_4,s3_2003_2005,s3_2075_3730,s3_17_37,Truck (<=10000 lbs.),s2_11_28,Not Deployed,s2_97_208,s1_below_1,Male,s5_114_130,s5_169_179,s2_164_318,s4_160_220,s3_4_5
10111,s2_885_1695,s2_n103_99,s4_n40_7,s1_below_4282,s5_5_6,s1_below_2001,s2_760_2075,s5_47_57,Passenger Car,s2_11_28,Deployed,s2_97_208,s1_below_1,Male,s5_114_130,s3_141_159,s2_164_318,s3_80_160,s2_2_4
10112,s3_1695_2555,s2_n103_99,s4_n40_7,s1_below_4282,s1_below_2,s3_2003_2005,s2_760_2075,s3_17_37,Truck (<=6000 lbs.),s3_28_48,Not Deployed,s2_97_208,s1_below_1,Female,s2_37_80,s4_159_169,s2_164_318,s3_80_160,s3_4_5
10113,s3_1695_2555,s2_n103_99,s4_n40_7,s1_below_4282,s1_below_2,s2_2001_2003,s2_760_2075,s3_17_37,Truck (<=6000 lbs.),s2_11_28,Deployed,s2_97_208,s2_1_2,Female,s2_37_80,s3_141_159,s2_164_318,s3_80_160,s2_2_4
10114,s2_885_1695,s2_n103_99,s4_n40_7,s1_below_4282,s1_below_2,s4_2005_2007,s2_760_2075,s3_17_37,Passenger Car,s2_11_28,Not Deployed,s2_97_208,s1_below_1,Female,s2_37_80,s3_141_159,s2_164_318,s2_40_80,s2_2_4
10115,s2_885_1695,s2_n103_99,s4_n40_7,s1_below_4282,s1_below_2,s2_2001_2003,s2_760_2075,s3_17_37,Passenger Car,s2_11_28,Not Deployed,s2_97_208,s1_below_1,Female,s5_114_130,s3_141_159,s2_164_318,s2_40_80,s2_2_4
10116,s2_885_1695,s2_n103_99,s4_n40_7,s1_below_4282,s1_below_2,s1_below_2001,s2_760_2075,s4_37_47,Passenger Car,s4_48_64,Not Deployed,s2_97_208,s1_below_1,Male,s2_37_80,s3_141_159,s2_164_318,s2_40_80,s2_2_4
10117,s2_885_1695,s2_n103_99,s3_n81_n40,s1_below_4282,s6_6_up,s3_2003_2005,s3_2075_3730,s5_47_57,Passenger Car,s2_11_28,Deployed,s2_97_208,s1_below_1,Male,s2_37_80,s3_141_159,s2_164_318,s3_80_160,s2_2_4
10118,s2_885_1695,s2_n103_99,s4_n40_7,s1_below_4282,s5_5_6,s2_2001_2003,s2_760_2075,s5_47_57,Passenger Car,s3_28_48,Not Deployed,s2_97_208,s2_1_2,Female,s2_37_80,s3_141_159,s2_164_318,s3_80_160,s2_2_4
10119,s3_1695_2555,s2_n103_99,s4_n40_7,s1_below_4282,s1_below_2,s4_2005_2007,s2_760_2075,s3_17_37,Passenger Car,s3_28_48,Deployed,s2_97_208,s1_below_1,Male,s3_80_96,s3_141_159,s2_164_318,s3_80_160,s3_4_5
10120,s2_885_1695,s2_n103_99,s4_n40_7,s1_below_4282,s3_3_4,s4_2005_2007,s2_760_2075,s3_17_37,Passenger Car,s2_11_28,Deployed,s2_97_208,s1_below_1,Male,s3_80_96,s3_141_159,s2_164_318,s3_80_160,s2_2_4
10121,s2_885_1695,s2_n103_99,s5_7_up,s1_below_4282,s3_3_4,s3_2003_2005,s2_760_2075,s3_17_37,Passenger Car,s4_48_64,Not Deployed,s2_97_208,s1_below_1,Female,s2_37_80,s3_141_159,s2_164_318,s6_260_up,s2_2_4
10122,s2_885_1695,s2_n103_99,s3_n81_n40,s1_below_4282,s4_4_5,s1_below_2001,s2_760_2075,s3_17_37,Passenger Car,s2_11_28,Deployed,s2_97_208,s4_3_4,Male,s2_37_80,s3_141_159,s2_164_318,s3_80_160,s2_2_4
10123,s2_885_1695,s2_n103_99,s4_n40_7,s1_below_4282,s6_6_up,s1_below_2001,s2_760_2075,s5_47_57,Passenger Car,s2_11_28,Deployed,s2_97_208,s1_below_1,Male,s2_37_80,s3_141_159,s2_164_318,s3_80_160,s2_2_4
10124,s3_1695_2555,s2_n103_99,s4_n40_7,s1_below_4282,s3_3_4,s2_2001_2003,s2_760_2075,s5_47_57,Passenger Car,s3_28_48,Not Deployed,s2_97_208,s1_below_1,Female,s3_80_96,s4_159_169,s2_164_318,s3_80_160,s2_2_4
10125,s2_885_1695,s2_n103_99,s4_n40_7,s1_below_4282,s4_4_5,s1_below_2001,s2_760_2075,s3_17_37,Passenger Car,s3_28_48,Deployed,s2_97_208,s1_below_1,Male,s2_37_80,s3_141_159,s2_164_318,s3_80_160,s2_2_4
10126,s2_885_1695,s2_n103_99,s4_n40_7,s1_below_4282,s1_below_2,s3_2003_2005,s2_760_2075,s3_17_37,Passenger Car,s2_11_28,Not Deployed,s2_97_208,s1_below_1,Male,s2_37_80,s3_141_159,s2_164_318,s3_80_160,s2_2_4
10127,s2_885_1695,s2_n103_99,s4_n40_7,s1_below_4282,s3_3_4,s2_2001_2003,s2_760_2075,s3_17_37,Passenger Car,s2_11_28,Deployed,s2_97_208,s1_below_1,Male,s2_37_80,s3_141_159,s2_164_318,s3_80_160,s2_2_4
10128,s2_885_1695,s2_n103_99,s4_n40_7,s1_below_4282,s4_4_5,s3_2003_2005,s2_760_2075,s4_37_47,Passenger Car,s4_48_64,Not Deployed,s2_97_208,s1_below_1,Female,s4_96_114,s3_141_159,s2_164_318,s3_80_160,s2_2_4
10129,s2_885_1695,s2_n103_99,s4_n40_7,s1_below_4282,s4_4_5,s2_2001_2003,s2_760_2075,s4_37_47,Passenger Car,s3_28_48,Deployed,s2_97_208,s1_below_1,Male,s3_80_96,s3_141_159,s2_164_318,s3_80_160,s2_2_4
10130,s2_885_1695,s2_n103_99,s4_n40_7,s1_below_4282,s1_below_2,s1_below_2001,s2_760_2075,s4_37_47,Truck (<=6000 lbs.),s5_64_76,Deployed,s2_97_208,s2_1_2,Male,s4_96_114,s3_141_159,s2_164_318,s3_80_160,s2_2_4
10131,s2_885_1695,s2_n103_99,s4_n40_7,s1_below_4282,s1_below_2,s3_2003_2005,s2_760_2075,s4_37_47,Passenger Car,s4_48_64,Deployed,s2_97_208,s1_below_1,Female,s2_37_80,s3_141_159,s2_164_318,s3_80_160,s2_2_4
10132,s3_1695_2555,s2_n103_99,s4_n40_7,s1_below_4282,s3_3_4,s3_2003_2005,s3_2075_3730,s4_37_47,Truck (<=6000 lbs.),s3_28_48,Deployed,s2_97_208,s1_below_1,Male,s3_80_96,s4_159_169,s2_164_318,s3_80_160,s2_2_4
10133,s2_885_1695,s2_n103_99,s4_n40_7,s1_below_4282,s1_below_2,s3_2003_2005,s2_760_2075,s1_below_7,Passenger Car,s3_28_48,Deployed,s2_97_208,s4_3_4,Female,s2_37_80,s3_141_159,s2_164_318,s6_260_up,s2_2_4
10134,s3_1695_2555,s2_n103_99,s4_n40_7,s1_below_4282,s1_below_2,s3_2003_2005,s2_760_2075,s3_17_37,Truck (<=10000 lbs.),s2_11_28,Not Deployed,s2_97_208,s1_below_1,Male,s4_96_114,s4_159_169,s2_164_318,s3_80_160,s2_2_4
10135,s2_885_1695,s2_n103_99,s5_7_up,s1_below_4282,s1_below_2,s1_below_2001,s3_2075_3730,s3_17_37,Passenger Car,s2_11_28,Not Deployed,s2_97_208,s1_below_1,Female,s2_37_80,s3_141_159,s2_164_318,s6_260_up,s2_2_4
10136,s2_885_1695,s2_n103_99,s4_n40_7,s1_below_4282,s2_2_3,s3_2003_2005,s2_760_2075,s2_7_17,Passenger Car,s2_11_28,Not Deployed,s2_97_208,s1_below_1,Female,s2_37_80,s3_141_159,s2_164_318,s3_80_160,s2_2_4
10137,s2_885_1695,s2_n103_99,s4_n40_7,s1_below_4282,s1_below_2,s2_2001_2003,s2_760_2075,s3_17_37,Passenger Car,s4_48_64,Not Deployed,s2_97_208,s2_1_2,Female,s2_37_80,s3_141_159,s2_164_318,s3_80_160,s2_2_4
10138,s2_885_1695,s2_n103_99,s4_n40_7,s1_below_4282,s3_3_4,s2_2001_2003,s2_760_2075,s4_37_47,Passenger Car,s3_28_48,Deployed,s2_97_208,s1_below_1,Female,s2_37_80,s3_141_159,s2_164_318,s3_80_160,s2_2_4
10139,s3_1695_2555,s2_n103_99,s4_n40_7,s1_below_4282,s3_3_4,s2_2001_2003,s2_760_2075,s2_7_17,Truck (<=6000 lbs.),s3_28_48,Not Deployed,s2_97_208,s1_below_1,Female,s2_37_80,s3_141_159,s3_318_464,s2_40_80,s3_4_5
10140,s3_1695_2555,s2_n103_99,s4_n40_7,s1_below_4282,s2_2_3,s2_2001_2003,s2_760_2075,s3_17_37,Truck (<=6000 lbs.),s3_28_48,Not Deployed,s2_97_208,s1_below_1,Male,s2_37_80,s3_141_159,s2_164_318,s3_80_160,s2_2_4
10141,s4_2555_3715,s2_n103_99,s4_n40_7,s1_below_4282,s3_3_4,s3_2003_2005,s2_760_2075,s3_17_37,Truck (<=10000 lbs.),s3_28_48,Not Deployed,s2_97_208,s1_below_1,Male,s2_37_80,s5_169_179,s3_318_464,s3_80_160,s4_5_6
10142,s2_885_1695,s2_n103_99,s4_n40_7,s1_below_4282,s1_below_2,s1_below_2001,s2_760_2075,s3_17_37,Passenger Car,s2_11_28,Not Deployed,s2_97_208,s1_below_1,Female,s2_37_80,s3_141_159,s2_164_318,s3_80_160,s2_2_4
10143,s3_1695_2555,s2_n103_99,s4_n40_7,s1_below_4282,s1_below_2,s2_2001_2003,s2_760_2075,s3_17_37,Truck (<=6000 lbs.),s3_28_48,Not Deployed,s2_97_208,s1_below_1,Male,s3_80_96,s3_141_159,s2_164_318,s4_160_220,s2_2_4
10144,s2_885_1695,s2_n103_99,s4_n40_7,s1_below_4282,s3_3_4,s1_below_2001,s2_760_2075,s4_37_47,Truck (<=6000 lbs.),s2_11_28,Deployed,s2_97_208,s1_below_1,Male,s3_80_96,s2_116_141,s2_164_318,s3_80_160,s2_2_4
10145,s3_1695_2555,s2_n103_99,s4_n40_7,s1_below_4282,s1_below_2,s2_2001_2003,s2_760_2075,s4_37_47,Truck (<=6000 lbs.),s4_48_64,Not Deployed,s2_97_208,s1_below_1,Male,s5_114_130,s5_169_179,s2_164_318,s3_80_160,s2_2_4
10146,s3_1695_2555,s2_n103_99,s4_n40_7,s1_below_4282,s3_3_4,s1_below_2001,s2_760_2075,s4_37_47,Truck (<=6000 lbs.),s3_28_48,Not Deployed,s2_97_208,s1_below_1,Female,s3_80_96,s4_159_169,s2_164_318,s4_160_220,s3_4_5
10147,s2_885_1695,s2_n103_99,s4_n40_7,s1_below_4282,s3_3_4,s2_2001_2003,s3_2075_3730,s4_37_47,Passenger Car,s3_28_48,Deployed,s2_97_208,s1_below_1,Female,s2_37_80,s3_141_159,s2_164_318,s3_80_160,s2_2_4
10148,s2_885_1695,s2_n103_99,s4_n40_7,s1_below_4282,s1_below_2,s3_2003_2005,s2_760_2075,s3_17_37,Passenger Car,s6_76_up,Deployed,s2_97_208,s1_below_1,Male,s2_37_80,s3_141_159,s2_164_318,s3_80_160,s2_2_4
10149,s2_885_1695,s2_n103_99,s5_7_up,s1_below_4282,s1_below_2,s1_below_2001,s2_760_2075,s3_17_37,Passenger Car,s4_48_64,Not Deployed,s2_97_208,s1_below_1,Male,s6_130_up,s3_141_159,s2_164_318,s6_260_up,s2_2_4
10150,s2_885_1695,s2_n103_99,s5_7_up,s1_below_4282,s1_below_2,s3_2003_2005,s2_760_2075,s3_17_37,Passenger Car,s4_48_64,Not Deployed,s2_97_208,s1_below_1,Male,s3_80_96,s3_141_159,s2_164_318,s6_260_up,s2_2_4
10151,s2_885_1695,s2_n103_99,s4_n40_7,s1_below_4282,s1_below_2,s3_2003_2005,s2_760_2075,s3_17_37,Truck (<=6000 lbs.),s2_11_28,Not Deployed,s2_97_208,s1_below_1,Female,s4_96_114,s3_141_159,s3_318_464,s2_40_80,s2_2_4
10152,s2_885_1695,s2_n103_99,s5_7_up,s1_below_4282,s1_below_2,s4_2005_2007,s2_760_2075,s3_17_37,Passenger Car,s4_48_64,Not Deployed,s2_97_208,s1_below_1,Male,s4_96_114,s3_141_159,s2_164_318,s6_260_up,s2_2_4
10153,s2_885_1695,s2_n103_99,s4_n40_7,s1_below_4282,s1_below_2,s2_2001_2003,s3_2075_3730,s4_37_47,Truck (<=6000 lbs.),s2_11_28,Not Deployed,s2_97_208,s1_below_1,Male,s3_80_96,s3_141_159,s2_164_318,s4_160_220,s2_2_4
10154,s3_1695_2555,s2_n103_99,s4_n40_7,s1_below_4282,s3_3_4,s3_2003_2005,s2_760_2075,s4_37_47,Truck (<=6000 lbs.),s3_28_48,Not Deployed,s2_97_208,s1_below_1,Male,s2_37_80,s3_141_159,s2_164_318,s2_40_80,s2_2_4
10155,s2_885_1695,s2_n103_99,s4_n40_7,s1_below_4282,s1_below_2,s1_below_2001,s2_760_2075,s3_17_37,Passenger Car,s2_11_28,Not Deployed,s2_97_208,s1_below_1,Male,s2_37_80,s3_141_159,s2_164_318,s3_80_160,s2_2_4
10156,s2_885_1695,s2_n103_99,s4_n40_7,s1_below_4282,s2_2_3,s3_2003_2005,s2_760_2075,s4_37_47,Truck (<=6000 lbs.),s2_11_28,Not Deployed,s2_97_208,s1_below_1,Male,s4_96_114,s3_141_159,s2_164_318,s4_160_220,s2_2_4
10157,s2_885_1695,s2_n103_99,s4_n40_7,s1_below_4282,s3_3_4,s1_below_2001,s2_760_2075,s3_17_37,Passenger Car,s2_11_28,Not Deployed,s2_97_208,s1_below_1,Male,s2_37_80,s3_141_159,s2_164_318,s4_160_220,s2_2_4
10158,s2_885_1695,s2_n103_99,s5_7_up,s1_below_4282,s1_below_2,s2_2001_2003,s2_760_2075,s3_17_37,Passenger Car,s3_28_48,Not Deployed,s2_97_208,s1_below_1,Female,s2_37_80,s3_141_159,s2_164_318,s6_260_up,s2_2_4
10159,s2_885_1695,s2_n103_99,s4_n40_7,s1_below_4282,s1_below_2,s4_2005_2007,s2_760_2075,s5_47_57,Passenger Car,s2_11_28,Not Deployed,s2_97_208,s1_below_1,Male,s5_114_130,s3_141_159,s2_164_318,s1_below_40,s2_2_4
10160,s2_885_1695,s2_n103_99,s4_n40_7,s1_below_4282,s1_below_2,s4_2005_2007,s2_760_2075,s3_17_37,Truck (<=6000 lbs.),s3_28_48,Deployed,s2_97_208,s1_below_1,Female,s2_37_80,s3_141_159,s2_164_318,s3_80_160,s2_2_4
10161,s3_1695_2555,s2_n103_99,s4_n40_7,s1_below_4282,s1_below_2,s2_2001_2003,s2_760_2075,s3_17_37,Truck (<=6000 lbs.),s3_28_48,Not Deployed,s2_97_208,s1_below_1,Female,s3_80_96,s3_141_159,s2_164_318,s2_40_80,s2_2_4
10162,s2_885_1695,s2_n103_99,s4_n40_7,s1_below_4282,s1_below_2,s4_2005_2007,s2_760_2075,s4_37_47,Passenger Car,s5_64_76,Not Deployed,s2_97_208,s1_below_1,Male,s3_80_96,s3_141_159,s2_164_318,s3_80_160,s2_2_4
10163,s2_885_1695,s2_n103_99,s5_7_up,s1_below_4282,s1_below_2,s3_2003_2005,s2_760_2075,s3_17_37,Passenger Car,s3_28_48,Not Deployed,s2_97_208,s1_below_1,Female,s4_96_114,s3_141_159,s2_164_318,s6_260_up,s2_2_4
10164,s2_885_1695,s2_n103_99,s4_n40_7,s1_below_4282,s3_3_4,s2_2001_2003,s2_760_2075,s4_37_47,Passenger Car,s2_11_28,Deployed,s2_97_208,s1_below_1,Male,s3_80_96,s3_141_159,s2_164_318,s3_80_160,s2_2_4
10165,s2_885_1695,s2_n103_99,s4_n40_7,s1_below_4282,s1_below_2,s4_2005_2007,s2_760_2075,s3_17_37,Passenger Car,s2_11_28,Not Deployed,s2_97_208,s1_below_1,Female,s2_37_80,s3_141_159,s2_164_318,s3_80_160,s2_2_4
10166,s3_1695_2555,s2_n103_99,s5_7_up,s1_below_4282,s1_below_2,s1_below_2001,s2_760_2075,s5_47_57,Truck (<=6000 lbs.),s3_28_48,Not Deployed,s2_97_208,s1_below_1,Male,s5_114_130,s4_159_169,s2_164_318,s6_260_up,s3_4_5
10167,s2_885_1695,s2_n103_99,s4_n40_7,s1_below_4282,s1_below_2,s3_2003_2005,s2_760_2075,s3_17_37,Truck (<=6000 lbs.),s3_28_48,Not Deployed,s2_97_208,s1_below_1,Female,s2_37_80,s3_141_159,s2_164_318,s2_40_80,s2_2_4
10168,s2_885_1695,s2_n103_99,s4_n40_7,s1_below_4282,s1_below_2,s1_below_2001,s2_760_2075,s3_17_37,Passenger Car,s2_11_28,Not Deployed,s2_97_208,s1_below_1,Female,s2_37_80,s3_141_159,s2_164_318,s3_80_160,s2_2_4
10169,s3_1695_2555,s2_n103_99,s4_n40_7,s1_below_4282,s1_below_2,s3_2003_2005,s2_760_2075,s4_37_47,Truck (<=6000 lbs.),s4_48_64,Not Deployed,s2_97_208,s1_below_1,Female,s3_80_96,s4_159_169,s2_164_318,s2_40_80,s3_4_5
10170,s2_885_1695,s2_n103_99,s3_n81_n40,s1_below_4282,s1_below_2,s3_2003_2005,s2_760_2075,s3_17_37,Passenger Car,s5_64_76,Not Deployed,s2_97_208,s1_below_1,Male,s3_80_96,s3_141_159,s2_164_318,s2_40_80,s2_2_4
10171,s2_885_1695,s2_n103_99,s4_n40_7,s1_below_4282,s1_below_2,s2_2001_2003,s2_760_2075,s3_17_37,Passenger Car,s3_28_48,Not Deployed,s2_97_208,s1_below_1,Male,s5_114_130,s3_141_159,s2_164_318,s3_80_160,s2_2_4
10172,s3_1695_2555,s2_n103_99,s4_n40_7,s1_below_4282,s3_3_4,s1_below_2001,s2_760_2075,s3_17_37,Truck (<=6000 lbs.),s2_11_28,Not Deployed,s2_97_208,s1_below_1,Male,s2_37_80,s3_141_159,s2_164_318,s3_80_160,s2_2_4
10173,s2_885_1695,s2_n103_99,s5_7_up,s1_below_4282,s3_3_4,s1_below_2001,s2_760_2075,s4_37_47,Passenger Car,s3_28_48,Not Deployed,s2_97_208,s1_below_1,Male,s3_80_96,s3_141_159,s2_164_318,s6_260_up,s2_2_4
10174,s3_1695_2555,s2_n103_99,s4_n40_7,s1_below_4282,s1_below_2,s1_below_2001,s2_760_2075,s3_17_37,Truck (<=10000 lbs.),s5_64_76,Not Deployed,s2_97_208,s1_below_1,Male,s3_80_96,s4_159_169,s3_318_464,s3_80_160,s4_5_6
10175,s2_885_1695,s2_n103_99,s4_n40_7,s1_below_4282,s1_below_2,s1_below_2001,s2_760_2075,s3_17_37,Passenger Car,s4_48_64,Deployed,s2_97_208,s1_below_1,Male,s3_80_96,s3_141_159,s2_164_318,s3_80_160,s2_2_4
10176,s3_1695_2555,s2_n103_99,s4_n40_7,s1_below_4282,s3_3_4,s2_2001_2003,s2_760_2075,s4_37_47,Truck (<=10000 lbs.),s3_28_48,Not Deployed,s2_97_208,s1_below_1,Male,s2_37_80,s4_159_169,s3_318_464,s3_80_160,s5_6_7
10177,s2_885_1695,s2_n103_99,s4_n40_7,s1_below_4282,s3_3_4,s4_2005_2007,s2_760_2075,s4_37_47,Passenger Car,s3_28_48,Not Deployed,s2_97_208,s1_below_1,Male,s2_37_80,s3_141_159,s2_164_318,s3_80_160,s2_2_4
10178,s3_1695_2555,s2_n103_99,s4_n40_7,s1_below_4282,s3_3_4,s4_2005_2007,s2_760_2075,s4_37_47,Truck (<=6000 lbs.),s3_28_48,Deployed,s2_97_208,s1_below_1,Female,s2_37_80,s3_141_159,s2_164_318,s3_80_160,s2_2_4
10179,s2_885_1695,s2_n103_99,s5_7_up,s1_below_4282,s3_3_4,s1_below_2001,s2_760_2075,s4_37_47,Passenger Car,s6_76_up,Not Deployed,s2_97_208,s1_below_1,Male,s2_37_80,s3_141_159,s2_164_318,s6_260_up,s2_2_4
10180,s3_1695_2555,s2_n103_99,s4_n40_7,s1_below_4282,s1_below_2,s2_2001_2003,s2_760_2075,s3_17_37,Truck (<=6000 lbs.),s3_28_48,Deployed,s2_97_208,s1_below_1,Male,s4_96_114,s3_141_159,s2_164_318,s3_80_160,s2_2_4
10181,s2_885_1695,s2_n103_99,s4_n40_7,s1_below_4282,s2_2_3,s3_2003_2005,s2_760_2075,s2_7_17,Passenger Car,s4_48_64,Not Deployed,s2_97_208,s1_below_1,Male,s3_80_96,s3_141_159,s2_164_318,s4_160_220,s2_2_4
10182,s2_885_1695,s2_n103_99,s4_n40_7,s1_below_4282,s1_below_2,s2_2001_2003,s2_760_2075,s3_17_37,Passenger Car,s3_28_48,Not Deployed,s2_97_208,s2_1_2,Female,s2_37_80,s3_141_159,s2_164_318,s5_220_260,s2_2_4
10183,s3_1695_2555,s2_n103_99,s4_n40_7,s1_below_4282,s1_below_2,s3_2003_2005,s2_760_2075,s3_17_37,Truck (<=6000 lbs.),s3_28_48,Not Deployed,s2_97_208,s1_below_1,Male,s3_80_96,s3_141_159,s2_164_318,s2_40_80,s2_2_4
10184,s3_1695_2555,s2_n103_99,s4_n40_7,s1_below_4282,s1_below_2,s3_2003_2005,s2_760_2075,s3_17_37,Truck (<=6000 lbs.),s3_28_48,Not Deployed,s2_97_208,s1_below_1,Female,s3_80_96,s4_159_169,s2_164_318,s2_40_80,s3_4_5
10185,s2_885_1695,s2_n103_99,s4_n40_7,s1_below_4282,s2_2_3,s3_2003_2005,s2_760_2075,s4_37_47,Passenger Car,s5_64_76,Deployed,s2_97_208,s5_4_5,Female,s2_37_80,s3_141_159,s2_164_318,s3_80_160,s2_2_4
10186,s3_1695_2555,s2_n103_99,s4_n40_7,s1_below_4282,s4_4_5,s1_below_2001,s2_760_2075,s4_37_47,Truck (<=6000 lbs.),s6_76_up,Deployed,s2_97_208,s2_1_2,Male,s2_37_80,s4_159_169,s2_164_318,s4_160_220,s3_4_5
10187,s2_885_1695,s2_n103_99,s4_n40_7,s1_below_4282,s1_below_2,s1_below_2001,s2_760_2075,s3_17_37,Passenger Car,s3_28_48,Deployed,s2_97_208,s1_below_1,Female,s2_37_80,s3_141_159,s2_164_318,s3_80_160,s2_2_4
10188,s3_1695_2555,s2_n103_99,s5_7_up,s1_below_4282,s1_below_2,s2_2001_2003,s2_760_2075,s3_17_37,Truck (<=6000 lbs.),s2_11_28,Not Deployed,s2_97_208,s1_below_1,Female,s2_37_80,s3_141_159,s2_164_318,s6_260_up,s2_2_4
10189,s2_885_1695,s2_n103_99,s4_n40_7,s1_below_4282,s1_below_2,s3_2003_2005,s2_760_2075,s3_17_37,Truck (<=6000 lbs.),s4_48_64,Not Deployed,s2_97_208,s1_below_1,Male,s3_80_96,s3_141_159,s2_164_318,s3_80_160,s2_2_4
10190,s2_885_1695,s2_n103_99,s4_n40_7,s1_below_4282,s3_3_4,s1_below_2001,s2_760_2075,s3_17_37,Passenger Car,s6_76_up,Not Deployed,s2_97_208,s1_below_1,Male,s3_80_96,s3_141_159,s2_164_318,s3_80_160,s2_2_4
10191,s3_1695_2555,s2_n103_99,s4_n40_7,s1_below_4282,s3_3_4,s1_below_2001,s2_760_2075,s4_37_47,Truck (<=6000 lbs.),s3_28_48,Not Deployed,s2_97_208,s1_below_1,Female,s3_80_96,s4_159_169,s2_164_318,s4_160_220,s2_2_4
10192,s3_1695_2555,s2_n103_99,s4_n40_7,s1_below_4282,s3_3_4,s2_2001_2003,s2_760_2075,s4_37_47,Passenger Car,s4_48_64,Deployed,s2_97_208,s1_below_1,Male,s2_37_80,s3_141_159,s2_164_318,s3_80_160,s2_2_4
10193,s2_885_1695,s2_n103_99,s4_n40_7,s1_below_4282,s1_below_2,s2_2001_2003,s2_760_2075,s3_17_37,Passenger Car,s2_11_28,Not Deployed,s2_97_208,s1_below_1,Female,s2_37_80,s3_141_159,s2_164_318,s3_80_160,s2_2_4
10194,s3_1695_2555,s2_n103_99,s4_n40_7,s1_below_4282,s1_below_2,s3_2003_2005,s2_760_2075,s3_17_37,Truck (<=6000 lbs.),s3_28_48,Not Deployed,s2_97_208,s1_below_1,Male,s3_80_96,s3_141_159,s3_318_464,s3_80_160,s3_4_5
10195,s2_885_1695,s2_n103_99,s4_n40_7,s1_below_4282,s1_below_2,s3_2003_2005,s2_760_2075,s3_17_37,Passenger Car,s2_11_28,Deployed,s2_97_208,s1_below_1,Male,s3_80_96,s3_141_159,s2_164_318,s3_80_160,s2_2_4
10196,s2_885_1695,s2_n103_99,s4_n40_7,s1_below_4282,s1_below_2,s3_2003_2005,s2_760_2075,s3_17_37,Passenger Car,s4_48_64,Not Deployed,s2_97_208,s1_below_1,Male,s4_96_114,s3_141_159,s2_164_318,s3_80_160,s2_2_4
10197,s2_885_1695,s2_n103_99,s4_n40_7,s1_below_4282,s1_below_2,s1_below_2001,s2_760_2075,s3_17_37,Passenger Car,s2_11_28,Deployed,s2_97_208,s1_below_1,Male,s3_80_96,s3_141_159,s2_164_318,s3_80_160,s2_2_4
10198,s2_885_1695,s2_n103_99,s4_n40_7,s1_below_4282,s1_below_2,s1_below_2001,s2_760_2075,s3_17_37,Passenger Car,s3_28_48,Deployed,s2_97_208,s3_2_3,Male,s4_96_114,s3_141_159,s2_164_318,s3_80_160,s2_2_4
10199,s2_885_1695,s2_n103_99,s4_n40_7,s1_below_4282,s1_below_2,s4_2005_2007,s2_760_2075,s3_17_37,Truck (<=6000 lbs.),s4_48_64,Not Deployed,s2_97_208,s1_below_1,Female,s2_37_80,s3_141_159,s2_164_318,s3_80_160,s2_2_4
10200,s3_1695_2555,s2_n103_99,s4_n40_7,s1_below_4282,s1_below_2,s3_2003_2005,s2_760_2075,s3_17_37,Truck (<=6000 lbs.),s6_76_up,Not Deployed,s2_97_208,s1_below_1,Male,s3_80_96,s3_141_159,s2_164_318,s4_160_220,s2_2_4
10201,s2_885_1695,s2_n103_99,s4_n40_7,s1_below_4282,s1_below_2,s1_below_2001,s2_760_2075,s3_17_37,Passenger Car,s3_28_48,Not Deployed,s2_97_208,s1_below_1,Female,s2_37_80,s3_141_159,s2_164_318,s3_80_160,s2_2_4
10202,s2_885_1695,s2_n103_99,s5_7_up,s1_below_4282,s1_below_2,s1_below_2001,s2_760_2075,s1_below_7,Truck (<=6000 lbs.),s2_11_28,Not Deployed,s2_97_208,s1_below_1,Female,s2_37_80,s3_141_159,s2_164_318,s4_160_220,s2_2_4
10203,s3_1695_2555,s2_n103_99,s4_n40_7,s1_below_4282,s1_below_2,s2_2001_2003,s2_760_2075,s4_37_47,Truck (<=10000 lbs.),s3_28_48,Deployed,s2_97_208,s1_below_1,Female,s2_37_80,s4_159_169,s3_318_464,s3_80_160,s4_5_6
10204,s3_1695_2555,s2_n103_99,s3_n81_n40,s1_below_4282,s1_below_2,s1_below_2001,s3_2075_3730,s4_37_47,Passenger Car,s5_64_76,Deployed,s2_97_208,s2_1_2,Male,s5_114_130,s3_141_159,s2_164_318,s3_80_160,s2_2_4
10205,s2_885_1695,s2_n103_99,s4_n40_7,s1_below_4282,s1_below_2,s2_2001_2003,s2_760_2075,s3_17_37,Passenger Car,s2_11_28,Deployed,s2_97_208,s1_below_1,Female,s2_37_80,s3_141_159,s2_164_318,s3_80_160,s2_2_4
10206,s2_885_1695,s2_n103_99,s4_n40_7,s1_below_4282,s3_3_4,s3_2003_2005,s2_760_2075,s4_37_47,Passenger Car,s5_64_76,Not Deployed,s2_97_208,s1_below_1,Female,s2_37_80,s3_141_159,s2_164_318,s3_80_160,s2_2_4
10207,s3_1695_2555,s2_n103_99,s4_n40_7,s1_below_4282,s3_3_4,s4_2005_2007,s2_760_2075,s4_37_47,Passenger Car,s5_64_76,Deployed,s2_97_208,s1_below_1,Male,s3_80_96,s4_159_169,s2_164_318,s3_80_160,s3_4_5
10208,s2_885_1695,s2_n103_99,s4_n40_7,s1_below_4282,s1_below_2,s3_2003_2005,s2_760_2075,s3_17_37,Passenger Car,s2_11_28,Deployed,s2_97_208,s1_below_1,Female,s3_80_96,s3_141_159,s2_164_318,s3_80_160,s2_2_4
10209,s2_885_1695,s2_n103_99,s4_n40_7,s1_below_4282,s6_6_up,s1_below_2001,s2_760_2075,s4_37_47,Passenger Car,s3_28_48,Deployed,s2_97_208,s1_below_1,Male,s2_37_80,s3_141_159,s2_164_318,s3_80_160,s2_2_4
10210,s2_885_1695,s3_99_up,s4_n40_7,s1_below_4282,s2_2_3,s1_below_2001,s2_760_2075,s3_17_37,Passenger Car,s4_48_64,Not Deployed,s2_97_208,s1_below_1,Female,s2_37_80,s3_141_159,s2_164_318,s2_40_80,s2_2_4
10211,s2_885_1695,s2_n103_99,s3_n81_n40,s1_below_4282,s3_3_4,s2_2001_2003,s2_760_2075,s4_37_47,Passenger Car,s3_28_48,Deployed,s2_97_208,s2_1_2,Female,s3_80_96,s3_141_159,s2_164_318,s3_80_160,s2_2_4
10212,s2_885_1695,s2_n103_99,s4_n40_7,s1_below_4282,s3_3_4,s2_2001_2003,s2_760_2075,s4_37_47,Passenger Car,s6_76_up,Deployed,s2_97_208,s2_1_2,Female,s2_37_80,s3_141_159,s2_164_318,s3_80_160,s2_2_4
10213,s3_1695_2555,s2_n103_99,s4_n40_7,s1_below_4282,s1_below_2,s2_2001_2003,s2_760_2075,s3_17_37,Truck (<=10000 lbs.),s2_11_28,Not Deployed,s2_97_208,s1_below_1,Male,s2_37_80,s3_141_159,s2_164_318,s2_40_80,s2_2_4
10214,s2_885_1695,s2_n103_99,s4_n40_7,s1_below_4282,s3_3_4,s3_2003_2005,s2_760_2075,s3_17_37,Truck (<=6000 lbs.),s3_28_48,Deployed,s2_97_208,s1_below_1,Female,s4_96_114,s3_141_159,s2_164_318,s3_80_160,s2_2_4
10215,s2_885_1695,s2_n103_99,s4_n40_7,s1_below_4282,s1_below_2,s2_2001_2003,s2_760_2075,s3_17_37,Passenger Car,s4_48_64,Not Deployed,s2_97_208,s1_below_1,Male,s2_37_80,s3_141_159,s2_164_318,s3_80_160,s2_2_4
10216,s3_1695_2555,s2_n103_99,s4_n40_7,s1_below_4282,s2_2_3,s2_2001_2003,s2_760_2075,s3_17_37,Truck (<=6000 lbs.),s2_11_28,Not Deployed,s2_97_208,s1_below_1,Male,s5_114_130,s4_159_169,s2_164_318,s3_80_160,s2_2_4
10217,s2_885_1695,s2_n103_99,s3_n81_n40,s1_below_4282,s2_2_3,s2_2001_2003,s2_760_2075,s3_17_37,Truck (<=6000 lbs.),s3_28_48,Deployed,s2_97_208,s1_below_1,Female,s2_37_80,s3_141_159,s2_164_318,s3_80_160,s2_2_4
10218,s2_885_1695,s2_n103_99,s5_7_up,s1_below_4282,s4_4_5,s3_2003_2005,s2_760_2075,s3_17_37,Passenger Car,s4_48_64,Deployed,s2_97_208,s1_below_1,Male,s3_80_96,s3_141_159,s2_164_318,s6_260_up,s2_2_4
10219,s2_885_1695,s2_n103_99,s4_n40_7,s1_below_4282,s1_below_2,s1_below_2001,s3_2075_3730,s3_17_37,Passenger Car,s2_11_28,Deployed,s2_97_208,s4_3_4,Male,s2_37_80,s3_141_159,s2_164_318,s4_160_220,s2_2_4
10220,s3_1695_2555,s2_n103_99,s4_n40_7,s1_below_4282,s1_below_2,s1_below_2001,s2_760_2075,s3_17_37,Truck (<=10000 lbs.),s3_28_48,Deployed,s2_97_208,s1_below_1,Male,s3_80_96,s3_141_159,s2_164_318,s3_80_160,s2_2_4
10221,s2_885_1695,s2_n103_99,s4_n40_7,s1_below_4282,s1_below_2,s4_2005_2007,s2_760_2075,s3_17_37,Passenger Car,s3_28_48,Deployed,s2_97_208,s1_below_1,Male,s2_37_80,s3_141_159,s2_164_318,s4_160_220,s2_2_4
10222,s2_885_1695,s2_n103_99,s4_n40_7,s1_below_4282,s1_below_2,s3_2003_2005,s2_760_2075,s5_47_57,Passenger Car,s4_48_64,Not Deployed,s2_97_208,s1_below_1,Female,s2_37_80,s3_141_159,s2_164_318,s3_80_160,s2_2_4
10223,s2_885_1695,s2_n103_99,s5_7_up,s1_below_4282,s2_2_3,s1_below_2001,s3_2075_3730,s5_47_57,Passenger Car,s4_48_64,Not Deployed,s2_97_208,s1_below_1,Male,s2_37_80,s3_141_159,s2_164_318,s3_80_160,s2_2_4
10224,s2_885_1695,s2_n103_99,s5_7_up,s1_below_4282,s1_below_2,s1_below_2001,s3_2075_3730,s5_47_57,Passenger Car,s4_48_64,Not Deployed,s2_97_208,s1_below_1,Male,s4_96_114,s3_141_159,s2_164_318,s6_260_up,s2_2_4
10225,s2_885_1695,s2_n103_99,s4_n40_7,s1_below_4282,s1_below_2,s4_2005_2007,s2_760_2075,s3_17_37,Passenger Car,s3_28_48,Not Deployed,s2_97_208,s1_below_1,Female,s2_37_80,s3_141_159,s2_164_318,s3_80_160,s2_2_4
10226,s2_885_1695,s2_n103_99,s4_n40_7,s1_below_4282,s1_below_2,s3_2003_2005,s2_760_2075,s3_17_37,Passenger Car,s5_64_76,Not Deployed,s2_97_208,s1_below_1,Female,s2_37_80,s3_141_159,s2_164_318,s4_160_220,s2_2_4
10227,s3_1695_2555,s2_n103_99,s4_n40_7,s1_below_4282,s1_below_2,s2_2001_2003,s2_760_2075,s5_47_57,Truck (<=6000 lbs.),s4_48_64,Deployed,s2_97_208,s1_below_1,Male,s3_80_96,s4_159_169,s2_164_318,s3_80_160,s3_4_5
10228,s2_885_1695,s2_n103_99,s4_n40_7,s1_below_4282,s1_below_2,s2_2001_2003,s2_760_2075,s3_17_37,Passenger Car,s5_64_76,Deployed,s2_97_208,s1_below_1,Female,s2_37_80,s3_141_159,s2_164_318,s3_80_160,s2_2_4
10229,s2_885_1695,s2_n103_99,s4_n40_7,s1_below_4282,s3_3_4,s3_2003_2005,s2_760_2075,s3_17_37,Passenger Car,s2_11_28,Not Deployed,s2_97_208,s1_below_1,Female,s2_37_80,s3_141_159,s2_164_318,s4_160_220,s2_2_4
10230,s2_885_1695,s2_n103_99,s4_n40_7,s1_below_4282,s1_below_2,s2_2001_2003,s2_760_2075,s5_47_57,Passenger Car,s3_28_48,Deployed,s2_97_208,s1_below_1,Female,s2_37_80,s3_141_159,s2_164_318,s3_80_160,s2_2_4
10231,s3_1695_2555,s2_n103_99,s4_n40_7,s1_below_4282,s1_below_2,s2_2001_2003,s2_760_2075,s3_17_37,Truck (<=6000 lbs.),s2_11_28,Not Deployed,s2_97_208,s1_below_1,Female,s2_37_80,s3_141_159,s2_164_318,s3_80_160,s2_2_4
10232,s3_1695_2555,s2_n103_99,s4_n40_7,s1_below_4282,s1_below_2,s4_2005_2007,s2_760_2075,s5_47_57,Truck (<=10000 lbs.),s5_64_76,Not Deployed,s2_97_208,s1_below_1,Female,s2_37_80,s3_141_159,s2_164_318,s4_160_220,s2_2_4
10233,s3_1695_2555,s2_n103_99,s4_n40_7,s1_below_4282,s3_3_4,s2_2001_2003,s2_760_2075,s5_47_57,Truck (<=6000 lbs.),s2_11_28,Not Deployed,s2_97_208,s1_below_1,Female,s2_37_80,s3_141_159,s2_164_318,s5_220_260,s2_2_4
10234,s3_1695_2555,s2_n103_99,s4_n40_7,s1_below_4282,s2_2_3,s3_2003_2005,s2_760_2075,s5_47_57,Truck (<=6000 lbs.),s4_48_64,Not Deployed,s2_97_208,s3_2_3,Female,s4_96_114,s4_159_169,s2_164_318,s2_40_80,s2_2_4
10235,s3_1695_2555,s2_n103_99,s4_n40_7,s1_below_4282,s2_2_3,s3_2003_2005,s2_760_2075,s4_37_47,Truck (<=6000 lbs.),s3_28_48,Deployed,s2_97_208,s1_below_1,Female,s3_80_96,s4_159_169,s2_164_318,s3_80_160,s2_2_4
10236,s3_1695_2555,s2_n103_99,s4_n40_7,s1_below_4282,s3_3_4,s2_2001_2003,s2_760_2075,s4_37_47,Truck (<=10000 lbs.),s3_28_48,Deployed,s2_97_208,s1_below_1,Male,s5_114_130,s5_169_179,s3_318_464,s3_80_160,s4_5_6
10237,s4_2555_3715,s2_n103_99,s4_n40_7,s1_below_4282,s2_2_3,s3_2003_2005,s2_760_2075,s5_47_57,Truck (<=10000 lbs.),s3_28_48,Not Deployed,s2_97_208,s1_below_1,Male,s3_80_96,s5_169_179,s3_318_464,s2_40_80,s4_5_6
10238,s3_1695_2555,s2_n103_99,s4_n40_7,s1_below_4282,s1_below_2,s2_2001_2003,s2_760_2075,s3_17_37,Truck (<=6000 lbs.),s3_28_48,Deployed,s2_97_208,s1_below_1,Male,s3_80_96,s3_141_159,s2_164_318,s3_80_160,s2_2_4
10239,s3_1695_2555,s2_n103_99,s4_n40_7,s1_below_4282,s1_below_2,s2_2001_2003,s2_760_2075,s3_17_37,Truck (<=10000 lbs.),s3_28_48,Deployed,s2_97_208,s1_below_1,Female,s2_37_80,s4_159_169,s3_318_464,s2_40_80,s4_5_6
10240,s2_885_1695,s2_n103_99,s4_n40_7,s1_below_4282,s2_2_3,s2_2001_2003,s2_760_2075,s3_17_37,Passenger Car,s5_64_76,Not Deployed,s2_97_208,s1_below_1,Female,s2_37_80,s3_141_159,s2_164_318,s2_40_80,s2_2_4
10241,s2_885_1695,s2_n103_99,s4_n40_7,s1_below_4282,s3_3_4,s1_below_2001,s2_760_2075,s3_17_37,Passenger Car,s2_11_28,Deployed,s2_97_208,s1_below_1,Female,s4_96_114,s3_141_159,s2_164_318,s3_80_160,s2_2_4
10242,s2_885_1695,s2_n103_99,s4_n40_7,s1_below_4282,s3_3_4,s2_2001_2003,s2_760_2075,s4_37_47,Passenger Car,s3_28_48,Deployed,s2_97_208,s1_below_1,Male,s2_37_80,s3_141_159,s2_164_318,s3_80_160,s2_2_4
10243,s2_885_1695,s2_n103_99,s4_n40_7,s1_below_4282,s2_2_3,s2_2001_2003,s2_760_2075,s3_17_37,Passenger Car,s3_28_48,Not Deployed,s2_97_208,s2_1_2,Male,s4_96_114,s3_141_159,s2_164_318,s2_40_80,s2_2_4
10244,s2_885_1695,s2_n103_99,s4_n40_7,s1_below_4282,s3_3_4,s1_below_2001,s2_760_2075,s3_17_37,Passenger Car,s3_28_48,Deployed,s2_97_208,s1_below_1,Female,s5_114_130,s3_141_159,s2_164_318,s3_80_160,s2_2_4
10245,s3_1695_2555,s2_n103_99,s4_n40_7,s1_below_4282,s1_below_2,s3_2003_2005,s2_760_2075,s5_47_57,Truck (<=10000 lbs.),s3_28_48,Deployed,s2_97_208,s1_below_1,Male,s3_80_96,s4_159_169,s3_318_464,s3_80_160,s4_5_6
10246,s3_1695_2555,s2_n103_99,s5_7_up,s1_below_4282,s1_below_2,s1_below_2001,s3_2075_3730,s5_47_57,Truck (<=6000 lbs.),s3_28_48,Not Deployed,s2_97_208,s1_below_1,Female,s2_37_80,s4_159_169,s2_164_318,s6_260_up,s3_4_5
10247,s2_885_1695,s2_n103_99,s3_n81_n40,s1_below_4282,s3_3_4,s3_2003_2005,s2_760_2075,s3_17_37,Passenger Car,s2_11_28,Deployed,s2_97_208,s1_below_1,Female,s2_37_80,s3_141_159,s2_164_318,s3_80_160,s2_2_4
10248,s2_885_1695,s2_n103_99,s4_n40_7,s1_below_4282,s3_3_4,s2_2001_2003,s2_760_2075,s5_47_57,Passenger Car,s2_11_28,Not Deployed,s2_97_208,s1_below_1,Male,s3_80_96,s3_141_159,s2_164_318,s3_80_160,s2_2_4
10249,s2_885_1695,s2_n103_99,s3_n81_n40,s1_below_4282,s4_4_5,s2_2001_2003,s2_760_2075,s4_37_47,Passenger Car,s3_28_48,Deployed,s2_97_208,s1_below_1,Male,s3_80_96,s3_141_159,s2_164_318,s3_80_160,s2_2_4
10250,s2_885_1695,s2_n103_99,s4_n40_7,s1_below_4282,s3_3_4,s1_below_2001,s2_760_2075,s3_17_37,Passenger Car,s2_11_28,Not Deployed,s2_97_208,s1_below_1,Male,s2_37_80,s3_141_159,s2_164_318,s2_40_80,s2_2_4
10251,s3_1695_2555,s2_n103_99,s4_n40_7,s1_below_4282,s2_2_3,s2_2001_2003,s2_760_2075,s3_17_37,Passenger Car,s4_48_64,Not Deployed,s2_97_208,s1_below_1,Female,s2_37_80,s4_159_169,s2_164_318,s3_80_160,s3_4_5
10252,s3_1695_2555,s2_n103_99,s4_n40_7,s1_below_4282,s3_3_4,s2_2001_2003,s2_760_2075,s3_17_37,Passenger Car,s3_28_48,Not Deployed,s2_97_208,s3_2_3,Male,s3_80_96,s4_159_169,s2_164_318,s2_40_80,s2_2_4
10253,s2_885_1695,s2_n103_99,s4_n40_7,s1_below_4282,s2_2_3,s2_2001_2003,s2_760_2075,s3_17_37,Passenger Car,s2_11_28,Not Deployed,s2_97_208,s1_below_1,Female,s3_80_96,s3_141_159,s2_164_318,s3_80_160,s2_2_4
10254,s4_2555_3715,s2_n103_99,s4_n40_7,s1_below_4282,s3_3_4,s2_2001_2003,s2_760_2075,s5_47_57,Truck (<=10000 lbs.),s3_28_48,Deployed,s2_97_208,s1_below_1,Male,s3_80_96,s5_169_179,s3_318_464,s3_80_160,s6_7_up
10255,s2_885_1695,s2_n103_99,s3_n81_n40,s1_below_4282,s1_below_2,s4_2005_2007,s2_760_2075,s5_47_57,Truck (<=6000 lbs.),s3_28_48,Deployed,s2_97_208,s6_5_up,Male,s3_80_96,s3_141_159,s2_164_318,s3_80_160,s2_2_4
10256,s2_885_1695,s2_n103_99,s4_n40_7,s1_below_4282,s3_3_4,s1_below_2001,s3_2075_3730,s4_37_47,Passenger Car,s4_48_64,Not Deployed,s2_97_208,s1_below_1,Female,s2_37_80,s3_141_159,s2_164_318,s4_160_220,s2_2_4
10257,s2_885_1695,s2_n103_99,s4_n40_7,s1_below_4282,s3_3_4,s2_2001_2003,s2_760_2075,s5_47_57,Passenger Car,s2_11_28,Not Deployed,s2_97_208,s1_below_1,Female,s2_37_80,s3_141_159,s2_164_318,s3_80_160,s2_2_4
10258,s2_885_1695,s2_n103_99,s4_n40_7,s1_below_4282,s1_below_2,s1_below_2001,s2_760_2075,s5_47_57,Passenger Car,s2_11_28,Not Deployed,s2_97_208,s1_below_1,Female,s2_37_80,s3_141_159,s2_164_318,s2_40_80,s2_2_4
10259,s2_885_1695,s2_n103_99,s4_n40_7,s1_below_4282,s2_2_3,s2_2001_2003,s2_760_2075,s5_47_57,Passenger Car,s3_28_48,Deployed,s2_97_208,s1_below_1,Male,s4_96_114,s3_141_159,s2_164_318,s3_80_160,s2_2_4
10260,s2_885_1695,s2_n103_99,s4_n40_7,s1_below_4282,s1_below_2,s1_below_2001,s2_760_2075,s3_17_37,Passenger Car,s2_11_28,Not Deployed,s2_97_208,s3_2_3,Female,s2_37_80,s3_141_159,s2_164_318,s2_40_80,s2_2_4
10261,s4_2555_3715,s2_n103_99,s4_n40_7,s1_below_4282,s3_3_4,s2_2001_2003,s2_760_2075,s3_17_37,Truck (<=10000 lbs.),s4_48_64,Deployed,s2_97_208,s1_below_1,Male,s4_96_114,s5_169_179,s3_318_464,s3_80_160,s4_5_6
10262,s2_885_1695,s2_n103_99,s4_n40_7,s1_below_4282,s4_4_5,s2_2001_2003,s2_760_2075,s3_17_37,Truck (<=6000 lbs.),s3_28_48,Not Deployed,s2_97_208,s1_below_1,Female,s3_80_96,s3_141_159,s2_164_318,s4_160_220,s2_2_4
10263,s2_885_1695,s2_n103_99,s4_n40_7,s1_below_4282,s1_below_2,s1_below_2001,s2_760_2075,s2_7_17,Passenger Car,s5_64_76,Deployed,s2_97_208,s5_4_5,Male,s3_80_96,s3_141_159,s2_164_318,s4_160_220,s2_2_4
10264,s2_885_1695,s2_n103_99,s4_n40_7,s1_below_4282,s1_below_2,s2_2001_2003,s2_760_2075,s3_17_37,Passenger Car,s4_48_64,Deployed,s2_97_208,s1_below_1,Male,s2_37_80,s3_141_159,s2_164_318,s4_160_220,s2_2_4
10265,s3_1695_2555,s2_n103_99,s4_n40_7,s1_below_4282,s1_below_2,s1_below_2001,s3_2075_3730,s3_17_37,Truck (<=6000 lbs.),s3_28_48,Deployed,s2_97_208,s1_below_1,Male,s2_37_80,s3_141_159,s2_164_318,s3_80_160,s2_2_4
10266,s3_1695_2555,s2_n103_99,s4_n40_7,s1_below_4282,s3_3_4,s3_2003_2005,s2_760_2075,s3_17_37,Truck (<=10000 lbs.),s4_48_64,Deployed,s2_97_208,s2_1_2,Male,s4_96_114,s4_159_169,s2_164_318,s3_80_160,s3_4_5
10267,s2_885_1695,s2_n103_99,s4_n40_7,s1_below_4282,s2_2_3,s4_2005_2007,s2_760_2075,s3_17_37,Passenger Car,s3_28_48,Deployed,s2_97_208,s3_2_3,Female,s2_37_80,s3_141_159,s2_164_318,s3_80_160,s2_2_4
10268,s2_885_1695,s2_n103_99,s4_n40_7,s1_below_4282,s2_2_3,s3_2003_2005,s2_760_2075,s3_17_37,Passenger Car,s2_11_28,Deployed,s2_97_208,s1_below_1,Male,s2_37_80,s3_141_159,s2_164_318,s3_80_160,s2_2_4
10269,s2_885_1695,s2_n103_99,s5_7_up,s1_below_4282,s1_below_2,s1_below_2001,s2_760_2075,s3_17_37,Passenger Car,s3_28_48,Not Deployed,s2_97_208,s2_1_2,Female,s2_37_80,s3_141_159,s2_164_318,s6_260_up,s2_2_4
10270,s3_1695_2555,s2_n103_99,s4_n40_7,s1_below_4282,s1_below_2,s2_2001_2003,s2_760_2075,s3_17_37,Passenger Car,s3_28_48,Deployed,s2_97_208,s1_below_1,Male,s4_96_114,s4_159_169,s2_164_318,s3_80_160,s2_2_4
10271,s3_1695_2555,s2_n103_99,s4_n40_7,s1_below_4282,s3_3_4,s4_2005_2007,s2_760_2075,s4_37_47,Truck (<=6000 lbs.),s3_28_48,Not Deployed,s2_97_208,s1_below_1,Female,s2_37_80,s3_141_159,s2_164_318,s3_80_160,s2_2_4
10272,s3_1695_2555,s2_n103_99,s4_n40_7,s1_below_4282,s5_5_6,s3_2003_2005,s3_2075_3730,s5_47_57,Truck (<=10000 lbs.),s5_64_76,Deployed,s2_97_208,s1_below_1,Female,s3_80_96,s4_159_169,s3_318_464,s3_80_160,s4_5_6
10273,s3_1695_2555,s2_n103_99,s4_n40_7,s1_below_4282,s2_2_3,s3_2003_2005,s3_2075_3730,s5_47_57,Truck (<=10000 lbs.),s3_28_48,Not Deployed,s2_97_208,s1_below_1,Male,s4_96_114,s5_169_179,s3_318_464,s2_40_80,s4_5_6
10274,s2_885_1695,s2_n103_99,s4_n40_7,s1_below_4282,s3_3_4,s2_2001_2003,s2_760_2075,s5_47_57,Passenger Car,s2_11_28,Deployed,s2_97_208,s1_below_1,Female,s2_37_80,s3_141_159,s2_164_318,s3_80_160,s2_2_4
10275,s2_885_1695,s2_n103_99,s4_n40_7,s1_below_4282,s1_below_2,s3_2003_2005,s2_760_2075,s3_17_37,Passenger Car,s2_11_28,Not Deployed,s2_97_208,s1_below_1,Female,s4_96_114,s3_141_159,s2_164_318,s1_below_40,s2_2_4
10276,s2_885_1695,s2_n103_99,s4_n40_7,s1_below_4282,s1_below_2,s1_below_2001,s2_760_2075,s3_17_37,Passenger Car,s4_48_64,Not Deployed,s2_97_208,s1_below_1,Male,s4_96_114,s3_141_159,s2_164_318,s2_40_80,s2_2_4
10277,s2_885_1695,s2_n103_99,s4_n40_7,s1_below_4282,s1_below_2,s2_2001_2003,s2_760_2075,s5_47_57,Truck (<=6000 lbs.),s4_48_64,Deployed,s2_97_208,s1_below_1,Male,s3_80_96,s3_141_159,s2_164_318,s3_80_160,s2_2_4
10278,s3_1695_2555,s2_n103_99,s5_7_up,s1_below_4282,s1_below_2,s2_2001_2003,s2_760_2075,s5_47_57,Truck (<=6000 lbs.),s3_28_48,Not Deployed,s2_97_208,s1_below_1,Male,s5_114_130,s3_141_159,s2_164_318,s6_260_up,s2_2_4
10279,s2_885_1695,s2_n103_99,s4_n40_7,s1_below_4282,s2_2_3,s2_2001_2003,s3_2075_3730,s3_17_37,Passenger Car,s2_11_28,Not Deployed,s2_97_208,s1_below_1,Male,s3_80_96,s3_141_159,s2_164_318,s3_80_160,s2_2_4
10280,s3_1695_2555,s2_n103_99,s4_n40_7,s1_below_4282,s3_3_4,s4_2005_2007,s3_2075_3730,s5_47_57,Truck (<=10000 lbs.),s3_28_48,Not Deployed,s2_97_208,s1_below_1,Male,s4_96_114,s3_141_159,s2_164_318,s4_160_220,s2_2_4
10281,s3_1695_2555,s2_n103_99,s4_n40_7,s1_below_4282,s3_3_4,s2_2001_2003,s3_2075_3730,s5_47_57,Truck (<=10000 lbs.),s4_48_64,Deployed,s2_97_208,s1_below_1,Male,s2_37_80,s5_169_179,s3_318_464,s3_80_160,s4_5_6
10282,s2_885_1695,s2_n103_99,s4_n40_7,s1_below_4282,s2_2_3,s1_below_2001,s2_760_2075,s3_17_37,Passenger Car,s2_11_28,Not Deployed,s2_97_208,s2_1_2,Male,s3_80_96,s3_141_159,s2_164_318,s3_80_160,s2_2_4
10283,s2_885_1695,s2_n103_99,s4_n40_7,s1_below_4282,s2_2_3,s3_2003_2005,s2_760_2075,s3_17_37,Passenger Car,s3_28_48,Not Deployed,s2_97_208,s1_below_1,Female,s2_37_80,s3_141_159,s2_164_318,s3_80_160,s2_2_4
10284,s3_1695_2555,s2_n103_99,s5_7_up,s1_below_4282,s3_3_4,s2_2001_2003,s2_760_2075,s6_57_up,Truck (<=6000 lbs.),s2_11_28,Not Deployed,s2_97_208,s1_below_1,Male,s2_37_80,s3_141_159,s2_164_318,s6_260_up,s2_2_4
10285,s2_885_1695,s2_n103_99,s4_n40_7,s1_below_4282,s3_3_4,s3_2003_2005,s2_760_2075,s4_37_47,Truck (<=6000 lbs.),s2_11_28,Deployed,s2_97_208,s1_below_1,Male,s3_80_96,s3_141_159,s2_164_318,s3_80_160,s2_2_4
10286,s2_885_1695,s2_n103_99,s4_n40_7,s1_below_4282,s1_below_2,s4_2005_2007,s3_2075_3730,s3_17_37,Passenger Car,s2_11_28,Not Deployed,s2_97_208,s1_below_1,Male,s2_37_80,s3_141_159,s2_164_318,s4_160_220,s2_2_4
10287,s4_2555_3715,s2_n103_99,s4_n40_7,s1_below_4282,s2_2_3,s3_2003_2005,s2_760_2075,s3_17_37,Truck (<=10000 lbs.),s3_28_48,Not Deployed,s2_97_208,s1_below_1,Male,s5_114_130,s5_169_179,s3_318_464,s3_80_160,s5_6_7
10288,s3_1695_2555,s2_n103_99,s4_n40_7,s1_below_4282,s1_below_2,s3_2003_2005,s2_760_2075,s3_17_37,Truck (<=6000 lbs.),s3_28_48,Not Deployed,s2_97_208,s1_below_1,Male,s4_96_114,s3_141_159,s2_164_318,s5_220_260,s2_2_4
10289,s2_885_1695,s2_n103_99,s4_n40_7,s1_below_4282,s1_below_2,s2_2001_2003,s2_760_2075,s3_17_37,Passenger Car,s2_11_28,Deployed,s2_97_208,s1_below_1,Female,s2_37_80,s3_141_159,s2_164_318,s3_80_160,s2_2_4
10290,s2_885_1695,s2_n103_99,s4_n40_7,s1_below_4282,s2_2_3,s3_2003_2005,s2_760_2075,s5_47_57,Passenger Car,s2_11_28,Deployed,s2_97_208,s1_below_1,Male,s2_37_80,s3_141_159,s2_164_318,s3_80_160,s2_2_4
10291,s2_885_1695,s2_n103_99,s4_n40_7,s1_below_4282,s5_5_6,s4_2005_2007,s3_2075_3730,s5_47_57,Passenger Car,s2_11_28,Not Deployed,s2_97_208,s1_below_1,Female,s2_37_80,s3_141_159,s2_164_318,s4_160_220,s2_2_4
10292,s3_1695_2555,s2_n103_99,s4_n40_7,s1_below_4282,s5_5_6,s3_2003_2005,s2_760_2075,s5_47_57,Truck (<=10000 lbs.),s4_48_64,Not Deployed,s2_97_208,s1_below_1,Male,s4_96_114,s5_169_179,s2_164_318,s3_80_160,s3_4_5
10293,s2_885_1695,s2_n103_99,s5_7_up,s1_below_4282,s5_5_6,s2_2001_2003,s2_760_2075,s5_47_57,Passenger Car,s3_28_48,Not Deployed,s2_97_208,s1_below_1,Female,s2_37_80,s3_141_159,s2_164_318,s6_260_up,s2_2_4
10294,s2_885_1695,s2_n103_99,s3_n81_n40,s1_below_4282,s3_3_4,s3_2003_2005,s2_760_2075,s3_17_37,Passenger Car,s2_11_28,Deployed,s2_97_208,s2_1_2,Male,s2_37_80,s3_141_159,s2_164_318,s4_160_220,s2_2_4
10295,s2_885_1695,s2_n103_99,s4_n40_7,s1_below_4282,s1_below_2,s1_below_2001,s2_760_2075,s3_17_37,Passenger Car,s3_28_48,Not Deployed,s2_97_208,s4_3_4,Male,s2_37_80,s3_141_159,s2_164_318,s2_40_80,s2_2_4
10296,s2_885_1695,s2_n103_99,s4_n40_7,s1_below_4282,s2_2_3,s2_2001_2003,s2_760_2075,s3_17_37,Passenger Car,s5_64_76,Deployed,s2_97_208,s1_below_1,Female,s2_37_80,s3_141_159,s2_164_318,s3_80_160,s2_2_4
10297,s2_885_1695,s2_n103_99,s4_n40_7,s1_below_4282,s4_4_5,s1_below_2001,s3_2075_3730,s3_17_37,Passenger Car,s2_11_28,Not Deployed,s2_97_208,s1_below_1,Male,s5_114_130,s3_141_159,s2_164_318,s2_40_80,s2_2_4
10298,s2_885_1695,s2_n103_99,s4_n40_7,s1_below_4282,s4_4_5,s4_2005_2007,s2_760_2075,s5_47_57,Passenger Car,s4_48_64,Deployed,s2_97_208,s1_below_1,Female,s3_80_96,s3_141_159,s2_164_318,s3_80_160,s2_2_4
10299,s2_885_1695,s2_n103_99,s4_n40_7,s1_below_4282,s3_3_4,s3_2003_2005,s3_2075_3730,s4_37_47,Truck (<=6000 lbs.),s3_28_48,Deployed,s2_97_208,s1_below_1,Male,s2_37_80,s3_141_159,s2_164_318,s3_80_160,s2_2_4
10300,s3_1695_2555,s2_n103_99,s4_n40_7,s1_below_4282,s3_3_4,s3_2003_2005,s2_760_2075,s5_47_57,Truck (<=10000 lbs.),s3_28_48,Not Deployed,s2_97_208,s1_below_1,Male,s2_37_80,s5_169_179,s3_318_464,s3_80_160,s4_5_6
10301,s2_885_1695,s2_n103_99,s4_n40_7,s1_below_4282,s2_2_3,s4_2005_2007,s2_760_2075,s3_17_37,Passenger Car,s3_28_48,Not Deployed,s2_97_208,s1_below_1,Male,s2_37_80,s3_141_159,s2_164_318,s3_80_160,s2_2_4
10302,s2_885_1695,s2_n103_99,s5_7_up,s1_below_4282,s2_2_3,s4_2005_2007,s2_760_2075,s3_17_37,Passenger Car,s2_11_28,Deployed,s2_97_208,s1_below_1,Male,s2_37_80,s3_141_159,s2_164_318,s6_260_up,s2_2_4
10303,s2_885_1695,s2_n103_99,s4_n40_7,s1_below_4282,s3_3_4,s1_below_2001,s2_760_2075,s5_47_57,Passenger Car,s3_28_48,Deployed,s2_97_208,s1_below_1,Female,s2_37_80,s3_141_159,s2_164_318,s3_80_160,s2_2_4
10304,s4_2555_3715,s2_n103_99,s4_n40_7,s1_below_4282,s2_2_3,s2_2001_2003,s3_2075_3730,s5_47_57,Truck (<=10000 lbs.),s2_11_28,Not Deployed,s2_97_208,s1_below_1,Female,s2_37_80,s5_169_179,s2_164_318,s4_160_220,s3_4_5
10305,s3_1695_2555,s2_n103_99,s4_n40_7,s1_below_4282,s3_3_4,s2_2001_2003,s3_2075_3730,s5_47_57,Truck (<=6000 lbs.),s3_28_48,Not Deployed,s2_97_208,s1_below_1,Male,s3_80_96,s3_141_159,s2_164_318,s3_80_160,s2_2_4
10306,s2_885_1695,s2_n103_99,s4_n40_7,s1_below_4282,s1_below_2,s1_below_2001,s2_760_2075,s4_37_47,Passenger Car,s2_11_28,Deployed,s2_97_208,s1_below_1,Female,s3_80_96,s3_141_159,s2_164_318,s3_80_160,s2_2_4
10307,s3_1695_2555,s2_n103_99,s4_n40_7,s1_below_4282,s1_below_2,s1_below_2001,s2_760_2075,s4_37_47,Truck (<=6000 lbs.),s3_28_48,Deployed,s2_97_208,s1_below_1,Female,s2_37_80,s4_159_169,s2_164_318,s2_40_80,s3_4_5
10308,s2_885_1695,s2_n103_99,s5_7_up,s1_below_4282,s3_3_4,s3_2003_2005,s3_2075_3730,s5_47_57,Passenger Car,s4_48_64,Not Deployed,s2_97_208,s1_below_1,Male,s2_37_80,s3_141_159,s2_164_318,s6_260_up,s2_2_4
10309,s2_885_1695,s2_n103_99,s3_n81_n40,s1_below_4282,s1_below_2,s3_2003_2005,s2_760_2075,s4_37_47,Passenger Car,s2_11_28,Deployed,s2_97_208,s4_3_4,Female,s2_37_80,s3_141_159,s2_164_318,s2_40_80,s2_2_4
10310,s2_885_1695,s2_n103_99,s4_n40_7,s1_below_4282,s1_below_2,s1_below_2001,s2_760_2075,s4_37_47,Passenger Car,s2_11_28,Deployed,s2_97_208,s1_below_1,Female,s2_37_80,s3_141_159,s2_164_318,s3_80_160,s2_2_4
10311,s2_885_1695,s2_n103_99,s4_n40_7,s1_below_4282,s3_3_4,s4_2005_2007,s2_760_2075,s5_47_57,Passenger Car,s2_11_28,Deployed,s2_97_208,s1_below_1,Male,s3_80_96,s3_141_159,s2_164_318,s4_160_220,s2_2_4
10312,s2_885_1695,s2_n103_99,s3_n81_n40,s1_below_4282,s1_below_2,s4_2005_2007,s2_760_2075,s3_17_37,Passenger Car,s2_11_28,Deployed,s2_97_208,s2_1_2,Male,s2_37_80,s3_141_159,s2_164_318,s3_80_160,s2_2_4
10313,s2_885_1695,s2_n103_99,s5_7_up,s1_below_4282,s1_below_2,s4_2005_2007,s2_760_2075,s3_17_37,Passenger Car,s2_11_28,Not Deployed,s2_97_208,s1_below_1,Male,s2_37_80,s3_141_159,s2_164_318,s6_260_up,s2_2_4
10314,s2_885_1695,s2_n103_99,s4_n40_7,s1_below_4282,s2_2_3,s3_2003_2005,s3_2075_3730,s3_17_37,Passenger Car,s2_11_28,Not Deployed,s2_97_208,s1_below_1,Female,s2_37_80,s3_141_159,s2_164_318,s3_80_160,s2_2_4
10315,s2_885_1695,s2_n103_99,s4_n40_7,s1_below_4282,s5_5_6,s2_2001_2003,s3_2075_3730,s5_47_57,Passenger Car,s2_11_28,Not Deployed,s2_97_208,s1_below_1,Male,s2_37_80,s3_141_159,s2_164_318,s3_80_160,s2_2_4
10316,s2_885_1695,s2_n103_99,s4_n40_7,s1_below_4282,s2_2_3,s2_2001_2003,s2_760_2075,s3_17_37,Passenger Car,s3_28_48,Not Deployed,s2_97_208,s1_below_1,Female,s4_96_114,s3_141_159,s2_164_318,s4_160_220,s2_2_4
10317,s2_885_1695,s2_n103_99,s4_n40_7,s1_below_4282,s4_4_5,s3_2003_2005,s2_760_2075,s5_47_57,Passenger Car,s3_28_48,Not Deployed,s2_97_208,s1_below_1,Male,s3_80_96,s3_141_159,s2_164_318,s3_80_160,s2_2_4
10318,s3_1695_2555,s2_n103_99,s3_n81_n40,s1_below_4282,s1_below_2,s2_2001_2003,s2_760_2075,s4_37_47,Truck (<=10000 lbs.),s3_28_48,Deployed,s2_97_208,s2_1_2,Male,s3_80_96,s4_159_169,s2_164_318,s3_80_160,s3_4_5
10319,s2_885_1695,s2_n103_99,s4_n40_7,s1_below_4282,s3_3_4,s3_2003_2005,s2_760_2075,s4_37_47,Passenger Car,s4_48_64,Deployed,s2_97_208,s3_2_3,Male,s5_114_130,s3_141_159,s2_164_318,s4_160_220,s2_2_4
10320,s2_885_1695,s2_n103_99,s4_n40_7,s1_below_4282,s2_2_3,s2_2001_2003,s2_760_2075,s3_17_37,Passenger Car,s3_28_48,Not Deployed,s2_97_208,s1_below_1,Female,s2_37_80,s3_141_159,s2_164_318,s3_80_160,s2_2_4
10321,s2_885_1695,s2_n103_99,s4_n40_7,s1_below_4282,s2_2_3,s4_2005_2007,s2_760_2075,s3_17_37,Passenger Car,s2_11_28,Not Deployed,s2_97_208,s1_below_1,Female,s5_114_130,s4_159_169,s2_164_318,s3_80_160,s3_4_5
10322,s2_885_1695,s2_n103_99,s4_n40_7,s1_below_4282,s1_below_2,s3_2003_2005,s2_760_2075,s3_17_37,Passenger Car,s2_11_28,Deployed,s2_97_208,s2_1_2,Male,s2_37_80,s3_141_159,s2_164_318,s3_80_160,s2_2_4
10323,s2_885_1695,s2_n103_99,s4_n40_7,s1_below_4282,s1_below_2,s2_2001_2003,s2_760_2075,s3_17_37,Passenger Car,s3_28_48,Deployed,s2_97_208,s1_below_1,Female,s2_37_80,s3_141_159,s2_164_318,s3_80_160,s2_2_4
10324,s2_885_1695,s2_n103_99,s3_n81_n40,s1_below_4282,s3_3_4,s2_2001_2003,s2_760_2075,s5_47_57,Truck (<=6000 lbs.),s2_11_28,Deployed,s2_97_208,s1_below_1,Male,s3_80_96,s3_141_159,s2_164_318,s3_80_160,s2_2_4
10325,s2_885_1695,s2_n103_99,s4_n40_7,s1_below_4282,s1_below_2,s3_2003_2005,s3_2075_3730,s5_47_57,Passenger Car,s3_28_48,Deployed,s2_97_208,s3_2_3,Male,s4_96_114,s3_141_159,s2_164_318,s3_80_160,s2_2_4
10326,s3_1695_2555,s2_n103_99,s4_n40_7,s1_below_4282,s1_below_2,s3_2003_2005,s2_760_2075,s3_17_37,Truck (<=10000 lbs.),s3_28_48,Not Deployed,s2_97_208,s1_below_1,Male,s5_114_130,s5_169_179,s3_318_464,s2_40_80,s5_6_7
10327,s3_1695_2555,s2_n103_99,s4_n40_7,s1_below_4282,s1_below_2,s1_below_2001,s2_760_2075,s3_17_37,Passenger Car,s3_28_48,Not Deployed,s2_97_208,s1_below_1,Female,s2_37_80,s3_141_159,s2_164_318,s3_80_160,s2_2_4
10328,s3_1695_2555,s2_n103_99,s4_n40_7,s1_below_4282,s1_below_2,s1_below_2001,s2_760_2075,s3_17_37,Truck (<=10000 lbs.),s3_28_48,Deployed,s2_97_208,s1_below_1,Male,s6_130_up,s4_159_169,s3_318_464,s3_80_160,s4_5_6
10329,s2_885_1695,s2_n103_99,s4_n40_7,s1_below_4282,s3_3_4,s1_below_2001,s4_3730_up,s5_47_57,Passenger Car,s2_11_28,Not Deployed,s2_97_208,s1_below_1,Male,s3_80_96,s3_141_159,s2_164_318,s4_160_220,s2_2_4
10330,s2_885_1695,s2_n103_99,s4_n40_7,s1_below_4282,s2_2_3,s1_below_2001,s2_760_2075,s5_47_57,Passenger Car,s3_28_48,Deployed,s2_97_208,s1_below_1,Female,s2_37_80,s3_141_159,s2_164_318,s4_160_220,s2_2_4
10331,s3_1695_2555,s2_n103_99,s4_n40_7,s1_below_4282,s3_3_4,s3_2003_2005,s2_760_2075,s4_37_47,Passenger Car,s3_28_48,Not Deployed,s2_97_208,s1_below_1,Male,s4_96_114,s3_141_159,s2_164_318,s3_80_160,s2_2_4
10332,s3_1695_2555,s2_n103_99,s4_n40_7,s1_below_4282,s1_below_2,s3_2003_2005,s2_760_2075,s5_47_57,Truck (<=6000 lbs.),s2_11_28,Deployed,s2_97_208,s1_below_1,Female,s2_37_80,s5_169_179,s2_164_318,s3_80_160,s2_2_4
10333,s2_885_1695,s2_n103_99,s4_n40_7,s1_below_4282,s1_below_2,s1_below_2001,s2_760_2075,s5_47_57,Passenger Car,s2_11_28,Not Deployed,s2_97_208,s1_below_1,Male,s2_37_80,s3_141_159,s2_164_318,s3_80_160,s2_2_4
10334,s2_885_1695,s2_n103_99,s4_n40_7,s1_below_4282,s1_below_2,s1_below_2001,s2_760_2075,s5_47_57,Truck (<=6000 lbs.),s4_48_64,Not Deployed,s2_97_208,s1_below_1,Female,s2_37_80,s4_159_169,s2_164_318,s2_40_80,s3_4_5
10335,s3_1695_2555,s2_n103_99,s4_n40_7,s1_below_4282,s1_below_2,s3_2003_2005,s2_760_2075,s5_47_57,Truck (<=6000 lbs.),s3_28_48,Deployed,s2_97_208,s2_1_2,Female,s2_37_80,s3_141_159,s2_164_318,s3_80_160,s2_2_4
10336,s2_885_1695,s2_n103_99,s5_7_up,s1_below_4282,s1_below_2,s3_2003_2005,s2_760_2075,s6_57_up,Passenger Car,s2_11_28,Not Deployed,s2_97_208,s1_below_1,Male,s3_80_96,s3_141_159,s2_164_318,s6_260_up,s2_2_4
10337,s2_885_1695,s2_n103_99,s4_n40_7,s1_below_4282,s3_3_4,s2_2001_2003,s2_760_2075,s4_37_47,Passenger Car,s4_48_64,Deployed,s2_97_208,s1_below_1,Male,s6_130_up,s3_141_159,s2_164_318,s3_80_160,s2_2_4
10338,s2_885_1695,s2_n103_99,s4_n40_7,s1_below_4282,s3_3_4,s2_2001_2003,s2_760_2075,s4_37_47,Passenger Car,s5_64_76,Not Deployed,s2_97_208,s1_below_1,Male,s4_96_114,s3_141_159,s2_164_318,s3_80_160,s2_2_4
10339,s2_885_1695,s2_n103_99,s4_n40_7,s1_below_4282,s3_3_4,s2_2001_2003,s2_760_2075,s3_17_37,Passenger Car,s3_28_48,Deployed,s2_97_208,s1_below_1,Male,s3_80_96,s3_141_159,s2_164_318,s4_160_220,s2_2_4
10340,s2_885_1695,s2_n103_99,s4_n40_7,s1_below_4282,s1_below_2,s2_2001_2003,s2_760_2075,s5_47_57,Passenger Car,s4_48_64,Not Deployed,s2_97_208,s1_below_1,Female,s2_37_80,s3_141_159,s2_164_318,s3_80_160,s2_2_4
10341,s2_885_1695,s2_n103_99,s5_7_up,s1_below_4282,s3_3_4,s3_2003_2005,s2_760_2075,s6_57_up,Passenger Car,s3_28_48,Not Deployed,s2_97_208,s1_below_1,Female,s2_37_80,s3_141_159,s2_164_318,s6_260_up,s2_2_4
10342,s2_885_1695,s2_n103_99,s5_7_up,s1_below_4282,s4_4_5,s2_2001_2003,s3_2075_3730,s4_37_47,Passenger Car,s2_11_28,Not Deployed,s2_97_208,s1_below_1,Female,s2_37_80,s3_141_159,s2_164_318,s6_260_up,s2_2_4
10343,s2_885_1695,s2_n103_99,s4_n40_7,s1_below_4282,s2_2_3,s2_2001_2003,s2_760_2075,s5_47_57,Passenger Car,s2_11_28,Deployed,s2_97_208,s1_below_1,Male,s3_80_96,s3_141_159,s2_164_318,s3_80_160,s2_2_4
10344,s3_1695_2555,s2_n103_99,s4_n40_7,s1_below_4282,s1_below_2,s2_2001_2003,s2_760_2075,s4_37_47,Truck (<=6000 lbs.),s4_48_64,Not Deployed,s2_97_208,s1_below_1,Female,s2_37_80,s4_159_169,s2_164_318,s4_160_220,s3_4_5
10345,s2_885_1695,s2_n103_99,s4_n40_7,s1_below_4282,s2_2_3,s2_2001_2003,s2_760_2075,s6_57_up,Passenger Car,s2_11_28,Not Deployed,s2_97_208,s4_3_4,Male,s3_80_96,s3_141_159,s2_164_318,s1_below_40,s2_2_4
10346,s2_885_1695,s2_n103_99,s4_n40_7,s1_below_4282,s2_2_3,s3_2003_2005,s2_760_2075,s4_37_47,Passenger Car,s3_28_48,Not Deployed,s2_97_208,s1_below_1,Male,s2_37_80,s3_141_159,s2_164_318,s2_40_80,s2_2_4
10347,s3_1695_2555,s2_n103_99,s4_n40_7,s1_below_4282,s2_2_3,s2_2001_2003,s2_760_2075,s3_17_37,Truck (<=6000 lbs.),s2_11_28,Deployed,s2_97_208,s1_below_1,Male,s4_96_114,s4_159_169,s2_164_318,s3_80_160,s3_4_5
10348,s3_1695_2555,s2_n103_99,s4_n40_7,s1_below_4282,s2_2_3,s3_2003_2005,s2_760_2075,s3_17_37,Truck (<=6000 lbs.),s2_11_28,Not Deployed,s2_97_208,s1_below_1,Female,s2_37_80,s3_141_159,s2_164_318,s4_160_220,s2_2_4
10349,s2_885_1695,s2_n103_99,s4_n40_7,s1_below_4282,s1_below_2,s1_below_2001,s2_760_2075,s4_37_47,Passenger Car,s2_11_28,Deployed,s2_97_208,s1_below_1,Female,s2_37_80,s3_141_159,s2_164_318,s3_80_160,s2_2_4
10350,s2_885_1695,s2_n103_99,s4_n40_7,s1_below_4282,s1_below_2,s4_2005_2007,s2_760_2075,s4_37_47,Passenger Car,s3_28_48,Not Deployed,s2_97_208,s1_below_1,Female,s2_37_80,s3_141_159,s2_164_318,s4_160_220,s2_2_4
10351,s3_1695_2555,s2_n103_99,s5_7_up,s1_below_4282,s1_below_2,s1_below_2001,s3_2075_3730,s5_47_57,Truck (<=6000 lbs.),s3_28_48,Not Deployed,s2_97_208,s1_below_1,Male,s2_37_80,s5_169_179,s3_318_464,s6_260_up,s4_5_6
10352,s2_885_1695,s2_n103_99,s4_n40_7,s1_below_4282,s1_below_2,s2_2001_2003,s3_2075_3730,s5_47_57,Passenger Car,s6_76_up,Deployed,s2_97_208,s5_4_5,Male,s3_80_96,s3_141_159,s2_164_318,s3_80_160,s2_2_4
10353,s2_885_1695,s2_n103_99,s4_n40_7,s1_below_4282,s1_below_2,s3_2003_2005,s2_760_2075,s5_47_57,Passenger Car,s4_48_64,Deployed,s2_97_208,s1_below_1,Male,s4_96_114,s3_141_159,s2_164_318,s4_160_220,s2_2_4
10354,s2_885_1695,s2_n103_99,s4_n40_7,s1_below_4282,s1_below_2,s3_2003_2005,s2_760_2075,s5_47_57,Passenger Car,s2_11_28,Deployed,s2_97_208,s5_4_5,Female,s3_80_96,s3_141_159,s2_164_318,s2_40_80,s2_2_4
10355,s2_885_1695,s2_n103_99,s4_n40_7,s1_below_4282,s2_2_3,s2_2001_2003,s2_760_2075,s6_57_up,Passenger Car,s3_28_48,Not Deployed,s2_97_208,s4_3_4,Female,s2_37_80,s3_141_159,s2_164_318,s5_220_260,s2_2_4
10356,s2_885_1695,s2_n103_99,s4_n40_7,s1_below_4282,s1_below_2,s1_below_2001,s2_760_2075,s5_47_57,Passenger Car,s2_11_28,Deployed,s2_97_208,s1_below_1,Male,s2_37_80,s3_141_159,s2_164_318,s3_80_160,s2_2_4
10357,s2_885_1695,s2_n103_99,s4_n40_7,s1_below_4282,s3_3_4,s4_2005_2007,s2_760_2075,s3_17_37,Passenger Car,s2_11_28,Deployed,s2_97_208,s1_below_1,Female,s2_37_80,s3_141_159,s2_164_318,s3_80_160,s2_2_4
10358,s3_1695_2555,s2_n103_99,s4_n40_7,s1_below_4282,s2_2_3,s3_2003_2005,s2_760_2075,s3_17_37,Passenger Car,s4_48_64,Not Deployed,s2_97_208,s1_below_1,Female,s3_80_96,s3_141_159,s2_164_318,s2_40_80,s2_2_4
10359,s2_885_1695,s2_n103_99,s4_n40_7,s1_below_4282,s1_below_2,s2_2001_2003,s3_2075_3730,s4_37_47,Passenger Car,s2_11_28,Not Deployed,s2_97_208,s1_below_1,Female,s2_37_80,s3_141_159,s2_164_318,s4_160_220,s2_2_4
10360,s4_2555_3715,s2_n103_99,s4_n40_7,s1_below_4282,s4_4_5,s4_2005_2007,s2_760_2075,s4_37_47,Truck (<=10000 lbs.),s2_11_28,Deployed,s2_97_208,s1_below_1,Male,s3_80_96,s5_169_179,s3_318_464,s3_80_160,s4_5_6
10361,s2_885_1695,s2_n103_99,s3_n81_n40,s1_below_4282,s2_2_3,s2_2001_2003,s2_760_2075,s5_47_57,Passenger Car,s2_11_28,Deployed,s2_97_208,s2_1_2,Male,s2_37_80,s3_141_159,s2_164_318,s3_80_160,s2_2_4
10362,s3_1695_2555,s2_n103_99,s3_n81_n40,s1_below_4282,s2_2_3,s4_2005_2007,s2_760_2075,s6_57_up,Truck (<=6000 lbs.),s3_28_48,Deployed,s2_97_208,s1_below_1,Male,s2_37_80,s3_141_159,s2_164_318,s3_80_160,s2_2_4
10363,s2_885_1695,s2_n103_99,s4_n40_7,s1_below_4282,s1_below_2,s2_2001_2003,s2_760_2075,s6_57_up,Truck (<=6000 lbs.),s3_28_48,Not Deployed,s2_97_208,s1_below_1,Female,s2_37_80,s3_141_159,s2_164_318,s3_80_160,s2_2_4
10364,s3_1695_2555,s2_n103_99,s4_n40_7,s1_below_4282,s1_below_2,s4_2005_2007,s2_760_2075,s4_37_47,Truck (<=6000 lbs.),s3_28_48,Not Deployed,s2_97_208,s1_below_1,Female,s2_37_80,s3_141_159,s2_164_318,s3_80_160,s2_2_4
10365,s3_1695_2555,s2_n103_99,s4_n40_7,s1_below_4282,s2_2_3,s3_2003_2005,s2_760_2075,s6_57_up,Truck (<=6000 lbs.),s3_28_48,Deployed,s2_97_208,s2_1_2,Female,s3_80_96,s3_141_159,s2_164_318,s6_260_up,s2_2_4
10366,s3_1695_2555,s2_n103_99,s4_n40_7,s1_below_4282,s5_5_6,s3_2003_2005,s2_760_2075,s3_17_37,Truck (<=6000 lbs.),s2_11_28,Not Deployed,s2_97_208,s1_below_1,Male,s2_37_80,s3_141_159,s3_318_464,s6_260_up,s2_2_4
10367,s2_885_1695,s2_n103_99,s4_n40_7,s1_below_4282,s5_5_6,s4_2005_2007,s2_760_2075,s3_17_37,Truck (<=6000 lbs.),s3_28_48,Not Deployed,s2_97_208,s1_below_1,Female,s2_37_80,s3_141_159,s2_164_318,s2_40_80,s2_2_4
10368,s2_885_1695,s2_n103_99,s4_n40_7,s1_below_4282,s1_below_2,s3_2003_2005,s2_760_2075,s4_37_47,Passenger Car,s2_11_28,Deployed,s2_97_208,s1_below_1,Male,s2_37_80,s3_141_159,s2_164_318,s3_80_160,s2_2_4
10369,s3_1695_2555,s2_n103_99,s4_n40_7,s1_below_4282,s2_2_3,s2_2001_2003,s3_2075_3730,s3_17_37,Truck (<=10000 lbs.),s2_11_28,Deployed,s2_97_208,s1_below_1,Male,s3_80_96,s4_159_169,s3_318_464,s4_160_220,s4_5_6
10370,s2_885_1695,s2_n103_99,s5_7_up,s1_below_4282,s4_4_5,s1_below_2001,s3_2075_3730,s3_17_37,Passenger Car,s3_28_48,Not Deployed,s2_97_208,s1_below_1,Female,s2_37_80,s3_141_159,s2_164_318,s6_260_up,s2_2_4
10371,s3_1695_2555,s2_n103_99,s4_n40_7,s1_below_4282,s3_3_4,s2_2001_2003,s2_760_2075,s3_17_37,Truck (<=6000 lbs.),s4_48_64,Not Deployed,s2_97_208,s1_below_1,Male,s2_37_80,s3_141_159,s3_318_464,s3_80_160,s3_4_5
10372,s2_885_1695,s2_n103_99,s4_n40_7,s1_below_4282,s1_below_2,s3_2003_2005,s2_760_2075,s4_37_47,Passenger Car,s2_11_28,Deployed,s2_97_208,s2_1_2,Female,s2_37_80,s3_141_159,s2_164_318,s3_80_160,s2_2_4
10373,s2_885_1695,s2_n103_99,s4_n40_7,s1_below_4282,s1_below_2,s4_2005_2007,s2_760_2075,s4_37_47,Passenger Car,s4_48_64,Deployed,s2_97_208,s1_below_1,Female,s2_37_80,s3_141_159,s2_164_318,s4_160_220,s2_2_4
10374,s2_885_1695,s2_n103_99,s4_n40_7,s1_below_4282,s4_4_5,s3_2003_2005,s2_760_2075,s3_17_37,Passenger Car,s3_28_48,Not Deployed,s2_97_208,s1_below_1,Female,s2_37_80,s3_141_159,s2_164_318,s4_160_220,s2_2_4
10375,s2_885_1695,s2_n103_99,s4_n40_7,s1_below_4282,s1_below_2,s3_2003_2005,s2_760_2075,s5_47_57,Passenger Car,s3_28_48,Deployed,s2_97_208,s1_below_1,Female,s2_37_80,s4_159_169,s2_164_318,s3_80_160,s2_2_4
10376,s2_885_1695,s2_n103_99,s4_n40_7,s1_below_4282,s2_2_3,s2_2001_2003,s3_2075_3730,s5_47_57,Passenger Car,s4_48_64,Not Deployed,s2_97_208,s3_2_3,Male,s3_80_96,s3_141_159,s2_164_318,s3_80_160,s2_2_4
10377,s2_885_1695,s2_n103_99,s4_n40_7,s1_below_4282,s3_3_4,s3_2003_2005,s2_760_2075,s3_17_37,Passenger Car,s2_11_28,Deployed,s2_97_208,s1_below_1,Female,s2_37_80,s3_141_159,s2_164_318,s3_80_160,s2_2_4
10378,s3_1695_2555,s2_n103_99,s4_n40_7,s1_below_4282,s1_below_2,s3_2003_2005,s2_760_2075,s4_37_47,Truck (<=6000 lbs.),s4_48_64,Not Deployed,s2_97_208,s1_below_1,Female,s2_37_80,s4_159_169,s2_164_318,s4_160_220,s2_2_4
10379,s3_1695_2555,s2_n103_99,s4_n40_7,s1_below_4282,s2_2_3,s3_2003_2005,s2_760_2075,s4_37_47,Truck (<=6000 lbs.),s4_48_64,Deployed,s2_97_208,s1_below_1,Female,s2_37_80,s3_141_159,s2_164_318,s3_80_160,s2_2_4
10380,s2_885_1695,s2_n103_99,s4_n40_7,s1_below_4282,s1_below_2,s1_below_2001,s2_760_2075,s4_37_47,Passenger Car,s2_11_28,Not Deployed,s2_97_208,s1_below_1,Male,s3_80_96,s3_141_159,s2_164_318,s4_160_220,s2_2_4
10381,s3_1695_2555,s2_n103_99,s4_n40_7,s1_below_4282,s1_below_2,s4_2005_2007,s2_760_2075,s5_47_57,Truck (<=10000 lbs.),s5_64_76,Deployed,s2_97_208,s1_below_1,Male,s4_96_114,s4_159_169,s3_318_464,s3_80_160,s4_5_6
10382,s2_885_1695,s2_n103_99,s5_7_up,s1_below_4282,s1_below_2,s3_2003_2005,s3_2075_3730,s5_47_57,Passenger Car,s4_48_64,Not Deployed,s2_97_208,s1_below_1,Female,s3_80_96,s3_141_159,s2_164_318,s6_260_up,s2_2_4
10383,s2_885_1695,s2_n103_99,s4_n40_7,s1_below_4282,s1_below_2,s2_2001_2003,s2_760_2075,s3_17_37,Passenger Car,s3_28_48,Not Deployed,s2_97_208,s3_2_3,Male,s6_130_up,s3_141_159,s2_164_318,s3_80_160,s2_2_4
10384,s2_885_1695,s2_n103_99,s4_n40_7,s1_below_4282,s4_4_5,s3_2003_2005,s2_760_2075,s3_17_37,Truck (<=6000 lbs.),s4_48_64,Not Deployed,s2_97_208,s1_below_1,Male,s3_80_96,s3_141_159,s3_318_464,s3_80_160,s2_2_4
10385,s3_1695_2555,s2_n103_99,s5_7_up,s1_below_4282,s3_3_4,s4_2005_2007,s2_760_2075,s3_17_37,Truck (<=6000 lbs.),s2_11_28,Not Deployed,s2_97_208,s1_below_1,Female,s2_37_80,s5_169_179,s2_164_318,s6_260_up,s2_2_4
10386,s2_885_1695,s2_n103_99,s4_n40_7,s1_below_4282,s1_below_2,s2_2001_2003,s2_760_2075,s3_17_37,Passenger Car,s2_11_28,Not Deployed,s2_97_208,s1_below_1,Female,s2_37_80,s3_141_159,s2_164_318,s2_40_80,s2_2_4
10387,s2_885_1695,s2_n103_99,s4_n40_7,s1_below_4282,s1_below_2,s3_2003_2005,s2_760_2075,s5_47_57,Passenger Car,s2_11_28,Deployed,s2_97_208,s1_below_1,Male,s2_37_80,s3_141_159,s2_164_318,s3_80_160,s2_2_4
10388,s2_885_1695,s2_n103_99,s5_7_up,s1_below_4282,s3_3_4,s2_2001_2003,s2_760_2075,s4_37_47,Passenger Car,s3_28_48,Not Deployed,s2_97_208,s1_below_1,Female,s2_37_80,s3_141_159,s2_164_318,s6_260_up,s2_2_4
10389,s3_1695_2555,s2_n103_99,s3_n81_n40,s1_below_4282,s2_2_3,s2_2001_2003,s2_760_2075,s6_57_up,Truck (<=6000 lbs.),s3_28_48,Deployed,s2_97_208,s3_2_3,Male,s4_96_114,s3_141_159,s2_164_318,s3_80_160,s2_2_4
10390,s3_1695_2555,s2_n103_99,s4_n40_7,s1_below_4282,s2_2_3,s4_2005_2007,s2_760_2075,s4_37_47,Truck (<=6000 lbs.),s5_64_76,Deployed,s2_97_208,s5_4_5,Male,s3_80_96,s4_159_169,s2_164_318,s3_80_160,s2_2_4
10391,s2_885_1695,s2_n103_99,s4_n40_7,s1_below_4282,s1_below_2,s4_2005_2007,s2_760_2075,s4_37_47,Passenger Car,s2_11_28,Not Deployed,s2_97_208,s1_below_1,Female,s2_37_80,s3_141_159,s2_164_318,s4_160_220,s2_2_4
10392,s3_1695_2555,s2_n103_99,s4_n40_7,s1_below_4282,s1_below_2,s4_2005_2007,s2_760_2075,s4_37_47,Truck (<=6000 lbs.),s2_11_28,Deployed,s2_97_208,s1_below_1,Male,s5_114_130,s4_159_169,s2_164_318,s3_80_160,s3_4_5
10393,s3_1695_2555,s2_n103_99,s4_n40_7,s1_below_4282,s1_below_2,s4_2005_2007,s3_2075_3730,s5_47_57,Truck (<=6000 lbs.),s4_48_64,Deployed,s2_97_208,s1_below_1,Female,s4_96_114,s3_141_159,s2_164_318,s4_160_220,s2_2_4
10394,s3_1695_2555,s2_n103_99,s4_n40_7,s1_below_4282,s1_below_2,s3_2003_2005,s2_760_2075,s5_47_57,Truck (<=10000 lbs.),s4_48_64,Deployed,s2_97_208,s2_1_2,Male,s6_130_up,s5_169_179,s3_318_464,s2_40_80,s4_5_6
10395,s2_885_1695,s2_n103_99,s5_7_up,s1_below_4282,s1_below_2,s1_below_2001,s2_760_2075,s3_17_37,Passenger Car,s3_28_48,Not Deployed,s2_97_208,s1_below_1,Female,s2_37_80,s3_141_159,s2_164_318,s6_260_up,s2_2_4
10396,s2_885_1695,s2_n103_99,s3_n81_n40,s1_below_4282,s1_below_2,s3_2003_2005,s2_760_2075,s5_47_57,Passenger Car,s2_11_28,Deployed,s2_97_208,s3_2_3,Female,s2_37_80,s3_141_159,s2_164_318,s3_80_160,s2_2_4
10397,s4_2555_3715,s2_n103_99,s4_n40_7,s1_below_4282,s4_4_5,s4_2005_2007,s2_760_2075,s4_37_47,Truck (<=10000 lbs.),s4_48_64,Not Deployed,s2_97_208,s1_below_1,Male,s6_130_up,s5_169_179,s3_318_464,s3_80_160,s4_5_6
10398,s2_885_1695,s2_n103_99,s4_n40_7,s1_below_4282,s2_2_3,s4_2005_2007,s2_760_2075,s6_57_up,Passenger Car,s3_28_48,Deployed,s2_97_208,s4_3_4,Male,s2_37_80,s3_141_159,s2_164_318,s3_80_160,s2_2_4
10399,s3_1695_2555,s2_n103_99,s4_n40_7,s1_below_4282,s4_4_5,s1_below_2001,s3_2075_3730,s4_37_47,Truck (<=6000 lbs.),s3_28_48,Deployed,s2_97_208,s3_2_3,Female,s2_37_80,s4_159_169,s2_164_318,s3_80_160,s3_4_5
10400,s2_885_1695,s2_n103_99,s3_n81_n40,s1_below_4282,s1_below_2,s4_2005_2007,s2_760_2075,s4_37_47,Passenger Car,s2_11_28,Not Deployed,s2_97_208,s1_below_1,Female,s2_37_80,s3_141_159,s2_164_318,s1_below_40,s2_2_4
10401,s4_2555_3715,s2_n103_99,s4_n40_7,s1_below_4282,s1_below_2,s3_2003_2005,s2_760_2075,s5_47_57,Truck (<=10000 lbs.),s3_28_48,Deployed,s2_97_208,s1_below_1,Male,s2_37_80,s5_169_179,s3_318_464,s3_80_160,s4_5_6
10402,s3_1695_2555,s2_n103_99,s4_n40_7,s1_below_4282,s1_below_2,s3_2003_2005,s2_760_2075,s3_17_37,Truck (<=10000 lbs.),s3_28_48,Deployed,s2_97_208,s3_2_3,Female,s2_37_80,s4_159_169,s2_164_318,s3_80_160,s2_2_4
10403,s2_885_1695,s2_n103_99,s4_n40_7,s1_below_4282,s4_4_5,s3_2003_2005,s2_760_2075,s4_37_47,Truck (<=6000 lbs.),s2_11_28,Deployed,s2_97_208,s2_1_2,Male,s4_96_114,s3_141_159,s2_164_318,s4_160_220,s2_2_4
10404,s2_885_1695,s2_n103_99,s4_n40_7,s1_below_4282,s4_4_5,s4_2005_2007,s2_760_2075,s4_37_47,Passenger Car,s3_28_48,Deployed,s2_97_208,s2_1_2,Male,s4_96_114,s3_141_159,s2_164_318,s3_80_160,s2_2_4
10405,s2_885_1695,s2_n103_99,s4_n40_7,s1_below_4282,s1_below_2,s3_2003_2005,s2_760_2075,s5_47_57,Passenger Car,s5_64_76,Deployed,s2_97_208,s5_4_5,Male,s4_96_114,s3_141_159,s2_164_318,s3_80_160,s2_2_4
10406,s3_1695_2555,s2_n103_99,s4_n40_7,s1_below_4282,s1_below_2,s3_2003_2005,s2_760_2075,s4_37_47,Truck (<=10000 lbs.),s3_28_48,Not Deployed,s2_97_208,s1_below_1,Female,s2_37_80,s3_141_159,s3_318_464,s2_40_80,s3_4_5
10407,s2_885_1695,s2_n103_99,s5_7_up,s1_below_4282,s3_3_4,s4_2005_2007,s2_760_2075,s3_17_37,Passenger Car,s2_11_28,Not Deployed,s2_97_208,s1_below_1,Male,s2_37_80,s3_141_159,s2_164_318,s6_260_up,s2_2_4
10408,s2_885_1695,s2_n103_99,s4_n40_7,s1_below_4282,s3_3_4,s1_below_2001,s2_760_2075,s3_17_37,Passenger Car,s2_11_28,Not Deployed,s2_97_208,s1_below_1,Male,s3_80_96,s3_141_159,s2_164_318,s3_80_160,s2_2_4
10409,s2_885_1695,s2_n103_99,s4_n40_7,s1_below_4282,s1_below_2,s1_below_2001,s2_760_2075,s4_37_47,Passenger Car,s4_48_64,Not Deployed,s2_97_208,s1_below_1,Male,s3_80_96,s3_141_159,s2_164_318,s3_80_160,s2_2_4
10410,s2_885_1695,s2_n103_99,s4_n40_7,s1_below_4282,s1_below_2,s2_2001_2003,s2_760_2075,s4_37_47,Passenger Car,s2_11_28,Not Deployed,s2_97_208,s1_below_1,Male,s3_80_96,s3_141_159,s2_164_318,s2_40_80,s2_2_4
10411,s3_1695_2555,s2_n103_99,s4_n40_7,s1_below_4282,s1_below_2,s3_2003_2005,s2_760_2075,s5_47_57,Truck (<=6000 lbs.),s4_48_64,Deployed,s2_97_208,s1_below_1,Female,s2_37_80,s4_159_169,s2_164_318,s3_80_160,s2_2_4
10412,s2_885_1695,s2_n103_99,s4_n40_7,s1_below_4282,s1_below_2,s2_2001_2003,s2_760_2075,s5_47_57,Truck (<=6000 lbs.),s3_28_48,Deployed,s2_97_208,s3_2_3,Male,s6_130_up,s3_141_159,s2_164_318,s4_160_220,s2_2_4
10413,s2_885_1695,s2_n103_99,s4_n40_7,s1_below_4282,s2_2_3,s3_2003_2005,s2_760_2075,s3_17_37,Passenger Car,s2_11_28,Not Deployed,s2_97_208,s1_below_1,Female,s2_37_80,s3_141_159,s2_164_318,s2_40_80,s2_2_4
10414,s2_885_1695,s2_n103_99,s5_7_up,s1_below_4282,s4_4_5,s3_2003_2005,s2_760_2075,s3_17_37,Truck (<=6000 lbs.),s3_28_48,Deployed,s2_97_208,s1_below_1,Female,s2_37_80,s3_141_159,s2_164_318,s6_260_up,s2_2_4
10415,s3_1695_2555,s2_n103_99,s4_n40_7,s1_below_4282,s4_4_5,s2_2001_2003,s2_760_2075,s3_17_37,Passenger Car,s3_28_48,Deployed,s2_97_208,s1_below_1,Male,s3_80_96,s4_159_169,s2_164_318,s3_80_160,s2_2_4
10416,s4_2555_3715,s2_n103_99,s4_n40_7,s1_below_4282,s1_below_2,s3_2003_2005,s2_760_2075,s5_47_57,Truck (<=10000 lbs.),s4_48_64,Deployed,s2_97_208,s2_1_2,Female,s2_37_80,s5_169_179,s2_164_318,s4_160_220,s3_4_5
10417,s2_885_1695,s2_n103_99,s4_n40_7,s1_below_4282,s1_below_2,s1_below_2001,s3_2075_3730,s5_47_57,Passenger Car,s4_48_64,Not Deployed,s2_97_208,s4_3_4,Male,s3_80_96,s3_141_159,s2_164_318,s2_40_80,s2_2_4
10418,s2_885_1695,s2_n103_99,s4_n40_7,s1_below_4282,s1_below_2,s3_2003_2005,s2_760_2075,s3_17_37,Passenger Car,s3_28_48,Not Deployed,s2_97_208,s1_below_1,Female,s3_80_96,s3_141_159,s2_164_318,s3_80_160,s2_2_4
10419,s2_885_1695,s2_n103_99,s4_n40_7,s1_below_4282,s2_2_3,s3_2003_2005,s2_760_2075,s6_57_up,Passenger Car,s3_28_48,Deployed,s2_97_208,s1_below_1,Male,s3_80_96,s3_141_159,s2_164_318,s3_80_160,s2_2_4
10420,s3_1695_2555,s2_n103_99,s4_n40_7,s1_below_4282,s1_below_2,s3_2003_2005,s2_760_2075,s3_17_37,Passenger Car,s3_28_48,Not Deployed,s2_97_208,s1_below_1,Female,s4_96_114,s4_159_169,s2_164_318,s3_80_160,s2_2_4
10421,s2_885_1695,s2_n103_99,s4_n40_7,s1_below_4282,s4_4_5,s2_2001_2003,s2_760_2075,s3_17_37,Passenger Car,s4_48_64,Deployed,s2_97_208,s3_2_3,Male,s2_37_80,s3_141_159,s2_164_318,s4_160_220,s2_2_4
10422,s3_1695_2555,s2_n103_99,s3_n81_n40,s1_below_4282,s1_below_2,s1_below_2001,s2_760_2075,s5_47_57,Truck (<=10000 lbs.),s3_28_48,Deployed,s2_97_208,s1_below_1,Male,s3_80_96,s4_159_169,s3_318_464,s3_80_160,s4_5_6
10423,s2_885_1695,s2_n103_99,s4_n40_7,s1_below_4282,s1_below_2,s3_2003_2005,s2_760_2075,s1_below_7,Passenger Car,s4_48_64,Deployed,s2_97_208,s1_below_1,Female,s2_37_80,s3_141_159,s2_164_318,s2_40_80,s2_2_4
10424,s2_885_1695,s2_n103_99,s4_n40_7,s1_below_4282,s1_below_2,s2_2001_2003,s2_760_2075,s4_37_47,Passenger Car,s5_64_76,Deployed,s2_97_208,s1_below_1,Female,s2_37_80,s3_141_159,s2_164_318,s3_80_160,s2_2_4
10425,s2_885_1695,s2_n103_99,s4_n40_7,s1_below_4282,s1_below_2,s2_2001_2003,s2_760_2075,s5_47_57,Passenger Car,s3_28_48,Deployed,s2_97_208,s1_below_1,Female,s2_37_80,s3_141_159,s2_164_318,s3_80_160,s2_2_4
10426,s2_885_1695,s2_n103_99,s4_n40_7,s1_below_4282,s1_below_2,s2_2001_2003,s2_760_2075,s5_47_57,Truck (<=6000 lbs.),s2_11_28,Deployed,s2_97_208,s1_below_1,Male,s2_37_80,s3_141_159,s2_164_318,s3_80_160,s2_2_4
10427,s3_1695_2555,s2_n103_99,s3_n81_n40,s1_below_4282,s1_below_2,s3_2003_2005,s2_760_2075,s5_47_57,Truck (<=10000 lbs.),s4_48_64,Deployed,s2_97_208,s3_2_3,Female,s3_80_96,s5_169_179,s3_318_464,s3_80_160,s4_5_6
10428,s2_885_1695,s2_n103_99,s4_n40_7,s1_below_4282,s3_3_4,s3_2003_2005,s2_760_2075,s4_37_47,Passenger Car,s2_11_28,Deployed,s2_97_208,s1_below_1,Female,s2_37_80,s3_141_159,s2_164_318,s3_80_160,s2_2_4
10429,s2_885_1695,s2_n103_99,s4_n40_7,s1_below_4282,s1_below_2,s3_2003_2005,s2_760_2075,s5_47_57,Truck (<=6000 lbs.),s3_28_48,Deployed,s2_97_208,s2_1_2,Male,s3_80_96,s3_141_159,s2_164_318,s3_80_160,s2_2_4
10430,s2_885_1695,s2_n103_99,s4_n40_7,s1_below_4282,s4_4_5,s4_2005_2007,s2_760_2075,s4_37_47,Passenger Car,s2_11_28,Deployed,s2_97_208,s1_below_1,Female,s2_37_80,s3_141_159,s2_164_318,s3_80_160,s2_2_4
10431,s4_2555_3715,s2_n103_99,s4_n40_7,s1_below_4282,s1_below_2,s2_2001_2003,s2_760_2075,s5_47_57,Truck (<=10000 lbs.),s3_28_48,Deployed,s2_97_208,s1_below_1,Male,s3_80_96,s5_169_179,s3_318_464,s3_80_160,s5_6_7
10432,s4_2555_3715,s2_n103_99,s4_n40_7,s1_below_4282,s1_below_2,s1_below_2001,s2_760_2075,s1_below_7,Truck (<=10000 lbs.),s3_28_48,Deployed,s2_97_208,s1_below_1,Male,s4_96_114,s4_159_169,s2_164_318,s3_80_160,s3_4_5
10433,s4_2555_3715,s2_n103_99,s4_n40_7,s1_below_4282,s5_5_6,s3_2003_2005,s3_2075_3730,s4_37_47,Truck (<=10000 lbs.),s2_11_28,Not Deployed,s2_97_208,s1_below_1,Male,s3_80_96,s5_169_179,s2_164_318,s3_80_160,s4_5_6
10434,s4_2555_3715,s2_n103_99,s4_n40_7,s1_below_4282,s1_below_2,s1_below_2001,s3_2075_3730,s4_37_47,Truck (<=10000 lbs.),s5_64_76,Not Deployed,s2_97_208,s1_below_1,Male,s2_37_80,s5_169_179,s3_318_464,s2_40_80,s4_5_6
10435,s4_2555_3715,s2_n103_99,s4_n40_7,s1_below_4282,s2_2_3,s3_2003_2005,s3_2075_3730,s4_37_47,Truck (<=10000 lbs.),s3_28_48,Not Deployed,s2_97_208,s1_below_1,Male,s3_80_96,s4_159_169,s3_318_464,s3_80_160,s5_6_7
10436,s3_1695_2555,s2_n103_99,s4_n40_7,s1_below_4282,s1_below_2,s3_2003_2005,s3_2075_3730,s5_47_57,Truck (<=10000 lbs.),s5_64_76,Deployed,s2_97_208,s3_2_3,Male,s3_80_96,s4_159_169,s3_318_464,s4_160_220,s4_5_6
10437,s4_2555_3715,s2_n103_99,s4_n40_7,s1_below_4282,s1_below_2,s1_below_2001,s2_760_2075,s5_47_57,Truck (<=10000 lbs.),s4_48_64,Deployed,s2_97_208,s1_below_1,Male,s4_96_114,s5_169_179,s3_318_464,s3_80_160,s4_5_6
10438,s3_1695_2555,s2_n103_99,s4_n40_7,s1_below_4282,s1_below_2,s1_below_2001,s2_760_2075,s4_37_47,Truck (<=6000 lbs.),s6_76_up,Deployed,s2_97_208,s1_below_1,Male,s3_80_96,s3_141_159,s2_164_318,s3_80_160,s3_4_5
10439,s2_885_1695,s2_n103_99,s4_n40_7,s1_below_4282,s3_3_4,s3_2003_2005,s2_760_2075,s3_17_37,Passenger Car,s2_11_28,Not Deployed,s2_97_208,s1_below_1,Female,s2_37_80,s3_141_159,s2_164_318,s3_80_160,s2_2_4
10440,s3_1695_2555,s2_n103_99,s4_n40_7,s1_below_4282,s2_2_3,s3_2003_2005,s2_760_2075,s4_37_47,Passenger Car,s4_48_64,Deployed,s2_97_208,s1_below_1,Female,s2_37_80,s3_141_159,s2_164_318,s3_80_160,s2_2_4
10441,s2_885_1695,s2_n103_99,s4_n40_7,s1_below_4282,s3_3_4,s2_2001_2003,s2_760_2075,s6_57_up,Passenger Car,s2_11_28,Deployed,s2_97_208,s1_below_1,Female,s2_37_80,s3_141_159,s2_164_318,s2_40_80,s2_2_4
10442,s2_885_1695,s2_n103_99,s4_n40_7,s1_below_4282,s1_below_2,s2_2001_2003,s2_760_2075,s5_47_57,Passenger Car,s3_28_48,Deployed,s2_97_208,s3_2_3,Male,s3_80_96,s3_141_159,s2_164_318,s3_80_160,s2_2_4
10443,s2_885_1695,s2_n103_99,s5_7_up,s1_below_4282,s1_below_2,s3_2003_2005,s3_2075_3730,s4_37_47,Passenger Car,s3_28_48,Not Deployed,s2_97_208,s1_below_1,Male,s3_80_96,s3_141_159,s2_164_318,s6_260_up,s2_2_4
10444,s3_1695_2555,s2_n103_99,s3_n81_n40,s1_below_4282,s1_below_2,s2_2001_2003,s2_760_2075,s4_37_47,Truck (<=10000 lbs.),s4_48_64,Deployed,s2_97_208,s3_2_3,Male,s3_80_96,s4_159_169,s3_318_464,s3_80_160,s4_5_6
10445,s2_885_1695,s2_n103_99,s4_n40_7,s1_below_4282,s3_3_4,s4_2005_2007,s2_760_2075,s6_57_up,Passenger Car,s3_28_48,Deployed,s2_97_208,s1_below_1,Female,s2_37_80,s3_141_159,s2_164_318,s4_160_220,s2_2_4
10446,s2_885_1695,s2_n103_99,s5_7_up,s1_below_4282,s3_3_4,s3_2003_2005,s2_760_2075,s6_57_up,Passenger Car,s3_28_48,Not Deployed,s2_97_208,s1_below_1,Female,s2_37_80,s3_141_159,s2_164_318,s6_260_up,s2_2_4
10447,s3_1695_2555,s2_n103_99,s4_n40_7,s1_below_4282,s1_below_2,s3_2003_2005,s3_2075_3730,s4_37_47,Truck (<=10000 lbs.),s3_28_48,Not Deployed,s2_97_208,s1_below_1,Female,s4_96_114,s4_159_169,s2_164_318,s3_80_160,s3_4_5
10448,s2_885_1695,s2_n103_99,s4_n40_7,s1_below_4282,s5_5_6,s3_2003_2005,s2_760_2075,s4_37_47,Passenger Car,s2_11_28,Deployed,s2_97_208,s1_below_1,Female,s2_37_80,s3_141_159,s2_164_318,s3_80_160,s2_2_4
10449,s2_885_1695,s2_n103_99,s4_n40_7,s1_below_4282,s4_4_5,s2_2001_2003,s2_760_2075,s3_17_37,Passenger Car,s2_11_28,Deployed,s2_97_208,s1_below_1,Female,s2_37_80,s3_141_159,s2_164_318,s3_80_160,s2_2_4
10450,s3_1695_2555,s2_n103_99,s3_n81_n40,s1_below_4282,s1_below_2,s3_2003_2005,s2_760_2075,s5_47_57,Truck (<=10000 lbs.),s2_11_28,Deployed,s2_97_208,s3_2_3,Female,s2_37_80,s4_159_169,s2_164_318,s3_80_160,s3_4_5
10451,s3_1695_2555,s2_n103_99,s3_n81_n40,s1_below_4282,s1_below_2,s2_2001_2003,s2_760_2075,s5_47_57,Truck (<=6000 lbs.),s3_28_48,Deployed,s2_97_208,s3_2_3,Male,s3_80_96,s3_141_159,s2_164_318,s3_80_160,s2_2_4
10452,s3_1695_2555,s2_n103_99,s4_n40_7,s1_below_4282,s4_4_5,s3_2003_2005,s3_2075_3730,s4_37_47,Truck (<=6000 lbs.),s3_28_48,Deployed,s2_97_208,s1_below_1,Female,s2_37_80,s3_141_159,s2_164_318,s3_80_160,s3_4_5
10453,s2_885_1695,s2_n103_99,s4_n40_7,s1_below_4282,s3_3_4,s1_below_2001,s2_760_2075,s3_17_37,Passenger Car,s6_76_up,Not Deployed,s2_97_208,s3_2_3,Male,s2_37_80,s3_141_159,s2_164_318,s3_80_160,s2_2_4
10454,s2_885_1695,s2_n103_99,s4_n40_7,s1_below_4282,s1_below_2,s2_2001_2003,s2_760_2075,s3_17_37,Passenger Car,s2_11_28,Not Deployed,s2_97_208,s1_below_1,Male,s2_37_80,s3_141_159,s2_164_318,s3_80_160,s2_2_4
10455,s2_885_1695,s2_n103_99,s4_n40_7,s1_below_4282,s1_below_2,s3_2003_2005,s2_760_2075,s3_17_37,Passenger Car,s4_48_64,Deployed,s2_97_208,s1_below_1,Female,s2_37_80,s3_141_159,s2_164_318,s2_40_80,s2_2_4
10456,s3_1695_2555,s2_n103_99,s4_n40_7,s1_below_4282,s1_below_2,s1_below_2001,s2_760_2075,s5_47_57,Truck (<=6000 lbs.),s4_48_64,Not Deployed,s2_97_208,s1_below_1,Female,s2_37_80,s3_141_159,s2_164_318,s3_80_160,s3_4_5
10457,s3_1695_2555,s2_n103_99,s4_n40_7,s1_below_4282,s1_below_2,s2_2001_2003,s2_760_2075,s4_37_47,Truck (<=6000 lbs.),s4_48_64,Not Deployed,s2_97_208,s1_below_1,Male,s2_37_80,s3_141_159,s2_164_318,s3_80_160,s3_4_5
10458,s2_885_1695,s2_n103_99,s4_n40_7,s1_below_4282,s3_3_4,s1_below_2001,s2_760_2075,s3_17_37,Truck (<=6000 lbs.),s4_48_64,Not Deployed,s2_97_208,s1_below_1,Male,s3_80_96,s2_116_141,s2_164_318,s3_80_160,s2_2_4
10459,s2_885_1695,s2_n103_99,s4_n40_7,s1_below_4282,s3_3_4,s1_below_2001,s2_760_2075,s3_17_37,Passenger Car,s6_76_up,Deployed,s2_97_208,s1_below_1,Male,s2_37_80,s3_141_159,s2_164_318,s4_160_220,s2_2_4
10460,s3_1695_2555,s2_n103_99,s4_n40_7,s1_below_4282,s2_2_3,s2_2001_2003,s2_760_2075,s5_47_57,Truck (<=6000 lbs.),s3_28_48,Not Deployed,s2_97_208,s1_below_1,Male,s4_96_114,s5_169_179,s2_164_318,s4_160_220,s3_4_5
10461,s2_885_1695,s2_n103_99,s4_n40_7,s1_below_4282,s4_4_5,s4_2005_2007,s2_760_2075,s4_37_47,Passenger Car,s6_76_up,Deployed,s2_97_208,s1_below_1,Female,s2_37_80,s3_141_159,s2_164_318,s4_160_220,s2_2_4
10462,s2_885_1695,s2_n103_99,s4_n40_7,s1_below_4282,s2_2_3,s1_below_2001,s3_2075_3730,s4_37_47,Passenger Car,s3_28_48,Not Deployed,s2_97_208,s1_below_1,Female,s5_114_130,s3_141_159,s2_164_318,s3_80_160,s2_2_4
10463,s2_885_1695,s2_n103_99,s4_n40_7,s1_below_4282,s3_3_4,s2_2001_2003,s2_760_2075,s4_37_47,Passenger Car,s5_64_76,Deployed,s2_97_208,s1_below_1,Male,s3_80_96,s3_141_159,s2_164_318,s3_80_160,s2_2_4
10464,s3_1695_2555,s2_n103_99,s4_n40_7,s1_below_4282,s4_4_5,s2_2001_2003,s2_760_2075,s4_37_47,Truck (<=10000 lbs.),s3_28_48,Not Deployed,s2_97_208,s1_below_1,Male,s2_37_80,s4_159_169,s3_318_464,s3_80_160,s4_5_6
10465,s2_885_1695,s2_n103_99,s4_n40_7,s1_below_4282,s4_4_5,s3_2003_2005,s2_760_2075,s4_37_47,Passenger Car,s6_76_up,Deployed,s2_97_208,s1_below_1,Female,s2_37_80,s3_141_159,s2_164_318,s4_160_220,s2_2_4
10466,s3_1695_2555,s2_n103_99,s4_n40_7,s1_below_4282,s4_4_5,s3_2003_2005,s2_760_2075,s4_37_47,Truck (<=6000 lbs.),s4_48_64,Deployed,s2_97_208,s1_below_1,Female,s2_37_80,s3_141_159,s2_164_318,s2_40_80,s3_4_5
10467,s3_1695_2555,s2_n103_99,s4_n40_7,s1_below_4282,s1_below_2,s3_2003_2005,s2_760_2075,s5_47_57,Truck (<=10000 lbs.),s4_48_64,Deployed,s2_97_208,s1_below_1,Male,s3_80_96,s4_159_169,s3_318_464,s3_80_160,s4_5_6
10468,s2_885_1695,s2_n103_99,s4_n40_7,s1_below_4282,s4_4_5,s2_2001_2003,s2_760_2075,s4_37_47,Passenger Car,s3_28_48,Deployed,s2_97_208,s1_below_1,Male,s3_80_96,s3_141_159,s2_164_318,s3_80_160,s2_2_4
10469,s2_885_1695,s2_n103_99,s4_n40_7,s1_below_4282,s5_5_6,s1_below_2001,s3_2075_3730,s4_37_47,Passenger Car,s3_28_48,Deployed,s2_97_208,s4_3_4,Female,s2_37_80,s3_141_159,s2_164_318,s4_160_220,s2_2_4
10470,s2_885_1695,s2_n103_99,s4_n40_7,s1_below_4282,s1_below_2,s3_2003_2005,s2_760_2075,s3_17_37,Passenger Car,s6_76_up,Deployed,s2_97_208,s1_below_1,Male,s2_37_80,s3_141_159,s2_164_318,s3_80_160,s2_2_4
10471,s2_885_1695,s2_n103_99,s4_n40_7,s1_below_4282,s1_below_2,s2_2001_2003,s2_760_2075,s4_37_47,Passenger Car,s5_64_76,Not Deployed,s2_97_208,s1_below_1,Female,s3_80_96,s3_141_159,s2_164_318,s4_160_220,s2_2_4
10472,s2_885_1695,s2_n103_99,s4_n40_7,s1_below_4282,s4_4_5,s3_2003_2005,s2_760_2075,s4_37_47,Passenger Car,s2_11_28,Deployed,s2_97_208,s1_below_1,Female,s2_37_80,s3_141_159,s2_164_318,s3_80_160,s2_2_4
10473,s2_885_1695,s2_n103_99,s4_n40_7,s1_below_4282,s1_below_2,s2_2001_2003,s2_760_2075,s4_37_47,Passenger Car,s2_11_28,Deployed,s2_97_208,s1_below_1,Female,s2_37_80,s3_141_159,s2_164_318,s4_160_220,s2_2_4
10474,s2_885_1695,s2_n103_99,s4_n40_7,s1_below_4282,s3_3_4,s1_below_2001,s2_760_2075,s5_47_57,Passenger Car,s2_11_28,Deployed,s2_97_208,s1_below_1,Male,s3_80_96,s3_141_159,s2_164_318,s4_160_220,s2_2_4
10475,s2_885_1695,s2_n103_99,s5_7_up,s1_below_4282,s3_3_4,s4_2005_2007,s2_760_2075,s4_37_47,Passenger Car,s2_11_28,Not Deployed,s2_97_208,s1_below_1,Male,s2_37_80,s3_141_159,s2_164_318,s6_260_up,s2_2_4
10476,s2_885_1695,s2_n103_99,s4_n40_7,s1_below_4282,s3_3_4,s1_below_2001,s2_760_2075,s4_37_47,Passenger Car,s2_11_28,Deployed,s2_97_208,s1_below_1,Male,s3_80_96,s3_141_159,s2_164_318,s3_80_160,s2_2_4
10477,s3_1695_2555,s2_n103_99,s4_n40_7,s1_below_4282,s4_4_5,s2_2001_2003,s2_760_2075,s3_17_37,Truck (<=6000 lbs.),s2_11_28,Not Deployed,s2_97_208,s1_below_1,Female,s2_37_80,s3_141_159,s2_164_318,s4_160_220,s3_4_5
10478,s3_1695_2555,s2_n103_99,s4_n40_7,s1_below_4282,s1_below_2,s3_2003_2005,s3_2075_3730,s5_47_57,Truck (<=10000 lbs.),s3_28_48,Not Deployed,s2_97_208,s1_below_1,Female,s2_37_80,s3_141_159,s3_318_464,s3_80_160,s3_4_5
10479,s3_1695_2555,s2_n103_99,s5_7_up,s1_below_4282,s1_below_2,s3_2003_2005,s3_2075_3730,s5_47_57,Truck (<=10000 lbs.),s4_48_64,Not Deployed,s2_97_208,s1_below_1,Male,s3_80_96,s3_141_159,s2_164_318,s6_260_up,s2_2_4
10480,s3_1695_2555,s2_n103_99,s4_n40_7,s1_below_4282,s5_5_6,s2_2001_2003,s2_760_2075,s3_17_37,Truck (<=10000 lbs.),s4_48_64,Not Deployed,s2_97_208,s1_below_1,Female,s4_96_114,s3_141_159,s2_164_318,s3_80_160,s2_2_4
10481,s2_885_1695,s2_n103_99,s4_n40_7,s1_below_4282,s2_2_3,s3_2003_2005,s2_760_2075,s5_47_57,Passenger Car,s3_28_48,Not Deployed,s2_97_208,s1_below_1,Female,s3_80_96,s3_141_159,s2_164_318,s4_160_220,s2_2_4
10482,s3_1695_2555,s2_n103_99,s4_n40_7,s1_below_4282,s2_2_3,s4_2005_2007,s2_760_2075,s5_47_57,Truck (<=10000 lbs.),s3_28_48,Not Deployed,s2_97_208,s1_below_1,Female,s2_37_80,s3_141_159,s3_318_464,s3_80_160,s3_4_5
10483,s3_1695_2555,s2_n103_99,s4_n40_7,s1_below_4282,s2_2_3,s2_2001_2003,s3_2075_3730,s5_47_57,Truck (<=10000 lbs.),s3_28_48,Not Deployed,s2_97_208,s1_below_1,Female,s2_37_80,s4_159_169,s3_318_464,s4_160_220,s4_5_6
10484,s3_1695_2555,s2_n103_99,s4_n40_7,s1_below_4282,s1_below_2,s3_2003_2005,s3_2075_3730,s4_37_47,Truck (<=6000 lbs.),s3_28_48,Not Deployed,s2_97_208,s5_4_5,Male,s2_37_80,s3_141_159,s2_164_318,s4_160_220,s2_2_4
10485,s2_885_1695,s2_n103_99,s4_n40_7,s1_below_4282,s1_below_2,s1_below_2001,s3_2075_3730,s3_17_37,Passenger Car,s3_28_48,Deployed,s2_97_208,s1_below_1,Male,s2_37_80,s3_141_159,s2_164_318,s3_80_160,s2_2_4
10486,s3_1695_2555,s2_n103_99,s4_n40_7,s1_below_4282,s1_below_2,s3_2003_2005,s2_760_2075,s5_47_57,Truck (<=6000 lbs.),s3_28_48,Deployed,s2_97_208,s2_1_2,Female,s4_96_114,s3_141_159,s2_164_318,s3_80_160,s2_2_4
10487,s2_885_1695,s2_n103_99,s4_n40_7,s1_below_4282,s1_below_2,s2_2001_2003,s2_760_2075,s4_37_47,Passenger Car,s3_28_48,Deployed,s2_97_208,s1_below_1,Female,s2_37_80,s3_141_159,s2_164_318,s2_40_80,s2_2_4
10488,s2_885_1695,s2_n103_99,s4_n40_7,s1_below_4282,s3_3_4,s3_2003_2005,s2_760_2075,s3_17_37,Passenger Car,s4_48_64,Not Deployed,s2_97_208,s1_below_1,Female,s3_80_96,s3_141_159,s2_164_318,s4_160_220,s2_2_4
10489,s2_885_1695,s2_n103_99,s4_n40_7,s1_below_4282,s4_4_5,s4_2005_2007,s2_760_2075,s4_37_47,Passenger Car,s6_76_up,Deployed,s2_97_208,s1_below_1,Male,s2_37_80,s3_141_159,s2_164_318,s2_40_80,s2_2_4
10490,s3_1695_2555,s2_n103_99,s4_n40_7,s1_below_4282,s3_3_4,s2_2001_2003,s2_760_2075,s3_17_37,Truck (<=6000 lbs.),s3_28_48,Not Deployed,s2_97_208,s1_below_1,Female,s2_37_80,s3_141_159,s2_164_318,s4_160_220,s2_2_4
10491,s2_885_1695,s2_n103_99,s4_n40_7,s1_below_4282,s3_3_4,s2_2001_2003,s2_760_2075,s3_17_37,Passenger Car,s3_28_48,Deployed,s2_97_208,s1_below_1,Female,s2_37_80,s3_141_159,s2_164_318,s3_80_160,s2_2_4
10492,s3_1695_2555,s2_n103_99,s4_n40_7,s1_below_4282,s2_2_3,s2_2001_2003,s2_760_2075,s3_17_37,Truck (<=6000 lbs.),s4_48_64,Not Deployed,s2_97_208,s1_below_1,Male,s3_80_96,s3_141_159,s2_164_318,s2_40_80,s2_2_4
10493,s3_1695_2555,s2_n103_99,s4_n40_7,s1_below_4282,s3_3_4,s3_2003_2005,s3_2075_3730,s4_37_47,Truck (<=6000 lbs.),s3_28_48,Deployed,s2_97_208,s4_3_4,Male,s4_96_114,s4_159_169,s2_164_318,s3_80_160,s3_4_5
10494,s3_1695_2555,s2_n103_99,s4_n40_7,s2_4282_6970,s3_3_4,s1_below_2001,s3_2075_3730,s4_37_47,Truck (<=10000 lbs.),s3_28_48,Deployed,s2_97_208,s3_2_3,Male,s5_114_130,s4_159_169,s3_318_464,s3_80_160,s4_5_6
10495,s3_1695_2555,s2_n103_99,s5_7_up,s1_below_4282,s4_4_5,s1_below_2001,s3_2075_3730,s4_37_47,Truck (<=6000 lbs.),s3_28_48,Not Deployed,s2_97_208,s1_below_1,Male,s3_80_96,s4_159_169,s2_164_318,s6_260_up,s3_4_5
10496,s2_885_1695,s2_n103_99,s4_n40_7,s1_below_4282,s1_below_2,s2_2001_2003,s2_760_2075,s3_17_37,Passenger Car,s6_76_up,Not Deployed,s2_97_208,s2_1_2,Male,s4_96_114,s3_141_159,s2_164_318,s3_80_160,s2_2_4
10497,s2_885_1695,s2_n103_99,s4_n40_7,s1_below_4282,s1_below_2,s3_2003_2005,s2_760_2075,s5_47_57,Passenger Car,s3_28_48,Deployed,s2_97_208,s1_below_1,Male,s3_80_96,s3_141_159,s2_164_318,s3_80_160,s2_2_4
10498,s2_885_1695,s2_n103_99,s4_n40_7,s1_below_4282,s2_2_3,s2_2001_2003,s2_760_2075,s3_17_37,Passenger Car,s3_28_48,Deployed,s2_97_208,s2_1_2,Female,s2_37_80,s3_141_159,s2_164_318,s3_80_160,s2_2_4
10499,s3_1695_2555,s2_n103_99,s5_7_up,s1_below_4282,s2_2_3,s2_2001_2003,s2_760_2075,s3_17_37,Truck (<=10000 lbs.),s3_28_48,Not Deployed,s2_97_208,s1_below_1,Male,s3_80_96,s4_159_169,s3_318_464,s6_260_up,s4_5_6
10500,s3_1695_2555,s2_n103_99,s4_n40_7,s1_below_4282,s1_below_2,s3_2003_2005,s3_2075_3730,s5_47_57,Truck (<=10000 lbs.),s4_48_64,Not Deployed,s2_97_208,s1_below_1,Male,s3_80_96,s3_141_159,s3_318_464,s3_80_160,s3_4_5
10501,s2_885_1695,s2_n103_99,s4_n40_7,s1_below_4282,s1_below_2,s1_below_2001,s2_760_2075,s5_47_57,Passenger Car,s4_48_64,Deployed,s2_97_208,s2_1_2,Female,s3_80_96,s3_141_159,s2_164_318,s4_160_220,s2_2_4
10502,s3_1695_2555,s2_n103_99,s4_n40_7,s1_below_4282,s1_below_2,s3_2003_2005,s4_3730_up,s6_57_up,Truck (<=6000 lbs.),s2_11_28,Not Deployed,s2_97_208,s1_below_1,Female,s2_37_80,s3_141_159,s2_164_318,s3_80_160,s2_2_4
10503,s3_1695_2555,s2_n103_99,s4_n40_7,s1_below_4282,s1_below_2,s1_below_2001,s2_760_2075,s5_47_57,Truck (<=6000 lbs.),s2_11_28,Deployed,s2_97_208,s1_below_1,Female,s2_37_80,s3_141_159,s2_164_318,s3_80_160,s2_2_4
10504,s2_885_1695,s2_n103_99,s4_n40_7,s1_below_4282,s1_below_2,s3_2003_2005,s2_760_2075,s5_47_57,Passenger Car,s3_28_48,Deployed,s2_97_208,s3_2_3,Male,s2_37_80,s3_141_159,s2_164_318,s3_80_160,s2_2_4
10505,s3_1695_2555,s2_n103_99,s4_n40_7,s1_below_4282,s2_2_3,s3_2003_2005,s2_760_2075,s5_47_57,Truck (<=6000 lbs.),s6_76_up,Deployed,s2_97_208,s1_below_1,Male,s2_37_80,s4_159_169,s2_164_318,s3_80_160,s3_4_5
10506,s2_885_1695,s2_n103_99,s4_n40_7,s1_below_4282,s1_below_2,s4_2005_2007,s2_760_2075,s5_47_57,Truck (<=6000 lbs.),s5_64_76,Deployed,s2_97_208,s1_below_1,Male,s3_80_96,s3_141_159,s2_164_318,s4_160_220,s2_2_4
10507,s2_885_1695,s2_n103_99,s5_7_up,s1_below_4282,s4_4_5,s4_2005_2007,s2_760_2075,s3_17_37,Passenger Car,s2_11_28,Not Deployed,s2_97_208,s1_below_1,Female,s4_96_114,s3_141_159,s2_164_318,s6_260_up,s2_2_4
10508,s2_885_1695,s2_n103_99,s4_n40_7,s1_below_4282,s2_2_3,s1_below_2001,s2_760_2075,s4_37_47,Passenger Car,s3_28_48,Not Deployed,s2_97_208,s1_below_1,Female,s5_114_130,s3_141_159,s2_164_318,s4_160_220,s2_2_4
10509,s2_885_1695,s2_n103_99,s4_n40_7,s1_below_4282,s4_4_5,s4_2005_2007,s2_760_2075,s5_47_57,Passenger Car,s4_48_64,Deployed,s2_97_208,s1_below_1,Male,s2_37_80,s3_141_159,s2_164_318,s3_80_160,s2_2_4
10510,s2_885_1695,s2_n103_99,s4_n40_7,s1_below_4282,s4_4_5,s3_2003_2005,s2_760_2075,s4_37_47,Passenger Car,s3_28_48,Deployed,s2_97_208,s1_below_1,Male,s2_37_80,s3_141_159,s2_164_318,s4_160_220,s2_2_4
10511,s3_1695_2555,s2_n103_99,s4_n40_7,s1_below_4282,s3_3_4,s1_below_2001,s2_760_2075,s4_37_47,Truck (<=6000 lbs.),s3_28_48,Not Deployed,s2_97_208,s1_below_1,Female,s3_80_96,s3_141_159,s2_164_318,s3_80_160,s3_4_5
10512,s3_1695_2555,s2_n103_99,s4_n40_7,s1_below_4282,s3_3_4,s3_2003_2005,s2_760_2075,s3_17_37,Truck (<=10000 lbs.),s4_48_64,Not Deployed,s2_97_208,s1_below_1,Male,s2_37_80,s4_159_169,s2_164_318,s3_80_160,s3_4_5
10513,s2_885_1695,s2_n103_99,s4_n40_7,s1_below_4282,s1_below_2,s1_below_2001,s2_760_2075,s5_47_57,Truck (<=6000 lbs.),s3_28_48,Deployed,s2_97_208,s1_below_1,Male,s3_80_96,s3_141_159,s2_164_318,s3_80_160,s2_2_4
10514,s2_885_1695,s2_n103_99,s5_7_up,s1_below_4282,s4_4_5,s4_2005_2007,s2_760_2075,s4_37_47,Passenger Car,s6_76_up,Not Deployed,s2_97_208,s1_below_1,Female,s2_37_80,s3_141_159,s2_164_318,s6_260_up,s2_2_4
10515,s3_1695_2555,s2_n103_99,s4_n40_7,s1_below_4282,s2_2_3,s2_2001_2003,s2_760_2075,s3_17_37,Truck (<=10000 lbs.),s4_48_64,Not Deployed,s2_97_208,s1_below_1,Male,s3_80_96,s4_159_169,s3_318_464,s4_160_220,s4_5_6
10516,s2_885_1695,s2_n103_99,s4_n40_7,s1_below_4282,s3_3_4,s1_below_2001,s2_760_2075,s3_17_37,Passenger Car,s2_11_28,Deployed,s2_97_208,s1_below_1,Female,s2_37_80,s3_141_159,s2_164_318,s3_80_160,s2_2_4
10517,s3_1695_2555,s2_n103_99,s4_n40_7,s1_below_4282,s3_3_4,s2_2001_2003,s2_760_2075,s5_47_57,Truck (<=6000 lbs.),s2_11_28,Not Deployed,s2_97_208,s1_below_1,Female,s6_130_up,s2_116_141,s2_164_318,s3_80_160,s2_2_4
10518,s3_1695_2555,s2_n103_99,s4_n40_7,s1_below_4282,s4_4_5,s2_2001_2003,s2_760_2075,s3_17_37,Truck (<=6000 lbs.),s3_28_48,Deployed,s2_97_208,s2_1_2,Male,s3_80_96,s3_141_159,s2_164_318,s3_80_160,s2_2_4
10519,s2_885_1695,s2_n103_99,s4_n40_7,s1_below_4282,s5_5_6,s4_2005_2007,s2_760_2075,s4_37_47,Truck (<=6000 lbs.),s3_28_48,Not Deployed,s2_97_208,s1_below_1,Male,s3_80_96,s3_141_159,s2_164_318,s4_160_220,s2_2_4
10520,s3_1695_2555,s2_n103_99,s4_n40_7,s1_below_4282,s3_3_4,s3_2003_2005,s3_2075_3730,s4_37_47,Truck (<=10000 lbs.),s2_11_28,Not Deployed,s2_97_208,s1_below_1,Female,s2_37_80,s4_159_169,s3_318_464,s5_220_260,s4_5_6
10521,s3_1695_2555,s2_n103_99,s4_n40_7,s1_below_4282,s4_4_5,s4_2005_2007,s2_760_2075,s4_37_47,Truck (<=10000 lbs.),s3_28_48,Deployed,s2_97_208,s1_below_1,Male,s3_80_96,s5_169_179,s3_318_464,s3_80_160,s4_5_6
10522,s3_1695_2555,s2_n103_99,s4_n40_7,s1_below_4282,s5_5_6,s2_2001_2003,s2_760_2075,s4_37_47,Truck (<=6000 lbs.),s6_76_up,Deployed,s2_97_208,s2_1_2,Male,s3_80_96,s4_159_169,s2_164_318,s3_80_160,s2_2_4
10523,s2_885_1695,s2_n103_99,s4_n40_7,s1_below_4282,s1_below_2,s3_2003_2005,s2_760_2075,s3_17_37,Passenger Car,s3_28_48,Not Deployed,s2_97_208,s1_below_1,Male,s4_96_114,s3_141_159,s2_164_318,s2_40_80,s2_2_4
10524,s2_885_1695,s2_n103_99,s4_n40_7,s1_below_4282,s3_3_4,s4_2005_2007,s2_760_2075,s5_47_57,Passenger Car,s2_11_28,Deployed,s2_97_208,s1_below_1,Female,s2_37_80,s3_141_159,s2_164_318,s3_80_160,s2_2_4
10525,s3_1695_2555,s2_n103_99,s4_n40_7,s1_below_4282,s4_4_5,s4_2005_2007,s3_2075_3730,s3_17_37,Passenger Car,s6_76_up,Not Deployed,s2_97_208,s1_below_1,Female,s4_96_114,s4_159_169,s2_164_318,s3_80_160,s2_2_4
10526,s2_885_1695,s2_n103_99,s4_n40_7,s1_below_4282,s4_4_5,s4_2005_2007,s2_760_2075,s4_37_47,Passenger Car,s2_11_28,Deployed,s2_97_208,s1_below_1,Female,s2_37_80,s3_141_159,s2_164_318,s3_80_160,s2_2_4
10527,s2_885_1695,s2_n103_99,s4_n40_7,s1_below_4282,s3_3_4,s3_2003_2005,s3_2075_3730,s3_17_37,Passenger Car,s4_48_64,Not Deployed,s2_97_208,s1_below_1,Male,s2_37_80,s4_159_169,s2_164_318,s2_40_80,s2_2_4
10528,s2_885_1695,s2_n103_99,s4_n40_7,s1_below_4282,s2_2_3,s3_2003_2005,s2_760_2075,s3_17_37,Passenger Car,s3_28_48,Deployed,s2_97_208,s1_below_1,Female,s2_37_80,s3_141_159,s2_164_318,s4_160_220,s2_2_4
10529,s2_885_1695,s2_n103_99,s4_n40_7,s1_below_4282,s4_4_5,s2_2001_2003,s2_760_2075,s4_37_47,Passenger Car,s6_76_up,Not Deployed,s2_97_208,s2_1_2,Male,s3_80_96,s3_141_159,s2_164_318,s3_80_160,s2_2_4
10530,s2_885_1695,s2_n103_99,s4_n40_7,s1_below_4282,s1_below_2,s3_2003_2005,s2_760_2075,s3_17_37,Passenger Car,s4_48_64,Deployed,s2_97_208,s2_1_2,Male,s4_96_114,s3_141_159,s2_164_318,s2_40_80,s2_2_4
10531,s2_885_1695,s2_n103_99,s4_n40_7,s1_below_4282,s3_3_4,s1_below_2001,s2_760_2075,s3_17_37,Passenger Car,s3_28_48,Not Deployed,s2_97_208,s1_below_1,Female,s2_37_80,s3_141_159,s2_164_318,s4_160_220,s2_2_4
10532,s3_1695_2555,s2_n103_99,s4_n40_7,s1_below_4282,s4_4_5,s2_2001_2003,s2_760_2075,s5_47_57,Truck (<=10000 lbs.),s3_28_48,Not Deployed,s2_97_208,s1_below_1,Female,s5_114_130,s3_141_159,s2_164_318,s3_80_160,s2_2_4
10533,s2_885_1695,s2_n103_99,s4_n40_7,s1_below_4282,s1_below_2,s2_2001_2003,s2_760_2075,s5_47_57,Truck (<=6000 lbs.),s4_48_64,Deployed,s2_97_208,s3_2_3,Female,s4_96_114,s3_141_159,s2_164_318,s4_160_220,s2_2_4
10534,s2_885_1695,s2_n103_99,s4_n40_7,s1_below_4282,s1_below_2,s1_below_2001,s3_2075_3730,s5_47_57,Passenger Car,s3_28_48,Not Deployed,s2_97_208,s1_below_1,Male,s4_96_114,s3_141_159,s2_164_318,s2_40_80,s2_2_4
10535,s4_2555_3715,s2_n103_99,s4_n40_7,s1_below_4282,s1_below_2,s1_below_2001,s2_760_2075,s5_47_57,Truck (<=10000 lbs.),s2_11_28,Not Deployed,s2_97_208,s1_below_1,Male,s4_96_114,s5_169_179,s3_318_464,s4_160_220,s5_6_7
10536,s2_885_1695,s2_n103_99,s4_n40_7,s1_below_4282,s1_below_2,s1_below_2001,s3_2075_3730,s5_47_57,Passenger Car,s2_11_28,Not Deployed,s2_97_208,s1_below_1,Female,s2_37_80,s3_141_159,s2_164_318,s2_40_80,s2_2_4
10537,s3_1695_2555,s2_n103_99,s4_n40_7,s1_below_4282,s3_3_4,s2_2001_2003,s2_760_2075,s4_37_47,Truck (<=6000 lbs.),s3_28_48,Not Deployed,s2_97_208,s1_below_1,Male,s6_130_up,s4_159_169,s2_164_318,s4_160_220,s3_4_5
10538,s2_885_1695,s2_n103_99,s4_n40_7,s1_below_4282,s1_below_2,s2_2001_2003,s2_760_2075,s5_47_57,Passenger Car,s2_11_28,Deployed,s2_97_208,s3_2_3,Female,s2_37_80,s3_141_159,s2_164_318,s2_40_80,s2_2_4
10539,s3_1695_2555,s2_n103_99,s4_n40_7,s1_below_4282,s1_below_2,s1_below_2001,s2_760_2075,s3_17_37,Truck (<=10000 lbs.),s3_28_48,Not Deployed,s2_97_208,s1_below_1,Female,s4_96_114,s4_159_169,s3_318_464,s3_80_160,s4_5_6
10540,s2_885_1695,s2_n103_99,s4_n40_7,s1_below_4282,s1_below_2,s2_2001_2003,s3_2075_3730,s4_37_47,Passenger Car,s2_11_28,Not Deployed,s2_97_208,s2_1_2,Male,s4_96_114,s3_141_159,s2_164_318,s2_40_80,s2_2_4
10541,s2_885_1695,s2_n103_99,s4_n40_7,s1_below_4282,s1_below_2,s1_below_2001,s2_760_2075,s3_17_37,Passenger Car,s2_11_28,Not Deployed,s2_97_208,s1_below_1,Male,s3_80_96,s3_141_159,s2_164_318,s4_160_220,s2_2_4
10542,s2_885_1695,s2_n103_99,s4_n40_7,s1_below_4282,s3_3_4,s1_below_2001,s2_760_2075,s4_37_47,Passenger Car,s4_48_64,Not Deployed,s2_97_208,s1_below_1,Female,s2_37_80,s3_141_159,s2_164_318,s2_40_80,s2_2_4
10543,s2_885_1695,s2_n103_99,s4_n40_7,s1_below_4282,s1_below_2,s2_2001_2003,s2_760_2075,s4_37_47,Truck (<=6000 lbs.),s4_48_64,Deployed,s2_97_208,s1_below_1,Male,s4_96_114,s3_141_159,s2_164_318,s2_40_80,s2_2_4
10544,s2_885_1695,s2_n103_99,s4_n40_7,s1_below_4282,s3_3_4,s2_2001_2003,s2_760_2075,s3_17_37,Passenger Car,s2_11_28,Not Deployed,s2_97_208,s1_below_1,Female,s2_37_80,s3_141_159,s2_164_318,s3_80_160,s2_2_4
10545,s3_1695_2555,s2_n103_99,s4_n40_7,s1_below_4282,s4_4_5,s1_below_2001,s2_760_2075,s5_47_57,Truck (<=6000 lbs.),s3_28_48,Not Deployed,s2_97_208,s1_below_1,Female,s2_37_80,s4_159_169,s2_164_318,s3_80_160,s3_4_5
10546,s3_1695_2555,s2_n103_99,s4_n40_7,s1_below_4282,s1_below_2,s4_2005_2007,s2_760_2075,s3_17_37,Truck (<=10000 lbs.),s4_48_64,Deployed,s2_97_208,s1_below_1,Male,s4_96_114,s5_169_179,s3_318_464,s4_160_220,s4_5_6
10547,s2_885_1695,s2_n103_99,s4_n40_7,s1_below_4282,s2_2_3,s2_2001_2003,s2_760_2075,s5_47_57,Passenger Car,s3_28_48,Deployed,s2_97_208,s1_below_1,Female,s2_37_80,s3_141_159,s2_164_318,s3_80_160,s2_2_4
10548,s2_885_1695,s2_n103_99,s4_n40_7,s1_below_4282,s1_below_2,s1_below_2001,s2_760_2075,s5_47_57,Passenger Car,s2_11_28,Deployed,s2_97_208,s1_below_1,Female,s2_37_80,s3_141_159,s2_164_318,s3_80_160,s2_2_4
10549,s3_1695_2555,s2_n103_99,s4_n40_7,s1_below_4282,s1_below_2,s1_below_2001,s2_760_2075,s5_47_57,Truck (<=10000 lbs.),s3_28_48,Deployed,s2_97_208,s1_below_1,Male,s3_80_96,s3_141_159,s2_164_318,s3_80_160,s2_2_4
10550,s2_885_1695,s2_n103_99,s4_n40_7,s1_below_4282,s2_2_3,s1_below_2001,s2_760_2075,s3_17_37,Passenger Car,s2_11_28,Deployed,s2_97_208,s1_below_1,Female,s2_37_80,s3_141_159,s2_164_318,s3_80_160,s2_2_4
10551,s2_885_1695,s2_n103_99,s5_7_up,s1_below_4282,s3_3_4,s4_2005_2007,s2_760_2075,s4_37_47,Passenger Car,s3_28_48,Not Deployed,s2_97_208,s1_below_1,Female,s2_37_80,s3_141_159,s2_164_318,s6_260_up,s2_2_4
10552,s3_1695_2555,s2_n103_99,s4_n40_7,s1_below_4282,s1_below_2,s2_2001_2003,s2_760_2075,s4_37_47,Truck (<=6000 lbs.),s3_28_48,Deployed,s2_97_208,s1_below_1,Female,s2_37_80,s3_141_159,s2_164_318,s3_80_160,s2_2_4
10553,s2_885_1695,s2_n103_99,s4_n40_7,s1_below_4282,s3_3_4,s2_2001_2003,s2_760_2075,s4_37_47,Passenger Car,s6_76_up,Deployed,s2_97_208,s2_1_2,Female,s2_37_80,s3_141_159,s2_164_318,s4_160_220,s2_2_4
10554,s2_885_1695,s2_n103_99,s4_n40_7,s1_below_4282,s3_3_4,s3_2003_2005,s2_760_2075,s4_37_47,Passenger Car,s5_64_76,Deployed,s2_97_208,s1_below_1,Female,s3_80_96,s3_141_159,s2_164_318,s4_160_220,s2_2_4
10555,s2_885_1695,s2_n103_99,s4_n40_7,s1_below_4282,s1_below_2,s4_2005_2007,s2_760_2075,s3_17_37,Passenger Car,s2_11_28,Deployed,s2_97_208,s1_below_1,Male,s2_37_80,s3_141_159,s2_164_318,s3_80_160,s2_2_4
10556,s2_885_1695,s2_n103_99,s4_n40_7,s1_below_4282,s1_below_2,s3_2003_2005,s2_760_2075,s5_47_57,Truck (<=6000 lbs.),s4_48_64,Deployed,s2_97_208,s1_below_1,Female,s3_80_96,s3_141_159,s3_318_464,s4_160_220,s2_2_4
10557,s3_1695_2555,s2_n103_99,s4_n40_7,s1_below_4282,s1_below_2,s2_2001_2003,s2_760_2075,s4_37_47,Truck (<=10000 lbs.),s3_28_48,Not Deployed,s2_97_208,s1_below_1,Male,s4_96_114,s3_141_159,s3_318_464,s3_80_160,s4_5_6
10558,s2_885_1695,s2_n103_99,s4_n40_7,s1_below_4282,s1_below_2,s2_2001_2003,s2_760_2075,s4_37_47,Passenger Car,s3_28_48,Deployed,s2_97_208,s2_1_2,Female,s3_80_96,s3_141_159,s2_164_318,s4_160_220,s2_2_4
10559,s2_885_1695,s2_n103_99,s4_n40_7,s1_below_4282,s1_below_2,s3_2003_2005,s2_760_2075,s6_57_up,Passenger Car,s5_64_76,Not Deployed,s2_97_208,s1_below_1,Female,s2_37_80,s3_141_159,s2_164_318,s4_160_220,s2_2_4
10560,s4_2555_3715,s2_n103_99,s4_n40_7,s1_below_4282,s4_4_5,s4_2005_2007,s2_760_2075,s3_17_37,Truck (<=10000 lbs.),s4_48_64,Not Deployed,s2_97_208,s1_below_1,Male,s3_80_96,s5_169_179,s3_318_464,s4_160_220,s5_6_7
10561,s2_885_1695,s2_n103_99,s4_n40_7,s1_below_4282,s2_2_3,s2_2001_2003,s2_760_2075,s4_37_47,Passenger Car,s3_28_48,Not Deployed,s2_97_208,s1_below_1,Male,s3_80_96,s3_141_159,s2_164_318,s3_80_160,s2_2_4
10562,s3_1695_2555,s2_n103_99,s4_n40_7,s1_below_4282,s1_below_2,s2_2001_2003,s2_760_2075,s3_17_37,Truck (<=6000 lbs.),s5_64_76,Deployed,s2_97_208,s2_1_2,Female,s2_37_80,s3_141_159,s2_164_318,s3_80_160,s2_2_4
10563,s2_885_1695,s2_n103_99,s4_n40_7,s1_below_4282,s3_3_4,s3_2003_2005,s2_760_2075,s4_37_47,Passenger Car,s3_28_48,Not Deployed,s2_97_208,s1_below_1,Male,s3_80_96,s3_141_159,s2_164_318,s4_160_220,s2_2_4
10564,s3_1695_2555,s2_n103_99,s4_n40_7,s1_below_4282,s2_2_3,s3_2003_2005,s2_760_2075,s3_17_37,Truck (<=6000 lbs.),s4_48_64,Not Deployed,s2_97_208,s1_below_1,Female,s2_37_80,s3_141_159,s2_164_318,s4_160_220,s3_4_5
10565,s2_885_1695,s2_n103_99,s4_n40_7,s1_below_4282,s2_2_3,s3_2003_2005,s2_760_2075,s3_17_37,Passenger Car,s3_28_48,Not Deployed,s2_97_208,s1_below_1,Female,s2_37_80,s3_141_159,s2_164_318,s2_40_80,s2_2_4
10566,s2_885_1695,s2_n103_99,s4_n40_7,s1_below_4282,s1_below_2,s4_2005_2007,s2_760_2075,s3_17_37,Passenger Car,s4_48_64,Not Deployed,s2_97_208,s1_below_1,Female,s2_37_80,s3_141_159,s2_164_318,s3_80_160,s2_2_4
10567,s2_885_1695,s2_n103_99,s5_7_up,s1_below_4282,s2_2_3,s1_below_2001,s3_2075_3730,s4_37_47,Passenger Car,s4_48_64,Not Deployed,s2_97_208,s1_below_1,Female,s2_37_80,s3_141_159,s2_164_318,s6_260_up,s2_2_4
10568,s3_1695_2555,s2_n103_99,s4_n40_7,s1_below_4282,s4_4_5,s3_2003_2005,s2_760_2075,s3_17_37,Truck (<=10000 lbs.),s4_48_64,Deployed,s2_97_208,s1_below_1,Male,s3_80_96,s5_169_179,s3_318_464,s4_160_220,s4_5_6
10569,s2_885_1695,s2_n103_99,s4_n40_7,s1_below_4282,s1_below_2,s2_2001_2003,s2_760_2075,s3_17_37,Passenger Car,s2_11_28,Deployed,s2_97_208,s1_below_1,Male,s3_80_96,s3_141_159,s2_164_318,s2_40_80,s2_2_4
10570,s3_1695_2555,s2_n103_99,s4_n40_7,s1_below_4282,s1_below_2,s1_below_2001,s2_760_2075,s5_47_57,Truck (<=6000 lbs.),s5_64_76,Not Deployed,s2_97_208,s1_below_1,Male,s3_80_96,s3_141_159,s2_164_318,s3_80_160,s3_4_5
10571,s2_885_1695,s2_n103_99,s4_n40_7,s1_below_4282,s4_4_5,s2_2001_2003,s2_760_2075,s5_47_57,Passenger Car,s2_11_28,Deployed,s2_97_208,s1_below_1,Female,s2_37_80,s3_141_159,s2_164_318,s4_160_220,s2_2_4
10572,s3_1695_2555,s2_n103_99,s4_n40_7,s1_below_4282,s4_4_5,s4_2005_2007,s2_760_2075,s5_47_57,Truck (<=6000 lbs.),s2_11_28,Not Deployed,s2_97_208,s1_below_1,Male,s2_37_80,s4_159_169,s2_164_318,s4_160_220,s2_2_4
10573,s3_1695_2555,s2_n103_99,s4_n40_7,s1_below_4282,s1_below_2,s2_2001_2003,s2_760_2075,s5_47_57,Truck (<=10000 lbs.),s3_28_48,Not Deployed,s2_97_208,s1_below_1,Female,s2_37_80,s5_169_179,s3_318_464,s3_80_160,s4_5_6
10574,s3_1695_2555,s2_n103_99,s4_n40_7,s1_below_4282,s4_4_5,s4_2005_2007,s2_760_2075,s3_17_37,Truck (<=10000 lbs.),s2_11_28,Deployed,s2_97_208,s1_below_1,Male,s3_80_96,s5_169_179,s3_318_464,s3_80_160,s4_5_6
10575,s2_885_1695,s2_n103_99,s4_n40_7,s1_below_4282,s3_3_4,s3_2003_2005,s2_760_2075,s5_47_57,Passenger Car,s3_28_48,Not Deployed,s2_97_208,s1_below_1,Female,s3_80_96,s3_141_159,s2_164_318,s3_80_160,s2_2_4
10576,s2_885_1695,s2_n103_99,s4_n40_7,s1_below_4282,s2_2_3,s1_below_2001,s2_760_2075,s4_37_47,Passenger Car,s2_11_28,Deployed,s2_97_208,s1_below_1,Female,s2_37_80,s3_141_159,s2_164_318,s3_80_160,s2_2_4
10577,s3_1695_2555,s2_n103_99,s4_n40_7,s1_below_4282,s2_2_3,s3_2003_2005,s3_2075_3730,s3_17_37,Truck (<=6000 lbs.),s2_11_28,Deployed,s2_97_208,s1_below_1,Female,s2_37_80,s3_141_159,s3_318_464,s3_80_160,s2_2_4
10578,s2_885_1695,s2_n103_99,s4_n40_7,s1_below_4282,s1_below_2,s1_below_2001,s2_760_2075,s4_37_47,Passenger Car,s4_48_64,Not Deployed,s2_97_208,s1_below_1,Female,s2_37_80,s3_141_159,s2_164_318,s2_40_80,s2_2_4
10579,s2_885_1695,s2_n103_99,s4_n40_7,s1_below_4282,s3_3_4,s4_2005_2007,s2_760_2075,s4_37_47,Passenger Car,s3_28_48,Not Deployed,s2_97_208,s1_below_1,Female,s2_37_80,s3_141_159,s2_164_318,s4_160_220,s2_2_4
10580,s2_885_1695,s2_n103_99,s4_n40_7,s1_below_4282,s3_3_4,s3_2003_2005,s2_760_2075,s4_37_47,Passenger Car,s2_11_28,Deployed,s2_97_208,s1_below_1,Female,s2_37_80,s3_141_159,s2_164_318,s3_80_160,s2_2_4
10581,s2_885_1695,s2_n103_99,s4_n40_7,s1_below_4282,s1_below_2,s2_2001_2003,s3_2075_3730,s3_17_37,Passenger Car,s2_11_28,Deployed,s2_97_208,s1_below_1,Male,s3_80_96,s3_141_159,s2_164_318,s3_80_160,s2_2_4
10582,s2_885_1695,s2_n103_99,s4_n40_7,s1_below_4282,s3_3_4,s3_2003_2005,s2_760_2075,s4_37_47,Truck (<=6000 lbs.),s3_28_48,Deployed,s2_97_208,s1_below_1,Male,s2_37_80,s3_141_159,s2_164_318,s4_160_220,s2_2_4
10583,s2_885_1695,s2_n103_99,s4_n40_7,s1_below_4282,s3_3_4,s2_2001_2003,s2_760_2075,s4_37_47,Passenger Car,s2_11_28,Deployed,s2_97_208,s1_below_1,Female,s2_37_80,s3_141_159,s2_164_318,s3_80_160,s2_2_4
10584,s2_885_1695,s2_n103_99,s4_n40_7,s1_below_4282,s4_4_5,s4_2005_2007,s2_760_2075,s4_37_47,Passenger Car,s3_28_48,Deployed,s2_97_208,s1_below_1,Male,s3_80_96,s3_141_159,s2_164_318,s3_80_160,s2_2_4
10585,s3_1695_2555,s2_n103_99,s4_n40_7,s1_below_4282,s5_5_6,s1_below_2001,s2_760_2075,s4_37_47,Truck (<=10000 lbs.),s3_28_48,Not Deployed,s2_97_208,s1_below_1,Male,s4_96_114,s4_159_169,s2_164_318,s2_40_80,s2_2_4
10586,s2_885_1695,s2_n103_99,s4_n40_7,s1_below_4282,s1_below_2,s3_2003_2005,s3_2075_3730,s4_37_47,Passenger Car,s2_11_28,Not Deployed,s2_97_208,s1_below_1,Female,s2_37_80,s3_141_159,s2_164_318,s3_80_160,s2_2_4
10587,s2_885_1695,s2_n103_99,s4_n40_7,s1_below_4282,s3_3_4,s2_2001_2003,s2_760_2075,s3_17_37,Passenger Car,s5_64_76,Deployed,s2_97_208,s1_below_1,Male,s2_37_80,s3_141_159,s2_164_318,s3_80_160,s2_2_4
10588,s3_1695_2555,s2_n103_99,s4_n40_7,s1_below_4282,s4_4_5,s2_2001_2003,s2_760_2075,s3_17_37,Truck (<=6000 lbs.),s2_11_28,Deployed,s2_97_208,s3_2_3,Male,s2_37_80,s3_141_159,s2_164_318,s3_80_160,s2_2_4
10589,s2_885_1695,s2_n103_99,s4_n40_7,s1_below_4282,s1_below_2,s2_2001_2003,s2_760_2075,s3_17_37,Passenger Car,s2_11_28,Not Deployed,s2_97_208,s1_below_1,Female,s2_37_80,s3_141_159,s2_164_318,s2_40_80,s2_2_4
10590,s3_1695_2555,s2_n103_99,s4_n40_7,s1_below_4282,s3_3_4,s3_2003_2005,s2_760_2075,s4_37_47,Truck (<=6000 lbs.),s3_28_48,Not Deployed,s2_97_208,s1_below_1,Female,s2_37_80,s3_141_159,s2_164_318,s5_220_260,s2_2_4
10591,s2_885_1695,s2_n103_99,s4_n40_7,s1_below_4282,s1_below_2,s1_below_2001,s2_760_2075,s3_17_37,Passenger Car,s4_48_64,Not Deployed,s2_97_208,s1_below_1,Male,s3_80_96,s3_141_159,s2_164_318,s4_160_220,s2_2_4
10592,s2_885_1695,s2_n103_99,s4_n40_7,s1_below_4282,s3_3_4,s2_2001_2003,s2_760_2075,s4_37_47,Passenger Car,s6_76_up,Not Deployed,s2_97_208,s2_1_2,Male,s3_80_96,s3_141_159,s2_164_318,s4_160_220,s2_2_4
10593,s2_885_1695,s2_n103_99,s5_7_up,s1_below_4282,s1_below_2,s2_2001_2003,s2_760_2075,s3_17_37,Passenger Car,s2_11_28,Not Deployed,s2_97_208,s1_below_1,Male,s2_37_80,s3_141_159,s2_164_318,s6_260_up,s2_2_4
10594,s2_885_1695,s2_n103_99,s4_n40_7,s1_below_4282,s2_2_3,s3_2003_2005,s2_760_2075,s4_37_47,Passenger Car,s3_28_48,Deployed,s2_97_208,s1_below_1,Female,s2_37_80,s3_141_159,s2_164_318,s4_160_220,s2_2_4
10595,s2_885_1695,s2_n103_99,s4_n40_7,s1_below_4282,s3_3_4,s2_2001_2003,s2_760_2075,s4_37_47,Passenger Car,s3_28_48,Not Deployed,s2_97_208,s1_below_1,Male,s4_96_114,s3_141_159,s2_164_318,s2_40_80,s2_2_4
10596,s2_885_1695,s2_n103_99,s4_n40_7,s1_below_4282,s4_4_5,s4_2005_2007,s2_760_2075,s3_17_37,Passenger Car,s3_28_48,Deployed,s2_97_208,s1_below_1,Male,s3_80_96,s3_141_159,s2_164_318,s3_80_160,s2_2_4
10597,s3_1695_2555,s2_n103_99,s4_n40_7,s1_below_4282,s5_5_6,s2_2001_2003,s2_760_2075,s4_37_47,Passenger Car,s3_28_48,Not Deployed,s2_97_208,s1_below_1,Male,s3_80_96,s4_159_169,s2_164_318,s2_40_80,s2_2_4
10598,s2_885_1695,s2_n103_99,s4_n40_7,s1_below_4282,s2_2_3,s2_2001_2003,s2_760_2075,s6_57_up,Truck (<=6000 lbs.),s2_11_28,Deployed,s2_97_208,s1_below_1,Female,s2_37_80,s3_141_159,s2_164_318,s4_160_220,s2_2_4
10599,s2_885_1695,s2_n103_99,s5_7_up,s1_below_4282,s5_5_6,s2_2001_2003,s2_760_2075,s6_57_up,Passenger Car,s4_48_64,Not Deployed,s2_97_208,s1_below_1,Male,s2_37_80,s3_141_159,s2_164_318,s6_260_up,s2_2_4
10600,s2_885_1695,s2_n103_99,s4_n40_7,s1_below_4282,s1_below_2,s1_below_2001,s2_760_2075,s3_17_37,Truck (<=6000 lbs.),s2_11_28,Not Deployed,s2_97_208,s1_below_1,Male,s2_37_80,s3_141_159,s2_164_318,s3_80_160,s2_2_4
10601,s2_885_1695,s2_n103_99,s4_n40_7,s1_below_4282,s4_4_5,s4_2005_2007,s2_760_2075,s6_57_up,Passenger Car,s3_28_48,Deployed,s2_97_208,s1_below_1,Male,s4_96_114,s3_141_159,s2_164_318,s2_40_80,s2_2_4
10602,s2_885_1695,s2_n103_99,s4_n40_7,s1_below_4282,s4_4_5,s1_below_2001,s2_760_2075,s6_57_up,Passenger Car,s4_48_64,Not Deployed,s2_97_208,s1_below_1,Male,s3_80_96,s3_141_159,s2_164_318,s1_below_40,s2_2_4
10603,s2_885_1695,s2_n103_99,s4_n40_7,s1_below_4282,s4_4_5,s1_below_2001,s2_760_2075,s3_17_37,Truck (<=6000 lbs.),s3_28_48,Deployed,s2_97_208,s1_below_1,Female,s2_37_80,s2_116_141,s2_164_318,s3_80_160,s2_2_4
10604,s2_885_1695,s2_n103_99,s4_n40_7,s1_below_4282,s4_4_5,s4_2005_2007,s2_760_2075,s3_17_37,Passenger Car,s2_11_28,Deployed,s2_97_208,s1_below_1,Male,s2_37_80,s3_141_159,s2_164_318,s3_80_160,s2_2_4
10605,s2_885_1695,s2_n103_99,s4_n40_7,s1_below_4282,s4_4_5,s4_2005_2007,s2_760_2075,s3_17_37,Passenger Car,s3_28_48,Deployed,s2_97_208,s1_below_1,Male,s4_96_114,s3_141_159,s2_164_318,s3_80_160,s2_2_4
10606,s3_1695_2555,s2_n103_99,s4_n40_7,s1_below_4282,s2_2_3,s2_2001_2003,s2_760_2075,s4_37_47,Passenger Car,s3_28_48,Not Deployed,s2_97_208,s1_below_1,Male,s4_96_114,s4_159_169,s2_164_318,s2_40_80,s2_2_4
10607,s3_1695_2555,s2_n103_99,s4_n40_7,s1_below_4282,s3_3_4,s1_below_2001,s3_2075_3730,s3_17_37,Truck (<=6000 lbs.),s3_28_48,Deployed,s2_97_208,s1_below_1,Male,s3_80_96,s3_141_159,s2_164_318,s4_160_220,s2_2_4
10608,s5_3715_up,s2_n103_99,s4_n40_7,s1_below_4282,s3_3_4,s1_below_2001,s2_760_2075,s4_37_47,Truck (<=10000 lbs.),s4_48_64,Deployed,s2_97_208,s3_2_3,Male,s3_80_96,s5_169_179,s3_318_464,s3_80_160,s4_5_6
10609,s4_2555_3715,s2_n103_99,s4_n40_7,s1_below_4282,s3_3_4,s3_2003_2005,s3_2075_3730,s6_57_up,Truck (<=10000 lbs.),s5_64_76,Deployed,s2_97_208,s2_1_2,Male,s5_114_130,s5_169_179,s3_318_464,s6_260_up,s4_5_6
10610,s2_885_1695,s2_n103_99,s4_n40_7,s1_below_4282,s3_3_4,s2_2001_2003,s2_760_2075,s3_17_37,Passenger Car,s3_28_48,Deployed,s2_97_208,s1_below_1,Male,s3_80_96,s3_141_159,s2_164_318,s3_80_160,s2_2_4
10611,s3_1695_2555,s2_n103_99,s4_n40_7,s1_below_4282,s3_3_4,s3_2003_2005,s2_760_2075,s4_37_47,Truck (<=6000 lbs.),s4_48_64,Not Deployed,s2_97_208,s1_below_1,Male,s3_80_96,s4_159_169,s2_164_318,s4_160_220,s3_4_5
10612,s3_1695_2555,s2_n103_99,s4_n40_7,s1_below_4282,s4_4_5,s3_2003_2005,s3_2075_3730,s6_57_up,Truck (<=10000 lbs.),s3_28_48,Not Deployed,s2_97_208,s1_below_1,Male,s5_114_130,s4_159_169,s3_318_464,s4_160_220,s4_5_6
10613,s2_885_1695,s2_n103_99,s4_n40_7,s1_below_4282,s1_below_2,s2_2001_2003,s2_760_2075,s3_17_37,Passenger Car,s5_64_76,Not Deployed,s2_97_208,s1_below_1,Male,s3_80_96,s3_141_159,s2_164_318,s4_160_220,s2_2_4
10614,s3_1695_2555,s2_n103_99,s4_n40_7,s1_below_4282,s2_2_3,s1_below_2001,s2_760_2075,s4_37_47,Truck (<=6000 lbs.),s5_64_76,Not Deployed,s2_97_208,s1_below_1,Female,s2_37_80,s4_159_169,s2_164_318,s2_40_80,s2_2_4
10615,s2_885_1695,s2_n103_99,s5_7_up,s1_below_4282,s2_2_3,s2_2001_2003,s3_2075_3730,s1_below_7,Passenger Car,s3_28_48,Not Deployed,s2_97_208,s2_1_2,Male,s3_80_96,s3_141_159,s2_164_318,s6_260_up,s2_2_4
10616,s2_885_1695,s2_n103_99,s4_n40_7,s1_below_4282,s1_below_2,s3_2003_2005,s2_760_2075,s3_17_37,Passenger Car,s4_48_64,Deployed,s2_97_208,s2_1_2,Male,s3_80_96,s3_141_159,s2_164_318,s3_80_160,s2_2_4
10617,s3_1695_2555,s2_n103_99,s4_n40_7,s1_below_4282,s3_3_4,s2_2001_2003,s2_760_2075,s3_17_37,Truck (<=6000 lbs.),s4_48_64,Not Deployed,s2_97_208,s1_below_1,Male,s4_96_114,s3_141_159,s2_164_318,s4_160_220,s2_2_4
10618,s2_885_1695,s2_n103_99,s4_n40_7,s1_below_4282,s3_3_4,s4_2005_2007,s2_760_2075,s3_17_37,Passenger Car,s2_11_28,Deployed,s2_97_208,s3_2_3,Female,s4_96_114,s3_141_159,s2_164_318,s2_40_80,s2_2_4
10619,s2_885_1695,s2_n103_99,s5_7_up,s1_below_4282,s1_below_2,s2_2001_2003,s2_760_2075,s3_17_37,Passenger Car,s3_28_48,Not Deployed,s2_97_208,s1_below_1,Male,s2_37_80,s3_141_159,s2_164_318,s6_260_up,s2_2_4
10620,s2_885_1695,s2_n103_99,s5_7_up,s1_below_4282,s6_6_up,s2_2001_2003,s2_760_2075,s3_17_37,Passenger Car,s4_48_64,Not Deployed,s2_97_208,s1_below_1,Female,s2_37_80,s3_141_159,s2_164_318,s6_260_up,s2_2_4
10621,s3_1695_2555,s2_n103_99,s4_n40_7,s1_below_4282,s3_3_4,s2_2001_2003,s2_760_2075,s4_37_47,Truck (<=10000 lbs.),s3_28_48,Deployed,s2_97_208,s1_below_1,Male,s2_37_80,s4_159_169,s2_164_318,s3_80_160,s3_4_5
10622,s2_885_1695,s2_n103_99,s4_n40_7,s1_below_4282,s2_2_3,s1_below_2001,s2_760_2075,s3_17_37,Passenger Car,s2_11_28,Deployed,s2_97_208,s1_below_1,Male,s2_37_80,s3_141_159,s2_164_318,s3_80_160,s2_2_4
10623,s4_2555_3715,s2_n103_99,s4_n40_7,s1_below_4282,s4_4_5,s4_2005_2007,s4_3730_up,s3_17_37,Truck (<=6000 lbs.),s3_28_48,Deployed,s2_97_208,s1_below_1,Female,s4_96_114,s3_141_159,s2_164_318,s3_80_160,s2_2_4
10624,s2_885_1695,s2_n103_99,s4_n40_7,s1_below_4282,s2_2_3,s3_2003_2005,s2_760_2075,s3_17_37,Passenger Car,s2_11_28,Not Deployed,s2_97_208,s1_below_1,Female,s2_37_80,s3_141_159,s2_164_318,s2_40_80,s2_2_4
10625,s4_2555_3715,s2_n103_99,s5_7_up,s1_below_4282,s3_3_4,s1_below_2001,s2_760_2075,s3_17_37,Truck (<=10000 lbs.),s2_11_28,Not Deployed,s2_97_208,s1_below_1,Female,s2_37_80,s4_159_169,s2_164_318,s6_260_up,s3_4_5
10626,s2_885_1695,s2_n103_99,s4_n40_7,s1_below_4282,s4_4_5,s2_2001_2003,s2_760_2075,s3_17_37,Passenger Car,s6_76_up,Deployed,s2_97_208,s1_below_1,Male,s2_37_80,s3_141_159,s2_164_318,s3_80_160,s2_2_4
10627,s2_885_1695,s2_n103_99,s4_n40_7,s1_below_4282,s4_4_5,s2_2001_2003,s2_760_2075,s3_17_37,Passenger Car,s4_48_64,Not Deployed,s2_97_208,s1_below_1,Female,s2_37_80,s3_141_159,s2_164_318,s4_160_220,s2_2_4
10628,s4_2555_3715,s2_n103_99,s4_n40_7,s1_below_4282,s4_4_5,s3_2003_2005,s2_760_2075,s3_17_37,Truck (<=10000 lbs.),s2_11_28,Deployed,s2_97_208,s1_below_1,Male,s2_37_80,s5_169_179,s2_164_318,s3_80_160,s3_4_5
10629,s2_885_1695,s2_n103_99,s3_n81_n40,s1_below_4282,s4_4_5,s2_2001_2003,s3_2075_3730,s3_17_37,Passenger Car,s4_48_64,Deployed,s2_97_208,s3_2_3,Female,s2_37_80,s3_141_159,s2_164_318,s3_80_160,s2_2_4
10630,s3_1695_2555,s2_n103_99,s4_n40_7,s1_below_4282,s4_4_5,s2_2001_2003,s2_760_2075,s4_37_47,Truck (<=10000 lbs.),s3_28_48,Deployed,s2_97_208,s1_below_1,Male,s4_96_114,s5_169_179,s3_318_464,s3_80_160,s4_5_6
10631,s3_1695_2555,s2_n103_99,s3_n81_n40,s1_below_4282,s5_5_6,s3_2003_2005,s2_760_2075,s4_37_47,Truck (<=6000 lbs.),s3_28_48,Deployed,s2_97_208,s3_2_3,Male,s5_114_130,s4_159_169,s2_164_318,s3_80_160,s3_4_5
10632,s2_885_1695,s2_n103_99,s4_n40_7,s1_below_4282,s2_2_3,s1_below_2001,s3_2075_3730,s3_17_37,Passenger Car,s2_11_28,Not Deployed,s2_97_208,s1_below_1,Male,s2_37_80,s3_141_159,s2_164_318,s4_160_220,s2_2_4
10633,s2_885_1695,s2_n103_99,s4_n40_7,s1_below_4282,s4_4_5,s2_2001_2003,s2_760_2075,s4_37_47,Passenger Car,s2_11_28,Deployed,s2_97_208,s1_below_1,Male,s2_37_80,s3_141_159,s2_164_318,s4_160_220,s2_2_4
10634,s2_885_1695,s2_n103_99,s5_7_up,s1_below_4282,s4_4_5,s2_2001_2003,s2_760_2075,s6_57_up,Truck (<=6000 lbs.),s3_28_48,Not Deployed,s2_97_208,s1_below_1,Female,s2_37_80,s3_141_159,s2_164_318,s6_260_up,s2_2_4
10635,s2_885_1695,s2_n103_99,s3_n81_n40,s1_below_4282,s4_4_5,s2_2001_2003,s2_760_2075,s6_57_up,Passenger Car,s2_11_28,Deployed,s2_97_208,s1_below_1,Female,s2_37_80,s3_141_159,s2_164_318,s3_80_160,s2_2_4
10636,s4_2555_3715,s2_n103_99,s4_n40_7,s1_below_4282,s3_3_4,s3_2003_2005,s4_3730_up,s3_17_37,Truck (<=6000 lbs.),s3_28_48,Deployed,s2_97_208,s4_3_4,Female,s3_80_96,s4_159_169,s2_164_318,s2_40_80,s2_2_4
10637,s2_885_1695,s2_n103_99,s4_n40_7,s1_below_4282,s3_3_4,s3_2003_2005,s3_2075_3730,s4_37_47,Passenger Car,s4_48_64,Deployed,s2_97_208,s1_below_1,Female,s2_37_80,s3_141_159,s2_164_318,s4_160_220,s2_2_4
10638,s3_1695_2555,s2_n103_99,s4_n40_7,s1_below_4282,s3_3_4,s4_2005_2007,s2_760_2075,s3_17_37,Truck (<=10000 lbs.),s3_28_48,Deployed,s2_97_208,s1_below_1,Male,s2_37_80,s4_159_169,s2_164_318,s3_80_160,s2_2_4
10639,s3_1695_2555,s2_n103_99,s4_n40_7,s1_below_4282,s6_6_up,s2_2001_2003,s2_760_2075,s3_17_37,Passenger Car,s2_11_28,Deployed,s2_97_208,s1_below_1,Male,s2_37_80,s4_159_169,s2_164_318,s3_80_160,s2_2_4
10640,s2_885_1695,s2_n103_99,s5_7_up,s1_below_4282,s2_2_3,s4_2005_2007,s2_760_2075,s4_37_47,Passenger Car,s2_11_28,Not Deployed,s2_97_208,s1_below_1,Female,s4_96_114,s3_141_159,s2_164_318,s6_260_up,s2_2_4
10641,s2_885_1695,s2_n103_99,s4_n40_7,s1_below_4282,s3_3_4,s3_2003_2005,s2_760_2075,s4_37_47,Passenger Car,s2_11_28,Deployed,s2_97_208,s1_below_1,Male,s3_80_96,s3_141_159,s2_164_318,s3_80_160,s2_2_4
10642,s3_1695_2555,s2_n103_99,s4_n40_7,s1_below_4282,s5_5_6,s2_2001_2003,s2_760_2075,s3_17_37,Truck (<=6000 lbs.),s3_28_48,Not Deployed,s2_97_208,s1_below_1,Female,s3_80_96,s3_141_159,s2_164_318,s3_80_160,s2_2_4
10643,s3_1695_2555,s2_n103_99,s4_n40_7,s1_below_4282,s3_3_4,s4_2005_2007,s2_760_2075,s3_17_37,Truck (<=6000 lbs.),s5_64_76,Deployed,s2_97_208,s5_4_5,Male,s3_80_96,s3_141_159,s2_164_318,s3_80_160,s2_2_4
10644,s2_885_1695,s2_n103_99,s4_n40_7,s1_below_4282,s4_4_5,s2_2001_2003,s2_760_2075,s3_17_37,Truck (<=6000 lbs.),s3_28_48,Deployed,s2_97_208,s1_below_1,Male,s3_80_96,s3_141_159,s2_164_318,s3_80_160,s2_2_4
10645,s2_885_1695,s2_n103_99,s4_n40_7,s1_below_4282,s4_4_5,s3_2003_2005,s2_760_2075,s3_17_37,Passenger Car,s4_48_64,Deployed,s2_97_208,s1_below_1,Female,s3_80_96,s3_141_159,s2_164_318,s3_80_160,s2_2_4
10646,s2_885_1695,s2_n103_99,s4_n40_7,s1_below_4282,s4_4_5,s4_2005_2007,s2_760_2075,s3_17_37,Passenger Car,s3_28_48,Deployed,s2_97_208,s1_below_1,Male,s4_96_114,s3_141_159,s2_164_318,s4_160_220,s2_2_4
10647,s4_2555_3715,s2_n103_99,s4_n40_7,s1_below_4282,s1_below_2,s3_2003_2005,s2_760_2075,s4_37_47,Truck (<=6000 lbs.),s2_11_28,Not Deployed,s2_97_208,s2_1_2,Male,s2_37_80,s3_141_159,s2_164_318,s2_40_80,s2_2_4
10648,s2_885_1695,s2_n103_99,s4_n40_7,s1_below_4282,s2_2_3,s3_2003_2005,s2_760_2075,s6_57_up,Passenger Car,s3_28_48,Deployed,s2_97_208,s3_2_3,Female,s2_37_80,s3_141_159,s2_164_318,s3_80_160,s2_2_4
10649,s3_1695_2555,s2_n103_99,s5_7_up,s1_below_4282,s4_4_5,s1_below_2001,s2_760_2075,s4_37_47,Truck (<=6000 lbs.),s3_28_48,Not Deployed,s2_97_208,s3_2_3,Male,s6_130_up,s4_159_169,s3_318_464,s5_220_260,s4_5_6
10650,s2_885_1695,s2_n103_99,s4_n40_7,s1_below_4282,s1_below_2,s2_2001_2003,s2_760_2075,s3_17_37,Passenger Car,s4_48_64,Deployed,s2_97_208,s4_3_4,Female,s2_37_80,s3_141_159,s2_164_318,s4_160_220,s2_2_4
10651,s3_1695_2555,s2_n103_99,s4_n40_7,s1_below_4282,s5_5_6,s2_2001_2003,s2_760_2075,s3_17_37,Passenger Car,s3_28_48,Not Deployed,s2_97_208,s1_below_1,Male,s2_37_80,s4_159_169,s2_164_318,s3_80_160,s2_2_4
10652,s3_1695_2555,s2_n103_99,s4_n40_7,s1_below_4282,s4_4_5,s3_2003_2005,s2_760_2075,s3_17_37,Truck (<=10000 lbs.),s2_11_28,Not Deployed,s2_97_208,s1_below_1,Male,s2_37_80,s4_159_169,s3_318_464,s4_160_220,s4_5_6
10653,s4_2555_3715,s2_n103_99,s4_n40_7,s1_below_4282,s1_below_2,s2_2001_2003,s2_760_2075,s3_17_37,Truck (<=10000 lbs.),s2_11_28,Not Deployed,s2_97_208,s1_below_1,Male,s2_37_80,s5_169_179,s2_164_318,s2_40_80,s3_4_5
10654,s2_885_1695,s2_n103_99,s4_n40_7,s1_below_4282,s3_3_4,s2_2001_2003,s3_2075_3730,s3_17_37,Passenger Car,s2_11_28,Deployed,s2_97_208,s1_below_1,Male,s2_37_80,s3_141_159,s2_164_318,s4_160_220,s2_2_4
10655,s2_885_1695,s2_n103_99,s4_n40_7,s1_below_4282,s1_below_2,s3_2003_2005,s2_760_2075,s3_17_37,Passenger Car,s2_11_28,Deployed,s2_97_208,s1_below_1,Male,s2_37_80,s3_141_159,s2_164_318,s3_80_160,s2_2_4
10656,s4_2555_3715,s2_n103_99,s4_n40_7,s1_below_4282,s3_3_4,s2_2001_2003,s2_760_2075,s3_17_37,Truck (<=10000 lbs.),s3_28_48,Deployed,s2_97_208,s1_below_1,Female,s2_37_80,s4_159_169,s3_318_464,s3_80_160,s4_5_6
10657,s3_1695_2555,s2_n103_99,s4_n40_7,s1_below_4282,s1_below_2,s3_2003_2005,s2_760_2075,s3_17_37,Truck (<=6000 lbs.),s3_28_48,Deployed,s2_97_208,s1_below_1,Male,s3_80_96,s4_159_169,s2_164_318,s3_80_160,s2_2_4
10658,s2_885_1695,s2_n103_99,s4_n40_7,s1_below_4282,s3_3_4,s1_below_2001,s2_760_2075,s3_17_37,Truck (<=6000 lbs.),s2_11_28,Not Deployed,s2_97_208,s1_below_1,Female,s2_37_80,s3_141_159,s2_164_318,s3_80_160,s2_2_4
10659,s3_1695_2555,s2_n103_99,s4_n40_7,s1_below_4282,s2_2_3,s2_2001_2003,s2_760_2075,s3_17_37,Truck (<=6000 lbs.),s3_28_48,Not Deployed,s2_97_208,s1_below_1,Female,s2_37_80,s4_159_169,s2_164_318,s4_160_220,s2_2_4
10660,s2_885_1695,s2_n103_99,s5_7_up,s1_below_4282,s1_below_2,s1_below_2001,s2_760_2075,s3_17_37,Passenger Car,s2_11_28,Not Deployed,s2_97_208,s1_below_1,Male,s2_37_80,s3_141_159,s2_164_318,s6_260_up,s2_2_4
10661,s3_1695_2555,s2_n103_99,s4_n40_7,s1_below_4282,s1_below_2,s3_2003_2005,s2_760_2075,s3_17_37,Truck (<=10000 lbs.),s3_28_48,Not Deployed,s2_97_208,s1_below_1,Female,s2_37_80,s4_159_169,s2_164_318,s3_80_160,s3_4_5
10662,s3_1695_2555,s2_n103_99,s4_n40_7,s1_below_4282,s4_4_5,s1_below_2001,s3_2075_3730,s6_57_up,Truck (<=10000 lbs.),s3_28_48,Deployed,s2_97_208,s3_2_3,Male,s2_37_80,s4_159_169,s3_318_464,s3_80_160,s4_5_6
10663,s2_885_1695,s2_n103_99,s4_n40_7,s1_below_4282,s3_3_4,s3_2003_2005,s2_760_2075,s4_37_47,Passenger Car,s2_11_28,Not Deployed,s2_97_208,s1_below_1,Male,s3_80_96,s3_141_159,s2_164_318,s3_80_160,s2_2_4
10664,s2_885_1695,s2_n103_99,s4_n40_7,s1_below_4282,s2_2_3,s1_below_2001,s2_760_2075,s3_17_37,Passenger Car,s4_48_64,Deployed,s2_97_208,s1_below_1,Male,s3_80_96,s3_141_159,s2_164_318,s3_80_160,s2_2_4
10665,s2_885_1695,s2_n103_99,s5_7_up,s1_below_4282,s2_2_3,s3_2003_2005,s2_760_2075,s3_17_37,Passenger Car,s3_28_48,Not Deployed,s2_97_208,s1_below_1,Female,s2_37_80,s3_141_159,s2_164_318,s6_260_up,s2_2_4
10666,s2_885_1695,s2_n103_99,s4_n40_7,s1_below_4282,s2_2_3,s2_2001_2003,s2_760_2075,s3_17_37,Passenger Car,s2_11_28,Not Deployed,s2_97_208,s1_below_1,Male,s2_37_80,s3_141_159,s2_164_318,s2_40_80,s2_2_4
10667,s2_885_1695,s2_n103_99,s4_n40_7,s1_below_4282,s2_2_3,s2_2001_2003,s3_2075_3730,s4_37_47,Passenger Car,s2_11_28,Deployed,s2_97_208,s1_below_1,Male,s2_37_80,s3_141_159,s2_164_318,s3_80_160,s2_2_4
10668,s3_1695_2555,s2_n103_99,s5_7_up,s1_below_4282,s2_2_3,s3_2003_2005,s2_760_2075,s4_37_47,Truck (<=6000 lbs.),s3_28_48,Not Deployed,s2_97_208,s1_below_1,Male,s2_37_80,s3_141_159,s2_164_318,s6_260_up,s2_2_4
10669,s2_885_1695,s2_n103_99,s4_n40_7,s1_below_4282,s4_4_5,s2_2001_2003,s2_760_2075,s3_17_37,Passenger Car,s4_48_64,Not Deployed,s2_97_208,s1_below_1,Male,s3_80_96,s3_141_159,s2_164_318,s3_80_160,s2_2_4
10670,s3_1695_2555,s2_n103_99,s4_n40_7,s1_below_4282,s3_3_4,s2_2001_2003,s2_760_2075,s4_37_47,Passenger Car,s3_28_48,Not Deployed,s2_97_208,s1_below_1,Male,s4_96_114,s4_159_169,s2_164_318,s4_160_220,s2_2_4
10671,s2_885_1695,s2_n103_99,s4_n40_7,s1_below_4282,s1_below_2,s3_2003_2005,s2_760_2075,s3_17_37,Passenger Car,s4_48_64,Not Deployed,s2_97_208,s4_3_4,Male,s4_96_114,s3_141_159,s2_164_318,s2_40_80,s2_2_4
10672,s3_1695_2555,s2_n103_99,s4_n40_7,s1_below_4282,s2_2_3,s3_2003_2005,s3_2075_3730,s3_17_37,Truck (<=6000 lbs.),s4_48_64,Not Deployed,s2_97_208,s1_below_1,Male,s4_96_114,s3_141_159,s3_318_464,s4_160_220,s3_4_5
10673,s2_885_1695,s2_n103_99,s4_n40_7,s1_below_4282,s1_below_2,s1_below_2001,s2_760_2075,s3_17_37,Passenger Car,s2_11_28,Not Deployed,s2_97_208,s1_below_1,Female,s2_37_80,s3_141_159,s2_164_318,s3_80_160,s2_2_4
10674,s2_885_1695,s2_n103_99,s4_n40_7,s1_below_4282,s4_4_5,s4_2005_2007,s2_760_2075,s3_17_37,Truck (<=6000 lbs.),s3_28_48,Not Deployed,s2_97_208,s1_below_1,Female,s2_37_80,s3_141_159,s2_164_318,s2_40_80,s2_2_4
10675,s3_1695_2555,s2_n103_99,s4_n40_7,s1_below_4282,s3_3_4,s4_2005_2007,s2_760_2075,s3_17_37,Truck (<=10000 lbs.),s3_28_48,Not Deployed,s2_97_208,s2_1_2,Female,s3_80_96,s4_159_169,s3_318_464,s3_80_160,s4_5_6
10676,s4_2555_3715,s2_n103_99,s4_n40_7,s1_below_4282,s2_2_3,s4_2005_2007,s2_760_2075,s4_37_47,Truck (<=6000 lbs.),s4_48_64,Not Deployed,s2_97_208,s1_below_1,Female,s2_37_80,s4_159_169,s2_164_318,s3_80_160,s2_2_4
10677,s5_3715_up,s2_n103_99,s4_n40_7,s1_below_4282,s1_below_2,s2_2001_2003,s2_760_2075,s3_17_37,Truck (<=10000 lbs.),s3_28_48,Deployed,s2_97_208,s1_below_1,Male,s3_80_96,s5_169_179,s3_318_464,s3_80_160,s4_5_6
10678,s3_1695_2555,s2_n103_99,s4_n40_7,s1_below_4282,s1_below_2,s2_2001_2003,s2_760_2075,s3_17_37,Truck (<=6000 lbs.),s3_28_48,Not Deployed,s2_97_208,s1_below_1,Female,s2_37_80,s3_141_159,s2_164_318,s4_160_220,s2_2_4
10679,s2_885_1695,s2_n103_99,s4_n40_7,s1_below_4282,s1_below_2,s2_2001_2003,s2_760_2075,s3_17_37,Passenger Car,s3_28_48,Deployed,s2_97_208,s1_below_1,Male,s3_80_96,s3_141_159,s2_164_318,s4_160_220,s2_2_4
10680,s2_885_1695,s2_n103_99,s4_n40_7,s1_below_4282,s3_3_4,s2_2001_2003,s2_760_2075,s4_37_47,Passenger Car,s2_11_28,Deployed,s2_97_208,s1_below_1,Female,s2_37_80,s3_141_159,s2_164_318,s3_80_160,s2_2_4
10681,s2_885_1695,s2_n103_99,s4_n40_7,s1_below_4282,s2_2_3,s3_2003_2005,s2_760_2075,s3_17_37,Passenger Car,s2_11_28,Not Deployed,s2_97_208,s1_below_1,Male,s3_80_96,s3_141_159,s2_164_318,s3_80_160,s2_2_4
10682,s3_1695_2555,s2_n103_99,s4_n40_7,s1_below_4282,s3_3_4,s3_2003_2005,s2_760_2075,s3_17_37,Truck (<=10000 lbs.),s2_11_28,Not Deployed,s2_97_208,s1_below_1,Female,s2_37_80,s3_141_159,s2_164_318,s4_160_220,s2_2_4
10683,s2_885_1695,s2_n103_99,s4_n40_7,s1_below_4282,s2_2_3,s2_2001_2003,s3_2075_3730,s6_57_up,Passenger Car,s3_28_48,Not Deployed,s2_97_208,s4_3_4,Male,s3_80_96,s3_141_159,s2_164_318,s1_below_40,s2_2_4
10684,s2_885_1695,s2_n103_99,s4_n40_7,s1_below_4282,s2_2_3,s1_below_2001,s2_760_2075,s5_47_57,Passenger Car,s2_11_28,Deployed,s2_97_208,s1_below_1,Male,s2_37_80,s3_141_159,s2_164_318,s3_80_160,s2_2_4
10685,s3_1695_2555,s2_n103_99,s4_n40_7,s1_below_4282,s1_below_2,s3_2003_2005,s2_760_2075,s3_17_37,Passenger Car,s3_28_48,Not Deployed,s2_97_208,s1_below_1,Female,s2_37_80,s4_159_169,s2_164_318,s2_40_80,s3_4_5
10686,s3_1695_2555,s2_n103_99,s4_n40_7,s1_below_4282,s3_3_4,s2_2001_2003,s2_760_2075,s4_37_47,Truck (<=6000 lbs.),s2_11_28,Not Deployed,s2_97_208,s1_below_1,Male,s3_80_96,s3_141_159,s2_164_318,s3_80_160,s2_2_4
10687,s2_885_1695,s2_n103_99,s4_n40_7,s1_below_4282,s2_2_3,s4_2005_2007,s2_760_2075,s6_57_up,Passenger Car,s3_28_48,Deployed,s2_97_208,s2_1_2,Female,s2_37_80,s3_141_159,s2_164_318,s3_80_160,s2_2_4
10688,s2_885_1695,s2_n103_99,s4_n40_7,s1_below_4282,s3_3_4,s3_2003_2005,s2_760_2075,s4_37_47,Passenger Car,s3_28_48,Deployed,s2_97_208,s1_below_1,Male,s2_37_80,s3_141_159,s2_164_318,s4_160_220,s2_2_4
10689,s2_885_1695,s2_n103_99,s5_7_up,s1_below_4282,s1_below_2,s2_2001_2003,s2_760_2075,s3_17_37,Passenger Car,s4_48_64,Not Deployed,s2_97_208,s1_below_1,Female,s4_96_114,s3_141_159,s2_164_318,s6_260_up,s2_2_4
10690,s2_885_1695,s2_n103_99,s4_n40_7,s1_below_4282,s1_below_2,s3_2003_2005,s2_760_2075,s3_17_37,Passenger Car,s3_28_48,Deployed,s2_97_208,s1_below_1,Male,s2_37_80,s3_141_159,s2_164_318,s3_80_160,s2_2_4
10691,s3_1695_2555,s2_n103_99,s4_n40_7,s1_below_4282,s1_below_2,s3_2003_2005,s3_2075_3730,s4_37_47,Truck (<=10000 lbs.),s3_28_48,Not Deployed,s2_97_208,s1_below_1,Male,s3_80_96,s5_169_179,s3_318_464,s3_80_160,s4_5_6
10692,s2_885_1695,s2_n103_99,s4_n40_7,s1_below_4282,s1_below_2,s3_2003_2005,s2_760_2075,s3_17_37,Passenger Car,s3_28_48,Not Deployed,s2_97_208,s1_below_1,Female,s2_37_80,s3_141_159,s2_164_318,s3_80_160,s2_2_4
10693,s2_885_1695,s2_n103_99,s4_n40_7,s1_below_4282,s2_2_3,s4_2005_2007,s2_760_2075,s3_17_37,Passenger Car,s5_64_76,Deployed,s2_97_208,s1_below_1,Female,s2_37_80,s3_141_159,s2_164_318,s3_80_160,s2_2_4
10694,s2_885_1695,s2_n103_99,s4_n40_7,s1_below_4282,s4_4_5,s1_below_2001,s2_760_2075,s4_37_47,Passenger Car,s3_28_48,Deployed,s2_97_208,s1_below_1,Male,s2_37_80,s3_141_159,s2_164_318,s4_160_220,s2_2_4
10695,s2_885_1695,s2_n103_99,s4_n40_7,s1_below_4282,s1_below_2,s4_2005_2007,s2_760_2075,s3_17_37,Passenger Car,s2_11_28,Deployed,s2_97_208,s1_below_1,Female,s3_80_96,s3_141_159,s2_164_318,s3_80_160,s2_2_4
10696,s3_1695_2555,s2_n103_99,s4_n40_7,s1_below_4282,s3_3_4,s3_2003_2005,s2_760_2075,s4_37_47,Truck (<=6000 lbs.),s3_28_48,Not Deployed,s2_97_208,s1_below_1,Female,s2_37_80,s4_159_169,s2_164_318,s3_80_160,s2_2_4
10697,s4_2555_3715,s2_n103_99,s4_n40_7,s1_below_4282,s1_below_2,s3_2003_2005,s2_760_2075,s4_37_47,Truck (<=6000 lbs.),s3_28_48,Deployed,s2_97_208,s6_5_up,Female,s2_37_80,s4_159_169,s2_164_318,s3_80_160,s2_2_4
10698,s2_885_1695,s2_n103_99,s3_n81_n40,s1_below_4282,s1_below_2,s4_2005_2007,s3_2075_3730,s4_37_47,Passenger Car,s3_28_48,Deployed,s2_97_208,s4_3_4,Female,s2_37_80,s3_141_159,s2_164_318,s3_80_160,s2_2_4
10699,s3_1695_2555,s2_n103_99,s4_n40_7,s1_below_4282,s1_below_2,s2_2001_2003,s2_760_2075,s4_37_47,Truck (<=6000 lbs.),s3_28_48,Deployed,s2_97_208,s1_below_1,Male,s4_96_114,s3_141_159,s2_164_318,s3_80_160,s2_2_4
10700,s3_1695_2555,s2_n103_99,s5_7_up,s1_below_4282,s1_below_2,s1_below_2001,s2_760_2075,s3_17_37,Truck (<=6000 lbs.),s4_48_64,Not Deployed,s2_97_208,s2_1_2,Male,s4_96_114,s4_159_169,s2_164_318,s6_260_up,s2_2_4
10701,s2_885_1695,s2_n103_99,s3_n81_n40,s1_below_4282,s1_below_2,s3_2003_2005,s2_760_2075,s4_37_47,Passenger Car,s3_28_48,Deployed,s2_97_208,s1_below_1,Female,s2_37_80,s3_141_159,s2_164_318,s3_80_160,s2_2_4
10702,s3_1695_2555,s2_n103_99,s4_n40_7,s1_below_4282,s1_below_2,s2_2001_2003,s3_2075_3730,s5_47_57,Truck (<=6000 lbs.),s3_28_48,Deployed,s2_97_208,s1_below_1,Female,s2_37_80,s4_159_169,s2_164_318,s4_160_220,s3_4_5
10703,s2_885_1695,s2_n103_99,s4_n40_7,s1_below_4282,s4_4_5,s3_2003_2005,s2_760_2075,s4_37_47,Passenger Car,s2_11_28,Deployed,s2_97_208,s1_below_1,Male,s2_37_80,s3_141_159,s2_164_318,s3_80_160,s2_2_4
10704,s3_1695_2555,s2_n103_99,s4_n40_7,s1_below_4282,s3_3_4,s1_below_2001,s2_760_2075,s3_17_37,Passenger Car,s2_11_28,Not Deployed,s2_97_208,s1_below_1,Male,s2_37_80,s4_159_169,s2_164_318,s4_160_220,s2_2_4
10705,s2_885_1695,s2_n103_99,s5_7_up,s1_below_4282,s4_4_5,s3_2003_2005,s2_760_2075,s4_37_47,Passenger Car,s3_28_48,Not Deployed,s2_97_208,s1_below_1,Male,s3_80_96,s3_141_159,s2_164_318,s6_260_up,s2_2_4
10706,s2_885_1695,s2_n103_99,s4_n40_7,s1_below_4282,s2_2_3,s2_2001_2003,s3_2075_3730,s4_37_47,Passenger Car,s2_11_28,Not Deployed,s2_97_208,s1_below_1,Male,s2_37_80,s3_141_159,s2_164_318,s3_80_160,s2_2_4
10707,s3_1695_2555,s2_n103_99,s4_n40_7,s1_below_4282,s1_below_2,s2_2001_2003,s2_760_2075,s5_47_57,Truck (<=6000 lbs.),s3_28_48,Not Deployed,s2_97_208,s1_below_1,Female,s2_37_80,s3_141_159,s2_164_318,s4_160_220,s2_2_4
10708,s3_1695_2555,s2_n103_99,s4_n40_7,s1_below_4282,s1_below_2,s1_below_2001,s2_760_2075,s5_47_57,Truck (<=10000 lbs.),s3_28_48,Deployed,s2_97_208,s1_below_1,Male,s5_114_130,s3_141_159,s2_164_318,s3_80_160,s2_2_4
10709,s2_885_1695,s2_n103_99,s4_n40_7,s1_below_4282,s1_below_2,s4_2005_2007,s2_760_2075,s4_37_47,Truck (<=6000 lbs.),s3_28_48,Deployed,s2_97_208,s1_below_1,Male,s2_37_80,s3_141_159,s2_164_318,s3_80_160,s2_2_4
10710,s2_885_1695,s2_n103_99,s4_n40_7,s1_below_4282,s1_below_2,s2_2001_2003,s2_760_2075,s4_37_47,Passenger Car,s2_11_28,Deployed,s2_97_208,s1_below_1,Female,s2_37_80,s3_141_159,s2_164_318,s3_80_160,s2_2_4
10711,s2_885_1695,s2_n103_99,s3_n81_n40,s1_below_4282,s1_below_2,s3_2003_2005,s2_760_2075,s6_57_up,Passenger Car,s2_11_28,Deployed,s2_97_208,s2_1_2,Male,s4_96_114,s3_141_159,s2_164_318,s3_80_160,s2_2_4
10712,s2_885_1695,s2_n103_99,s3_n81_n40,s1_below_4282,s5_5_6,s1_below_2001,s3_2075_3730,s5_47_57,Truck (<=6000 lbs.),s3_28_48,Deployed,s2_97_208,s3_2_3,Male,s3_80_96,s3_141_159,s2_164_318,s3_80_160,s2_2_4
10713,s2_885_1695,s2_n103_99,s5_7_up,s1_below_4282,s2_2_3,s3_2003_2005,s2_760_2075,s4_37_47,Passenger Car,s2_11_28,Not Deployed,s2_97_208,s1_below_1,Female,s2_37_80,s3_141_159,s2_164_318,s6_260_up,s2_2_4
10714,s3_1695_2555,s2_n103_99,s4_n40_7,s1_below_4282,s2_2_3,s1_below_2001,s2_760_2075,s4_37_47,Truck (<=6000 lbs.),s3_28_48,Not Deployed,s2_97_208,s2_1_2,Male,s2_37_80,s4_159_169,s2_164_318,s3_80_160,s2_2_4
10715,s3_1695_2555,s2_n103_99,s4_n40_7,s1_below_4282,s2_2_3,s1_below_2001,s2_760_2075,s6_57_up,Truck (<=10000 lbs.),s3_28_48,Deployed,s2_97_208,s2_1_2,Male,s2_37_80,s4_159_169,s2_164_318,s4_160_220,s3_4_5
10716,s3_1695_2555,s2_n103_99,s4_n40_7,s1_below_4282,s1_below_2,s3_2003_2005,s2_760_2075,s5_47_57,Truck (<=10000 lbs.),s2_11_28,Deployed,s2_97_208,s3_2_3,Male,s4_96_114,s5_169_179,s3_318_464,s3_80_160,s4_5_6
10717,s2_885_1695,s2_n103_99,s3_n81_n40,s1_below_4282,s3_3_4,s3_2003_2005,s2_760_2075,s6_57_up,Passenger Car,s3_28_48,Not Deployed,s2_97_208,s1_below_1,Female,s2_37_80,s3_141_159,s2_164_318,s3_80_160,s2_2_4
10718,s2_885_1695,s2_n103_99,s4_n40_7,s1_below_4282,s1_below_2,s3_2003_2005,s3_2075_3730,s4_37_47,Passenger Car,s2_11_28,Deployed,s2_97_208,s2_1_2,Female,s2_37_80,s3_141_159,s2_164_318,s3_80_160,s2_2_4
10719,s3_1695_2555,s2_n103_99,s4_n40_7,s1_below_4282,s2_2_3,s3_2003_2005,s3_2075_3730,s5_47_57,Truck (<=6000 lbs.),s2_11_28,Deployed,s2_97_208,s1_below_1,Female,s2_37_80,s3_141_159,s2_164_318,s3_80_160,s2_2_4
10720,s2_885_1695,s2_n103_99,s4_n40_7,s1_below_4282,s3_3_4,s1_below_2001,s3_2075_3730,s4_37_47,Passenger Car,s2_11_28,Not Deployed,s2_97_208,s1_below_1,Male,s2_37_80,s3_141_159,s2_164_318,s4_160_220,s2_2_4
10721,s3_1695_2555,s2_n103_99,s4_n40_7,s1_below_4282,s1_below_2,s1_below_2001,s2_760_2075,s3_17_37,Truck (<=6000 lbs.),s4_48_64,Not Deployed,s2_97_208,s1_below_1,Male,s4_96_114,s3_141_159,s2_164_318,s3_80_160,s2_2_4
10722,s2_885_1695,s2_n103_99,s4_n40_7,s1_below_4282,s1_below_2,s4_2005_2007,s2_760_2075,s3_17_37,Passenger Car,s3_28_48,Deployed,s2_97_208,s1_below_1,Female,s2_37_80,s3_141_159,s2_164_318,s3_80_160,s2_2_4
10723,s3_1695_2555,s2_n103_99,s4_n40_7,s1_below_4282,s1_below_2,s3_2003_2005,s2_760_2075,s3_17_37,Truck (<=6000 lbs.),s3_28_48,Deployed,s2_97_208,s1_below_1,Female,s2_37_80,s4_159_169,s2_164_318,s4_160_220,s3_4_5
10724,s3_1695_2555,s2_n103_99,s4_n40_7,s1_below_4282,s3_3_4,s3_2003_2005,s2_760_2075,s4_37_47,Truck (<=10000 lbs.),s4_48_64,Deployed,s2_97_208,s1_below_1,Male,s5_114_130,s4_159_169,s3_318_464,s3_80_160,s4_5_6
10725,s2_885_1695,s2_n103_99,s4_n40_7,s1_below_4282,s1_below_2,s2_2001_2003,s2_760_2075,s4_37_47,Passenger Car,s4_48_64,Deployed,s2_97_208,s1_below_1,Female,s2_37_80,s3_141_159,s2_164_318,s3_80_160,s2_2_4
10726,s3_1695_2555,s2_n103_99,s4_n40_7,s1_below_4282,s3_3_4,s3_2003_2005,s2_760_2075,s4_37_47,Truck (<=6000 lbs.),s3_28_48,Not Deployed,s2_97_208,s1_below_1,Female,s2_37_80,s3_141_159,s2_164_318,s2_40_80,s2_2_4
10727,s2_885_1695,s2_n103_99,s4_n40_7,s1_below_4282,s1_below_2,s1_below_2001,s2_760_2075,s4_37_47,Passenger Car,s3_28_48,Deployed,s2_97_208,s1_below_1,Female,s2_37_80,s3_141_159,s2_164_318,s4_160_220,s2_2_4
10728,s2_885_1695,s2_n103_99,s4_n40_7,s1_below_4282,s1_below_2,s1_below_2001,s3_2075_3730,s4_37_47,Passenger Car,s4_48_64,Not Deployed,s2_97_208,s2_1_2,Female,s2_37_80,s3_141_159,s2_164_318,s4_160_220,s2_2_4
10729,s2_885_1695,s2_n103_99,s5_7_up,s1_below_4282,s1_below_2,s2_2001_2003,s2_760_2075,s3_17_37,Passenger Car,s2_11_28,Not Deployed,s2_97_208,s1_below_1,Male,s3_80_96,s3_141_159,s2_164_318,s6_260_up,s2_2_4
10730,s3_1695_2555,s2_n103_99,s4_n40_7,s1_below_4282,s4_4_5,s2_2001_2003,s2_760_2075,s3_17_37,Truck (<=6000 lbs.),s3_28_48,Deployed,s2_97_208,s1_below_1,Male,s2_37_80,s5_169_179,s2_164_318,s3_80_160,s2_2_4
10731,s2_885_1695,s2_n103_99,s4_n40_7,s1_below_4282,s1_below_2,s2_2001_2003,s2_760_2075,s3_17_37,Passenger Car,s3_28_48,Deployed,s2_97_208,s1_below_1,Female,s2_37_80,s3_141_159,s2_164_318,s3_80_160,s2_2_4
10732,s2_885_1695,s2_n103_99,s4_n40_7,s1_below_4282,s3_3_4,s2_2001_2003,s3_2075_3730,s4_37_47,Passenger Car,s4_48_64,Not Deployed,s2_97_208,s1_below_1,Female,s2_37_80,s3_141_159,s2_164_318,s4_160_220,s2_2_4
10733,s2_885_1695,s2_n103_99,s4_n40_7,s1_below_4282,s2_2_3,s3_2003_2005,s2_760_2075,s3_17_37,Passenger Car,s4_48_64,Not Deployed,s2_97_208,s1_below_1,Male,s4_96_114,s3_141_159,s2_164_318,s3_80_160,s2_2_4
10734,s2_885_1695,s2_n103_99,s4_n40_7,s1_below_4282,s1_below_2,s1_below_2001,s2_760_2075,s4_37_47,Passenger Car,s6_76_up,Not Deployed,s2_97_208,s1_below_1,Female,s3_80_96,s3_141_159,s2_164_318,s3_80_160,s2_2_4
10735,s3_1695_2555,s2_n103_99,s3_n81_n40,s1_below_4282,s4_4_5,s1_below_2001,s2_760_2075,s4_37_47,Passenger Car,s3_28_48,Deployed,s2_97_208,s6_5_up,Male,s2_37_80,s4_159_169,s2_164_318,s5_220_260,s2_2_4
10736,s2_885_1695,s2_n103_99,s4_n40_7,s1_below_4282,s1_below_2,s2_2001_2003,s2_760_2075,s3_17_37,Truck (<=6000 lbs.),s3_28_48,Deployed,s2_97_208,s1_below_1,Female,s2_37_80,s3_141_159,s2_164_318,s3_80_160,s2_2_4
10737,s3_1695_2555,s2_n103_99,s4_n40_7,s1_below_4282,s1_below_2,s1_below_2001,s2_760_2075,s2_7_17,Passenger Car,s3_28_48,Not Deployed,s2_97_208,s3_2_3,Female,s2_37_80,s3_141_159,s2_164_318,s2_40_80,s2_2_4
10738,s3_1695_2555,s2_n103_99,s4_n40_7,s1_below_4282,s2_2_3,s1_below_2001,s2_760_2075,s4_37_47,Truck (<=6000 lbs.),s5_64_76,Deployed,s2_97_208,s3_2_3,Female,s2_37_80,s4_159_169,s2_164_318,s3_80_160,s3_4_5
10739,s3_1695_2555,s2_n103_99,s4_n40_7,s1_below_4282,s1_below_2,s1_below_2001,s2_760_2075,s4_37_47,Truck (<=6000 lbs.),s2_11_28,Deployed,s2_97_208,s1_below_1,Female,s2_37_80,s3_141_159,s2_164_318,s3_80_160,s2_2_4
10740,s3_1695_2555,s2_n103_99,s4_n40_7,s1_below_4282,s1_below_2,s1_below_2001,s2_760_2075,s4_37_47,Truck (<=10000 lbs.),s3_28_48,Not Deployed,s2_97_208,s1_below_1,Male,s4_96_114,s4_159_169,s2_164_318,s4_160_220,s3_4_5
10741,s3_1695_2555,s2_n103_99,s4_n40_7,s1_below_4282,s3_3_4,s3_2003_2005,s2_760_2075,s3_17_37,Truck (<=10000 lbs.),s4_48_64,Deployed,s2_97_208,s1_below_1,Male,s3_80_96,s4_159_169,s3_318_464,s3_80_160,s4_5_6
10742,s2_885_1695,s2_n103_99,s4_n40_7,s1_below_4282,s2_2_3,s2_2001_2003,s2_760_2075,s6_57_up,Passenger Car,s3_28_48,Deployed,s2_97_208,s1_below_1,Male,s2_37_80,s3_141_159,s2_164_318,s2_40_80,s2_2_4
10743,s3_1695_2555,s2_n103_99,s4_n40_7,s1_below_4282,s1_below_2,s1_below_2001,s3_2075_3730,s4_37_47,Truck (<=6000 lbs.),s4_48_64,Not Deployed,s2_97_208,s1_below_1,Female,s2_37_80,s3_141_159,s2_164_318,s4_160_220,s2_2_4
10744,s2_885_1695,s2_n103_99,s4_n40_7,s1_below_4282,s1_below_2,s4_2005_2007,s2_760_2075,s3_17_37,Passenger Car,s4_48_64,Not Deployed,s2_97_208,s1_below_1,Female,s2_37_80,s3_141_159,s2_164_318,s4_160_220,s2_2_4
10745,s3_1695_2555,s2_n103_99,s4_n40_7,s1_below_4282,s1_below_2,s2_2001_2003,s2_760_2075,s3_17_37,Truck (<=6000 lbs.),s2_11_28,Not Deployed,s2_97_208,s1_below_1,Female,s5_114_130,s3_141_159,s2_164_318,s4_160_220,s2_2_4
10746,s3_1695_2555,s2_n103_99,s4_n40_7,s1_below_4282,s3_3_4,s3_2003_2005,s2_760_2075,s5_47_57,Truck (<=6000 lbs.),s3_28_48,Not Deployed,s2_97_208,s1_below_1,Female,s2_37_80,s4_159_169,s2_164_318,s3_80_160,s3_4_5
10747,s2_885_1695,s2_n103_99,s4_n40_7,s1_below_4282,s1_below_2,s2_2001_2003,s2_760_2075,s4_37_47,Passenger Car,s2_11_28,Deployed,s2_97_208,s2_1_2,Female,s2_37_80,s3_141_159,s2_164_318,s3_80_160,s2_2_4
10748,s3_1695_2555,s2_n103_99,s4_n40_7,s1_below_4282,s1_below_2,s3_2003_2005,s2_760_2075,s4_37_47,Truck (<=10000 lbs.),s2_11_28,Not Deployed,s2_97_208,s1_below_1,Male,s3_80_96,s5_169_179,s3_318_464,s4_160_220,s4_5_6
10749,s2_885_1695,s2_n103_99,s4_n40_7,s1_below_4282,s1_below_2,s1_below_2001,s2_760_2075,s5_47_57,Passenger Car,s3_28_48,Deployed,s2_97_208,s1_below_1,Male,s2_37_80,s3_141_159,s2_164_318,s3_80_160,s2_2_4
10750,s2_885_1695,s2_n103_99,s4_n40_7,s1_below_4282,s2_2_3,s3_2003_2005,s2_760_2075,s3_17_37,Passenger Car,s2_11_28,Deployed,s2_97_208,s1_below_1,Female,s2_37_80,s3_141_159,s2_164_318,s4_160_220,s2_2_4
10751,s2_885_1695,s2_n103_99,s4_n40_7,s1_below_4282,s2_2_3,s3_2003_2005,s2_760_2075,s4_37_47,Passenger Car,s3_28_48,Deployed,s2_97_208,s1_below_1,Female,s2_37_80,s3_141_159,s2_164_318,s3_80_160,s2_2_4
10752,s2_885_1695,s2_n103_99,s4_n40_7,s1_below_4282,s1_below_2,s2_2001_2003,s2_760_2075,s4_37_47,Passenger Car,s2_11_28,Not Deployed,s2_97_208,s2_1_2,Female,s3_80_96,s3_141_159,s2_164_318,s2_40_80,s2_2_4
10753,s3_1695_2555,s2_n103_99,s4_n40_7,s1_below_4282,s1_below_2,s3_2003_2005,s2_760_2075,s4_37_47,Truck (<=6000 lbs.),s4_48_64,Deployed,s2_97_208,s2_1_2,Female,s2_37_80,s4_159_169,s2_164_318,s3_80_160,s2_2_4
10754,s2_885_1695,s2_n103_99,s4_n40_7,s1_below_4282,s3_3_4,s3_2003_2005,s2_760_2075,s5_47_57,Passenger Car,s3_28_48,Not Deployed,s2_97_208,s1_below_1,Male,s4_96_114,s3_141_159,s2_164_318,s3_80_160,s2_2_4
10755,s2_885_1695,s2_n103_99,s4_n40_7,s1_below_4282,s1_below_2,s4_2005_2007,s2_760_2075,s4_37_47,Passenger Car,s3_28_48,Not Deployed,s2_97_208,s1_below_1,Male,s2_37_80,s3_141_159,s2_164_318,s2_40_80,s2_2_4
10756,s2_885_1695,s2_n103_99,s4_n40_7,s1_below_4282,s3_3_4,s4_2005_2007,s2_760_2075,s3_17_37,Passenger Car,s5_64_76,Deployed,s2_97_208,s1_below_1,Female,s2_37_80,s3_141_159,s2_164_318,s3_80_160,s2_2_4
10757,s2_885_1695,s2_n103_99,s4_n40_7,s1_below_4282,s3_3_4,s3_2003_2005,s2_760_2075,s5_47_57,Passenger Car,s4_48_64,Not Deployed,s2_97_208,s1_below_1,Female,s2_37_80,s3_141_159,s2_164_318,s4_160_220,s2_2_4
10758,s2_885_1695,s2_n103_99,s4_n40_7,s1_below_4282,s2_2_3,s4_2005_2007,s2_760_2075,s5_47_57,Passenger Car,s3_28_48,Not Deployed,s2_97_208,s1_below_1,Male,s4_96_114,s3_141_159,s2_164_318,s3_80_160,s2_2_4
10759,s2_885_1695,s2_n103_99,s4_n40_7,s1_below_4282,s4_4_5,s3_2003_2005,s2_760_2075,s4_37_47,Truck (<=6000 lbs.),s3_28_48,Deployed,s2_97_208,s1_below_1,Female,s2_37_80,s3_141_159,s2_164_318,s4_160_220,s2_2_4
10760,s3_1695_2555,s2_n103_99,s4_n40_7,s1_below_4282,s5_5_6,s1_below_2001,s2_760_2075,s4_37_47,Truck (<=10000 lbs.),s3_28_48,Not Deployed,s2_97_208,s1_below_1,Male,s3_80_96,s3_141_159,s3_318_464,s3_80_160,s4_5_6
10761,s2_885_1695,s2_n103_99,s4_n40_7,s1_below_4282,s1_below_2,s3_2003_2005,s2_760_2075,s5_47_57,Passenger Car,s2_11_28,Not Deployed,s2_97_208,s1_below_1,Female,s2_37_80,s3_141_159,s2_164_318,s3_80_160,s2_2_4
10762,s3_1695_2555,s2_n103_99,s4_n40_7,s1_below_4282,s1_below_2,s3_2003_2005,s2_760_2075,s3_17_37,Truck (<=6000 lbs.),s2_11_28,Deployed,s2_97_208,s1_below_1,Female,s6_130_up,s3_141_159,s2_164_318,s3_80_160,s2_2_4
10763,s2_885_1695,s2_n103_99,s5_7_up,s1_below_4282,s1_below_2,s3_2003_2005,s2_760_2075,s3_17_37,Passenger Car,s3_28_48,Not Deployed,s2_97_208,s1_below_1,Female,s2_37_80,s3_141_159,s2_164_318,s6_260_up,s2_2_4
10764,s2_885_1695,s2_n103_99,s5_7_up,s1_below_4282,s4_4_5,s2_2001_2003,s2_760_2075,s4_37_47,Passenger Car,s4_48_64,Not Deployed,s2_97_208,s5_4_5,Female,s2_37_80,s3_141_159,s2_164_318,s6_260_up,s2_2_4
10765,s2_885_1695,s2_n103_99,s4_n40_7,s1_below_4282,s2_2_3,s4_2005_2007,s2_760_2075,s4_37_47,Passenger Car,s3_28_48,Deployed,s2_97_208,s2_1_2,Male,s2_37_80,s3_141_159,s2_164_318,s3_80_160,s2_2_4
10766,s2_885_1695,s2_n103_99,s4_n40_7,s1_below_4282,s2_2_3,s3_2003_2005,s2_760_2075,s3_17_37,Passenger Car,s3_28_48,Not Deployed,s2_97_208,s1_below_1,Female,s2_37_80,s3_141_159,s2_164_318,s3_80_160,s2_2_4
10767,s3_1695_2555,s2_n103_99,s4_n40_7,s1_below_4282,s3_3_4,s2_2001_2003,s2_760_2075,s4_37_47,Truck (<=6000 lbs.),s3_28_48,Not Deployed,s2_97_208,s1_below_1,Male,s3_80_96,s3_141_159,s2_164_318,s3_80_160,s2_2_4
10768,s3_1695_2555,s2_n103_99,s4_n40_7,s1_below_4282,s2_2_3,s1_below_2001,s2_760_2075,s4_37_47,Truck (<=6000 lbs.),s2_11_28,Not Deployed,s2_97_208,s1_below_1,Female,s3_80_96,s3_141_159,s2_164_318,s4_160_220,s2_2_4
10769,s3_1695_2555,s2_n103_99,s4_n40_7,s1_below_4282,s2_2_3,s1_below_2001,s3_2075_3730,s5_47_57,Truck (<=6000 lbs.),s2_11_28,Deployed,s2_97_208,s1_below_1,Male,s2_37_80,s3_141_159,s3_318_464,s3_80_160,s3_4_5
10770,s3_1695_2555,s2_n103_99,s4_n40_7,s1_below_4282,s2_2_3,s2_2001_2003,s2_760_2075,s3_17_37,Truck (<=6000 lbs.),s3_28_48,Not Deployed,s2_97_208,s1_below_1,Female,s2_37_80,s3_141_159,s2_164_318,s3_80_160,s2_2_4
10771,s2_885_1695,s2_n103_99,s4_n40_7,s1_below_4282,s2_2_3,s3_2003_2005,s2_760_2075,s3_17_37,Passenger Car,s6_76_up,Deployed,s2_97_208,s1_below_1,Male,s4_96_114,s3_141_159,s2_164_318,s4_160_220,s2_2_4
10772,s3_1695_2555,s2_n103_99,s3_n81_n40,s1_below_4282,s1_below_2,s3_2003_2005,s3_2075_3730,s4_37_47,Truck (<=6000 lbs.),s3_28_48,Deployed,s2_97_208,s4_3_4,Female,s2_37_80,s4_159_169,s2_164_318,s3_80_160,s3_4_5
10773,s2_885_1695,s2_n103_99,s4_n40_7,s1_below_4282,s2_2_3,s2_2001_2003,s3_2075_3730,s5_47_57,Truck (<=6000 lbs.),s2_11_28,Deployed,s2_97_208,s5_4_5,Male,s2_37_80,s2_116_141,s2_164_318,s3_80_160,s2_2_4
10774,s3_1695_2555,s2_n103_99,s4_n40_7,s1_below_4282,s1_below_2,s3_2003_2005,s2_760_2075,s6_57_up,Truck (<=10000 lbs.),s3_28_48,Not Deployed,s2_97_208,s1_below_1,Female,s2_37_80,s3_141_159,s3_318_464,s4_160_220,s3_4_5
10775,s3_1695_2555,s2_n103_99,s4_n40_7,s1_below_4282,s2_2_3,s2_2001_2003,s2_760_2075,s4_37_47,Truck (<=10000 lbs.),s2_11_28,Not Deployed,s2_97_208,s1_below_1,Female,s2_37_80,s4_159_169,s2_164_318,s4_160_220,s3_4_5
10776,s2_885_1695,s2_n103_99,s5_7_up,s1_below_4282,s4_4_5,s2_2001_2003,s2_760_2075,s4_37_47,Passenger Car,s2_11_28,Not Deployed,s2_97_208,s2_1_2,Male,s2_37_80,s3_141_159,s2_164_318,s6_260_up,s2_2_4
10777,s2_885_1695,s2_n103_99,s3_n81_n40,s1_below_4282,s4_4_5,s1_below_2001,s2_760_2075,s4_37_47,Passenger Car,s2_11_28,Deployed,s2_97_208,s3_2_3,Female,s2_37_80,s3_141_159,s2_164_318,s3_80_160,s2_2_4
10778,s3_1695_2555,s2_n103_99,s5_7_up,s1_below_4282,s2_2_3,s1_below_2001,s2_760_2075,s6_57_up,Truck (<=6000 lbs.),s3_28_48,Not Deployed,s2_97_208,s1_below_1,Female,s2_37_80,s3_141_159,s2_164_318,s6_260_up,s2_2_4
10779,s2_885_1695,s2_n103_99,s4_n40_7,s1_below_4282,s1_below_2,s2_2001_2003,s2_760_2075,s4_37_47,Passenger Car,s4_48_64,Deployed,s2_97_208,s3_2_3,Female,s2_37_80,s3_141_159,s2_164_318,s3_80_160,s2_2_4
10780,s2_885_1695,s2_n103_99,s3_n81_n40,s1_below_4282,s4_4_5,s2_2001_2003,s3_2075_3730,s4_37_47,Passenger Car,s2_11_28,Deployed,s2_97_208,s1_below_1,Male,s2_37_80,s3_141_159,s2_164_318,s3_80_160,s2_2_4
10781,s3_1695_2555,s2_n103_99,s4_n40_7,s1_below_4282,s4_4_5,s2_2001_2003,s2_760_2075,s4_37_47,Truck (<=6000 lbs.),s2_11_28,Deployed,s2_97_208,s3_2_3,Male,s2_37_80,s3_141_159,s2_164_318,s4_160_220,s2_2_4
10782,s3_1695_2555,s2_n103_99,s4_n40_7,s1_below_4282,s2_2_3,s2_2001_2003,s2_760_2075,s4_37_47,Truck (<=10000 lbs.),s3_28_48,Not Deployed,s2_97_208,s1_below_1,Female,s2_37_80,s5_169_179,s2_164_318,s1_below_40,s3_4_5
10783,s2_885_1695,s2_n103_99,s3_n81_n40,s1_below_4282,s3_3_4,s2_2001_2003,s2_760_2075,s6_57_up,Truck (<=6000 lbs.),s3_28_48,Deployed,s2_97_208,s1_below_1,Female,s2_37_80,s3_141_159,s2_164_318,s3_80_160,s2_2_4
10784,s2_885_1695,s2_n103_99,s4_n40_7,s1_below_4282,s4_4_5,s3_2003_2005,s2_760_2075,s4_37_47,Passenger Car,s2_11_28,Deployed,s2_97_208,s1_below_1,Male,s3_80_96,s3_141_159,s2_164_318,s3_80_160,s2_2_4
10785,s3_1695_2555,s2_n103_99,s4_n40_7,s1_below_4282,s2_2_3,s3_2003_2005,s2_760_2075,s3_17_37,Truck (<=6000 lbs.),s4_48_64,Not Deployed,s2_97_208,s1_below_1,Male,s4_96_114,s4_159_169,s2_164_318,s3_80_160,s3_4_5
10786,s3_1695_2555,s2_n103_99,s3_n81_n40,s1_below_4282,s2_2_3,s2_2001_2003,s3_2075_3730,s3_17_37,Truck (<=10000 lbs.),s3_28_48,Deployed,s2_97_208,s1_below_1,Male,s4_96_114,s5_169_179,s3_318_464,s3_80_160,s4_5_6
10787,s2_885_1695,s2_n103_99,s4_n40_7,s1_below_4282,s4_4_5,s3_2003_2005,s2_760_2075,s4_37_47,Passenger Car,s2_11_28,Not Deployed,s2_97_208,s1_below_1,Male,s4_96_114,s3_141_159,s2_164_318,s4_160_220,s2_2_4
10788,s3_1695_2555,s2_n103_99,s4_n40_7,s1_below_4282,s4_4_5,s3_2003_2005,s2_760_2075,s4_37_47,Truck (<=6000 lbs.),s3_28_48,Deployed,s2_97_208,s1_below_1,Female,s2_37_80,s4_159_169,s2_164_318,s3_80_160,s3_4_5
10789,s2_885_1695,s2_n103_99,s4_n40_7,s1_below_4282,s6_6_up,s3_2003_2005,s2_760_2075,s4_37_47,Passenger Car,s4_48_64,Deployed,s2_97_208,s1_below_1,Male,s4_96_114,s3_141_159,s2_164_318,s3_80_160,s2_2_4
10790,s3_1695_2555,s2_n103_99,s4_n40_7,s1_below_4282,s1_below_2,s3_2003_2005,s2_760_2075,s5_47_57,Truck (<=10000 lbs.),s3_28_48,Deployed,s2_97_208,s1_below_1,Female,s3_80_96,s4_159_169,s2_164_318,s3_80_160,s3_4_5
10791,s2_885_1695,s2_n103_99,s4_n40_7,s1_below_4282,s5_5_6,s2_2001_2003,s3_2075_3730,s5_47_57,Passenger Car,s3_28_48,Deployed,s2_97_208,s1_below_1,Female,s2_37_80,s3_141_159,s2_164_318,s3_80_160,s2_2_4
10792,s2_885_1695,s2_n103_99,s4_n40_7,s1_below_4282,s1_below_2,s3_2003_2005,s2_760_2075,s4_37_47,Truck (<=6000 lbs.),s4_48_64,Deployed,s2_97_208,s1_below_1,Male,s3_80_96,s3_141_159,s2_164_318,s3_80_160,s2_2_4
10793,s3_1695_2555,s2_n103_99,s4_n40_7,s1_below_4282,s1_below_2,s2_2001_2003,s2_760_2075,s3_17_37,Truck (<=6000 lbs.),s4_48_64,Not Deployed,s2_97_208,s1_below_1,Female,s2_37_80,s3_141_159,s2_164_318,s3_80_160,s2_2_4
10794,s2_885_1695,s2_n103_99,s4_n40_7,s1_below_4282,s3_3_4,s2_2001_2003,s2_760_2075,s4_37_47,Passenger Car,s2_11_28,Not Deployed,s2_97_208,s1_below_1,Male,s2_37_80,s3_141_159,s2_164_318,s4_160_220,s2_2_4
10795,s2_885_1695,s2_n103_99,s4_n40_7,s1_below_4282,s1_below_2,s1_below_2001,s2_760_2075,s4_37_47,Truck (<=6000 lbs.),s2_11_28,Deployed,s2_97_208,s1_below_1,Male,s2_37_80,s2_116_141,s2_164_318,s3_80_160,s2_2_4
10796,s2_885_1695,s2_n103_99,s4_n40_7,s1_below_4282,s1_below_2,s2_2001_2003,s2_760_2075,s4_37_47,Passenger Car,s3_28_48,Deployed,s2_97_208,s3_2_3,Female,s2_37_80,s3_141_159,s2_164_318,s3_80_160,s2_2_4
10797,s2_885_1695,s2_n103_99,s4_n40_7,s1_below_4282,s1_below_2,s1_below_2001,s2_760_2075,s3_17_37,Passenger Car,s2_11_28,Not Deployed,s2_97_208,s2_1_2,Male,s3_80_96,s3_141_159,s2_164_318,s3_80_160,s2_2_4
10798,s2_885_1695,s2_n103_99,s4_n40_7,s1_below_4282,s1_below_2,s4_2005_2007,s2_760_2075,s3_17_37,Passenger Car,s3_28_48,Not Deployed,s2_97_208,s1_below_1,Female,s2_37_80,s3_141_159,s2_164_318,s3_80_160,s2_2_4
10799,s2_885_1695,s2_n103_99,s4_n40_7,s1_below_4282,s4_4_5,s1_below_2001,s2_760_2075,s4_37_47,Truck (<=6000 lbs.),s3_28_48,Deployed,s2_97_208,s4_3_4,Female,s2_37_80,s3_141_159,s2_164_318,s4_160_220,s2_2_4
10800,s2_885_1695,s2_n103_99,s4_n40_7,s1_below_4282,s1_below_2,s1_below_2001,s2_760_2075,s5_47_57,Truck (<=6000 lbs.),s6_76_up,Deployed,s2_97_208,s4_3_4,Male,s2_37_80,s3_141_159,s3_318_464,s2_40_80,s2_2_4
10801,s3_1695_2555,s2_n103_99,s4_n40_7,s1_below_4282,s1_below_2,s3_2003_2005,s2_760_2075,s3_17_37,Truck (<=6000 lbs.),s3_28_48,Deployed,s2_97_208,s1_below_1,Female,s2_37_80,s5_169_179,s2_164_318,s3_80_160,s4_5_6
10802,s3_1695_2555,s2_n103_99,s4_n40_7,s1_below_4282,s1_below_2,s3_2003_2005,s2_760_2075,s3_17_37,Truck (<=6000 lbs.),s3_28_48,Deployed,s2_97_208,s1_below_1,Female,s2_37_80,s3_141_159,s2_164_318,s3_80_160,s2_2_4
10803,s2_885_1695,s2_n103_99,s4_n40_7,s1_below_4282,s2_2_3,s2_2001_2003,s3_2075_3730,s3_17_37,Passenger Car,s4_48_64,Not Deployed,s2_97_208,s1_below_1,Female,s2_37_80,s3_141_159,s2_164_318,s4_160_220,s2_2_4
10804,s3_1695_2555,s2_n103_99,s4_n40_7,s1_below_4282,s2_2_3,s3_2003_2005,s2_760_2075,s3_17_37,Truck (<=10000 lbs.),s4_48_64,Not Deployed,s2_97_208,s1_below_1,Male,s3_80_96,s4_159_169,s3_318_464,s3_80_160,s4_5_6
10805,s2_885_1695,s2_n103_99,s4_n40_7,s1_below_4282,s4_4_5,s1_below_2001,s2_760_2075,s4_37_47,Passenger Car,s3_28_48,Deployed,s2_97_208,s1_below_1,Female,s2_37_80,s3_141_159,s2_164_318,s4_160_220,s2_2_4
10806,s2_885_1695,s2_n103_99,s4_n40_7,s1_below_4282,s3_3_4,s2_2001_2003,s2_760_2075,s3_17_37,Passenger Car,s2_11_28,Not Deployed,s2_97_208,s1_below_1,Female,s2_37_80,s3_141_159,s2_164_318,s2_40_80,s2_2_4
10807,s2_885_1695,s2_n103_99,s3_n81_n40,s1_below_4282,s2_2_3,s2_2001_2003,s2_760_2075,s5_47_57,Passenger Car,s2_11_28,Deployed,s2_97_208,s5_4_5,Male,s2_37_80,s3_141_159,s2_164_318,s3_80_160,s2_2_4
10808,s2_885_1695,s2_n103_99,s3_n81_n40,s1_below_4282,s2_2_3,s3_2003_2005,s2_760_2075,s5_47_57,Passenger Car,s2_11_28,Deployed,s2_97_208,s3_2_3,Female,s2_37_80,s3_141_159,s2_164_318,s3_80_160,s2_2_4
10809,s3_1695_2555,s2_n103_99,s4_n40_7,s1_below_4282,s2_2_3,s2_2001_2003,s2_760_2075,s3_17_37,Truck (<=6000 lbs.),s6_76_up,Deployed,s2_97_208,s1_below_1,Male,s3_80_96,s4_159_169,s2_164_318,s3_80_160,s2_2_4
10810,s3_1695_2555,s2_n103_99,s4_n40_7,s1_below_4282,s2_2_3,s1_below_2001,s3_2075_3730,s5_47_57,Truck (<=6000 lbs.),s6_76_up,Deployed,s2_97_208,s3_2_3,Female,s2_37_80,s3_141_159,s2_164_318,s4_160_220,s2_2_4
10811,s2_885_1695,s2_n103_99,s4_n40_7,s1_below_4282,s1_below_2,s3_2003_2005,s2_760_2075,s4_37_47,Truck (<=6000 lbs.),s2_11_28,Deployed,s2_97_208,s1_below_1,Female,s2_37_80,s3_141_159,s2_164_318,s4_160_220,s2_2_4
10812,s2_885_1695,s2_n103_99,s4_n40_7,s1_below_4282,s2_2_3,s1_below_2001,s2_760_2075,s5_47_57,Passenger Car,s2_11_28,Deployed,s2_97_208,s1_below_1,Female,s2_37_80,s3_141_159,s2_164_318,s4_160_220,s2_2_4
10813,s2_885_1695,s2_n103_99,s4_n40_7,s1_below_4282,s1_below_2,s1_below_2001,s2_760_2075,s4_37_47,Truck (<=6000 lbs.),s4_48_64,Deployed,s2_97_208,s1_below_1,Male,s4_96_114,s2_116_141,s2_164_318,s3_80_160,s2_2_4
10814,s2_885_1695,s2_n103_99,s4_n40_7,s1_below_4282,s1_below_2,s3_2003_2005,s2_760_2075,s5_47_57,Passenger Car,s2_11_28,Not Deployed,s2_97_208,s3_2_3,Female,s2_37_80,s3_141_159,s2_164_318,s4_160_220,s2_2_4
10815,s2_885_1695,s2_n103_99,s4_n40_7,s1_below_4282,s1_below_2,s2_2001_2003,s2_760_2075,s5_47_57,Passenger Car,s4_48_64,Deployed,s2_97_208,s3_2_3,Male,s3_80_96,s3_141_159,s2_164_318,s3_80_160,s2_2_4
10816,s3_1695_2555,s2_n103_99,s4_n40_7,s1_below_4282,s4_4_5,s2_2001_2003,s2_760_2075,s4_37_47,Truck (<=10000 lbs.),s4_48_64,Not Deployed,s2_97_208,s1_below_1,Male,s4_96_114,s6_179_up,s3_318_464,s3_80_160,s5_6_7
10817,s4_2555_3715,s2_n103_99,s4_n40_7,s1_below_4282,s1_below_2,s2_2001_2003,s2_760_2075,s4_37_47,Truck (<=6000 lbs.),s3_28_48,Deployed,s2_97_208,s1_below_1,Female,s3_80_96,s4_159_169,s2_164_318,s3_80_160,s2_2_4
10818,s3_1695_2555,s2_n103_99,s4_n40_7,s1_below_4282,s1_below_2,s1_below_2001,s2_760_2075,s3_17_37,Truck (<=6000 lbs.),s3_28_48,Deployed,s2_97_208,s3_2_3,Female,s5_114_130,s4_159_169,s2_164_318,s3_80_160,s3_4_5
10819,s2_885_1695,s2_n103_99,s4_n40_7,s1_below_4282,s2_2_3,s4_2005_2007,s2_760_2075,s5_47_57,Passenger Car,s2_11_28,Deployed,s2_97_208,s1_below_1,Male,s2_37_80,s3_141_159,s2_164_318,s3_80_160,s2_2_4
10820,s2_885_1695,s2_n103_99,s4_n40_7,s1_below_4282,s1_below_2,s2_2001_2003,s2_760_2075,s3_17_37,Passenger Car,s5_64_76,Not Deployed,s2_97_208,s3_2_3,Female,s2_37_80,s3_141_159,s2_164_318,s5_220_260,s2_2_4
10821,s3_1695_2555,s2_n103_99,s4_n40_7,s1_below_4282,s5_5_6,s2_2001_2003,s2_760_2075,s5_47_57,Truck (<=10000 lbs.),s3_28_48,Not Deployed,s2_97_208,s1_below_1,Male,s3_80_96,s4_159_169,s3_318_464,s3_80_160,s4_5_6
10822,s2_885_1695,s2_n103_99,s4_n40_7,s1_below_4282,s1_below_2,s2_2001_2003,s3_2075_3730,s4_37_47,Truck (<=6000 lbs.),s5_64_76,Deployed,s2_97_208,s1_below_1,Female,s2_37_80,s3_141_159,s2_164_318,s3_80_160,s2_2_4
10823,s3_1695_2555,s2_n103_99,s4_n40_7,s1_below_4282,s1_below_2,s3_2003_2005,s2_760_2075,s3_17_37,Truck (<=10000 lbs.),s3_28_48,Not Deployed,s2_97_208,s1_below_1,Female,s2_37_80,s5_169_179,s3_318_464,s4_160_220,s4_5_6
10824,s3_1695_2555,s2_n103_99,s3_n81_n40,s1_below_4282,s1_below_2,s2_2001_2003,s2_760_2075,s3_17_37,Truck (<=6000 lbs.),s3_28_48,Deployed,s2_97_208,s2_1_2,Female,s3_80_96,s4_159_169,s2_164_318,s3_80_160,s3_4_5
10825,s3_1695_2555,s2_n103_99,s4_n40_7,s1_below_4282,s2_2_3,s3_2003_2005,s2_760_2075,s4_37_47,Truck (<=6000 lbs.),s5_64_76,Not Deployed,s2_97_208,s1_below_1,Male,s2_37_80,s4_159_169,s2_164_318,s3_80_160,s3_4_5
10826,s2_885_1695,s2_n103_99,s4_n40_7,s1_below_4282,s1_below_2,s1_below_2001,s2_760_2075,s3_17_37,Passenger Car,s3_28_48,Not Deployed,s2_97_208,s1_below_1,Male,s5_114_130,s3_141_159,s2_164_318,s1_below_40,s2_2_4
10827,s2_885_1695,s2_n103_99,s4_n40_7,s1_below_4282,s1_below_2,s1_below_2001,s2_760_2075,s4_37_47,Passenger Car,s4_48_64,Deployed,s2_97_208,s1_below_1,Female,s5_114_130,s3_141_159,s2_164_318,s3_80_160,s2_2_4
10828,s2_885_1695,s2_n103_99,s4_n40_7,s1_below_4282,s4_4_5,s2_2001_2003,s2_760_2075,s4_37_47,Passenger Car,s2_11_28,Not Deployed,s2_97_208,s1_below_1,Female,s2_37_80,s3_141_159,s2_164_318,s5_220_260,s2_2_4
10829,s2_885_1695,s2_n103_99,s4_n40_7,s1_below_4282,s1_below_2,s2_2001_2003,s2_760_2075,s3_17_37,Passenger Car,s3_28_48,Not Deployed,s2_97_208,s1_below_1,Female,s3_80_96,s3_141_159,s2_164_318,s3_80_160,s2_2_4
10830,s2_885_1695,s2_n103_99,s4_n40_7,s1_below_4282,s1_below_2,s1_below_2001,s2_760_2075,s4_37_47,Passenger Car,s4_48_64,Not Deployed,s1_below_97,s1_below_1,Female,s2_37_80,s3_141_159,s2_164_318,s3_80_160,s2_2_4
10831,s2_885_1695,s2_n103_99,s4_n40_7,s1_below_4282,s1_below_2,s1_below_2001,s2_760_2075,s4_37_47,Passenger Car,s3_28_48,Deployed,s2_97_208,s3_2_3,Female,s2_37_80,s3_141_159,s2_164_318,s3_80_160,s2_2_4
10832,s3_1695_2555,s2_n103_99,s4_n40_7,s1_below_4282,s1_below_2,s1_below_2001,s3_2075_3730,s4_37_47,Truck (<=6000 lbs.),s2_11_28,Deployed,s2_97_208,s5_4_5,Male,s2_37_80,s3_141_159,s2_164_318,s3_80_160,s2_2_4
10833,s2_885_1695,s2_n103_99,s3_n81_n40,s1_below_4282,s1_below_2,s3_2003_2005,s3_2075_3730,s3_17_37,Truck (<=6000 lbs.),s2_11_28,Deployed,s2_97_208,s3_2_3,Male,s2_37_80,s3_141_159,s2_164_318,s3_80_160,s2_2_4
10834,s2_885_1695,s2_n103_99,s4_n40_7,s1_below_4282,s4_4_5,s1_below_2001,s3_2075_3730,s4_37_47,Truck (<=6000 lbs.),s2_11_28,Not Deployed,s2_97_208,s1_below_1,Female,s3_80_96,s3_141_159,s2_164_318,s2_40_80,s2_2_4
10835,s3_1695_2555,s2_n103_99,s4_n40_7,s1_below_4282,s1_below_2,s3_2003_2005,s2_760_2075,s4_37_47,Truck (<=10000 lbs.),s4_48_64,Deployed,s2_97_208,s1_below_1,Female,s2_37_80,s4_159_169,s3_318_464,s3_80_160,s4_5_6
10836,s3_1695_2555,s2_n103_99,s4_n40_7,s1_below_4282,s1_below_2,s1_below_2001,s2_760_2075,s4_37_47,Truck (<=10000 lbs.),s3_28_48,Deployed,s2_97_208,s1_below_1,Male,s3_80_96,s5_169_179,s3_318_464,s3_80_160,s4_5_6
10837,s2_885_1695,s2_n103_99,s4_n40_7,s1_below_4282,s1_below_2,s3_2003_2005,s2_760_2075,s4_37_47,Passenger Car,s2_11_28,Deployed,s2_97_208,s1_below_1,Male,s4_96_114,s3_141_159,s2_164_318,s3_80_160,s2_2_4
10838,s2_885_1695,s2_n103_99,s3_n81_n40,s1_below_4282,s1_below_2,s1_below_2001,s2_760_2075,s4_37_47,Passenger Car,s4_48_64,Deployed,s2_97_208,s4_3_4,Female,s2_37_80,s3_141_159,s2_164_318,s3_80_160,s2_2_4
10839,s2_885_1695,s2_n103_99,s4_n40_7,s1_below_4282,s1_below_2,s1_below_2001,s2_760_2075,s3_17_37,Passenger Car,s2_11_28,Not Deployed,s2_97_208,s1_below_1,Female,s2_37_80,s3_141_159,s2_164_318,s4_160_220,s2_2_4
10840,s2_885_1695,s2_n103_99,s4_n40_7,s1_below_4282,s3_3_4,s3_2003_2005,s2_760_2075,s3_17_37,Passenger Car,s3_28_48,Not Deployed,s2_97_208,s1_below_1,Male,s3_80_96,s3_141_159,s2_164_318,s3_80_160,s2_2_4
10841,s3_1695_2555,s2_n103_99,s4_n40_7,s1_below_4282,s1_below_2,s4_2005_2007,s2_760_2075,s3_17_37,Truck (<=10000 lbs.),s3_28_48,Not Deployed,s2_97_208,s1_below_1,Male,s4_96_114,s5_169_179,s2_164_318,s3_80_160,s3_4_5
10842,s3_1695_2555,s2_n103_99,s5_7_up,s1_below_4282,s1_below_2,s1_below_2001,s2_760_2075,s3_17_37,Passenger Car,s4_48_64,Not Deployed,s2_97_208,s1_below_1,Female,s3_80_96,s3_141_159,s2_164_318,s6_260_up,s2_2_4
10843,s2_885_1695,s2_n103_99,s4_n40_7,s1_below_4282,s1_below_2,s1_below_2001,s2_760_2075,s3_17_37,Passenger Car,s2_11_28,Deployed,s2_97_208,s1_below_1,Female,s2_37_80,s3_141_159,s2_164_318,s3_80_160,s2_2_4
10844,s3_1695_2555,s2_n103_99,s3_n81_n40,s1_below_4282,s3_3_4,s3_2003_2005,s2_760_2075,s5_47_57,Truck (<=6000 lbs.),s3_28_48,Deployed,s2_97_208,s1_below_1,Female,s2_37_80,s3_141_159,s2_164_318,s3_80_160,s2_2_4
10845,s2_885_1695,s2_n103_99,s4_n40_7,s1_below_4282,s4_4_5,s1_below_2001,s2_760_2075,s4_37_47,Passenger Car,s5_64_76,Deployed,s2_97_208,s1_below_1,Female,s3_80_96,s3_141_159,s2_164_318,s4_160_220,s2_2_4
10846,s3_1695_2555,s2_n103_99,s4_n40_7,s1_below_4282,s4_4_5,s1_below_2001,s2_760_2075,s4_37_47,Truck (<=6000 lbs.),s3_28_48,Not Deployed,s2_97_208,s2_1_2,Female,s2_37_80,s3_141_159,s2_164_318,s3_80_160,s2_2_4
10847,s3_1695_2555,s2_n103_99,s3_n81_n40,s1_below_4282,s4_4_5,s1_below_2001,s2_760_2075,s4_37_47,Truck (<=6000 lbs.),s2_11_28,Deployed,s2_97_208,s2_1_2,Male,s3_80_96,s3_141_159,s2_164_318,s3_80_160,s2_2_4
10848,s4_2555_3715,s2_n103_99,s4_n40_7,s1_below_4282,s3_3_4,s1_below_2001,s3_2075_3730,s5_47_57,Truck (<=10000 lbs.),s4_48_64,Not Deployed,s2_97_208,s1_below_1,Male,s3_80_96,s5_169_179,s3_318_464,s3_80_160,s6_7_up
10849,s3_1695_2555,s2_n103_99,s5_7_up,s1_below_4282,s3_3_4,s1_below_2001,s3_2075_3730,s5_47_57,Truck (<=10000 lbs.),s2_11_28,Not Deployed,s2_97_208,s1_below_1,Male,s2_37_80,s4_159_169,s2_164_318,s6_260_up,s3_4_5
10850,s3_1695_2555,s2_n103_99,s4_n40_7,s1_below_4282,s1_below_2,s3_2003_2005,s2_760_2075,s4_37_47,Truck (<=10000 lbs.),s2_11_28,Not Deployed,s2_97_208,s1_below_1,Female,s2_37_80,s3_141_159,s2_164_318,s3_80_160,s2_2_4
10851,s3_1695_2555,s2_n103_99,s4_n40_7,s1_below_4282,s1_below_2,s2_2001_2003,s2_760_2075,s4_37_47,Truck (<=6000 lbs.),s2_11_28,Deployed,s2_97_208,s1_below_1,Male,s2_37_80,s3_141_159,s2_164_318,s3_80_160,s2_2_4
10852,s2_885_1695,s2_n103_99,s3_n81_n40,s1_below_4282,s4_4_5,s2_2001_2003,s2_760_2075,s5_47_57,Passenger Car,s3_28_48,Deployed,s2_97_208,s6_5_up,Female,s2_37_80,s3_141_159,s2_164_318,s3_80_160,s2_2_4
10853,s2_885_1695,s2_n103_99,s4_n40_7,s1_below_4282,s4_4_5,s3_2003_2005,s2_760_2075,s4_37_47,Passenger Car,s3_28_48,Not Deployed,s2_97_208,s1_below_1,Female,s2_37_80,s3_141_159,s2_164_318,s3_80_160,s2_2_4
10854,s2_885_1695,s2_n103_99,s4_n40_7,s1_below_4282,s4_4_5,s1_below_2001,s2_760_2075,s4_37_47,Passenger Car,s2_11_28,Deployed,s2_97_208,s1_below_1,Female,s2_37_80,s3_141_159,s2_164_318,s3_80_160,s2_2_4
10855,s2_885_1695,s2_n103_99,s4_n40_7,s1_below_4282,s1_below_2,s3_2003_2005,s2_760_2075,s3_17_37,Passenger Car,s5_64_76,Deployed,s2_97_208,s3_2_3,Female,s2_37_80,s3_141_159,s2_164_318,s4_160_220,s2_2_4
10856,s2_885_1695,s2_n103_99,s4_n40_7,s1_below_4282,s1_below_2,s1_below_2001,s2_760_2075,s3_17_37,Passenger Car,s6_76_up,Not Deployed,s2_97_208,s4_3_4,Female,s2_37_80,s3_141_159,s2_164_318,s2_40_80,s2_2_4
10857,s2_885_1695,s2_n103_99,s4_n40_7,s1_below_4282,s2_2_3,s4_2005_2007,s2_760_2075,s5_47_57,Passenger Car,s2_11_28,Deployed,s2_97_208,s1_below_1,Male,s2_37_80,s3_141_159,s2_164_318,s3_80_160,s2_2_4
10858,s2_885_1695,s2_n103_99,s5_7_up,s1_below_4282,s4_4_5,s2_2001_2003,s2_760_2075,s4_37_47,Passenger Car,s3_28_48,Not Deployed,s2_97_208,s1_below_1,Female,s2_37_80,s3_141_159,s2_164_318,s6_260_up,s2_2_4
10859,s2_885_1695,s2_n103_99,s4_n40_7,s1_below_4282,s1_below_2,s3_2003_2005,s2_760_2075,s3_17_37,Passenger Car,s2_11_28,Not Deployed,s2_97_208,s1_below_1,Male,s2_37_80,s3_141_159,s2_164_318,s3_80_160,s2_2_4
10860,s3_1695_2555,s2_n103_99,s4_n40_7,s1_below_4282,s1_below_2,s3_2003_2005,s2_760_2075,s3_17_37,Truck (<=6000 lbs.),s4_48_64,Not Deployed,s2_97_208,s1_below_1,Male,s2_37_80,s4_159_169,s3_318_464,s3_80_160,s3_4_5
10861,s2_885_1695,s2_n103_99,s5_7_up,s1_below_4282,s1_below_2,s2_2001_2003,s3_2075_3730,s3_17_37,Passenger Car,s2_11_28,Not Deployed,s2_97_208,s1_below_1,Male,s4_96_114,s3_141_159,s2_164_318,s4_160_220,s2_2_4
10862,s2_885_1695,s2_n103_99,s4_n40_7,s1_below_4282,s3_3_4,s3_2003_2005,s2_760_2075,s5_47_57,Passenger Car,s2_11_28,Not Deployed,s2_97_208,s1_below_1,Female,s2_37_80,s3_141_159,s2_164_318,s3_80_160,s2_2_4
10863,s2_885_1695,s2_n103_99,s4_n40_7,s1_below_4282,s5_5_6,s4_2005_2007,s3_2075_3730,s5_47_57,Passenger Car,s3_28_48,Not Deployed,s2_97_208,s1_below_1,Female,s2_37_80,s3_141_159,s2_164_318,s3_80_160,s2_2_4
10864,s2_885_1695,s2_n103_99,s4_n40_7,s1_below_4282,s4_4_5,s1_below_2001,s2_760_2075,s3_17_37,Passenger Car,s2_11_28,Deployed,s2_97_208,s1_below_1,Female,s2_37_80,s3_141_159,s2_164_318,s3_80_160,s2_2_4
10865,s3_1695_2555,s2_n103_99,s4_n40_7,s1_below_4282,s1_below_2,s2_2001_2003,s2_760_2075,s5_47_57,Truck (<=6000 lbs.),s4_48_64,Deployed,s2_97_208,s2_1_2,Female,s3_80_96,s4_159_169,s2_164_318,s3_80_160,s2_2_4
10866,s2_885_1695,s2_n103_99,s4_n40_7,s1_below_4282,s1_below_2,s3_2003_2005,s2_760_2075,s5_47_57,Passenger Car,s4_48_64,Deployed,s2_97_208,s2_1_2,Female,s3_80_96,s3_141_159,s2_164_318,s4_160_220,s2_2_4
10867,s3_1695_2555,s2_n103_99,s5_7_up,s1_below_4282,s1_below_2,s1_below_2001,s2_760_2075,s4_37_47,Truck (<=6000 lbs.),s2_11_28,Not Deployed,s2_97_208,s1_below_1,Female,s2_37_80,s3_141_159,s2_164_318,s6_260_up,s2_2_4
10868,s2_885_1695,s2_n103_99,s4_n40_7,s1_below_4282,s1_below_2,s2_2001_2003,s2_760_2075,s5_47_57,Truck (<=6000 lbs.),s3_28_48,Deployed,s2_97_208,s2_1_2,Male,s3_80_96,s3_141_159,s2_164_318,s3_80_160,s2_2_4
10869,s2_885_1695,s2_n103_99,s4_n40_7,s1_below_4282,s1_below_2,s2_2001_2003,s2_760_2075,s6_57_up,Passenger Car,s4_48_64,Deployed,s2_97_208,s3_2_3,Female,s2_37_80,s3_141_159,s2_164_318,s2_40_80,s2_2_4
10870,s2_885_1695,s2_n103_99,s4_n40_7,s1_below_4282,s2_2_3,s3_2003_2005,s2_760_2075,s5_47_57,Passenger Car,s2_11_28,Deployed,s2_97_208,s1_below_1,Female,s2_37_80,s3_141_159,s2_164_318,s3_80_160,s2_2_4
10871,s2_885_1695,s2_n103_99,s4_n40_7,s1_below_4282,s1_below_2,s1_below_2001,s2_760_2075,s5_47_57,Passenger Car,s2_11_28,Deployed,s2_97_208,s1_below_1,Male,s2_37_80,s3_141_159,s2_164_318,s3_80_160,s2_2_4
10872,s3_1695_2555,s2_n103_99,s4_n40_7,s1_below_4282,s3_3_4,s1_below_2001,s2_760_2075,s3_17_37,Truck (<=10000 lbs.),s2_11_28,Not Deployed,s2_97_208,s1_below_1,Male,s2_37_80,s4_159_169,s2_164_318,s4_160_220,s3_4_5
10873,s3_1695_2555,s2_n103_99,s4_n40_7,s1_below_4282,s1_below_2,s2_2001_2003,s2_760_2075,s3_17_37,Truck (<=10000 lbs.),s2_11_28,Not Deployed,s2_97_208,s1_below_1,Male,s3_80_96,s3_141_159,s3_318_464,s3_80_160,s3_4_5
10874,s3_1695_2555,s2_n103_99,s3_n81_n40,s1_below_4282,s1_below_2,s3_2003_2005,s2_760_2075,s5_47_57,Passenger Car,s4_48_64,Deployed,s2_97_208,s2_1_2,Male,s4_96_114,s4_159_169,s2_164_318,s3_80_160,s2_2_4
10875,s2_885_1695,s2_n103_99,s4_n40_7,s1_below_4282,s1_below_2,s3_2003_2005,s2_760_2075,s5_47_57,Passenger Car,s2_11_28,Not Deployed,s2_97_208,s1_below_1,Male,s2_37_80,s3_141_159,s2_164_318,s2_40_80,s2_2_4
10876,s3_1695_2555,s2_n103_99,s4_n40_7,s1_below_4282,s3_3_4,s1_below_2001,s2_760_2075,s5_47_57,Truck (<=6000 lbs.),s2_11_28,Deployed,s2_97_208,s2_1_2,Male,s2_37_80,s3_141_159,s2_164_318,s3_80_160,s2_2_4
10877,s2_885_1695,s2_n103_99,s4_n40_7,s1_below_4282,s1_below_2,s3_2003_2005,s2_760_2075,s4_37_47,Passenger Car,s3_28_48,Not Deployed,s2_97_208,s1_below_1,Female,s2_37_80,s3_141_159,s2_164_318,s3_80_160,s2_2_4
10878,s3_1695_2555,s2_n103_99,s4_n40_7,s1_below_4282,s1_below_2,s2_2001_2003,s2_760_2075,s5_47_57,Truck (<=6000 lbs.),s3_28_48,Not Deployed,s2_97_208,s1_below_1,Female,s2_37_80,s3_141_159,s2_164_318,s1_below_40,s2_2_4
10879,s2_885_1695,s2_n103_99,s4_n40_7,s1_below_4282,s1_below_2,s1_below_2001,s2_760_2075,s4_37_47,Truck (<=6000 lbs.),s3_28_48,Deployed,s2_97_208,s1_below_1,Male,s3_80_96,s3_141_159,s2_164_318,s3_80_160,s2_2_4
10880,s3_1695_2555,s2_n103_99,s4_n40_7,s1_below_4282,s1_below_2,s3_2003_2005,s2_760_2075,s5_47_57,Truck (<=10000 lbs.),s3_28_48,Not Deployed,s2_97_208,s1_below_1,Male,s2_37_80,s2_116_141,s2_164_318,s4_160_220,s2_2_4
10881,s2_885_1695,s2_n103_99,s3_n81_n40,s1_below_4282,s2_2_3,s1_below_2001,s2_760_2075,s4_37_47,Truck (<=6000 lbs.),s5_64_76,Deployed,s2_97_208,s2_1_2,Female,s3_80_96,s3_141_159,s2_164_318,s3_80_160,s2_2_4
10882,s2_885_1695,s2_n103_99,s3_n81_n40,s1_below_4282,s1_below_2,s2_2001_2003,s2_760_2075,s5_47_57,Passenger Car,s4_48_64,Deployed,s2_97_208,s1_below_1,Male,s3_80_96,s3_141_159,s2_164_318,s3_80_160,s2_2_4
10883,s2_885_1695,s2_n103_99,s4_n40_7,s1_below_4282,s2_2_3,s2_2001_2003,s2_760_2075,s4_37_47,Passenger Car,s3_28_48,Deployed,s2_97_208,s1_below_1,Female,s2_37_80,s3_141_159,s2_164_318,s3_80_160,s2_2_4
10884,s3_1695_2555,s2_n103_99,s4_n40_7,s1_below_4282,s1_below_2,s1_below_2001,s2_760_2075,s3_17_37,Truck (<=6000 lbs.),s4_48_64,Deployed,s2_97_208,s2_1_2,Male,s4_96_114,s2_116_141,s3_318_464,s3_80_160,s3_4_5
10885,s3_1695_2555,s2_n103_99,s4_n40_7,s1_below_4282,s3_3_4,s3_2003_2005,s2_760_2075,s5_47_57,Truck (<=10000 lbs.),s2_11_28,Not Deployed,s2_97_208,s1_below_1,Female,s3_80_96,s5_169_179,s3_318_464,s4_160_220,s4_5_6
10886,s2_885_1695,s2_n103_99,s4_n40_7,s1_below_4282,s4_4_5,s3_2003_2005,s3_2075_3730,s5_47_57,Passenger Car,s3_28_48,Deployed,s2_97_208,s2_1_2,Male,s3_80_96,s3_141_159,s2_164_318,s3_80_160,s2_2_4
10887,s3_1695_2555,s2_n103_99,s4_n40_7,s1_below_4282,s1_below_2,s3_2003_2005,s2_760_2075,s4_37_47,Truck (<=10000 lbs.),s3_28_48,Deployed,s2_97_208,s1_below_1,Female,s3_80_96,s4_159_169,s2_164_318,s3_80_160,s3_4_5
10888,s3_1695_2555,s2_n103_99,s4_n40_7,s1_below_4282,s1_below_2,s4_2005_2007,s2_760_2075,s4_37_47,Truck (<=10000 lbs.),s3_28_48,Not Deployed,s2_97_208,s1_below_1,Female,s2_37_80,s5_169_179,s2_164_318,s3_80_160,s3_4_5
10889,s3_1695_2555,s2_n103_99,s4_n40_7,s1_below_4282,s3_3_4,s1_below_2001,s3_2075_3730,s5_47_57,Truck (<=10000 lbs.),s3_28_48,Not Deployed,s2_97_208,s1_below_1,Female,s2_37_80,s4_159_169,s3_318_464,s4_160_220,s4_5_6
10890,s4_2555_3715,s2_n103_99,s4_n40_7,s1_below_4282,s3_3_4,s3_2003_2005,s3_2075_3730,s5_47_57,Truck (<=10000 lbs.),s3_28_48,Deployed,s2_97_208,s2_1_2,Male,s2_37_80,s4_159_169,s3_318_464,s3_80_160,s4_5_6
10891,s2_885_1695,s2_n103_99,s4_n40_7,s1_below_4282,s1_below_2,s1_below_2001,s2_760_2075,s5_47_57,Passenger Car,s2_11_28,Not Deployed,s2_97_208,s1_below_1,Male,s4_96_114,s3_141_159,s2_164_318,s4_160_220,s2_2_4
10892,s3_1695_2555,s2_n103_99,s4_n40_7,s1_below_4282,s1_below_2,s2_2001_2003,s2_760_2075,s5_47_57,Passenger Car,s4_48_64,Not Deployed,s2_97_208,s1_below_1,Male,s3_80_96,s4_159_169,s2_164_318,s4_160_220,s2_2_4
10893,s2_885_1695,s2_n103_99,s4_n40_7,s1_below_4282,s1_below_2,s3_2003_2005,s2_760_2075,s5_47_57,Passenger Car,s3_28_48,Deployed,s2_97_208,s1_below_1,Female,s3_80_96,s3_141_159,s2_164_318,s3_80_160,s2_2_4
10894,s3_1695_2555,s2_n103_99,s4_n40_7,s1_below_4282,s1_below_2,s4_2005_2007,s2_760_2075,s3_17_37,Truck (<=6000 lbs.),s5_64_76,Not Deployed,s2_97_208,s5_4_5,Female,s3_80_96,s3_141_159,s2_164_318,s2_40_80,s2_2_4
10895,s3_1695_2555,s2_n103_99,s4_n40_7,s1_below_4282,s3_3_4,s2_2001_2003,s2_760_2075,s5_47_57,Truck (<=6000 lbs.),s4_48_64,Deployed,s2_97_208,s2_1_2,Female,s2_37_80,s3_141_159,s2_164_318,s4_160_220,s2_2_4
10896,s3_1695_2555,s2_n103_99,s4_n40_7,s1_below_4282,s3_3_4,s3_2003_2005,s2_760_2075,s5_47_57,Truck (<=6000 lbs.),s3_28_48,Not Deployed,s2_97_208,s1_below_1,Male,s2_37_80,s4_159_169,s2_164_318,s3_80_160,s2_2_4
10897,s3_1695_2555,s2_n103_99,s5_7_up,s1_below_4282,s3_3_4,s3_2003_2005,s3_2075_3730,s5_47_57,Truck (<=6000 lbs.),s2_11_28,Not Deployed,s2_97_208,s1_below_1,Male,s3_80_96,s3_141_159,s2_164_318,s6_260_up,s2_2_4
10898,s2_885_1695,s2_n103_99,s4_n40_7,s1_below_4282,s1_below_2,s1_below_2001,s3_2075_3730,s3_17_37,Passenger Car,s4_48_64,Deployed,s2_97_208,s2_1_2,Female,s3_80_96,s3_141_159,s2_164_318,s3_80_160,s2_2_4
10899,s3_1695_2555,s2_n103_99,s4_n40_7,s1_below_4282,s1_below_2,s3_2003_2005,s2_760_2075,s3_17_37,Truck (<=10000 lbs.),s4_48_64,Deployed,s2_97_208,s1_below_1,Male,s4_96_114,s4_159_169,s3_318_464,s3_80_160,s4_5_6
10900,s2_885_1695,s2_n103_99,s4_n40_7,s1_below_4282,s2_2_3,s4_2005_2007,s2_760_2075,s3_17_37,Passenger Car,s4_48_64,Deployed,s2_97_208,s2_1_2,Male,s4_96_114,s3_141_159,s2_164_318,s4_160_220,s2_2_4
10901,s2_885_1695,s2_n103_99,s4_n40_7,s1_below_4282,s2_2_3,s3_2003_2005,s2_760_2075,s3_17_37,Passenger Car,s2_11_28,Deployed,s2_97_208,s1_below_1,Female,s2_37_80,s3_141_159,s2_164_318,s3_80_160,s2_2_4
10902,s3_1695_2555,s2_n103_99,s4_n40_7,s1_below_4282,s3_3_4,s2_2001_2003,s2_760_2075,s5_47_57,Truck (<=10000 lbs.),s2_11_28,Not Deployed,s2_97_208,s1_below_1,Male,s2_37_80,s4_159_169,s3_318_464,s3_80_160,s4_5_6
10903,s2_885_1695,s2_n103_99,s5_7_up,s1_below_4282,s1_below_2,s2_2001_2003,s2_760_2075,s4_37_47,Passenger Car,s3_28_48,Not Deployed,s2_97_208,s1_below_1,Female,s2_37_80,s3_141_159,s2_164_318,s5_220_260,s2_2_4
10904,s3_1695_2555,s2_n103_99,s4_n40_7,s1_below_4282,s4_4_5,s3_2003_2005,s2_760_2075,s5_47_57,Truck (<=10000 lbs.),s3_28_48,Not Deployed,s2_97_208,s1_below_1,Male,s5_114_130,s5_169_179,s3_318_464,s2_40_80,s4_5_6
10905,s2_885_1695,s2_n103_99,s4_n40_7,s1_below_4282,s1_below_2,s1_below_2001,s2_760_2075,s5_47_57,Passenger Car,s3_28_48,Not Deployed,s2_97_208,s1_below_1,Female,s2_37_80,s3_141_159,s2_164_318,s2_40_80,s2_2_4
10906,s2_885_1695,s2_n103_99,s5_7_up,s1_below_4282,s3_3_4,s2_2001_2003,s2_760_2075,s5_47_57,Passenger Car,s5_64_76,Not Deployed,s2_97_208,s1_below_1,Female,s2_37_80,s3_141_159,s2_164_318,s6_260_up,s2_2_4
10907,s2_885_1695,s2_n103_99,s4_n40_7,s1_below_4282,s1_below_2,s1_below_2001,s2_760_2075,s4_37_47,Passenger Car,s5_64_76,Not Deployed,s2_97_208,s1_below_1,Male,s4_96_114,s3_141_159,s2_164_318,s2_40_80,s2_2_4
10908,s3_1695_2555,s2_n103_99,s4_n40_7,s1_below_4282,s1_below_2,s2_2001_2003,s2_760_2075,s3_17_37,Truck (<=6000 lbs.),s2_11_28,Deployed,s2_97_208,s1_below_1,Female,s2_37_80,s3_141_159,s2_164_318,s3_80_160,s2_2_4
10909,s3_1695_2555,s2_n103_99,s4_n40_7,s1_below_4282,s3_3_4,s1_below_2001,s3_2075_3730,s5_47_57,Passenger Car,s4_48_64,Not Deployed,s2_97_208,s1_below_1,Female,s2_37_80,s3_141_159,s2_164_318,s3_80_160,s2_2_4
10910,s2_885_1695,s2_n103_99,s4_n40_7,s1_below_4282,s1_below_2,s2_2001_2003,s2_760_2075,s6_57_up,Passenger Car,s2_11_28,Not Deployed,s2_97_208,s1_below_1,Male,s2_37_80,s3_141_159,s2_164_318,s3_80_160,s2_2_4
10911,s2_885_1695,s2_n103_99,s4_n40_7,s1_below_4282,s1_below_2,s1_below_2001,s3_2075_3730,s6_57_up,Truck (<=6000 lbs.),s4_48_64,Not Deployed,s2_97_208,s1_below_1,Male,s3_80_96,s2_116_141,s2_164_318,s4_160_220,s2_2_4
10912,s3_1695_2555,s2_n103_99,s4_n40_7,s1_below_4282,s1_below_2,s1_below_2001,s2_760_2075,s4_37_47,Truck (<=6000 lbs.),s3_28_48,Not Deployed,s2_97_208,s2_1_2,Male,s2_37_80,s3_141_159,s2_164_318,s3_80_160,s2_2_4
10913,s2_885_1695,s2_n103_99,s4_n40_7,s1_below_4282,s1_below_2,s3_2003_2005,s2_760_2075,s5_47_57,Passenger Car,s2_11_28,Deployed,s2_97_208,s1_below_1,Male,s4_96_114,s3_141_159,s2_164_318,s3_80_160,s2_2_4
10914,s3_1695_2555,s2_n103_99,s4_n40_7,s1_below_4282,s3_3_4,s1_below_2001,s2_760_2075,s5_47_57,Truck (<=6000 lbs.),s3_28_48,Deployed,s2_97_208,s1_below_1,Male,s2_37_80,s4_159_169,s2_164_318,s3_80_160,s3_4_5
10915,s4_2555_3715,s2_n103_99,s4_n40_7,s1_below_4282,s1_below_2,s2_2001_2003,s2_760_2075,s4_37_47,Truck (<=10000 lbs.),s2_11_28,Not Deployed,s2_97_208,s1_below_1,Female,s2_37_80,s5_169_179,s3_318_464,s3_80_160,s5_6_7
10916,s3_1695_2555,s2_n103_99,s4_n40_7,s1_below_4282,s1_below_2,s3_2003_2005,s2_760_2075,s5_47_57,Truck (<=6000 lbs.),s2_11_28,Deployed,s2_97_208,s1_below_1,Female,s2_37_80,s3_141_159,s2_164_318,s3_80_160,s2_2_4
10917,s3_1695_2555,s2_n103_99,s3_n81_n40,s1_below_4282,s3_3_4,s3_2003_2005,s2_760_2075,s3_17_37,Truck (<=10000 lbs.),s4_48_64,Not Deployed,s2_97_208,s1_below_1,Male,s3_80_96,s4_159_169,s3_318_464,s1_below_40,s4_5_6
10918,s2_885_1695,s2_n103_99,s4_n40_7,s1_below_4282,s3_3_4,s3_2003_2005,s2_760_2075,s3_17_37,Passenger Car,s4_48_64,Not Deployed,s2_97_208,s1_below_1,Female,s3_80_96,s3_141_159,s2_164_318,s3_80_160,s2_2_4
10919,s2_885_1695,s2_n103_99,s4_n40_7,s1_below_4282,s3_3_4,s3_2003_2005,s2_760_2075,s4_37_47,Passenger Car,s3_28_48,Not Deployed,s2_97_208,s1_below_1,Female,s2_37_80,s3_141_159,s2_164_318,s3_80_160,s2_2_4
10920,s3_1695_2555,s2_n103_99,s4_n40_7,s1_below_4282,s3_3_4,s3_2003_2005,s2_760_2075,s3_17_37,Truck (<=6000 lbs.),s3_28_48,Not Deployed,s2_97_208,s1_below_1,Female,s2_37_80,s3_141_159,s2_164_318,s4_160_220,s2_2_4
10921,s2_885_1695,s2_n103_99,s4_n40_7,s1_below_4282,s1_below_2,s2_2001_2003,s2_760_2075,s4_37_47,Passenger Car,s3_28_48,Deployed,s2_97_208,s1_below_1,Female,s2_37_80,s3_141_159,s2_164_318,s3_80_160,s2_2_4
10922,s2_885_1695,s2_n103_99,s4_n40_7,s1_below_4282,s1_below_2,s2_2001_2003,s2_760_2075,s4_37_47,Passenger Car,s2_11_28,Deployed,s2_97_208,s1_below_1,Male,s4_96_114,s3_141_159,s2_164_318,s3_80_160,s2_2_4
10923,s3_1695_2555,s2_n103_99,s4_n40_7,s1_below_4282,s5_5_6,s1_below_2001,s3_2075_3730,s5_47_57,Truck (<=6000 lbs.),s2_11_28,Deployed,s2_97_208,s1_below_1,Female,s2_37_80,s3_141_159,s2_164_318,s3_80_160,s2_2_4
10924,s2_885_1695,s2_n103_99,s4_n40_7,s1_below_4282,s3_3_4,s2_2001_2003,s2_760_2075,s4_37_47,Passenger Car,s5_64_76,Deployed,s2_97_208,s1_below_1,Female,s2_37_80,s3_141_159,s2_164_318,s4_160_220,s2_2_4
10925,s3_1695_2555,s2_n103_99,s4_n40_7,s1_below_4282,s1_below_2,s2_2001_2003,s2_760_2075,s3_17_37,Truck (<=6000 lbs.),s3_28_48,Not Deployed,s2_97_208,s1_below_1,Male,s2_37_80,s3_141_159,s2_164_318,s4_160_220,s2_2_4
10926,s2_885_1695,s2_n103_99,s4_n40_7,s1_below_4282,s1_below_2,s1_below_2001,s2_760_2075,s3_17_37,Passenger Car,s2_11_28,Deployed,s2_97_208,s1_below_1,Female,s2_37_80,s3_141_159,s2_164_318,s3_80_160,s2_2_4
10927,s2_885_1695,s2_n103_99,s4_n40_7,s1_below_4282,s1_below_2,s1_below_2001,s2_760_2075,s3_17_37,Passenger Car,s2_11_28,Not Deployed,s2_97_208,s1_below_1,Male,s5_114_130,s3_141_159,s2_164_318,s4_160_220,s2_2_4
10928,s3_1695_2555,s2_n103_99,s4_n40_7,s1_below_4282,s1_below_2,s3_2003_2005,s2_760_2075,s5_47_57,Truck (<=10000 lbs.),s3_28_48,Not Deployed,s2_97_208,s1_below_1,Male,s4_96_114,s4_159_169,s2_164_318,s4_160_220,s3_4_5
10929,s3_1695_2555,s2_n103_99,s4_n40_7,s1_below_4282,s1_below_2,s1_below_2001,s2_760_2075,s5_47_57,Truck (<=6000 lbs.),s4_48_64,Deployed,s2_97_208,s1_below_1,Male,s4_96_114,s4_159_169,s2_164_318,s3_80_160,s2_2_4
10930,s2_885_1695,s2_n103_99,s4_n40_7,s1_below_4282,s1_below_2,s1_below_2001,s2_760_2075,s5_47_57,Passenger Car,s3_28_48,Deployed,s2_97_208,s2_1_2,Female,s2_37_80,s3_141_159,s2_164_318,s3_80_160,s2_2_4
10931,s3_1695_2555,s2_n103_99,s4_n40_7,s1_below_4282,s1_below_2,s3_2003_2005,s2_760_2075,s5_47_57,Truck (<=6000 lbs.),s4_48_64,Not Deployed,s2_97_208,s1_below_1,Male,s2_37_80,s3_141_159,s2_164_318,s3_80_160,s2_2_4
10932,s2_885_1695,s2_n103_99,s4_n40_7,s1_below_4282,s4_4_5,s2_2001_2003,s2_760_2075,s4_37_47,Passenger Car,s4_48_64,Deployed,s2_97_208,s2_1_2,Female,s2_37_80,s3_141_159,s2_164_318,s4_160_220,s2_2_4
10933,s3_1695_2555,s2_n103_99,s4_n40_7,s1_below_4282,s1_below_2,s1_below_2001,s2_760_2075,s4_37_47,Passenger Car,s4_48_64,Not Deployed,s2_97_208,s1_below_1,Female,s2_37_80,s4_159_169,s2_164_318,s3_80_160,s2_2_4
10934,s2_885_1695,s2_n103_99,s4_n40_7,s1_below_4282,s1_below_2,s2_2001_2003,s2_760_2075,s4_37_47,Passenger Car,s6_76_up,Not Deployed,s2_97_208,s1_below_1,Female,s2_37_80,s3_141_159,s2_164_318,s2_40_80,s2_2_4
10935,s2_885_1695,s2_n103_99,s5_7_up,s1_below_4282,s2_2_3,s3_2003_2005,s2_760_2075,s4_37_47,Passenger Car,s2_11_28,Not Deployed,s2_97_208,s1_below_1,Female,s2_37_80,s3_141_159,s2_164_318,s6_260_up,s2_2_4
10936,s3_1695_2555,s2_n103_99,s3_n81_n40,s1_below_4282,s1_below_2,s1_below_2001,s2_760_2075,s4_37_47,Truck (<=6000 lbs.),s2_11_28,Deployed,s2_97_208,s3_2_3,Male,s2_37_80,s3_141_159,s2_164_318,s3_80_160,s2_2_4
10937,s2_885_1695,s2_n103_99,s3_n81_n40,s1_below_4282,s1_below_2,s2_2001_2003,s2_760_2075,s4_37_47,Passenger Car,s4_48_64,Deployed,s2_97_208,s3_2_3,Female,s2_37_80,s3_141_159,s2_164_318,s3_80_160,s2_2_4
10938,s2_885_1695,s2_n103_99,s4_n40_7,s1_below_4282,s3_3_4,s1_below_2001,s2_760_2075,s5_47_57,Passenger Car,s6_76_up,Deployed,s2_97_208,s2_1_2,Male,s2_37_80,s3_141_159,s2_164_318,s3_80_160,s2_2_4
10939,s3_1695_2555,s2_n103_99,s4_n40_7,s1_below_4282,s2_2_3,s1_below_2001,s2_760_2075,s5_47_57,Truck (<=10000 lbs.),s2_11_28,Not Deployed,s2_97_208,s1_below_1,Male,s4_96_114,s5_169_179,s2_164_318,s3_80_160,s3_4_5
10940,s2_885_1695,s2_n103_99,s4_n40_7,s1_below_4282,s2_2_3,s3_2003_2005,s2_760_2075,s4_37_47,Passenger Car,s2_11_28,Deployed,s2_97_208,s1_below_1,Male,s2_37_80,s3_141_159,s2_164_318,s4_160_220,s2_2_4
10941,s2_885_1695,s2_n103_99,s4_n40_7,s1_below_4282,s1_below_2,s2_2001_2003,s2_760_2075,s4_37_47,Passenger Car,s5_64_76,Deployed,s2_97_208,s1_below_1,Female,s2_37_80,s3_141_159,s2_164_318,s3_80_160,s2_2_4
10942,s2_885_1695,s2_n103_99,s4_n40_7,s1_below_4282,s1_below_2,s2_2001_2003,s2_760_2075,s3_17_37,Passenger Car,s2_11_28,Not Deployed,s2_97_208,s1_below_1,Female,s2_37_80,s3_141_159,s2_164_318,s2_40_80,s2_2_4
10943,s3_1695_2555,s2_n103_99,s4_n40_7,s1_below_4282,s2_2_3,s3_2003_2005,s2_760_2075,s4_37_47,Truck (<=10000 lbs.),s4_48_64,Not Deployed,s2_97_208,s1_below_1,Male,s3_80_96,s4_159_169,s3_318_464,s2_40_80,s4_5_6
10944,s2_885_1695,s2_n103_99,s5_7_up,s1_below_4282,s3_3_4,s3_2003_2005,s2_760_2075,s4_37_47,Passenger Car,s4_48_64,Not Deployed,s2_97_208,s2_1_2,Female,s4_96_114,s3_141_159,s2_164_318,s5_220_260,s2_2_4
10945,s3_1695_2555,s2_n103_99,s4_n40_7,s1_below_4282,s3_3_4,s3_2003_2005,s2_760_2075,s4_37_47,Truck (<=6000 lbs.),s5_64_76,Not Deployed,s2_97_208,s1_below_1,Male,s4_96_114,s3_141_159,s2_164_318,s3_80_160,s2_2_4
10946,s3_1695_2555,s2_n103_99,s4_n40_7,s1_below_4282,s3_3_4,s1_below_2001,s2_760_2075,s5_47_57,Truck (<=6000 lbs.),s3_28_48,Deployed,s2_97_208,s3_2_3,Female,s3_80_96,s3_141_159,s2_164_318,s3_80_160,s2_2_4
10947,s3_1695_2555,s2_n103_99,s4_n40_7,s1_below_4282,s1_below_2,s3_2003_2005,s3_2075_3730,s5_47_57,Truck (<=10000 lbs.),s5_64_76,Not Deployed,s2_97_208,s1_below_1,Male,s2_37_80,s5_169_179,s3_318_464,s1_below_40,s4_5_6
10948,s2_885_1695,s2_n103_99,s4_n40_7,s1_below_4282,s1_below_2,s2_2001_2003,s2_760_2075,s5_47_57,Passenger Car,s2_11_28,Not Deployed,s2_97_208,s1_below_1,Male,s2_37_80,s3_141_159,s2_164_318,s3_80_160,s2_2_4
10949,s3_1695_2555,s2_n103_99,s4_n40_7,s1_below_4282,s3_3_4,s3_2003_2005,s2_760_2075,s5_47_57,Truck (<=10000 lbs.),s4_48_64,Deployed,s2_97_208,s1_below_1,Female,s2_37_80,s5_169_179,s2_164_318,s3_80_160,s3_4_5
10950,s3_1695_2555,s2_n103_99,s4_n40_7,s1_below_4282,s3_3_4,s3_2003_2005,s2_760_2075,s4_37_47,Passenger Car,s4_48_64,Not Deployed,s2_97_208,s1_below_1,Female,s2_37_80,s4_159_169,s2_164_318,s4_160_220,s3_4_5
10951,s2_885_1695,s2_n103_99,s4_n40_7,s1_below_4282,s1_below_2,s3_2003_2005,s2_760_2075,s5_47_57,Truck (<=6000 lbs.),s6_76_up,Not Deployed,s2_97_208,s1_below_1,Male,s3_80_96,s3_141_159,s2_164_318,s3_80_160,s2_2_4
10952,s2_885_1695,s2_n103_99,s4_n40_7,s1_below_4282,s2_2_3,s2_2001_2003,s2_760_2075,s5_47_57,Passenger Car,s5_64_76,Deployed,s2_97_208,s1_below_1,Female,s2_37_80,s3_141_159,s2_164_318,s3_80_160,s2_2_4
10953,s3_1695_2555,s2_n103_99,s4_n40_7,s1_below_4282,s3_3_4,s3_2003_2005,s2_760_2075,s5_47_57,Passenger Car,s4_48_64,Not Deployed,s2_97_208,s1_below_1,Female,s2_37_80,s3_141_159,s2_164_318,s3_80_160,s2_2_4
10954,s3_1695_2555,s2_n103_99,s4_n40_7,s1_below_4282,s1_below_2,s3_2003_2005,s2_760_2075,s3_17_37,Truck (<=6000 lbs.),s4_48_64,Not Deployed,s2_97_208,s1_below_1,Male,s2_37_80,s4_159_169,s2_164_318,s2_40_80,s3_4_5
10955,s3_1695_2555,s2_n103_99,s4_n40_7,s1_below_4282,s3_3_4,s2_2001_2003,s2_760_2075,s5_47_57,Truck (<=6000 lbs.),s2_11_28,Not Deployed,s2_97_208,s1_below_1,Female,s2_37_80,s3_141_159,s2_164_318,s3_80_160,s2_2_4
10956,s2_885_1695,s2_n103_99,s5_7_up,s1_below_4282,s3_3_4,s2_2001_2003,s2_760_2075,s4_37_47,Passenger Car,s4_48_64,Not Deployed,s2_97_208,s1_below_1,Female,s2_37_80,s3_141_159,s2_164_318,s6_260_up,s2_2_4
10957,s2_885_1695,s2_n103_99,s4_n40_7,s1_below_4282,s3_3_4,s2_2001_2003,s2_760_2075,s4_37_47,Passenger Car,s3_28_48,Deployed,s2_97_208,s1_below_1,Female,s3_80_96,s3_141_159,s2_164_318,s3_80_160,s2_2_4
10958,s2_885_1695,s2_n103_99,s4_n40_7,s1_below_4282,s2_2_3,s1_below_2001,s2_760_2075,s4_37_47,Passenger Car,s2_11_28,Deployed,s2_97_208,s2_1_2,Male,s4_96_114,s3_141_159,s2_164_318,s4_160_220,s2_2_4
10959,s3_1695_2555,s2_n103_99,s4_n40_7,s1_below_4282,s2_2_3,s4_2005_2007,s2_760_2075,s4_37_47,Truck (<=10000 lbs.),s3_28_48,Not Deployed,s2_97_208,s1_below_1,Male,s6_130_up,s4_159_169,s3_318_464,s3_80_160,s4_5_6
10960,s2_885_1695,s2_n103_99,s4_n40_7,s1_below_4282,s1_below_2,s3_2003_2005,s2_760_2075,s3_17_37,Passenger Car,s2_11_28,Deployed,s2_97_208,s1_below_1,Female,s2_37_80,s3_141_159,s2_164_318,s4_160_220,s2_2_4
10961,s3_1695_2555,s2_n103_99,s4_n40_7,s1_below_4282,s1_below_2,s2_2001_2003,s2_760_2075,s4_37_47,Truck (<=10000 lbs.),s2_11_28,Not Deployed,s2_97_208,s1_below_1,Male,s3_80_96,s4_159_169,s3_318_464,s3_80_160,s4_5_6
10962,s3_1695_2555,s2_n103_99,s4_n40_7,s1_below_4282,s1_below_2,s2_2001_2003,s3_2075_3730,s4_37_47,Truck (<=6000 lbs.),s2_11_28,Not Deployed,s2_97_208,s1_below_1,Male,s2_37_80,s3_141_159,s2_164_318,s3_80_160,s2_2_4
10963,s3_1695_2555,s2_n103_99,s4_n40_7,s1_below_4282,s2_2_3,s2_2001_2003,s2_760_2075,s3_17_37,Truck (<=6000 lbs.),s3_28_48,Not Deployed,s2_97_208,s1_below_1,Female,s3_80_96,s3_141_159,s2_164_318,s4_160_220,s2_2_4
10964,s3_1695_2555,s2_n103_99,s4_n40_7,s1_below_4282,s1_below_2,s1_below_2001,s3_2075_3730,s3_17_37,Truck (<=10000 lbs.),s2_11_28,Not Deployed,s2_97_208,s2_1_2,Male,s2_37_80,s3_141_159,s2_164_318,s2_40_80,s2_2_4
10965,s3_1695_2555,s2_n103_99,s4_n40_7,s1_below_4282,s1_below_2,s3_2003_2005,s3_2075_3730,s3_17_37,Truck (<=10000 lbs.),s3_28_48,Deployed,s2_97_208,s1_below_1,Male,s2_37_80,s5_169_179,s3_318_464,s3_80_160,s4_5_6
10966,s2_885_1695,s2_n103_99,s4_n40_7,s1_below_4282,s1_below_2,s1_below_2001,s2_760_2075,s6_57_up,Passenger Car,s3_28_48,Not Deployed,s2_97_208,s5_4_5,Female,s5_114_130,s3_141_159,s2_164_318,s2_40_80,s2_2_4
10967,s2_885_1695,s2_n103_99,s4_n40_7,s1_below_4282,s4_4_5,s2_2001_2003,s2_760_2075,s4_37_47,Passenger Car,s2_11_28,Not Deployed,s2_97_208,s1_below_1,Male,s2_37_80,s3_141_159,s2_164_318,s4_160_220,s2_2_4
10968,s2_885_1695,s2_n103_99,s4_n40_7,s1_below_4282,s1_below_2,s3_2003_2005,s2_760_2075,s3_17_37,Passenger Car,s4_48_64,Not Deployed,s2_97_208,s1_below_1,Female,s2_37_80,s3_141_159,s2_164_318,s3_80_160,s2_2_4
10969,s2_885_1695,s2_n103_99,s4_n40_7,s1_below_4282,s2_2_3,s1_below_2001,s2_760_2075,s3_17_37,Passenger Car,s3_28_48,Deployed,s2_97_208,s1_below_1,Female,s3_80_96,s3_141_159,s2_164_318,s3_80_160,s2_2_4
10970,s3_1695_2555,s2_n103_99,s4_n40_7,s1_below_4282,s1_below_2,s1_below_2001,s2_760_2075,s4_37_47,Passenger Car,s6_76_up,Deployed,s2_97_208,s1_below_1,Male,s3_80_96,s4_159_169,s2_164_318,s3_80_160,s2_2_4
10971,s3_1695_2555,s2_n103_99,s4_n40_7,s1_below_4282,s2_2_3,s1_below_2001,s2_760_2075,s5_47_57,Truck (<=10000 lbs.),s3_28_48,Not Deployed,s2_97_208,s1_below_1,Male,s2_37_80,s5_169_179,s3_318_464,s3_80_160,s4_5_6
10972,s2_885_1695,s2_n103_99,s4_n40_7,s1_below_4282,s3_3_4,s3_2003_2005,s2_760_2075,s3_17_37,Passenger Car,s5_64_76,Deployed,s2_97_208,s1_below_1,Female,s3_80_96,s3_141_159,s2_164_318,s3_80_160,s2_2_4
10973,s2_885_1695,s2_n103_99,s4_n40_7,s1_below_4282,s3_3_4,s3_2003_2005,s2_760_2075,s4_37_47,Passenger Car,s6_76_up,Deployed,s2_97_208,s1_below_1,Female,s2_37_80,s3_141_159,s2_164_318,s3_80_160,s2_2_4
10974,s3_1695_2555,s2_n103_99,s5_7_up,s1_below_4282,s3_3_4,s1_below_2001,s2_760_2075,s4_37_47,Passenger Car,s3_28_48,Not Deployed,s2_97_208,s1_below_1,Female,s2_37_80,s3_141_159,s2_164_318,s6_260_up,s2_2_4
10975,s2_885_1695,s2_n103_99,s4_n40_7,s1_below_4282,s2_2_3,s3_2003_2005,s2_760_2075,s5_47_57,Passenger Car,s2_11_28,Not Deployed,s2_97_208,s1_below_1,Female,s3_80_96,s3_141_159,s2_164_318,s3_80_160,s2_2_4
10976,s2_885_1695,s2_n103_99,s5_7_up,s1_below_4282,s2_2_3,s3_2003_2005,s2_760_2075,s5_47_57,Passenger Car,s2_11_28,Not Deployed,s2_97_208,s1_below_1,Male,s3_80_96,s3_141_159,s2_164_318,s6_260_up,s2_2_4
10977,s3_1695_2555,s2_n103_99,s4_n40_7,s1_below_4282,s3_3_4,s3_2003_2005,s2_760_2075,s4_37_47,Truck (<=6000 lbs.),s4_48_64,Not Deployed,s2_97_208,s1_below_1,Male,s3_80_96,s4_159_169,s2_164_318,s3_80_160,s3_4_5
10978,s2_885_1695,s2_n103_99,s5_7_up,s1_below_4282,s4_4_5,s1_below_2001,s3_2075_3730,s5_47_57,Passenger Car,s2_11_28,Not Deployed,s2_97_208,s1_below_1,Female,s2_37_80,s3_141_159,s2_164_318,s6_260_up,s2_2_4
10979,s2_885_1695,s2_n103_99,s4_n40_7,s1_below_4282,s3_3_4,s1_below_2001,s2_760_2075,s4_37_47,Passenger Car,s2_11_28,Not Deployed,s2_97_208,s1_below_1,Male,s3_80_96,s3_141_159,s2_164_318,s4_160_220,s2_2_4
10980,s2_885_1695,s2_n103_99,s4_n40_7,s1_below_4282,s4_4_5,s2_2001_2003,s3_2075_3730,s5_47_57,Passenger Car,s2_11_28,Not Deployed,s2_97_208,s5_4_5,Male,s2_37_80,s3_141_159,s2_164_318,s4_160_220,s2_2_4
10981,s3_1695_2555,s2_n103_99,s4_n40_7,s1_below_4282,s3_3_4,s4_2005_2007,s2_760_2075,s5_47_57,Truck (<=10000 lbs.),s4_48_64,Deployed,s2_97_208,s1_below_1,Male,s4_96_114,s5_169_179,s3_318_464,s3_80_160,s4_5_6
10982,s2_885_1695,s2_n103_99,s4_n40_7,s1_below_4282,s1_below_2,s1_below_2001,s2_760_2075,s3_17_37,Passenger Car,s6_76_up,Not Deployed,s2_97_208,s1_below_1,Female,s2_37_80,s3_141_159,s2_164_318,s4_160_220,s2_2_4
10983,s3_1695_2555,s2_n103_99,s4_n40_7,s1_below_4282,s1_below_2,s4_2005_2007,s3_2075_3730,s4_37_47,Truck (<=10000 lbs.),s3_28_48,Deployed,s2_97_208,s5_4_5,Male,s3_80_96,s5_169_179,s2_164_318,s3_80_160,s3_4_5
10984,s3_1695_2555,s2_n103_99,s4_n40_7,s1_below_4282,s1_below_2,s1_below_2001,s2_760_2075,s5_47_57,Truck (<=6000 lbs.),s2_11_28,Not Deployed,s2_97_208,s1_below_1,Male,s3_80_96,s4_159_169,s2_164_318,s4_160_220,s3_4_5
10985,s3_1695_2555,s2_n103_99,s4_n40_7,s1_below_4282,s1_below_2,s2_2001_2003,s2_760_2075,s5_47_57,Truck (<=6000 lbs.),s5_64_76,Deployed,s2_97_208,s1_below_1,Male,s3_80_96,s3_141_159,s2_164_318,s3_80_160,s2_2_4
10986,s3_1695_2555,s2_n103_99,s4_n40_7,s1_below_4282,s1_below_2,s3_2003_2005,s3_2075_3730,s4_37_47,Truck (<=6000 lbs.),s4_48_64,Deployed,s2_97_208,s1_below_1,Female,s2_37_80,s3_141_159,s2_164_318,s3_80_160,s2_2_4
10987,s2_885_1695,s2_n103_99,s5_7_up,s1_below_4282,s1_below_2,s4_2005_2007,s3_2075_3730,s5_47_57,Passenger Car,s3_28_48,Not Deployed,s2_97_208,s1_below_1,Female,s2_37_80,s3_141_159,s2_164_318,s6_260_up,s2_2_4
10988,s2_885_1695,s2_n103_99,s4_n40_7,s1_below_4282,s4_4_5,s2_2001_2003,s3_2075_3730,s3_17_37,Passenger Car,s2_11_28,Not Deployed,s2_97_208,s1_below_1,Male,s4_96_114,s3_141_159,s2_164_318,s4_160_220,s2_2_4
10989,s3_1695_2555,s2_n103_99,s4_n40_7,s1_below_4282,s4_4_5,s1_below_2001,s2_760_2075,s3_17_37,Truck (<=10000 lbs.),s3_28_48,Deployed,s2_97_208,s1_below_1,Female,s2_37_80,s4_159_169,s2_164_318,s3_80_160,s2_2_4
10990,s2_885_1695,s2_n103_99,s4_n40_7,s1_below_4282,s3_3_4,s3_2003_2005,s3_2075_3730,s5_47_57,Passenger Car,s2_11_28,Not Deployed,s2_97_208,s1_below_1,Female,s2_37_80,s3_141_159,s2_164_318,s4_160_220,s2_2_4
10991,s2_885_1695,s2_n103_99,s4_n40_7,s1_below_4282,s1_below_2,s3_2003_2005,s3_2075_3730,s6_57_up,Passenger Car,s6_76_up,Deployed,s2_97_208,s4_3_4,Male,s2_37_80,s3_141_159,s2_164_318,s3_80_160,s2_2_4
10992,s3_1695_2555,s2_n103_99,s4_n40_7,s1_below_4282,s2_2_3,s3_2003_2005,s2_760_2075,s4_37_47,Truck (<=6000 lbs.),s3_28_48,Not Deployed,s2_97_208,s1_below_1,Female,s2_37_80,s3_141_159,s2_164_318,s3_80_160,s2_2_4
10993,s2_885_1695,s2_n103_99,s5_7_up,s1_below_4282,s2_2_3,s3_2003_2005,s2_760_2075,s4_37_47,Passenger Car,s4_48_64,Not Deployed,s2_97_208,s1_below_1,Male,s3_80_96,s3_141_159,s2_164_318,s6_260_up,s2_2_4
10994,s2_885_1695,s2_n103_99,s4_n40_7,s1_below_4282,s3_3_4,s1_below_2001,s2_760_2075,s5_47_57,Passenger Car,s2_11_28,Deployed,s2_97_208,s1_below_1,Male,s4_96_114,s3_141_159,s2_164_318,s3_80_160,s2_2_4
10995,s3_1695_2555,s2_n103_99,s4_n40_7,s1_below_4282,s3_3_4,s3_2003_2005,s3_2075_3730,s5_47_57,Truck (<=10000 lbs.),s3_28_48,Deployed,s2_97_208,s1_below_1,Male,s4_96_114,s4_159_169,s3_318_464,s4_160_220,s4_5_6
10996,s3_1695_2555,s2_n103_99,s4_n40_7,s1_below_4282,s3_3_4,s4_2005_2007,s2_760_2075,s5_47_57,Truck (<=10000 lbs.),s2_11_28,Not Deployed,s2_97_208,s1_below_1,Female,s2_37_80,s5_169_179,s3_318_464,s3_80_160,s4_5_6
10997,s2_885_1695,s2_n103_99,s4_n40_7,s1_below_4282,s1_below_2,s1_below_2001,s3_2075_3730,s5_47_57,Passenger Car,s2_11_28,Not Deployed,s2_97_208,s1_below_1,Female,s2_37_80,s3_141_159,s2_164_318,s3_80_160,s2_2_4
10998,s2_885_1695,s2_n103_99,s4_n40_7,s1_below_4282,s1_below_2,s1_below_2001,s2_760_2075,s3_17_37,Passenger Car,s4_48_64,Not Deployed,s2_97_208,s1_below_1,Male,s3_80_96,s3_141_159,s2_164_318,s2_40_80,s2_2_4
10999,s3_1695_2555,s2_n103_99,s4_n40_7,s1_below_4282,s5_5_6,s2_2001_2003,s3_2075_3730,s3_17_37,Truck (<=10000 lbs.),s4_48_64,Deployed,s2_97_208,s1_below_1,Male,s3_80_96,s5_169_179,s3_318_464,s3_80_160,s4_5_6
11000,s4_2555_3715,s2_n103_99,s4_n40_7,s1_below_4282,s1_below_2,s1_below_2001,s3_2075_3730,s3_17_37,Truck (<=10000 lbs.),s4_48_64,Not Deployed,s2_97_208,s1_below_1,Male,s3_80_96,s5_169_179,s3_318_464,s2_40_80,s4_5_6
11001,s2_885_1695,s2_n103_99,s4_n40_7,s1_below_4282,s1_below_2,s2_2001_2003,s2_760_2075,s4_37_47,Passenger Car,s2_11_28,Deployed,s2_97_208,s1_below_1,Female,s2_37_80,s3_141_159,s2_164_318,s3_80_160,s2_2_4
11002,s2_885_1695,s2_n103_99,s3_n81_n40,s1_below_4282,s1_below_2,s1_below_2001,s2_760_2075,s4_37_47,Truck (<=6000 lbs.),s2_11_28,Deployed,s2_97_208,s3_2_3,Male,s2_37_80,s2_116_141,s2_164_318,s3_80_160,s2_2_4
11003,s2_885_1695,s2_n103_99,s3_n81_n40,s1_below_4282,s1_below_2,s2_2001_2003,s2_760_2075,s4_37_47,Truck (<=6000 lbs.),s4_48_64,Deployed,s2_97_208,s3_2_3,Female,s2_37_80,s3_141_159,s3_318_464,s3_80_160,s2_2_4
11004,s2_885_1695,s2_n103_99,s4_n40_7,s1_below_4282,s1_below_2,s3_2003_2005,s2_760_2075,s4_37_47,Passenger Car,s2_11_28,Not Deployed,s2_97_208,s1_below_1,Female,s2_37_80,s3_141_159,s2_164_318,s2_40_80,s2_2_4
11005,s2_885_1695,s2_n103_99,s4_n40_7,s1_below_4282,s1_below_2,s3_2003_2005,s2_760_2075,s5_47_57,Passenger Car,s4_48_64,Deployed,s2_97_208,s1_below_1,Male,s5_114_130,s3_141_159,s2_164_318,s3_80_160,s2_2_4
11006,s2_885_1695,s2_n103_99,s5_7_up,s1_below_4282,s1_below_2,s1_below_2001,s2_760_2075,s5_47_57,Truck (<=6000 lbs.),s4_48_64,Not Deployed,s2_97_208,s1_below_1,Female,s2_37_80,s3_141_159,s2_164_318,s6_260_up,s2_2_4
11007,s2_885_1695,s2_n103_99,s4_n40_7,s1_below_4282,s1_below_2,s2_2001_2003,s2_760_2075,s4_37_47,Truck (<=6000 lbs.),s3_28_48,Deployed,s2_97_208,s1_below_1,Female,s3_80_96,s3_141_159,s2_164_318,s3_80_160,s2_2_4
11008,s2_885_1695,s2_n103_99,s4_n40_7,s1_below_4282,s3_3_4,s2_2001_2003,s2_760_2075,s5_47_57,Passenger Car,s4_48_64,Deployed,s2_97_208,s2_1_2,Male,s2_37_80,s3_141_159,s2_164_318,s3_80_160,s2_2_4
11009,s3_1695_2555,s2_n103_99,s4_n40_7,s1_below_4282,s4_4_5,s3_2003_2005,s3_2075_3730,s4_37_47,Passenger Car,s2_11_28,Deployed,s2_97_208,s2_1_2,Male,s2_37_80,s3_141_159,s2_164_318,s3_80_160,s2_2_4
11010,s3_1695_2555,s2_n103_99,s4_n40_7,s1_below_4282,s1_below_2,s1_below_2001,s2_760_2075,s5_47_57,Truck (<=10000 lbs.),s3_28_48,Not Deployed,s2_97_208,s1_below_1,Male,s3_80_96,s5_169_179,s3_318_464,s4_160_220,s4_5_6
11011,s2_885_1695,s2_n103_99,s4_n40_7,s1_below_4282,s1_below_2,s3_2003_2005,s2_760_2075,s5_47_57,Passenger Car,s5_64_76,Not Deployed,s2_97_208,s1_below_1,Male,s2_37_80,s3_141_159,s2_164_318,s2_40_80,s2_2_4
11012,s2_885_1695,s2_n103_99,s4_n40_7,s1_below_4282,s1_below_2,s3_2003_2005,s2_760_2075,s3_17_37,Passenger Car,s4_48_64,Not Deployed,s2_97_208,s1_below_1,Female,s2_37_80,s3_141_159,s2_164_318,s2_40_80,s2_2_4
11013,s2_885_1695,s2_n103_99,s4_n40_7,s1_below_4282,s2_2_3,s3_2003_2005,s2_760_2075,s5_47_57,Passenger Car,s2_11_28,Deployed,s2_97_208,s1_below_1,Male,s3_80_96,s3_141_159,s2_164_318,s4_160_220,s2_2_4
11014,s3_1695_2555,s2_n103_99,s4_n40_7,s1_below_4282,s2_2_3,s2_2001_2003,s2_760_2075,s5_47_57,Truck (<=6000 lbs.),s2_11_28,Deployed,s2_97_208,s1_below_1,Female,s2_37_80,s3_141_159,s2_164_318,s3_80_160,s2_2_4
11015,s2_885_1695,s2_n103_99,s4_n40_7,s1_below_4282,s4_4_5,s4_2005_2007,s2_760_2075,s5_47_57,Passenger Car,s3_28_48,Deployed,s2_97_208,s1_below_1,Female,s2_37_80,s3_141_159,s2_164_318,s3_80_160,s2_2_4
11016,s2_885_1695,s2_n103_99,s5_7_up,s1_below_4282,s4_4_5,s3_2003_2005,s2_760_2075,s5_47_57,Passenger Car,s2_11_28,Not Deployed,s2_97_208,s1_below_1,Female,s4_96_114,s3_141_159,s2_164_318,s6_260_up,s2_2_4
11017,s3_1695_2555,s2_n103_99,s5_7_up,s1_below_4282,s3_3_4,s2_2001_2003,s3_2075_3730,s4_37_47,Truck (<=6000 lbs.),s2_11_28,Not Deployed,s2_97_208,s1_below_1,Male,s3_80_96,s3_141_159,s2_164_318,s1_below_40,s2_2_4
11018,s3_1695_2555,s2_n103_99,s4_n40_7,s1_below_4282,s3_3_4,s4_2005_2007,s2_760_2075,s4_37_47,Truck (<=10000 lbs.),s2_11_28,Deployed,s2_97_208,s1_below_1,Male,s4_96_114,s4_159_169,s3_318_464,s3_80_160,s4_5_6
11019,s2_885_1695,s2_n103_99,s4_n40_7,s1_below_4282,s2_2_3,s4_2005_2007,s2_760_2075,s5_47_57,Truck (<=6000 lbs.),s2_11_28,Not Deployed,s2_97_208,s2_1_2,Female,s6_130_up,s3_141_159,s2_164_318,s4_160_220,s2_2_4
11020,s3_1695_2555,s2_n103_99,s4_n40_7,s1_below_4282,s2_2_3,s1_below_2001,s3_2075_3730,s3_17_37,Truck (<=10000 lbs.),s5_64_76,Not Deployed,s2_97_208,s1_below_1,Female,s2_37_80,s4_159_169,s2_164_318,s4_160_220,s3_4_5
11021,s2_885_1695,s2_n103_99,s4_n40_7,s1_below_4282,s1_below_2,s2_2001_2003,s2_760_2075,s5_47_57,Passenger Car,s5_64_76,Not Deployed,s2_97_208,s1_below_1,Female,s5_114_130,s3_141_159,s2_164_318,s3_80_160,s2_2_4
11022,s3_1695_2555,s2_n103_99,s5_7_up,s1_below_4282,s2_2_3,s1_below_2001,s2_760_2075,s5_47_57,Truck (<=10000 lbs.),s4_48_64,Not Deployed,s2_97_208,s1_below_1,Male,s3_80_96,s4_159_169,s3_318_464,s6_260_up,s4_5_6
11023,s3_1695_2555,s2_n103_99,s4_n40_7,s1_below_4282,s2_2_3,s1_below_2001,s2_760_2075,s6_57_up,Truck (<=6000 lbs.),s2_11_28,Deployed,s2_97_208,s5_4_5,Male,s3_80_96,s3_141_159,s2_164_318,s3_80_160,s2_2_4
11024,s2_885_1695,s2_n103_99,s4_n40_7,s1_below_4282,s3_3_4,s2_2001_2003,s2_760_2075,s3_17_37,Passenger Car,s3_28_48,Deployed,s2_97_208,s2_1_2,Female,s2_37_80,s3_141_159,s2_164_318,s4_160_220,s2_2_4
11025,s2_885_1695,s2_n103_99,s4_n40_7,s1_below_4282,s3_3_4,s3_2003_2005,s2_760_2075,s3_17_37,Passenger Car,s6_76_up,Deployed,s2_97_208,s1_below_1,Male,s2_37_80,s3_141_159,s2_164_318,s4_160_220,s2_2_4
11026,s2_885_1695,s2_n103_99,s4_n40_7,s1_below_4282,s2_2_3,s2_2001_2003,s2_760_2075,s3_17_37,Passenger Car,s2_11_28,Deployed,s2_97_208,s3_2_3,Female,s2_37_80,s3_141_159,s2_164_318,s3_80_160,s2_2_4
11027,s2_885_1695,s2_n103_99,s4_n40_7,s1_below_4282,s1_below_2,s3_2003_2005,s2_760_2075,s3_17_37,Passenger Car,s3_28_48,Not Deployed,s2_97_208,s1_below_1,Female,s2_37_80,s3_141_159,s2_164_318,s3_80_160,s2_2_4
11028,s2_885_1695,s2_n103_99,s4_n40_7,s1_below_4282,s2_2_3,s2_2001_2003,s2_760_2075,s3_17_37,Passenger Car,s6_76_up,Not Deployed,s2_97_208,s5_4_5,Female,s2_37_80,s3_141_159,s2_164_318,s1_below_40,s2_2_4
11029,s2_885_1695,s2_n103_99,s4_n40_7,s1_below_4282,s2_2_3,s2_2001_2003,s2_760_2075,s3_17_37,Passenger Car,s4_48_64,Deployed,s2_97_208,s1_below_1,Male,s2_37_80,s3_141_159,s2_164_318,s3_80_160,s2_2_4
11030,s2_885_1695,s2_n103_99,s4_n40_7,s1_below_4282,s3_3_4,s2_2001_2003,s2_760_2075,s3_17_37,Truck (<=6000 lbs.),s3_28_48,Not Deployed,s2_97_208,s1_below_1,Male,s4_96_114,s5_169_179,s2_164_318,s4_160_220,s4_5_6
11031,s3_1695_2555,s2_n103_99,s3_n81_n40,s1_below_4282,s5_5_6,s2_2001_2003,s2_760_2075,s3_17_37,Truck (<=6000 lbs.),s2_11_28,Deployed,s2_97_208,s2_1_2,Male,s3_80_96,s3_141_159,s2_164_318,s3_80_160,s2_2_4
11032,s3_1695_2555,s2_n103_99,s4_n40_7,s1_below_4282,s4_4_5,s4_2005_2007,s2_760_2075,s4_37_47,Truck (<=10000 lbs.),s3_28_48,Not Deployed,s2_97_208,s1_below_1,Female,s2_37_80,s5_169_179,s3_318_464,s3_80_160,s4_5_6
11033,s2_885_1695,s2_n103_99,s5_7_up,s1_below_4282,s1_below_2,s2_2001_2003,s2_760_2075,s5_47_57,Passenger Car,s2_11_28,Not Deployed,s2_97_208,s1_below_1,Female,s3_80_96,s3_141_159,s2_164_318,s6_260_up,s2_2_4
11034,s2_885_1695,s2_n103_99,s4_n40_7,s1_below_4282,s1_below_2,s1_below_2001,s2_760_2075,s3_17_37,Passenger Car,s3_28_48,Deployed,s2_97_208,s1_below_1,Male,s4_96_114,s3_141_159,s2_164_318,s3_80_160,s2_2_4
11035,s2_885_1695,s2_n103_99,s4_n40_7,s1_below_4282,s3_3_4,s2_2001_2003,s2_760_2075,s3_17_37,Passenger Car,s2_11_28,Deployed,s2_97_208,s1_below_1,Female,s4_96_114,s3_141_159,s2_164_318,s2_40_80,s2_2_4
11036,s4_2555_3715,s2_n103_99,s4_n40_7,s1_below_4282,s1_below_2,s3_2003_2005,s2_760_2075,s3_17_37,Truck (<=10000 lbs.),s3_28_48,Deployed,s2_97_208,s1_below_1,Male,s3_80_96,s4_159_169,s3_318_464,s3_80_160,s4_5_6
11037,s2_885_1695,s2_n103_99,s4_n40_7,s1_below_4282,s1_below_2,s3_2003_2005,s2_760_2075,s3_17_37,Passenger Car,s3_28_48,Deployed,s2_97_208,s1_below_1,Female,s3_80_96,s3_141_159,s2_164_318,s4_160_220,s2_2_4
11038,s3_1695_2555,s2_n103_99,s4_n40_7,s1_below_4282,s3_3_4,s2_2001_2003,s2_760_2075,s4_37_47,Truck (<=10000 lbs.),s4_48_64,Deployed,s2_97_208,s4_3_4,Male,s2_37_80,s2_116_141,s3_318_464,s3_80_160,s3_4_5
11039,s2_885_1695,s2_n103_99,s4_n40_7,s1_below_4282,s3_3_4,s2_2001_2003,s2_760_2075,s6_57_up,Passenger Car,s3_28_48,Deployed,s2_97_208,s1_below_1,Male,s3_80_96,s3_141_159,s2_164_318,s6_260_up,s2_2_4
11040,s2_885_1695,s2_n103_99,s4_n40_7,s1_below_4282,s1_below_2,s2_2001_2003,s3_2075_3730,s4_37_47,Truck (<=6000 lbs.),s2_11_28,Deployed,s2_97_208,s1_below_1,Female,s2_37_80,s2_116_141,s2_164_318,s3_80_160,s2_2_4
11041,s3_1695_2555,s2_n103_99,s5_7_up,s1_below_4282,s1_below_2,s4_2005_2007,s2_760_2075,s4_37_47,Truck (<=6000 lbs.),s4_48_64,Not Deployed,s2_97_208,s2_1_2,Female,s2_37_80,s3_141_159,s2_164_318,s6_260_up,s2_2_4
11042,s3_1695_2555,s2_n103_99,s4_n40_7,s2_4282_6970,s2_2_3,s2_2001_2003,s2_760_2075,s3_17_37,Truck (<=10000 lbs.),s4_48_64,Deployed,s2_97_208,s5_4_5,Male,s4_96_114,s4_159_169,s2_164_318,s3_80_160,s3_4_5
11043,s2_885_1695,s2_n103_99,s3_n81_n40,s1_below_4282,s3_3_4,s3_2003_2005,s2_760_2075,s4_37_47,Passenger Car,s4_48_64,Deployed,s2_97_208,s4_3_4,Female,s3_80_96,s3_141_159,s2_164_318,s4_160_220,s2_2_4
11044,s3_1695_2555,s2_n103_99,s4_n40_7,s1_below_4282,s4_4_5,s2_2001_2003,s2_760_2075,s6_57_up,Truck (<=6000 lbs.),s2_11_28,Not Deployed,s2_97_208,s1_below_1,Male,s4_96_114,s3_141_159,s2_164_318,s3_80_160,s2_2_4
11045,s3_1695_2555,s2_n103_99,s4_n40_7,s1_below_4282,s3_3_4,s2_2001_2003,s2_760_2075,s3_17_37,Truck (<=10000 lbs.),s2_11_28,Deployed,s2_97_208,s1_below_1,Male,s3_80_96,s3_141_159,s2_164_318,s4_160_220,s2_2_4
11046,s2_885_1695,s2_n103_99,s4_n40_7,s1_below_4282,s3_3_4,s3_2003_2005,s2_760_2075,s3_17_37,Passenger Car,s2_11_28,Deployed,s2_97_208,s1_below_1,Female,s2_37_80,s3_141_159,s2_164_318,s3_80_160,s2_2_4
11047,s2_885_1695,s2_n103_99,s4_n40_7,s1_below_4282,s3_3_4,s1_below_2001,s2_760_2075,s3_17_37,Passenger Car,s2_11_28,Deployed,s2_97_208,s1_below_1,Female,s2_37_80,s3_141_159,s2_164_318,s3_80_160,s2_2_4
11048,s2_885_1695,s2_n103_99,s4_n40_7,s1_below_4282,s3_3_4,s3_2003_2005,s2_760_2075,s4_37_47,Passenger Car,s6_76_up,Deployed,s2_97_208,s3_2_3,Male,s2_37_80,s3_141_159,s2_164_318,s3_80_160,s2_2_4
11049,s3_1695_2555,s2_n103_99,s4_n40_7,s1_below_4282,s3_3_4,s2_2001_2003,s2_760_2075,s6_57_up,Truck (<=6000 lbs.),s5_64_76,Deployed,s2_97_208,s1_below_1,Male,s5_114_130,s3_141_159,s2_164_318,s3_80_160,s2_2_4
11050,s3_1695_2555,s2_n103_99,s4_n40_7,s1_below_4282,s1_below_2,s3_2003_2005,s2_760_2075,s6_57_up,Truck (<=6000 lbs.),s4_48_64,Deployed,s2_97_208,s1_below_1,Female,s2_37_80,s4_159_169,s2_164_318,s3_80_160,s3_4_5
11051,s2_885_1695,s2_n103_99,s5_7_up,s1_below_4282,s1_below_2,s1_below_2001,s2_760_2075,s6_57_up,Passenger Car,s6_76_up,Deployed,s2_97_208,s4_3_4,Female,s2_37_80,s3_141_159,s2_164_318,s6_260_up,s2_2_4
11052,s3_1695_2555,s2_n103_99,s4_n40_7,s1_below_4282,s3_3_4,s1_below_2001,s2_760_2075,s4_37_47,Truck (<=10000 lbs.),s2_11_28,Deployed,s2_97_208,s1_below_1,Male,s6_130_up,s4_159_169,s2_164_318,s3_80_160,s3_4_5
11053,s2_885_1695,s2_n103_99,s5_7_up,s1_below_4282,s3_3_4,s1_below_2001,s2_760_2075,s6_57_up,Passenger Car,s4_48_64,Not Deployed,s2_97_208,s1_below_1,Male,s3_80_96,s3_141_159,s2_164_318,s6_260_up,s2_2_4
11054,s3_1695_2555,s2_n103_99,s4_n40_7,s1_below_4282,s3_3_4,s1_below_2001,s2_760_2075,s4_37_47,Truck (<=6000 lbs.),s3_28_48,Deployed,s2_97_208,s3_2_3,Female,s2_37_80,s3_141_159,s2_164_318,s4_160_220,s2_2_4
11055,s2_885_1695,s2_n103_99,s4_n40_7,s1_below_4282,s1_below_2,s1_below_2001,s2_760_2075,s4_37_47,Passenger Car,s2_11_28,Deployed,s2_97_208,s2_1_2,Female,s2_37_80,s3_141_159,s2_164_318,s2_40_80,s2_2_4
11056,s2_885_1695,s2_n103_99,s4_n40_7,s1_below_4282,s3_3_4,s2_2001_2003,s2_760_2075,s3_17_37,Passenger Car,s2_11_28,Not Deployed,s2_97_208,s1_below_1,Male,s2_37_80,s3_141_159,s2_164_318,s3_80_160,s2_2_4
11057,s2_885_1695,s2_n103_99,s4_n40_7,s1_below_4282,s3_3_4,s2_2001_2003,s2_760_2075,s3_17_37,Passenger Car,s3_28_48,Not Deployed,s2_97_208,s1_below_1,Male,s3_80_96,s3_141_159,s2_164_318,s4_160_220,s2_2_4
11058,s2_885_1695,s2_n103_99,s4_n40_7,s1_below_4282,s5_5_6,s1_below_2001,s2_760_2075,s3_17_37,Truck (<=6000 lbs.),s3_28_48,Deployed,s2_97_208,s1_below_1,Female,s2_37_80,s3_141_159,s2_164_318,s3_80_160,s2_2_4
11059,s2_885_1695,s2_n103_99,s4_n40_7,s1_below_4282,s1_below_2,s2_2001_2003,s3_2075_3730,s4_37_47,Passenger Car,s2_11_28,Not Deployed,s2_97_208,s1_below_1,Male,s5_114_130,s4_159_169,s2_164_318,s4_160_220,s2_2_4
11060,s3_1695_2555,s2_n103_99,s4_n40_7,s1_below_4282,s2_2_3,s3_2003_2005,s2_760_2075,s4_37_47,Truck (<=10000 lbs.),s3_28_48,Deployed,s2_97_208,s1_below_1,Male,s3_80_96,s4_159_169,s3_318_464,s3_80_160,s4_5_6
11061,s3_1695_2555,s2_n103_99,s4_n40_7,s1_below_4282,s2_2_3,s2_2001_2003,s2_760_2075,s5_47_57,Truck (<=10000 lbs.),s2_11_28,Deployed,s2_97_208,s2_1_2,Male,s2_37_80,s4_159_169,s2_164_318,s3_80_160,s3_4_5
11062,s2_885_1695,s2_n103_99,s4_n40_7,s1_below_4282,s2_2_3,s2_2001_2003,s2_760_2075,s3_17_37,Passenger Car,s4_48_64,Not Deployed,s2_97_208,s1_below_1,Female,s2_37_80,s4_159_169,s2_164_318,s2_40_80,s2_2_4
11063,s2_885_1695,s2_n103_99,s5_7_up,s1_below_4282,s4_4_5,s3_2003_2005,s2_760_2075,s3_17_37,Passenger Car,s3_28_48,Not Deployed,s2_97_208,s1_below_1,Male,s4_96_114,s3_141_159,s2_164_318,s3_80_160,s2_2_4
11064,s2_885_1695,s2_n103_99,s4_n40_7,s1_below_4282,s2_2_3,s3_2003_2005,s2_760_2075,s4_37_47,Passenger Car,s3_28_48,Deployed,s2_97_208,s2_1_2,Male,s2_37_80,s3_141_159,s2_164_318,s3_80_160,s2_2_4
11065,s3_1695_2555,s2_n103_99,s4_n40_7,s1_below_4282,s1_below_2,s1_below_2001,s2_760_2075,s1_below_7,Truck (<=10000 lbs.),s5_64_76,Not Deployed,s2_97_208,s1_below_1,Female,s2_37_80,s4_159_169,s2_164_318,s2_40_80,s3_4_5
11066,s3_1695_2555,s2_n103_99,s4_n40_7,s1_below_4282,s2_2_3,s3_2003_2005,s2_760_2075,s3_17_37,Truck (<=10000 lbs.),s2_11_28,Not Deployed,s2_97_208,s1_below_1,Male,s3_80_96,s5_169_179,s3_318_464,s3_80_160,s4_5_6
11067,s2_885_1695,s2_n103_99,s5_7_up,s1_below_4282,s2_2_3,s2_2001_2003,s3_2075_3730,s3_17_37,Passenger Car,s4_48_64,Not Deployed,s2_97_208,s1_below_1,Male,s3_80_96,s3_141_159,s2_164_318,s6_260_up,s2_2_4
11068,s3_1695_2555,s2_n103_99,s4_n40_7,s1_below_4282,s1_below_2,s3_2003_2005,s2_760_2075,s3_17_37,Truck (<=10000 lbs.),s6_76_up,Not Deployed,s2_97_208,s1_below_1,Female,s2_37_80,s3_141_159,s2_164_318,s3_80_160,s2_2_4
11069,s2_885_1695,s2_n103_99,s3_n81_n40,s1_below_4282,s3_3_4,s1_below_2001,s2_760_2075,s4_37_47,Passenger Car,s3_28_48,Deployed,s2_97_208,s1_below_1,Female,s2_37_80,s3_141_159,s2_164_318,s3_80_160,s2_2_4
11070,s3_1695_2555,s2_n103_99,s5_7_up,s1_below_4282,s3_3_4,s2_2001_2003,s2_760_2075,s4_37_47,Truck (<=6000 lbs.),s5_64_76,Not Deployed,s2_97_208,s1_below_1,Male,s6_130_up,s3_141_159,s2_164_318,s6_260_up,s2_2_4
11071,s2_885_1695,s2_n103_99,s4_n40_7,s1_below_4282,s3_3_4,s3_2003_2005,s2_760_2075,s3_17_37,Passenger Car,s2_11_28,Deployed,s2_97_208,s1_below_1,Male,s3_80_96,s3_141_159,s2_164_318,s4_160_220,s2_2_4
11072,s2_885_1695,s2_n103_99,s4_n40_7,s1_below_4282,s2_2_3,s4_2005_2007,s2_760_2075,s4_37_47,Passenger Car,s3_28_48,Deployed,s2_97_208,s1_below_1,Female,s2_37_80,s3_141_159,s2_164_318,s3_80_160,s2_2_4
11073,s2_885_1695,s2_n103_99,s3_n81_n40,s1_below_4282,s3_3_4,s3_2003_2005,s2_760_2075,s6_57_up,Truck (<=6000 lbs.),s2_11_28,Not Deployed,s2_97_208,s2_1_2,Female,s3_80_96,s4_159_169,s2_164_318,s1_below_40,s2_2_4
11074,s4_2555_3715,s2_n103_99,s4_n40_7,s1_below_4282,s4_4_5,s3_2003_2005,s2_760_2075,s4_37_47,Truck (<=10000 lbs.),s4_48_64,Not Deployed,s2_97_208,s2_1_2,Male,s3_80_96,s5_169_179,s3_318_464,s4_160_220,s4_5_6
11075,s2_885_1695,s2_n103_99,s4_n40_7,s1_below_4282,s3_3_4,s1_below_2001,s2_760_2075,s3_17_37,Passenger Car,s3_28_48,Not Deployed,s2_97_208,s1_below_1,Male,s4_96_114,s3_141_159,s2_164_318,s3_80_160,s2_2_4
11076,s3_1695_2555,s2_n103_99,s4_n40_7,s1_below_4282,s3_3_4,s1_below_2001,s3_2075_3730,s3_17_37,Passenger Car,s5_64_76,Deployed,s2_97_208,s2_1_2,Male,s2_37_80,s3_141_159,s2_164_318,s4_160_220,s2_2_4
11077,s2_885_1695,s2_n103_99,s4_n40_7,s1_below_4282,s3_3_4,s3_2003_2005,s2_760_2075,s4_37_47,Passenger Car,s3_28_48,Deployed,s2_97_208,s1_below_1,Male,s3_80_96,s3_141_159,s2_164_318,s3_80_160,s2_2_4
11078,s2_885_1695,s2_n103_99,s4_n40_7,s1_below_4282,s5_5_6,s3_2003_2005,s2_760_2075,s4_37_47,Truck (<=6000 lbs.),s3_28_48,Not Deployed,s2_97_208,s1_below_1,Female,s2_37_80,s3_141_159,s2_164_318,s3_80_160,s2_2_4
11079,s2_885_1695,s2_n103_99,s4_n40_7,s1_below_4282,s4_4_5,s3_2003_2005,s2_760_2075,s3_17_37,Passenger Car,s2_11_28,Deployed,s2_97_208,s1_below_1,Female,s2_37_80,s3_141_159,s2_164_318,s4_160_220,s2_2_4
11080,s2_885_1695,s2_n103_99,s4_n40_7,s1_below_4282,s3_3_4,s3_2003_2005,s2_760_2075,s3_17_37,Passenger Car,s3_28_48,Not Deployed,s2_97_208,s1_below_1,Female,s2_37_80,s3_141_159,s2_164_318,s3_80_160,s2_2_4
11081,s2_885_1695,s2_n103_99,s5_7_up,s1_below_4282,s2_2_3,s2_2001_2003,s2_760_2075,s5_47_57,Passenger Car,s2_11_28,Not Deployed,s2_97_208,s1_below_1,Female,s2_37_80,s3_141_159,s2_164_318,s6_260_up,s2_2_4
11082,s2_885_1695,s2_n103_99,s4_n40_7,s1_below_4282,s3_3_4,s2_2001_2003,s2_760_2075,s6_57_up,Passenger Car,s3_28_48,Deployed,s2_97_208,s4_3_4,Male,s6_130_up,s3_141_159,s2_164_318,s3_80_160,s2_2_4
11083,s2_885_1695,s2_n103_99,s5_7_up,s1_below_4282,s4_4_5,s2_2001_2003,s2_760_2075,s6_57_up,Passenger Car,s2_11_28,Not Deployed,s2_97_208,s1_below_1,Female,s2_37_80,s3_141_159,s2_164_318,s6_260_up,s2_2_4
11084,s3_1695_2555,s2_n103_99,s4_n40_7,s1_below_4282,s3_3_4,s3_2003_2005,s2_760_2075,s3_17_37,Truck (<=6000 lbs.),s3_28_48,Deployed,s2_97_208,s1_below_1,Male,s4_96_114,s4_159_169,s2_164_318,s3_80_160,s2_2_4
11085,s3_1695_2555,s2_n103_99,s5_7_up,s1_below_4282,s3_3_4,s3_2003_2005,s3_2075_3730,s3_17_37,Truck (<=6000 lbs.),s5_64_76,Not Deployed,s2_97_208,s2_1_2,Male,s3_80_96,s4_159_169,s2_164_318,s6_260_up,s3_4_5
11086,s3_1695_2555,s2_n103_99,s4_n40_7,s1_below_4282,s1_below_2,s2_2001_2003,s2_760_2075,s3_17_37,Truck (<=10000 lbs.),s3_28_48,Not Deployed,s2_97_208,s1_below_1,Female,s2_37_80,s4_159_169,s3_318_464,s2_40_80,s4_5_6
11087,s2_885_1695,s2_n103_99,s5_7_up,s1_below_4282,s4_4_5,s1_below_2001,s3_2075_3730,s6_57_up,Truck (<=6000 lbs.),s3_28_48,Deployed,s2_97_208,s2_1_2,Female,s2_37_80,s3_141_159,s2_164_318,s6_260_up,s2_2_4
11088,s2_885_1695,s2_n103_99,s4_n40_7,s1_below_4282,s3_3_4,s3_2003_2005,s2_760_2075,s3_17_37,Passenger Car,s2_11_28,Deployed,s2_97_208,s1_below_1,Female,s2_37_80,s3_141_159,s2_164_318,s3_80_160,s2_2_4
11089,s2_885_1695,s2_n103_99,s4_n40_7,s1_below_4282,s1_below_2,s1_below_2001,s3_2075_3730,s3_17_37,Passenger Car,s2_11_28,Deployed,s2_97_208,s6_5_up,Female,s4_96_114,s3_141_159,s2_164_318,s2_40_80,s2_2_4
11090,s2_885_1695,s2_n103_99,s4_n40_7,s1_below_4282,s1_below_2,s1_below_2001,s2_760_2075,s3_17_37,Passenger Car,s3_28_48,Not Deployed,s2_97_208,s1_below_1,Male,s2_37_80,s3_141_159,s2_164_318,s4_160_220,s2_2_4
11091,s3_1695_2555,s2_n103_99,s4_n40_7,s1_below_4282,s1_below_2,s4_2005_2007,s2_760_2075,s3_17_37,Passenger Car,s4_48_64,Not Deployed,s2_97_208,s1_below_1,Male,s5_114_130,s3_141_159,s2_164_318,s3_80_160,s2_2_4
11092,s2_885_1695,s2_n103_99,s4_n40_7,s1_below_4282,s3_3_4,s1_below_2001,s2_760_2075,s4_37_47,Truck (<=6000 lbs.),s4_48_64,Deployed,s2_97_208,s1_below_1,Male,s4_96_114,s3_141_159,s2_164_318,s3_80_160,s2_2_4
11093,s2_885_1695,s2_n103_99,s4_n40_7,s1_below_4282,s3_3_4,s3_2003_2005,s2_760_2075,s3_17_37,Passenger Car,s2_11_28,Not Deployed,s2_97_208,s1_below_1,Female,s2_37_80,s3_141_159,s2_164_318,s4_160_220,s2_2_4
11094,s2_885_1695,s2_n103_99,s4_n40_7,s1_below_4282,s1_below_2,s2_2001_2003,s2_760_2075,s3_17_37,Passenger Car,s2_11_28,Deployed,s2_97_208,s1_below_1,Female,s2_37_80,s3_141_159,s2_164_318,s3_80_160,s2_2_4
11095,s3_1695_2555,s2_n103_99,s4_n40_7,s1_below_4282,s2_2_3,s3_2003_2005,s2_760_2075,s3_17_37,Truck (<=6000 lbs.),s5_64_76,Deployed,s2_97_208,s1_below_1,Female,s2_37_80,s4_159_169,s3_318_464,s3_80_160,s3_4_5
11096,s2_885_1695,s2_n103_99,s4_n40_7,s1_below_4282,s3_3_4,s3_2003_2005,s2_760_2075,s3_17_37,Passenger Car,s3_28_48,Not Deployed,s2_97_208,s1_below_1,Female,s2_37_80,s3_141_159,s2_164_318,s4_160_220,s2_2_4
11097,s2_885_1695,s2_n103_99,s5_7_up,s1_below_4282,s2_2_3,s3_2003_2005,s3_2075_3730,s4_37_47,Passenger Car,s3_28_48,Deployed,s2_97_208,s1_below_1,Female,s2_37_80,s3_141_159,s2_164_318,s6_260_up,s2_2_4
11098,s2_885_1695,s2_n103_99,s4_n40_7,s1_below_4282,s3_3_4,s1_below_2001,s2_760_2075,s4_37_47,Passenger Car,s2_11_28,Not Deployed,s2_97_208,s1_below_1,Male,s3_80_96,s3_141_159,s2_164_318,s4_160_220,s2_2_4
11099,s2_885_1695,s2_n103_99,s4_n40_7,s1_below_4282,s4_4_5,s1_below_2001,s2_760_2075,s3_17_37,Passenger Car,s2_11_28,Deployed,s2_97_208,s1_below_1,Female,s2_37_80,s3_141_159,s2_164_318,s3_80_160,s2_2_4
11100,s2_885_1695,s2_n103_99,s4_n40_7,s1_below_4282,s3_3_4,s3_2003_2005,s3_2075_3730,s4_37_47,Passenger Car,s6_76_up,Deployed,s2_97_208,s1_below_1,Female,s2_37_80,s3_141_159,s2_164_318,s3_80_160,s2_2_4
11101,s3_1695_2555,s2_n103_99,s4_n40_7,s1_below_4282,s3_3_4,s2_2001_2003,s2_760_2075,s4_37_47,Truck (<=10000 lbs.),s3_28_48,Not Deployed,s2_97_208,s1_below_1,Male,s3_80_96,s5_169_179,s2_164_318,s4_160_220,s3_4_5
11102,s2_885_1695,s2_n103_99,s4_n40_7,s1_below_4282,s1_below_2,s3_2003_2005,s3_2075_3730,s3_17_37,Passenger Car,s4_48_64,Not Deployed,s2_97_208,s4_3_4,Male,s5_114_130,s3_141_159,s2_164_318,s2_40_80,s2_2_4
11103,s2_885_1695,s2_n103_99,s4_n40_7,s1_below_4282,s2_2_3,s1_below_2001,s2_760_2075,s3_17_37,Passenger Car,s3_28_48,Not Deployed,s2_97_208,s1_below_1,Female,s2_37_80,s3_141_159,s2_164_318,s1_below_40,s2_2_4
11104,s2_885_1695,s2_n103_99,s4_n40_7,s1_below_4282,s2_2_3,s3_2003_2005,s2_760_2075,s6_57_up,Passenger Car,s2_11_28,Deployed,s2_97_208,s1_below_1,Male,s2_37_80,s3_141_159,s2_164_318,s3_80_160,s2_2_4
11105,s3_1695_2555,s2_n103_99,s5_7_up,s1_below_4282,s2_2_3,s1_below_2001,s2_760_2075,s6_57_up,Truck (<=6000 lbs.),s3_28_48,Deployed,s2_97_208,s2_1_2,Male,s5_114_130,s3_141_159,s3_318_464,s6_260_up,s2_2_4
11106,s2_885_1695,s2_n103_99,s4_n40_7,s1_below_4282,s3_3_4,s1_below_2001,s2_760_2075,s4_37_47,Passenger Car,s4_48_64,Deployed,s2_97_208,s1_below_1,Male,s2_37_80,s3_141_159,s2_164_318,s3_80_160,s2_2_4
11107,s3_1695_2555,s2_n103_99,s4_n40_7,s1_below_4282,s2_2_3,s3_2003_2005,s2_760_2075,s1_below_7,Truck (<=6000 lbs.),s4_48_64,Not Deployed,s2_97_208,s1_below_1,Male,s2_37_80,s3_141_159,s2_164_318,s3_80_160,s2_2_4
11108,s2_885_1695,s2_n103_99,s3_n81_n40,s1_below_4282,s2_2_3,s1_below_2001,s2_760_2075,s6_57_up,Passenger Car,s5_64_76,Deployed,s2_97_208,s1_below_1,Male,s2_37_80,s3_141_159,s2_164_318,s3_80_160,s2_2_4
11109,s2_885_1695,s2_n103_99,s4_n40_7,s1_below_4282,s6_6_up,s1_below_2001,s2_760_2075,s5_47_57,Passenger Car,s2_11_28,Deployed,s2_97_208,s1_below_1,Male,s2_37_80,s3_141_159,s2_164_318,s3_80_160,s2_2_4
11110,s3_1695_2555,s2_n103_99,s4_n40_7,s1_below_4282,s1_below_2,s2_2001_2003,s2_760_2075,s3_17_37,Truck (<=6000 lbs.),s3_28_48,Not Deployed,s2_97_208,s1_below_1,Female,s2_37_80,s3_141_159,s2_164_318,s3_80_160,s2_2_4
11111,s3_1695_2555,s2_n103_99,s4_n40_7,s1_below_4282,s2_2_3,s2_2001_2003,s2_760_2075,s3_17_37,Truck (<=10000 lbs.),s2_11_28,Deployed,s2_97_208,s1_below_1,Male,s3_80_96,s3_141_159,s3_318_464,s4_160_220,s3_4_5
11112,s2_885_1695,s2_n103_99,s3_n81_n40,s1_below_4282,s2_2_3,s2_2001_2003,s2_760_2075,s6_57_up,Passenger Car,s3_28_48,Not Deployed,s2_97_208,s2_1_2,Male,s3_80_96,s3_141_159,s2_164_318,s3_80_160,s2_2_4
11113,s2_885_1695,s2_n103_99,s4_n40_7,s1_below_4282,s2_2_3,s3_2003_2005,s2_760_2075,s6_57_up,Truck (<=6000 lbs.),s2_11_28,Not Deployed,s2_97_208,s5_4_5,Male,s2_37_80,s3_141_159,s2_164_318,s6_260_up,s2_2_4
11114,s2_885_1695,s2_n103_99,s3_n81_n40,s1_below_4282,s1_below_2,s4_2005_2007,s2_760_2075,s3_17_37,Passenger Car,s4_48_64,Deployed,s2_97_208,s2_1_2,Female,s2_37_80,s3_141_159,s2_164_318,s3_80_160,s2_2_4
11115,s2_885_1695,s2_n103_99,s4_n40_7,s1_below_4282,s1_below_2,s1_below_2001,s3_2075_3730,s3_17_37,Passenger Car,s2_11_28,Not Deployed,s2_97_208,s5_4_5,Male,s4_96_114,s3_141_159,s2_164_318,s2_40_80,s2_2_4
11116,s2_885_1695,s2_n103_99,s4_n40_7,s1_below_4282,s6_6_up,s1_below_2001,s2_760_2075,s5_47_57,Truck (<=6000 lbs.),s4_48_64,Deployed,s2_97_208,s3_2_3,Male,s2_37_80,s3_141_159,s2_164_318,s3_80_160,s2_2_4
11117,s2_885_1695,s2_n103_99,s4_n40_7,s1_below_4282,s6_6_up,s2_2001_2003,s2_760_2075,s5_47_57,Passenger Car,s3_28_48,Not Deployed,s2_97_208,s1_below_1,Male,s3_80_96,s3_141_159,s2_164_318,s4_160_220,s2_2_4
11118,s3_1695_2555,s2_n103_99,s4_n40_7,s1_below_4282,s2_2_3,s2_2001_2003,s2_760_2075,s3_17_37,Truck (<=6000 lbs.),s3_28_48,Deployed,s2_97_208,s1_below_1,Male,s2_37_80,s3_141_159,s2_164_318,s4_160_220,s2_2_4
11119,s2_885_1695,s2_n103_99,s4_n40_7,s1_below_4282,s2_2_3,s2_2001_2003,s2_760_2075,s4_37_47,Passenger Car,s2_11_28,Deployed,s2_97_208,s1_below_1,Female,s2_37_80,s3_141_159,s2_164_318,s3_80_160,s2_2_4
11120,s2_885_1695,s2_n103_99,s5_7_up,s1_below_4282,s2_2_3,s2_2001_2003,s2_760_2075,s4_37_47,Passenger Car,s4_48_64,Not Deployed,s2_97_208,s3_2_3,Male,s4_96_114,s3_141_159,s2_164_318,s6_260_up,s2_2_4
11121,s3_1695_2555,s2_n103_99,s4_n40_7,s1_below_4282,s2_2_3,s2_2001_2003,s2_760_2075,s3_17_37,Truck (<=10000 lbs.),s5_64_76,Not Deployed,s2_97_208,s1_below_1,Male,s4_96_114,s3_141_159,s3_318_464,s2_40_80,s3_4_5
11122,s2_885_1695,s2_n103_99,s4_n40_7,s1_below_4282,s3_3_4,s1_below_2001,s2_760_2075,s3_17_37,Passenger Car,s3_28_48,Not Deployed,s2_97_208,s1_below_1,Male,s3_80_96,s3_141_159,s2_164_318,s4_160_220,s2_2_4
11123,s2_885_1695,s2_n103_99,s4_n40_7,s1_below_4282,s3_3_4,s3_2003_2005,s2_760_2075,s3_17_37,Passenger Car,s2_11_28,Not Deployed,s2_97_208,s1_below_1,Male,s3_80_96,s3_141_159,s2_164_318,s3_80_160,s2_2_4
11124,s2_885_1695,s2_n103_99,s4_n40_7,s1_below_4282,s4_4_5,s2_2001_2003,s2_760_2075,s4_37_47,Passenger Car,s4_48_64,Deployed,s2_97_208,s2_1_2,Female,s2_37_80,s3_141_159,s2_164_318,s3_80_160,s2_2_4
11125,s3_1695_2555,s2_n103_99,s4_n40_7,s1_below_4282,s3_3_4,s1_below_2001,s2_760_2075,s6_57_up,Truck (<=6000 lbs.),s2_11_28,Deployed,s2_97_208,s2_1_2,Male,s2_37_80,s4_159_169,s2_164_318,s3_80_160,s3_4_5
11126,s2_885_1695,s2_n103_99,s4_n40_7,s1_below_4282,s1_below_2,s1_below_2001,s2_760_2075,s3_17_37,Passenger Car,s3_28_48,Deployed,s2_97_208,s1_below_1,Male,s2_37_80,s3_141_159,s2_164_318,s3_80_160,s2_2_4
11127,s2_885_1695,s2_n103_99,s4_n40_7,s1_below_4282,s3_3_4,s1_below_2001,s2_760_2075,s3_17_37,Passenger Car,s2_11_28,Not Deployed,s2_97_208,s4_3_4,Male,s2_37_80,s3_141_159,s2_164_318,s3_80_160,s2_2_4
11128,s3_1695_2555,s2_n103_99,s4_n40_7,s1_below_4282,s3_3_4,s1_below_2001,s2_760_2075,s3_17_37,Truck (<=6000 lbs.),s3_28_48,Deployed,s2_97_208,s1_below_1,Female,s2_37_80,s3_141_159,s2_164_318,s3_80_160,s2_2_4
11129,s2_885_1695,s2_n103_99,s4_n40_7,s1_below_4282,s2_2_3,s2_2001_2003,s2_760_2075,s4_37_47,Passenger Car,s2_11_28,Not Deployed,s2_97_208,s4_3_4,Female,s3_80_96,s3_141_159,s2_164_318,s4_160_220,s2_2_4
11130,s2_885_1695,s2_n103_99,s4_n40_7,s1_below_4282,s3_3_4,s1_below_2001,s2_760_2075,s4_37_47,Truck (<=6000 lbs.),s4_48_64,Not Deployed,s2_97_208,s1_below_1,Male,s3_80_96,s3_141_159,s3_318_464,s3_80_160,s2_2_4
11131,s3_1695_2555,s2_n103_99,s4_n40_7,s1_below_4282,s1_below_2,s3_2003_2005,s2_760_2075,s3_17_37,Truck (<=6000 lbs.),s4_48_64,Not Deployed,s2_97_208,s1_below_1,Female,s4_96_114,s4_159_169,s2_164_318,s1_below_40,s3_4_5
11132,s2_885_1695,s2_n103_99,s4_n40_7,s1_below_4282,s1_below_2,s2_2001_2003,s2_760_2075,s3_17_37,Passenger Car,s2_11_28,Deployed,s2_97_208,s1_below_1,Male,s3_80_96,s3_141_159,s2_164_318,s2_40_80,s2_2_4
11133,s2_885_1695,s2_n103_99,s4_n40_7,s1_below_4282,s3_3_4,s1_below_2001,s2_760_2075,s4_37_47,Passenger Car,s3_28_48,Not Deployed,s2_97_208,s1_below_1,Female,s2_37_80,s3_141_159,s2_164_318,s2_40_80,s2_2_4
11134,s2_885_1695,s2_n103_99,s4_n40_7,s1_below_4282,s3_3_4,s3_2003_2005,s2_760_2075,s6_57_up,Passenger Car,s3_28_48,Not Deployed,s2_97_208,s1_below_1,Male,s4_96_114,s3_141_159,s2_164_318,s3_80_160,s2_2_4
11135,s2_885_1695,s2_n103_99,s4_n40_7,s1_below_4282,s3_3_4,s3_2003_2005,s2_760_2075,s6_57_up,Passenger Car,s2_11_28,Deployed,s2_97_208,s1_below_1,Male,s2_37_80,s3_141_159,s2_164_318,s3_80_160,s2_2_4
11136,s3_1695_2555,s2_n103_99,s4_n40_7,s1_below_4282,s3_3_4,s3_2003_2005,s2_760_2075,s3_17_37,Truck (<=6000 lbs.),s4_48_64,Not Deployed,s2_97_208,s1_below_1,Female,s2_37_80,s3_141_159,s2_164_318,s3_80_160,s2_2_4
11137,s2_885_1695,s2_n103_99,s4_n40_7,s1_below_4282,s4_4_5,s4_2005_2007,s2_760_2075,s5_47_57,Passenger Car,s3_28_48,Deployed,s2_97_208,s1_below_1,Female,s2_37_80,s3_141_159,s2_164_318,s3_80_160,s2_2_4
11138,s2_885_1695,s2_n103_99,s4_n40_7,s1_below_4282,s3_3_4,s3_2003_2005,s2_760_2075,s3_17_37,Passenger Car,s2_11_28,Deployed,s2_97_208,s1_below_1,Male,s3_80_96,s3_141_159,s2_164_318,s3_80_160,s2_2_4
11139,s2_885_1695,s2_n103_99,s4_n40_7,s1_below_4282,s1_below_2,s3_2003_2005,s2_760_2075,s3_17_37,Passenger Car,s4_48_64,Not Deployed,s2_97_208,s1_below_1,Female,s3_80_96,s3_141_159,s2_164_318,s1_below_40,s2_2_4
11140,s2_885_1695,s2_n103_99,s4_n40_7,s1_below_4282,s2_2_3,s1_below_2001,s2_760_2075,s3_17_37,Passenger Car,s2_11_28,Deployed,s2_97_208,s1_below_1,Female,s2_37_80,s3_141_159,s2_164_318,s3_80_160,s2_2_4
11141,s3_1695_2555,s2_n103_99,s4_n40_7,s1_below_4282,s3_3_4,s1_below_2001,s3_2075_3730,s4_37_47,Truck (<=10000 lbs.),s4_48_64,Not Deployed,s2_97_208,s1_below_1,Male,s6_130_up,s4_159_169,s3_318_464,s6_260_up,s4_5_6
11142,s3_1695_2555,s2_n103_99,s4_n40_7,s1_below_4282,s3_3_4,s2_2001_2003,s2_760_2075,s4_37_47,Truck (<=10000 lbs.),s2_11_28,Deployed,s2_97_208,s1_below_1,Male,s2_37_80,s5_169_179,s3_318_464,s3_80_160,s4_5_6
11143,s2_885_1695,s2_n103_99,s4_n40_7,s1_below_4282,s3_3_4,s3_2003_2005,s2_760_2075,s4_37_47,Truck (<=6000 lbs.),s3_28_48,Not Deployed,s2_97_208,s1_below_1,Female,s2_37_80,s3_141_159,s2_164_318,s4_160_220,s2_2_4
11144,s2_885_1695,s2_n103_99,s4_n40_7,s1_below_4282,s4_4_5,s2_2001_2003,s2_760_2075,s6_57_up,Passenger Car,s3_28_48,Deployed,s2_97_208,s1_below_1,Female,s2_37_80,s3_141_159,s2_164_318,s2_40_80,s2_2_4
11145,s2_885_1695,s2_n103_99,s4_n40_7,s1_below_4282,s1_below_2,s3_2003_2005,s2_760_2075,s3_17_37,Passenger Car,s5_64_76,Deployed,s2_97_208,s3_2_3,Female,s3_80_96,s3_141_159,s2_164_318,s3_80_160,s2_2_4
11146,s2_885_1695,s2_n103_99,s4_n40_7,s1_below_4282,s1_below_2,s4_2005_2007,s2_760_2075,s4_37_47,Passenger Car,s3_28_48,Not Deployed,s2_97_208,s1_below_1,Female,s2_37_80,s3_141_159,s2_164_318,s3_80_160,s2_2_4
11147,s2_885_1695,s2_n103_99,s4_n40_7,s1_below_4282,s2_2_3,s3_2003_2005,s2_760_2075,s3_17_37,Passenger Car,s2_11_28,Not Deployed,s2_97_208,s1_below_1,Female,s2_37_80,s3_141_159,s2_164_318,s2_40_80,s2_2_4
11148,s2_885_1695,s2_n103_99,s4_n40_7,s1_below_4282,s2_2_3,s2_2001_2003,s2_760_2075,s3_17_37,Passenger Car,s2_11_28,Deployed,s2_97_208,s1_below_1,Female,s2_37_80,s3_141_159,s2_164_318,s3_80_160,s2_2_4
11149,s2_885_1695,s2_n103_99,s5_7_up,s1_below_4282,s2_2_3,s1_below_2001,s2_760_2075,s3_17_37,Passenger Car,s2_11_28,Not Deployed,s2_97_208,s1_below_1,Female,s2_37_80,s3_141_159,s2_164_318,s6_260_up,s2_2_4
11150,s2_885_1695,s2_n103_99,s4_n40_7,s1_below_4282,s1_below_2,s1_below_2001,s2_760_2075,s3_17_37,Passenger Car,s2_11_28,Deployed,s2_97_208,s1_below_1,Female,s2_37_80,s3_141_159,s2_164_318,s2_40_80,s2_2_4
11151,s2_885_1695,s2_n103_99,s4_n40_7,s1_below_4282,s3_3_4,s3_2003_2005,s2_760_2075,s3_17_37,Passenger Car,s3_28_48,Deployed,s2_97_208,s2_1_2,Female,s2_37_80,s3_141_159,s2_164_318,s3_80_160,s2_2_4
11152,s2_885_1695,s2_n103_99,s4_n40_7,s1_below_4282,s2_2_3,s2_2001_2003,s2_760_2075,s4_37_47,Passenger Car,s3_28_48,Not Deployed,s2_97_208,s1_below_1,Female,s2_37_80,s3_141_159,s2_164_318,s3_80_160,s2_2_4
11153,s2_885_1695,s2_n103_99,s4_n40_7,s1_below_4282,s2_2_3,s1_below_2001,s2_760_2075,s6_57_up,Passenger Car,s2_11_28,Deployed,s2_97_208,s1_below_1,Female,s2_37_80,s3_141_159,s2_164_318,s3_80_160,s2_2_4
11154,s3_1695_2555,s2_n103_99,s5_7_up,s1_below_4282,s2_2_3,s3_2003_2005,s2_760_2075,s6_57_up,Truck (<=6000 lbs.),s2_11_28,Not Deployed,s2_97_208,s1_below_1,Female,s2_37_80,s3_141_159,s2_164_318,s6_260_up,s2_2_4
11155,s3_1695_2555,s2_n103_99,s4_n40_7,s1_below_4282,s1_below_2,s2_2001_2003,s2_760_2075,s3_17_37,Truck (<=10000 lbs.),s3_28_48,Not Deployed,s2_97_208,s1_below_1,Female,s2_37_80,s5_169_179,s2_164_318,s2_40_80,s3_4_5
11156,s2_885_1695,s2_n103_99,s4_n40_7,s1_below_4282,s3_3_4,s4_2005_2007,s3_2075_3730,s4_37_47,Passenger Car,s2_11_28,Deployed,s2_97_208,s1_below_1,Male,s2_37_80,s3_141_159,s2_164_318,s3_80_160,s2_2_4
11157,s2_885_1695,s2_n103_99,s5_7_up,s1_below_4282,s2_2_3,s1_below_2001,s2_760_2075,s6_57_up,Truck (<=6000 lbs.),s2_11_28,Not Deployed,s2_97_208,s1_below_1,Male,s5_114_130,s2_116_141,s2_164_318,s6_260_up,s2_2_4
11158,s3_1695_2555,s2_n103_99,s4_n40_7,s1_below_4282,s3_3_4,s3_2003_2005,s2_760_2075,s4_37_47,Truck (<=6000 lbs.),s3_28_48,Not Deployed,s2_97_208,s1_below_1,Female,s3_80_96,s3_141_159,s2_164_318,s4_160_220,s2_2_4
11159,s3_1695_2555,s2_n103_99,s4_n40_7,s1_below_4282,s3_3_4,s3_2003_2005,s2_760_2075,s6_57_up,Truck (<=10000 lbs.),s2_11_28,Deployed,s2_97_208,s1_below_1,Male,s2_37_80,s4_159_169,s2_164_318,s3_80_160,s3_4_5
11160,s2_885_1695,s2_n103_99,s4_n40_7,s1_below_4282,s3_3_4,s3_2003_2005,s2_760_2075,s3_17_37,Passenger Car,s2_11_28,Not Deployed,s2_97_208,s5_4_5,Female,s2_37_80,s3_141_159,s2_164_318,s2_40_80,s2_2_4
11161,s3_1695_2555,s2_n103_99,s4_n40_7,s1_below_4282,s1_below_2,s3_2003_2005,s2_760_2075,s3_17_37,Passenger Car,s2_11_28,Deployed,s2_97_208,s1_below_1,Male,s3_80_96,s4_159_169,s2_164_318,s3_80_160,s2_2_4
11162,s2_885_1695,s2_n103_99,s4_n40_7,s1_below_4282,s3_3_4,s4_2005_2007,s2_760_2075,s4_37_47,Passenger Car,s2_11_28,Deployed,s2_97_208,s1_below_1,Female,s2_37_80,s3_141_159,s2_164_318,s3_80_160,s2_2_4
11163,s2_885_1695,s2_n103_99,s4_n40_7,s1_below_4282,s3_3_4,s2_2001_2003,s2_760_2075,s3_17_37,Passenger Car,s2_11_28,Not Deployed,s2_97_208,s3_2_3,Male,s2_37_80,s3_141_159,s2_164_318,s4_160_220,s2_2_4
11164,s2_885_1695,s2_n103_99,s4_n40_7,s1_below_4282,s3_3_4,s2_2001_2003,s2_760_2075,s3_17_37,Passenger Car,s6_76_up,Deployed,s2_97_208,s2_1_2,Male,s2_37_80,s3_141_159,s2_164_318,s3_80_160,s2_2_4
11165,s3_1695_2555,s2_n103_99,s4_n40_7,s1_below_4282,s3_3_4,s2_2001_2003,s2_760_2075,s3_17_37,Passenger Car,s3_28_48,Deployed,s2_97_208,s1_below_1,Female,s3_80_96,s3_141_159,s2_164_318,s4_160_220,s2_2_4
11166,s2_885_1695,s2_n103_99,s5_7_up,s1_below_4282,s2_2_3,s1_below_2001,s2_760_2075,s5_47_57,Truck (<=6000 lbs.),s4_48_64,Not Deployed,s2_97_208,s1_below_1,Male,s3_80_96,s3_141_159,s2_164_318,s6_260_up,s2_2_4
11167,s2_885_1695,s2_n103_99,s4_n40_7,s1_below_4282,s1_below_2,s4_2005_2007,s2_760_2075,s3_17_37,Truck (<=6000 lbs.),s4_48_64,Not Deployed,s2_97_208,s1_below_1,Female,s2_37_80,s3_141_159,s2_164_318,s3_80_160,s2_2_4
11168,s2_885_1695,s2_n103_99,s4_n40_7,s1_below_4282,s3_3_4,s3_2003_2005,s2_760_2075,s5_47_57,Passenger Car,s4_48_64,Not Deployed,s2_97_208,s1_below_1,Female,s2_37_80,s3_141_159,s2_164_318,s3_80_160,s2_2_4
11169,s3_1695_2555,s2_n103_99,s4_n40_7,s1_below_4282,s3_3_4,s2_2001_2003,s2_760_2075,s5_47_57,Truck (<=6000 lbs.),s3_28_48,Not Deployed,s2_97_208,s1_below_1,Female,s2_37_80,s4_159_169,s2_164_318,s3_80_160,s2_2_4
11170,s3_1695_2555,s2_n103_99,s5_7_up,s1_below_4282,s3_3_4,s3_2003_2005,s3_2075_3730,s4_37_47,Passenger Car,s4_48_64,Not Deployed,s2_97_208,s1_below_1,Male,s3_80_96,s4_159_169,s2_164_318,s6_260_up,s3_4_5
11171,s2_885_1695,s2_n103_99,s4_n40_7,s1_below_4282,s4_4_5,s3_2003_2005,s2_760_2075,s3_17_37,Passenger Car,s3_28_48,Deployed,s2_97_208,s1_below_1,Female,s6_130_up,s3_141_159,s2_164_318,s3_80_160,s2_2_4
11172,s2_885_1695,s2_n103_99,s4_n40_7,s1_below_4282,s4_4_5,s3_2003_2005,s2_760_2075,s3_17_37,Passenger Car,s3_28_48,Not Deployed,s2_97_208,s1_below_1,Male,s3_80_96,s3_141_159,s2_164_318,s3_80_160,s2_2_4
11173,s2_885_1695,s2_n103_99,s4_n40_7,s1_below_4282,s5_5_6,s3_2003_2005,s2_760_2075,s3_17_37,Passenger Car,s4_48_64,Deployed,s2_97_208,s1_below_1,Male,s3_80_96,s3_141_159,s2_164_318,s3_80_160,s2_2_4
11174,s2_885_1695,s2_n103_99,s5_7_up,s1_below_4282,s4_4_5,s3_2003_2005,s2_760_2075,s3_17_37,Passenger Car,s3_28_48,Not Deployed,s2_97_208,s1_below_1,Male,s2_37_80,s3_141_159,s2_164_318,s6_260_up,s2_2_4
11175,s2_885_1695,s2_n103_99,s3_n81_n40,s1_below_4282,s4_4_5,s3_2003_2005,s2_760_2075,s4_37_47,Passenger Car,s3_28_48,Deployed,s2_97_208,s3_2_3,Female,s2_37_80,s3_141_159,s2_164_318,s3_80_160,s2_2_4
11176,s2_885_1695,s2_n103_99,s4_n40_7,s1_below_4282,s1_below_2,s3_2003_2005,s2_760_2075,s3_17_37,Passenger Car,s2_11_28,Not Deployed,s2_97_208,s2_1_2,Female,s2_37_80,s3_141_159,s2_164_318,s3_80_160,s2_2_4
11177,s2_885_1695,s2_n103_99,s4_n40_7,s1_below_4282,s4_4_5,s1_below_2001,s2_760_2075,s5_47_57,Passenger Car,s2_11_28,Deployed,s2_97_208,s2_1_2,Female,s2_37_80,s3_141_159,s2_164_318,s3_80_160,s2_2_4
11178,s2_885_1695,s2_n103_99,s4_n40_7,s1_below_4282,s1_below_2,s1_below_2001,s2_760_2075,s3_17_37,Truck (<=6000 lbs.),s3_28_48,Deployed,s2_97_208,s1_below_1,Female,s2_37_80,s3_141_159,s2_164_318,s3_80_160,s2_2_4
11179,s2_885_1695,s2_n103_99,s4_n40_7,s1_below_4282,s1_below_2,s1_below_2001,s2_760_2075,s1_below_7,Passenger Car,s3_28_48,Deployed,s2_97_208,s1_below_1,Female,s2_37_80,s3_141_159,s2_164_318,s3_80_160,s2_2_4
11180,s2_885_1695,s2_n103_99,s4_n40_7,s1_below_4282,s2_2_3,s1_below_2001,s2_760_2075,s3_17_37,Passenger Car,s2_11_28,Deployed,s2_97_208,s1_below_1,Male,s2_37_80,s3_141_159,s2_164_318,s4_160_220,s2_2_4
11181,s2_885_1695,s2_n103_99,s4_n40_7,s1_below_4282,s3_3_4,s3_2003_2005,s2_760_2075,s3_17_37,Passenger Car,s3_28_48,Deployed,s2_97_208,s1_below_1,Male,s2_37_80,s3_141_159,s2_164_318,s3_80_160,s2_2_4
11182,s2_885_1695,s2_n103_99,s5_7_up,s1_below_4282,s1_below_2,s2_2001_2003,s2_760_2075,s3_17_37,Passenger Car,s3_28_48,Not Deployed,s2_97_208,s1_below_1,Female,s2_37_80,s3_141_159,s2_164_318,s6_260_up,s2_2_4
11183,s2_885_1695,s2_n103_99,s4_n40_7,s1_below_4282,s1_below_2,s2_2001_2003,s2_760_2075,s3_17_37,Passenger Car,s2_11_28,Not Deployed,s2_97_208,s1_below_1,Female,s2_37_80,s3_141_159,s2_164_318,s4_160_220,s2_2_4
11184,s2_885_1695,s2_n103_99,s4_n40_7,s1_below_4282,s1_below_2,s2_2001_2003,s2_760_2075,s3_17_37,Passenger Car,s2_11_28,Not Deployed,s2_97_208,s1_below_1,Male,s2_37_80,s3_141_159,s2_164_318,s4_160_220,s2_2_4
11185,s3_1695_2555,s2_n103_99,s4_n40_7,s1_below_4282,s1_below_2,s1_below_2001,s2_760_2075,s3_17_37,Passenger Car,s3_28_48,Deployed,s2_97_208,s1_below_1,Male,s3_80_96,s4_159_169,s2_164_318,s3_80_160,s2_2_4
11186,s2_885_1695,s2_n103_99,s4_n40_7,s1_below_4282,s1_below_2,s2_2001_2003,s2_760_2075,s3_17_37,Passenger Car,s3_28_48,Deployed,s2_97_208,s1_below_1,Female,s2_37_80,s3_141_159,s2_164_318,s3_80_160,s2_2_4
11187,s2_885_1695,s2_n103_99,s4_n40_7,s1_below_4282,s3_3_4,s3_2003_2005,s2_760_2075,s3_17_37,Passenger Car,s2_11_28,Deployed,s2_97_208,s1_below_1,Female,s2_37_80,s3_141_159,s2_164_318,s3_80_160,s2_2_4
11188,s2_885_1695,s2_n103_99,s4_n40_7,s1_below_4282,s1_below_2,s3_2003_2005,s2_760_2075,s3_17_37,Passenger Car,s2_11_28,Deployed,s2_97_208,s1_below_1,Female,s2_37_80,s3_141_159,s2_164_318,s3_80_160,s2_2_4
11189,s3_1695_2555,s2_n103_99,s4_n40_7,s1_below_4282,s4_4_5,s3_2003_2005,s2_760_2075,s3_17_37,Truck (<=6000 lbs.),s2_11_28,Deployed,s2_97_208,s1_below_1,Male,s2_37_80,s4_159_169,s2_164_318,s3_80_160,s3_4_5
11190,s2_885_1695,s2_n103_99,s5_7_up,s1_below_4282,s4_4_5,s4_2005_2007,s3_2075_3730,s3_17_37,Truck (<=6000 lbs.),s3_28_48,Not Deployed,s2_97_208,s1_below_1,Male,s2_37_80,s3_141_159,s2_164_318,s6_260_up,s2_2_4
11191,s2_885_1695,s2_n103_99,s4_n40_7,s1_below_4282,s4_4_5,s1_below_2001,s3_2075_3730,s3_17_37,Truck (<=6000 lbs.),s3_28_48,Not Deployed,s2_97_208,s1_below_1,Male,s3_80_96,s3_141_159,s2_164_318,s4_160_220,s2_2_4
11192,s2_885_1695,s2_n103_99,s5_7_up,s1_below_4282,s3_3_4,s2_2001_2003,s2_760_2075,s5_47_57,Passenger Car,s2_11_28,Deployed,s2_97_208,s1_below_1,Male,s3_80_96,s3_141_159,s2_164_318,s6_260_up,s2_2_4
11193,s2_885_1695,s2_n103_99,s5_7_up,s1_below_4282,s2_2_3,s3_2003_2005,s2_760_2075,s3_17_37,Passenger Car,s2_11_28,Not Deployed,s2_97_208,s1_below_1,Male,s3_80_96,s3_141_159,s2_164_318,s6_260_up,s2_2_4
11194,s3_1695_2555,s2_n103_99,s4_n40_7,s1_below_4282,s2_2_3,s3_2003_2005,s2_760_2075,s5_47_57,Truck (<=6000 lbs.),s2_11_28,Not Deployed,s2_97_208,s1_below_1,Male,s2_37_80,s4_159_169,s2_164_318,s3_80_160,s3_4_5
11195,s2_885_1695,s2_n103_99,s4_n40_7,s1_below_4282,s3_3_4,s3_2003_2005,s2_760_2075,s3_17_37,Passenger Car,s3_28_48,Not Deployed,s2_97_208,s1_below_1,Male,s3_80_96,s3_141_159,s2_164_318,s3_80_160,s2_2_4
11196,s2_885_1695,s2_n103_99,s4_n40_7,s1_below_4282,s1_below_2,s3_2003_2005,s2_760_2075,s3_17_37,Passenger Car,s3_28_48,Deployed,s2_97_208,s1_below_1,Male,s2_37_80,s3_141_159,s2_164_318,s6_260_up,s2_2_4
11197,s2_885_1695,s2_n103_99,s4_n40_7,s1_below_4282,s1_below_2,s1_below_2001,s2_760_2075,s3_17_37,Passenger Car,s3_28_48,Deployed,s2_97_208,s3_2_3,Female,s4_96_114,s3_141_159,s2_164_318,s2_40_80,s2_2_4
11198,s2_885_1695,s2_n103_99,s4_n40_7,s1_below_4282,s1_below_2,s2_2001_2003,s2_760_2075,s3_17_37,Passenger Car,s2_11_28,Not Deployed,s2_97_208,s1_below_1,Male,s3_80_96,s3_141_159,s2_164_318,s4_160_220,s2_2_4
11199,s2_885_1695,s2_n103_99,s4_n40_7,s1_below_4282,s1_below_2,s3_2003_2005,s2_760_2075,s3_17_37,Truck (<=6000 lbs.),s3_28_48,Not Deployed,s2_97_208,s1_below_1,Male,s6_130_up,s3_141_159,s2_164_318,s2_40_80,s2_2_4
11200,s2_885_1695,s2_n103_99,s4_n40_7,s1_below_4282,s1_below_2,s4_2005_2007,s2_760_2075,s3_17_37,Passenger Car,s2_11_28,Deployed,s2_97_208,s1_below_1,Male,s2_37_80,s3_141_159,s2_164_318,s3_80_160,s2_2_4
11201,s3_1695_2555,s2_n103_99,s4_n40_7,s1_below_4282,s3_3_4,s4_2005_2007,s2_760_2075,s3_17_37,Truck (<=6000 lbs.),s4_48_64,Deployed,s2_97_208,s1_below_1,Male,s2_37_80,s5_169_179,s2_164_318,s3_80_160,s4_5_6
11202,s2_885_1695,s2_n103_99,s4_n40_7,s1_below_4282,s2_2_3,s2_2001_2003,s2_760_2075,s3_17_37,Passenger Car,s3_28_48,Not Deployed,s2_97_208,s1_below_1,Male,s2_37_80,s3_141_159,s2_164_318,s4_160_220,s2_2_4
11203,s2_885_1695,s2_n103_99,s4_n40_7,s1_below_4282,s1_below_2,s2_2001_2003,s2_760_2075,s3_17_37,Passenger Car,s3_28_48,Not Deployed,s2_97_208,s1_below_1,Male,s3_80_96,s3_141_159,s2_164_318,s3_80_160,s2_2_4
11204,s2_885_1695,s2_n103_99,s4_n40_7,s1_below_4282,s1_below_2,s2_2001_2003,s2_760_2075,s3_17_37,Passenger Car,s3_28_48,Not Deployed,s2_97_208,s1_below_1,Female,s2_37_80,s3_141_159,s2_164_318,s3_80_160,s2_2_4
11205,s2_885_1695,s2_n103_99,s4_n40_7,s1_below_4282,s2_2_3,s4_2005_2007,s2_760_2075,s3_17_37,Passenger Car,s2_11_28,Not Deployed,s2_97_208,s1_below_1,Male,s3_80_96,s3_141_159,s2_164_318,s4_160_220,s2_2_4
11206,s3_1695_2555,s2_n103_99,s4_n40_7,s1_below_4282,s1_below_2,s1_below_2001,s2_760_2075,s3_17_37,Truck (<=6000 lbs.),s4_48_64,Not Deployed,s2_97_208,s1_below_1,Male,s2_37_80,s3_141_159,s2_164_318,s4_160_220,s2_2_4
11207,s3_1695_2555,s2_n103_99,s4_n40_7,s1_below_4282,s1_below_2,s3_2003_2005,s2_760_2075,s3_17_37,Truck (<=6000 lbs.),s2_11_28,Deployed,s2_97_208,s3_2_3,Male,s2_37_80,s4_159_169,s2_164_318,s3_80_160,s2_2_4
11208,s2_885_1695,s2_n103_99,s4_n40_7,s1_below_4282,s2_2_3,s4_2005_2007,s2_760_2075,s3_17_37,Passenger Car,s2_11_28,Deployed,s2_97_208,s1_below_1,Male,s3_80_96,s3_141_159,s2_164_318,s3_80_160,s2_2_4
11209,s2_885_1695,s2_n103_99,s4_n40_7,s1_below_4282,s4_4_5,s2_2001_2003,s2_760_2075,s3_17_37,Passenger Car,s3_28_48,Not Deployed,s2_97_208,s1_below_1,Male,s2_37_80,s3_141_159,s2_164_318,s4_160_220,s2_2_4
11210,s3_1695_2555,s2_n103_99,s4_n40_7,s1_below_4282,s4_4_5,s2_2001_2003,s2_760_2075,s3_17_37,Passenger Car,s4_48_64,Not Deployed,s2_97_208,s1_below_1,Male,s2_37_80,s4_159_169,s2_164_318,s3_80_160,s2_2_4
11211,s2_885_1695,s2_n103_99,s4_n40_7,s1_below_4282,s2_2_3,s4_2005_2007,s2_760_2075,s3_17_37,Passenger Car,s2_11_28,Not Deployed,s2_97_208,s1_below_1,Male,s3_80_96,s3_141_159,s2_164_318,s3_80_160,s2_2_4
11212,s2_885_1695,s2_n103_99,s4_n40_7,s1_below_4282,s3_3_4,s4_2005_2007,s2_760_2075,s4_37_47,Truck (<=6000 lbs.),s5_64_76,Not Deployed,s2_97_208,s1_below_1,Female,s2_37_80,s3_141_159,s2_164_318,s4_160_220,s2_2_4
11213,s3_1695_2555,s2_n103_99,s4_n40_7,s1_below_4282,s3_3_4,s1_below_2001,s3_2075_3730,s5_47_57,Truck (<=6000 lbs.),s5_64_76,Deployed,s2_97_208,s1_below_1,Male,s5_114_130,s3_141_159,s2_164_318,s3_80_160,s2_2_4
11214,s2_885_1695,s2_n103_99,s4_n40_7,s1_below_4282,s1_below_2,s1_below_2001,s2_760_2075,s4_37_47,Truck (<=6000 lbs.),s3_28_48,Deployed,s2_97_208,s1_below_1,Male,s3_80_96,s3_141_159,s2_164_318,s3_80_160,s2_2_4
11215,s2_885_1695,s2_n103_99,s2_n112_n81,s1_below_4282,s1_below_2,s3_2003_2005,s2_760_2075,s5_47_57,Passenger Car,s3_28_48,Deployed,s2_97_208,s3_2_3,Female,s2_37_80,s3_141_159,s2_164_318,s3_80_160,s2_2_4
11216,s3_1695_2555,s2_n103_99,s4_n40_7,s1_below_4282,s2_2_3,s2_2001_2003,s2_760_2075,s3_17_37,Passenger Car,s3_28_48,Deployed,s2_97_208,s1_below_1,Male,s4_96_114,s4_159_169,s2_164_318,s4_160_220,s2_2_4
11217,s2_885_1695,s2_n103_99,s5_7_up,s1_below_4282,s2_2_3,s1_below_2001,s2_760_2075,s3_17_37,Passenger Car,s2_11_28,Not Deployed,s2_97_208,s1_below_1,Male,s2_37_80,s3_141_159,s2_164_318,s6_260_up,s2_2_4
11218,s3_1695_2555,s2_n103_99,s4_n40_7,s1_below_4282,s3_3_4,s3_2003_2005,s3_2075_3730,s5_47_57,Truck (<=6000 lbs.),s3_28_48,Deployed,s2_97_208,s1_below_1,Female,s2_37_80,s4_159_169,s2_164_318,s3_80_160,s2_2_4
11219,s2_885_1695,s2_n103_99,s3_n81_n40,s1_below_4282,s3_3_4,s1_below_2001,s2_760_2075,s4_37_47,Truck (<=6000 lbs.),s2_11_28,Deployed,s2_97_208,s1_below_1,Male,s2_37_80,s3_141_159,s2_164_318,s3_80_160,s2_2_4
11220,s2_885_1695,s2_n103_99,s4_n40_7,s1_below_4282,s3_3_4,s2_2001_2003,s2_760_2075,s3_17_37,Passenger Car,s2_11_28,Not Deployed,s2_97_208,s1_below_1,Male,s2_37_80,s3_141_159,s2_164_318,s4_160_220,s2_2_4
11221,s3_1695_2555,s2_n103_99,s4_n40_7,s1_below_4282,s3_3_4,s1_below_2001,s2_760_2075,s3_17_37,Truck (<=6000 lbs.),s3_28_48,Not Deployed,s2_97_208,s1_below_1,Female,s3_80_96,s3_141_159,s2_164_318,s3_80_160,s2_2_4
11222,s2_885_1695,s2_n103_99,s4_n40_7,s2_4282_6970,s1_below_2,s1_below_2001,s2_760_2075,s6_57_up,Passenger Car,s2_11_28,Deployed,s2_97_208,s4_3_4,Male,s6_130_up,s3_141_159,s2_164_318,s4_160_220,s2_2_4
11223,s2_885_1695,s2_n103_99,s3_n81_n40,s1_below_4282,s1_below_2,s2_2001_2003,s2_760_2075,s4_37_47,Truck (<=6000 lbs.),s4_48_64,Deployed,s2_97_208,s3_2_3,Female,s2_37_80,s3_141_159,s2_164_318,s3_80_160,s2_2_4
11224,s2_885_1695,s2_n103_99,s4_n40_7,s1_below_4282,s1_below_2,s1_below_2001,s2_760_2075,s4_37_47,Truck (<=6000 lbs.),s2_11_28,Deployed,s2_97_208,s3_2_3,Male,s4_96_114,s3_141_159,s2_164_318,s3_80_160,s2_2_4
11225,s2_885_1695,s2_n103_99,s4_n40_7,s1_below_4282,s1_below_2,s3_2003_2005,s2_760_2075,s3_17_37,Passenger Car,s3_28_48,Deployed,s2_97_208,s2_1_2,Male,s2_37_80,s3_141_159,s2_164_318,s3_80_160,s2_2_4
11226,s2_885_1695,s2_n103_99,s4_n40_7,s1_below_4282,s1_below_2,s2_2001_2003,s2_760_2075,s3_17_37,Passenger Car,s3_28_48,Deployed,s2_97_208,s1_below_1,Female,s2_37_80,s3_141_159,s2_164_318,s3_80_160,s2_2_4
11227,s2_885_1695,s2_n103_99,s4_n40_7,s1_below_4282,s1_below_2,s2_2001_2003,s2_760_2075,s3_17_37,Passenger Car,s4_48_64,Not Deployed,s2_97_208,s1_below_1,Female,s2_37_80,s3_141_159,s2_164_318,s3_80_160,s2_2_4
11228,s2_885_1695,s2_n103_99,s5_7_up,s1_below_4282,s3_3_4,s2_2001_2003,s2_760_2075,s3_17_37,Truck (<=6000 lbs.),s4_48_64,Not Deployed,s2_97_208,s1_below_1,Female,s2_37_80,s3_141_159,s2_164_318,s6_260_up,s2_2_4
11229,s2_885_1695,s2_n103_99,s4_n40_7,s1_below_4282,s3_3_4,s1_below_2001,s2_760_2075,s3_17_37,Truck (<=6000 lbs.),s2_11_28,Not Deployed,s2_97_208,s1_below_1,Male,s2_37_80,s3_141_159,s2_164_318,s3_80_160,s2_2_4
11230,s2_885_1695,s2_n103_99,s3_n81_n40,s1_below_4282,s2_2_3,s2_2001_2003,s2_760_2075,s5_47_57,Passenger Car,s2_11_28,Deployed,s2_97_208,s3_2_3,Female,s2_37_80,s3_141_159,s2_164_318,s3_80_160,s2_2_4
11231,s2_885_1695,s2_n103_99,s4_n40_7,s1_below_4282,s3_3_4,s1_below_2001,s2_760_2075,s3_17_37,Passenger Car,s3_28_48,Deployed,s2_97_208,s2_1_2,Female,s3_80_96,s3_141_159,s2_164_318,s3_80_160,s2_2_4
11232,s2_885_1695,s2_n103_99,s4_n40_7,s1_below_4282,s2_2_3,s3_2003_2005,s2_760_2075,s3_17_37,Passenger Car,s2_11_28,Deployed,s2_97_208,s1_below_1,Female,s3_80_96,s3_141_159,s2_164_318,s3_80_160,s2_2_4
11233,s3_1695_2555,s2_n103_99,s4_n40_7,s1_below_4282,s4_4_5,s1_below_2001,s2_760_2075,s3_17_37,Passenger Car,s3_28_48,Deployed,s2_97_208,s1_below_1,Male,s4_96_114,s3_141_159,s2_164_318,s3_80_160,s2_2_4
11234,s2_885_1695,s2_n103_99,s5_7_up,s1_below_4282,s3_3_4,s3_2003_2005,s2_760_2075,s3_17_37,Passenger Car,s3_28_48,Not Deployed,s2_97_208,s1_below_1,Female,s2_37_80,s3_141_159,s2_164_318,s6_260_up,s2_2_4
11235,s2_885_1695,s2_n103_99,s4_n40_7,s1_below_4282,s3_3_4,s1_below_2001,s2_760_2075,s3_17_37,Passenger Car,s2_11_28,Not Deployed,s2_97_208,s1_below_1,Female,s2_37_80,s3_141_159,s2_164_318,s3_80_160,s2_2_4
11236,s2_885_1695,s2_n103_99,s4_n40_7,s1_below_4282,s2_2_3,s3_2003_2005,s2_760_2075,s5_47_57,Passenger Car,s3_28_48,Deployed,s2_97_208,s1_below_1,Female,s2_37_80,s3_141_159,s2_164_318,s3_80_160,s2_2_4
11237,s3_1695_2555,s2_n103_99,s4_n40_7,s1_below_4282,s1_below_2,s2_2001_2003,s3_2075_3730,s3_17_37,Passenger Car,s2_11_28,Not Deployed,s2_97_208,s1_below_1,Male,s3_80_96,s4_159_169,s2_164_318,s2_40_80,s3_4_5
11238,s3_1695_2555,s2_n103_99,s4_n40_7,s1_below_4282,s2_2_3,s3_2003_2005,s2_760_2075,s3_17_37,Truck (<=6000 lbs.),s3_28_48,Deployed,s2_97_208,s1_below_1,Female,s4_96_114,s4_159_169,s2_164_318,s4_160_220,s3_4_5
11239,s3_1695_2555,s2_n103_99,s4_n40_7,s2_4282_6970,s2_2_3,s3_2003_2005,s3_2075_3730,s3_17_37,Truck (<=6000 lbs.),s3_28_48,Deployed,s2_97_208,s4_3_4,Male,s3_80_96,s4_159_169,s2_164_318,s5_220_260,s3_4_5
11240,s3_1695_2555,s2_n103_99,s4_n40_7,s1_below_4282,s3_3_4,s3_2003_2005,s3_2075_3730,s4_37_47,Truck (<=6000 lbs.),s4_48_64,Not Deployed,s2_97_208,s1_below_1,Female,s2_37_80,s3_141_159,s2_164_318,s3_80_160,s2_2_4
11241,s2_885_1695,s2_n103_99,s4_n40_7,s1_below_4282,s3_3_4,s3_2003_2005,s2_760_2075,s4_37_47,Passenger Car,s2_11_28,Deployed,s2_97_208,s1_below_1,Male,s3_80_96,s3_141_159,s2_164_318,s3_80_160,s2_2_4
11242,s2_885_1695,s2_n103_99,s4_n40_7,s1_below_4282,s1_below_2,s3_2003_2005,s2_760_2075,s3_17_37,Passenger Car,s5_64_76,Deployed,s2_97_208,s1_below_1,Male,s3_80_96,s3_141_159,s2_164_318,s4_160_220,s2_2_4
11243,s2_885_1695,s2_n103_99,s4_n40_7,s1_below_4282,s1_below_2,s3_2003_2005,s2_760_2075,s5_47_57,Passenger Car,s2_11_28,Not Deployed,s2_97_208,s1_below_1,Female,s2_37_80,s3_141_159,s2_164_318,s3_80_160,s2_2_4
11244,s2_885_1695,s2_n103_99,s4_n40_7,s1_below_4282,s3_3_4,s4_2005_2007,s2_760_2075,s3_17_37,Truck (<=6000 lbs.),s5_64_76,Not Deployed,s2_97_208,s1_below_1,Male,s3_80_96,s3_141_159,s2_164_318,s3_80_160,s2_2_4
11245,s3_1695_2555,s2_n103_99,s4_n40_7,s1_below_4282,s3_3_4,s2_2001_2003,s3_2075_3730,s4_37_47,Truck (<=10000 lbs.),s2_11_28,Not Deployed,s2_97_208,s1_below_1,Male,s2_37_80,s4_159_169,s3_318_464,s3_80_160,s4_5_6
11246,s3_1695_2555,s2_n103_99,s5_7_up,s1_below_4282,s3_3_4,s2_2001_2003,s3_2075_3730,s4_37_47,Truck (<=10000 lbs.),s4_48_64,Not Deployed,s2_97_208,s1_below_1,Female,s2_37_80,s3_141_159,s2_164_318,s6_260_up,s2_2_4
11247,s2_885_1695,s2_n103_99,s4_n40_7,s1_below_4282,s3_3_4,s2_2001_2003,s2_760_2075,s5_47_57,Passenger Car,s3_28_48,Not Deployed,s2_97_208,s1_below_1,Female,s2_37_80,s3_141_159,s2_164_318,s3_80_160,s2_2_4
11248,s2_885_1695,s2_n103_99,s4_n40_7,s1_below_4282,s1_below_2,s1_below_2001,s2_760_2075,s3_17_37,Passenger Car,s2_11_28,Deployed,s2_97_208,s1_below_1,Male,s2_37_80,s3_141_159,s2_164_318,s3_80_160,s2_2_4
11249,s2_885_1695,s2_n103_99,s4_n40_7,s1_below_4282,s1_below_2,s4_2005_2007,s3_2075_3730,s3_17_37,Passenger Car,s2_11_28,Deployed,s2_97_208,s1_below_1,Male,s3_80_96,s3_141_159,s2_164_318,s3_80_160,s2_2_4
11250,s2_885_1695,s2_n103_99,s4_n40_7,s1_below_4282,s1_below_2,s3_2003_2005,s2_760_2075,s3_17_37,Passenger Car,s3_28_48,Not Deployed,s2_97_208,s3_2_3,Male,s4_96_114,s3_141_159,s2_164_318,s4_160_220,s2_2_4
11251,s3_1695_2555,s2_n103_99,s4_n40_7,s1_below_4282,s1_below_2,s2_2001_2003,s2_760_2075,s3_17_37,Passenger Car,s3_28_48,Deployed,s2_97_208,s1_below_1,Male,s3_80_96,s4_159_169,s2_164_318,s3_80_160,s2_2_4
11252,s3_1695_2555,s2_n103_99,s4_n40_7,s1_below_4282,s2_2_3,s2_2001_2003,s2_760_2075,s3_17_37,Truck (<=6000 lbs.),s3_28_48,Not Deployed,s2_97_208,s1_below_1,Male,s3_80_96,s4_159_169,s2_164_318,s3_80_160,s3_4_5
11253,s3_1695_2555,s2_n103_99,s4_n40_7,s1_below_4282,s1_below_2,s1_below_2001,s2_760_2075,s3_17_37,Truck (<=10000 lbs.),s3_28_48,Not Deployed,s2_97_208,s1_below_1,Male,s3_80_96,s5_169_179,s3_318_464,s3_80_160,s4_5_6
11254,s2_885_1695,s2_n103_99,s4_n40_7,s1_below_4282,s4_4_5,s1_below_2001,s2_760_2075,s3_17_37,Passenger Car,s2_11_28,Deployed,s2_97_208,s1_below_1,Female,s2_37_80,s3_141_159,s2_164_318,s3_80_160,s2_2_4
11255,s2_885_1695,s2_n103_99,s4_n40_7,s1_below_4282,s3_3_4,s3_2003_2005,s3_2075_3730,s4_37_47,Passenger Car,s2_11_28,Deployed,s2_97_208,s1_below_1,Male,s2_37_80,s3_141_159,s2_164_318,s3_80_160,s2_2_4
11256,s2_885_1695,s2_n103_99,s4_n40_7,s1_below_4282,s1_below_2,s1_below_2001,s2_760_2075,s3_17_37,Passenger Car,s3_28_48,Deployed,s2_97_208,s1_below_1,Male,s4_96_114,s3_141_159,s2_164_318,s4_160_220,s2_2_4
11257,s2_885_1695,s2_n103_99,s4_n40_7,s1_below_4282,s1_below_2,s1_below_2001,s2_760_2075,s3_17_37,Passenger Car,s6_76_up,Not Deployed,s2_97_208,s3_2_3,Female,s2_37_80,s3_141_159,s2_164_318,s3_80_160,s2_2_4
11258,s3_1695_2555,s2_n103_99,s4_n40_7,s1_below_4282,s2_2_3,s3_2003_2005,s3_2075_3730,s3_17_37,Truck (<=6000 lbs.),s4_48_64,Deployed,s2_97_208,s6_5_up,Female,s3_80_96,s3_141_159,s2_164_318,s2_40_80,s2_2_4
11259,s3_1695_2555,s2_n103_99,s4_n40_7,s1_below_4282,s4_4_5,s2_2001_2003,s2_760_2075,s4_37_47,Truck (<=6000 lbs.),s3_28_48,Deployed,s2_97_208,s1_below_1,Male,s3_80_96,s3_141_159,s2_164_318,s3_80_160,s2_2_4
11260,s3_1695_2555,s2_n103_99,s4_n40_7,s1_below_4282,s4_4_5,s2_2001_2003,s2_760_2075,s3_17_37,Truck (<=6000 lbs.),s2_11_28,Not Deployed,s2_97_208,s2_1_2,Female,s2_37_80,s3_141_159,s2_164_318,s3_80_160,s2_2_4
11261,s2_885_1695,s2_n103_99,s4_n40_7,s1_below_4282,s1_below_2,s1_below_2001,s2_760_2075,s3_17_37,Passenger Car,s2_11_28,Not Deployed,s2_97_208,s1_below_1,Female,s2_37_80,s3_141_159,s2_164_318,s4_160_220,s2_2_4
11262,s2_885_1695,s2_n103_99,s4_n40_7,s1_below_4282,s1_below_2,s1_below_2001,s3_2075_3730,s3_17_37,Passenger Car,s6_76_up,Not Deployed,s2_97_208,s1_below_1,Female,s2_37_80,s3_141_159,s2_164_318,s2_40_80,s2_2_4
11263,s3_1695_2555,s2_n103_99,s4_n40_7,s1_below_4282,s1_below_2,s2_2001_2003,s2_760_2075,s3_17_37,Truck (<=10000 lbs.),s3_28_48,Deployed,s2_97_208,s1_below_1,Male,s2_37_80,s5_169_179,s3_318_464,s3_80_160,s4_5_6
11264,s2_885_1695,s2_n103_99,s4_n40_7,s1_below_4282,s1_below_2,s1_below_2001,s2_760_2075,s3_17_37,Passenger Car,s3_28_48,Deployed,s2_97_208,s1_below_1,Male,s3_80_96,s3_141_159,s2_164_318,s3_80_160,s2_2_4
11265,s3_1695_2555,s2_n103_99,s5_7_up,s1_below_4282,s3_3_4,s3_2003_2005,s2_760_2075,s3_17_37,Truck (<=6000 lbs.),s2_11_28,Not Deployed,s2_97_208,s1_below_1,Male,s3_80_96,s4_159_169,s2_164_318,s6_260_up,s2_2_4
11266,s2_885_1695,s2_n103_99,s4_n40_7,s1_below_4282,s3_3_4,s2_2001_2003,s2_760_2075,s3_17_37,Passenger Car,s3_28_48,Deployed,s2_97_208,s1_below_1,Female,s2_37_80,s3_141_159,s2_164_318,s4_160_220,s2_2_4
11267,s2_885_1695,s2_n103_99,s4_n40_7,s1_below_4282,s3_3_4,s2_2001_2003,s2_760_2075,s3_17_37,Passenger Car,s6_76_up,Deployed,s2_97_208,s1_below_1,Male,s2_37_80,s3_141_159,s2_164_318,s3_80_160,s2_2_4
11268,s2_885_1695,s2_n103_99,s4_n40_7,s1_below_4282,s6_6_up,s4_2005_2007,s2_760_2075,s4_37_47,Passenger Car,s4_48_64,Deployed,s2_97_208,s1_below_1,Female,s2_37_80,s3_141_159,s2_164_318,s4_160_220,s2_2_4
11269,s2_885_1695,s2_n103_99,s4_n40_7,s1_below_4282,s4_4_5,s2_2001_2003,s2_760_2075,s3_17_37,Passenger Car,s3_28_48,Deployed,s2_97_208,s1_below_1,Female,s2_37_80,s3_141_159,s2_164_318,s4_160_220,s2_2_4
11270,s3_1695_2555,s2_n103_99,s4_n40_7,s1_below_4282,s4_4_5,s3_2003_2005,s2_760_2075,s3_17_37,Truck (<=6000 lbs.),s3_28_48,Deployed,s2_97_208,s1_below_1,Female,s2_37_80,s3_141_159,s2_164_318,s3_80_160,s2_2_4
11271,s2_885_1695,s2_n103_99,s4_n40_7,s1_below_4282,s1_below_2,s1_below_2001,s2_760_2075,s5_47_57,Passenger Car,s2_11_28,Deployed,s2_97_208,s2_1_2,Female,s2_37_80,s3_141_159,s2_164_318,s4_160_220,s2_2_4
11272,s2_885_1695,s2_n103_99,s4_n40_7,s1_below_4282,s4_4_5,s2_2001_2003,s2_760_2075,s3_17_37,Passenger Car,s2_11_28,Deployed,s2_97_208,s1_below_1,Male,s2_37_80,s3_141_159,s2_164_318,s3_80_160,s2_2_4
11273,s2_885_1695,s2_n103_99,s4_n40_7,s1_below_4282,s3_3_4,s3_2003_2005,s2_760_2075,s3_17_37,Passenger Car,s3_28_48,Deployed,s2_97_208,s1_below_1,Female,s2_37_80,s3_141_159,s2_164_318,s3_80_160,s2_2_4
11274,s2_885_1695,s2_n103_99,s5_7_up,s1_below_4282,s1_below_2,s2_2001_2003,s2_760_2075,s3_17_37,Passenger Car,s2_11_28,Not Deployed,s2_97_208,s1_below_1,Male,s2_37_80,s3_141_159,s2_164_318,s6_260_up,s2_2_4
11275,s4_2555_3715,s2_n103_99,s3_n81_n40,s1_below_4282,s2_2_3,s1_below_2001,s2_760_2075,s4_37_47,Truck (<=10000 lbs.),s3_28_48,Not Deployed,s2_97_208,s1_below_1,Male,s4_96_114,s5_169_179,s3_318_464,s4_160_220,s5_6_7
11276,s2_885_1695,s2_n103_99,s3_n81_n40,s1_below_4282,s2_2_3,s1_below_2001,s3_2075_3730,s4_37_47,Passenger Car,s2_11_28,Deployed,s2_97_208,s6_5_up,Female,s2_37_80,s3_141_159,s2_164_318,s3_80_160,s2_2_4
11277,s3_1695_2555,s2_n103_99,s4_n40_7,s1_below_4282,s1_below_2,s1_below_2001,s2_760_2075,s3_17_37,Truck (<=6000 lbs.),s2_11_28,Not Deployed,s2_97_208,s1_below_1,Female,s2_37_80,s3_141_159,s2_164_318,s2_40_80,s2_2_4
11278,s2_885_1695,s2_n103_99,s4_n40_7,s1_below_4282,s5_5_6,s3_2003_2005,s2_760_2075,s4_37_47,Passenger Car,s3_28_48,Deployed,s2_97_208,s1_below_1,Male,s4_96_114,s3_141_159,s2_164_318,s3_80_160,s2_2_4
11279,s3_1695_2555,s2_n103_99,s5_7_up,s1_below_4282,s3_3_4,s2_2001_2003,s2_760_2075,s3_17_37,Truck (<=6000 lbs.),s5_64_76,Not Deployed,s2_97_208,s1_below_1,Male,s3_80_96,s3_141_159,s2_164_318,s6_260_up,s3_4_5
11280,s2_885_1695,s2_n103_99,s3_n81_n40,s1_below_4282,s2_2_3,s1_below_2001,s2_760_2075,s3_17_37,Passenger Car,s3_28_48,Deployed,s2_97_208,s2_1_2,Female,s2_37_80,s3_141_159,s2_164_318,s3_80_160,s2_2_4
11281,s3_1695_2555,s2_n103_99,s4_n40_7,s1_below_4282,s3_3_4,s2_2001_2003,s2_760_2075,s3_17_37,Truck (<=6000 lbs.),s4_48_64,Not Deployed,s2_97_208,s1_below_1,Male,s4_96_114,s3_141_159,s2_164_318,s3_80_160,s2_2_4
11282,s3_1695_2555,s2_n103_99,s4_n40_7,s1_below_4282,s1_below_2,s3_2003_2005,s2_760_2075,s4_37_47,Truck (<=6000 lbs.),s4_48_64,Deployed,s2_97_208,s1_below_1,Male,s3_80_96,s4_159_169,s2_164_318,s2_40_80,s3_4_5
11283,s2_885_1695,s2_n103_99,s4_n40_7,s1_below_4282,s2_2_3,s1_below_2001,s2_760_2075,s3_17_37,Passenger Car,s2_11_28,Deployed,s2_97_208,s1_below_1,Female,s2_37_80,s3_141_159,s2_164_318,s4_160_220,s2_2_4
11284,s2_885_1695,s2_n103_99,s4_n40_7,s1_below_4282,s2_2_3,s1_below_2001,s2_760_2075,s4_37_47,Passenger Car,s4_48_64,Deployed,s2_97_208,s1_below_1,Female,s2_37_80,s3_141_159,s2_164_318,s4_160_220,s2_2_4
11285,s2_885_1695,s2_n103_99,s4_n40_7,s1_below_4282,s2_2_3,s3_2003_2005,s2_760_2075,s4_37_47,Passenger Car,s3_28_48,Deployed,s2_97_208,s1_below_1,Male,s3_80_96,s3_141_159,s2_164_318,s3_80_160,s2_2_4
11286,s3_1695_2555,s2_n103_99,s3_n81_n40,s1_below_4282,s2_2_3,s3_2003_2005,s3_2075_3730,s4_37_47,Truck (<=10000 lbs.),s3_28_48,Deployed,s2_97_208,s2_1_2,Male,s2_37_80,s4_159_169,s2_164_318,s4_160_220,s3_4_5
11287,s3_1695_2555,s2_n103_99,s3_n81_n40,s1_below_4282,s1_below_2,s1_below_2001,s3_2075_3730,s5_47_57,Truck (<=10000 lbs.),s3_28_48,Deployed,s2_97_208,s3_2_3,Female,s6_130_up,s3_141_159,s2_164_318,s2_40_80,s2_2_4
11288,s2_885_1695,s2_n103_99,s4_n40_7,s1_below_4282,s3_3_4,s1_below_2001,s2_760_2075,s3_17_37,Passenger Car,s2_11_28,Deployed,s2_97_208,s3_2_3,Female,s6_130_up,s3_141_159,s2_164_318,s3_80_160,s2_2_4
11289,s2_885_1695,s2_n103_99,s4_n40_7,s1_below_4282,s4_4_5,s3_2003_2005,s2_760_2075,s3_17_37,Passenger Car,s2_11_28,Not Deployed,s2_97_208,s1_below_1,Female,s2_37_80,s3_141_159,s2_164_318,s3_80_160,s2_2_4
11290,s2_885_1695,s2_n103_99,s4_n40_7,s1_below_4282,s2_2_3,s2_2001_2003,s2_760_2075,s3_17_37,Passenger Car,s3_28_48,Not Deployed,s2_97_208,s1_below_1,Female,s2_37_80,s3_141_159,s2_164_318,s3_80_160,s2_2_4
11291,s2_885_1695,s2_n103_99,s4_n40_7,s1_below_4282,s3_3_4,s3_2003_2005,s2_760_2075,s5_47_57,Passenger Car,s3_28_48,Not Deployed,s2_97_208,s1_below_1,Male,s4_96_114,s3_141_159,s2_164_318,s5_220_260,s2_2_4
11292,s2_885_1695,s2_n103_99,s4_n40_7,s1_below_4282,s5_5_6,s3_2003_2005,s2_760_2075,s6_57_up,Passenger Car,s2_11_28,Deployed,s2_97_208,s1_below_1,Male,s2_37_80,s3_141_159,s2_164_318,s3_80_160,s2_2_4
11293,s2_885_1695,s2_n103_99,s4_n40_7,s1_below_4282,s4_4_5,s2_2001_2003,s2_760_2075,s3_17_37,Passenger Car,s3_28_48,Not Deployed,s2_97_208,s1_below_1,Female,s2_37_80,s3_141_159,s2_164_318,s3_80_160,s2_2_4
11294,s2_885_1695,s2_n103_99,s4_n40_7,s1_below_4282,s1_below_2,s2_2001_2003,s2_760_2075,s3_17_37,Passenger Car,s2_11_28,Deployed,s2_97_208,s1_below_1,Female,s2_37_80,s3_141_159,s2_164_318,s3_80_160,s2_2_4
11295,s3_1695_2555,s2_n103_99,s4_n40_7,s1_below_4282,s1_below_2,s4_2005_2007,s2_760_2075,s4_37_47,Truck (<=6000 lbs.),s3_28_48,Not Deployed,s2_97_208,s1_below_1,Female,s2_37_80,s4_159_169,s2_164_318,s3_80_160,s3_4_5
11296,s2_885_1695,s2_n103_99,s4_n40_7,s1_below_4282,s3_3_4,s2_2001_2003,s2_760_2075,s4_37_47,Passenger Car,s6_76_up,Deployed,s2_97_208,s1_below_1,Male,s3_80_96,s3_141_159,s2_164_318,s4_160_220,s2_2_4
11297,s2_885_1695,s2_n103_99,s4_n40_7,s1_below_4282,s3_3_4,s3_2003_2005,s2_760_2075,s4_37_47,Passenger Car,s2_11_28,Deployed,s2_97_208,s1_below_1,Male,s3_80_96,s3_141_159,s2_164_318,s3_80_160,s2_2_4
11298,s2_885_1695,s2_n103_99,s4_n40_7,s1_below_4282,s2_2_3,s3_2003_2005,s2_760_2075,s4_37_47,Passenger Car,s3_28_48,Deployed,s2_97_208,s2_1_2,Female,s2_37_80,s3_141_159,s2_164_318,s4_160_220,s2_2_4
11299,s2_885_1695,s2_n103_99,s4_n40_7,s1_below_4282,s2_2_3,s2_2001_2003,s2_760_2075,s4_37_47,Passenger Car,s5_64_76,Not Deployed,s2_97_208,s1_below_1,Female,s2_37_80,s3_141_159,s2_164_318,s4_160_220,s2_2_4
11300,s2_885_1695,s2_n103_99,s5_7_up,s1_below_4282,s4_4_5,s4_2005_2007,s2_760_2075,s4_37_47,Passenger Car,s3_28_48,Not Deployed,s2_97_208,s1_below_1,Male,s2_37_80,s3_141_159,s2_164_318,s6_260_up,s2_2_4
11301,s3_1695_2555,s2_n103_99,s4_n40_7,s1_below_4282,s1_below_2,s2_2001_2003,s2_760_2075,s6_57_up,Truck (<=10000 lbs.),s2_11_28,Not Deployed,s2_97_208,s1_below_1,Female,s2_37_80,s4_159_169,s3_318_464,s3_80_160,s4_5_6
11302,s3_1695_2555,s2_n103_99,s4_n40_7,s1_below_4282,s1_below_2,s1_below_2001,s3_2075_3730,s6_57_up,Truck (<=6000 lbs.),s2_11_28,Deployed,s2_97_208,s3_2_3,Female,s2_37_80,s4_159_169,s2_164_318,s4_160_220,s3_4_5
11303,s3_1695_2555,s2_n103_99,s5_7_up,s1_below_4282,s1_below_2,s1_below_2001,s3_2075_3730,s6_57_up,Truck (<=10000 lbs.),s4_48_64,Not Deployed,s2_97_208,s1_below_1,Male,s3_80_96,s4_159_169,s3_318_464,s6_260_up,s4_5_6
11304,s4_2555_3715,s2_n103_99,s4_n40_7,s1_below_4282,s1_below_2,s4_2005_2007,s3_2075_3730,s6_57_up,Truck (<=10000 lbs.),s3_28_48,Not Deployed,s2_97_208,s1_below_1,Male,s4_96_114,s5_169_179,s3_318_464,s3_80_160,s5_6_7
11305,s2_885_1695,s2_n103_99,s4_n40_7,s1_below_4282,s1_below_2,s2_2001_2003,s2_760_2075,s4_37_47,Passenger Car,s2_11_28,Deployed,s2_97_208,s1_below_1,Female,s3_80_96,s3_141_159,s2_164_318,s3_80_160,s2_2_4
11306,s2_885_1695,s2_n103_99,s5_7_up,s1_below_4282,s1_below_2,s1_below_2001,s2_760_2075,s4_37_47,Passenger Car,s3_28_48,Not Deployed,s2_97_208,s1_below_1,Male,s4_96_114,s3_141_159,s2_164_318,s6_260_up,s2_2_4
11307,s3_1695_2555,s2_n103_99,s4_n40_7,s1_below_4282,s2_2_3,s2_2001_2003,s2_760_2075,s4_37_47,Truck (<=6000 lbs.),s3_28_48,Deployed,s2_97_208,s1_below_1,Male,s2_37_80,s4_159_169,s2_164_318,s3_80_160,s3_4_5
11308,s2_885_1695,s2_n103_99,s4_n40_7,s1_below_4282,s2_2_3,s1_below_2001,s2_760_2075,s4_37_47,Passenger Car,s3_28_48,Deployed,s2_97_208,s3_2_3,Female,s3_80_96,s3_141_159,s2_164_318,s4_160_220,s2_2_4
11309,s2_885_1695,s2_n103_99,s4_n40_7,s1_below_4282,s2_2_3,s2_2001_2003,s2_760_2075,s4_37_47,Passenger Car,s4_48_64,Deployed,s2_97_208,s1_below_1,Female,s3_80_96,s3_141_159,s2_164_318,s4_160_220,s2_2_4
11310,s2_885_1695,s2_n103_99,s4_n40_7,s1_below_4282,s3_3_4,s1_below_2001,s2_760_2075,s3_17_37,Passenger Car,s4_48_64,Deployed,s2_97_208,s1_below_1,Male,s4_96_114,s3_141_159,s2_164_318,s3_80_160,s2_2_4
11311,s3_1695_2555,s2_n103_99,s5_7_up,s1_below_4282,s3_3_4,s3_2003_2005,s2_760_2075,s4_37_47,Truck (<=10000 lbs.),s3_28_48,Not Deployed,s2_97_208,s1_below_1,Male,s3_80_96,s5_169_179,s3_318_464,s4_160_220,s4_5_6
11312,s2_885_1695,s2_n103_99,s4_n40_7,s1_below_4282,s4_4_5,s3_2003_2005,s2_760_2075,s3_17_37,Passenger Car,s2_11_28,Not Deployed,s2_97_208,s1_below_1,Female,s2_37_80,s3_141_159,s2_164_318,s4_160_220,s2_2_4
11313,s2_885_1695,s2_n103_99,s4_n40_7,s1_below_4282,s1_below_2,s4_2005_2007,s2_760_2075,s3_17_37,Passenger Car,s2_11_28,Not Deployed,s2_97_208,s1_below_1,Female,s3_80_96,s3_141_159,s2_164_318,s4_160_220,s2_2_4
11314,s2_885_1695,s2_n103_99,s4_n40_7,s1_below_4282,s1_below_2,s4_2005_2007,s2_760_2075,s3_17_37,Passenger Car,s4_48_64,Deployed,s2_97_208,s1_below_1,Male,s4_96_114,s3_141_159,s2_164_318,s3_80_160,s2_2_4
11315,s2_885_1695,s2_n103_99,s4_n40_7,s1_below_4282,s2_2_3,s3_2003_2005,s2_760_2075,s3_17_37,Passenger Car,s3_28_48,Not Deployed,s2_97_208,s1_below_1,Male,s5_114_130,s3_141_159,s2_164_318,s4_160_220,s2_2_4
11316,s2_885_1695,s2_n103_99,s4_n40_7,s1_below_4282,s1_below_2,s1_below_2001,s2_760_2075,s5_47_57,Passenger Car,s4_48_64,Deployed,s2_97_208,s1_below_1,Female,s2_37_80,s3_141_159,s2_164_318,s3_80_160,s2_2_4
11317,s3_1695_2555,s2_n103_99,s4_n40_7,s1_below_4282,s4_4_5,s2_2001_2003,s2_760_2075,s3_17_37,Truck (<=6000 lbs.),s3_28_48,Deployed,s2_97_208,s1_below_1,Female,s2_37_80,s3_141_159,s2_164_318,s3_80_160,s2_2_4
11318,s2_885_1695,s2_n103_99,s4_n40_7,s1_below_4282,s2_2_3,s1_below_2001,s2_760_2075,s4_37_47,Passenger Car,s2_11_28,Deployed,s2_97_208,s2_1_2,Female,s2_37_80,s3_141_159,s2_164_318,s4_160_220,s2_2_4
11319,s3_1695_2555,s2_n103_99,s4_n40_7,s1_below_4282,s3_3_4,s2_2001_2003,s3_2075_3730,s6_57_up,Truck (<=10000 lbs.),s3_28_48,Deployed,s2_97_208,s1_below_1,Male,s3_80_96,s4_159_169,s3_318_464,s3_80_160,s4_5_6
11320,s3_1695_2555,s2_n103_99,s5_7_up,s1_below_4282,s3_3_4,s2_2001_2003,s2_760_2075,s6_57_up,Truck (<=6000 lbs.),s2_11_28,Not Deployed,s2_97_208,s1_below_1,Female,s3_80_96,s3_141_159,s2_164_318,s6_260_up,s2_2_4
11321,s2_885_1695,s2_n103_99,s4_n40_7,s1_below_4282,s1_below_2,s1_below_2001,s2_760_2075,s4_37_47,Passenger Car,s3_28_48,Not Deployed,s2_97_208,s1_below_1,Female,s2_37_80,s3_141_159,s2_164_318,s1_below_40,s2_2_4
11322,s2_885_1695,s2_n103_99,s4_n40_7,s1_below_4282,s1_below_2,s4_2005_2007,s3_2075_3730,s4_37_47,Passenger Car,s3_28_48,Deployed,s2_97_208,s1_below_1,Female,s3_80_96,s3_141_159,s2_164_318,s3_80_160,s2_2_4
11323,s2_885_1695,s2_n103_99,s4_n40_7,s1_below_4282,s1_below_2,s3_2003_2005,s3_2075_3730,s3_17_37,Passenger Car,s4_48_64,Deployed,s2_97_208,s1_below_1,Female,s2_37_80,s3_141_159,s2_164_318,s3_80_160,s2_2_4
11324,s3_1695_2555,s2_n103_99,s4_n40_7,s1_below_4282,s1_below_2,s1_below_2001,s2_760_2075,s3_17_37,Truck (<=10000 lbs.),s4_48_64,Not Deployed,s2_97_208,s1_below_1,Male,s6_130_up,s3_141_159,s2_164_318,s3_80_160,s2_2_4
11325,s2_885_1695,s2_n103_99,s4_n40_7,s1_below_4282,s1_below_2,s3_2003_2005,s3_2075_3730,s3_17_37,Passenger Car,s2_11_28,Deployed,s2_97_208,s1_below_1,Female,s2_37_80,s3_141_159,s2_164_318,s3_80_160,s2_2_4
11326,s3_1695_2555,s2_n103_99,s4_n40_7,s1_below_4282,s1_below_2,s3_2003_2005,s2_760_2075,s4_37_47,Truck (<=6000 lbs.),s3_28_48,Not Deployed,s2_97_208,s1_below_1,Female,s2_37_80,s3_141_159,s2_164_318,s3_80_160,s2_2_4
11327,s2_885_1695,s2_n103_99,s4_n40_7,s1_below_4282,s4_4_5,s3_2003_2005,s2_760_2075,s3_17_37,Truck (<=6000 lbs.),s5_64_76,Not Deployed,s2_97_208,s1_below_1,Female,s3_80_96,s3_141_159,s2_164_318,s3_80_160,s2_2_4
11328,s3_1695_2555,s2_n103_99,s4_n40_7,s1_below_4282,s1_below_2,s3_2003_2005,s2_760_2075,s4_37_47,Truck (<=6000 lbs.),s3_28_48,Deployed,s2_97_208,s1_below_1,Male,s3_80_96,s3_141_159,s2_164_318,s3_80_160,s2_2_4
11329,s2_885_1695,s2_n103_99,s4_n40_7,s1_below_4282,s2_2_3,s3_2003_2005,s2_760_2075,s4_37_47,Passenger Car,s5_64_76,Deployed,s2_97_208,s2_1_2,Female,s2_37_80,s3_141_159,s2_164_318,s4_160_220,s2_2_4
11330,s3_1695_2555,s2_n103_99,s4_n40_7,s1_below_4282,s1_below_2,s3_2003_2005,s2_760_2075,s3_17_37,Truck (<=10000 lbs.),s4_48_64,Deployed,s2_97_208,s1_below_1,Female,s2_37_80,s2_116_141,s3_318_464,s2_40_80,s3_4_5
11331,s3_1695_2555,s2_n103_99,s4_n40_7,s1_below_4282,s1_below_2,s2_2001_2003,s2_760_2075,s4_37_47,Truck (<=10000 lbs.),s3_28_48,Deployed,s2_97_208,s1_below_1,Male,s3_80_96,s5_169_179,s3_318_464,s4_160_220,s4_5_6
11332,s2_885_1695,s2_n103_99,s4_n40_7,s1_below_4282,s3_3_4,s4_2005_2007,s3_2075_3730,s3_17_37,Passenger Car,s4_48_64,Deployed,s2_97_208,s3_2_3,Female,s2_37_80,s3_141_159,s2_164_318,s3_80_160,s2_2_4
11333,s2_885_1695,s2_n103_99,s4_n40_7,s1_below_4282,s4_4_5,s1_below_2001,s2_760_2075,s4_37_47,Passenger Car,s2_11_28,Deployed,s2_97_208,s2_1_2,Male,s4_96_114,s3_141_159,s2_164_318,s4_160_220,s2_2_4
11334,s2_885_1695,s2_n103_99,s4_n40_7,s1_below_4282,s4_4_5,s2_2001_2003,s2_760_2075,s4_37_47,Truck (<=6000 lbs.),s5_64_76,Deployed,s1_below_97,s4_3_4,Male,s3_80_96,s3_141_159,s2_164_318,s3_80_160,s2_2_4
11335,s2_885_1695,s2_n103_99,s4_n40_7,s1_below_4282,s2_2_3,s4_2005_2007,s2_760_2075,s3_17_37,Truck (<=6000 lbs.),s3_28_48,Deployed,s2_97_208,s1_below_1,Female,s2_37_80,s3_141_159,s2_164_318,s3_80_160,s2_2_4
11336,s3_1695_2555,s2_n103_99,s4_n40_7,s1_below_4282,s2_2_3,s2_2001_2003,s2_760_2075,s4_37_47,Truck (<=10000 lbs.),s3_28_48,Not Deployed,s2_97_208,s4_3_4,Female,s2_37_80,s3_141_159,s2_164_318,s4_160_220,s2_2_4
11337,s2_885_1695,s2_n103_99,s4_n40_7,s1_below_4282,s2_2_3,s2_2001_2003,s2_760_2075,s3_17_37,Passenger Car,s5_64_76,Deployed,s2_97_208,s1_below_1,Female,s2_37_80,s3_141_159,s2_164_318,s4_160_220,s2_2_4
11338,s2_885_1695,s2_n103_99,s4_n40_7,s1_below_4282,s3_3_4,s3_2003_2005,s2_760_2075,s4_37_47,Passenger Car,s2_11_28,Deployed,s2_97_208,s1_below_1,Male,s2_37_80,s3_141_159,s2_164_318,s3_80_160,s2_2_4
11339,s2_885_1695,s2_n103_99,s4_n40_7,s1_below_4282,s3_3_4,s3_2003_2005,s2_760_2075,s3_17_37,Passenger Car,s2_11_28,Deployed,s2_97_208,s1_below_1,Female,s2_37_80,s3_141_159,s2_164_318,s3_80_160,s2_2_4
11340,s2_885_1695,s2_n103_99,s4_n40_7,s1_below_4282,s3_3_4,s4_2005_2007,s2_760_2075,s3_17_37,Passenger Car,s4_48_64,Deployed,s2_97_208,s1_below_1,Female,s4_96_114,s3_141_159,s2_164_318,s3_80_160,s2_2_4
11341,s3_1695_2555,s2_n103_99,s4_n40_7,s1_below_4282,s2_2_3,s3_2003_2005,s2_760_2075,s4_37_47,Truck (<=6000 lbs.),s3_28_48,Deployed,s2_97_208,s1_below_1,Male,s3_80_96,s3_141_159,s3_318_464,s3_80_160,s2_2_4
11342,s2_885_1695,s2_n103_99,s5_7_up,s1_below_4282,s3_3_4,s2_2001_2003,s3_2075_3730,s4_37_47,Passenger Car,s5_64_76,Not Deployed,s2_97_208,s1_below_1,Female,s2_37_80,s3_141_159,s2_164_318,s6_260_up,s2_2_4
11343,s2_885_1695,s2_n103_99,s4_n40_7,s1_below_4282,s2_2_3,s2_2001_2003,s3_2075_3730,s3_17_37,Passenger Car,s3_28_48,Not Deployed,s2_97_208,s1_below_1,Female,s2_37_80,s3_141_159,s2_164_318,s3_80_160,s2_2_4
11344,s3_1695_2555,s2_n103_99,s4_n40_7,s1_below_4282,s2_2_3,s3_2003_2005,s3_2075_3730,s3_17_37,Truck (<=6000 lbs.),s2_11_28,Not Deployed,s2_97_208,s1_below_1,Male,s2_37_80,s3_141_159,s2_164_318,s2_40_80,s2_2_4
11345,s2_885_1695,s2_n103_99,s4_n40_7,s1_below_4282,s2_2_3,s2_2001_2003,s2_760_2075,s3_17_37,Passenger Car,s2_11_28,Not Deployed,s2_97_208,s1_below_1,Male,s2_37_80,s3_141_159,s2_164_318,s4_160_220,s2_2_4
11346,s2_885_1695,s2_n103_99,s4_n40_7,s1_below_4282,s2_2_3,s4_2005_2007,s2_760_2075,s3_17_37,Passenger Car,s4_48_64,Not Deployed,s2_97_208,s1_below_1,Female,s2_37_80,s3_141_159,s2_164_318,s3_80_160,s2_2_4
11347,s2_885_1695,s2_n103_99,s4_n40_7,s1_below_4282,s3_3_4,s3_2003_2005,s2_760_2075,s3_17_37,Truck (<=6000 lbs.),s4_48_64,Not Deployed,s2_97_208,s1_below_1,Male,s4_96_114,s3_141_159,s2_164_318,s3_80_160,s2_2_4
11348,s2_885_1695,s2_n103_99,s4_n40_7,s1_below_4282,s1_below_2,s2_2001_2003,s2_760_2075,s5_47_57,Truck (<=6000 lbs.),s3_28_48,Not Deployed,s2_97_208,s1_below_1,Male,s3_80_96,s2_116_141,s2_164_318,s3_80_160,s2_2_4
11349,s2_885_1695,s2_n103_99,s4_n40_7,s1_below_4282,s2_2_3,s1_below_2001,s3_2075_3730,s3_17_37,Passenger Car,s4_48_64,Not Deployed,s2_97_208,s5_4_5,Female,s3_80_96,s3_141_159,s2_164_318,s4_160_220,s2_2_4
11350,s3_1695_2555,s2_n103_99,s4_n40_7,s1_below_4282,s2_2_3,s4_2005_2007,s2_760_2075,s4_37_47,Truck (<=6000 lbs.),s2_11_28,Deployed,s2_97_208,s1_below_1,Male,s3_80_96,s4_159_169,s2_164_318,s3_80_160,s3_4_5
11351,s3_1695_2555,s2_n103_99,s4_n40_7,s1_below_4282,s4_4_5,s2_2001_2003,s2_760_2075,s4_37_47,Truck (<=6000 lbs.),s2_11_28,Deployed,s2_97_208,s1_below_1,Female,s2_37_80,s3_141_159,s2_164_318,s3_80_160,s2_2_4
11352,s2_885_1695,s2_n103_99,s4_n40_7,s1_below_4282,s3_3_4,s2_2001_2003,s2_760_2075,s3_17_37,Passenger Car,s2_11_28,Deployed,s2_97_208,s1_below_1,Female,s2_37_80,s3_141_159,s2_164_318,s3_80_160,s2_2_4
11353,s3_1695_2555,s2_n103_99,s4_n40_7,s1_below_4282,s1_below_2,s3_2003_2005,s2_760_2075,s4_37_47,Truck (<=6000 lbs.),s3_28_48,Not Deployed,s2_97_208,s1_below_1,Female,s2_37_80,s3_141_159,s2_164_318,s3_80_160,s2_2_4
11354,s3_1695_2555,s2_n103_99,s4_n40_7,s1_below_4282,s1_below_2,s3_2003_2005,s3_2075_3730,s6_57_up,Truck (<=10000 lbs.),s3_28_48,Deployed,s2_97_208,s1_below_1,Male,s3_80_96,s5_169_179,s3_318_464,s3_80_160,s4_5_6
11355,s3_1695_2555,s2_n103_99,s4_n40_7,s1_below_4282,s1_below_2,s4_2005_2007,s3_2075_3730,s6_57_up,Truck (<=10000 lbs.),s3_28_48,Not Deployed,s2_97_208,s1_below_1,Male,s5_114_130,s5_169_179,s2_164_318,s3_80_160,s3_4_5
11356,s3_1695_2555,s2_n103_99,s4_n40_7,s1_below_4282,s2_2_3,s1_below_2001,s3_2075_3730,s3_17_37,Truck (<=6000 lbs.),s3_28_48,Not Deployed,s2_97_208,s1_below_1,Female,s2_37_80,s3_141_159,s2_164_318,s4_160_220,s3_4_5
11357,s2_885_1695,s2_n103_99,s4_n40_7,s1_below_4282,s1_below_2,s2_2001_2003,s2_760_2075,s3_17_37,Passenger Car,s3_28_48,Deployed,s2_97_208,s1_below_1,Female,s2_37_80,s3_141_159,s2_164_318,s4_160_220,s2_2_4
11358,s3_1695_2555,s2_n103_99,s4_n40_7,s1_below_4282,s1_below_2,s3_2003_2005,s2_760_2075,s3_17_37,Passenger Car,s3_28_48,Not Deployed,s2_97_208,s1_below_1,Male,s2_37_80,s3_141_159,s2_164_318,s2_40_80,s2_2_4
11359,s2_885_1695,s2_n103_99,s4_n40_7,s1_below_4282,s2_2_3,s2_2001_2003,s2_760_2075,s4_37_47,Passenger Car,s3_28_48,Deployed,s2_97_208,s1_below_1,Male,s5_114_130,s3_141_159,s2_164_318,s4_160_220,s2_2_4
11360,s2_885_1695,s2_n103_99,s4_n40_7,s1_below_4282,s2_2_3,s1_below_2001,s2_760_2075,s4_37_47,Passenger Car,s3_28_48,Deployed,s2_97_208,s2_1_2,Male,s3_80_96,s3_141_159,s2_164_318,s3_80_160,s2_2_4
11361,s2_885_1695,s2_n103_99,s4_n40_7,s1_below_4282,s2_2_3,s3_2003_2005,s2_760_2075,s4_37_47,Passenger Car,s2_11_28,Deployed,s2_97_208,s1_below_1,Male,s2_37_80,s3_141_159,s2_164_318,s4_160_220,s2_2_4
11362,s2_885_1695,s2_n103_99,s4_n40_7,s1_below_4282,s2_2_3,s3_2003_2005,s2_760_2075,s4_37_47,Passenger Car,s2_11_28,Deployed,s2_97_208,s1_below_1,Female,s2_37_80,s3_141_159,s2_164_318,s3_80_160,s2_2_4
11363,s2_885_1695,s2_n103_99,s4_n40_7,s1_below_4282,s2_2_3,s3_2003_2005,s3_2075_3730,s3_17_37,Passenger Car,s5_64_76,Deployed,s2_97_208,s3_2_3,Male,s3_80_96,s3_141_159,s2_164_318,s4_160_220,s2_2_4
11364,s3_1695_2555,s2_n103_99,s4_n40_7,s1_below_4282,s2_2_3,s1_below_2001,s2_760_2075,s3_17_37,Truck (<=10000 lbs.),s2_11_28,Deployed,s2_97_208,s1_below_1,Male,s3_80_96,s5_169_179,s3_318_464,s3_80_160,s4_5_6
11365,s3_1695_2555,s2_n103_99,s4_n40_7,s1_below_4282,s3_3_4,s3_2003_2005,s2_760_2075,s5_47_57,Passenger Car,s5_64_76,Deployed,s2_97_208,s4_3_4,Male,s4_96_114,s4_159_169,s2_164_318,s4_160_220,s2_2_4
11366,s3_1695_2555,s2_n103_99,s4_n40_7,s1_below_4282,s1_below_2,s4_2005_2007,s2_760_2075,s5_47_57,Truck (<=6000 lbs.),s3_28_48,Deployed,s2_97_208,s1_below_1,Male,s3_80_96,s4_159_169,s3_318_464,s3_80_160,s3_4_5
11367,s3_1695_2555,s2_n103_99,s4_n40_7,s1_below_4282,s1_below_2,s2_2001_2003,s2_760_2075,s3_17_37,Truck (<=10000 lbs.),s3_28_48,Not Deployed,s2_97_208,s1_below_1,Female,s2_37_80,s4_159_169,s2_164_318,s4_160_220,s3_4_5
11368,s3_1695_2555,s2_n103_99,s4_n40_7,s1_below_4282,s3_3_4,s4_2005_2007,s3_2075_3730,s3_17_37,Truck (<=6000 lbs.),s3_28_48,Deployed,s2_97_208,s1_below_1,Male,s6_130_up,s3_141_159,s2_164_318,s3_80_160,s2_2_4
11369,s2_885_1695,s2_n103_99,s4_n40_7,s1_below_4282,s1_below_2,s3_2003_2005,s2_760_2075,s4_37_47,Passenger Car,s2_11_28,Deployed,s2_97_208,s1_below_1,Female,s2_37_80,s3_141_159,s2_164_318,s3_80_160,s2_2_4
11370,s2_885_1695,s2_n103_99,s4_n40_7,s1_below_4282,s2_2_3,s2_2001_2003,s2_760_2075,s3_17_37,Passenger Car,s3_28_48,Not Deployed,s2_97_208,s1_below_1,Female,s3_80_96,s3_141_159,s2_164_318,s4_160_220,s2_2_4
11371,s2_885_1695,s2_n103_99,s4_n40_7,s1_below_4282,s3_3_4,s3_2003_2005,s2_760_2075,s4_37_47,Passenger Car,s2_11_28,Deployed,s2_97_208,s1_below_1,Male,s2_37_80,s3_141_159,s2_164_318,s3_80_160,s2_2_4
11372,s2_885_1695,s2_n103_99,s4_n40_7,s1_below_4282,s2_2_3,s3_2003_2005,s2_760_2075,s4_37_47,Passenger Car,s3_28_48,Not Deployed,s2_97_208,s1_below_1,Female,s4_96_114,s3_141_159,s2_164_318,s2_40_80,s2_2_4
11373,s2_885_1695,s2_n103_99,s4_n40_7,s1_below_4282,s2_2_3,s4_2005_2007,s2_760_2075,s3_17_37,Truck (<=6000 lbs.),s4_48_64,Deployed,s2_97_208,s1_below_1,Male,s3_80_96,s3_141_159,s2_164_318,s3_80_160,s2_2_4
11374,s2_885_1695,s2_n103_99,s3_n81_n40,s1_below_4282,s1_below_2,s1_below_2001,s3_2075_3730,s3_17_37,Passenger Car,s2_11_28,Not Deployed,s2_97_208,s3_2_3,Male,s3_80_96,s3_141_159,s2_164_318,s2_40_80,s2_2_4
11375,s3_1695_2555,s2_n103_99,s4_n40_7,s1_below_4282,s2_2_3,s2_2001_2003,s2_760_2075,s3_17_37,Truck (<=6000 lbs.),s2_11_28,Not Deployed,s2_97_208,s1_below_1,Female,s2_37_80,s3_141_159,s2_164_318,s3_80_160,s2_2_4
11376,s3_1695_2555,s2_n103_99,s4_n40_7,s1_below_4282,s3_3_4,s2_2001_2003,s3_2075_3730,s5_47_57,Truck (<=6000 lbs.),s5_64_76,Deployed,s2_97_208,s2_1_2,Male,s4_96_114,s4_159_169,s2_164_318,s3_80_160,s2_2_4
11377,s2_885_1695,s2_n103_99,s4_n40_7,s1_below_4282,s4_4_5,s3_2003_2005,s2_760_2075,s4_37_47,Passenger Car,s3_28_48,Not Deployed,s2_97_208,s1_below_1,Female,s2_37_80,s3_141_159,s2_164_318,s3_80_160,s2_2_4
11378,s4_2555_3715,s2_n103_99,s4_n40_7,s1_below_4282,s2_2_3,s3_2003_2005,s2_760_2075,s4_37_47,Truck (<=10000 lbs.),s3_28_48,Not Deployed,s2_97_208,s1_below_1,Male,s3_80_96,s4_159_169,s3_318_464,s4_160_220,s4_5_6
11379,s2_885_1695,s2_n103_99,s4_n40_7,s1_below_4282,s2_2_3,s3_2003_2005,s2_760_2075,s3_17_37,Passenger Car,s2_11_28,Deployed,s2_97_208,s2_1_2,Female,s2_37_80,s3_141_159,s2_164_318,s4_160_220,s2_2_4
11380,s3_1695_2555,s2_n103_99,s4_n40_7,s1_below_4282,s1_below_2,s3_2003_2005,s2_760_2075,s3_17_37,Truck (<=6000 lbs.),s3_28_48,Not Deployed,s2_97_208,s1_below_1,Male,s3_80_96,s3_141_159,s2_164_318,s3_80_160,s2_2_4
11381,s3_1695_2555,s2_n103_99,s4_n40_7,s1_below_4282,s6_6_up,s3_2003_2005,s2_760_2075,s4_37_47,Truck (<=10000 lbs.),s3_28_48,Deployed,s2_97_208,s1_below_1,Female,s2_37_80,s4_159_169,s2_164_318,s3_80_160,s3_4_5
11382,s2_885_1695,s2_n103_99,s4_n40_7,s1_below_4282,s5_5_6,s2_2001_2003,s2_760_2075,s4_37_47,Passenger Car,s3_28_48,Not Deployed,s2_97_208,s1_below_1,Female,s2_37_80,s3_141_159,s2_164_318,s2_40_80,s2_2_4
11383,s2_885_1695,s2_n103_99,s4_n40_7,s1_below_4282,s2_2_3,s3_2003_2005,s2_760_2075,s3_17_37,Passenger Car,s3_28_48,Not Deployed,s2_97_208,s2_1_2,Male,s3_80_96,s3_141_159,s2_164_318,s4_160_220,s2_2_4
11384,s3_1695_2555,s2_n103_99,s4_n40_7,s1_below_4282,s5_5_6,s2_2001_2003,s2_760_2075,s4_37_47,Truck (<=10000 lbs.),s2_11_28,Not Deployed,s2_97_208,s1_below_1,Male,s3_80_96,s3_141_159,s2_164_318,s3_80_160,s2_2_4
11385,s4_2555_3715,s2_n103_99,s4_n40_7,s1_below_4282,s1_below_2,s2_2001_2003,s2_760_2075,s5_47_57,Truck (<=10000 lbs.),s4_48_64,Deployed,s2_97_208,s1_below_1,Male,s3_80_96,s5_169_179,s3_318_464,s3_80_160,s4_5_6
11386,s3_1695_2555,s2_n103_99,s5_7_up,s1_below_4282,s1_below_2,s3_2003_2005,s3_2075_3730,s6_57_up,Truck (<=6000 lbs.),s2_11_28,Deployed,s2_97_208,s1_below_1,Female,s4_96_114,s3_141_159,s2_164_318,s6_260_up,s2_2_4
11387,s2_885_1695,s2_n103_99,s4_n40_7,s1_below_4282,s1_below_2,s2_2001_2003,s2_760_2075,s4_37_47,Passenger Car,s2_11_28,Deployed,s2_97_208,s1_below_1,Male,s2_37_80,s3_141_159,s2_164_318,s3_80_160,s2_2_4
11388,s2_885_1695,s2_n103_99,s4_n40_7,s1_below_4282,s5_5_6,s3_2003_2005,s2_760_2075,s4_37_47,Passenger Car,s2_11_28,Deployed,s2_97_208,s1_below_1,Male,s2_37_80,s3_141_159,s2_164_318,s3_80_160,s2_2_4
11389,s3_1695_2555,s2_n103_99,s4_n40_7,s1_below_4282,s4_4_5,s2_2001_2003,s2_760_2075,s4_37_47,Truck (<=6000 lbs.),s3_28_48,Deployed,s2_97_208,s1_below_1,Male,s3_80_96,s4_159_169,s2_164_318,s3_80_160,s3_4_5
11390,s2_885_1695,s2_n103_99,s4_n40_7,s1_below_4282,s5_5_6,s3_2003_2005,s2_760_2075,s4_37_47,Truck (<=6000 lbs.),s3_28_48,Deployed,s2_97_208,s1_below_1,Female,s2_37_80,s3_141_159,s2_164_318,s3_80_160,s2_2_4
11391,s3_1695_2555,s2_n103_99,s4_n40_7,s1_below_4282,s1_below_2,s3_2003_2005,s2_760_2075,s5_47_57,Truck (<=6000 lbs.),s4_48_64,Deployed,s2_97_208,s1_below_1,Male,s3_80_96,s4_159_169,s2_164_318,s3_80_160,s3_4_5
11392,s2_885_1695,s2_n103_99,s4_n40_7,s1_below_4282,s1_below_2,s3_2003_2005,s2_760_2075,s5_47_57,Truck (<=6000 lbs.),s4_48_64,Deployed,s2_97_208,s1_below_1,Female,s2_37_80,s3_141_159,s2_164_318,s3_80_160,s2_2_4
11393,s2_885_1695,s2_n103_99,s4_n40_7,s1_below_4282,s3_3_4,s2_2001_2003,s3_2075_3730,s4_37_47,Passenger Car,s4_48_64,Deployed,s2_97_208,s2_1_2,Female,s2_37_80,s3_141_159,s2_164_318,s4_160_220,s2_2_4
11394,s4_2555_3715,s2_n103_99,s4_n40_7,s1_below_4282,s2_2_3,s1_below_2001,s2_760_2075,s5_47_57,Truck (<=10000 lbs.),s3_28_48,Deployed,s2_97_208,s1_below_1,Male,s3_80_96,s4_159_169,s3_318_464,s3_80_160,s4_5_6
11395,s4_2555_3715,s2_n103_99,s4_n40_7,s1_below_4282,s1_below_2,s2_2001_2003,s2_760_2075,s4_37_47,Truck (<=10000 lbs.),s3_28_48,Deployed,s2_97_208,s1_below_1,Male,s2_37_80,s5_169_179,s3_318_464,s3_80_160,s5_6_7
11396,s2_885_1695,s2_n103_99,s3_n81_n40,s1_below_4282,s2_2_3,s2_2001_2003,s2_760_2075,s3_17_37,Passenger Car,s2_11_28,Deployed,s2_97_208,s1_below_1,Female,s2_37_80,s3_141_159,s2_164_318,s3_80_160,s2_2_4
11397,s2_885_1695,s2_n103_99,s4_n40_7,s1_below_4282,s3_3_4,s2_2001_2003,s2_760_2075,s3_17_37,Passenger Car,s3_28_48,Deployed,s2_97_208,s2_1_2,Female,s2_37_80,s3_141_159,s2_164_318,s3_80_160,s2_2_4
11398,s3_1695_2555,s2_n103_99,s4_n40_7,s1_below_4282,s3_3_4,s1_below_2001,s3_2075_3730,s4_37_47,Truck (<=6000 lbs.),s3_28_48,Not Deployed,s2_97_208,s1_below_1,Male,s2_37_80,s3_141_159,s2_164_318,s4_160_220,s2_2_4
11399,s3_1695_2555,s2_n103_99,s5_7_up,s1_below_4282,s1_below_2,s3_2003_2005,s3_2075_3730,s3_17_37,Truck (<=6000 lbs.),s3_28_48,Deployed,s2_97_208,s1_below_1,Male,s2_37_80,s3_141_159,s3_318_464,s6_260_up,s2_2_4
11400,s2_885_1695,s2_n103_99,s4_n40_7,s1_below_4282,s5_5_6,s1_below_2001,s2_760_2075,s4_37_47,Passenger Car,s2_11_28,Not Deployed,s2_97_208,s1_below_1,Female,s2_37_80,s3_141_159,s2_164_318,s3_80_160,s2_2_4
11401,s2_885_1695,s2_n103_99,s4_n40_7,s1_below_4282,s3_3_4,s2_2001_2003,s2_760_2075,s4_37_47,Passenger Car,s2_11_28,Not Deployed,s2_97_208,s1_below_1,Male,s2_37_80,s3_141_159,s2_164_318,s4_160_220,s2_2_4
11402,s3_1695_2555,s2_n103_99,s4_n40_7,s1_below_4282,s2_2_3,s1_below_2001,s2_760_2075,s4_37_47,Truck (<=6000 lbs.),s3_28_48,Deployed,s2_97_208,s2_1_2,Female,s5_114_130,s4_159_169,s2_164_318,s3_80_160,s2_2_4
11403,s3_1695_2555,s2_n103_99,s4_n40_7,s1_below_4282,s1_below_2,s1_below_2001,s2_760_2075,s4_37_47,Truck (<=6000 lbs.),s3_28_48,Deployed,s2_97_208,s1_below_1,Female,s2_37_80,s3_141_159,s2_164_318,s3_80_160,s2_2_4
11404,s2_885_1695,s2_n103_99,s4_n40_7,s1_below_4282,s2_2_3,s3_2003_2005,s2_760_2075,s3_17_37,Passenger Car,s3_28_48,Not Deployed,s2_97_208,s1_below_1,Female,s2_37_80,s3_141_159,s2_164_318,s2_40_80,s2_2_4
11405,s3_1695_2555,s2_n103_99,s4_n40_7,s1_below_4282,s3_3_4,s1_below_2001,s2_760_2075,s3_17_37,Truck (<=6000 lbs.),s3_28_48,Not Deployed,s2_97_208,s1_below_1,Male,s6_130_up,s4_159_169,s2_164_318,s3_80_160,s2_2_4
11406,s2_885_1695,s2_n103_99,s5_7_up,s1_below_4282,s2_2_3,s1_below_2001,s2_760_2075,s6_57_up,Passenger Car,s3_28_48,Not Deployed,s2_97_208,s1_below_1,Male,s3_80_96,s3_141_159,s2_164_318,s6_260_up,s2_2_4
11407,s2_885_1695,s2_n103_99,s3_n81_n40,s1_below_4282,s2_2_3,s3_2003_2005,s2_760_2075,s6_57_up,Passenger Car,s2_11_28,Deployed,s2_97_208,s1_below_1,Male,s3_80_96,s3_141_159,s2_164_318,s3_80_160,s2_2_4
11408,s2_885_1695,s2_n103_99,s5_7_up,s1_below_4282,s2_2_3,s1_below_2001,s2_760_2075,s6_57_up,Passenger Car,s3_28_48,Not Deployed,s2_97_208,s1_below_1,Male,s2_37_80,s3_141_159,s2_164_318,s6_260_up,s2_2_4
11409,s2_885_1695,s2_n103_99,s4_n40_7,s1_below_4282,s2_2_3,s3_2003_2005,s3_2075_3730,s3_17_37,Passenger Car,s5_64_76,Not Deployed,s2_97_208,s2_1_2,Male,s4_96_114,s3_141_159,s2_164_318,s4_160_220,s2_2_4
11410,s3_1695_2555,s2_n103_99,s4_n40_7,s1_below_4282,s3_3_4,s3_2003_2005,s2_760_2075,s4_37_47,Truck (<=10000 lbs.),s3_28_48,Not Deployed,s2_97_208,s1_below_1,Female,s2_37_80,s3_141_159,s2_164_318,s2_40_80,s2_2_4
11411,s3_1695_2555,s2_n103_99,s4_n40_7,s1_below_4282,s2_2_3,s1_below_2001,s2_760_2075,s4_37_47,Truck (<=6000 lbs.),s2_11_28,Deployed,s2_97_208,s1_below_1,Female,s2_37_80,s3_141_159,s2_164_318,s3_80_160,s2_2_4
11412,s2_885_1695,s2_n103_99,s4_n40_7,s1_below_4282,s1_below_2,s3_2003_2005,s2_760_2075,s3_17_37,Passenger Car,s4_48_64,Not Deployed,s2_97_208,s1_below_1,Male,s3_80_96,s3_141_159,s2_164_318,s3_80_160,s2_2_4
11413,s2_885_1695,s2_n103_99,s4_n40_7,s1_below_4282,s1_below_2,s2_2001_2003,s2_760_2075,s3_17_37,Passenger Car,s4_48_64,Not Deployed,s2_97_208,s1_below_1,Female,s2_37_80,s3_141_159,s2_164_318,s3_80_160,s2_2_4
11414,s2_885_1695,s2_n103_99,s4_n40_7,s1_below_4282,s2_2_3,s3_2003_2005,s3_2075_3730,s6_57_up,Passenger Car,s2_11_28,Deployed,s2_97_208,s1_below_1,Male,s2_37_80,s3_141_159,s2_164_318,s3_80_160,s2_2_4
11415,s3_1695_2555,s2_n103_99,s4_n40_7,s1_below_4282,s2_2_3,s2_2001_2003,s2_760_2075,s6_57_up,Truck (<=6000 lbs.),s4_48_64,Deployed,s2_97_208,s5_4_5,Male,s3_80_96,s3_141_159,s2_164_318,s3_80_160,s2_2_4
11416,s2_885_1695,s2_n103_99,s4_n40_7,s1_below_4282,s4_4_5,s3_2003_2005,s2_760_2075,s4_37_47,Passenger Car,s3_28_48,Deployed,s2_97_208,s1_below_1,Male,s2_37_80,s3_141_159,s2_164_318,s3_80_160,s2_2_4
11417,s3_1695_2555,s2_n103_99,s5_7_up,s1_below_4282,s2_2_3,s3_2003_2005,s2_760_2075,s4_37_47,Truck (<=6000 lbs.),s3_28_48,Not Deployed,s2_97_208,s1_below_1,Female,s2_37_80,s3_141_159,s2_164_318,s6_260_up,s2_2_4
11418,s2_885_1695,s2_n103_99,s5_7_up,s1_below_4282,s3_3_4,s3_2003_2005,s3_2075_3730,s4_37_47,Passenger Car,s3_28_48,Not Deployed,s2_97_208,s1_below_1,Female,s2_37_80,s3_141_159,s2_164_318,s6_260_up,s2_2_4
11419,s2_885_1695,s2_n103_99,s5_7_up,s1_below_4282,s3_3_4,s1_below_2001,s2_760_2075,s4_37_47,Passenger Car,s2_11_28,Not Deployed,s2_97_208,s1_below_1,Female,s2_37_80,s3_141_159,s2_164_318,s6_260_up,s2_2_4
11420,s4_2555_3715,s2_n103_99,s4_n40_7,s1_below_4282,s4_4_5,s2_2001_2003,s2_760_2075,s4_37_47,Truck (<=10000 lbs.),s4_48_64,Deployed,s2_97_208,s1_below_1,Male,s3_80_96,s4_159_169,s3_318_464,s3_80_160,s5_6_7
11421,s2_885_1695,s2_n103_99,s4_n40_7,s1_below_4282,s3_3_4,s1_below_2001,s3_2075_3730,s4_37_47,Truck (<=6000 lbs.),s2_11_28,Deployed,s2_97_208,s1_below_1,Male,s2_37_80,s3_141_159,s2_164_318,s4_160_220,s2_2_4
11422,s2_885_1695,s2_n103_99,s4_n40_7,s1_below_4282,s2_2_3,s4_2005_2007,s2_760_2075,s4_37_47,Passenger Car,s3_28_48,Deployed,s2_97_208,s1_below_1,Female,s2_37_80,s3_141_159,s2_164_318,s3_80_160,s2_2_4
11423,s2_885_1695,s2_n103_99,s3_n81_n40,s1_below_4282,s1_below_2,s3_2003_2005,s2_760_2075,s5_47_57,Passenger Car,s3_28_48,Deployed,s2_97_208,s1_below_1,Female,s2_37_80,s3_141_159,s2_164_318,s3_80_160,s2_2_4
11424,s2_885_1695,s2_n103_99,s4_n40_7,s1_below_4282,s1_below_2,s3_2003_2005,s2_760_2075,s5_47_57,Passenger Car,s3_28_48,Deployed,s2_97_208,s1_below_1,Male,s3_80_96,s3_141_159,s2_164_318,s3_80_160,s2_2_4
11425,s3_1695_2555,s2_n103_99,s4_n40_7,s1_below_4282,s1_below_2,s2_2001_2003,s2_760_2075,s5_47_57,Truck (<=10000 lbs.),s6_76_up,Not Deployed,s2_97_208,s3_2_3,Male,s3_80_96,s4_159_169,s2_164_318,s2_40_80,s3_4_5
11426,s3_1695_2555,s2_n103_99,s4_n40_7,s1_below_4282,s2_2_3,s3_2003_2005,s2_760_2075,s5_47_57,Passenger Car,s3_28_48,Deployed,s2_97_208,s1_below_1,Female,s2_37_80,s3_141_159,s2_164_318,s3_80_160,s2_2_4
11427,s3_1695_2555,s2_n103_99,s4_n40_7,s1_below_4282,s1_below_2,s2_2001_2003,s2_760_2075,s4_37_47,Truck (<=6000 lbs.),s3_28_48,Not Deployed,s2_97_208,s1_below_1,Male,s3_80_96,s3_141_159,s2_164_318,s3_80_160,s2_2_4
11428,s3_1695_2555,s2_n103_99,s4_n40_7,s1_below_4282,s1_below_2,s2_2001_2003,s2_760_2075,s4_37_47,Truck (<=6000 lbs.),s3_28_48,Not Deployed,s2_97_208,s1_below_1,Female,s2_37_80,s4_159_169,s2_164_318,s3_80_160,s3_4_5
11429,s3_1695_2555,s2_n103_99,s4_n40_7,s1_below_4282,s3_3_4,s2_2001_2003,s2_760_2075,s3_17_37,Truck (<=10000 lbs.),s3_28_48,Not Deployed,s2_97_208,s1_below_1,Male,s2_37_80,s4_159_169,s2_164_318,s3_80_160,s3_4_5
11430,s3_1695_2555,s2_n103_99,s4_n40_7,s1_below_4282,s4_4_5,s4_2005_2007,s2_760_2075,s4_37_47,Truck (<=6000 lbs.),s2_11_28,Not Deployed,s2_97_208,s1_below_1,Male,s2_37_80,s3_141_159,s2_164_318,s4_160_220,s2_2_4
11431,s3_1695_2555,s2_n103_99,s4_n40_7,s1_below_4282,s4_4_5,s1_below_2001,s2_760_2075,s3_17_37,Truck (<=10000 lbs.),s3_28_48,Not Deployed,s2_97_208,s1_below_1,Female,s2_37_80,s3_141_159,s2_164_318,s3_80_160,s2_2_4
11432,s2_885_1695,s2_n103_99,s4_n40_7,s1_below_4282,s2_2_3,s1_below_2001,s2_760_2075,s4_37_47,Passenger Car,s3_28_48,Deployed,s2_97_208,s1_below_1,Female,s2_37_80,s3_141_159,s2_164_318,s3_80_160,s2_2_4
11433,s2_885_1695,s2_n103_99,s4_n40_7,s1_below_4282,s3_3_4,s1_below_2001,s3_2075_3730,s3_17_37,Passenger Car,s2_11_28,Not Deployed,s2_97_208,s1_below_1,Male,s2_37_80,s3_141_159,s2_164_318,s4_160_220,s2_2_4
11434,s2_885_1695,s2_n103_99,s4_n40_7,s1_below_4282,s4_4_5,s3_2003_2005,s2_760_2075,s4_37_47,Passenger Car,s3_28_48,Not Deployed,s2_97_208,s1_below_1,Female,s2_37_80,s3_141_159,s2_164_318,s4_160_220,s2_2_4
11435,s2_885_1695,s2_n103_99,s4_n40_7,s1_below_4282,s4_4_5,s2_2001_2003,s2_760_2075,s4_37_47,Passenger Car,s2_11_28,Deployed,s2_97_208,s1_below_1,Male,s2_37_80,s3_141_159,s2_164_318,s3_80_160,s2_2_4
11436,s2_885_1695,s2_n103_99,s4_n40_7,s1_below_4282,s3_3_4,s2_2001_2003,s3_2075_3730,s3_17_37,Passenger Car,s2_11_28,Deployed,s2_97_208,s2_1_2,Female,s2_37_80,s3_141_159,s2_164_318,s4_160_220,s2_2_4
11437,s3_1695_2555,s2_n103_99,s4_n40_7,s1_below_4282,s4_4_5,s1_below_2001,s3_2075_3730,s6_57_up,Truck (<=10000 lbs.),s4_48_64,Deployed,s2_97_208,s2_1_2,Female,s3_80_96,s3_141_159,s3_318_464,s3_80_160,s3_4_5
11438,s2_885_1695,s2_n103_99,s4_n40_7,s1_below_4282,s3_3_4,s1_below_2001,s3_2075_3730,s3_17_37,Passenger Car,s3_28_48,Deployed,s2_97_208,s1_below_1,Female,s2_37_80,s3_141_159,s2_164_318,s3_80_160,s2_2_4
11439,s3_1695_2555,s2_n103_99,s4_n40_7,s1_below_4282,s1_below_2,s4_2005_2007,s2_760_2075,s6_57_up,Truck (<=10000 lbs.),s3_28_48,Not Deployed,s2_97_208,s1_below_1,Male,s3_80_96,s3_141_159,s2_164_318,s3_80_160,s2_2_4
11440,s2_885_1695,s2_n103_99,s5_7_up,s1_below_4282,s1_below_2,s2_2001_2003,s3_2075_3730,s6_57_up,Passenger Car,s2_11_28,Not Deployed,s2_97_208,s1_below_1,Female,s2_37_80,s3_141_159,s2_164_318,s6_260_up,s2_2_4
11441,s2_885_1695,s2_n103_99,s4_n40_7,s1_below_4282,s3_3_4,s3_2003_2005,s3_2075_3730,s4_37_47,Truck (<=6000 lbs.),s4_48_64,Not Deployed,s2_97_208,s1_below_1,Male,s3_80_96,s3_141_159,s2_164_318,s3_80_160,s2_2_4
11442,s2_885_1695,s2_n103_99,s4_n40_7,s1_below_4282,s3_3_4,s2_2001_2003,s2_760_2075,s4_37_47,Passenger Car,s2_11_28,Not Deployed,s2_97_208,s1_below_1,Female,s2_37_80,s3_141_159,s2_164_318,s3_80_160,s2_2_4
11443,s3_1695_2555,s2_n103_99,s4_n40_7,s1_below_4282,s4_4_5,s2_2001_2003,s2_760_2075,s4_37_47,Truck (<=10000 lbs.),s3_28_48,Not Deployed,s2_97_208,s3_2_3,Female,s4_96_114,s5_169_179,s3_318_464,s4_160_220,s4_5_6
11444,s3_1695_2555,s2_n103_99,s4_n40_7,s1_below_4282,s4_4_5,s1_below_2001,s3_2075_3730,s4_37_47,Passenger Car,s2_11_28,Deployed,s2_97_208,s1_below_1,Male,s4_96_114,s3_141_159,s2_164_318,s3_80_160,s2_2_4
11445,s4_2555_3715,s2_n103_99,s4_n40_7,s1_below_4282,s1_below_2,s3_2003_2005,s2_760_2075,s3_17_37,Truck (<=10000 lbs.),s3_28_48,Deployed,s2_97_208,s1_below_1,Male,s3_80_96,s5_169_179,s3_318_464,s3_80_160,s5_6_7
11446,s2_885_1695,s2_n103_99,s4_n40_7,s1_below_4282,s3_3_4,s3_2003_2005,s3_2075_3730,s4_37_47,Passenger Car,s4_48_64,Deployed,s2_97_208,s3_2_3,Male,s3_80_96,s3_141_159,s2_164_318,s3_80_160,s2_2_4
11447,s3_1695_2555,s2_n103_99,s4_n40_7,s1_below_4282,s3_3_4,s4_2005_2007,s2_760_2075,s4_37_47,Truck (<=10000 lbs.),s3_28_48,Deployed,s2_97_208,s1_below_1,Male,s3_80_96,s5_169_179,s3_318_464,s4_160_220,s4_5_6
11448,s3_1695_2555,s2_n103_99,s4_n40_7,s1_below_4282,s3_3_4,s1_below_2001,s3_2075_3730,s3_17_37,Truck (<=10000 lbs.),s4_48_64,Deployed,s2_97_208,s1_below_1,Male,s3_80_96,s4_159_169,s3_318_464,s3_80_160,s4_5_6
11449,s3_1695_2555,s2_n103_99,s5_7_up,s1_below_4282,s3_3_4,s4_2005_2007,s3_2075_3730,s3_17_37,Truck (<=10000 lbs.),s2_11_28,Not Deployed,s2_97_208,s1_below_1,Male,s2_37_80,s4_159_169,s3_318_464,s6_260_up,s4_5_6
11450,s3_1695_2555,s2_n103_99,s4_n40_7,s1_below_4282,s2_2_3,s3_2003_2005,s2_760_2075,s4_37_47,Truck (<=10000 lbs.),s3_28_48,Not Deployed,s2_97_208,s1_below_1,Female,s2_37_80,s4_159_169,s2_164_318,s3_80_160,s3_4_5
11451,s2_885_1695,s2_n103_99,s4_n40_7,s1_below_4282,s3_3_4,s2_2001_2003,s2_760_2075,s3_17_37,Passenger Car,s5_64_76,Deployed,s2_97_208,s2_1_2,Female,s2_37_80,s3_141_159,s2_164_318,s3_80_160,s2_2_4
11452,s2_885_1695,s2_n103_99,s4_n40_7,s1_below_4282,s2_2_3,s4_2005_2007,s2_760_2075,s6_57_up,Passenger Car,s2_11_28,Not Deployed,s2_97_208,s3_2_3,Male,s3_80_96,s3_141_159,s2_164_318,s4_160_220,s2_2_4
11453,s2_885_1695,s2_n103_99,s5_7_up,s1_below_4282,s2_2_3,s4_2005_2007,s2_760_2075,s6_57_up,Passenger Car,s2_11_28,Not Deployed,s2_97_208,s1_below_1,Male,s2_37_80,s3_141_159,s2_164_318,s6_260_up,s2_2_4
11454,s3_1695_2555,s2_n103_99,s4_n40_7,s1_below_4282,s4_4_5,s1_below_2001,s2_760_2075,s3_17_37,Truck (<=6000 lbs.),s2_11_28,Deployed,s2_97_208,s1_below_1,Female,s2_37_80,s3_141_159,s2_164_318,s3_80_160,s2_2_4
11455,s4_2555_3715,s2_n103_99,s4_n40_7,s1_below_4282,s3_3_4,s2_2001_2003,s2_760_2075,s6_57_up,Truck (<=10000 lbs.),s3_28_48,Not Deployed,s2_97_208,s1_below_1,Female,s3_80_96,s5_169_179,s3_318_464,s5_220_260,s4_5_6
11456,s4_2555_3715,s2_n103_99,s4_n40_7,s1_below_4282,s2_2_3,s3_2003_2005,s3_2075_3730,s3_17_37,Truck (<=10000 lbs.),s2_11_28,Deployed,s2_97_208,s1_below_1,Male,s2_37_80,s5_169_179,s3_318_464,s3_80_160,s5_6_7
11457,s2_885_1695,s2_n103_99,s4_n40_7,s1_below_4282,s5_5_6,s1_below_2001,s2_760_2075,s4_37_47,Passenger Car,s2_11_28,Deployed,s2_97_208,s3_2_3,Female,s4_96_114,s3_141_159,s2_164_318,s3_80_160,s2_2_4
11458,s2_885_1695,s2_n103_99,s4_n40_7,s1_below_4282,s2_2_3,s1_below_2001,s2_760_2075,s6_57_up,Passenger Car,s3_28_48,Deployed,s2_97_208,s2_1_2,Male,s2_37_80,s3_141_159,s2_164_318,s3_80_160,s2_2_4
11459,s2_885_1695,s2_n103_99,s5_7_up,s1_below_4282,s2_2_3,s4_2005_2007,s2_760_2075,s6_57_up,Passenger Car,s3_28_48,Not Deployed,s2_97_208,s1_below_1,Male,s4_96_114,s3_141_159,s2_164_318,s6_260_up,s2_2_4
11460,s3_1695_2555,s2_n103_99,s5_7_up,s1_below_4282,s3_3_4,s3_2003_2005,s2_760_2075,s4_37_47,Truck (<=6000 lbs.),s3_28_48,Not Deployed,s2_97_208,s1_below_1,Male,s3_80_96,s4_159_169,s2_164_318,s6_260_up,s2_2_4
11461,s2_885_1695,s2_n103_99,s4_n40_7,s1_below_4282,s3_3_4,s2_2001_2003,s3_2075_3730,s3_17_37,Passenger Car,s2_11_28,Deployed,s2_97_208,s1_below_1,Female,s2_37_80,s3_141_159,s2_164_318,s4_160_220,s2_2_4
11462,s3_1695_2555,s2_n103_99,s4_n40_7,s1_below_4282,s4_4_5,s2_2001_2003,s2_760_2075,s4_37_47,Truck (<=10000 lbs.),s3_28_48,Deployed,s2_97_208,s1_below_1,Male,s3_80_96,s4_159_169,s2_164_318,s3_80_160,s3_4_5
11463,s3_1695_2555,s2_n103_99,s4_n40_7,s1_below_4282,s4_4_5,s2_2001_2003,s3_2075_3730,s4_37_47,Truck (<=6000 lbs.),s2_11_28,Not Deployed,s2_97_208,s1_below_1,Male,s4_96_114,s3_141_159,s2_164_318,s3_80_160,s2_2_4
11464,s3_1695_2555,s2_n103_99,s4_n40_7,s1_below_4282,s4_4_5,s2_2001_2003,s2_760_2075,s4_37_47,Truck (<=10000 lbs.),s4_48_64,Not Deployed,s2_97_208,s1_below_1,Male,s6_130_up,s3_141_159,s3_318_464,s2_40_80,s3_4_5
11465,s2_885_1695,s2_n103_99,s4_n40_7,s1_below_4282,s2_2_3,s3_2003_2005,s2_760_2075,s6_57_up,Passenger Car,s2_11_28,Not Deployed,s2_97_208,s1_below_1,Male,s4_96_114,s3_141_159,s2_164_318,s2_40_80,s2_2_4
11466,s2_885_1695,s2_n103_99,s4_n40_7,s1_below_4282,s2_2_3,s2_2001_2003,s2_760_2075,s4_37_47,Passenger Car,s3_28_48,Not Deployed,s2_97_208,s1_below_1,Female,s2_37_80,s3_141_159,s2_164_318,s3_80_160,s2_2_4
11467,s4_2555_3715,s2_n103_99,s4_n40_7,s1_below_4282,s1_below_2,s2_2001_2003,s2_760_2075,s5_47_57,Truck (<=10000 lbs.),s2_11_28,Not Deployed,s2_97_208,s1_below_1,Male,s2_37_80,s3_141_159,s2_164_318,s3_80_160,s2_2_4
11468,s2_885_1695,s2_n103_99,s4_n40_7,s1_below_4282,s1_below_2,s2_2001_2003,s2_760_2075,s3_17_37,Passenger Car,s2_11_28,Deployed,s2_97_208,s4_3_4,Female,s6_130_up,s3_141_159,s2_164_318,s3_80_160,s2_2_4
11469,s2_885_1695,s2_n103_99,s4_n40_7,s1_below_4282,s1_below_2,s4_2005_2007,s2_760_2075,s6_57_up,Truck (<=6000 lbs.),s2_11_28,Deployed,s2_97_208,s4_3_4,Male,s5_114_130,s3_141_159,s2_164_318,s3_80_160,s2_2_4
11470,s3_1695_2555,s2_n103_99,s4_n40_7,s1_below_4282,s1_below_2,s2_2001_2003,s2_760_2075,s6_57_up,Truck (<=10000 lbs.),s3_28_48,Not Deployed,s2_97_208,s1_below_1,Female,s2_37_80,s4_159_169,s2_164_318,s3_80_160,s3_4_5
11471,s2_885_1695,s2_n103_99,s4_n40_7,s1_below_4282,s1_below_2,s2_2001_2003,s3_2075_3730,s6_57_up,Passenger Car,s4_48_64,Deployed,s2_97_208,s3_2_3,Male,s2_37_80,s3_141_159,s2_164_318,s3_80_160,s2_2_4
11472,s3_1695_2555,s2_n103_99,s4_n40_7,s1_below_4282,s5_5_6,s3_2003_2005,s2_760_2075,s4_37_47,Truck (<=6000 lbs.),s2_11_28,Deployed,s2_97_208,s1_below_1,Male,s2_37_80,s4_159_169,s2_164_318,s3_80_160,s3_4_5
11473,s2_885_1695,s2_n103_99,s4_n40_7,s1_below_4282,s1_below_2,s3_2003_2005,s2_760_2075,s4_37_47,Passenger Car,s4_48_64,Not Deployed,s2_97_208,s1_below_1,Male,s3_80_96,s3_141_159,s2_164_318,s3_80_160,s2_2_4
11474,s3_1695_2555,s2_n103_99,s4_n40_7,s1_below_4282,s4_4_5,s1_below_2001,s2_760_2075,s4_37_47,Truck (<=10000 lbs.),s4_48_64,Not Deployed,s2_97_208,s1_below_1,Female,s3_80_96,s4_159_169,s2_164_318,s3_80_160,s3_4_5
11475,s2_885_1695,s2_n103_99,s4_n40_7,s1_below_4282,s4_4_5,s1_below_2001,s3_2075_3730,s4_37_47,Passenger Car,s3_28_48,Deployed,s2_97_208,s2_1_2,Female,s2_37_80,s3_141_159,s2_164_318,s3_80_160,s2_2_4
11476,s2_885_1695,s2_n103_99,s4_n40_7,s1_below_4282,s2_2_3,s1_below_2001,s2_760_2075,s3_17_37,Truck (<=6000 lbs.),s4_48_64,Not Deployed,s2_97_208,s1_below_1,Female,s2_37_80,s3_141_159,s2_164_318,s2_40_80,s2_2_4
11477,s2_885_1695,s2_n103_99,s4_n40_7,s1_below_4282,s4_4_5,s3_2003_2005,s2_760_2075,s3_17_37,Passenger Car,s4_48_64,Not Deployed,s2_97_208,s1_below_1,Female,s2_37_80,s3_141_159,s2_164_318,s3_80_160,s2_2_4
11478,s3_1695_2555,s2_n103_99,s4_n40_7,s1_below_4282,s1_below_2,s3_2003_2005,s2_760_2075,s3_17_37,Truck (<=10000 lbs.),s3_28_48,Not Deployed,s2_97_208,s1_below_1,Female,s2_37_80,s3_141_159,s3_318_464,s3_80_160,s3_4_5
11479,s3_1695_2555,s2_n103_99,s5_7_up,s1_below_4282,s4_4_5,s3_2003_2005,s2_760_2075,s4_37_47,Truck (<=10000 lbs.),s3_28_48,Not Deployed,s2_97_208,s1_below_1,Male,s5_114_130,s5_169_179,s3_318_464,s6_260_up,s4_5_6
11480,s2_885_1695,s2_n103_99,s4_n40_7,s1_below_4282,s1_below_2,s3_2003_2005,s2_760_2075,s3_17_37,Passenger Car,s2_11_28,Not Deployed,s2_97_208,s1_below_1,Female,s2_37_80,s3_141_159,s2_164_318,s3_80_160,s2_2_4
11481,s3_1695_2555,s2_n103_99,s4_n40_7,s1_below_4282,s1_below_2,s2_2001_2003,s2_760_2075,s3_17_37,Truck (<=10000 lbs.),s5_64_76,Not Deployed,s2_97_208,s1_below_1,Female,s2_37_80,s4_159_169,s3_318_464,s4_160_220,s4_5_6
11482,s2_885_1695,s2_n103_99,s4_n40_7,s1_below_4282,s3_3_4,s2_2001_2003,s2_760_2075,s6_57_up,Passenger Car,s4_48_64,Deployed,s2_97_208,s2_1_2,Female,s2_37_80,s3_141_159,s2_164_318,s3_80_160,s2_2_4
11483,s2_885_1695,s2_n103_99,s4_n40_7,s1_below_4282,s1_below_2,s3_2003_2005,s3_2075_3730,s4_37_47,Passenger Car,s2_11_28,Not Deployed,s2_97_208,s2_1_2,Female,s2_37_80,s3_141_159,s2_164_318,s2_40_80,s2_2_4
11484,s2_885_1695,s2_n103_99,s4_n40_7,s1_below_4282,s4_4_5,s2_2001_2003,s3_2075_3730,s4_37_47,Passenger Car,s2_11_28,Not Deployed,s2_97_208,s1_below_1,Female,s2_37_80,s3_141_159,s2_164_318,s3_80_160,s2_2_4
11485,s2_885_1695,s2_n103_99,s3_n81_n40,s1_below_4282,s1_below_2,s1_below_2001,s3_2075_3730,s5_47_57,Truck (<=6000 lbs.),s4_48_64,Deployed,s2_97_208,s2_1_2,Female,s2_37_80,s2_116_141,s2_164_318,s3_80_160,s2_2_4
11486,s4_2555_3715,s2_n103_99,s4_n40_7,s1_below_4282,s1_below_2,s2_2001_2003,s2_760_2075,s5_47_57,Truck (<=10000 lbs.),s4_48_64,Deployed,s2_97_208,s1_below_1,Male,s4_96_114,s5_169_179,s3_318_464,s3_80_160,s4_5_6
11487,s2_885_1695,s2_n103_99,s4_n40_7,s1_below_4282,s1_below_2,s3_2003_2005,s2_760_2075,s4_37_47,Passenger Car,s2_11_28,Not Deployed,s2_97_208,s1_below_1,Female,s2_37_80,s3_141_159,s2_164_318,s3_80_160,s2_2_4
11488,s2_885_1695,s2_n103_99,s4_n40_7,s1_below_4282,s5_5_6,s1_below_2001,s2_760_2075,s5_47_57,Passenger Car,s5_64_76,Not Deployed,s2_97_208,s1_below_1,Male,s2_37_80,s3_141_159,s2_164_318,s4_160_220,s2_2_4
11489,s4_2555_3715,s2_n103_99,s4_n40_7,s1_below_4282,s1_below_2,s3_2003_2005,s3_2075_3730,s5_47_57,Truck (<=10000 lbs.),s5_64_76,Deployed,s2_97_208,s1_below_1,Male,s2_37_80,s5_169_179,s3_318_464,s4_160_220,s5_6_7
11490,s3_1695_2555,s2_n103_99,s3_n81_n40,s1_below_4282,s1_below_2,s3_2003_2005,s3_2075_3730,s5_47_57,Truck (<=10000 lbs.),s3_28_48,Deployed,s2_97_208,s3_2_3,Male,s3_80_96,s5_169_179,s3_318_464,s3_80_160,s4_5_6
11491,s3_1695_2555,s2_n103_99,s4_n40_7,s1_below_4282,s1_below_2,s3_2003_2005,s2_760_2075,s6_57_up,Truck (<=10000 lbs.),s2_11_28,Not Deployed,s2_97_208,s1_below_1,Male,s3_80_96,s4_159_169,s3_318_464,s3_80_160,s4_5_6
11492,s2_885_1695,s2_n103_99,s4_n40_7,s1_below_4282,s1_below_2,s1_below_2001,s2_760_2075,s5_47_57,Passenger Car,s2_11_28,Not Deployed,s2_97_208,s2_1_2,Female,s2_37_80,s3_141_159,s2_164_318,s3_80_160,s2_2_4
11493,s3_1695_2555,s2_n103_99,s4_n40_7,s1_below_4282,s4_4_5,s3_2003_2005,s2_760_2075,s5_47_57,Truck (<=6000 lbs.),s3_28_48,Not Deployed,s2_97_208,s1_below_1,Female,s2_37_80,s3_141_159,s2_164_318,s3_80_160,s2_2_4
11494,s2_885_1695,s2_n103_99,s4_n40_7,s1_below_4282,s3_3_4,s4_2005_2007,s2_760_2075,s3_17_37,Passenger Car,s3_28_48,Not Deployed,s2_97_208,s1_below_1,Female,s2_37_80,s3_141_159,s2_164_318,s4_160_220,s2_2_4
11495,s2_885_1695,s2_n103_99,s4_n40_7,s1_below_4282,s2_2_3,s1_below_2001,s2_760_2075,s3_17_37,Passenger Car,s5_64_76,Not Deployed,s2_97_208,s1_below_1,Female,s2_37_80,s3_141_159,s2_164_318,s4_160_220,s2_2_4
11496,s2_885_1695,s2_n103_99,s4_n40_7,s1_below_4282,s2_2_3,s1_below_2001,s2_760_2075,s3_17_37,Passenger Car,s2_11_28,Deployed,s2_97_208,s1_below_1,Female,s2_37_80,s3_141_159,s2_164_318,s3_80_160,s2_2_4
11497,s3_1695_2555,s2_n103_99,s4_n40_7,s1_below_4282,s4_4_5,s2_2001_2003,s2_760_2075,s3_17_37,Truck (<=6000 lbs.),s6_76_up,Deployed,s2_97_208,s2_1_2,Female,s3_80_96,s4_159_169,s2_164_318,s4_160_220,s3_4_5
11498,s3_1695_2555,s2_n103_99,s4_n40_7,s1_below_4282,s4_4_5,s4_2005_2007,s2_760_2075,s3_17_37,Passenger Car,s3_28_48,Deployed,s2_97_208,s1_below_1,Female,s2_37_80,s4_159_169,s2_164_318,s3_80_160,s2_2_4
11499,s3_1695_2555,s2_n103_99,s4_n40_7,s1_below_4282,s2_2_3,s2_2001_2003,s2_760_2075,s6_57_up,Truck (<=10000 lbs.),s3_28_48,Not Deployed,s2_97_208,s1_below_1,Male,s3_80_96,s5_169_179,s3_318_464,s3_80_160,s4_5_6
11500,s3_1695_2555,s2_n103_99,s4_n40_7,s1_below_4282,s5_5_6,s4_2005_2007,s3_2075_3730,s3_17_37,Passenger Car,s3_28_48,Not Deployed,s2_97_208,s1_below_1,Male,s4_96_114,s4_159_169,s2_164_318,s4_160_220,s2_2_4
11501,s4_2555_3715,s2_n103_99,s5_7_up,s1_below_4282,s4_4_5,s2_2001_2003,s2_760_2075,s3_17_37,Truck (<=10000 lbs.),s3_28_48,Not Deployed,s2_97_208,s1_below_1,Male,s3_80_96,s5_169_179,s3_318_464,s3_80_160,s5_6_7
11502,s2_885_1695,s2_n103_99,s4_n40_7,s1_below_4282,s4_4_5,s3_2003_2005,s3_2075_3730,s5_47_57,Truck (<=6000 lbs.),s2_11_28,Deployed,s2_97_208,s3_2_3,Male,s3_80_96,s3_141_159,s2_164_318,s4_160_220,s2_2_4
11503,s2_885_1695,s2_n103_99,s4_n40_7,s1_below_4282,s4_4_5,s2_2001_2003,s2_760_2075,s4_37_47,Passenger Car,s6_76_up,Deployed,s2_97_208,s2_1_2,Female,s3_80_96,s3_141_159,s2_164_318,s3_80_160,s2_2_4
11504,s2_885_1695,s2_n103_99,s4_n40_7,s1_below_4282,s2_2_3,s2_2001_2003,s2_760_2075,s4_37_47,Truck (<=6000 lbs.),s5_64_76,Deployed,s2_97_208,s1_below_1,Male,s3_80_96,s3_141_159,s2_164_318,s3_80_160,s2_2_4
11505,s2_885_1695,s2_n103_99,s3_n81_n40,s1_below_4282,s4_4_5,s1_below_2001,s2_760_2075,s4_37_47,Passenger Car,s2_11_28,Not Deployed,s2_97_208,s1_below_1,Female,s3_80_96,s2_116_141,s2_164_318,s3_80_160,s2_2_4
11506,s2_885_1695,s2_n103_99,s4_n40_7,s1_below_4282,s1_below_2,s4_2005_2007,s2_760_2075,s4_37_47,Truck (<=6000 lbs.),s5_64_76,Deployed,s2_97_208,s2_1_2,Male,s2_37_80,s3_141_159,s2_164_318,s4_160_220,s2_2_4
11507,s2_885_1695,s2_n103_99,s4_n40_7,s1_below_4282,s1_below_2,s4_2005_2007,s2_760_2075,s3_17_37,Truck (<=6000 lbs.),s2_11_28,Not Deployed,s2_97_208,s1_below_1,Female,s3_80_96,s3_141_159,s2_164_318,s4_160_220,s2_2_4
11508,s2_885_1695,s2_n103_99,s4_n40_7,s1_below_4282,s4_4_5,s2_2001_2003,s2_760_2075,s3_17_37,Passenger Car,s2_11_28,Not Deployed,s2_97_208,s1_below_1,Female,s2_37_80,s3_141_159,s2_164_318,s3_80_160,s2_2_4
11509,s2_885_1695,s2_n103_99,s2_n112_n81,s1_below_4282,s1_below_2,s2_2001_2003,s2_760_2075,s1_below_7,Passenger Car,s3_28_48,Deployed,s2_97_208,s5_4_5,Female,s2_37_80,s3_141_159,s2_164_318,s2_40_80,s2_2_4
11510,s2_885_1695,s2_n103_99,s5_7_up,s1_below_4282,s1_below_2,s4_2005_2007,s2_760_2075,s6_57_up,Truck (<=6000 lbs.),s2_11_28,Not Deployed,s2_97_208,s1_below_1,Female,s2_37_80,s3_141_159,s2_164_318,s6_260_up,s2_2_4
11511,s2_885_1695,s2_n103_99,s4_n40_7,s1_below_4282,s1_below_2,s1_below_2001,s2_760_2075,s6_57_up,Passenger Car,s2_11_28,Not Deployed,s2_97_208,s3_2_3,Female,s2_37_80,s3_141_159,s2_164_318,s3_80_160,s2_2_4
11512,s2_885_1695,s2_n103_99,s4_n40_7,s1_below_4282,s3_3_4,s4_2005_2007,s2_760_2075,s3_17_37,Truck (<=6000 lbs.),s2_11_28,Not Deployed,s2_97_208,s1_below_1,Female,s2_37_80,s3_141_159,s2_164_318,s4_160_220,s2_2_4
11513,s2_885_1695,s2_n103_99,s4_n40_7,s1_below_4282,s3_3_4,s1_below_2001,s2_760_2075,s3_17_37,Passenger Car,s2_11_28,Deployed,s2_97_208,s4_3_4,Male,s3_80_96,s2_116_141,s2_164_318,s3_80_160,s2_2_4
11514,s3_1695_2555,s2_n103_99,s4_n40_7,s1_below_4282,s1_below_2,s4_2005_2007,s2_760_2075,s3_17_37,Truck (<=6000 lbs.),s3_28_48,Not Deployed,s2_97_208,s1_below_1,Male,s3_80_96,s4_159_169,s2_164_318,s2_40_80,s3_4_5
11515,s3_1695_2555,s2_n103_99,s4_n40_7,s1_below_4282,s1_below_2,s2_2001_2003,s3_2075_3730,s6_57_up,Truck (<=6000 lbs.),s4_48_64,Not Deployed,s2_97_208,s1_below_1,Male,s2_37_80,s3_141_159,s2_164_318,s3_80_160,s3_4_5
11516,s2_885_1695,s2_n103_99,s3_n81_n40,s1_below_4282,s1_below_2,s1_below_2001,s2_760_2075,s6_57_up,Truck (<=6000 lbs.),s4_48_64,Deployed,s2_97_208,s2_1_2,Female,s2_37_80,s3_141_159,s2_164_318,s3_80_160,s2_2_4
11517,s2_885_1695,s2_n103_99,s4_n40_7,s1_below_4282,s4_4_5,s2_2001_2003,s2_760_2075,s3_17_37,Passenger Car,s3_28_48,Deployed,s2_97_208,s1_below_1,Male,s3_80_96,s3_141_159,s2_164_318,s3_80_160,s2_2_4
11518,s2_885_1695,s2_n103_99,s4_n40_7,s1_below_4282,s4_4_5,s2_2001_2003,s2_760_2075,s3_17_37,Passenger Car,s2_11_28,Deployed,s2_97_208,s1_below_1,Male,s2_37_80,s3_141_159,s2_164_318,s4_160_220,s2_2_4
11519,s2_885_1695,s2_n103_99,s4_n40_7,s1_below_4282,s2_2_3,s1_below_2001,s2_760_2075,s4_37_47,Passenger Car,s3_28_48,Not Deployed,s2_97_208,s1_below_1,Female,s3_80_96,s3_141_159,s2_164_318,s4_160_220,s2_2_4
11520,s2_885_1695,s2_n103_99,s4_n40_7,s1_below_4282,s1_below_2,s4_2005_2007,s2_760_2075,s5_47_57,Passenger Car,s2_11_28,Not Deployed,s2_97_208,s1_below_1,Female,s2_37_80,s3_141_159,s2_164_318,s2_40_80,s2_2_4
11521,s2_885_1695,s2_n103_99,s4_n40_7,s1_below_4282,s5_5_6,s3_2003_2005,s2_760_2075,s4_37_47,Passenger Car,s4_48_64,Deployed,s2_97_208,s1_below_1,Female,s2_37_80,s3_141_159,s2_164_318,s3_80_160,s2_2_4
11522,s2_885_1695,s2_n103_99,s4_n40_7,s1_below_4282,s4_4_5,s2_2001_2003,s2_760_2075,s4_37_47,Passenger Car,s2_11_28,Deployed,s2_97_208,s1_below_1,Male,s2_37_80,s3_141_159,s2_164_318,s4_160_220,s2_2_4
11523,s3_1695_2555,s2_n103_99,s4_n40_7,s1_below_4282,s4_4_5,s1_below_2001,s2_760_2075,s4_37_47,Truck (<=6000 lbs.),s2_11_28,Deployed,s2_97_208,s2_1_2,Male,s3_80_96,s3_141_159,s2_164_318,s3_80_160,s2_2_4
11524,s3_1695_2555,s2_n103_99,s5_7_up,s1_below_4282,s4_4_5,s1_below_2001,s3_2075_3730,s3_17_37,Truck (<=6000 lbs.),s6_76_up,Not Deployed,s2_97_208,s1_below_1,Male,s2_37_80,s4_159_169,s2_164_318,s6_260_up,s3_4_5
11525,s3_1695_2555,s2_n103_99,s3_n81_n40,s1_below_4282,s1_below_2,s1_below_2001,s2_760_2075,s4_37_47,Truck (<=10000 lbs.),s3_28_48,Deployed,s2_97_208,s1_below_1,Female,s2_37_80,s4_159_169,s2_164_318,s3_80_160,s3_4_5
11526,s3_1695_2555,s2_n103_99,s4_n40_7,s1_below_4282,s1_below_2,s1_below_2001,s3_2075_3730,s5_47_57,Truck (<=10000 lbs.),s3_28_48,Deployed,s2_97_208,s1_below_1,Female,s2_37_80,s4_159_169,s3_318_464,s4_160_220,s4_5_6
11527,s3_1695_2555,s2_n103_99,s4_n40_7,s1_below_4282,s1_below_2,s1_below_2001,s3_2075_3730,s5_47_57,Truck (<=6000 lbs.),s3_28_48,Deployed,s2_97_208,s1_below_1,Male,s3_80_96,s4_159_169,s2_164_318,s3_80_160,s3_4_5
11528,s3_1695_2555,s2_n103_99,s4_n40_7,s1_below_4282,s4_4_5,s4_2005_2007,s2_760_2075,s3_17_37,Truck (<=10000 lbs.),s4_48_64,Not Deployed,s2_97_208,s1_below_1,Male,s4_96_114,s3_141_159,s3_318_464,s3_80_160,s3_4_5
11529,s2_885_1695,s2_n103_99,s3_n81_n40,s1_below_4282,s1_below_2,s1_below_2001,s3_2075_3730,s4_37_47,Passenger Car,s3_28_48,Deployed,s2_97_208,s2_1_2,Male,s3_80_96,s3_141_159,s2_164_318,s3_80_160,s2_2_4
11530,s2_885_1695,s2_n103_99,s4_n40_7,s1_below_4282,s4_4_5,s1_below_2001,s2_760_2075,s4_37_47,Truck (<=6000 lbs.),s4_48_64,Deployed,s2_97_208,s1_below_1,Male,s3_80_96,s3_141_159,s2_164_318,s3_80_160,s2_2_4
11531,s2_885_1695,s2_n103_99,s4_n40_7,s1_below_4282,s1_below_2,s4_2005_2007,s2_760_2075,s3_17_37,Passenger Car,s5_64_76,Deployed,s2_97_208,s1_below_1,Female,s3_80_96,s3_141_159,s2_164_318,s3_80_160,s2_2_4
11532,s2_885_1695,s2_n103_99,s4_n40_7,s1_below_4282,s5_5_6,s2_2001_2003,s2_760_2075,s3_17_37,Passenger Car,s2_11_28,Not Deployed,s2_97_208,s1_below_1,Male,s3_80_96,s3_141_159,s2_164_318,s4_160_220,s2_2_4
11533,s2_885_1695,s2_n103_99,s5_7_up,s1_below_4282,s1_below_2,s2_2001_2003,s2_760_2075,s6_57_up,Passenger Car,s3_28_48,Not Deployed,s2_97_208,s1_below_1,Male,s3_80_96,s3_141_159,s2_164_318,s6_260_up,s2_2_4
11534,s3_1695_2555,s2_n103_99,s4_n40_7,s1_below_4282,s4_4_5,s2_2001_2003,s2_760_2075,s3_17_37,Truck (<=6000 lbs.),s4_48_64,Not Deployed,s2_97_208,s1_below_1,Male,s3_80_96,s4_159_169,s2_164_318,s4_160_220,s3_4_5
11535,s2_885_1695,s2_n103_99,s4_n40_7,s1_below_4282,s3_3_4,s2_2001_2003,s3_2075_3730,s3_17_37,Passenger Car,s2_11_28,Not Deployed,s2_97_208,s1_below_1,Male,s2_37_80,s3_141_159,s2_164_318,s3_80_160,s2_2_4
11536,s2_885_1695,s2_n103_99,s3_n81_n40,s1_below_4282,s3_3_4,s1_below_2001,s2_760_2075,s3_17_37,Truck (<=6000 lbs.),s5_64_76,Deployed,s2_97_208,s1_below_1,Male,s2_37_80,s2_116_141,s2_164_318,s3_80_160,s2_2_4
11537,s2_885_1695,s2_n103_99,s4_n40_7,s1_below_4282,s4_4_5,s1_below_2001,s2_760_2075,s3_17_37,Truck (<=6000 lbs.),s3_28_48,Deployed,s2_97_208,s3_2_3,Male,s4_96_114,s3_141_159,s3_318_464,s3_80_160,s2_2_4
11538,s2_885_1695,s2_n103_99,s3_n81_n40,s1_below_4282,s4_4_5,s1_below_2001,s2_760_2075,s5_47_57,Passenger Car,s2_11_28,Deployed,s2_97_208,s1_below_1,Male,s3_80_96,s3_141_159,s2_164_318,s4_160_220,s2_2_4
11539,s3_1695_2555,s2_n103_99,s4_n40_7,s1_below_4282,s6_6_up,s1_below_2001,s2_760_2075,s4_37_47,Truck (<=10000 lbs.),s3_28_48,Not Deployed,s2_97_208,s1_below_1,Male,s3_80_96,s4_159_169,s3_318_464,s3_80_160,s4_5_6
11540,s3_1695_2555,s2_n103_99,s4_n40_7,s1_below_4282,s4_4_5,s3_2003_2005,s2_760_2075,s3_17_37,Truck (<=10000 lbs.),s3_28_48,Deployed,s2_97_208,s1_below_1,Male,s6_130_up,s5_169_179,s3_318_464,s4_160_220,s4_5_6
11541,s2_885_1695,s2_n103_99,s4_n40_7,s1_below_4282,s4_4_5,s2_2001_2003,s3_2075_3730,s3_17_37,Passenger Car,s4_48_64,Deployed,s2_97_208,s5_4_5,Female,s3_80_96,s3_141_159,s2_164_318,s2_40_80,s2_2_4
11542,s2_885_1695,s2_n103_99,s4_n40_7,s1_below_4282,s3_3_4,s1_below_2001,s2_760_2075,s3_17_37,Passenger Car,s2_11_28,Not Deployed,s2_97_208,s3_2_3,Female,s2_37_80,s3_141_159,s2_164_318,s2_40_80,s2_2_4
11543,s3_1695_2555,s2_n103_99,s4_n40_7,s1_below_4282,s4_4_5,s1_below_2001,s2_760_2075,s3_17_37,Truck (<=10000 lbs.),s2_11_28,Deployed,s2_97_208,s2_1_2,Female,s2_37_80,s5_169_179,s3_318_464,s3_80_160,s4_5_6
11544,s2_885_1695,s2_n103_99,s4_n40_7,s1_below_4282,s6_6_up,s1_below_2001,s2_760_2075,s3_17_37,Passenger Car,s4_48_64,Deployed,s2_97_208,s1_below_1,Female,s2_37_80,s3_141_159,s2_164_318,s3_80_160,s2_2_4
11545,s3_1695_2555,s2_n103_99,s4_n40_7,s1_below_4282,s4_4_5,s3_2003_2005,s3_2075_3730,s4_37_47,Truck (<=6000 lbs.),s4_48_64,Deployed,s2_97_208,s1_below_1,Female,s2_37_80,s5_169_179,s2_164_318,s3_80_160,s4_5_6
11546,s2_885_1695,s2_n103_99,s4_n40_7,s1_below_4282,s5_5_6,s2_2001_2003,s2_760_2075,s3_17_37,Passenger Car,s2_11_28,Deployed,s2_97_208,s1_below_1,Female,s2_37_80,s3_141_159,s2_164_318,s3_80_160,s2_2_4
11547,s2_885_1695,s2_n103_99,s5_7_up,s1_below_4282,s5_5_6,s4_2005_2007,s2_760_2075,s3_17_37,Passenger Car,s3_28_48,Deployed,s2_97_208,s1_below_1,Female,s2_37_80,s3_141_159,s2_164_318,s6_260_up,s2_2_4
11548,s2_885_1695,s2_n103_99,s4_n40_7,s1_below_4282,s5_5_6,s2_2001_2003,s2_760_2075,s3_17_37,Passenger Car,s2_11_28,Deployed,s2_97_208,s1_below_1,Male,s2_37_80,s3_141_159,s2_164_318,s4_160_220,s2_2_4
11549,s2_885_1695,s2_n103_99,s3_n81_n40,s1_below_4282,s6_6_up,s4_2005_2007,s2_760_2075,s3_17_37,Passenger Car,s2_11_28,Deployed,s2_97_208,s1_below_1,Female,s2_37_80,s3_141_159,s2_164_318,s3_80_160,s2_2_4
11550,s2_885_1695,s2_n103_99,s4_n40_7,s1_below_4282,s1_below_2,s3_2003_2005,s2_760_2075,s3_17_37,Truck (<=6000 lbs.),s2_11_28,Not Deployed,s2_97_208,s1_below_1,Male,s3_80_96,s3_141_159,s2_164_318,s2_40_80,s2_2_4
11551,s3_1695_2555,s2_n103_99,s4_n40_7,s1_below_4282,s6_6_up,s3_2003_2005,s2_760_2075,s3_17_37,Passenger Car,s4_48_64,Not Deployed,s2_97_208,s1_below_1,Female,s2_37_80,s3_141_159,s2_164_318,s4_160_220,s3_4_5
11552,s2_885_1695,s2_n103_99,s4_n40_7,s1_below_4282,s4_4_5,s2_2001_2003,s2_760_2075,s3_17_37,Passenger Car,s3_28_48,Not Deployed,s2_97_208,s1_below_1,Female,s2_37_80,s3_141_159,s2_164_318,s2_40_80,s2_2_4
11553,s3_1695_2555,s2_n103_99,s4_n40_7,s1_below_4282,s1_below_2,s2_2001_2003,s2_760_2075,s4_37_47,Truck (<=6000 lbs.),s3_28_48,Deployed,s2_97_208,s3_2_3,Female,s2_37_80,s3_141_159,s2_164_318,s3_80_160,s2_2_4
11554,s2_885_1695,s2_n103_99,s4_n40_7,s1_below_4282,s4_4_5,s2_2001_2003,s2_760_2075,s3_17_37,Passenger Car,s3_28_48,Deployed,s2_97_208,s2_1_2,Female,s2_37_80,s3_141_159,s2_164_318,s3_80_160,s2_2_4
11555,s2_885_1695,s2_n103_99,s4_n40_7,s1_below_4282,s4_4_5,s4_2005_2007,s2_760_2075,s3_17_37,Passenger Car,s4_48_64,Deployed,s2_97_208,s2_1_2,Male,s3_80_96,s3_141_159,s2_164_318,s3_80_160,s2_2_4
11556,s2_885_1695,s2_n103_99,s4_n40_7,s1_below_4282,s4_4_5,s2_2001_2003,s2_760_2075,s3_17_37,Passenger Car,s3_28_48,Not Deployed,s2_97_208,s1_below_1,Male,s4_96_114,s3_141_159,s2_164_318,s3_80_160,s2_2_4
11557,s2_885_1695,s2_n103_99,s4_n40_7,s1_below_4282,s4_4_5,s3_2003_2005,s3_2075_3730,s3_17_37,Passenger Car,s3_28_48,Not Deployed,s2_97_208,s3_2_3,Female,s2_37_80,s3_141_159,s2_164_318,s2_40_80,s2_2_4
11558,s2_885_1695,s2_n103_99,s4_n40_7,s1_below_4282,s4_4_5,s1_below_2001,s2_760_2075,s3_17_37,Passenger Car,s3_28_48,Not Deployed,s2_97_208,s1_below_1,Female,s2_37_80,s3_141_159,s2_164_318,s4_160_220,s2_2_4
11559,s2_885_1695,s2_n103_99,s4_n40_7,s1_below_4282,s4_4_5,s4_2005_2007,s2_760_2075,s6_57_up,Passenger Car,s3_28_48,Deployed,s2_97_208,s1_below_1,Male,s3_80_96,s3_141_159,s2_164_318,s3_80_160,s2_2_4
11560,s3_1695_2555,s2_n103_99,s4_n40_7,s1_below_4282,s4_4_5,s3_2003_2005,s2_760_2075,s6_57_up,Passenger Car,s5_64_76,Deployed,s2_97_208,s1_below_1,Male,s2_37_80,s3_141_159,s2_164_318,s4_160_220,s2_2_4
11561,s2_885_1695,s2_n103_99,s4_n40_7,s1_below_4282,s3_3_4,s3_2003_2005,s2_760_2075,s3_17_37,Passenger Car,s2_11_28,Deployed,s2_97_208,s1_below_1,Female,s2_37_80,s3_141_159,s2_164_318,s4_160_220,s2_2_4
11562,s2_885_1695,s2_n103_99,s4_n40_7,s1_below_4282,s3_3_4,s3_2003_2005,s2_760_2075,s3_17_37,Passenger Car,s2_11_28,Deployed,s2_97_208,s1_below_1,Male,s2_37_80,s3_141_159,s2_164_318,s3_80_160,s2_2_4
11563,s3_1695_2555,s2_n103_99,s4_n40_7,s1_below_4282,s6_6_up,s3_2003_2005,s3_2075_3730,s3_17_37,Truck (<=6000 lbs.),s2_11_28,Deployed,s2_97_208,s5_4_5,Female,s2_37_80,s3_141_159,s2_164_318,s3_80_160,s2_2_4
11564,s2_885_1695,s2_n103_99,s3_n81_n40,s1_below_4282,s4_4_5,s2_2001_2003,s2_760_2075,s4_37_47,Passenger Car,s2_11_28,Deployed,s2_97_208,s2_1_2,Male,s3_80_96,s3_141_159,s2_164_318,s3_80_160,s2_2_4
11565,s2_885_1695,s2_n103_99,s3_n81_n40,s1_below_4282,s3_3_4,s3_2003_2005,s2_760_2075,s3_17_37,Passenger Car,s2_11_28,Deployed,s2_97_208,s1_below_1,Male,s2_37_80,s3_141_159,s2_164_318,s3_80_160,s2_2_4
11566,s3_1695_2555,s2_n103_99,s4_n40_7,s1_below_4282,s4_4_5,s2_2001_2003,s3_2075_3730,s4_37_47,Truck (<=6000 lbs.),s2_11_28,Not Deployed,s2_97_208,s1_below_1,Female,s2_37_80,s3_141_159,s2_164_318,s4_160_220,s2_2_4
11567,s2_885_1695,s2_n103_99,s4_n40_7,s1_below_4282,s1_below_2,s2_2001_2003,s2_760_2075,s3_17_37,Passenger Car,s2_11_28,Deployed,s2_97_208,s1_below_1,Male,s2_37_80,s3_141_159,s2_164_318,s3_80_160,s2_2_4
11568,s2_885_1695,s2_n103_99,s4_n40_7,s1_below_4282,s4_4_5,s1_below_2001,s2_760_2075,s3_17_37,Truck (<=6000 lbs.),s2_11_28,Deployed,s2_97_208,s1_below_1,Male,s2_37_80,s3_141_159,s2_164_318,s3_80_160,s2_2_4
11569,s3_1695_2555,s2_n103_99,s4_n40_7,s1_below_4282,s4_4_5,s3_2003_2005,s2_760_2075,s3_17_37,Truck (<=10000 lbs.),s3_28_48,Deployed,s2_97_208,s1_below_1,Male,s2_37_80,s6_179_up,s3_318_464,s3_80_160,s4_5_6
11570,s2_885_1695,s2_n103_99,s4_n40_7,s1_below_4282,s4_4_5,s3_2003_2005,s2_760_2075,s3_17_37,Passenger Car,s3_28_48,Not Deployed,s2_97_208,s1_below_1,Female,s2_37_80,s3_141_159,s2_164_318,s4_160_220,s2_2_4
11571,s2_885_1695,s2_n103_99,s4_n40_7,s1_below_4282,s4_4_5,s1_below_2001,s2_760_2075,s3_17_37,Passenger Car,s3_28_48,Not Deployed,s2_97_208,s1_below_1,Female,s2_37_80,s3_141_159,s2_164_318,s3_80_160,s2_2_4
11572,s2_885_1695,s2_n103_99,s4_n40_7,s1_below_4282,s4_4_5,s1_below_2001,s2_760_2075,s3_17_37,Passenger Car,s2_11_28,Deployed,s2_97_208,s1_below_1,Female,s2_37_80,s3_141_159,s2_164_318,s3_80_160,s2_2_4
11573,s2_885_1695,s2_n103_99,s4_n40_7,s1_below_4282,s4_4_5,s1_below_2001,s2_760_2075,s3_17_37,Passenger Car,s2_11_28,Not Deployed,s2_97_208,s1_below_1,Male,s2_37_80,s3_141_159,s2_164_318,s3_80_160,s2_2_4
11574,s2_885_1695,s2_n103_99,s4_n40_7,s1_below_4282,s4_4_5,s4_2005_2007,s2_760_2075,s3_17_37,Passenger Car,s5_64_76,Deployed,s2_97_208,s1_below_1,Female,s2_37_80,s3_141_159,s2_164_318,s3_80_160,s2_2_4
11575,s3_1695_2555,s2_n103_99,s4_n40_7,s1_below_4282,s3_3_4,s3_2003_2005,s2_760_2075,s3_17_37,Truck (<=6000 lbs.),s3_28_48,Not Deployed,s2_97_208,s1_below_1,Female,s2_37_80,s3_141_159,s2_164_318,s3_80_160,s2_2_4
11576,s3_1695_2555,s2_n103_99,s4_n40_7,s1_below_4282,s1_below_2,s2_2001_2003,s2_760_2075,s3_17_37,Truck (<=6000 lbs.),s3_28_48,Not Deployed,s2_97_208,s1_below_1,Male,s2_37_80,s4_159_169,s2_164_318,s2_40_80,s3_4_5
11577,s2_885_1695,s2_n103_99,s4_n40_7,s1_below_4282,s4_4_5,s3_2003_2005,s2_760_2075,s3_17_37,Passenger Car,s4_48_64,Not Deployed,s2_97_208,s2_1_2,Male,s2_37_80,s3_141_159,s2_164_318,s3_80_160,s2_2_4
11578,s2_885_1695,s2_n103_99,s4_n40_7,s1_below_4282,s6_6_up,s2_2001_2003,s2_760_2075,s3_17_37,Passenger Car,s6_76_up,Deployed,s2_97_208,s1_below_1,Male,s3_80_96,s3_141_159,s2_164_318,s4_160_220,s2_2_4
11579,s2_885_1695,s2_n103_99,s4_n40_7,s1_below_4282,s4_4_5,s3_2003_2005,s2_760_2075,s3_17_37,Passenger Car,s2_11_28,Deployed,s2_97_208,s1_below_1,Male,s4_96_114,s4_159_169,s2_164_318,s3_80_160,s2_2_4
11580,s2_885_1695,s2_n103_99,s4_n40_7,s1_below_4282,s6_6_up,s3_2003_2005,s2_760_2075,s3_17_37,Passenger Car,s3_28_48,Deployed,s2_97_208,s1_below_1,Female,s2_37_80,s3_141_159,s2_164_318,s4_160_220,s2_2_4
11581,s3_1695_2555,s2_n103_99,s4_n40_7,s1_below_4282,s2_2_3,s3_2003_2005,s2_760_2075,s3_17_37,Truck (<=10000 lbs.),s2_11_28,Deployed,s2_97_208,s1_below_1,Female,s2_37_80,s3_141_159,s2_164_318,s3_80_160,s2_2_4
11582,s2_885_1695,s2_n103_99,s3_n81_n40,s1_below_4282,s4_4_5,s3_2003_2005,s2_760_2075,s4_37_47,Passenger Car,s4_48_64,Deployed,s2_97_208,s3_2_3,Female,s4_96_114,s3_141_159,s2_164_318,s3_80_160,s2_2_4
11583,s2_885_1695,s2_n103_99,s4_n40_7,s1_below_4282,s4_4_5,s4_2005_2007,s2_760_2075,s3_17_37,Passenger Car,s4_48_64,Deployed,s2_97_208,s1_below_1,Female,s2_37_80,s3_141_159,s2_164_318,s3_80_160,s2_2_4
11584,s2_885_1695,s2_n103_99,s4_n40_7,s1_below_4282,s6_6_up,s1_below_2001,s2_760_2075,s3_17_37,Passenger Car,s3_28_48,Deployed,s2_97_208,s2_1_2,Female,s2_37_80,s2_116_141,s2_164_318,s4_160_220,s2_2_4
11585,s2_885_1695,s2_n103_99,s4_n40_7,s1_below_4282,s1_below_2,s1_below_2001,s2_760_2075,s6_57_up,Passenger Car,s4_48_64,Not Deployed,s2_97_208,s1_below_1,Male,s2_37_80,s3_141_159,s2_164_318,s4_160_220,s2_2_4
11586,s2_885_1695,s2_n103_99,s3_n81_n40,s1_below_4282,s4_4_5,s2_2001_2003,s2_760_2075,s3_17_37,Passenger Car,s2_11_28,Deployed,s2_97_208,s1_below_1,Male,s2_37_80,s3_141_159,s2_164_318,s3_80_160,s2_2_4
11587,s2_885_1695,s2_n103_99,s5_7_up,s1_below_4282,s3_3_4,s1_below_2001,s2_760_2075,s3_17_37,Passenger Car,s2_11_28,Not Deployed,s2_97_208,s1_below_1,Male,s3_80_96,s3_141_159,s2_164_318,s6_260_up,s2_2_4
11588,s2_885_1695,s2_n103_99,s4_n40_7,s1_below_4282,s3_3_4,s1_below_2001,s2_760_2075,s3_17_37,Truck (<=6000 lbs.),s3_28_48,Deployed,s2_97_208,s1_below_1,Female,s2_37_80,s3_141_159,s2_164_318,s3_80_160,s2_2_4
11589,s2_885_1695,s2_n103_99,s4_n40_7,s1_below_4282,s4_4_5,s3_2003_2005,s2_760_2075,s4_37_47,Passenger Car,s2_11_28,Not Deployed,s2_97_208,s1_below_1,Male,s3_80_96,s3_141_159,s2_164_318,s4_160_220,s2_2_4
11590,s3_1695_2555,s2_n103_99,s4_n40_7,s1_below_4282,s6_6_up,s3_2003_2005,s2_760_2075,s4_37_47,Truck (<=10000 lbs.),s3_28_48,Deployed,s2_97_208,s1_below_1,Female,s2_37_80,s4_159_169,s3_318_464,s3_80_160,s4_5_6
11591,s2_885_1695,s2_n103_99,s4_n40_7,s1_below_4282,s2_2_3,s4_2005_2007,s2_760_2075,s4_37_47,Passenger Car,s2_11_28,Deployed,s2_97_208,s1_below_1,Male,s2_37_80,s3_141_159,s2_164_318,s4_160_220,s2_2_4
11592,s3_1695_2555,s2_n103_99,s4_n40_7,s1_below_4282,s3_3_4,s2_2001_2003,s2_760_2075,s3_17_37,Truck (<=6000 lbs.),s3_28_48,Deployed,s2_97_208,s1_below_1,Female,s2_37_80,s4_159_169,s2_164_318,s2_40_80,s3_4_5
11593,s2_885_1695,s2_n103_99,s4_n40_7,s1_below_4282,s4_4_5,s2_2001_2003,s3_2075_3730,s3_17_37,Passenger Car,s3_28_48,Deployed,s2_97_208,s1_below_1,Female,s2_37_80,s3_141_159,s2_164_318,s3_80_160,s2_2_4
11594,s2_885_1695,s2_n103_99,s4_n40_7,s1_below_4282,s4_4_5,s2_2001_2003,s2_760_2075,s3_17_37,Passenger Car,s2_11_28,Deployed,s2_97_208,s1_below_1,Male,s3_80_96,s3_141_159,s2_164_318,s3_80_160,s2_2_4
11595,s2_885_1695,s2_n103_99,s4_n40_7,s1_below_4282,s1_below_2,s3_2003_2005,s2_760_2075,s3_17_37,Passenger Car,s4_48_64,Not Deployed,s2_97_208,s1_below_1,Male,s4_96_114,s3_141_159,s2_164_318,s2_40_80,s2_2_4
11596,s2_885_1695,s2_n103_99,s3_n81_n40,s1_below_4282,s3_3_4,s2_2001_2003,s2_760_2075,s3_17_37,Passenger Car,s2_11_28,Deployed,s2_97_208,s1_below_1,Female,s2_37_80,s3_141_159,s2_164_318,s3_80_160,s2_2_4
11597,s3_1695_2555,s2_n103_99,s4_n40_7,s1_below_4282,s4_4_5,s2_2001_2003,s2_760_2075,s3_17_37,Truck (<=10000 lbs.),s4_48_64,Not Deployed,s2_97_208,s1_below_1,Male,s2_37_80,s4_159_169,s3_318_464,s6_260_up,s4_5_6
11598,s3_1695_2555,s2_n103_99,s4_n40_7,s1_below_4282,s6_6_up,s1_below_2001,s2_760_2075,s3_17_37,Truck (<=10000 lbs.),s2_11_28,Not Deployed,s2_97_208,s1_below_1,Male,s3_80_96,s4_159_169,s3_318_464,s3_80_160,s4_5_6
11599,s2_885_1695,s2_n103_99,s4_n40_7,s1_below_4282,s6_6_up,s3_2003_2005,s2_760_2075,s3_17_37,Passenger Car,s2_11_28,Not Deployed,s2_97_208,s1_below_1,Male,s3_80_96,s3_141_159,s2_164_318,s4_160_220,s2_2_4
11600,s2_885_1695,s2_n103_99,s4_n40_7,s1_below_4282,s4_4_5,s1_below_2001,s2_760_2075,s3_17_37,Passenger Car,s3_28_48,Not Deployed,s2_97_208,s2_1_2,Female,s3_80_96,s3_141_159,s2_164_318,s3_80_160,s2_2_4
11601,s2_885_1695,s2_n103_99,s4_n40_7,s1_below_4282,s6_6_up,s3_2003_2005,s2_760_2075,s3_17_37,Passenger Car,s2_11_28,Deployed,s2_97_208,s3_2_3,Female,s2_37_80,s3_141_159,s2_164_318,s4_160_220,s2_2_4
11602,s3_1695_2555,s2_n103_99,s4_n40_7,s1_below_4282,s2_2_3,s3_2003_2005,s2_760_2075,s3_17_37,Truck (<=6000 lbs.),s3_28_48,Deployed,s2_97_208,s1_below_1,Male,s2_37_80,s4_159_169,s2_164_318,s3_80_160,s3_4_5
11603,s2_885_1695,s2_n103_99,s4_n40_7,s1_below_4282,s6_6_up,s2_2001_2003,s2_760_2075,s3_17_37,Passenger Car,s3_28_48,Not Deployed,s2_97_208,s1_below_1,Female,s3_80_96,s3_141_159,s2_164_318,s4_160_220,s2_2_4
11604,s2_885_1695,s2_n103_99,s4_n40_7,s1_below_4282,s2_2_3,s2_2001_2003,s2_760_2075,s3_17_37,Passenger Car,s3_28_48,Not Deployed,s2_97_208,s1_below_1,Female,s3_80_96,s3_141_159,s2_164_318,s4_160_220,s2_2_4
11605,s2_885_1695,s2_n103_99,s4_n40_7,s1_below_4282,s3_3_4,s2_2001_2003,s2_760_2075,s3_17_37,Passenger Car,s5_64_76,Not Deployed,s2_97_208,s1_below_1,Female,s2_37_80,s3_141_159,s2_164_318,s4_160_220,s2_2_4
11606,s2_885_1695,s2_n103_99,s4_n40_7,s1_below_4282,s1_below_2,s1_below_2001,s2_760_2075,s3_17_37,Passenger Car,s6_76_up,Not Deployed,s2_97_208,s1_below_1,Female,s2_37_80,s3_141_159,s2_164_318,s3_80_160,s2_2_4
11607,s2_885_1695,s2_n103_99,s4_n40_7,s1_below_4282,s4_4_5,s2_2001_2003,s2_760_2075,s3_17_37,Passenger Car,s2_11_28,Not Deployed,s2_97_208,s1_below_1,Female,s2_37_80,s3_141_159,s2_164_318,s2_40_80,s2_2_4
11608,s2_885_1695,s2_n103_99,s5_7_up,s1_below_4282,s6_6_up,s4_2005_2007,s2_760_2075,s3_17_37,Passenger Car,s2_11_28,Deployed,s2_97_208,s3_2_3,Female,s2_37_80,s3_141_159,s2_164_318,s6_260_up,s2_2_4
11609,s2_885_1695,s2_n103_99,s4_n40_7,s1_below_4282,s1_below_2,s1_below_2001,s2_760_2075,s3_17_37,Passenger Car,s3_28_48,Not Deployed,s2_97_208,s1_below_1,Female,s2_37_80,s3_141_159,s2_164_318,s2_40_80,s2_2_4
11610,s2_885_1695,s2_n103_99,s4_n40_7,s1_below_4282,s4_4_5,s1_below_2001,s2_760_2075,s3_17_37,Passenger Car,s4_48_64,Deployed,s2_97_208,s1_below_1,Female,s2_37_80,s3_141_159,s2_164_318,s4_160_220,s2_2_4
11611,s2_885_1695,s2_n103_99,s4_n40_7,s1_below_4282,s4_4_5,s3_2003_2005,s2_760_2075,s4_37_47,Passenger Car,s3_28_48,Deployed,s2_97_208,s1_below_1,Female,s2_37_80,s3_141_159,s2_164_318,s3_80_160,s2_2_4
11612,s2_885_1695,s2_n103_99,s4_n40_7,s1_below_4282,s4_4_5,s3_2003_2005,s2_760_2075,s4_37_47,Passenger Car,s4_48_64,Deployed,s2_97_208,s1_below_1,Female,s2_37_80,s3_141_159,s2_164_318,s3_80_160,s2_2_4
11613,s2_885_1695,s2_n103_99,s4_n40_7,s1_below_4282,s6_6_up,s1_below_2001,s2_760_2075,s3_17_37,Passenger Car,s2_11_28,Deployed,s2_97_208,s1_below_1,Female,s2_37_80,s3_141_159,s2_164_318,s3_80_160,s2_2_4
11614,s2_885_1695,s2_n103_99,s4_n40_7,s1_below_4282,s3_3_4,s3_2003_2005,s2_760_2075,s3_17_37,Truck (<=6000 lbs.),s2_11_28,Deployed,s2_97_208,s3_2_3,Male,s3_80_96,s3_141_159,s2_164_318,s4_160_220,s2_2_4
11615,s2_885_1695,s2_n103_99,s4_n40_7,s1_below_4282,s4_4_5,s1_below_2001,s2_760_2075,s3_17_37,Passenger Car,s4_48_64,Deployed,s2_97_208,s1_below_1,Male,s5_114_130,s3_141_159,s2_164_318,s3_80_160,s2_2_4
11616,s2_885_1695,s2_n103_99,s4_n40_7,s1_below_4282,s4_4_5,s3_2003_2005,s2_760_2075,s3_17_37,Passenger Car,s2_11_28,Not Deployed,s2_97_208,s2_1_2,Female,s2_37_80,s3_141_159,s2_164_318,s3_80_160,s2_2_4
11617,s3_1695_2555,s2_n103_99,s4_n40_7,s1_below_4282,s4_4_5,s1_below_2001,s2_760_2075,s3_17_37,Truck (<=10000 lbs.),s4_48_64,Not Deployed,s2_97_208,s1_below_1,Male,s3_80_96,s5_169_179,s3_318_464,s4_160_220,s4_5_6
11618,s2_885_1695,s2_n103_99,s4_n40_7,s1_below_4282,s4_4_5,s3_2003_2005,s2_760_2075,s3_17_37,Passenger Car,s2_11_28,Not Deployed,s2_97_208,s1_below_1,Male,s2_37_80,s3_141_159,s2_164_318,s4_160_220,s2_2_4
11619,s2_885_1695,s2_n103_99,s5_7_up,s1_below_4282,s6_6_up,s4_2005_2007,s3_2075_3730,s3_17_37,Passenger Car,s3_28_48,Not Deployed,s2_97_208,s1_below_1,Male,s3_80_96,s3_141_159,s2_164_318,s6_260_up,s2_2_4
11620,s2_885_1695,s2_n103_99,s4_n40_7,s1_below_4282,s3_3_4,s1_below_2001,s3_2075_3730,s4_37_47,Passenger Car,s2_11_28,Deployed,s2_97_208,s4_3_4,Male,s2_37_80,s3_141_159,s2_164_318,s3_80_160,s2_2_4
11621,s3_1695_2555,s2_n103_99,s5_7_up,s1_below_4282,s3_3_4,s4_2005_2007,s2_760_2075,s3_17_37,Passenger Car,s2_11_28,Not Deployed,s2_97_208,s1_below_1,Female,s2_37_80,s3_141_159,s2_164_318,s6_260_up,s2_2_4
11622,s2_885_1695,s2_n103_99,s4_n40_7,s1_below_4282,s4_4_5,s1_below_2001,s2_760_2075,s3_17_37,Passenger Car,s4_48_64,Not Deployed,s2_97_208,s2_1_2,Male,s2_37_80,s3_141_159,s2_164_318,s3_80_160,s2_2_4
11623,s2_885_1695,s2_n103_99,s4_n40_7,s1_below_4282,s2_2_3,s2_2001_2003,s2_760_2075,s3_17_37,Passenger Car,s3_28_48,Not Deployed,s2_97_208,s1_below_1,Male,s2_37_80,s3_141_159,s2_164_318,s4_160_220,s2_2_4
11624,s2_885_1695,s2_n103_99,s4_n40_7,s1_below_4282,s1_below_2,s3_2003_2005,s2_760_2075,s3_17_37,Passenger Car,s3_28_48,Not Deployed,s2_97_208,s1_below_1,Male,s2_37_80,s3_141_159,s2_164_318,s3_80_160,s2_2_4
11625,s2_885_1695,s2_n103_99,s4_n40_7,s1_below_4282,s3_3_4,s3_2003_2005,s2_760_2075,s3_17_37,Passenger Car,s2_11_28,Deployed,s2_97_208,s2_1_2,Male,s2_37_80,s3_141_159,s2_164_318,s3_80_160,s2_2_4
11626,s2_885_1695,s2_n103_99,s4_n40_7,s1_below_4282,s2_2_3,s1_below_2001,s2_760_2075,s3_17_37,Passenger Car,s2_11_28,Not Deployed,s2_97_208,s1_below_1,Female,s2_37_80,s3_141_159,s2_164_318,s3_80_160,s2_2_4
11627,s3_1695_2555,s2_n103_99,s4_n40_7,s1_below_4282,s4_4_5,s3_2003_2005,s2_760_2075,s3_17_37,Truck (<=6000 lbs.),s2_11_28,Deployed,s2_97_208,s1_below_1,Male,s2_37_80,s3_141_159,s3_318_464,s3_80_160,s2_2_4
11628,s2_885_1695,s2_n103_99,s4_n40_7,s1_below_4282,s1_below_2,s2_2001_2003,s2_760_2075,s3_17_37,Passenger Car,s3_28_48,Deployed,s2_97_208,s3_2_3,Female,s2_37_80,s3_141_159,s2_164_318,s3_80_160,s2_2_4
11629,s2_885_1695,s2_n103_99,s4_n40_7,s1_below_4282,s1_below_2,s2_2001_2003,s3_2075_3730,s3_17_37,Passenger Car,s5_64_76,Not Deployed,s2_97_208,s1_below_1,Female,s2_37_80,s3_141_159,s2_164_318,s3_80_160,s2_2_4
11630,s3_1695_2555,s2_n103_99,s4_n40_7,s1_below_4282,s4_4_5,s1_below_2001,s2_760_2075,s5_47_57,Truck (<=6000 lbs.),s3_28_48,Deployed,s2_97_208,s1_below_1,Male,s2_37_80,s4_159_169,s2_164_318,s3_80_160,s2_2_4
11631,s2_885_1695,s2_n103_99,s4_n40_7,s1_below_4282,s1_below_2,s2_2001_2003,s2_760_2075,s3_17_37,Passenger Car,s2_11_28,Not Deployed,s2_97_208,s1_below_1,Male,s3_80_96,s3_141_159,s2_164_318,s3_80_160,s2_2_4
11632,s2_885_1695,s2_n103_99,s3_n81_n40,s1_below_4282,s3_3_4,s4_2005_2007,s2_760_2075,s3_17_37,Passenger Car,s2_11_28,Deployed,s2_97_208,s1_below_1,Male,s4_96_114,s3_141_159,s2_164_318,s3_80_160,s2_2_4
11633,s3_1695_2555,s2_n103_99,s4_n40_7,s1_below_4282,s4_4_5,s2_2001_2003,s2_760_2075,s3_17_37,Truck (<=6000 lbs.),s5_64_76,Deployed,s2_97_208,s1_below_1,Female,s2_37_80,s3_141_159,s2_164_318,s3_80_160,s2_2_4
11634,s3_1695_2555,s2_n103_99,s4_n40_7,s1_below_4282,s6_6_up,s1_below_2001,s2_760_2075,s3_17_37,Truck (<=6000 lbs.),s4_48_64,Not Deployed,s2_97_208,s1_below_1,Female,s2_37_80,s4_159_169,s2_164_318,s2_40_80,s3_4_5
11635,s2_885_1695,s2_n103_99,s4_n40_7,s1_below_4282,s1_below_2,s1_below_2001,s2_760_2075,s3_17_37,Passenger Car,s4_48_64,Deployed,s2_97_208,s1_below_1,Female,s2_37_80,s3_141_159,s2_164_318,s3_80_160,s2_2_4
11636,s3_1695_2555,s2_n103_99,s4_n40_7,s1_below_4282,s1_below_2,s2_2001_2003,s2_760_2075,s3_17_37,Truck (<=6000 lbs.),s3_28_48,Not Deployed,s2_97_208,s1_below_1,Female,s2_37_80,s3_141_159,s2_164_318,s3_80_160,s2_2_4
11637,s3_1695_2555,s2_n103_99,s4_n40_7,s1_below_4282,s1_below_2,s1_below_2001,s2_760_2075,s4_37_47,Truck (<=10000 lbs.),s4_48_64,Deployed,s2_97_208,s1_below_1,Male,s3_80_96,s4_159_169,s3_318_464,s3_80_160,s4_5_6
11638,s2_885_1695,s2_n103_99,s4_n40_7,s1_below_4282,s1_below_2,s1_below_2001,s2_760_2075,s4_37_47,Passenger Car,s2_11_28,Deployed,s2_97_208,s4_3_4,Female,s2_37_80,s3_141_159,s2_164_318,s3_80_160,s2_2_4
11639,s2_885_1695,s2_n103_99,s4_n40_7,s1_below_4282,s1_below_2,s4_2005_2007,s2_760_2075,s4_37_47,Passenger Car,s4_48_64,Deployed,s2_97_208,s1_below_1,Male,s3_80_96,s3_141_159,s2_164_318,s3_80_160,s2_2_4
11640,s2_885_1695,s2_n103_99,s4_n40_7,s1_below_4282,s1_below_2,s1_below_2001,s2_760_2075,s3_17_37,Passenger Car,s4_48_64,Not Deployed,s2_97_208,s1_below_1,Male,s5_114_130,s3_141_159,s2_164_318,s6_260_up,s2_2_4
11641,s2_885_1695,s2_n103_99,s4_n40_7,s1_below_4282,s3_3_4,s1_below_2001,s2_760_2075,s3_17_37,Passenger Car,s2_11_28,Deployed,s2_97_208,s1_below_1,Male,s3_80_96,s3_141_159,s2_164_318,s3_80_160,s2_2_4
11642,s2_885_1695,s2_n103_99,s5_7_up,s1_below_4282,s1_below_2,s3_2003_2005,s2_760_2075,s3_17_37,Passenger Car,s3_28_48,Deployed,s2_97_208,s1_below_1,Female,s2_37_80,s3_141_159,s2_164_318,s6_260_up,s2_2_4
11643,s3_1695_2555,s2_n103_99,s4_n40_7,s1_below_4282,s1_below_2,s2_2001_2003,s2_760_2075,s5_47_57,Truck (<=10000 lbs.),s3_28_48,Deployed,s2_97_208,s1_below_1,Male,s3_80_96,s4_159_169,s2_164_318,s3_80_160,s3_4_5
11644,s2_885_1695,s2_n103_99,s4_n40_7,s1_below_4282,s4_4_5,s3_2003_2005,s2_760_2075,s4_37_47,Truck (<=6000 lbs.),s2_11_28,Not Deployed,s2_97_208,s1_below_1,Male,s2_37_80,s3_141_159,s3_318_464,s4_160_220,s2_2_4
11645,s2_885_1695,s2_n103_99,s4_n40_7,s1_below_4282,s2_2_3,s4_2005_2007,s2_760_2075,s3_17_37,Passenger Car,s4_48_64,Deployed,s2_97_208,s2_1_2,Female,s2_37_80,s3_141_159,s2_164_318,s3_80_160,s2_2_4
11646,s4_2555_3715,s2_n103_99,s4_n40_7,s1_below_4282,s1_below_2,s4_2005_2007,s2_760_2075,s3_17_37,Truck (<=6000 lbs.),s2_11_28,Deployed,s2_97_208,s2_1_2,Female,s2_37_80,s5_169_179,s2_164_318,s4_160_220,s4_5_6
11647,s2_885_1695,s2_n103_99,s5_7_up,s1_below_4282,s6_6_up,s1_below_2001,s2_760_2075,s6_57_up,Passenger Car,s2_11_28,Not Deployed,s2_97_208,s1_below_1,Male,s3_80_96,s3_141_159,s2_164_318,s6_260_up,s2_2_4
11648,s3_1695_2555,s2_n103_99,s4_n40_7,s1_below_4282,s5_5_6,s3_2003_2005,s2_760_2075,s6_57_up,Truck (<=6000 lbs.),s2_11_28,Not Deployed,s2_97_208,s1_below_1,Male,s3_80_96,s4_159_169,s3_318_464,s3_80_160,s3_4_5
11649,s2_885_1695,s2_n103_99,s4_n40_7,s1_below_4282,s3_3_4,s2_2001_2003,s2_760_2075,s3_17_37,Truck (<=6000 lbs.),s2_11_28,Not Deployed,s2_97_208,s1_below_1,Male,s2_37_80,s3_141_159,s2_164_318,s3_80_160,s2_2_4
11650,s2_885_1695,s2_n103_99,s5_7_up,s1_below_4282,s3_3_4,s1_below_2001,s2_760_2075,s3_17_37,Passenger Car,s2_11_28,Not Deployed,s2_97_208,s1_below_1,Male,s2_37_80,s3_141_159,s2_164_318,s6_260_up,s2_2_4
11651,s3_1695_2555,s2_n103_99,s3_n81_n40,s2_4282_6970,s6_6_up,s2_2001_2003,s3_2075_3730,s4_37_47,Truck (<=10000 lbs.),s3_28_48,Deployed,s2_97_208,s4_3_4,Male,s4_96_114,s4_159_169,s3_318_464,s3_80_160,s5_6_7
11652,s4_2555_3715,s2_n103_99,s4_n40_7,s1_below_4282,s6_6_up,s2_2001_2003,s3_2075_3730,s4_37_47,Truck (<=10000 lbs.),s4_48_64,Deployed,s2_97_208,s3_2_3,Male,s3_80_96,s5_169_179,s3_318_464,s3_80_160,s5_6_7
11653,s2_885_1695,s2_n103_99,s4_n40_7,s1_below_4282,s1_below_2,s3_2003_2005,s2_760_2075,s3_17_37,Passenger Car,s3_28_48,Deployed,s2_97_208,s1_below_1,Male,s3_80_96,s3_141_159,s2_164_318,s4_160_220,s2_2_4
11654,s3_1695_2555,s2_n103_99,s4_n40_7,s1_below_4282,s6_6_up,s1_below_2001,s2_760_2075,s4_37_47,Truck (<=6000 lbs.),s3_28_48,Deployed,s2_97_208,s1_below_1,Male,s3_80_96,s4_159_169,s2_164_318,s3_80_160,s3_4_5
11655,s2_885_1695,s2_n103_99,s4_n40_7,s1_below_4282,s6_6_up,s2_2001_2003,s2_760_2075,s4_37_47,Truck (<=6000 lbs.),s2_11_28,Deployed,s2_97_208,s1_below_1,Male,s6_130_up,s3_141_159,s2_164_318,s3_80_160,s2_2_4
11656,s3_1695_2555,s2_n103_99,s4_n40_7,s1_below_4282,s1_below_2,s3_2003_2005,s2_760_2075,s3_17_37,Truck (<=6000 lbs.),s3_28_48,Not Deployed,s2_97_208,s1_below_1,Male,s2_37_80,s4_159_169,s2_164_318,s3_80_160,s2_2_4
11657,s2_885_1695,s2_n103_99,s5_7_up,s1_below_4282,s3_3_4,s3_2003_2005,s2_760_2075,s3_17_37,Passenger Car,s2_11_28,Not Deployed,s2_97_208,s1_below_1,Female,s2_37_80,s3_141_159,s2_164_318,s6_260_up,s2_2_4
11658,s2_885_1695,s2_n103_99,s4_n40_7,s1_below_4282,s6_6_up,s1_below_2001,s2_760_2075,s3_17_37,Passenger Car,s2_11_28,Deployed,s2_97_208,s1_below_1,Female,s2_37_80,s3_141_159,s2_164_318,s4_160_220,s2_2_4
11659,s2_885_1695,s2_n103_99,s4_n40_7,s1_below_4282,s4_4_5,s2_2001_2003,s2_760_2075,s3_17_37,Passenger Car,s3_28_48,Deployed,s2_97_208,s1_below_1,Male,s2_37_80,s3_141_159,s2_164_318,s3_80_160,s2_2_4
11660,s2_885_1695,s2_n103_99,s4_n40_7,s1_below_4282,s3_3_4,s2_2001_2003,s2_760_2075,s3_17_37,Passenger Car,s3_28_48,Deployed,s2_97_208,s1_below_1,Female,s2_37_80,s3_141_159,s2_164_318,s4_160_220,s2_2_4
11661,s2_885_1695,s2_n103_99,s4_n40_7,s1_below_4282,s4_4_5,s1_below_2001,s2_760_2075,s4_37_47,Passenger Car,s2_11_28,Deployed,s2_97_208,s3_2_3,Female,s2_37_80,s3_141_159,s2_164_318,s3_80_160,s2_2_4
11662,s3_1695_2555,s2_n103_99,s4_n40_7,s1_below_4282,s3_3_4,s3_2003_2005,s3_2075_3730,s3_17_37,Truck (<=6000 lbs.),s2_11_28,Not Deployed,s2_97_208,s1_below_1,Female,s2_37_80,s3_141_159,s2_164_318,s3_80_160,s2_2_4
11663,s3_1695_2555,s2_n103_99,s4_n40_7,s1_below_4282,s2_2_3,s1_below_2001,s2_760_2075,s3_17_37,Passenger Car,s2_11_28,Not Deployed,s2_97_208,s1_below_1,Male,s2_37_80,s3_141_159,s2_164_318,s3_80_160,s2_2_4
11664,s2_885_1695,s2_n103_99,s5_7_up,s1_below_4282,s2_2_3,s2_2001_2003,s2_760_2075,s3_17_37,Passenger Car,s3_28_48,Not Deployed,s2_97_208,s1_below_1,Female,s2_37_80,s3_141_159,s2_164_318,s6_260_up,s2_2_4
11665,s3_1695_2555,s2_n103_99,s4_n40_7,s1_below_4282,s2_2_3,s3_2003_2005,s2_760_2075,s3_17_37,Truck (<=6000 lbs.),s2_11_28,Deployed,s2_97_208,s1_below_1,Female,s2_37_80,s3_141_159,s2_164_318,s3_80_160,s2_2_4
11666,s2_885_1695,s2_n103_99,s4_n40_7,s1_below_4282,s1_below_2,s3_2003_2005,s2_760_2075,s3_17_37,Passenger Car,s3_28_48,Deployed,s2_97_208,s1_below_1,Female,s2_37_80,s3_141_159,s2_164_318,s3_80_160,s2_2_4
11667,s2_885_1695,s2_n103_99,s4_n40_7,s1_below_4282,s3_3_4,s1_below_2001,s2_760_2075,s3_17_37,Passenger Car,s3_28_48,Deployed,s2_97_208,s1_below_1,Female,s2_37_80,s3_141_159,s2_164_318,s3_80_160,s2_2_4
11668,s3_1695_2555,s2_n103_99,s4_n40_7,s1_below_4282,s3_3_4,s2_2001_2003,s2_760_2075,s3_17_37,Truck (<=6000 lbs.),s3_28_48,Deployed,s2_97_208,s1_below_1,Female,s2_37_80,s3_141_159,s2_164_318,s4_160_220,s2_2_4
11669,s2_885_1695,s2_n103_99,s4_n40_7,s1_below_4282,s3_3_4,s4_2005_2007,s2_760_2075,s3_17_37,Passenger Car,s4_48_64,Deployed,s2_97_208,s3_2_3,Male,s6_130_up,s3_141_159,s2_164_318,s2_40_80,s2_2_4
11670,s3_1695_2555,s2_n103_99,s4_n40_7,s2_4282_6970,s3_3_4,s2_2001_2003,s3_2075_3730,s3_17_37,Passenger Car,s2_11_28,Deployed,s2_97_208,s5_4_5,Male,s3_80_96,s4_159_169,s2_164_318,s2_40_80,s2_2_4
11671,s2_885_1695,s2_n103_99,s4_n40_7,s1_below_4282,s1_below_2,s1_below_2001,s2_760_2075,s3_17_37,Truck (<=6000 lbs.),s2_11_28,Deployed,s2_97_208,s1_below_1,Male,s2_37_80,s3_141_159,s2_164_318,s4_160_220,s2_2_4
11672,s2_885_1695,s2_n103_99,s4_n40_7,s1_below_4282,s1_below_2,s4_2005_2007,s2_760_2075,s3_17_37,Passenger Car,s3_28_48,Deployed,s2_97_208,s1_below_1,Male,s3_80_96,s3_141_159,s2_164_318,s3_80_160,s2_2_4
11673,s3_1695_2555,s2_n103_99,s4_n40_7,s1_below_4282,s3_3_4,s2_2001_2003,s2_760_2075,s3_17_37,Truck (<=10000 lbs.),s2_11_28,Deployed,s2_97_208,s1_below_1,Male,s3_80_96,s3_141_159,s2_164_318,s3_80_160,s2_2_4
11674,s2_885_1695,s2_n103_99,s4_n40_7,s1_below_4282,s1_below_2,s2_2001_2003,s2_760_2075,s3_17_37,Passenger Car,s2_11_28,Deployed,s2_97_208,s3_2_3,Male,s2_37_80,s3_141_159,s2_164_318,s4_160_220,s2_2_4
11675,s2_885_1695,s2_n103_99,s4_n40_7,s1_below_4282,s2_2_3,s1_below_2001,s2_760_2075,s5_47_57,Passenger Car,s2_11_28,Deployed,s2_97_208,s1_below_1,Male,s2_37_80,s3_141_159,s2_164_318,s4_160_220,s2_2_4
11676,s2_885_1695,s2_n103_99,s4_n40_7,s1_below_4282,s1_below_2,s3_2003_2005,s2_760_2075,s3_17_37,Passenger Car,s3_28_48,Deployed,s2_97_208,s2_1_2,Male,s2_37_80,s3_141_159,s2_164_318,s4_160_220,s2_2_4
11677,s2_885_1695,s2_n103_99,s5_7_up,s1_below_4282,s6_6_up,s2_2001_2003,s2_760_2075,s3_17_37,Passenger Car,s4_48_64,Deployed,s2_97_208,s3_2_3,Male,s2_37_80,s3_141_159,s2_164_318,s2_40_80,s2_2_4
11678,s2_885_1695,s2_n103_99,s4_n40_7,s1_below_4282,s1_below_2,s3_2003_2005,s2_760_2075,s3_17_37,Passenger Car,s6_76_up,Not Deployed,s2_97_208,s1_below_1,Female,s2_37_80,s3_141_159,s2_164_318,s4_160_220,s2_2_4
11679,s2_885_1695,s2_n103_99,s4_n40_7,s1_below_4282,s1_below_2,s3_2003_2005,s3_2075_3730,s3_17_37,Truck (<=6000 lbs.),s4_48_64,Not Deployed,s2_97_208,s1_below_1,Female,s3_80_96,s3_141_159,s2_164_318,s2_40_80,s2_2_4
11680,s4_2555_3715,s2_n103_99,s4_n40_7,s1_below_4282,s2_2_3,s3_2003_2005,s2_760_2075,s3_17_37,Truck (<=10000 lbs.),s4_48_64,Not Deployed,s2_97_208,s1_below_1,Male,s4_96_114,s5_169_179,s3_318_464,s3_80_160,s5_6_7
11681,s3_1695_2555,s2_n103_99,s4_n40_7,s1_below_4282,s1_below_2,s4_2005_2007,s2_760_2075,s3_17_37,Passenger Car,s4_48_64,Not Deployed,s2_97_208,s1_below_1,Male,s3_80_96,s3_141_159,s2_164_318,s2_40_80,s2_2_4
11682,s2_885_1695,s2_n103_99,s4_n40_7,s1_below_4282,s1_below_2,s3_2003_2005,s2_760_2075,s3_17_37,Passenger Car,s4_48_64,Deployed,s2_97_208,s1_below_1,Male,s2_37_80,s3_141_159,s2_164_318,s3_80_160,s2_2_4
11683,s2_885_1695,s2_n103_99,s3_n81_n40,s1_below_4282,s1_below_2,s2_2001_2003,s2_760_2075,s3_17_37,Passenger Car,s3_28_48,Deployed,s2_97_208,s5_4_5,Female,s2_37_80,s3_141_159,s2_164_318,s3_80_160,s2_2_4
11684,s3_1695_2555,s2_n103_99,s4_n40_7,s1_below_4282,s1_below_2,s1_below_2001,s2_760_2075,s3_17_37,Truck (<=6000 lbs.),s4_48_64,Deployed,s2_97_208,s1_below_1,Male,s5_114_130,s4_159_169,s2_164_318,s3_80_160,s3_4_5
11685,s2_885_1695,s2_n103_99,s4_n40_7,s1_below_4282,s5_5_6,s1_below_2001,s2_760_2075,s4_37_47,Passenger Car,s2_11_28,Not Deployed,s2_97_208,s1_below_1,Male,s2_37_80,s3_141_159,s2_164_318,s3_80_160,s2_2_4
11686,s2_885_1695,s2_n103_99,s5_7_up,s1_below_4282,s3_3_4,s1_below_2001,s2_760_2075,s6_57_up,Truck (<=6000 lbs.),s2_11_28,Not Deployed,s2_97_208,s1_below_1,Female,s2_37_80,s3_141_159,s2_164_318,s6_260_up,s2_2_4
11687,s2_885_1695,s2_n103_99,s4_n40_7,s1_below_4282,s1_below_2,s3_2003_2005,s2_760_2075,s4_37_47,Passenger Car,s6_76_up,Not Deployed,s2_97_208,s1_below_1,Male,s3_80_96,s3_141_159,s2_164_318,s3_80_160,s2_2_4
11688,s2_885_1695,s2_n103_99,s4_n40_7,s1_below_4282,s1_below_2,s1_below_2001,s2_760_2075,s4_37_47,Passenger Car,s4_48_64,Deployed,s2_97_208,s4_3_4,Female,s2_37_80,s3_141_159,s2_164_318,s3_80_160,s2_2_4
11689,s2_885_1695,s2_n103_99,s5_7_up,s1_below_4282,s1_below_2,s2_2001_2003,s2_760_2075,s4_37_47,Passenger Car,s3_28_48,Not Deployed,s2_97_208,s1_below_1,Female,s4_96_114,s3_141_159,s2_164_318,s6_260_up,s2_2_4
11690,s3_1695_2555,s2_n103_99,s4_n40_7,s1_below_4282,s1_below_2,s1_below_2001,s2_760_2075,s4_37_47,Truck (<=10000 lbs.),s2_11_28,Deployed,s2_97_208,s1_below_1,Male,s3_80_96,s5_169_179,s3_318_464,s3_80_160,s4_5_6
11691,s4_2555_3715,s2_n103_99,s4_n40_7,s1_below_4282,s1_below_2,s2_2001_2003,s2_760_2075,s4_37_47,Truck (<=10000 lbs.),s3_28_48,Not Deployed,s2_97_208,s1_below_1,Female,s2_37_80,s5_169_179,s2_164_318,s3_80_160,s3_4_5
11692,s2_885_1695,s2_n103_99,s4_n40_7,s1_below_4282,s1_below_2,s2_2001_2003,s2_760_2075,s5_47_57,Passenger Car,s3_28_48,Deployed,s2_97_208,s1_below_1,Male,s3_80_96,s3_141_159,s2_164_318,s3_80_160,s2_2_4
11693,s2_885_1695,s2_n103_99,s4_n40_7,s1_below_4282,s1_below_2,s2_2001_2003,s2_760_2075,s3_17_37,Passenger Car,s2_11_28,Not Deployed,s2_97_208,s1_below_1,Female,s2_37_80,s3_141_159,s2_164_318,s3_80_160,s2_2_4
11694,s2_885_1695,s2_n103_99,s5_7_up,s1_below_4282,s1_below_2,s1_below_2001,s2_760_2075,s5_47_57,Passenger Car,s4_48_64,Deployed,s1_below_97,s3_2_3,Male,s3_80_96,s3_141_159,s2_164_318,s6_260_up,s2_2_4
11695,s2_885_1695,s2_n103_99,s4_n40_7,s1_below_4282,s3_3_4,s2_2001_2003,s2_760_2075,s3_17_37,Passenger Car,s3_28_48,Not Deployed,s2_97_208,s1_below_1,Female,s2_37_80,s3_141_159,s2_164_318,s3_80_160,s2_2_4
11696,s2_885_1695,s2_n103_99,s4_n40_7,s1_below_4282,s1_below_2,s3_2003_2005,s2_760_2075,s5_47_57,Passenger Car,s2_11_28,Not Deployed,s2_97_208,s1_below_1,Female,s2_37_80,s3_141_159,s2_164_318,s3_80_160,s2_2_4
11697,s2_885_1695,s2_n103_99,s4_n40_7,s1_below_4282,s1_below_2,s1_below_2001,s2_760_2075,s5_47_57,Truck (<=6000 lbs.),s2_11_28,Not Deployed,s2_97_208,s1_below_1,Male,s2_37_80,s3_141_159,s2_164_318,s4_160_220,s2_2_4
11698,s3_1695_2555,s2_n103_99,s4_n40_7,s1_below_4282,s1_below_2,s1_below_2001,s2_760_2075,s3_17_37,Truck (<=6000 lbs.),s4_48_64,Deployed,s2_97_208,s1_below_1,Male,s4_96_114,s4_159_169,s2_164_318,s3_80_160,s3_4_5
11699,s2_885_1695,s2_n103_99,s4_n40_7,s1_below_4282,s2_2_3,s2_2001_2003,s2_760_2075,s1_below_7,Passenger Car,s4_48_64,Not Deployed,s2_97_208,s1_below_1,Female,s2_37_80,s3_141_159,s2_164_318,s2_40_80,s2_2_4
11700,s2_885_1695,s2_n103_99,s4_n40_7,s1_below_4282,s1_below_2,s3_2003_2005,s2_760_2075,s4_37_47,Truck (<=6000 lbs.),s2_11_28,Deployed,s2_97_208,s2_1_2,Male,s2_37_80,s3_141_159,s3_318_464,s3_80_160,s2_2_4
11701,s3_1695_2555,s2_n103_99,s4_n40_7,s1_below_4282,s1_below_2,s3_2003_2005,s2_760_2075,s5_47_57,Truck (<=6000 lbs.),s2_11_28,Deployed,s2_97_208,s1_below_1,Male,s2_37_80,s3_141_159,s2_164_318,s4_160_220,s2_2_4
11702,s3_1695_2555,s2_n103_99,s4_n40_7,s1_below_4282,s1_below_2,s2_2001_2003,s2_760_2075,s4_37_47,Truck (<=6000 lbs.),s3_28_48,Deployed,s2_97_208,s1_below_1,Male,s3_80_96,s3_141_159,s2_164_318,s4_160_220,s2_2_4
11703,s2_885_1695,s2_n103_99,s4_n40_7,s1_below_4282,s1_below_2,s3_2003_2005,s2_760_2075,s4_37_47,Passenger Car,s6_76_up,Deployed,s2_97_208,s1_below_1,Female,s2_37_80,s3_141_159,s2_164_318,s3_80_160,s2_2_4
11704,s2_885_1695,s2_n103_99,s5_7_up,s1_below_4282,s2_2_3,s2_2001_2003,s2_760_2075,s4_37_47,Passenger Car,s4_48_64,Not Deployed,s2_97_208,s1_below_1,Female,s3_80_96,s3_141_159,s2_164_318,s6_260_up,s2_2_4
11705,s2_885_1695,s2_n103_99,s4_n40_7,s1_below_4282,s1_below_2,s3_2003_2005,s2_760_2075,s5_47_57,Passenger Car,s4_48_64,Deployed,s2_97_208,s4_3_4,Female,s6_130_up,s3_141_159,s2_164_318,s3_80_160,s2_2_4
11706,s2_885_1695,s2_n103_99,s4_n40_7,s1_below_4282,s1_below_2,s3_2003_2005,s2_760_2075,s4_37_47,Truck (<=6000 lbs.),s6_76_up,Not Deployed,s2_97_208,s2_1_2,Female,s4_96_114,s3_141_159,s2_164_318,s4_160_220,s2_2_4
11707,s2_885_1695,s2_n103_99,s4_n40_7,s1_below_4282,s2_2_3,s3_2003_2005,s2_760_2075,s4_37_47,Passenger Car,s4_48_64,Not Deployed,s2_97_208,s1_below_1,Female,s2_37_80,s3_141_159,s2_164_318,s3_80_160,s2_2_4
11708,s2_885_1695,s2_n103_99,s5_7_up,s1_below_4282,s1_below_2,s3_2003_2005,s3_2075_3730,s4_37_47,Passenger Car,s2_11_28,Not Deployed,s2_97_208,s1_below_1,Male,s3_80_96,s3_141_159,s2_164_318,s6_260_up,s2_2_4
11709,s3_1695_2555,s2_n103_99,s5_7_up,s1_below_4282,s1_below_2,s3_2003_2005,s2_760_2075,s3_17_37,Truck (<=6000 lbs.),s3_28_48,Not Deployed,s2_97_208,s1_below_1,Female,s2_37_80,s3_141_159,s2_164_318,s6_260_up,s2_2_4
11710,s2_885_1695,s2_n103_99,s3_n81_n40,s1_below_4282,s1_below_2,s3_2003_2005,s2_760_2075,s4_37_47,Truck (<=6000 lbs.),s4_48_64,Deployed,s2_97_208,s3_2_3,Male,s4_96_114,s3_141_159,s3_318_464,s3_80_160,s2_2_4
11711,s2_885_1695,s2_n103_99,s4_n40_7,s1_below_4282,s4_4_5,s3_2003_2005,s2_760_2075,s3_17_37,Passenger Car,s3_28_48,Not Deployed,s2_97_208,s1_below_1,Female,s2_37_80,s3_141_159,s2_164_318,s4_160_220,s2_2_4
11712,s2_885_1695,s2_n103_99,s4_n40_7,s1_below_4282,s1_below_2,s2_2001_2003,s2_760_2075,s4_37_47,Passenger Car,s3_28_48,Not Deployed,s2_97_208,s3_2_3,Female,s3_80_96,s3_141_159,s2_164_318,s3_80_160,s2_2_4
11713,s3_1695_2555,s2_n103_99,s5_7_up,s1_below_4282,s1_below_2,s2_2001_2003,s2_760_2075,s5_47_57,Truck (<=10000 lbs.),s3_28_48,Not Deployed,s2_97_208,s1_below_1,Male,s4_96_114,s5_169_179,s3_318_464,s6_260_up,s4_5_6
11714,s4_2555_3715,s2_n103_99,s4_n40_7,s1_below_4282,s1_below_2,s3_2003_2005,s2_760_2075,s4_37_47,Truck (<=10000 lbs.),s2_11_28,Deployed,s2_97_208,s1_below_1,Male,s4_96_114,s5_169_179,s3_318_464,s3_80_160,s5_6_7
11715,s2_885_1695,s2_n103_99,s4_n40_7,s1_below_4282,s1_below_2,s2_2001_2003,s3_2075_3730,s3_17_37,Passenger Car,s4_48_64,Not Deployed,s2_97_208,s2_1_2,Male,s2_37_80,s3_141_159,s2_164_318,s2_40_80,s2_2_4
11716,s2_885_1695,s2_n103_99,s4_n40_7,s1_below_4282,s1_below_2,s1_below_2001,s2_760_2075,s5_47_57,Truck (<=6000 lbs.),s2_11_28,Deployed,s2_97_208,s1_below_1,Male,s3_80_96,s3_141_159,s2_164_318,s3_80_160,s2_2_4
11717,s3_1695_2555,s2_n103_99,s5_7_up,s1_below_4282,s1_below_2,s2_2001_2003,s2_760_2075,s5_47_57,Truck (<=6000 lbs.),s5_64_76,Deployed,s2_97_208,s1_below_1,Male,s2_37_80,s3_141_159,s2_164_318,s6_260_up,s2_2_4
11718,s3_1695_2555,s2_n103_99,s4_n40_7,s1_below_4282,s1_below_2,s1_below_2001,s2_760_2075,s3_17_37,Truck (<=10000 lbs.),s3_28_48,Not Deployed,s2_97_208,s1_below_1,Female,s2_37_80,s4_159_169,s2_164_318,s2_40_80,s3_4_5
11719,s2_885_1695,s2_n103_99,s4_n40_7,s1_below_4282,s2_2_3,s1_below_2001,s2_760_2075,s4_37_47,Passenger Car,s2_11_28,Not Deployed,s2_97_208,s1_below_1,Female,s2_37_80,s3_141_159,s2_164_318,s3_80_160,s2_2_4
11720,s2_885_1695,s2_n103_99,s4_n40_7,s1_below_4282,s1_below_2,s2_2001_2003,s2_760_2075,s3_17_37,Passenger Car,s2_11_28,Not Deployed,s2_97_208,s2_1_2,Female,s2_37_80,s3_141_159,s2_164_318,s3_80_160,s2_2_4
11721,s3_1695_2555,s2_n103_99,s5_7_up,s1_below_4282,s2_2_3,s1_below_2001,s2_760_2075,s4_37_47,Truck (<=10000 lbs.),s3_28_48,Deployed,s2_97_208,s2_1_2,Male,s5_114_130,s3_141_159,s2_164_318,s6_260_up,s2_2_4
11722,s3_1695_2555,s2_n103_99,s4_n40_7,s1_below_4282,s2_2_3,s2_2001_2003,s3_2075_3730,s4_37_47,Passenger Car,s2_11_28,Deployed,s2_97_208,s2_1_2,Male,s2_37_80,s4_159_169,s2_164_318,s3_80_160,s2_2_4
11723,s2_885_1695,s2_n103_99,s5_7_up,s1_below_4282,s1_below_2,s3_2003_2005,s2_760_2075,s5_47_57,Passenger Car,s2_11_28,Not Deployed,s2_97_208,s1_below_1,Male,s2_37_80,s3_141_159,s2_164_318,s6_260_up,s2_2_4
11724,s3_1695_2555,s2_n103_99,s4_n40_7,s1_below_4282,s1_below_2,s1_below_2001,s2_760_2075,s3_17_37,Truck (<=6000 lbs.),s2_11_28,Not Deployed,s2_97_208,s2_1_2,Male,s2_37_80,s3_141_159,s2_164_318,s3_80_160,s2_2_4
11725,s2_885_1695,s2_n103_99,s4_n40_7,s1_below_4282,s3_3_4,s1_below_2001,s2_760_2075,s3_17_37,Passenger Car,s3_28_48,Not Deployed,s2_97_208,s1_below_1,Male,s3_80_96,s3_141_159,s2_164_318,s3_80_160,s2_2_4
11726,s2_885_1695,s2_n103_99,s5_7_up,s1_below_4282,s1_below_2,s1_below_2001,s2_760_2075,s3_17_37,Passenger Car,s5_64_76,Not Deployed,s2_97_208,s1_below_1,Female,s2_37_80,s3_141_159,s2_164_318,s6_260_up,s2_2_4
11727,s2_885_1695,s2_n103_99,s4_n40_7,s1_below_4282,s1_below_2,s2_2001_2003,s2_760_2075,s3_17_37,Passenger Car,s3_28_48,Deployed,s2_97_208,s1_below_1,Male,s2_37_80,s3_141_159,s2_164_318,s3_80_160,s2_2_4
11728,s2_885_1695,s2_n103_99,s4_n40_7,s1_below_4282,s1_below_2,s3_2003_2005,s2_760_2075,s3_17_37,Passenger Car,s3_28_48,Not Deployed,s2_97_208,s1_below_1,Male,s3_80_96,s3_141_159,s2_164_318,s3_80_160,s2_2_4
11729,s2_885_1695,s2_n103_99,s4_n40_7,s1_below_4282,s1_below_2,s2_2001_2003,s2_760_2075,s3_17_37,Passenger Car,s3_28_48,Deployed,s2_97_208,s1_below_1,Female,s2_37_80,s3_141_159,s2_164_318,s3_80_160,s2_2_4
11730,s3_1695_2555,s2_n103_99,s4_n40_7,s1_below_4282,s2_2_3,s1_below_2001,s3_2075_3730,s5_47_57,Truck (<=6000 lbs.),s3_28_48,Not Deployed,s2_97_208,s1_below_1,Male,s4_96_114,s3_141_159,s2_164_318,s2_40_80,s2_2_4
11731,s2_885_1695,s2_n103_99,s4_n40_7,s1_below_4282,s1_below_2,s2_2001_2003,s2_760_2075,s3_17_37,Passenger Car,s4_48_64,Not Deployed,s2_97_208,s1_below_1,Male,s6_130_up,s3_141_159,s2_164_318,s2_40_80,s2_2_4
11732,s2_885_1695,s2_n103_99,s4_n40_7,s1_below_4282,s1_below_2,s3_2003_2005,s2_760_2075,s3_17_37,Passenger Car,s3_28_48,Not Deployed,s2_97_208,s1_below_1,Male,s2_37_80,s3_141_159,s2_164_318,s2_40_80,s2_2_4
11733,s2_885_1695,s2_n103_99,s4_n40_7,s1_below_4282,s2_2_3,s2_2001_2003,s2_760_2075,s3_17_37,Truck (<=6000 lbs.),s3_28_48,Not Deployed,s2_97_208,s1_below_1,Female,s3_80_96,s3_141_159,s2_164_318,s3_80_160,s2_2_4
11734,s2_885_1695,s2_n103_99,s4_n40_7,s1_below_4282,s2_2_3,s2_2001_2003,s2_760_2075,s3_17_37,Passenger Car,s5_64_76,Not Deployed,s2_97_208,s1_below_1,Female,s2_37_80,s3_141_159,s2_164_318,s3_80_160,s2_2_4
11735,s2_885_1695,s2_n103_99,s4_n40_7,s1_below_4282,s1_below_2,s3_2003_2005,s2_760_2075,s3_17_37,Passenger Car,s2_11_28,Not Deployed,s2_97_208,s1_below_1,Female,s2_37_80,s3_141_159,s2_164_318,s4_160_220,s2_2_4
11736,s2_885_1695,s2_n103_99,s4_n40_7,s1_below_4282,s1_below_2,s3_2003_2005,s2_760_2075,s3_17_37,Passenger Car,s2_11_28,Not Deployed,s2_97_208,s1_below_1,Male,s4_96_114,s3_141_159,s2_164_318,s4_160_220,s2_2_4
11737,s2_885_1695,s2_n103_99,s4_n40_7,s1_below_4282,s2_2_3,s2_2001_2003,s2_760_2075,s5_47_57,Passenger Car,s4_48_64,Not Deployed,s2_97_208,s1_below_1,Female,s2_37_80,s3_141_159,s2_164_318,s3_80_160,s2_2_4
11738,s2_885_1695,s2_n103_99,s4_n40_7,s1_below_4282,s4_4_5,s1_below_2001,s2_760_2075,s4_37_47,Passenger Car,s2_11_28,Deployed,s2_97_208,s1_below_1,Male,s2_37_80,s3_141_159,s2_164_318,s3_80_160,s2_2_4
11739,s2_885_1695,s2_n103_99,s4_n40_7,s1_below_4282,s1_below_2,s1_below_2001,s2_760_2075,s4_37_47,Passenger Car,s4_48_64,Deployed,s2_97_208,s3_2_3,Female,s2_37_80,s3_141_159,s2_164_318,s3_80_160,s2_2_4
11740,s2_885_1695,s2_n103_99,s4_n40_7,s1_below_4282,s1_below_2,s1_below_2001,s2_760_2075,s4_37_47,Truck (<=6000 lbs.),s2_11_28,Not Deployed,s2_97_208,s1_below_1,Female,s2_37_80,s3_141_159,s2_164_318,s5_220_260,s2_2_4
11741,s3_1695_2555,s2_n103_99,s4_n40_7,s1_below_4282,s1_below_2,s3_2003_2005,s2_760_2075,s4_37_47,Truck (<=6000 lbs.),s3_28_48,Deployed,s2_97_208,s1_below_1,Female,s3_80_96,s3_141_159,s2_164_318,s3_80_160,s2_2_4
11742,s2_885_1695,s2_n103_99,s5_7_up,s1_below_4282,s1_below_2,s3_2003_2005,s2_760_2075,s3_17_37,Passenger Car,s3_28_48,Not Deployed,s2_97_208,s1_below_1,Female,s2_37_80,s3_141_159,s2_164_318,s6_260_up,s2_2_4
11743,s2_885_1695,s2_n103_99,s4_n40_7,s1_below_4282,s1_below_2,s2_2001_2003,s2_760_2075,s1_below_7,Passenger Car,s6_76_up,Not Deployed,s2_97_208,s3_2_3,Female,s2_37_80,s3_141_159,s2_164_318,s5_220_260,s2_2_4
11744,s2_885_1695,s2_n103_99,s4_n40_7,s1_below_4282,s1_below_2,s2_2001_2003,s2_760_2075,s4_37_47,Passenger Car,s4_48_64,Deployed,s2_97_208,s1_below_1,Female,s2_37_80,s3_141_159,s2_164_318,s3_80_160,s2_2_4
11745,s2_885_1695,s2_n103_99,s4_n40_7,s1_below_4282,s3_3_4,s2_2001_2003,s2_760_2075,s4_37_47,Passenger Car,s4_48_64,Not Deployed,s2_97_208,s1_below_1,Female,s2_37_80,s3_141_159,s2_164_318,s4_160_220,s2_2_4
11746,s2_885_1695,s2_n103_99,s4_n40_7,s1_below_4282,s1_below_2,s3_2003_2005,s2_760_2075,s3_17_37,Passenger Car,s4_48_64,Deployed,s2_97_208,s1_below_1,Female,s3_80_96,s3_141_159,s2_164_318,s3_80_160,s2_2_4
11747,s2_885_1695,s2_n103_99,s5_7_up,s1_below_4282,s1_below_2,s2_2001_2003,s2_760_2075,s3_17_37,Passenger Car,s6_76_up,Not Deployed,s2_97_208,s1_below_1,Female,s2_37_80,s3_141_159,s2_164_318,s6_260_up,s2_2_4
11748,s4_2555_3715,s2_n103_99,s4_n40_7,s1_below_4282,s1_below_2,s3_2003_2005,s3_2075_3730,s4_37_47,Truck (<=10000 lbs.),s3_28_48,Deployed,s2_97_208,s1_below_1,Female,s2_37_80,s4_159_169,s3_318_464,s3_80_160,s4_5_6
11749,s2_885_1695,s2_n103_99,s4_n40_7,s1_below_4282,s3_3_4,s3_2003_2005,s2_760_2075,s3_17_37,Passenger Car,s5_64_76,Not Deployed,s2_97_208,s1_below_1,Male,s2_37_80,s3_141_159,s2_164_318,s3_80_160,s2_2_4
11750,s3_1695_2555,s2_n103_99,s4_n40_7,s1_below_4282,s1_below_2,s1_below_2001,s2_760_2075,s5_47_57,Truck (<=6000 lbs.),s4_48_64,Deployed,s2_97_208,s1_below_1,Male,s5_114_130,s3_141_159,s3_318_464,s3_80_160,s3_4_5
11751,s3_1695_2555,s2_n103_99,s4_n40_7,s1_below_4282,s1_below_2,s2_2001_2003,s2_760_2075,s3_17_37,Truck (<=6000 lbs.),s3_28_48,Not Deployed,s2_97_208,s1_below_1,Female,s4_96_114,s4_159_169,s2_164_318,s3_80_160,s3_4_5
11752,s2_885_1695,s2_n103_99,s4_n40_7,s1_below_4282,s1_below_2,s1_below_2001,s2_760_2075,s3_17_37,Passenger Car,s2_11_28,Not Deployed,s2_97_208,s1_below_1,Female,s2_37_80,s3_141_159,s2_164_318,s2_40_80,s2_2_4
11753,s2_885_1695,s2_n103_99,s3_n81_n40,s1_below_4282,s1_below_2,s3_2003_2005,s2_760_2075,s4_37_47,Passenger Car,s2_11_28,Deployed,s2_97_208,s1_below_1,Female,s3_80_96,s3_141_159,s2_164_318,s3_80_160,s2_2_4
11754,s3_1695_2555,s2_n103_99,s4_n40_7,s1_below_4282,s3_3_4,s3_2003_2005,s2_760_2075,s4_37_47,Truck (<=6000 lbs.),s4_48_64,Deployed,s2_97_208,s1_below_1,Female,s2_37_80,s4_159_169,s2_164_318,s4_160_220,s3_4_5
11755,s3_1695_2555,s2_n103_99,s4_n40_7,s1_below_4282,s1_below_2,s1_below_2001,s2_760_2075,s3_17_37,Truck (<=10000 lbs.),s4_48_64,Deployed,s2_97_208,s1_below_1,Female,s2_37_80,s3_141_159,s2_164_318,s3_80_160,s2_2_4
11756,s3_1695_2555,s2_n103_99,s4_n40_7,s1_below_4282,s4_4_5,s3_2003_2005,s2_760_2075,s5_47_57,Truck (<=6000 lbs.),s5_64_76,Not Deployed,s2_97_208,s1_below_1,Male,s4_96_114,s4_159_169,s2_164_318,s4_160_220,s2_2_4
11757,s2_885_1695,s2_n103_99,s4_n40_7,s1_below_4282,s1_below_2,s2_2001_2003,s2_760_2075,s4_37_47,Truck (<=6000 lbs.),s5_64_76,Not Deployed,s2_97_208,s1_below_1,Male,s3_80_96,s3_141_159,s2_164_318,s2_40_80,s2_2_4
11758,s3_1695_2555,s2_n103_99,s4_n40_7,s1_below_4282,s2_2_3,s2_2001_2003,s2_760_2075,s4_37_47,Truck (<=10000 lbs.),s3_28_48,Deployed,s2_97_208,s1_below_1,Female,s3_80_96,s3_141_159,s2_164_318,s3_80_160,s2_2_4
11759,s2_885_1695,s2_n103_99,s4_n40_7,s1_below_4282,s1_below_2,s2_2001_2003,s2_760_2075,s4_37_47,Passenger Car,s3_28_48,Not Deployed,s2_97_208,s1_below_1,Male,s3_80_96,s3_141_159,s2_164_318,s3_80_160,s2_2_4
11760,s3_1695_2555,s2_n103_99,s4_n40_7,s1_below_4282,s2_2_3,s1_below_2001,s2_760_2075,s3_17_37,Truck (<=6000 lbs.),s5_64_76,Not Deployed,s2_97_208,s1_below_1,Male,s3_80_96,s3_141_159,s2_164_318,s3_80_160,s3_4_5
11761,s3_1695_2555,s2_n103_99,s4_n40_7,s1_below_4282,s1_below_2,s3_2003_2005,s2_760_2075,s1_below_7,Truck (<=6000 lbs.),s3_28_48,Not Deployed,s2_97_208,s1_below_1,Female,s2_37_80,s3_141_159,s2_164_318,s3_80_160,s2_2_4
11762,s2_885_1695,s2_n103_99,s4_n40_7,s1_below_4282,s1_below_2,s1_below_2001,s2_760_2075,s3_17_37,Passenger Car,s4_48_64,Not Deployed,s2_97_208,s1_below_1,Female,s2_37_80,s3_141_159,s2_164_318,s2_40_80,s2_2_4
11763,s3_1695_2555,s2_n103_99,s4_n40_7,s1_below_4282,s1_below_2,s3_2003_2005,s2_760_2075,s5_47_57,Truck (<=10000 lbs.),s3_28_48,Not Deployed,s2_97_208,s1_below_1,Male,s4_96_114,s5_169_179,s3_318_464,s6_260_up,s5_6_7
11764,s2_885_1695,s2_n103_99,s4_n40_7,s1_below_4282,s1_below_2,s2_2001_2003,s3_2075_3730,s5_47_57,Truck (<=6000 lbs.),s3_28_48,Deployed,s2_97_208,s3_2_3,Male,s4_96_114,s3_141_159,s2_164_318,s3_80_160,s2_2_4
11765,s3_1695_2555,s2_n103_99,s4_n40_7,s1_below_4282,s1_below_2,s1_below_2001,s2_760_2075,s3_17_37,Truck (<=6000 lbs.),s5_64_76,Not Deployed,s2_97_208,s1_below_1,Male,s5_114_130,s4_159_169,s2_164_318,s4_160_220,s3_4_5
11766,s2_885_1695,s2_n103_99,s5_7_up,s1_below_4282,s1_below_2,s2_2001_2003,s3_2075_3730,s3_17_37,Truck (<=6000 lbs.),s4_48_64,Not Deployed,s2_97_208,s1_below_1,Female,s2_37_80,s2_116_141,s2_164_318,s6_260_up,s2_2_4
11767,s2_885_1695,s2_n103_99,s4_n40_7,s1_below_4282,s3_3_4,s3_2003_2005,s2_760_2075,s3_17_37,Passenger Car,s6_76_up,Deployed,s2_97_208,s1_below_1,Female,s2_37_80,s3_141_159,s2_164_318,s3_80_160,s2_2_4
11768,s2_885_1695,s2_n103_99,s4_n40_7,s1_below_4282,s1_below_2,s2_2001_2003,s2_760_2075,s5_47_57,Passenger Car,s3_28_48,Not Deployed,s2_97_208,s3_2_3,Male,s4_96_114,s3_141_159,s2_164_318,s2_40_80,s2_2_4
11769,s2_885_1695,s2_n103_99,s4_n40_7,s1_below_4282,s1_below_2,s1_below_2001,s2_760_2075,s4_37_47,Passenger Car,s4_48_64,Deployed,s2_97_208,s3_2_3,Female,s3_80_96,s3_141_159,s2_164_318,s3_80_160,s2_2_4
11770,s3_1695_2555,s2_n103_99,s4_n40_7,s1_below_4282,s1_below_2,s3_2003_2005,s2_760_2075,s4_37_47,Passenger Car,s3_28_48,Not Deployed,s2_97_208,s3_2_3,Male,s2_37_80,s3_141_159,s2_164_318,s5_220_260,s2_2_4
11771,s2_885_1695,s2_n103_99,s5_7_up,s1_below_4282,s4_4_5,s3_2003_2005,s2_760_2075,s4_37_47,Passenger Car,s3_28_48,Not Deployed,s2_97_208,s1_below_1,Male,s5_114_130,s3_141_159,s2_164_318,s6_260_up,s2_2_4
11772,s2_885_1695,s2_n103_99,s4_n40_7,s1_below_4282,s1_below_2,s2_2001_2003,s2_760_2075,s4_37_47,Passenger Car,s2_11_28,Deployed,s2_97_208,s1_below_1,Female,s2_37_80,s3_141_159,s2_164_318,s3_80_160,s2_2_4
11773,s2_885_1695,s2_n103_99,s3_n81_n40,s1_below_4282,s1_below_2,s2_2001_2003,s2_760_2075,s4_37_47,Passenger Car,s2_11_28,Deployed,s1_below_97,s1_below_1,Female,s2_37_80,s3_141_159,s2_164_318,s3_80_160,s2_2_4
11774,s2_885_1695,s2_n103_99,s5_7_up,s1_below_4282,s2_2_3,s3_2003_2005,s2_760_2075,s3_17_37,Passenger Car,s2_11_28,Not Deployed,s2_97_208,s1_below_1,Male,s2_37_80,s3_141_159,s2_164_318,s4_160_220,s2_2_4
11775,s4_2555_3715,s2_n103_99,s4_n40_7,s1_below_4282,s1_below_2,s3_2003_2005,s2_760_2075,s5_47_57,Truck (<=10000 lbs.),s2_11_28,Deployed,s2_97_208,s1_below_1,Male,s3_80_96,s5_169_179,s3_318_464,s3_80_160,s5_6_7
11776,s3_1695_2555,s2_n103_99,s4_n40_7,s1_below_4282,s1_below_2,s2_2001_2003,s2_760_2075,s3_17_37,Truck (<=10000 lbs.),s3_28_48,Not Deployed,s2_97_208,s1_below_1,Female,s2_37_80,s3_141_159,s3_318_464,s3_80_160,s3_4_5
11777,s3_1695_2555,s2_n103_99,s4_n40_7,s1_below_4282,s1_below_2,s3_2003_2005,s2_760_2075,s3_17_37,Passenger Car,s4_48_64,Not Deployed,s2_97_208,s1_below_1,Male,s3_80_96,s3_141_159,s2_164_318,s3_80_160,s2_2_4
11778,s2_885_1695,s2_n103_99,s4_n40_7,s1_below_4282,s1_below_2,s1_below_2001,s2_760_2075,s3_17_37,Passenger Car,s2_11_28,Deployed,s2_97_208,s1_below_1,Female,s2_37_80,s3_141_159,s2_164_318,s3_80_160,s2_2_4
11779,s2_885_1695,s2_n103_99,s4_n40_7,s1_below_4282,s1_below_2,s2_2001_2003,s2_760_2075,s3_17_37,Passenger Car,s2_11_28,Deployed,s2_97_208,s1_below_1,Female,s2_37_80,s3_141_159,s2_164_318,s3_80_160,s2_2_4
11780,s2_885_1695,s2_n103_99,s4_n40_7,s1_below_4282,s1_below_2,s2_2001_2003,s2_760_2075,s4_37_47,Passenger Car,s2_11_28,Deployed,s2_97_208,s1_below_1,Male,s4_96_114,s3_141_159,s2_164_318,s3_80_160,s2_2_4
11781,s2_885_1695,s2_n103_99,s4_n40_7,s1_below_4282,s1_below_2,s2_2001_2003,s2_760_2075,s4_37_47,Passenger Car,s3_28_48,Deployed,s2_97_208,s1_below_1,Female,s2_37_80,s3_141_159,s2_164_318,s3_80_160,s2_2_4
11782,s2_885_1695,s2_n103_99,s4_n40_7,s1_below_4282,s1_below_2,s1_below_2001,s2_760_2075,s3_17_37,Passenger Car,s3_28_48,Not Deployed,s2_97_208,s1_below_1,Male,s2_37_80,s3_141_159,s2_164_318,s3_80_160,s2_2_4
11783,s2_885_1695,s2_n103_99,s5_7_up,s1_below_4282,s1_below_2,s3_2003_2005,s2_760_2075,s4_37_47,Passenger Car,s3_28_48,Not Deployed,s2_97_208,s1_below_1,Male,s4_96_114,s3_141_159,s2_164_318,s3_80_160,s2_2_4
11784,s2_885_1695,s2_n103_99,s4_n40_7,s1_below_4282,s2_2_3,s3_2003_2005,s2_760_2075,s5_47_57,Truck (<=6000 lbs.),s3_28_48,Deployed,s2_97_208,s1_below_1,Male,s2_37_80,s3_141_159,s2_164_318,s3_80_160,s2_2_4
11785,s2_885_1695,s2_n103_99,s4_n40_7,s1_below_4282,s1_below_2,s2_2001_2003,s4_3730_up,s3_17_37,Passenger Car,s2_11_28,Deployed,s2_97_208,s1_below_1,Female,s2_37_80,s3_141_159,s2_164_318,s3_80_160,s2_2_4
11786,s2_885_1695,s2_n103_99,s4_n40_7,s1_below_4282,s2_2_3,s1_below_2001,s2_760_2075,s3_17_37,Truck (<=6000 lbs.),s3_28_48,Not Deployed,s2_97_208,s1_below_1,Male,s4_96_114,s4_159_169,s2_164_318,s3_80_160,s2_2_4
11787,s2_885_1695,s2_n103_99,s4_n40_7,s1_below_4282,s2_2_3,s1_below_2001,s2_760_2075,s3_17_37,Truck (<=6000 lbs.),s6_76_up,Not Deployed,s2_97_208,s1_below_1,Female,s2_37_80,s3_141_159,s2_164_318,s4_160_220,s2_2_4
11788,s2_885_1695,s2_n103_99,s4_n40_7,s1_below_4282,s1_below_2,s2_2001_2003,s2_760_2075,s3_17_37,Passenger Car,s4_48_64,Not Deployed,s2_97_208,s1_below_1,Male,s2_37_80,s3_141_159,s2_164_318,s3_80_160,s2_2_4
11789,s3_1695_2555,s2_n103_99,s4_n40_7,s1_below_4282,s3_3_4,s3_2003_2005,s2_760_2075,s4_37_47,Truck (<=6000 lbs.),s3_28_48,Deployed,s2_97_208,s1_below_1,Male,s3_80_96,s4_159_169,s2_164_318,s4_160_220,s3_4_5
11790,s2_885_1695,s2_n103_99,s4_n40_7,s1_below_4282,s1_below_2,s3_2003_2005,s2_760_2075,s3_17_37,Truck (<=6000 lbs.),s4_48_64,Not Deployed,s2_97_208,s1_below_1,Female,s2_37_80,s3_141_159,s2_164_318,s2_40_80,s2_2_4
11791,s2_885_1695,s2_n103_99,s4_n40_7,s1_below_4282,s1_below_2,s1_below_2001,s3_2075_3730,s4_37_47,Passenger Car,s2_11_28,Deployed,s2_97_208,s3_2_3,Female,s2_37_80,s3_141_159,s2_164_318,s3_80_160,s2_2_4
11792,s2_885_1695,s2_n103_99,s4_n40_7,s1_below_4282,s3_3_4,s1_below_2001,s2_760_2075,s5_47_57,Passenger Car,s3_28_48,Deployed,s2_97_208,s1_below_1,Male,s2_37_80,s3_141_159,s2_164_318,s3_80_160,s2_2_4
11793,s2_885_1695,s2_n103_99,s4_n40_7,s1_below_4282,s1_below_2,s2_2001_2003,s2_760_2075,s5_47_57,Passenger Car,s5_64_76,Not Deployed,s2_97_208,s1_below_1,Female,s2_37_80,s3_141_159,s2_164_318,s3_80_160,s2_2_4
11794,s3_1695_2555,s2_n103_99,s4_n40_7,s1_below_4282,s1_below_2,s1_below_2001,s2_760_2075,s3_17_37,Truck (<=6000 lbs.),s2_11_28,Not Deployed,s2_97_208,s1_below_1,Male,s4_96_114,s2_116_141,s2_164_318,s3_80_160,s2_2_4
11795,s4_2555_3715,s2_n103_99,s4_n40_7,s1_below_4282,s1_below_2,s3_2003_2005,s2_760_2075,s4_37_47,Truck (<=10000 lbs.),s4_48_64,Not Deployed,s2_97_208,s1_below_1,Male,s4_96_114,s5_169_179,s3_318_464,s3_80_160,s4_5_6
11796,s2_885_1695,s2_n103_99,s4_n40_7,s1_below_4282,s1_below_2,s3_2003_2005,s2_760_2075,s4_37_47,Passenger Car,s3_28_48,Deployed,s2_97_208,s1_below_1,Male,s4_96_114,s3_141_159,s2_164_318,s3_80_160,s2_2_4
11797,s3_1695_2555,s2_n103_99,s4_n40_7,s1_below_4282,s1_below_2,s3_2003_2005,s2_760_2075,s4_37_47,Truck (<=6000 lbs.),s2_11_28,Deployed,s2_97_208,s1_below_1,Male,s2_37_80,s3_141_159,s3_318_464,s3_80_160,s2_2_4
11798,s4_2555_3715,s2_n103_99,s4_n40_7,s1_below_4282,s1_below_2,s3_2003_2005,s3_2075_3730,s3_17_37,Truck (<=10000 lbs.),s3_28_48,Not Deployed,s2_97_208,s1_below_1,Male,s4_96_114,s5_169_179,s3_318_464,s2_40_80,s5_6_7
11799,s2_885_1695,s2_n103_99,s4_n40_7,s1_below_4282,s4_4_5,s1_below_2001,s2_760_2075,s4_37_47,Passenger Car,s5_64_76,Not Deployed,s2_97_208,s1_below_1,Female,s2_37_80,s3_141_159,s2_164_318,s4_160_220,s2_2_4
11800,s2_885_1695,s2_n103_99,s4_n40_7,s1_below_4282,s3_3_4,s2_2001_2003,s2_760_2075,s3_17_37,Passenger Car,s2_11_28,Deployed,s2_97_208,s1_below_1,Male,s2_37_80,s3_141_159,s2_164_318,s3_80_160,s2_2_4
11801,s2_885_1695,s2_n103_99,s4_n40_7,s1_below_4282,s1_below_2,s2_2001_2003,s2_760_2075,s3_17_37,Passenger Car,s4_48_64,Deployed,s2_97_208,s1_below_1,Male,s5_114_130,s3_141_159,s2_164_318,s3_80_160,s2_2_4
11802,s3_1695_2555,s2_n103_99,s4_n40_7,s1_below_4282,s1_below_2,s1_below_2001,s2_760_2075,s4_37_47,Truck (<=6000 lbs.),s3_28_48,Deployed,s2_97_208,s1_below_1,Female,s3_80_96,s4_159_169,s2_164_318,s3_80_160,s2_2_4
11803,s2_885_1695,s2_n103_99,s4_n40_7,s1_below_4282,s2_2_3,s2_2001_2003,s2_760_2075,s4_37_47,Passenger Car,s6_76_up,Deployed,s2_97_208,s3_2_3,Male,s3_80_96,s3_141_159,s2_164_318,s3_80_160,s2_2_4
11804,s2_885_1695,s2_n103_99,s3_n81_n40,s1_below_4282,s1_below_2,s2_2001_2003,s2_760_2075,s4_37_47,Passenger Car,s2_11_28,Deployed,s2_97_208,s4_3_4,Male,s2_37_80,s3_141_159,s2_164_318,s3_80_160,s2_2_4
11805,s2_885_1695,s2_n103_99,s4_n40_7,s1_below_4282,s4_4_5,s3_2003_2005,s3_2075_3730,s4_37_47,Passenger Car,s2_11_28,Not Deployed,s2_97_208,s1_below_1,Female,s2_37_80,s3_141_159,s2_164_318,s3_80_160,s2_2_4
11806,s2_885_1695,s2_n103_99,s4_n40_7,s1_below_4282,s1_below_2,s3_2003_2005,s2_760_2075,s4_37_47,Passenger Car,s2_11_28,Deployed,s2_97_208,s1_below_1,Male,s2_37_80,s4_159_169,s2_164_318,s3_80_160,s2_2_4
11807,s3_1695_2555,s2_n103_99,s4_n40_7,s1_below_4282,s1_below_2,s1_below_2001,s2_760_2075,s4_37_47,Truck (<=10000 lbs.),s2_11_28,Not Deployed,s2_97_208,s1_below_1,Male,s2_37_80,s3_141_159,s2_164_318,s3_80_160,s2_2_4
11808,s2_885_1695,s2_n103_99,s5_7_up,s1_below_4282,s1_below_2,s3_2003_2005,s2_760_2075,s4_37_47,Passenger Car,s2_11_28,Deployed,s2_97_208,s1_below_1,Female,s2_37_80,s3_141_159,s2_164_318,s6_260_up,s2_2_4
11809,s3_1695_2555,s2_n103_99,s4_n40_7,s1_below_4282,s1_below_2,s2_2001_2003,s2_760_2075,s3_17_37,Truck (<=6000 lbs.),s4_48_64,Not Deployed,s2_97_208,s1_below_1,Male,s4_96_114,s3_141_159,s2_164_318,s1_below_40,s2_2_4
11810,s2_885_1695,s2_n103_99,s4_n40_7,s1_below_4282,s3_3_4,s2_2001_2003,s2_760_2075,s4_37_47,Passenger Car,s5_64_76,Not Deployed,s2_97_208,s1_below_1,Female,s3_80_96,s3_141_159,s2_164_318,s4_160_220,s2_2_4
11811,s2_885_1695,s2_n103_99,s4_n40_7,s1_below_4282,s1_below_2,s2_2001_2003,s2_760_2075,s4_37_47,Passenger Car,s3_28_48,Not Deployed,s2_97_208,s1_below_1,Male,s3_80_96,s3_141_159,s2_164_318,s3_80_160,s2_2_4
11812,s2_885_1695,s2_n103_99,s5_7_up,s1_below_4282,s4_4_5,s1_below_2001,s2_760_2075,s4_37_47,Truck (<=6000 lbs.),s3_28_48,Not Deployed,s2_97_208,s1_below_1,Male,s2_37_80,s3_141_159,s2_164_318,s6_260_up,s2_2_4
11813,s2_885_1695,s2_n103_99,s4_n40_7,s1_below_4282,s2_2_3,s2_2001_2003,s2_760_2075,s4_37_47,Truck (<=6000 lbs.),s4_48_64,Not Deployed,s2_97_208,s1_below_1,Male,s3_80_96,s2_116_141,s2_164_318,s4_160_220,s2_2_4
11814,s2_885_1695,s2_n103_99,s4_n40_7,s1_below_4282,s1_below_2,s3_2003_2005,s2_760_2075,s3_17_37,Passenger Car,s2_11_28,Not Deployed,s2_97_208,s1_below_1,Female,s4_96_114,s3_141_159,s2_164_318,s3_80_160,s2_2_4
11815,s2_885_1695,s2_n103_99,s4_n40_7,s1_below_4282,s1_below_2,s3_2003_2005,s2_760_2075,s4_37_47,Passenger Car,s2_11_28,Not Deployed,s2_97_208,s1_below_1,Male,s2_37_80,s3_141_159,s2_164_318,s3_80_160,s2_2_4
11816,s3_1695_2555,s2_n103_99,s4_n40_7,s1_below_4282,s1_below_2,s1_below_2001,s2_760_2075,s1_below_7,Truck (<=6000 lbs.),s2_11_28,Not Deployed,s2_97_208,s1_below_1,Male,s2_37_80,s3_141_159,s2_164_318,s4_160_220,s2_2_4
11817,s2_885_1695,s2_n103_99,s4_n40_7,s1_below_4282,s1_below_2,s1_below_2001,s2_760_2075,s3_17_37,Passenger Car,s3_28_48,Not Deployed,s2_97_208,s1_below_1,Male,s2_37_80,s3_141_159,s2_164_318,s3_80_160,s2_2_4
11818,s3_1695_2555,s2_n103_99,s4_n40_7,s1_below_4282,s1_below_2,s3_2003_2005,s3_2075_3730,s4_37_47,Truck (<=10000 lbs.),s2_11_28,Deployed,s2_97_208,s1_below_1,Male,s3_80_96,s3_141_159,s3_318_464,s3_80_160,s3_4_5
11819,s2_885_1695,s2_n103_99,s4_n40_7,s1_below_4282,s1_below_2,s3_2003_2005,s2_760_2075,s4_37_47,Passenger Car,s2_11_28,Deployed,s2_97_208,s1_below_1,Male,s2_37_80,s3_141_159,s2_164_318,s3_80_160,s2_2_4
11820,s2_885_1695,s2_n103_99,s4_n40_7,s1_below_4282,s1_below_2,s2_2001_2003,s3_2075_3730,s4_37_47,Passenger Car,s2_11_28,Not Deployed,s2_97_208,s1_below_1,Female,s2_37_80,s3_141_159,s2_164_318,s3_80_160,s2_2_4
11821,s2_885_1695,s2_n103_99,s4_n40_7,s1_below_4282,s1_below_2,s3_2003_2005,s2_760_2075,s4_37_47,Passenger Car,s4_48_64,Deployed,s2_97_208,s1_below_1,Male,s2_37_80,s3_141_159,s2_164_318,s3_80_160,s2_2_4
11822,s3_1695_2555,s2_n103_99,s4_n40_7,s1_below_4282,s3_3_4,s1_below_2001,s2_760_2075,s3_17_37,Truck (<=6000 lbs.),s3_28_48,Not Deployed,s2_97_208,s1_below_1,Female,s2_37_80,s3_141_159,s2_164_318,s3_80_160,s2_2_4
11823,s2_885_1695,s2_n103_99,s4_n40_7,s1_below_4282,s1_below_2,s1_below_2001,s2_760_2075,s3_17_37,Passenger Car,s3_28_48,Not Deployed,s2_97_208,s1_below_1,Female,s2_37_80,s3_141_159,s2_164_318,s4_160_220,s2_2_4
11824,s2_885_1695,s2_n103_99,s4_n40_7,s1_below_4282,s1_below_2,s1_below_2001,s2_760_2075,s4_37_47,Passenger Car,s2_11_28,Deployed,s2_97_208,s1_below_1,Female,s2_37_80,s3_141_159,s2_164_318,s3_80_160,s2_2_4
11825,s2_885_1695,s2_n103_99,s4_n40_7,s1_below_4282,s1_below_2,s2_2001_2003,s2_760_2075,s4_37_47,Passenger Car,s5_64_76,Deployed,s2_97_208,s1_below_1,Female,s2_37_80,s3_141_159,s2_164_318,s3_80_160,s2_2_4
11826,s2_885_1695,s2_n103_99,s4_n40_7,s1_below_4282,s3_3_4,s3_2003_2005,s2_760_2075,s4_37_47,Passenger Car,s4_48_64,Deployed,s2_97_208,s1_below_1,Male,s3_80_96,s3_141_159,s2_164_318,s4_160_220,s2_2_4
11827,s2_885_1695,s2_n103_99,s4_n40_7,s1_below_4282,s4_4_5,s2_2001_2003,s2_760_2075,s3_17_37,Passenger Car,s2_11_28,Deployed,s2_97_208,s1_below_1,Male,s4_96_114,s3_141_159,s2_164_318,s4_160_220,s2_2_4
11828,s2_885_1695,s2_n103_99,s4_n40_7,s1_below_4282,s1_below_2,s1_below_2001,s2_760_2075,s4_37_47,Passenger Car,s2_11_28,Not Deployed,s2_97_208,s1_below_1,Male,s2_37_80,s3_141_159,s2_164_318,s4_160_220,s2_2_4
11829,s2_885_1695,s2_n103_99,s4_n40_7,s1_below_4282,s1_below_2,s2_2001_2003,s2_760_2075,s4_37_47,Passenger Car,s2_11_28,Not Deployed,s2_97_208,s1_below_1,Female,s2_37_80,s3_141_159,s2_164_318,s3_80_160,s2_2_4
11830,s2_885_1695,s2_n103_99,s4_n40_7,s1_below_4282,s1_below_2,s2_2001_2003,s2_760_2075,s3_17_37,Passenger Car,s2_11_28,Not Deployed,s2_97_208,s1_below_1,Female,s2_37_80,s3_141_159,s2_164_318,s1_below_40,s2_2_4
11831,s2_885_1695,s2_n103_99,s4_n40_7,s1_below_4282,s3_3_4,s2_2001_2003,s2_760_2075,s3_17_37,Passenger Car,s2_11_28,Not Deployed,s2_97_208,s1_below_1,Male,s4_96_114,s3_141_159,s2_164_318,s3_80_160,s2_2_4
11832,s2_885_1695,s2_n103_99,s4_n40_7,s1_below_4282,s4_4_5,s2_2001_2003,s2_760_2075,s4_37_47,Passenger Car,s6_76_up,Not Deployed,s2_97_208,s1_below_1,Female,s2_37_80,s3_141_159,s2_164_318,s5_220_260,s2_2_4
11833,s2_885_1695,s2_n103_99,s4_n40_7,s1_below_4282,s3_3_4,s3_2003_2005,s2_760_2075,s4_37_47,Truck (<=6000 lbs.),s3_28_48,Not Deployed,s2_97_208,s1_below_1,Female,s2_37_80,s3_141_159,s2_164_318,s3_80_160,s2_2_4
11834,s2_885_1695,s2_n103_99,s4_n40_7,s1_below_4282,s2_2_3,s2_2001_2003,s2_760_2075,s4_37_47,Passenger Car,s2_11_28,Deployed,s2_97_208,s1_below_1,Female,s2_37_80,s3_141_159,s2_164_318,s3_80_160,s2_2_4
11835,s3_1695_2555,s2_n103_99,s4_n40_7,s1_below_4282,s1_below_2,s2_2001_2003,s3_2075_3730,s3_17_37,Truck (<=6000 lbs.),s4_48_64,Not Deployed,s2_97_208,s1_below_1,Female,s2_37_80,s3_141_159,s2_164_318,s3_80_160,s2_2_4
11836,s3_1695_2555,s2_n103_99,s4_n40_7,s1_below_4282,s1_below_2,s3_2003_2005,s2_760_2075,s3_17_37,Truck (<=10000 lbs.),s3_28_48,Not Deployed,s2_97_208,s1_below_1,Male,s3_80_96,s3_141_159,s2_164_318,s3_80_160,s2_2_4
11837,s2_885_1695,s2_n103_99,s4_n40_7,s1_below_4282,s1_below_2,s2_2001_2003,s2_760_2075,s3_17_37,Passenger Car,s4_48_64,Not Deployed,s2_97_208,s1_below_1,Female,s4_96_114,s3_141_159,s2_164_318,s4_160_220,s2_2_4
11838,s2_885_1695,s2_n103_99,s4_n40_7,s1_below_4282,s2_2_3,s3_2003_2005,s2_760_2075,s4_37_47,Truck (<=6000 lbs.),s2_11_28,Not Deployed,s2_97_208,s1_below_1,Female,s2_37_80,s3_141_159,s2_164_318,s4_160_220,s2_2_4
11839,s2_885_1695,s2_n103_99,s4_n40_7,s1_below_4282,s2_2_3,s2_2001_2003,s2_760_2075,s3_17_37,Passenger Car,s4_48_64,Not Deployed,s2_97_208,s1_below_1,Male,s3_80_96,s3_141_159,s2_164_318,s3_80_160,s2_2_4
11840,s2_885_1695,s2_n103_99,s4_n40_7,s1_below_4282,s3_3_4,s2_2001_2003,s2_760_2075,s4_37_47,Passenger Car,s2_11_28,Deployed,s2_97_208,s1_below_1,Male,s3_80_96,s3_141_159,s2_164_318,s3_80_160,s2_2_4
11841,s2_885_1695,s2_n103_99,s5_7_up,s1_below_4282,s4_4_5,s2_2001_2003,s2_760_2075,s3_17_37,Passenger Car,s5_64_76,Deployed,s2_97_208,s1_below_1,Female,s2_37_80,s3_141_159,s2_164_318,s6_260_up,s2_2_4
11842,s2_885_1695,s2_n103_99,s4_n40_7,s1_below_4282,s3_3_4,s3_2003_2005,s2_760_2075,s4_37_47,Passenger Car,s2_11_28,Not Deployed,s2_97_208,s1_below_1,Female,s2_37_80,s3_141_159,s2_164_318,s4_160_220,s2_2_4
11843,s2_885_1695,s2_n103_99,s4_n40_7,s1_below_4282,s3_3_4,s3_2003_2005,s2_760_2075,s3_17_37,Passenger Car,s4_48_64,Deployed,s2_97_208,s1_below_1,Female,s2_37_80,s3_141_159,s2_164_318,s3_80_160,s2_2_4
11844,s2_885_1695,s2_n103_99,s4_n40_7,s1_below_4282,s1_below_2,s3_2003_2005,s2_760_2075,s4_37_47,Passenger Car,s2_11_28,Not Deployed,s2_97_208,s1_below_1,Female,s3_80_96,s3_141_159,s2_164_318,s2_40_80,s2_2_4
11845,s2_885_1695,s2_n103_99,s4_n40_7,s1_below_4282,s1_below_2,s3_2003_2005,s2_760_2075,s3_17_37,Passenger Car,s5_64_76,Deployed,s2_97_208,s2_1_2,Female,s2_37_80,s3_141_159,s2_164_318,s3_80_160,s2_2_4
11846,s2_885_1695,s2_n103_99,s4_n40_7,s1_below_4282,s2_2_3,s2_2001_2003,s2_760_2075,s4_37_47,Passenger Car,s4_48_64,Deployed,s2_97_208,s2_1_2,Male,s3_80_96,s3_141_159,s2_164_318,s3_80_160,s2_2_4
11847,s2_885_1695,s2_n103_99,s5_7_up,s1_below_4282,s1_below_2,s1_below_2001,s2_760_2075,s3_17_37,Passenger Car,s5_64_76,Not Deployed,s2_97_208,s1_below_1,Male,s3_80_96,s3_141_159,s2_164_318,s6_260_up,s2_2_4
11848,s2_885_1695,s2_n103_99,s4_n40_7,s1_below_4282,s3_3_4,s3_2003_2005,s2_760_2075,s3_17_37,Passenger Car,s5_64_76,Not Deployed,s2_97_208,s1_below_1,Male,s2_37_80,s3_141_159,s2_164_318,s3_80_160,s2_2_4
11849,s2_885_1695,s2_n103_99,s4_n40_7,s1_below_4282,s1_below_2,s2_2001_2003,s3_2075_3730,s4_37_47,Passenger Car,s3_28_48,Deployed,s2_97_208,s1_below_1,Female,s2_37_80,s3_141_159,s2_164_318,s3_80_160,s2_2_4
11850,s3_1695_2555,s2_n103_99,s4_n40_7,s1_below_4282,s1_below_2,s1_below_2001,s2_760_2075,s4_37_47,Passenger Car,s3_28_48,Not Deployed,s2_97_208,s1_below_1,Male,s3_80_96,s3_141_159,s2_164_318,s3_80_160,s2_2_4
11851,s2_885_1695,s2_n103_99,s4_n40_7,s1_below_4282,s1_below_2,s2_2001_2003,s2_760_2075,s3_17_37,Passenger Car,s2_11_28,Not Deployed,s2_97_208,s1_below_1,Male,s3_80_96,s3_141_159,s2_164_318,s3_80_160,s2_2_4
11852,s2_885_1695,s2_n103_99,s4_n40_7,s1_below_4282,s1_below_2,s2_2001_2003,s2_760_2075,s1_below_7,Truck (<=6000 lbs.),s3_28_48,Not Deployed,s2_97_208,s1_below_1,Female,s2_37_80,s3_141_159,s2_164_318,s3_80_160,s2_2_4
11853,s2_885_1695,s2_n103_99,s4_n40_7,s1_below_4282,s1_below_2,s2_2001_2003,s2_760_2075,s4_37_47,Passenger Car,s4_48_64,Deployed,s2_97_208,s1_below_1,Male,s2_37_80,s3_141_159,s2_164_318,s2_40_80,s2_2_4
11854,s3_1695_2555,s2_n103_99,s4_n40_7,s1_below_4282,s3_3_4,s3_2003_2005,s2_760_2075,s4_37_47,Truck (<=10000 lbs.),s4_48_64,Not Deployed,s2_97_208,s1_below_1,Male,s2_37_80,s4_159_169,s2_164_318,s3_80_160,s3_4_5
11855,s2_885_1695,s2_n103_99,s4_n40_7,s1_below_4282,s3_3_4,s2_2001_2003,s2_760_2075,s3_17_37,Passenger Car,s3_28_48,Deployed,s2_97_208,s1_below_1,Male,s5_114_130,s3_141_159,s2_164_318,s3_80_160,s2_2_4
11856,s2_885_1695,s2_n103_99,s5_7_up,s1_below_4282,s2_2_3,s1_below_2001,s3_2075_3730,s4_37_47,Truck (<=6000 lbs.),s3_28_48,Not Deployed,s2_97_208,s1_below_1,Female,s2_37_80,s3_141_159,s2_164_318,s6_260_up,s2_2_4
11857,s3_1695_2555,s2_n103_99,s4_n40_7,s1_below_4282,s1_below_2,s3_2003_2005,s2_760_2075,s3_17_37,Truck (<=10000 lbs.),s4_48_64,Not Deployed,s2_97_208,s1_below_1,Male,s3_80_96,s4_159_169,s2_164_318,s4_160_220,s3_4_5
11858,s3_1695_2555,s2_n103_99,s4_n40_7,s1_below_4282,s1_below_2,s3_2003_2005,s2_760_2075,s3_17_37,Truck (<=6000 lbs.),s3_28_48,Not Deployed,s2_97_208,s1_below_1,Male,s3_80_96,s3_141_159,s2_164_318,s3_80_160,s2_2_4
11859,s3_1695_2555,s2_n103_99,s4_n40_7,s1_below_4282,s1_below_2,s3_2003_2005,s2_760_2075,s3_17_37,Truck (<=6000 lbs.),s3_28_48,Deployed,s2_97_208,s1_below_1,Male,s2_37_80,s3_141_159,s2_164_318,s2_40_80,s2_2_4
11860,s3_1695_2555,s2_n103_99,s4_n40_7,s1_below_4282,s1_below_2,s1_below_2001,s2_760_2075,s4_37_47,Passenger Car,s4_48_64,Not Deployed,s2_97_208,s1_below_1,Female,s3_80_96,s3_141_159,s2_164_318,s3_80_160,s2_2_4
11861,s3_1695_2555,s2_n103_99,s4_n40_7,s1_below_4282,s1_below_2,s3_2003_2005,s2_760_2075,s4_37_47,Truck (<=6000 lbs.),s6_76_up,Not Deployed,s2_97_208,s1_below_1,Male,s2_37_80,s3_141_159,s2_164_318,s4_160_220,s2_2_4
11862,s2_885_1695,s2_n103_99,s4_n40_7,s1_below_4282,s1_below_2,s3_2003_2005,s2_760_2075,s4_37_47,Passenger Car,s3_28_48,Not Deployed,s2_97_208,s1_below_1,Male,s4_96_114,s3_141_159,s2_164_318,s3_80_160,s2_2_4
11863,s2_885_1695,s2_n103_99,s4_n40_7,s1_below_4282,s1_below_2,s2_2001_2003,s3_2075_3730,s3_17_37,Truck (<=6000 lbs.),s4_48_64,Not Deployed,s2_97_208,s1_below_1,Female,s2_37_80,s3_141_159,s2_164_318,s2_40_80,s2_2_4
11864,s2_885_1695,s2_n103_99,s4_n40_7,s1_below_4282,s1_below_2,s1_below_2001,s2_760_2075,s3_17_37,Passenger Car,s2_11_28,Not Deployed,s2_97_208,s1_below_1,Male,s3_80_96,s3_141_159,s2_164_318,s3_80_160,s2_2_4
11865,s2_885_1695,s2_n103_99,s4_n40_7,s1_below_4282,s3_3_4,s3_2003_2005,s2_760_2075,s5_47_57,Passenger Car,s2_11_28,Deployed,s2_97_208,s1_below_1,Male,s2_37_80,s3_141_159,s2_164_318,s3_80_160,s2_2_4
11866,s2_885_1695,s2_n103_99,s4_n40_7,s1_below_4282,s1_below_2,s1_below_2001,s2_760_2075,s3_17_37,Passenger Car,s2_11_28,Not Deployed,s2_97_208,s1_below_1,Female,s4_96_114,s3_141_159,s2_164_318,s3_80_160,s2_2_4
11867,s3_1695_2555,s2_n103_99,s4_n40_7,s1_below_4282,s1_below_2,s3_2003_2005,s2_760_2075,s3_17_37,Truck (<=10000 lbs.),s4_48_64,Not Deployed,s2_97_208,s1_below_1,Male,s4_96_114,s4_159_169,s2_164_318,s3_80_160,s3_4_5
11868,s2_885_1695,s2_n103_99,s4_n40_7,s1_below_4282,s3_3_4,s2_2001_2003,s2_760_2075,s3_17_37,Passenger Car,s3_28_48,Deployed,s2_97_208,s1_below_1,Male,s3_80_96,s3_141_159,s2_164_318,s3_80_160,s2_2_4
11869,s3_1695_2555,s2_n103_99,s4_n40_7,s1_below_4282,s3_3_4,s3_2003_2005,s2_760_2075,s3_17_37,Truck (<=6000 lbs.),s3_28_48,Deployed,s2_97_208,s1_below_1,Female,s2_37_80,s5_169_179,s2_164_318,s3_80_160,s2_2_4
11870,s2_885_1695,s2_n103_99,s4_n40_7,s1_below_4282,s3_3_4,s1_below_2001,s2_760_2075,s3_17_37,Passenger Car,s3_28_48,Deployed,s2_97_208,s1_below_1,Male,s2_37_80,s3_141_159,s2_164_318,s3_80_160,s2_2_4
11871,s2_885_1695,s2_n103_99,s4_n40_7,s1_below_4282,s1_below_2,s1_below_2001,s2_760_2075,s3_17_37,Passenger Car,s2_11_28,Not Deployed,s2_97_208,s1_below_1,Female,s2_37_80,s3_141_159,s2_164_318,s5_220_260,s2_2_4
11872,s3_1695_2555,s2_n103_99,s4_n40_7,s1_below_4282,s1_below_2,s3_2003_2005,s2_760_2075,s3_17_37,Truck (<=6000 lbs.),s4_48_64,Not Deployed,s2_97_208,s1_below_1,Male,s4_96_114,s3_141_159,s2_164_318,s3_80_160,s2_2_4
11873,s2_885_1695,s2_n103_99,s4_n40_7,s1_below_4282,s3_3_4,s3_2003_2005,s2_760_2075,s3_17_37,Passenger Car,s2_11_28,Not Deployed,s2_97_208,s1_below_1,Male,s2_37_80,s3_141_159,s2_164_318,s3_80_160,s2_2_4
11874,s3_1695_2555,s2_n103_99,s5_7_up,s1_below_4282,s1_below_2,s3_2003_2005,s2_760_2075,s3_17_37,Truck (<=6000 lbs.),s4_48_64,Not Deployed,s2_97_208,s1_below_1,Female,s2_37_80,s3_141_159,s2_164_318,s6_260_up,s2_2_4
11875,s2_885_1695,s2_n103_99,s4_n40_7,s1_below_4282,s5_5_6,s2_2001_2003,s2_760_2075,s3_17_37,Passenger Car,s2_11_28,Not Deployed,s2_97_208,s1_below_1,Male,s2_37_80,s3_141_159,s2_164_318,s4_160_220,s2_2_4
11876,s2_885_1695,s2_n103_99,s4_n40_7,s1_below_4282,s1_below_2,s1_below_2001,s2_760_2075,s3_17_37,Passenger Car,s3_28_48,Not Deployed,s2_97_208,s1_below_1,Male,s2_37_80,s3_141_159,s2_164_318,s3_80_160,s2_2_4
11877,s2_885_1695,s2_n103_99,s4_n40_7,s1_below_4282,s2_2_3,s3_2003_2005,s2_760_2075,s5_47_57,Passenger Car,s2_11_28,Not Deployed,s2_97_208,s1_below_1,Male,s3_80_96,s3_141_159,s2_164_318,s3_80_160,s2_2_4
11878,s2_885_1695,s2_n103_99,s4_n40_7,s1_below_4282,s4_4_5,s1_below_2001,s2_760_2075,s3_17_37,Passenger Car,s4_48_64,Deployed,s2_97_208,s1_below_1,Male,s4_96_114,s3_141_159,s2_164_318,s3_80_160,s2_2_4
11879,s2_885_1695,s2_n103_99,s3_n81_n40,s1_below_4282,s3_3_4,s1_below_2001,s2_760_2075,s5_47_57,Passenger Car,s3_28_48,Deployed,s2_97_208,s1_below_1,Male,s4_96_114,s3_141_159,s2_164_318,s3_80_160,s2_2_4
11880,s3_1695_2555,s2_n103_99,s4_n40_7,s1_below_4282,s2_2_3,s2_2001_2003,s3_2075_3730,s5_47_57,Truck (<=6000 lbs.),s3_28_48,Deployed,s2_97_208,s1_below_1,Female,s2_37_80,s4_159_169,s2_164_318,s3_80_160,s3_4_5
11881,s2_885_1695,s2_n103_99,s4_n40_7,s1_below_4282,s3_3_4,s1_below_2001,s2_760_2075,s5_47_57,Passenger Car,s2_11_28,Not Deployed,s2_97_208,s1_below_1,Male,s3_80_96,s3_141_159,s2_164_318,s4_160_220,s2_2_4
11882,s2_885_1695,s2_n103_99,s4_n40_7,s1_below_4282,s1_below_2,s1_below_2001,s2_760_2075,s3_17_37,Passenger Car,s4_48_64,Not Deployed,s2_97_208,s1_below_1,Female,s3_80_96,s3_141_159,s2_164_318,s3_80_160,s2_2_4
11883,s2_885_1695,s2_n103_99,s5_7_up,s1_below_4282,s3_3_4,s1_below_2001,s2_760_2075,s5_47_57,Passenger Car,s3_28_48,Not Deployed,s2_97_208,s1_below_1,Male,s3_80_96,s3_141_159,s2_164_318,s6_260_up,s2_2_4
11884,s2_885_1695,s2_n103_99,s4_n40_7,s1_below_4282,s1_below_2,s1_below_2001,s2_760_2075,s3_17_37,Passenger Car,s3_28_48,Deployed,s2_97_208,s1_below_1,Female,s2_37_80,s3_141_159,s2_164_318,s3_80_160,s2_2_4
11885,s3_1695_2555,s2_n103_99,s4_n40_7,s1_below_4282,s1_below_2,s2_2001_2003,s2_760_2075,s3_17_37,Truck (<=6000 lbs.),s3_28_48,Not Deployed,s2_97_208,s1_below_1,Male,s3_80_96,s3_141_159,s2_164_318,s3_80_160,s2_2_4
11886,s2_885_1695,s2_n103_99,s4_n40_7,s1_below_4282,s3_3_4,s2_2001_2003,s2_760_2075,s3_17_37,Passenger Car,s2_11_28,Deployed,s2_97_208,s1_below_1,Male,s2_37_80,s3_141_159,s2_164_318,s3_80_160,s2_2_4
11887,s2_885_1695,s2_n103_99,s4_n40_7,s1_below_4282,s1_below_2,s3_2003_2005,s2_760_2075,s3_17_37,Passenger Car,s2_11_28,Not Deployed,s2_97_208,s1_below_1,Male,s4_96_114,s3_141_159,s2_164_318,s3_80_160,s2_2_4
11888,s2_885_1695,s2_n103_99,s4_n40_7,s1_below_4282,s1_below_2,s2_2001_2003,s2_760_2075,s3_17_37,Passenger Car,s3_28_48,Deployed,s2_97_208,s1_below_1,Female,s2_37_80,s3_141_159,s2_164_318,s3_80_160,s2_2_4
11889,s2_885_1695,s2_n103_99,s4_n40_7,s1_below_4282,s3_3_4,s3_2003_2005,s2_760_2075,s5_47_57,Passenger Car,s4_48_64,Deployed,s2_97_208,s1_below_1,Female,s2_37_80,s3_141_159,s2_164_318,s3_80_160,s2_2_4
11890,s3_1695_2555,s2_n103_99,s2_n112_n81,s1_below_4282,s1_below_2,s3_2003_2005,s2_760_2075,s3_17_37,Truck (<=6000 lbs.),s3_28_48,Not Deployed,s2_97_208,s1_below_1,Male,s4_96_114,s3_141_159,s2_164_318,s4_160_220,s2_2_4
11891,s3_1695_2555,s2_n103_99,s4_n40_7,s1_below_4282,s1_below_2,s3_2003_2005,s2_760_2075,s3_17_37,Truck (<=10000 lbs.),s4_48_64,Deployed,s2_97_208,s1_below_1,Male,s3_80_96,s5_169_179,s3_318_464,s5_220_260,s4_5_6
11892,s2_885_1695,s2_n103_99,s5_7_up,s1_below_4282,s2_2_3,s3_2003_2005,s3_2075_3730,s3_17_37,Passenger Car,s2_11_28,Not Deployed,s2_97_208,s1_below_1,Female,s2_37_80,s3_141_159,s2_164_318,s6_260_up,s2_2_4
11893,s2_885_1695,s2_n103_99,s4_n40_7,s1_below_4282,s1_below_2,s1_below_2001,s2_760_2075,s3_17_37,Passenger Car,s4_48_64,Not Deployed,s2_97_208,s1_below_1,Male,s3_80_96,s3_141_159,s2_164_318,s3_80_160,s2_2_4
11894,s3_1695_2555,s2_n103_99,s4_n40_7,s1_below_4282,s1_below_2,s3_2003_2005,s2_760_2075,s3_17_37,Truck (<=6000 lbs.),s3_28_48,Not Deployed,s2_97_208,s1_below_1,Male,s4_96_114,s3_141_159,s2_164_318,s5_220_260,s2_2_4
11895,s2_885_1695,s2_n103_99,s4_n40_7,s1_below_4282,s3_3_4,s1_below_2001,s2_760_2075,s5_47_57,Truck (<=6000 lbs.),s2_11_28,Deployed,s2_97_208,s1_below_1,Female,s2_37_80,s3_141_159,s2_164_318,s3_80_160,s2_2_4
11896,s2_885_1695,s2_n103_99,s4_n40_7,s1_below_4282,s3_3_4,s3_2003_2005,s2_760_2075,s3_17_37,Passenger Car,s2_11_28,Not Deployed,s2_97_208,s1_below_1,Female,s2_37_80,s3_141_159,s2_164_318,s6_260_up,s2_2_4
11897,s2_885_1695,s2_n103_99,s4_n40_7,s1_below_4282,s1_below_2,s3_2003_2005,s2_760_2075,s3_17_37,Passenger Car,s3_28_48,Not Deployed,s2_97_208,s1_below_1,Female,s2_37_80,s3_141_159,s2_164_318,s3_80_160,s2_2_4
11898,s3_1695_2555,s2_n103_99,s4_n40_7,s1_below_4282,s1_below_2,s2_2001_2003,s2_760_2075,s3_17_37,Truck (<=6000 lbs.),s3_28_48,Deployed,s2_97_208,s1_below_1,Female,s3_80_96,s4_159_169,s2_164_318,s3_80_160,s3_4_5
11899,s2_885_1695,s2_n103_99,s5_7_up,s1_below_4282,s3_3_4,s2_2001_2003,s2_760_2075,s3_17_37,Passenger Car,s3_28_48,Not Deployed,s2_97_208,s1_below_1,Male,s2_37_80,s3_141_159,s2_164_318,s6_260_up,s2_2_4
11900,s2_885_1695,s2_n103_99,s4_n40_7,s1_below_4282,s1_below_2,s1_below_2001,s2_760_2075,s3_17_37,Truck (<=6000 lbs.),s3_28_48,Deployed,s2_97_208,s1_below_1,Female,s2_37_80,s4_159_169,s2_164_318,s3_80_160,s2_2_4
11901,s2_885_1695,s2_n103_99,s4_n40_7,s1_below_4282,s1_below_2,s2_2001_2003,s2_760_2075,s3_17_37,Passenger Car,s3_28_48,Deployed,s2_97_208,s1_below_1,Female,s2_37_80,s3_141_159,s2_164_318,s3_80_160,s2_2_4
11902,s3_1695_2555,s2_n103_99,s4_n40_7,s1_below_4282,s4_4_5,s1_below_2001,s2_760_2075,s3_17_37,Passenger Car,s3_28_48,Deployed,s2_97_208,s1_below_1,Male,s3_80_96,s4_159_169,s2_164_318,s3_80_160,s2_2_4
11903,s2_885_1695,s2_n103_99,s4_n40_7,s1_below_4282,s1_below_2,s3_2003_2005,s3_2075_3730,s3_17_37,Truck (<=6000 lbs.),s2_11_28,Not Deployed,s2_97_208,s1_below_1,Female,s2_37_80,s3_141_159,s2_164_318,s4_160_220,s2_2_4
11904,s3_1695_2555,s2_n103_99,s4_n40_7,s1_below_4282,s3_3_4,s3_2003_2005,s2_760_2075,s5_47_57,Passenger Car,s3_28_48,Deployed,s2_97_208,s1_below_1,Female,s2_37_80,s4_159_169,s2_164_318,s3_80_160,s3_4_5
11905,s3_1695_2555,s2_n103_99,s4_n40_7,s1_below_4282,s1_below_2,s3_2003_2005,s2_760_2075,s3_17_37,Truck (<=6000 lbs.),s4_48_64,Not Deployed,s2_97_208,s1_below_1,Female,s4_96_114,s3_141_159,s2_164_318,s4_160_220,s2_2_4
11906,s2_885_1695,s2_n103_99,s4_n40_7,s1_below_4282,s3_3_4,s1_below_2001,s2_760_2075,s5_47_57,Truck (<=6000 lbs.),s3_28_48,Deployed,s2_97_208,s1_below_1,Female,s2_37_80,s3_141_159,s2_164_318,s3_80_160,s2_2_4
11907,s2_885_1695,s2_n103_99,s4_n40_7,s1_below_4282,s1_below_2,s2_2001_2003,s2_760_2075,s3_17_37,Passenger Car,s3_28_48,Deployed,s2_97_208,s1_below_1,Male,s4_96_114,s3_141_159,s2_164_318,s4_160_220,s2_2_4
11908,s3_1695_2555,s2_n103_99,s4_n40_7,s1_below_4282,s1_below_2,s2_2001_2003,s2_760_2075,s3_17_37,Truck (<=6000 lbs.),s3_28_48,Deployed,s2_97_208,s2_1_2,Male,s2_37_80,s4_159_169,s2_164_318,s3_80_160,s3_4_5
11909,s2_885_1695,s2_n103_99,s4_n40_7,s1_below_4282,s1_below_2,s1_below_2001,s2_760_2075,s5_47_57,Passenger Car,s2_11_28,Deployed,s2_97_208,s1_below_1,Female,s3_80_96,s3_141_159,s2_164_318,s3_80_160,s2_2_4
11910,s3_1695_2555,s2_n103_99,s4_n40_7,s1_below_4282,s1_below_2,s1_below_2001,s2_760_2075,s5_47_57,Truck (<=6000 lbs.),s5_64_76,Deployed,s2_97_208,s1_below_1,Female,s2_37_80,s3_141_159,s2_164_318,s3_80_160,s2_2_4
11911,s2_885_1695,s2_n103_99,s5_7_up,s1_below_4282,s1_below_2,s2_2001_2003,s2_760_2075,s5_47_57,Passenger Car,s4_48_64,Not Deployed,s2_97_208,s1_below_1,Female,s4_96_114,s3_141_159,s2_164_318,s6_260_up,s2_2_4
11912,s3_1695_2555,s2_n103_99,s5_7_up,s1_below_4282,s1_below_2,s3_2003_2005,s2_760_2075,s3_17_37,Truck (<=6000 lbs.),s3_28_48,Not Deployed,s2_97_208,s1_below_1,Male,s2_37_80,s3_141_159,s2_164_318,s6_260_up,s3_4_5
11913,s3_1695_2555,s2_n103_99,s4_n40_7,s1_below_4282,s1_below_2,s2_2001_2003,s3_2075_3730,s5_47_57,Truck (<=6000 lbs.),s4_48_64,Deployed,s2_97_208,s5_4_5,Male,s5_114_130,s3_141_159,s2_164_318,s3_80_160,s2_2_4
11914,s2_885_1695,s2_n103_99,s4_n40_7,s1_below_4282,s1_below_2,s2_2001_2003,s2_760_2075,s3_17_37,Passenger Car,s2_11_28,Deployed,s2_97_208,s2_1_2,Female,s2_37_80,s3_141_159,s2_164_318,s3_80_160,s2_2_4
11915,s4_2555_3715,s2_n103_99,s4_n40_7,s1_below_4282,s3_3_4,s3_2003_2005,s2_760_2075,s4_37_47,Truck (<=10000 lbs.),s3_28_48,Not Deployed,s2_97_208,s1_below_1,Male,s2_37_80,s5_169_179,s3_318_464,s4_160_220,s5_6_7
11916,s2_885_1695,s2_n103_99,s4_n40_7,s1_below_4282,s3_3_4,s2_2001_2003,s2_760_2075,s5_47_57,Passenger Car,s2_11_28,Not Deployed,s2_97_208,s1_below_1,Female,s2_37_80,s3_141_159,s2_164_318,s4_160_220,s2_2_4
11917,s3_1695_2555,s2_n103_99,s5_7_up,s1_below_4282,s3_3_4,s2_2001_2003,s2_760_2075,s5_47_57,Truck (<=6000 lbs.),s2_11_28,Not Deployed,s2_97_208,s1_below_1,Female,s2_37_80,s3_141_159,s2_164_318,s6_260_up,s2_2_4
11918,s2_885_1695,s2_n103_99,s4_n40_7,s1_below_4282,s3_3_4,s3_2003_2005,s2_760_2075,s3_17_37,Passenger Car,s4_48_64,Not Deployed,s2_97_208,s1_below_1,Female,s3_80_96,s3_141_159,s2_164_318,s3_80_160,s2_2_4
11919,s3_1695_2555,s2_n103_99,s4_n40_7,s1_below_4282,s1_below_2,s1_below_2001,s2_760_2075,s4_37_47,Truck (<=6000 lbs.),s2_11_28,Not Deployed,s2_97_208,s1_below_1,Female,s2_37_80,s3_141_159,s2_164_318,s3_80_160,s2_2_4
11920,s2_885_1695,s2_n103_99,s4_n40_7,s1_below_4282,s3_3_4,s3_2003_2005,s2_760_2075,s4_37_47,Passenger Car,s3_28_48,Deployed,s2_97_208,s1_below_1,Female,s2_37_80,s3_141_159,s2_164_318,s3_80_160,s2_2_4
11921,s2_885_1695,s2_n103_99,s4_n40_7,s1_below_4282,s2_2_3,s3_2003_2005,s2_760_2075,s3_17_37,Passenger Car,s3_28_48,Deployed,s2_97_208,s1_below_1,Male,s4_96_114,s3_141_159,s2_164_318,s3_80_160,s2_2_4
11922,s2_885_1695,s2_n103_99,s4_n40_7,s1_below_4282,s3_3_4,s3_2003_2005,s2_760_2075,s4_37_47,Passenger Car,s4_48_64,Not Deployed,s2_97_208,s1_below_1,Male,s2_37_80,s3_141_159,s2_164_318,s3_80_160,s2_2_4
11923,s2_885_1695,s2_n103_99,s4_n40_7,s1_below_4282,s3_3_4,s2_2001_2003,s2_760_2075,s3_17_37,Passenger Car,s4_48_64,Not Deployed,s2_97_208,s1_below_1,Female,s2_37_80,s3_141_159,s2_164_318,s2_40_80,s2_2_4
11924,s3_1695_2555,s2_n103_99,s4_n40_7,s1_below_4282,s1_below_2,s1_below_2001,s2_760_2075,s3_17_37,Truck (<=6000 lbs.),s4_48_64,Not Deployed,s2_97_208,s1_below_1,Male,s5_114_130,s4_159_169,s2_164_318,s3_80_160,s2_2_4
11925,s3_1695_2555,s2_n103_99,s4_n40_7,s1_below_4282,s1_below_2,s2_2001_2003,s2_760_2075,s3_17_37,Truck (<=6000 lbs.),s3_28_48,Deployed,s2_97_208,s1_below_1,Male,s3_80_96,s4_159_169,s2_164_318,s3_80_160,s3_4_5
11926,s2_885_1695,s2_n103_99,s5_7_up,s1_below_4282,s1_below_2,s2_2001_2003,s2_760_2075,s4_37_47,Passenger Car,s4_48_64,Not Deployed,s2_97_208,s1_below_1,Male,s4_96_114,s3_141_159,s2_164_318,s6_260_up,s2_2_4
11927,s2_885_1695,s2_n103_99,s4_n40_7,s1_below_4282,s1_below_2,s2_2001_2003,s2_760_2075,s3_17_37,Passenger Car,s2_11_28,Not Deployed,s2_97_208,s1_below_1,Female,s2_37_80,s3_141_159,s2_164_318,s3_80_160,s2_2_4
11928,s2_885_1695,s2_n103_99,s4_n40_7,s1_below_4282,s1_below_2,s2_2001_2003,s2_760_2075,s3_17_37,Passenger Car,s4_48_64,Not Deployed,s2_97_208,s1_below_1,Female,s2_37_80,s3_141_159,s2_164_318,s3_80_160,s2_2_4
11929,s2_885_1695,s2_n103_99,s4_n40_7,s1_below_4282,s2_2_3,s2_2001_2003,s2_760_2075,s4_37_47,Passenger Car,s4_48_64,Not Deployed,s2_97_208,s1_below_1,Female,s3_80_96,s3_141_159,s2_164_318,s4_160_220,s2_2_4
11930,s2_885_1695,s2_n103_99,s4_n40_7,s1_below_4282,s1_below_2,s2_2001_2003,s2_760_2075,s3_17_37,Passenger Car,s5_64_76,Not Deployed,s2_97_208,s1_below_1,Male,s2_37_80,s3_141_159,s2_164_318,s5_220_260,s2_2_4
11931,s2_885_1695,s2_n103_99,s4_n40_7,s1_below_4282,s2_2_3,s1_below_2001,s3_2075_3730,s4_37_47,Passenger Car,s2_11_28,Not Deployed,s2_97_208,s2_1_2,Male,s2_37_80,s3_141_159,s2_164_318,s3_80_160,s2_2_4
11932,s2_885_1695,s2_n103_99,s4_n40_7,s1_below_4282,s2_2_3,s2_2001_2003,s2_760_2075,s4_37_47,Passenger Car,s2_11_28,Not Deployed,s2_97_208,s4_3_4,Female,s2_37_80,s3_141_159,s2_164_318,s3_80_160,s2_2_4
11933,s2_885_1695,s2_n103_99,s4_n40_7,s1_below_4282,s1_below_2,s1_below_2001,s2_760_2075,s3_17_37,Passenger Car,s2_11_28,Not Deployed,s2_97_208,s1_below_1,Male,s2_37_80,s3_141_159,s2_164_318,s3_80_160,s2_2_4
11934,s2_885_1695,s2_n103_99,s5_7_up,s1_below_4282,s1_below_2,s2_2001_2003,s2_760_2075,s4_37_47,Passenger Car,s3_28_48,Not Deployed,s2_97_208,s1_below_1,Female,s4_96_114,s3_141_159,s2_164_318,s6_260_up,s2_2_4
11935,s2_885_1695,s2_n103_99,s4_n40_7,s1_below_4282,s1_below_2,s2_2001_2003,s2_760_2075,s3_17_37,Truck (<=6000 lbs.),s3_28_48,Not Deployed,s2_97_208,s1_below_1,Female,s2_37_80,s3_141_159,s2_164_318,s5_220_260,s2_2_4
11936,s3_1695_2555,s2_n103_99,s4_n40_7,s1_below_4282,s3_3_4,s3_2003_2005,s2_760_2075,s3_17_37,Passenger Car,s5_64_76,Not Deployed,s2_97_208,s1_below_1,Female,s2_37_80,s3_141_159,s2_164_318,s3_80_160,s2_2_4
11937,s2_885_1695,s2_n103_99,s4_n40_7,s1_below_4282,s2_2_3,s3_2003_2005,s2_760_2075,s3_17_37,Passenger Car,s5_64_76,Deployed,s2_97_208,s2_1_2,Female,s4_96_114,s3_141_159,s2_164_318,s3_80_160,s2_2_4
11938,s2_885_1695,s2_n103_99,s5_7_up,s1_below_4282,s2_2_3,s3_2003_2005,s2_760_2075,s4_37_47,Passenger Car,s3_28_48,Not Deployed,s2_97_208,s1_below_1,Male,s2_37_80,s3_141_159,s2_164_318,s6_260_up,s2_2_4
11939,s2_885_1695,s2_n103_99,s4_n40_7,s1_below_4282,s1_below_2,s3_2003_2005,s2_760_2075,s5_47_57,Passenger Car,s2_11_28,Deployed,s2_97_208,s1_below_1,Female,s4_96_114,s3_141_159,s2_164_318,s4_160_220,s2_2_4
11940,s2_885_1695,s2_n103_99,s4_n40_7,s1_below_4282,s1_below_2,s2_2001_2003,s2_760_2075,s3_17_37,Passenger Car,s2_11_28,Not Deployed,s2_97_208,s1_below_1,Male,s2_37_80,s3_141_159,s2_164_318,s2_40_80,s2_2_4
11941,s2_885_1695,s2_n103_99,s4_n40_7,s1_below_4282,s2_2_3,s3_2003_2005,s2_760_2075,s4_37_47,Truck (<=6000 lbs.),s6_76_up,Not Deployed,s2_97_208,s1_below_1,Male,s3_80_96,s3_141_159,s2_164_318,s4_160_220,s2_2_4
11942,s2_885_1695,s2_n103_99,s4_n40_7,s1_below_4282,s1_below_2,s1_below_2001,s2_760_2075,s4_37_47,Passenger Car,s2_11_28,Not Deployed,s2_97_208,s1_below_1,Female,s2_37_80,s3_141_159,s2_164_318,s2_40_80,s2_2_4
11943,s2_885_1695,s2_n103_99,s4_n40_7,s1_below_4282,s4_4_5,s2_2001_2003,s2_760_2075,s4_37_47,Truck (<=6000 lbs.),s5_64_76,Deployed,s2_97_208,s1_below_1,Male,s4_96_114,s3_141_159,s2_164_318,s3_80_160,s2_2_4
11944,s2_885_1695,s2_n103_99,s4_n40_7,s1_below_4282,s1_below_2,s1_below_2001,s2_760_2075,s3_17_37,Passenger Car,s2_11_28,Deployed,s2_97_208,s1_below_1,Female,s2_37_80,s3_141_159,s2_164_318,s3_80_160,s2_2_4
11945,s2_885_1695,s2_n103_99,s4_n40_7,s1_below_4282,s1_below_2,s2_2001_2003,s2_760_2075,s3_17_37,Truck (<=6000 lbs.),s2_11_28,Deployed,s2_97_208,s1_below_1,Female,s2_37_80,s3_141_159,s2_164_318,s3_80_160,s2_2_4
11946,s2_885_1695,s2_n103_99,s4_n40_7,s1_below_4282,s2_2_3,s3_2003_2005,s2_760_2075,s3_17_37,Passenger Car,s4_48_64,Not Deployed,s2_97_208,s1_below_1,Female,s2_37_80,s3_141_159,s2_164_318,s4_160_220,s2_2_4
11947,s2_885_1695,s2_n103_99,s4_n40_7,s1_below_4282,s3_3_4,s3_2003_2005,s3_2075_3730,s4_37_47,Passenger Car,s4_48_64,Not Deployed,s2_97_208,s2_1_2,Female,s2_37_80,s3_141_159,s2_164_318,s4_160_220,s2_2_4
11948,s3_1695_2555,s2_n103_99,s4_n40_7,s1_below_4282,s2_2_3,s3_2003_2005,s2_760_2075,s3_17_37,Truck (<=10000 lbs.),s3_28_48,Deployed,s2_97_208,s1_below_1,Male,s2_37_80,s4_159_169,s3_318_464,s3_80_160,s4_5_6
11949,s2_885_1695,s2_n103_99,s4_n40_7,s1_below_4282,s1_below_2,s2_2001_2003,s2_760_2075,s3_17_37,Passenger Car,s4_48_64,Not Deployed,s2_97_208,s1_below_1,Female,s3_80_96,s3_141_159,s2_164_318,s3_80_160,s2_2_4
11950,s3_1695_2555,s2_n103_99,s4_n40_7,s1_below_4282,s1_below_2,s3_2003_2005,s2_760_2075,s3_17_37,Truck (<=6000 lbs.),s3_28_48,Not Deployed,s2_97_208,s1_below_1,Male,s3_80_96,s3_141_159,s3_318_464,s3_80_160,s2_2_4
11951,s2_885_1695,s2_n103_99,s4_n40_7,s1_below_4282,s2_2_3,s2_2001_2003,s2_760_2075,s3_17_37,Passenger Car,s2_11_28,Not Deployed,s2_97_208,s1_below_1,Female,s2_37_80,s3_141_159,s2_164_318,s3_80_160,s2_2_4
11952,s2_885_1695,s2_n103_99,s4_n40_7,s1_below_4282,s1_below_2,s3_2003_2005,s2_760_2075,s3_17_37,Passenger Car,s2_11_28,Deployed,s2_97_208,s4_3_4,Male,s4_96_114,s3_141_159,s2_164_318,s4_160_220,s2_2_4
11953,s2_885_1695,s2_n103_99,s4_n40_7,s1_below_4282,s1_below_2,s3_2003_2005,s2_760_2075,s3_17_37,Truck (<=6000 lbs.),s5_64_76,Deployed,s2_97_208,s1_below_1,Female,s3_80_96,s3_141_159,s2_164_318,s3_80_160,s2_2_4
11954,s2_885_1695,s2_n103_99,s4_n40_7,s1_below_4282,s1_below_2,s2_2001_2003,s2_760_2075,s3_17_37,Passenger Car,s4_48_64,Not Deployed,s2_97_208,s1_below_1,Male,s2_37_80,s3_141_159,s2_164_318,s3_80_160,s2_2_4
11955,s2_885_1695,s2_n103_99,s4_n40_7,s1_below_4282,s1_below_2,s3_2003_2005,s2_760_2075,s3_17_37,Passenger Car,s2_11_28,Not Deployed,s2_97_208,s1_below_1,Male,s3_80_96,s3_141_159,s2_164_318,s3_80_160,s2_2_4
11956,s3_1695_2555,s2_n103_99,s4_n40_7,s1_below_4282,s2_2_3,s2_2001_2003,s2_760_2075,s3_17_37,Truck (<=6000 lbs.),s3_28_48,Deployed,s2_97_208,s1_below_1,Male,s6_130_up,s3_141_159,s2_164_318,s3_80_160,s2_2_4
11957,s2_885_1695,s2_n103_99,s4_n40_7,s1_below_4282,s1_below_2,s3_2003_2005,s2_760_2075,s3_17_37,Passenger Car,s2_11_28,Not Deployed,s2_97_208,s1_below_1,Male,s2_37_80,s3_141_159,s2_164_318,s3_80_160,s2_2_4
11958,s3_1695_2555,s2_n103_99,s4_n40_7,s1_below_4282,s1_below_2,s2_2001_2003,s2_760_2075,s3_17_37,Passenger Car,s4_48_64,Not Deployed,s2_97_208,s2_1_2,Male,s4_96_114,s3_141_159,s2_164_318,s3_80_160,s2_2_4
11959,s2_885_1695,s2_n103_99,s4_n40_7,s1_below_4282,s1_below_2,s3_2003_2005,s2_760_2075,s3_17_37,Passenger Car,s4_48_64,Not Deployed,s2_97_208,s1_below_1,Female,s2_37_80,s3_141_159,s2_164_318,s3_80_160,s2_2_4
11960,s2_885_1695,s2_n103_99,s4_n40_7,s1_below_4282,s1_below_2,s1_below_2001,s2_760_2075,s5_47_57,Passenger Car,s2_11_28,Deployed,s2_97_208,s1_below_1,Female,s2_37_80,s3_141_159,s2_164_318,s3_80_160,s2_2_4
11961,s2_885_1695,s2_n103_99,s4_n40_7,s1_below_4282,s2_2_3,s1_below_2001,s2_760_2075,s3_17_37,Passenger Car,s5_64_76,Not Deployed,s1_below_97,s3_2_3,Female,s3_80_96,s3_141_159,s2_164_318,s3_80_160,s2_2_4
11962,s2_885_1695,s2_n103_99,s4_n40_7,s1_below_4282,s3_3_4,s2_2001_2003,s2_760_2075,s4_37_47,Passenger Car,s2_11_28,Not Deployed,s2_97_208,s1_below_1,Female,s2_37_80,s3_141_159,s2_164_318,s4_160_220,s2_2_4
11963,s2_885_1695,s2_n103_99,s4_n40_7,s1_below_4282,s1_below_2,s1_below_2001,s2_760_2075,s4_37_47,Passenger Car,s6_76_up,Not Deployed,s2_97_208,s1_below_1,Male,s2_37_80,s3_141_159,s2_164_318,s2_40_80,s2_2_4
11964,s3_1695_2555,s2_n103_99,s4_n40_7,s1_below_4282,s2_2_3,s2_2001_2003,s2_760_2075,s4_37_47,Truck (<=6000 lbs.),s3_28_48,Deployed,s2_97_208,s1_below_1,Female,s2_37_80,s4_159_169,s2_164_318,s2_40_80,s2_2_4
11965,s2_885_1695,s2_n103_99,s4_n40_7,s1_below_4282,s3_3_4,s1_below_2001,s2_760_2075,s4_37_47,Passenger Car,s2_11_28,Deployed,s2_97_208,s2_1_2,Female,s2_37_80,s3_141_159,s2_164_318,s4_160_220,s2_2_4
11966,s2_885_1695,s2_n103_99,s3_n81_n40,s1_below_4282,s1_below_2,s2_2001_2003,s2_760_2075,s3_17_37,Passenger Car,s3_28_48,Deployed,s2_97_208,s1_below_1,Female,s3_80_96,s3_141_159,s2_164_318,s3_80_160,s2_2_4
11967,s2_885_1695,s2_n103_99,s4_n40_7,s1_below_4282,s2_2_3,s3_2003_2005,s2_760_2075,s4_37_47,Passenger Car,s3_28_48,Not Deployed,s2_97_208,s1_below_1,Female,s2_37_80,s3_141_159,s2_164_318,s3_80_160,s2_2_4
11968,s2_885_1695,s2_n103_99,s4_n40_7,s1_below_4282,s1_below_2,s3_2003_2005,s3_2075_3730,s4_37_47,Passenger Car,s5_64_76,Deployed,s2_97_208,s2_1_2,Female,s2_37_80,s3_141_159,s2_164_318,s3_80_160,s2_2_4
11969,s3_1695_2555,s2_n103_99,s5_7_up,s1_below_4282,s1_below_2,s1_below_2001,s2_760_2075,s4_37_47,Truck (<=10000 lbs.),s3_28_48,Not Deployed,s2_97_208,s1_below_1,Female,s2_37_80,s3_141_159,s2_164_318,s6_260_up,s2_2_4
11970,s2_885_1695,s2_n103_99,s4_n40_7,s1_below_4282,s1_below_2,s2_2001_2003,s2_760_2075,s3_17_37,Passenger Car,s3_28_48,Not Deployed,s2_97_208,s1_below_1,Female,s2_37_80,s3_141_159,s2_164_318,s3_80_160,s2_2_4
11971,s2_885_1695,s2_n103_99,s4_n40_7,s1_below_4282,s3_3_4,s1_below_2001,s2_760_2075,s3_17_37,Passenger Car,s3_28_48,Deployed,s2_97_208,s2_1_2,Male,s3_80_96,s3_141_159,s2_164_318,s3_80_160,s2_2_4
11972,s2_885_1695,s2_n103_99,s5_7_up,s1_below_4282,s3_3_4,s2_2001_2003,s2_760_2075,s3_17_37,Passenger Car,s2_11_28,Not Deployed,s2_97_208,s1_below_1,Female,s2_37_80,s3_141_159,s2_164_318,s6_260_up,s2_2_4
11973,s2_885_1695,s2_n103_99,s4_n40_7,s1_below_4282,s1_below_2,s3_2003_2005,s2_760_2075,s4_37_47,Passenger Car,s2_11_28,Not Deployed,s2_97_208,s1_below_1,Female,s2_37_80,s3_141_159,s2_164_318,s6_260_up,s2_2_4
11974,s3_1695_2555,s2_n103_99,s4_n40_7,s1_below_4282,s1_below_2,s2_2001_2003,s2_760_2075,s3_17_37,Truck (<=6000 lbs.),s3_28_48,Not Deployed,s2_97_208,s1_below_1,Female,s2_37_80,s3_141_159,s2_164_318,s3_80_160,s2_2_4
11975,s2_885_1695,s2_n103_99,s4_n40_7,s1_below_4282,s1_below_2,s2_2001_2003,s2_760_2075,s3_17_37,Passenger Car,s3_28_48,Not Deployed,s2_97_208,s1_below_1,Male,s2_37_80,s3_141_159,s2_164_318,s3_80_160,s2_2_4
11976,s2_885_1695,s2_n103_99,s4_n40_7,s1_below_4282,s2_2_3,s2_2001_2003,s2_760_2075,s3_17_37,Passenger Car,s3_28_48,Not Deployed,s2_97_208,s1_below_1,Female,s2_37_80,s3_141_159,s2_164_318,s4_160_220,s2_2_4
11977,s3_1695_2555,s2_n103_99,s4_n40_7,s1_below_4282,s1_below_2,s3_2003_2005,s2_760_2075,s3_17_37,Truck (<=6000 lbs.),s5_64_76,Not Deployed,s2_97_208,s1_below_1,Male,s3_80_96,s4_159_169,s2_164_318,s3_80_160,s2_2_4
11978,s2_885_1695,s2_n103_99,s5_7_up,s1_below_4282,s1_below_2,s2_2001_2003,s2_760_2075,s4_37_47,Truck (<=6000 lbs.),s3_28_48,Not Deployed,s2_97_208,s1_below_1,Female,s3_80_96,s3_141_159,s2_164_318,s6_260_up,s2_2_4
11979,s2_885_1695,s2_n103_99,s4_n40_7,s1_below_4282,s1_below_2,s2_2001_2003,s2_760_2075,s3_17_37,Passenger Car,s2_11_28,Not Deployed,s2_97_208,s1_below_1,Female,s2_37_80,s3_141_159,s2_164_318,s2_40_80,s2_2_4
11980,s2_885_1695,s2_n103_99,s4_n40_7,s1_below_4282,s1_below_2,s3_2003_2005,s2_760_2075,s3_17_37,Passenger Car,s5_64_76,Deployed,s2_97_208,s1_below_1,Female,s3_80_96,s3_141_159,s2_164_318,s3_80_160,s2_2_4
11981,s2_885_1695,s2_n103_99,s4_n40_7,s1_below_4282,s1_below_2,s2_2001_2003,s2_760_2075,s3_17_37,Truck (<=6000 lbs.),s3_28_48,Not Deployed,s2_97_208,s1_below_1,Female,s2_37_80,s3_141_159,s2_164_318,s3_80_160,s2_2_4
11982,s2_885_1695,s2_n103_99,s4_n40_7,s1_below_4282,s1_below_2,s2_2001_2003,s2_760_2075,s3_17_37,Passenger Car,s4_48_64,Not Deployed,s2_97_208,s1_below_1,Female,s2_37_80,s3_141_159,s2_164_318,s3_80_160,s2_2_4
11983,s2_885_1695,s2_n103_99,s4_n40_7,s1_below_4282,s1_below_2,s3_2003_2005,s2_760_2075,s3_17_37,Passenger Car,s3_28_48,Not Deployed,s2_97_208,s1_below_1,Male,s2_37_80,s3_141_159,s2_164_318,s3_80_160,s2_2_4
11984,s2_885_1695,s2_n103_99,s4_n40_7,s1_below_4282,s1_below_2,s1_below_2001,s2_760_2075,s3_17_37,Passenger Car,s6_76_up,Not Deployed,s2_97_208,s1_below_1,Male,s5_114_130,s3_141_159,s2_164_318,s3_80_160,s2_2_4
11985,s2_885_1695,s2_n103_99,s5_7_up,s1_below_4282,s2_2_3,s1_below_2001,s2_760_2075,s3_17_37,Passenger Car,s5_64_76,Not Deployed,s2_97_208,s6_5_up,Male,s6_130_up,s3_141_159,s2_164_318,s5_220_260,s2_2_4
11986,s3_1695_2555,s2_n103_99,s4_n40_7,s1_below_4282,s2_2_3,s1_below_2001,s2_760_2075,s3_17_37,Passenger Car,s3_28_48,Deployed,s2_97_208,s2_1_2,Male,s3_80_96,s3_141_159,s2_164_318,s3_80_160,s2_2_4
11987,s2_885_1695,s2_n103_99,s4_n40_7,s1_below_4282,s3_3_4,s3_2003_2005,s2_760_2075,s3_17_37,Passenger Car,s3_28_48,Deployed,s2_97_208,s1_below_1,Male,s4_96_114,s3_141_159,s2_164_318,s4_160_220,s2_2_4
11988,s2_885_1695,s2_n103_99,s4_n40_7,s1_below_4282,s2_2_3,s1_below_2001,s2_760_2075,s3_17_37,Passenger Car,s3_28_48,Not Deployed,s2_97_208,s1_below_1,Female,s2_37_80,s3_141_159,s2_164_318,s3_80_160,s2_2_4
11989,s2_885_1695,s2_n103_99,s4_n40_7,s1_below_4282,s1_below_2,s2_2001_2003,s2_760_2075,s3_17_37,Passenger Car,s3_28_48,Deployed,s2_97_208,s1_below_1,Male,s2_37_80,s3_141_159,s2_164_318,s3_80_160,s2_2_4
11990,s2_885_1695,s2_n103_99,s5_7_up,s1_below_4282,s1_below_2,s1_below_2001,s2_760_2075,s4_37_47,Passenger Car,s4_48_64,Not Deployed,s2_97_208,s2_1_2,Male,s3_80_96,s3_141_159,s2_164_318,s6_260_up,s2_2_4
11991,s3_1695_2555,s2_n103_99,s4_n40_7,s1_below_4282,s1_below_2,s3_2003_2005,s2_760_2075,s3_17_37,Truck (<=10000 lbs.),s3_28_48,Not Deployed,s2_97_208,s1_below_1,Female,s2_37_80,s3_141_159,s2_164_318,s3_80_160,s2_2_4
11992,s3_1695_2555,s2_n103_99,s4_n40_7,s1_below_4282,s3_3_4,s2_2001_2003,s2_760_2075,s4_37_47,Passenger Car,s3_28_48,Deployed,s2_97_208,s1_below_1,Male,s4_96_114,s4_159_169,s2_164_318,s3_80_160,s2_2_4
11993,s2_885_1695,s2_n103_99,s4_n40_7,s1_below_4282,s1_below_2,s3_2003_2005,s2_760_2075,s3_17_37,Passenger Car,s2_11_28,Not Deployed,s2_97_208,s1_below_1,Female,s2_37_80,s3_141_159,s2_164_318,s4_160_220,s2_2_4
11994,s3_1695_2555,s2_n103_99,s4_n40_7,s1_below_4282,s4_4_5,s2_2001_2003,s2_760_2075,s3_17_37,Truck (<=10000 lbs.),s4_48_64,Not Deployed,s2_97_208,s2_1_2,Male,s3_80_96,s4_159_169,s3_318_464,s2_40_80,s4_5_6
11995,s2_885_1695,s2_n103_99,s4_n40_7,s1_below_4282,s4_4_5,s1_below_2001,s2_760_2075,s5_47_57,Passenger Car,s3_28_48,Deployed,s2_97_208,s1_below_1,Male,s3_80_96,s3_141_159,s2_164_318,s3_80_160,s2_2_4
11996,s2_885_1695,s2_n103_99,s5_7_up,s1_below_4282,s4_4_5,s2_2001_2003,s2_760_2075,s5_47_57,Truck (<=6000 lbs.),s3_28_48,Not Deployed,s2_97_208,s1_below_1,Female,s4_96_114,s3_141_159,s2_164_318,s6_260_up,s2_2_4
11997,s2_885_1695,s2_n103_99,s3_n81_n40,s1_below_4282,s1_below_2,s2_2001_2003,s3_2075_3730,s5_47_57,Truck (<=6000 lbs.),s4_48_64,Deployed,s2_97_208,s3_2_3,Male,s3_80_96,s3_141_159,s3_318_464,s3_80_160,s2_2_4
11998,s2_885_1695,s2_n103_99,s4_n40_7,s1_below_4282,s3_3_4,s1_below_2001,s2_760_2075,s5_47_57,Passenger Car,s3_28_48,Deployed,s2_97_208,s2_1_2,Male,s2_37_80,s3_141_159,s2_164_318,s3_80_160,s2_2_4
11999,s2_885_1695,s2_n103_99,s5_7_up,s1_below_4282,s3_3_4,s1_below_2001,s2_760_2075,s5_47_57,Passenger Car,s2_11_28,Not Deployed,s2_97_208,s1_below_1,Female,s2_37_80,s3_141_159,s2_164_318,s6_260_up,s2_2_4
12000,s2_885_1695,s2_n103_99,s4_n40_7,s1_below_4282,s4_4_5,s2_2001_2003,s3_2075_3730,s5_47_57,Passenger Car,s3_28_48,Deployed,s2_97_208,s1_below_1,Male,s2_37_80,s3_141_159,s2_164_318,s3_80_160,s2_2_4
12001,s3_1695_2555,s2_n103_99,s4_n40_7,s1_below_4282,s3_3_4,s2_2001_2003,s2_760_2075,s4_37_47,Truck (<=10000 lbs.),s3_28_48,Deployed,s2_97_208,s1_below_1,Female,s4_96_114,s4_159_169,s3_318_464,s3_80_160,s4_5_6
12002,s2_885_1695,s2_n103_99,s4_n40_7,s1_below_4282,s3_3_4,s2_2001_2003,s2_760_2075,s3_17_37,Passenger Car,s4_48_64,Deployed,s2_97_208,s1_below_1,Male,s2_37_80,s3_141_159,s2_164_318,s3_80_160,s2_2_4
12003,s2_885_1695,s2_n103_99,s4_n40_7,s1_below_4282,s3_3_4,s2_2001_2003,s2_760_2075,s5_47_57,Passenger Car,s6_76_up,Not Deployed,s2_97_208,s5_4_5,Male,s4_96_114,s3_141_159,s2_164_318,s4_160_220,s2_2_4
12004,s2_885_1695,s2_n103_99,s4_n40_7,s1_below_4282,s1_below_2,s2_2001_2003,s2_760_2075,s3_17_37,Passenger Car,s3_28_48,Deployed,s2_97_208,s3_2_3,Male,s3_80_96,s3_141_159,s2_164_318,s3_80_160,s2_2_4
12005,s3_1695_2555,s2_n103_99,s4_n40_7,s1_below_4282,s3_3_4,s3_2003_2005,s2_760_2075,s4_37_47,Truck (<=6000 lbs.),s3_28_48,Not Deployed,s2_97_208,s1_below_1,Female,s2_37_80,s3_141_159,s2_164_318,s4_160_220,s2_2_4
12006,s2_885_1695,s2_n103_99,s4_n40_7,s1_below_4282,s3_3_4,s2_2001_2003,s2_760_2075,s4_37_47,Truck (<=6000 lbs.),s3_28_48,Deployed,s2_97_208,s1_below_1,Female,s4_96_114,s3_141_159,s3_318_464,s3_80_160,s2_2_4
12007,s2_885_1695,s2_n103_99,s4_n40_7,s1_below_4282,s3_3_4,s3_2003_2005,s2_760_2075,s5_47_57,Passenger Car,s3_28_48,Deployed,s2_97_208,s5_4_5,Male,s3_80_96,s3_141_159,s2_164_318,s2_40_80,s2_2_4
12008,s2_885_1695,s2_n103_99,s4_n40_7,s1_below_4282,s3_3_4,s2_2001_2003,s2_760_2075,s3_17_37,Passenger Car,s4_48_64,Deployed,s2_97_208,s1_below_1,Male,s2_37_80,s3_141_159,s2_164_318,s3_80_160,s2_2_4
12009,s2_885_1695,s2_n103_99,s4_n40_7,s1_below_4282,s4_4_5,s3_2003_2005,s2_760_2075,s4_37_47,Passenger Car,s4_48_64,Deployed,s2_97_208,s3_2_3,Male,s3_80_96,s3_141_159,s2_164_318,s3_80_160,s2_2_4
12010,s3_1695_2555,s2_n103_99,s5_7_up,s1_below_4282,s4_4_5,s2_2001_2003,s2_760_2075,s4_37_47,Truck (<=6000 lbs.),s3_28_48,Not Deployed,s2_97_208,s1_below_1,Female,s2_37_80,s3_141_159,s2_164_318,s6_260_up,s2_2_4
12011,s2_885_1695,s2_n103_99,s4_n40_7,s1_below_4282,s1_below_2,s1_below_2001,s2_760_2075,s5_47_57,Truck (<=6000 lbs.),s4_48_64,Deployed,s2_97_208,s1_below_1,Female,s2_37_80,s3_141_159,s2_164_318,s3_80_160,s2_2_4
12012,s2_885_1695,s2_n103_99,s5_7_up,s1_below_4282,s1_below_2,s2_2001_2003,s2_760_2075,s5_47_57,Truck (<=6000 lbs.),s3_28_48,Not Deployed,s2_97_208,s1_below_1,Male,s2_37_80,s3_141_159,s2_164_318,s6_260_up,s2_2_4
12013,s3_1695_2555,s2_n103_99,s4_n40_7,s1_below_4282,s1_below_2,s2_2001_2003,s2_760_2075,s4_37_47,Truck (<=10000 lbs.),s3_28_48,Deployed,s2_97_208,s1_below_1,Male,s3_80_96,s5_169_179,s3_318_464,s3_80_160,s4_5_6
12014,s2_885_1695,s2_n103_99,s3_n81_n40,s1_below_4282,s1_below_2,s2_2001_2003,s2_760_2075,s4_37_47,Passenger Car,s2_11_28,Deployed,s2_97_208,s5_4_5,Male,s2_37_80,s3_141_159,s2_164_318,s3_80_160,s2_2_4
12015,s2_885_1695,s2_n103_99,s4_n40_7,s1_below_4282,s3_3_4,s2_2001_2003,s2_760_2075,s4_37_47,Passenger Car,s2_11_28,Deployed,s2_97_208,s1_below_1,Male,s4_96_114,s3_141_159,s2_164_318,s3_80_160,s2_2_4
12016,s2_885_1695,s2_n103_99,s3_n81_n40,s1_below_4282,s1_below_2,s1_below_2001,s2_760_2075,s5_47_57,Passenger Car,s2_11_28,Deployed,s2_97_208,s1_below_1,Male,s4_96_114,s3_141_159,s2_164_318,s3_80_160,s2_2_4
12017,s2_885_1695,s2_n103_99,s5_7_up,s1_below_4282,s1_below_2,s1_below_2001,s2_760_2075,s5_47_57,Passenger Car,s4_48_64,Deployed,s2_97_208,s1_below_1,Female,s2_37_80,s3_141_159,s2_164_318,s6_260_up,s2_2_4
12018,s2_885_1695,s2_n103_99,s4_n40_7,s1_below_4282,s3_3_4,s2_2001_2003,s2_760_2075,s5_47_57,Truck (<=6000 lbs.),s4_48_64,Not Deployed,s2_97_208,s1_below_1,Female,s2_37_80,s3_141_159,s2_164_318,s4_160_220,s2_2_4
12019,s3_1695_2555,s2_n103_99,s4_n40_7,s1_below_4282,s5_5_6,s2_2001_2003,s2_760_2075,s4_37_47,Truck (<=10000 lbs.),s4_48_64,Not Deployed,s2_97_208,s1_below_1,Male,s5_114_130,s5_169_179,s2_164_318,s3_80_160,s3_4_5
12020,s2_885_1695,s2_n103_99,s3_n81_n40,s1_below_4282,s3_3_4,s1_below_2001,s2_760_2075,s3_17_37,Passenger Car,s2_11_28,Deployed,s2_97_208,s1_below_1,Male,s2_37_80,s3_141_159,s2_164_318,s3_80_160,s2_2_4
12021,s2_885_1695,s2_n103_99,s5_7_up,s1_below_4282,s3_3_4,s1_below_2001,s2_760_2075,s3_17_37,Passenger Car,s3_28_48,Not Deployed,s2_97_208,s2_1_2,Female,s2_37_80,s3_141_159,s2_164_318,s6_260_up,s2_2_4
12022,s2_885_1695,s2_n103_99,s4_n40_7,s1_below_4282,s3_3_4,s3_2003_2005,s2_760_2075,s4_37_47,Passenger Car,s4_48_64,Not Deployed,s2_97_208,s3_2_3,Male,s3_80_96,s3_141_159,s2_164_318,s4_160_220,s2_2_4
12023,s2_885_1695,s2_n103_99,s4_n40_7,s1_below_4282,s2_2_3,s3_2003_2005,s2_760_2075,s3_17_37,Passenger Car,s3_28_48,Deployed,s2_97_208,s1_below_1,Male,s3_80_96,s3_141_159,s2_164_318,s2_40_80,s2_2_4
12024,s2_885_1695,s2_n103_99,s4_n40_7,s1_below_4282,s2_2_3,s1_below_2001,s2_760_2075,s5_47_57,Passenger Car,s2_11_28,Not Deployed,s2_97_208,s1_below_1,Male,s3_80_96,s3_141_159,s2_164_318,s4_160_220,s2_2_4
12025,s2_885_1695,s2_n103_99,s3_n81_n40,s1_below_4282,s2_2_3,s2_2001_2003,s2_760_2075,s5_47_57,Passenger Car,s2_11_28,Deployed,s2_97_208,s1_below_1,Male,s2_37_80,s3_141_159,s2_164_318,s3_80_160,s2_2_4
12026,s3_1695_2555,s2_n103_99,s4_n40_7,s1_below_4282,s1_below_2,s2_2001_2003,s2_760_2075,s5_47_57,Truck (<=10000 lbs.),s4_48_64,Deployed,s2_97_208,s5_4_5,Male,s3_80_96,s4_159_169,s3_318_464,s3_80_160,s4_5_6
12027,s3_1695_2555,s2_n103_99,s4_n40_7,s1_below_4282,s4_4_5,s3_2003_2005,s2_760_2075,s5_47_57,Truck (<=6000 lbs.),s3_28_48,Deployed,s1_below_97,s1_below_1,Female,s2_37_80,s3_141_159,s2_164_318,s3_80_160,s2_2_4
12028,s2_885_1695,s2_n103_99,s5_7_up,s1_below_4282,s4_4_5,s2_2001_2003,s2_760_2075,s5_47_57,Passenger Car,s4_48_64,Not Deployed,s2_97_208,s3_2_3,Female,s3_80_96,s3_141_159,s2_164_318,s6_260_up,s2_2_4
12029,s3_1695_2555,s2_n103_99,s4_n40_7,s1_below_4282,s5_5_6,s3_2003_2005,s2_760_2075,s5_47_57,Passenger Car,s2_11_28,Deployed,s2_97_208,s1_below_1,Male,s2_37_80,s4_159_169,s2_164_318,s4_160_220,s2_2_4
12030,s2_885_1695,s2_n103_99,s4_n40_7,s1_below_4282,s4_4_5,s3_2003_2005,s2_760_2075,s5_47_57,Passenger Car,s2_11_28,Deployed,s2_97_208,s1_below_1,Male,s2_37_80,s3_141_159,s2_164_318,s3_80_160,s2_2_4
12031,s3_1695_2555,s2_n103_99,s4_n40_7,s1_below_4282,s2_2_3,s1_below_2001,s3_2075_3730,s3_17_37,Truck (<=6000 lbs.),s3_28_48,Deployed,s2_97_208,s1_below_1,Male,s3_80_96,s3_141_159,s2_164_318,s2_40_80,s2_2_4
12032,s2_885_1695,s2_n103_99,s3_n81_n40,s1_below_4282,s1_below_2,s2_2001_2003,s2_760_2075,s4_37_47,Passenger Car,s2_11_28,Deployed,s2_97_208,s2_1_2,Male,s2_37_80,s3_141_159,s2_164_318,s3_80_160,s2_2_4
12033,s3_1695_2555,s2_n103_99,s4_n40_7,s1_below_4282,s1_below_2,s2_2001_2003,s2_760_2075,s4_37_47,Truck (<=6000 lbs.),s3_28_48,Deployed,s2_97_208,s1_below_1,Female,s4_96_114,s4_159_169,s2_164_318,s3_80_160,s3_4_5
12034,s3_1695_2555,s2_n103_99,s4_n40_7,s1_below_4282,s2_2_3,s1_below_2001,s2_760_2075,s5_47_57,Truck (<=6000 lbs.),s4_48_64,Deployed,s2_97_208,s1_below_1,Male,s6_130_up,s3_141_159,s2_164_318,s4_160_220,s2_2_4
12035,s2_885_1695,s2_n103_99,s4_n40_7,s1_below_4282,s2_2_3,s2_2001_2003,s3_2075_3730,s3_17_37,Truck (<=6000 lbs.),s2_11_28,Deployed,s2_97_208,s2_1_2,Male,s3_80_96,s3_141_159,s2_164_318,s3_80_160,s2_2_4
12036,s3_1695_2555,s2_n103_99,s4_n40_7,s1_below_4282,s2_2_3,s2_2001_2003,s2_760_2075,s3_17_37,Truck (<=10000 lbs.),s2_11_28,Not Deployed,s2_97_208,s1_below_1,Male,s4_96_114,s4_159_169,s2_164_318,s4_160_220,s3_4_5
12037,s2_885_1695,s2_n103_99,s4_n40_7,s1_below_4282,s2_2_3,s3_2003_2005,s2_760_2075,s3_17_37,Passenger Car,s3_28_48,Not Deployed,s2_97_208,s1_below_1,Female,s2_37_80,s3_141_159,s2_164_318,s3_80_160,s2_2_4
12038,s2_885_1695,s2_n103_99,s5_7_up,s1_below_4282,s2_2_3,s1_below_2001,s3_2075_3730,s4_37_47,Passenger Car,s3_28_48,Not Deployed,s2_97_208,s2_1_2,Female,s3_80_96,s3_141_159,s2_164_318,s6_260_up,s2_2_4
12039,s3_1695_2555,s2_n103_99,s4_n40_7,s1_below_4282,s1_below_2,s3_2003_2005,s2_760_2075,s3_17_37,Passenger Car,s3_28_48,Deployed,s2_97_208,s1_below_1,Male,s3_80_96,s4_159_169,s2_164_318,s3_80_160,s2_2_4
12040,s2_885_1695,s2_n103_99,s4_n40_7,s1_below_4282,s1_below_2,s1_below_2001,s2_760_2075,s3_17_37,Truck (<=6000 lbs.),s3_28_48,Not Deployed,s2_97_208,s1_below_1,Male,s3_80_96,s2_116_141,s2_164_318,s2_40_80,s2_2_4
12041,s2_885_1695,s2_n103_99,s4_n40_7,s1_below_4282,s3_3_4,s3_2003_2005,s2_760_2075,s5_47_57,Passenger Car,s3_28_48,Deployed,s2_97_208,s1_below_1,Male,s2_37_80,s3_141_159,s2_164_318,s3_80_160,s2_2_4
12042,s2_885_1695,s2_n103_99,s4_n40_7,s1_below_4282,s3_3_4,s2_2001_2003,s2_760_2075,s3_17_37,Passenger Car,s5_64_76,Deployed,s2_97_208,s1_below_1,Female,s2_37_80,s3_141_159,s2_164_318,s3_80_160,s2_2_4
12043,s2_885_1695,s2_n103_99,s4_n40_7,s1_below_4282,s2_2_3,s3_2003_2005,s3_2075_3730,s5_47_57,Passenger Car,s3_28_48,Deployed,s2_97_208,s3_2_3,Male,s4_96_114,s3_141_159,s2_164_318,s3_80_160,s2_2_4
12044,s3_1695_2555,s2_n103_99,s4_n40_7,s1_below_4282,s2_2_3,s1_below_2001,s2_760_2075,s5_47_57,Truck (<=10000 lbs.),s6_76_up,Deployed,s2_97_208,s1_below_1,Male,s2_37_80,s4_159_169,s3_318_464,s4_160_220,s4_5_6
12045,s2_885_1695,s2_n103_99,s4_n40_7,s1_below_4282,s4_4_5,s3_2003_2005,s2_760_2075,s4_37_47,Passenger Car,s3_28_48,Deployed,s2_97_208,s1_below_1,Female,s2_37_80,s3_141_159,s2_164_318,s6_260_up,s2_2_4
12046,s2_885_1695,s2_n103_99,s4_n40_7,s1_below_4282,s2_2_3,s3_2003_2005,s2_760_2075,s3_17_37,Truck (<=6000 lbs.),s4_48_64,Not Deployed,s2_97_208,s1_below_1,Male,s2_37_80,s3_141_159,s2_164_318,s2_40_80,s2_2_4
12047,s3_1695_2555,s2_n103_99,s4_n40_7,s1_below_4282,s3_3_4,s3_2003_2005,s3_2075_3730,s5_47_57,Truck (<=6000 lbs.),s3_28_48,Deployed,s2_97_208,s2_1_2,Male,s3_80_96,s3_141_159,s2_164_318,s3_80_160,s2_2_4
12048,s3_1695_2555,s2_n103_99,s5_7_up,s1_below_4282,s3_3_4,s2_2001_2003,s3_2075_3730,s5_47_57,Truck (<=10000 lbs.),s2_11_28,Not Deployed,s2_97_208,s1_below_1,Male,s2_37_80,s4_159_169,s3_318_464,s6_260_up,s4_5_6
12049,s2_885_1695,s2_n103_99,s4_n40_7,s1_below_4282,s3_3_4,s3_2003_2005,s2_760_2075,s4_37_47,Passenger Car,s4_48_64,Deployed,s2_97_208,s1_below_1,Male,s3_80_96,s3_141_159,s2_164_318,s3_80_160,s2_2_4
12050,s2_885_1695,s2_n103_99,s5_7_up,s1_below_4282,s6_6_up,s3_2003_2005,s2_760_2075,s5_47_57,Passenger Car,s3_28_48,Not Deployed,s2_97_208,s1_below_1,Female,s2_37_80,s3_141_159,s2_164_318,s6_260_up,s2_2_4
12051,s3_1695_2555,s2_n103_99,s4_n40_7,s1_below_4282,s4_4_5,s1_below_2001,s2_760_2075,s4_37_47,Truck (<=10000 lbs.),s3_28_48,Not Deployed,s2_97_208,s1_below_1,Male,s3_80_96,s5_169_179,s3_318_464,s3_80_160,s4_5_6
12052,s3_1695_2555,s2_n103_99,s4_n40_7,s1_below_4282,s3_3_4,s1_below_2001,s3_2075_3730,s4_37_47,Truck (<=6000 lbs.),s4_48_64,Not Deployed,s2_97_208,s1_below_1,Male,s3_80_96,s3_141_159,s2_164_318,s3_80_160,s2_2_4
12053,s2_885_1695,s2_n103_99,s4_n40_7,s1_below_4282,s3_3_4,s3_2003_2005,s2_760_2075,s5_47_57,Passenger Car,s5_64_76,Not Deployed,s2_97_208,s1_below_1,Female,s3_80_96,s3_141_159,s2_164_318,s3_80_160,s2_2_4
12054,s3_1695_2555,s2_n103_99,s3_n81_n40,s1_below_4282,s1_below_2,s3_2003_2005,s2_760_2075,s3_17_37,Truck (<=6000 lbs.),s3_28_48,Deployed,s2_97_208,s2_1_2,Male,s3_80_96,s4_159_169,s2_164_318,s3_80_160,s3_4_5
12055,s2_885_1695,s2_n103_99,s5_7_up,s1_below_4282,s1_below_2,s3_2003_2005,s2_760_2075,s5_47_57,Passenger Car,s6_76_up,Not Deployed,s2_97_208,s1_below_1,Male,s4_96_114,s3_141_159,s2_164_318,s6_260_up,s2_2_4
12056,s2_885_1695,s2_n103_99,s4_n40_7,s1_below_4282,s1_below_2,s1_below_2001,s2_760_2075,s4_37_47,Passenger Car,s3_28_48,Deployed,s2_97_208,s5_4_5,Female,s2_37_80,s3_141_159,s2_164_318,s2_40_80,s2_2_4
12057,s3_1695_2555,s2_n103_99,s4_n40_7,s1_below_4282,s2_2_3,s3_2003_2005,s2_760_2075,s4_37_47,Passenger Car,s3_28_48,Deployed,s2_97_208,s1_below_1,Male,s4_96_114,s4_159_169,s2_164_318,s3_80_160,s2_2_4
12058,s2_885_1695,s2_n103_99,s4_n40_7,s1_below_4282,s4_4_5,s1_below_2001,s2_760_2075,s5_47_57,Passenger Car,s2_11_28,Deployed,s2_97_208,s1_below_1,Male,s2_37_80,s3_141_159,s2_164_318,s3_80_160,s2_2_4
12059,s2_885_1695,s2_n103_99,s4_n40_7,s1_below_4282,s1_below_2,s2_2001_2003,s2_760_2075,s3_17_37,Passenger Car,s3_28_48,Not Deployed,s2_97_208,s1_below_1,Female,s4_96_114,s3_141_159,s2_164_318,s4_160_220,s2_2_4
12060,s2_885_1695,s2_n103_99,s5_7_up,s1_below_4282,s2_2_3,s2_2001_2003,s3_2075_3730,s3_17_37,Truck (<=6000 lbs.),s3_28_48,Not Deployed,s2_97_208,s1_below_1,Female,s3_80_96,s3_141_159,s3_318_464,s6_260_up,s2_2_4
12061,s2_885_1695,s2_n103_99,s3_n81_n40,s1_below_4282,s4_4_5,s1_below_2001,s3_2075_3730,s4_37_47,Passenger Car,s2_11_28,Deployed,s2_97_208,s1_below_1,Female,s2_37_80,s3_141_159,s2_164_318,s3_80_160,s2_2_4
12062,s2_885_1695,s2_n103_99,s4_n40_7,s1_below_4282,s3_3_4,s2_2001_2003,s2_760_2075,s3_17_37,Passenger Car,s5_64_76,Not Deployed,s2_97_208,s1_below_1,Male,s2_37_80,s3_141_159,s2_164_318,s3_80_160,s2_2_4
12063,s2_885_1695,s2_n103_99,s4_n40_7,s1_below_4282,s3_3_4,s2_2001_2003,s2_760_2075,s5_47_57,Truck (<=6000 lbs.),s4_48_64,Deployed,s2_97_208,s3_2_3,Female,s4_96_114,s3_141_159,s2_164_318,s3_80_160,s2_2_4
12064,s2_885_1695,s2_n103_99,s4_n40_7,s1_below_4282,s3_3_4,s2_2001_2003,s2_760_2075,s4_37_47,Passenger Car,s2_11_28,Deployed,s2_97_208,s1_below_1,Female,s2_37_80,s3_141_159,s2_164_318,s4_160_220,s2_2_4
12065,s2_885_1695,s2_n103_99,s4_n40_7,s1_below_4282,s4_4_5,s1_below_2001,s2_760_2075,s5_47_57,Passenger Car,s3_28_48,Deployed,s2_97_208,s1_below_1,Female,s2_37_80,s3_141_159,s2_164_318,s3_80_160,s2_2_4
12066,s3_1695_2555,s2_n103_99,s5_7_up,s1_below_4282,s3_3_4,s3_2003_2005,s2_760_2075,s5_47_57,Truck (<=10000 lbs.),s4_48_64,Not Deployed,s2_97_208,s2_1_2,Male,s2_37_80,s5_169_179,s3_318_464,s6_260_up,s4_5_6
12067,s3_1695_2555,s2_n103_99,s4_n40_7,s1_below_4282,s1_below_2,s3_2003_2005,s2_760_2075,s5_47_57,Truck (<=10000 lbs.),s3_28_48,Not Deployed,s2_97_208,s1_below_1,Female,s4_96_114,s3_141_159,s3_318_464,s3_80_160,s3_4_5
12068,s2_885_1695,s2_n103_99,s4_n40_7,s1_below_4282,s3_3_4,s3_2003_2005,s2_760_2075,s5_47_57,Truck (<=6000 lbs.),s3_28_48,Deployed,s2_97_208,s6_5_up,Male,s5_114_130,s3_141_159,s2_164_318,s3_80_160,s2_2_4
12069,s3_1695_2555,s2_n103_99,s4_n40_7,s1_below_4282,s1_below_2,s3_2003_2005,s2_760_2075,s3_17_37,Truck (<=6000 lbs.),s3_28_48,Not Deployed,s2_97_208,s1_below_1,Female,s2_37_80,s3_141_159,s2_164_318,s2_40_80,s2_2_4
12070,s2_885_1695,s2_n103_99,s4_n40_7,s1_below_4282,s2_2_3,s1_below_2001,s2_760_2075,s5_47_57,Passenger Car,s2_11_28,Not Deployed,s2_97_208,s3_2_3,Male,s3_80_96,s3_141_159,s2_164_318,s3_80_160,s2_2_4
12071,s2_885_1695,s2_n103_99,s4_n40_7,s1_below_4282,s1_below_2,s2_2001_2003,s2_760_2075,s5_47_57,Passenger Car,s2_11_28,Deployed,s2_97_208,s1_below_1,Female,s4_96_114,s3_141_159,s2_164_318,s3_80_160,s2_2_4
12072,s3_1695_2555,s2_n103_99,s4_n40_7,s1_below_4282,s4_4_5,s1_below_2001,s2_760_2075,s5_47_57,Truck (<=10000 lbs.),s2_11_28,Not Deployed,s2_97_208,s1_below_1,Female,s2_37_80,s3_141_159,s2_164_318,s4_160_220,s2_2_4
12073,s3_1695_2555,s2_n103_99,s4_n40_7,s1_below_4282,s1_below_2,s3_2003_2005,s3_2075_3730,s5_47_57,Truck (<=6000 lbs.),s3_28_48,Deployed,s2_97_208,s1_below_1,Female,s2_37_80,s3_141_159,s2_164_318,s3_80_160,s2_2_4
12074,s2_885_1695,s2_n103_99,s4_n40_7,s1_below_4282,s2_2_3,s3_2003_2005,s2_760_2075,s5_47_57,Truck (<=6000 lbs.),s2_11_28,Deployed,s2_97_208,s1_below_1,Male,s3_80_96,s3_141_159,s2_164_318,s4_160_220,s2_2_4
12075,s2_885_1695,s2_n103_99,s4_n40_7,s1_below_4282,s1_below_2,s2_2001_2003,s3_2075_3730,s5_47_57,Passenger Car,s2_11_28,Not Deployed,s2_97_208,s1_below_1,Female,s2_37_80,s3_141_159,s2_164_318,s3_80_160,s2_2_4
12076,s2_885_1695,s2_n103_99,s5_7_up,s1_below_4282,s1_below_2,s2_2001_2003,s2_760_2075,s5_47_57,Passenger Car,s2_11_28,Not Deployed,s2_97_208,s1_below_1,Male,s4_96_114,s3_141_159,s2_164_318,s6_260_up,s2_2_4
12077,s2_885_1695,s2_n103_99,s4_n40_7,s1_below_4282,s1_below_2,s2_2001_2003,s2_760_2075,s5_47_57,Truck (<=6000 lbs.),s4_48_64,Not Deployed,s2_97_208,s2_1_2,Male,s3_80_96,s3_141_159,s2_164_318,s3_80_160,s2_2_4
12078,s3_1695_2555,s2_n103_99,s4_n40_7,s1_below_4282,s1_below_2,s2_2001_2003,s3_2075_3730,s4_37_47,Truck (<=6000 lbs.),s4_48_64,Deployed,s2_97_208,s1_below_1,Male,s3_80_96,s3_141_159,s3_318_464,s3_80_160,s2_2_4
12079,s3_1695_2555,s2_n103_99,s4_n40_7,s1_below_4282,s1_below_2,s2_2001_2003,s2_760_2075,s5_47_57,Truck (<=6000 lbs.),s4_48_64,Deployed,s2_97_208,s2_1_2,Female,s2_37_80,s3_141_159,s2_164_318,s3_80_160,s2_2_4
12080,s2_885_1695,s2_n103_99,s4_n40_7,s1_below_4282,s3_3_4,s3_2003_2005,s2_760_2075,s6_57_up,Passenger Car,s3_28_48,Not Deployed,s2_97_208,s1_below_1,Male,s4_96_114,s3_141_159,s2_164_318,s3_80_160,s2_2_4
12081,s3_1695_2555,s2_n103_99,s4_n40_7,s1_below_4282,s1_below_2,s2_2001_2003,s2_760_2075,s6_57_up,Truck (<=6000 lbs.),s2_11_28,Not Deployed,s2_97_208,s1_below_1,Female,s3_80_96,s4_159_169,s2_164_318,s3_80_160,s2_2_4
12082,s2_885_1695,s2_n103_99,s4_n40_7,s1_below_4282,s1_below_2,s1_below_2001,s3_2075_3730,s5_47_57,Passenger Car,s3_28_48,Not Deployed,s2_97_208,s1_below_1,Male,s2_37_80,s3_141_159,s2_164_318,s3_80_160,s2_2_4
12083,s2_885_1695,s2_n103_99,s4_n40_7,s1_below_4282,s3_3_4,s2_2001_2003,s2_760_2075,s5_47_57,Passenger Car,s2_11_28,Not Deployed,s2_97_208,s1_below_1,Female,s2_37_80,s3_141_159,s2_164_318,s4_160_220,s2_2_4
12084,s2_885_1695,s2_n103_99,s4_n40_7,s1_below_4282,s1_below_2,s2_2001_2003,s2_760_2075,s5_47_57,Truck (<=6000 lbs.),s3_28_48,Deployed,s2_97_208,s1_below_1,Male,s3_80_96,s3_141_159,s3_318_464,s2_40_80,s2_2_4
12085,s2_885_1695,s2_n103_99,s5_7_up,s1_below_4282,s1_below_2,s3_2003_2005,s2_760_2075,s5_47_57,Passenger Car,s4_48_64,Not Deployed,s2_97_208,s4_3_4,Female,s3_80_96,s3_141_159,s2_164_318,s6_260_up,s2_2_4
12086,s2_885_1695,s2_n103_99,s4_n40_7,s1_below_4282,s1_below_2,s1_below_2001,s2_760_2075,s5_47_57,Passenger Car,s3_28_48,Deployed,s2_97_208,s1_below_1,Male,s3_80_96,s3_141_159,s2_164_318,s3_80_160,s2_2_4
12087,s3_1695_2555,s2_n103_99,s4_n40_7,s1_below_4282,s3_3_4,s2_2001_2003,s2_760_2075,s3_17_37,Truck (<=10000 lbs.),s6_76_up,Deployed,s2_97_208,s1_below_1,Male,s3_80_96,s4_159_169,s3_318_464,s3_80_160,s4_5_6
12088,s2_885_1695,s2_n103_99,s4_n40_7,s1_below_4282,s2_2_3,s3_2003_2005,s3_2075_3730,s5_47_57,Truck (<=6000 lbs.),s2_11_28,Deployed,s2_97_208,s4_3_4,Female,s2_37_80,s3_141_159,s2_164_318,s4_160_220,s2_2_4
12089,s2_885_1695,s2_n103_99,s4_n40_7,s1_below_4282,s1_below_2,s2_2001_2003,s2_760_2075,s5_47_57,Passenger Car,s3_28_48,Deployed,s2_97_208,s1_below_1,Female,s2_37_80,s3_141_159,s2_164_318,s4_160_220,s2_2_4
12090,s2_885_1695,s2_n103_99,s4_n40_7,s1_below_4282,s4_4_5,s3_2003_2005,s2_760_2075,s3_17_37,Passenger Car,s2_11_28,Deployed,s2_97_208,s2_1_2,Male,s2_37_80,s4_159_169,s2_164_318,s3_80_160,s3_4_5
12091,s3_1695_2555,s2_n103_99,s4_n40_7,s1_below_4282,s1_below_2,s3_2003_2005,s2_760_2075,s5_47_57,Truck (<=6000 lbs.),s2_11_28,Deployed,s2_97_208,s1_below_1,Male,s2_37_80,s3_141_159,s2_164_318,s3_80_160,s2_2_4
12092,s2_885_1695,s2_n103_99,s4_n40_7,s1_below_4282,s2_2_3,s1_below_2001,s2_760_2075,s4_37_47,Passenger Car,s4_48_64,Not Deployed,s2_97_208,s1_below_1,Female,s2_37_80,s3_141_159,s2_164_318,s3_80_160,s2_2_4
12093,s2_885_1695,s2_n103_99,s4_n40_7,s1_below_4282,s4_4_5,s1_below_2001,s3_2075_3730,s4_37_47,Passenger Car,s5_64_76,Not Deployed,s2_97_208,s2_1_2,Female,s2_37_80,s3_141_159,s2_164_318,s3_80_160,s2_2_4
12094,s2_885_1695,s2_n103_99,s4_n40_7,s1_below_4282,s1_below_2,s1_below_2001,s2_760_2075,s4_37_47,Passenger Car,s2_11_28,Not Deployed,s2_97_208,s1_below_1,Female,s2_37_80,s3_141_159,s2_164_318,s3_80_160,s2_2_4
12095,s2_885_1695,s2_n103_99,s4_n40_7,s1_below_4282,s1_below_2,s3_2003_2005,s2_760_2075,s3_17_37,Passenger Car,s3_28_48,Not Deployed,s2_97_208,s1_below_1,Female,s2_37_80,s3_141_159,s2_164_318,s3_80_160,s2_2_4
12096,s2_885_1695,s2_n103_99,s4_n40_7,s1_below_4282,s2_2_3,s2_2001_2003,s2_760_2075,s3_17_37,Passenger Car,s2_11_28,Not Deployed,s2_97_208,s1_below_1,Female,s2_37_80,s3_141_159,s2_164_318,s1_below_40,s2_2_4
12097,s3_1695_2555,s2_n103_99,s4_n40_7,s1_below_4282,s2_2_3,s2_2001_2003,s2_760_2075,s4_37_47,Truck (<=6000 lbs.),s2_11_28,Not Deployed,s2_97_208,s1_below_1,Female,s2_37_80,s3_141_159,s2_164_318,s3_80_160,s2_2_4
12098,s4_2555_3715,s2_n103_99,s4_n40_7,s1_below_4282,s2_2_3,s3_2003_2005,s2_760_2075,s4_37_47,Truck (<=6000 lbs.),s3_28_48,Deployed,s2_97_208,s1_below_1,Female,s2_37_80,s4_159_169,s2_164_318,s3_80_160,s3_4_5
12099,s2_885_1695,s2_n103_99,s5_7_up,s1_below_4282,s1_below_2,s1_below_2001,s3_2075_3730,s4_37_47,Passenger Car,s2_11_28,Deployed,s2_97_208,s5_4_5,Female,s2_37_80,s3_141_159,s2_164_318,s5_220_260,s2_2_4
12100,s3_1695_2555,s2_n103_99,s4_n40_7,s1_below_4282,s1_below_2,s3_2003_2005,s2_760_2075,s4_37_47,Truck (<=6000 lbs.),s3_28_48,Deployed,s2_97_208,s1_below_1,Female,s2_37_80,s4_159_169,s2_164_318,s3_80_160,s2_2_4
12101,s2_885_1695,s2_n103_99,s4_n40_7,s1_below_4282,s1_below_2,s2_2001_2003,s2_760_2075,s5_47_57,Passenger Car,s4_48_64,Deployed,s2_97_208,s3_2_3,Male,s3_80_96,s3_141_159,s2_164_318,s3_80_160,s2_2_4
12102,s3_1695_2555,s2_n103_99,s4_n40_7,s1_below_4282,s1_below_2,s2_2001_2003,s2_760_2075,s5_47_57,Truck (<=6000 lbs.),s3_28_48,Deployed,s2_97_208,s1_below_1,Female,s2_37_80,s5_169_179,s2_164_318,s3_80_160,s2_2_4
12103,s2_885_1695,s2_n103_99,s4_n40_7,s1_below_4282,s3_3_4,s1_below_2001,s2_760_2075,s3_17_37,Passenger Car,s6_76_up,Not Deployed,s2_97_208,s1_below_1,Male,s2_37_80,s3_141_159,s2_164_318,s4_160_220,s2_2_4
12104,s3_1695_2555,s2_n103_99,s4_n40_7,s1_below_4282,s1_below_2,s1_below_2001,s2_760_2075,s5_47_57,Truck (<=6000 lbs.),s2_11_28,Deployed,s2_97_208,s1_below_1,Male,s3_80_96,s3_141_159,s2_164_318,s3_80_160,s2_2_4
12105,s2_885_1695,s2_n103_99,s4_n40_7,s1_below_4282,s1_below_2,s1_below_2001,s2_760_2075,s5_47_57,Truck (<=6000 lbs.),s4_48_64,Deployed,s2_97_208,s2_1_2,Male,s4_96_114,s3_141_159,s2_164_318,s3_80_160,s2_2_4
12106,s3_1695_2555,s2_n103_99,s5_7_up,s1_below_4282,s1_below_2,s3_2003_2005,s2_760_2075,s3_17_37,Truck (<=6000 lbs.),s3_28_48,Not Deployed,s2_97_208,s1_below_1,Female,s4_96_114,s3_141_159,s2_164_318,s6_260_up,s2_2_4
12107,s2_885_1695,s2_n103_99,s4_n40_7,s1_below_4282,s1_below_2,s2_2001_2003,s3_2075_3730,s5_47_57,Passenger Car,s2_11_28,Deployed,s2_97_208,s1_below_1,Male,s2_37_80,s3_141_159,s2_164_318,s4_160_220,s2_2_4
12108,s3_1695_2555,s2_n103_99,s4_n40_7,s1_below_4282,s1_below_2,s2_2001_2003,s2_760_2075,s5_47_57,Truck (<=10000 lbs.),s4_48_64,Deployed,s2_97_208,s1_below_1,Female,s2_37_80,s5_169_179,s3_318_464,s3_80_160,s4_5_6
12109,s3_1695_2555,s2_n103_99,s4_n40_7,s1_below_4282,s2_2_3,s1_below_2001,s2_760_2075,s4_37_47,Truck (<=10000 lbs.),s3_28_48,Deployed,s2_97_208,s1_below_1,Male,s3_80_96,s4_159_169,s3_318_464,s3_80_160,s4_5_6
12110,s3_1695_2555,s2_n103_99,s4_n40_7,s1_below_4282,s3_3_4,s1_below_2001,s2_760_2075,s4_37_47,Truck (<=6000 lbs.),s3_28_48,Deployed,s2_97_208,s1_below_1,Male,s4_96_114,s4_159_169,s2_164_318,s3_80_160,s3_4_5
12111,s2_885_1695,s2_n103_99,s4_n40_7,s1_below_4282,s3_3_4,s3_2003_2005,s2_760_2075,s5_47_57,Passenger Car,s3_28_48,Deployed,s2_97_208,s1_below_1,Female,s2_37_80,s3_141_159,s2_164_318,s3_80_160,s2_2_4
12112,s2_885_1695,s2_n103_99,s5_7_up,s1_below_4282,s1_below_2,s3_2003_2005,s3_2075_3730,s6_57_up,Passenger Car,s3_28_48,Not Deployed,s2_97_208,s1_below_1,Male,s3_80_96,s3_141_159,s2_164_318,s6_260_up,s2_2_4
12113,s2_885_1695,s2_n103_99,s5_7_up,s1_below_4282,s3_3_4,s2_2001_2003,s2_760_2075,s5_47_57,Passenger Car,s2_11_28,Not Deployed,s2_97_208,s1_below_1,Female,s2_37_80,s3_141_159,s2_164_318,s6_260_up,s2_2_4
12114,s2_885_1695,s2_n103_99,s4_n40_7,s1_below_4282,s1_below_2,s3_2003_2005,s2_760_2075,s5_47_57,Passenger Car,s2_11_28,Deployed,s2_97_208,s2_1_2,Male,s2_37_80,s3_141_159,s2_164_318,s3_80_160,s2_2_4
12115,s2_885_1695,s2_n103_99,s4_n40_7,s1_below_4282,s4_4_5,s2_2001_2003,s2_760_2075,s3_17_37,Passenger Car,s3_28_48,Not Deployed,s2_97_208,s1_below_1,Male,s3_80_96,s3_141_159,s2_164_318,s3_80_160,s2_2_4
12116,s2_885_1695,s2_n103_99,s4_n40_7,s1_below_4282,s2_2_3,s1_below_2001,s3_2075_3730,s4_37_47,Passenger Car,s2_11_28,Deployed,s2_97_208,s1_below_1,Female,s4_96_114,s3_141_159,s2_164_318,s3_80_160,s2_2_4
12117,s3_1695_2555,s2_n103_99,s3_n81_n40,s1_below_4282,s1_below_2,s2_2001_2003,s2_760_2075,s5_47_57,Truck (<=10000 lbs.),s2_11_28,Not Deployed,s2_97_208,s4_3_4,Female,s2_37_80,s3_141_159,s2_164_318,s2_40_80,s2_2_4
12118,s2_885_1695,s2_n103_99,s5_7_up,s1_below_4282,s1_below_2,s2_2001_2003,s2_760_2075,s5_47_57,Passenger Car,s3_28_48,Not Deployed,s2_97_208,s1_below_1,Female,s2_37_80,s3_141_159,s2_164_318,s6_260_up,s2_2_4
12119,s2_885_1695,s2_n103_99,s4_n40_7,s1_below_4282,s1_below_2,s1_below_2001,s2_760_2075,s5_47_57,Passenger Car,s2_11_28,Deployed,s2_97_208,s1_below_1,Male,s2_37_80,s2_116_141,s2_164_318,s3_80_160,s2_2_4
12120,s2_885_1695,s2_n103_99,s4_n40_7,s1_below_4282,s4_4_5,s2_2001_2003,s2_760_2075,s3_17_37,Truck (<=6000 lbs.),s3_28_48,Not Deployed,s2_97_208,s1_below_1,Female,s2_37_80,s3_141_159,s2_164_318,s3_80_160,s2_2_4
12121,s2_885_1695,s2_n103_99,s4_n40_7,s1_below_4282,s1_below_2,s2_2001_2003,s2_760_2075,s6_57_up,Passenger Car,s2_11_28,Deployed,s2_97_208,s1_below_1,Male,s4_96_114,s3_141_159,s2_164_318,s4_160_220,s2_2_4
12122,s2_885_1695,s2_n103_99,s4_n40_7,s1_below_4282,s1_below_2,s3_2003_2005,s2_760_2075,s6_57_up,Passenger Car,s2_11_28,Deployed,s2_97_208,s1_below_1,Male,s3_80_96,s4_159_169,s2_164_318,s3_80_160,s2_2_4
12123,s2_885_1695,s2_n103_99,s5_7_up,s1_below_4282,s1_below_2,s2_2001_2003,s2_760_2075,s6_57_up,Passenger Car,s2_11_28,Not Deployed,s2_97_208,s1_below_1,Female,s2_37_80,s3_141_159,s2_164_318,s6_260_up,s2_2_4
12124,s2_885_1695,s2_n103_99,s3_n81_n40,s1_below_4282,s1_below_2,s3_2003_2005,s2_760_2075,s3_17_37,Truck (<=6000 lbs.),s3_28_48,Deployed,s2_97_208,s1_below_1,Male,s3_80_96,s3_141_159,s2_164_318,s3_80_160,s2_2_4
12125,s2_885_1695,s2_n103_99,s4_n40_7,s1_below_4282,s1_below_2,s2_2001_2003,s2_760_2075,s4_37_47,Passenger Car,s4_48_64,Not Deployed,s2_97_208,s1_below_1,Male,s3_80_96,s3_141_159,s2_164_318,s2_40_80,s2_2_4
12126,s2_885_1695,s2_n103_99,s4_n40_7,s1_below_4282,s2_2_3,s1_below_2001,s3_2075_3730,s6_57_up,Passenger Car,s5_64_76,Not Deployed,s2_97_208,s1_below_1,Male,s3_80_96,s3_141_159,s2_164_318,s3_80_160,s2_2_4
12127,s2_885_1695,s2_n103_99,s4_n40_7,s1_below_4282,s1_below_2,s2_2001_2003,s2_760_2075,s4_37_47,Truck (<=6000 lbs.),s3_28_48,Deployed,s2_97_208,s2_1_2,Female,s2_37_80,s3_141_159,s2_164_318,s3_80_160,s2_2_4
12128,s2_885_1695,s2_n103_99,s4_n40_7,s1_below_4282,s1_below_2,s2_2001_2003,s2_760_2075,s3_17_37,Truck (<=6000 lbs.),s2_11_28,Deployed,s2_97_208,s1_below_1,Male,s2_37_80,s2_116_141,s2_164_318,s3_80_160,s2_2_4
12129,s3_1695_2555,s2_n103_99,s4_n40_7,s1_below_4282,s1_below_2,s2_2001_2003,s2_760_2075,s5_47_57,Truck (<=6000 lbs.),s3_28_48,Deployed,s2_97_208,s1_below_1,Male,s2_37_80,s4_159_169,s3_318_464,s3_80_160,s4_5_6
12130,s3_1695_2555,s2_n103_99,s4_n40_7,s1_below_4282,s1_below_2,s3_2003_2005,s2_760_2075,s5_47_57,Truck (<=6000 lbs.),s3_28_48,Not Deployed,s2_97_208,s1_below_1,Female,s2_37_80,s3_141_159,s2_164_318,s3_80_160,s2_2_4
12131,s3_1695_2555,s2_n103_99,s4_n40_7,s1_below_4282,s1_below_2,s2_2001_2003,s3_2075_3730,s5_47_57,Truck (<=6000 lbs.),s4_48_64,Not Deployed,s2_97_208,s1_below_1,Male,s3_80_96,s3_141_159,s2_164_318,s4_160_220,s2_2_4
12132,s2_885_1695,s2_n103_99,s4_n40_7,s1_below_4282,s3_3_4,s2_2001_2003,s2_760_2075,s6_57_up,Truck (<=6000 lbs.),s3_28_48,Deployed,s2_97_208,s1_below_1,Female,s2_37_80,s3_141_159,s3_318_464,s3_80_160,s2_2_4
12133,s2_885_1695,s2_n103_99,s4_n40_7,s1_below_4282,s3_3_4,s3_2003_2005,s2_760_2075,s6_57_up,Passenger Car,s3_28_48,Deployed,s2_97_208,s1_below_1,Male,s3_80_96,s3_141_159,s2_164_318,s3_80_160,s2_2_4
12134,s2_885_1695,s2_n103_99,s5_7_up,s1_below_4282,s1_below_2,s2_2001_2003,s2_760_2075,s4_37_47,Passenger Car,s4_48_64,Deployed,s2_97_208,s1_below_1,Male,s3_80_96,s3_141_159,s2_164_318,s6_260_up,s2_2_4
12135,s2_885_1695,s2_n103_99,s4_n40_7,s1_below_4282,s1_below_2,s1_below_2001,s2_760_2075,s4_37_47,Passenger Car,s3_28_48,Not Deployed,s2_97_208,s1_below_1,Male,s4_96_114,s3_141_159,s2_164_318,s1_below_40,s2_2_4
12136,s3_1695_2555,s2_n103_99,s4_n40_7,s1_below_4282,s2_2_3,s1_below_2001,s2_760_2075,s4_37_47,Truck (<=6000 lbs.),s3_28_48,Not Deployed,s2_97_208,s1_below_1,Male,s3_80_96,s3_141_159,s2_164_318,s1_below_40,s2_2_4
12137,s2_885_1695,s2_n103_99,s5_7_up,s1_below_4282,s4_4_5,s3_2003_2005,s2_760_2075,s4_37_47,Passenger Car,s3_28_48,Deployed,s2_97_208,s1_below_1,Male,s4_96_114,s3_141_159,s2_164_318,s6_260_up,s2_2_4
12138,s2_885_1695,s2_n103_99,s4_n40_7,s1_below_4282,s4_4_5,s2_2001_2003,s2_760_2075,s4_37_47,Passenger Car,s6_76_up,Not Deployed,s2_97_208,s2_1_2,Female,s3_80_96,s3_141_159,s2_164_318,s4_160_220,s2_2_4
12139,s3_1695_2555,s2_n103_99,s5_7_up,s1_below_4282,s6_6_up,s1_below_2001,s2_760_2075,s4_37_47,Truck (<=6000 lbs.),s4_48_64,Not Deployed,s2_97_208,s1_below_1,Female,s4_96_114,s2_116_141,s2_164_318,s6_260_up,s2_2_4
12140,s3_1695_2555,s2_n103_99,s4_n40_7,s1_below_4282,s1_below_2,s1_below_2001,s2_760_2075,s4_37_47,Passenger Car,s4_48_64,Deployed,s2_97_208,s2_1_2,Male,s2_37_80,s3_141_159,s2_164_318,s3_80_160,s2_2_4
12141,s3_1695_2555,s2_n103_99,s4_n40_7,s1_below_4282,s4_4_5,s2_2001_2003,s2_760_2075,s4_37_47,Truck (<=6000 lbs.),s3_28_48,Not Deployed,s2_97_208,s1_below_1,Female,s2_37_80,s4_159_169,s2_164_318,s3_80_160,s2_2_4
12142,s2_885_1695,s2_n103_99,s4_n40_7,s1_below_4282,s1_below_2,s2_2001_2003,s2_760_2075,s1_below_7,Passenger Car,s2_11_28,Deployed,s2_97_208,s1_below_1,Male,s3_80_96,s3_141_159,s2_164_318,s2_40_80,s2_2_4
12143,s2_885_1695,s2_n103_99,s4_n40_7,s1_below_4282,s4_4_5,s2_2001_2003,s2_760_2075,s4_37_47,Passenger Car,s5_64_76,Deployed,s2_97_208,s1_below_1,Male,s2_37_80,s3_141_159,s2_164_318,s3_80_160,s2_2_4
12144,s2_885_1695,s2_n103_99,s4_n40_7,s1_below_4282,s4_4_5,s1_below_2001,s2_760_2075,s4_37_47,Passenger Car,s2_11_28,Deployed,s2_97_208,s1_below_1,Female,s4_96_114,s3_141_159,s2_164_318,s3_80_160,s2_2_4
12145,s2_885_1695,s2_n103_99,s4_n40_7,s1_below_4282,s4_4_5,s1_below_2001,s2_760_2075,s3_17_37,Passenger Car,s2_11_28,Deployed,s2_97_208,s3_2_3,Female,s2_37_80,s3_141_159,s2_164_318,s3_80_160,s2_2_4
12146,s2_885_1695,s2_n103_99,s4_n40_7,s1_below_4282,s3_3_4,s3_2003_2005,s2_760_2075,s6_57_up,Truck (<=6000 lbs.),s3_28_48,Not Deployed,s2_97_208,s1_below_1,Male,s2_37_80,s3_141_159,s2_164_318,s4_160_220,s2_2_4
12147,s2_885_1695,s2_n103_99,s4_n40_7,s1_below_4282,s1_below_2,s1_below_2001,s3_2075_3730,s5_47_57,Passenger Car,s3_28_48,Deployed,s2_97_208,s1_below_1,Female,s2_37_80,s3_141_159,s2_164_318,s3_80_160,s2_2_4
12148,s3_1695_2555,s2_n103_99,s4_n40_7,s1_below_4282,s1_below_2,s2_2001_2003,s2_760_2075,s5_47_57,Truck (<=10000 lbs.),s3_28_48,Not Deployed,s2_97_208,s1_below_1,Male,s4_96_114,s5_169_179,s3_318_464,s3_80_160,s4_5_6
12149,s4_2555_3715,s2_n103_99,s4_n40_7,s1_below_4282,s2_2_3,s3_2003_2005,s2_760_2075,s5_47_57,Truck (<=10000 lbs.),s4_48_64,Deployed,s2_97_208,s1_below_1,Male,s3_80_96,s5_169_179,s3_318_464,s3_80_160,s5_6_7
12150,s2_885_1695,s2_n103_99,s4_n40_7,s1_below_4282,s4_4_5,s2_2001_2003,s3_2075_3730,s4_37_47,Passenger Car,s4_48_64,Not Deployed,s2_97_208,s1_below_1,Male,s2_37_80,s3_141_159,s2_164_318,s3_80_160,s2_2_4
12151,s3_1695_2555,s2_n103_99,s4_n40_7,s1_below_4282,s1_below_2,s3_2003_2005,s3_2075_3730,s5_47_57,Truck (<=6000 lbs.),s6_76_up,Deployed,s2_97_208,s2_1_2,Male,s3_80_96,s4_159_169,s2_164_318,s3_80_160,s3_4_5
12152,s2_885_1695,s2_n103_99,s4_n40_7,s1_below_4282,s1_below_2,s3_2003_2005,s2_760_2075,s5_47_57,Passenger Car,s2_11_28,Deployed,s2_97_208,s1_below_1,Female,s2_37_80,s3_141_159,s2_164_318,s3_80_160,s2_2_4
12153,s3_1695_2555,s2_n103_99,s4_n40_7,s1_below_4282,s1_below_2,s2_2001_2003,s2_760_2075,s5_47_57,Truck (<=6000 lbs.),s3_28_48,Deployed,s2_97_208,s1_below_1,Male,s3_80_96,s4_159_169,s2_164_318,s3_80_160,s2_2_4
12154,s2_885_1695,s2_n103_99,s4_n40_7,s1_below_4282,s1_below_2,s2_2001_2003,s2_760_2075,s5_47_57,Passenger Car,s2_11_28,Not Deployed,s2_97_208,s1_below_1,Male,s3_80_96,s3_141_159,s2_164_318,s4_160_220,s2_2_4
12155,s2_885_1695,s2_n103_99,s4_n40_7,s1_below_4282,s1_below_2,s1_below_2001,s2_760_2075,s5_47_57,Passenger Car,s3_28_48,Deployed,s2_97_208,s1_below_1,Female,s2_37_80,s3_141_159,s2_164_318,s3_80_160,s2_2_4
12156,s3_1695_2555,s2_n103_99,s3_n81_n40,s1_below_4282,s4_4_5,s2_2001_2003,s2_760_2075,s5_47_57,Truck (<=6000 lbs.),s3_28_48,Not Deployed,s2_97_208,s1_below_1,Male,s4_96_114,s3_141_159,s2_164_318,s3_80_160,s2_2_4
12157,s2_885_1695,s2_n103_99,s4_n40_7,s1_below_4282,s3_3_4,s2_2001_2003,s2_760_2075,s3_17_37,Passenger Car,s4_48_64,Deployed,s2_97_208,s1_below_1,Female,s2_37_80,s3_141_159,s2_164_318,s3_80_160,s2_2_4
12158,s2_885_1695,s2_n103_99,s4_n40_7,s1_below_4282,s2_2_3,s1_below_2001,s2_760_2075,s5_47_57,Passenger Car,s2_11_28,Not Deployed,s2_97_208,s1_below_1,Male,s2_37_80,s3_141_159,s2_164_318,s3_80_160,s2_2_4
12159,s3_1695_2555,s2_n103_99,s3_n81_n40,s1_below_4282,s3_3_4,s3_2003_2005,s3_2075_3730,s5_47_57,Truck (<=6000 lbs.),s4_48_64,Deployed,s2_97_208,s3_2_3,Male,s3_80_96,s3_141_159,s2_164_318,s3_80_160,s3_4_5
12160,s2_885_1695,s2_n103_99,s4_n40_7,s1_below_4282,s1_below_2,s2_2001_2003,s2_760_2075,s4_37_47,Passenger Car,s3_28_48,Deployed,s2_97_208,s1_below_1,Male,s2_37_80,s3_141_159,s2_164_318,s3_80_160,s2_2_4
12161,s2_885_1695,s2_n103_99,s4_n40_7,s1_below_4282,s1_below_2,s2_2001_2003,s2_760_2075,s5_47_57,Passenger Car,s4_48_64,Deployed,s2_97_208,s1_below_1,Male,s4_96_114,s3_141_159,s2_164_318,s3_80_160,s2_2_4
12162,s2_885_1695,s2_n103_99,s4_n40_7,s1_below_4282,s4_4_5,s2_2001_2003,s2_760_2075,s3_17_37,Passenger Car,s2_11_28,Deployed,s2_97_208,s1_below_1,Male,s3_80_96,s3_141_159,s2_164_318,s3_80_160,s2_2_4
12163,s2_885_1695,s2_n103_99,s4_n40_7,s1_below_4282,s1_below_2,s3_2003_2005,s2_760_2075,s5_47_57,Passenger Car,s2_11_28,Deployed,s2_97_208,s1_below_1,Male,s2_37_80,s3_141_159,s2_164_318,s3_80_160,s2_2_4
12164,s2_885_1695,s2_n103_99,s4_n40_7,s1_below_4282,s1_below_2,s2_2001_2003,s2_760_2075,s5_47_57,Truck (<=6000 lbs.),s5_64_76,Not Deployed,s2_97_208,s1_below_1,Male,s3_80_96,s3_141_159,s2_164_318,s2_40_80,s3_4_5
12165,s2_885_1695,s2_n103_99,s4_n40_7,s1_below_4282,s4_4_5,s1_below_2001,s2_760_2075,s3_17_37,Truck (<=6000 lbs.),s3_28_48,Deployed,s2_97_208,s2_1_2,Male,s4_96_114,s3_141_159,s3_318_464,s3_80_160,s2_2_4
12166,s2_885_1695,s2_n103_99,s5_7_up,s1_below_4282,s3_3_4,s1_below_2001,s2_760_2075,s3_17_37,Passenger Car,s3_28_48,Not Deployed,s2_97_208,s1_below_1,Female,s6_130_up,s3_141_159,s2_164_318,s6_260_up,s2_2_4
12167,s3_1695_2555,s2_n103_99,s4_n40_7,s1_below_4282,s1_below_2,s3_2003_2005,s2_760_2075,s6_57_up,Truck (<=6000 lbs.),s3_28_48,Not Deployed,s2_97_208,s1_below_1,Female,s3_80_96,s3_141_159,s2_164_318,s3_80_160,s3_4_5
12168,s2_885_1695,s2_n103_99,s4_n40_7,s1_below_4282,s1_below_2,s3_2003_2005,s2_760_2075,s6_57_up,Passenger Car,s3_28_48,Not Deployed,s2_97_208,s1_below_1,Male,s4_96_114,s3_141_159,s2_164_318,s3_80_160,s2_2_4
12169,s2_885_1695,s2_n103_99,s4_n40_7,s1_below_4282,s4_4_5,s3_2003_2005,s2_760_2075,s3_17_37,Passenger Car,s5_64_76,Deployed,s2_97_208,s1_below_1,Female,s2_37_80,s3_141_159,s2_164_318,s4_160_220,s2_2_4
12170,s3_1695_2555,s2_n103_99,s4_n40_7,s1_below_4282,s2_2_3,s3_2003_2005,s2_760_2075,s4_37_47,Truck (<=6000 lbs.),s2_11_28,Not Deployed,s2_97_208,s1_below_1,Female,s2_37_80,s4_159_169,s2_164_318,s3_80_160,s2_2_4
12171,s2_885_1695,s2_n103_99,s4_n40_7,s1_below_4282,s3_3_4,s3_2003_2005,s3_2075_3730,s3_17_37,Passenger Car,s3_28_48,Deployed,s2_97_208,s2_1_2,Male,s3_80_96,s3_141_159,s2_164_318,s4_160_220,s2_2_4
12172,s2_885_1695,s2_n103_99,s4_n40_7,s1_below_4282,s3_3_4,s2_2001_2003,s2_760_2075,s5_47_57,Passenger Car,s2_11_28,Deployed,s2_97_208,s1_below_1,Male,s2_37_80,s3_141_159,s2_164_318,s4_160_220,s2_2_4
12173,s2_885_1695,s2_n103_99,s4_n40_7,s1_below_4282,s3_3_4,s1_below_2001,s2_760_2075,s5_47_57,Passenger Car,s3_28_48,Deployed,s2_97_208,s1_below_1,Female,s2_37_80,s3_141_159,s2_164_318,s3_80_160,s2_2_4
12174,s2_885_1695,s2_n103_99,s4_n40_7,s1_below_4282,s1_below_2,s2_2001_2003,s3_2075_3730,s5_47_57,Passenger Car,s4_48_64,Deployed,s2_97_208,s1_below_1,Female,s3_80_96,s3_141_159,s2_164_318,s3_80_160,s2_2_4
12175,s2_885_1695,s2_n103_99,s4_n40_7,s1_below_4282,s1_below_2,s2_2001_2003,s2_760_2075,s6_57_up,Passenger Car,s5_64_76,Deployed,s2_97_208,s1_below_1,Female,s4_96_114,s3_141_159,s2_164_318,s3_80_160,s2_2_4
12176,s2_885_1695,s2_n103_99,s4_n40_7,s1_below_4282,s1_below_2,s3_2003_2005,s2_760_2075,s3_17_37,Passenger Car,s2_11_28,Deployed,s2_97_208,s1_below_1,Female,s3_80_96,s3_141_159,s2_164_318,s4_160_220,s2_2_4
12177,s2_885_1695,s2_n103_99,s4_n40_7,s1_below_4282,s3_3_4,s3_2003_2005,s2_760_2075,s5_47_57,Passenger Car,s4_48_64,Not Deployed,s2_97_208,s5_4_5,Female,s2_37_80,s3_141_159,s2_164_318,s5_220_260,s2_2_4
12178,s2_885_1695,s2_n103_99,s4_n40_7,s1_below_4282,s3_3_4,s1_below_2001,s2_760_2075,s5_47_57,Passenger Car,s4_48_64,Deployed,s2_97_208,s2_1_2,Female,s2_37_80,s3_141_159,s2_164_318,s3_80_160,s2_2_4
12179,s2_885_1695,s2_n103_99,s4_n40_7,s1_below_4282,s3_3_4,s2_2001_2003,s2_760_2075,s3_17_37,Passenger Car,s3_28_48,Deployed,s2_97_208,s3_2_3,Male,s3_80_96,s3_141_159,s2_164_318,s3_80_160,s2_2_4
12180,s2_885_1695,s2_n103_99,s4_n40_7,s1_below_4282,s3_3_4,s3_2003_2005,s2_760_2075,s3_17_37,Passenger Car,s3_28_48,Deployed,s2_97_208,s2_1_2,Female,s2_37_80,s3_141_159,s2_164_318,s3_80_160,s2_2_4
12181,s2_885_1695,s2_n103_99,s4_n40_7,s1_below_4282,s3_3_4,s1_below_2001,s2_760_2075,s4_37_47,Passenger Car,s3_28_48,Deployed,s2_97_208,s1_below_1,Male,s3_80_96,s3_141_159,s2_164_318,s3_80_160,s2_2_4
12182,s2_885_1695,s2_n103_99,s4_n40_7,s1_below_4282,s1_below_2,s3_2003_2005,s2_760_2075,s1_below_7,Passenger Car,s6_76_up,Not Deployed,s2_97_208,s1_below_1,Male,s2_37_80,s3_141_159,s2_164_318,s2_40_80,s2_2_4
12183,s2_885_1695,s2_n103_99,s4_n40_7,s1_below_4282,s2_2_3,s1_below_2001,s2_760_2075,s4_37_47,Passenger Car,s3_28_48,Not Deployed,s2_97_208,s1_below_1,Male,s2_37_80,s3_141_159,s2_164_318,s3_80_160,s2_2_4
12184,s2_885_1695,s2_n103_99,s4_n40_7,s1_below_4282,s3_3_4,s3_2003_2005,s2_760_2075,s3_17_37,Passenger Car,s3_28_48,Deployed,s2_97_208,s1_below_1,Male,s2_37_80,s3_141_159,s2_164_318,s3_80_160,s2_2_4
12185,s2_885_1695,s2_n103_99,s4_n40_7,s1_below_4282,s3_3_4,s2_2001_2003,s2_760_2075,s3_17_37,Truck (<=6000 lbs.),s3_28_48,Deployed,s2_97_208,s1_below_1,Female,s2_37_80,s3_141_159,s2_164_318,s4_160_220,s2_2_4
12186,s2_885_1695,s2_n103_99,s4_n40_7,s1_below_4282,s2_2_3,s1_below_2001,s3_2075_3730,s4_37_47,Passenger Car,s3_28_48,Not Deployed,s2_97_208,s1_below_1,Male,s2_37_80,s3_141_159,s2_164_318,s4_160_220,s2_2_4
12187,s2_885_1695,s2_n103_99,s4_n40_7,s1_below_4282,s1_below_2,s2_2001_2003,s2_760_2075,s5_47_57,Passenger Car,s2_11_28,Deployed,s2_97_208,s6_5_up,Female,s2_37_80,s3_141_159,s2_164_318,s3_80_160,s2_2_4
12188,s2_885_1695,s2_n103_99,s4_n40_7,s1_below_4282,s1_below_2,s1_below_2001,s2_760_2075,s5_47_57,Passenger Car,s5_64_76,Deployed,s2_97_208,s3_2_3,Female,s2_37_80,s3_141_159,s2_164_318,s3_80_160,s2_2_4
12189,s2_885_1695,s2_n103_99,s5_7_up,s1_below_4282,s3_3_4,s3_2003_2005,s2_760_2075,s3_17_37,Passenger Car,s2_11_28,Not Deployed,s2_97_208,s1_below_1,Female,s2_37_80,s3_141_159,s2_164_318,s6_260_up,s2_2_4
12190,s2_885_1695,s2_n103_99,s4_n40_7,s1_below_4282,s4_4_5,s3_2003_2005,s2_760_2075,s3_17_37,Passenger Car,s3_28_48,Not Deployed,s2_97_208,s1_below_1,Female,s2_37_80,s3_141_159,s2_164_318,s3_80_160,s2_2_4
12191,s2_885_1695,s2_n103_99,s4_n40_7,s1_below_4282,s4_4_5,s1_below_2001,s2_760_2075,s4_37_47,Passenger Car,s2_11_28,Not Deployed,s2_97_208,s1_below_1,Male,s2_37_80,s3_141_159,s2_164_318,s3_80_160,s2_2_4
12192,s3_1695_2555,s2_n103_99,s4_n40_7,s1_below_4282,s1_below_2,s2_2001_2003,s2_760_2075,s3_17_37,Truck (<=6000 lbs.),s2_11_28,Deployed,s2_97_208,s1_below_1,Male,s2_37_80,s4_159_169,s2_164_318,s3_80_160,s2_2_4
12193,s3_1695_2555,s2_n103_99,s4_n40_7,s1_below_4282,s3_3_4,s2_2001_2003,s2_760_2075,s3_17_37,Truck (<=6000 lbs.),s6_76_up,Not Deployed,s2_97_208,s1_below_1,Male,s2_37_80,s4_159_169,s2_164_318,s3_80_160,s2_2_4
12194,s2_885_1695,s2_n103_99,s4_n40_7,s1_below_4282,s1_below_2,s3_2003_2005,s2_760_2075,s6_57_up,Passenger Car,s2_11_28,Deployed,s2_97_208,s1_below_1,Male,s2_37_80,s3_141_159,s2_164_318,s4_160_220,s2_2_4
12195,s3_1695_2555,s2_n103_99,s4_n40_7,s1_below_4282,s1_below_2,s2_2001_2003,s2_760_2075,s5_47_57,Truck (<=6000 lbs.),s4_48_64,Not Deployed,s2_97_208,s1_below_1,Female,s2_37_80,s4_159_169,s2_164_318,s3_80_160,s2_2_4
12196,s3_1695_2555,s2_n103_99,s4_n40_7,s1_below_4282,s3_3_4,s3_2003_2005,s2_760_2075,s3_17_37,Truck (<=6000 lbs.),s5_64_76,Not Deployed,s2_97_208,s1_below_1,Male,s2_37_80,s3_141_159,s2_164_318,s3_80_160,s2_2_4
12197,s2_885_1695,s2_n103_99,s4_n40_7,s1_below_4282,s4_4_5,s1_below_2001,s2_760_2075,s4_37_47,Passenger Car,s2_11_28,Deployed,s2_97_208,s1_below_1,Male,s2_37_80,s3_141_159,s2_164_318,s4_160_220,s2_2_4
12198,s2_885_1695,s2_n103_99,s4_n40_7,s1_below_4282,s4_4_5,s1_below_2001,s2_760_2075,s4_37_47,Passenger Car,s6_76_up,Deployed,s2_97_208,s5_4_5,Female,s2_37_80,s3_141_159,s2_164_318,s3_80_160,s2_2_4
12199,s3_1695_2555,s2_n103_99,s4_n40_7,s1_below_4282,s1_below_2,s3_2003_2005,s2_760_2075,s4_37_47,Passenger Car,s3_28_48,Deployed,s2_97_208,s2_1_2,Male,s3_80_96,s4_159_169,s2_164_318,s3_80_160,s2_2_4
12200,s2_885_1695,s2_n103_99,s4_n40_7,s1_below_4282,s3_3_4,s2_2001_2003,s2_760_2075,s4_37_47,Passenger Car,s2_11_28,Deployed,s2_97_208,s1_below_1,Female,s2_37_80,s3_141_159,s2_164_318,s3_80_160,s2_2_4
12201,s2_885_1695,s2_n103_99,s4_n40_7,s1_below_4282,s1_below_2,s2_2001_2003,s2_760_2075,s4_37_47,Passenger Car,s5_64_76,Not Deployed,s2_97_208,s1_below_1,Male,s4_96_114,s3_141_159,s2_164_318,s3_80_160,s2_2_4
12202,s3_1695_2555,s2_n103_99,s4_n40_7,s1_below_4282,s1_below_2,s2_2001_2003,s2_760_2075,s5_47_57,Truck (<=6000 lbs.),s3_28_48,Not Deployed,s2_97_208,s1_below_1,Male,s3_80_96,s3_141_159,s2_164_318,s3_80_160,s2_2_4
12203,s3_1695_2555,s2_n103_99,s4_n40_7,s1_below_4282,s2_2_3,s3_2003_2005,s3_2075_3730,s4_37_47,Truck (<=6000 lbs.),s3_28_48,Not Deployed,s2_97_208,s4_3_4,Female,s3_80_96,s3_141_159,s2_164_318,s4_160_220,s2_2_4
12204,s4_2555_3715,s2_n103_99,s4_n40_7,s1_below_4282,s2_2_3,s2_2001_2003,s2_760_2075,s4_37_47,Truck (<=10000 lbs.),s2_11_28,Not Deployed,s2_97_208,s1_below_1,Male,s2_37_80,s4_159_169,s3_318_464,s3_80_160,s4_5_6
12205,s2_885_1695,s2_n103_99,s4_n40_7,s1_below_4282,s2_2_3,s2_2001_2003,s2_760_2075,s6_57_up,Passenger Car,s2_11_28,Deployed,s2_97_208,s1_below_1,Female,s2_37_80,s3_141_159,s2_164_318,s3_80_160,s2_2_4
12206,s3_1695_2555,s2_n103_99,s4_n40_7,s1_below_4282,s5_5_6,s1_below_2001,s2_760_2075,s5_47_57,Passenger Car,s5_64_76,Deployed,s2_97_208,s1_below_1,Female,s2_37_80,s3_141_159,s2_164_318,s4_160_220,s2_2_4
12207,s2_885_1695,s2_n103_99,s4_n40_7,s1_below_4282,s5_5_6,s3_2003_2005,s2_760_2075,s5_47_57,Passenger Car,s3_28_48,Deployed,s2_97_208,s2_1_2,Female,s2_37_80,s3_141_159,s2_164_318,s3_80_160,s2_2_4
12208,s2_885_1695,s2_n103_99,s5_7_up,s1_below_4282,s4_4_5,s1_below_2001,s2_760_2075,s4_37_47,Passenger Car,s5_64_76,Not Deployed,s2_97_208,s1_below_1,Female,s2_37_80,s3_141_159,s2_164_318,s6_260_up,s2_2_4
12209,s3_1695_2555,s2_n103_99,s4_n40_7,s1_below_4282,s5_5_6,s3_2003_2005,s2_760_2075,s4_37_47,Truck (<=10000 lbs.),s4_48_64,Not Deployed,s2_97_208,s1_below_1,Male,s2_37_80,s4_159_169,s3_318_464,s3_80_160,s3_4_5
12210,s3_1695_2555,s2_n103_99,s5_7_up,s1_below_4282,s5_5_6,s1_below_2001,s3_2075_3730,s4_37_47,Truck (<=6000 lbs.),s5_64_76,Not Deployed,s2_97_208,s1_below_1,Male,s2_37_80,s3_141_159,s2_164_318,s6_260_up,s3_4_5
12211,s3_1695_2555,s2_n103_99,s4_n40_7,s1_below_4282,s1_below_2,s3_2003_2005,s2_760_2075,s4_37_47,Truck (<=6000 lbs.),s2_11_28,Not Deployed,s2_97_208,s1_below_1,Female,s2_37_80,s3_141_159,s2_164_318,s3_80_160,s2_2_4
12212,s2_885_1695,s2_n103_99,s4_n40_7,s1_below_4282,s1_below_2,s2_2001_2003,s3_2075_3730,s5_47_57,Passenger Car,s4_48_64,Deployed,s2_97_208,s6_5_up,Female,s4_96_114,s3_141_159,s2_164_318,s2_40_80,s2_2_4
12213,s2_885_1695,s2_n103_99,s4_n40_7,s1_below_4282,s3_3_4,s2_2001_2003,s2_760_2075,s4_37_47,Passenger Car,s3_28_48,Deployed,s2_97_208,s2_1_2,Female,s2_37_80,s3_141_159,s2_164_318,s3_80_160,s2_2_4
12214,s2_885_1695,s2_n103_99,s4_n40_7,s1_below_4282,s1_below_2,s3_2003_2005,s2_760_2075,s4_37_47,Passenger Car,s4_48_64,Not Deployed,s2_97_208,s4_3_4,Female,s6_130_up,s3_141_159,s2_164_318,s2_40_80,s2_2_4
12215,s3_1695_2555,s2_n103_99,s4_n40_7,s1_below_4282,s3_3_4,s3_2003_2005,s2_760_2075,s3_17_37,Truck (<=6000 lbs.),s3_28_48,Not Deployed,s2_97_208,s1_below_1,Female,s2_37_80,s3_141_159,s2_164_318,s3_80_160,s3_4_5
12216,s2_885_1695,s2_n103_99,s4_n40_7,s1_below_4282,s1_below_2,s3_2003_2005,s2_760_2075,s4_37_47,Truck (<=6000 lbs.),s5_64_76,Deployed,s2_97_208,s6_5_up,Male,s2_37_80,s3_141_159,s2_164_318,s4_160_220,s2_2_4
12217,s2_885_1695,s2_n103_99,s4_n40_7,s1_below_4282,s3_3_4,s2_2001_2003,s2_760_2075,s4_37_47,Truck (<=6000 lbs.),s3_28_48,Deployed,s2_97_208,s1_below_1,Female,s2_37_80,s3_141_159,s2_164_318,s3_80_160,s2_2_4
12218,s2_885_1695,s2_n103_99,s4_n40_7,s1_below_4282,s3_3_4,s1_below_2001,s2_760_2075,s4_37_47,Truck (<=6000 lbs.),s3_28_48,Deployed,s2_97_208,s1_below_1,Male,s3_80_96,s2_116_141,s2_164_318,s3_80_160,s2_2_4
12219,s2_885_1695,s2_n103_99,s4_n40_7,s1_below_4282,s1_below_2,s3_2003_2005,s2_760_2075,s5_47_57,Passenger Car,s6_76_up,Not Deployed,s2_97_208,s1_below_1,Male,s2_37_80,s3_141_159,s2_164_318,s4_160_220,s2_2_4
12220,s2_885_1695,s2_n103_99,s4_n40_7,s1_below_4282,s3_3_4,s3_2003_2005,s2_760_2075,s3_17_37,Passenger Car,s3_28_48,Deployed,s2_97_208,s1_below_1,Female,s2_37_80,s3_141_159,s2_164_318,s3_80_160,s2_2_4
12221,s2_885_1695,s2_n103_99,s4_n40_7,s1_below_4282,s1_below_2,s3_2003_2005,s3_2075_3730,s5_47_57,Passenger Car,s2_11_28,Not Deployed,s2_97_208,s1_below_1,Female,s3_80_96,s3_141_159,s2_164_318,s3_80_160,s2_2_4
12222,s3_1695_2555,s2_n103_99,s4_n40_7,s1_below_4282,s5_5_6,s3_2003_2005,s2_760_2075,s4_37_47,Truck (<=6000 lbs.),s4_48_64,Deployed,s2_97_208,s3_2_3,Female,s3_80_96,s3_141_159,s3_318_464,s4_160_220,s2_2_4
12223,s2_885_1695,s2_n103_99,s4_n40_7,s1_below_4282,s5_5_6,s2_2001_2003,s2_760_2075,s4_37_47,Passenger Car,s5_64_76,Deployed,s2_97_208,s3_2_3,Female,s2_37_80,s3_141_159,s2_164_318,s3_80_160,s2_2_4
12224,s2_885_1695,s2_n103_99,s4_n40_7,s1_below_4282,s4_4_5,s1_below_2001,s2_760_2075,s6_57_up,Passenger Car,s3_28_48,Not Deployed,s2_97_208,s1_below_1,Female,s4_96_114,s3_141_159,s2_164_318,s5_220_260,s2_2_4
12225,s3_1695_2555,s2_n103_99,s4_n40_7,s1_below_4282,s1_below_2,s2_2001_2003,s2_760_2075,s4_37_47,Truck (<=6000 lbs.),s3_28_48,Not Deployed,s2_97_208,s1_below_1,Female,s2_37_80,s4_159_169,s2_164_318,s2_40_80,s3_4_5
12226,s2_885_1695,s2_n103_99,s4_n40_7,s1_below_4282,s1_below_2,s2_2001_2003,s2_760_2075,s4_37_47,Passenger Car,s5_64_76,Not Deployed,s2_97_208,s1_below_1,Female,s2_37_80,s3_141_159,s2_164_318,s3_80_160,s2_2_4
12227,s2_885_1695,s2_n103_99,s4_n40_7,s1_below_4282,s1_below_2,s2_2001_2003,s3_2075_3730,s5_47_57,Passenger Car,s2_11_28,Not Deployed,s2_97_208,s2_1_2,Female,s2_37_80,s3_141_159,s2_164_318,s2_40_80,s2_2_4
12228,s3_1695_2555,s2_n103_99,s4_n40_7,s1_below_4282,s3_3_4,s1_below_2001,s2_760_2075,s3_17_37,Passenger Car,s5_64_76,Not Deployed,s2_97_208,s1_below_1,Female,s4_96_114,s4_159_169,s2_164_318,s4_160_220,s2_2_4
12229,s2_885_1695,s2_n103_99,s4_n40_7,s1_below_4282,s4_4_5,s3_2003_2005,s2_760_2075,s3_17_37,Passenger Car,s3_28_48,Deployed,s3_208_up,s1_below_1,Male,s5_114_130,s3_141_159,s2_164_318,s3_80_160,s2_2_4
12230,s2_885_1695,s2_n103_99,s4_n40_7,s1_below_4282,s5_5_6,s2_2001_2003,s2_760_2075,s6_57_up,Truck (<=6000 lbs.),s3_28_48,Not Deployed,s2_97_208,s1_below_1,Female,s5_114_130,s3_141_159,s2_164_318,s1_below_40,s2_2_4
12231,s2_885_1695,s2_n103_99,s4_n40_7,s1_below_4282,s5_5_6,s2_2001_2003,s2_760_2075,s6_57_up,Truck (<=6000 lbs.),s2_11_28,Not Deployed,s2_97_208,s1_below_1,Female,s2_37_80,s3_141_159,s2_164_318,s4_160_220,s2_2_4
12232,s3_1695_2555,s2_n103_99,s4_n40_7,s1_below_4282,s1_below_2,s2_2001_2003,s2_760_2075,s5_47_57,Truck (<=10000 lbs.),s4_48_64,Not Deployed,s2_97_208,s1_below_1,Male,s4_96_114,s4_159_169,s3_318_464,s3_80_160,s4_5_6
12233,s3_1695_2555,s2_n103_99,s4_n40_7,s1_below_4282,s2_2_3,s3_2003_2005,s2_760_2075,s4_37_47,Truck (<=10000 lbs.),s3_28_48,Not Deployed,s2_97_208,s1_below_1,Male,s3_80_96,s5_169_179,s3_318_464,s3_80_160,s4_5_6
12234,s4_2555_3715,s2_n103_99,s4_n40_7,s1_below_4282,s1_below_2,s1_below_2001,s3_2075_3730,s5_47_57,Truck (<=10000 lbs.),s3_28_48,Not Deployed,s2_97_208,s1_below_1,Male,s3_80_96,s5_169_179,s3_318_464,s3_80_160,s5_6_7
12235,s3_1695_2555,s2_n103_99,s5_7_up,s1_below_4282,s1_below_2,s1_below_2001,s3_2075_3730,s5_47_57,Truck (<=10000 lbs.),s3_28_48,Not Deployed,s2_97_208,s1_below_1,Male,s4_96_114,s5_169_179,s3_318_464,s6_260_up,s4_5_6
12236,s2_885_1695,s2_n103_99,s4_n40_7,s1_below_4282,s1_below_2,s2_2001_2003,s3_2075_3730,s5_47_57,Passenger Car,s4_48_64,Deployed,s2_97_208,s3_2_3,Female,s2_37_80,s3_141_159,s2_164_318,s3_80_160,s2_2_4
12237,s3_1695_2555,s2_n103_99,s4_n40_7,s1_below_4282,s2_2_3,s1_below_2001,s2_760_2075,s3_17_37,Truck (<=6000 lbs.),s2_11_28,Deployed,s2_97_208,s3_2_3,Female,s6_130_up,s4_159_169,s2_164_318,s3_80_160,s3_4_5
12238,s2_885_1695,s2_n103_99,s4_n40_7,s1_below_4282,s1_below_2,s2_2001_2003,s2_760_2075,s3_17_37,Truck (<=6000 lbs.),s5_64_76,Not Deployed,s2_97_208,s1_below_1,Male,s2_37_80,s3_141_159,s2_164_318,s2_40_80,s2_2_4
12239,s2_885_1695,s2_n103_99,s4_n40_7,s1_below_4282,s1_below_2,s1_below_2001,s2_760_2075,s3_17_37,Passenger Car,s3_28_48,Deployed,s2_97_208,s1_below_1,Male,s2_37_80,s3_141_159,s2_164_318,s4_160_220,s2_2_4
12240,s2_885_1695,s2_n103_99,s3_n81_n40,s1_below_4282,s1_below_2,s2_2001_2003,s2_760_2075,s5_47_57,Passenger Car,s5_64_76,Deployed,s2_97_208,s1_below_1,Male,s2_37_80,s3_141_159,s2_164_318,s4_160_220,s2_2_4
12241,s2_885_1695,s2_n103_99,s4_n40_7,s1_below_4282,s2_2_3,s1_below_2001,s2_760_2075,s5_47_57,Passenger Car,s3_28_48,Not Deployed,s2_97_208,s1_below_1,Female,s2_37_80,s3_141_159,s2_164_318,s1_below_40,s2_2_4
12242,s2_885_1695,s2_n103_99,s4_n40_7,s1_below_4282,s1_below_2,s3_2003_2005,s2_760_2075,s3_17_37,Passenger Car,s3_28_48,Not Deployed,s2_97_208,s1_below_1,Female,s2_37_80,s3_141_159,s2_164_318,s4_160_220,s2_2_4
12243,s2_885_1695,s2_n103_99,s4_n40_7,s1_below_4282,s3_3_4,s3_2003_2005,s2_760_2075,s3_17_37,Passenger Car,s2_11_28,Deployed,s2_97_208,s1_below_1,Male,s3_80_96,s3_141_159,s2_164_318,s4_160_220,s2_2_4
12244,s3_1695_2555,s2_n103_99,s4_n40_7,s1_below_4282,s1_below_2,s1_below_2001,s2_760_2075,s5_47_57,Truck (<=10000 lbs.),s4_48_64,Not Deployed,s2_97_208,s1_below_1,Male,s3_80_96,s4_159_169,s3_318_464,s3_80_160,s4_5_6
12245,s2_885_1695,s2_n103_99,s4_n40_7,s1_below_4282,s2_2_3,s1_below_2001,s2_760_2075,s4_37_47,Passenger Car,s2_11_28,Not Deployed,s2_97_208,s1_below_1,Female,s2_37_80,s3_141_159,s2_164_318,s3_80_160,s2_2_4
12246,s2_885_1695,s2_n103_99,s5_7_up,s1_below_4282,s3_3_4,s2_2001_2003,s3_2075_3730,s3_17_37,Passenger Car,s6_76_up,Not Deployed,s2_97_208,s1_below_1,Male,s2_37_80,s3_141_159,s2_164_318,s6_260_up,s2_2_4
12247,s2_885_1695,s2_n103_99,s4_n40_7,s1_below_4282,s2_2_3,s2_2001_2003,s2_760_2075,s3_17_37,Passenger Car,s2_11_28,Not Deployed,s2_97_208,s1_below_1,Female,s2_37_80,s3_141_159,s2_164_318,s3_80_160,s2_2_4
12248,s3_1695_2555,s2_n103_99,s4_n40_7,s1_below_4282,s1_below_2,s2_2001_2003,s2_760_2075,s3_17_37,Truck (<=6000 lbs.),s5_64_76,Deployed,s2_97_208,s1_below_1,Male,s4_96_114,s4_159_169,s2_164_318,s3_80_160,s3_4_5
12249,s2_885_1695,s2_n103_99,s4_n40_7,s1_below_4282,s1_below_2,s1_below_2001,s2_760_2075,s4_37_47,Passenger Car,s3_28_48,Not Deployed,s2_97_208,s1_below_1,Female,s3_80_96,s3_141_159,s2_164_318,s2_40_80,s2_2_4
12250,s2_885_1695,s2_n103_99,s4_n40_7,s1_below_4282,s1_below_2,s2_2001_2003,s2_760_2075,s3_17_37,Passenger Car,s3_28_48,Deployed,s2_97_208,s1_below_1,Male,s3_80_96,s3_141_159,s2_164_318,s4_160_220,s2_2_4
12251,s2_885_1695,s2_n103_99,s4_n40_7,s1_below_4282,s1_below_2,s3_2003_2005,s2_760_2075,s4_37_47,Passenger Car,s2_11_28,Not Deployed,s2_97_208,s1_below_1,Female,s2_37_80,s3_141_159,s2_164_318,s3_80_160,s2_2_4
12252,s3_1695_2555,s2_n103_99,s4_n40_7,s1_below_4282,s1_below_2,s4_2005_2007,s2_760_2075,s5_47_57,Passenger Car,s3_28_48,Deployed,s2_97_208,s1_below_1,Male,s3_80_96,s4_159_169,s2_164_318,s3_80_160,s3_4_5
12253,s3_1695_2555,s2_n103_99,s4_n40_7,s1_below_4282,s1_below_2,s1_below_2001,s3_2075_3730,s4_37_47,Truck (<=6000 lbs.),s3_28_48,Deployed,s2_97_208,s1_below_1,Female,s4_96_114,s4_159_169,s2_164_318,s3_80_160,s3_4_5
12254,s4_2555_3715,s2_n103_99,s4_n40_7,s1_below_4282,s1_below_2,s3_2003_2005,s2_760_2075,s4_37_47,Truck (<=10000 lbs.),s4_48_64,Not Deployed,s2_97_208,s1_below_1,Male,s5_114_130,s5_169_179,s3_318_464,s3_80_160,s4_5_6
12255,s2_885_1695,s2_n103_99,s4_n40_7,s1_below_4282,s2_2_3,s2_2001_2003,s2_760_2075,s4_37_47,Passenger Car,s2_11_28,Not Deployed,s2_97_208,s2_1_2,Female,s2_37_80,s3_141_159,s2_164_318,s2_40_80,s2_2_4
12256,s2_885_1695,s2_n103_99,s4_n40_7,s1_below_4282,s1_below_2,s3_2003_2005,s3_2075_3730,s3_17_37,Passenger Car,s4_48_64,Not Deployed,s2_97_208,s1_below_1,Male,s2_37_80,s3_141_159,s2_164_318,s3_80_160,s2_2_4
12257,s2_885_1695,s2_n103_99,s4_n40_7,s1_below_4282,s4_4_5,s3_2003_2005,s2_760_2075,s3_17_37,Passenger Car,s6_76_up,Deployed,s2_97_208,s1_below_1,Male,s2_37_80,s4_159_169,s2_164_318,s4_160_220,s2_2_4
12258,s2_885_1695,s2_n103_99,s4_n40_7,s1_below_4282,s1_below_2,s2_2001_2003,s2_760_2075,s5_47_57,Passenger Car,s2_11_28,Not Deployed,s2_97_208,s1_below_1,Male,s3_80_96,s3_141_159,s2_164_318,s2_40_80,s2_2_4
12259,s2_885_1695,s2_n103_99,s4_n40_7,s1_below_4282,s3_3_4,s1_below_2001,s3_2075_3730,s3_17_37,Passenger Car,s2_11_28,Not Deployed,s2_97_208,s1_below_1,Female,s2_37_80,s3_141_159,s2_164_318,s3_80_160,s2_2_4
12260,s2_885_1695,s2_n103_99,s4_n40_7,s1_below_4282,s3_3_4,s2_2001_2003,s2_760_2075,s3_17_37,Passenger Car,s2_11_28,Deployed,s2_97_208,s1_below_1,Male,s2_37_80,s3_141_159,s2_164_318,s3_80_160,s2_2_4
12261,s3_1695_2555,s2_n103_99,s4_n40_7,s1_below_4282,s3_3_4,s2_2001_2003,s2_760_2075,s3_17_37,Truck (<=6000 lbs.),s4_48_64,Not Deployed,s2_97_208,s1_below_1,Female,s2_37_80,s3_141_159,s2_164_318,s3_80_160,s2_2_4
12262,s2_885_1695,s2_n103_99,s4_n40_7,s1_below_4282,s3_3_4,s3_2003_2005,s2_760_2075,s3_17_37,Passenger Car,s3_28_48,Deployed,s2_97_208,s1_below_1,Male,s2_37_80,s3_141_159,s2_164_318,s3_80_160,s2_2_4
12263,s3_1695_2555,s2_n103_99,s4_n40_7,s1_below_4282,s3_3_4,s2_2001_2003,s2_760_2075,s4_37_47,Passenger Car,s3_28_48,Deployed,s2_97_208,s1_below_1,Male,s3_80_96,s3_141_159,s2_164_318,s3_80_160,s2_2_4
12264,s2_885_1695,s2_n103_99,s4_n40_7,s1_below_4282,s2_2_3,s3_2003_2005,s2_760_2075,s3_17_37,Passenger Car,s3_28_48,Deployed,s2_97_208,s1_below_1,Male,s3_80_96,s3_141_159,s2_164_318,s3_80_160,s2_2_4
12265,s3_1695_2555,s2_n103_99,s4_n40_7,s1_below_4282,s4_4_5,s3_2003_2005,s2_760_2075,s4_37_47,Truck (<=10000 lbs.),s3_28_48,Not Deployed,s2_97_208,s1_below_1,Male,s4_96_114,s4_159_169,s3_318_464,s3_80_160,s4_5_6
12266,s3_1695_2555,s2_n103_99,s4_n40_7,s1_below_4282,s4_4_5,s2_2001_2003,s2_760_2075,s4_37_47,Passenger Car,s5_64_76,Not Deployed,s2_97_208,s3_2_3,Male,s3_80_96,s3_141_159,s2_164_318,s3_80_160,s3_4_5
12267,s4_2555_3715,s2_n103_99,s4_n40_7,s1_below_4282,s4_4_5,s1_below_2001,s2_760_2075,s3_17_37,Truck (<=10000 lbs.),s3_28_48,Deployed,s2_97_208,s2_1_2,Male,s3_80_96,s4_159_169,s2_164_318,s4_160_220,s3_4_5
12268,s2_885_1695,s2_n103_99,s4_n40_7,s1_below_4282,s4_4_5,s2_2001_2003,s3_2075_3730,s3_17_37,Passenger Car,s2_11_28,Deployed,s2_97_208,s1_below_1,Male,s4_96_114,s3_141_159,s2_164_318,s3_80_160,s2_2_4
12269,s2_885_1695,s2_n103_99,s4_n40_7,s1_below_4282,s3_3_4,s3_2003_2005,s2_760_2075,s4_37_47,Passenger Car,s2_11_28,Deployed,s2_97_208,s1_below_1,Male,s3_80_96,s3_141_159,s2_164_318,s3_80_160,s2_2_4
12270,s3_1695_2555,s2_n103_99,s4_n40_7,s1_below_4282,s3_3_4,s1_below_2001,s2_760_2075,s6_57_up,Truck (<=6000 lbs.),s3_28_48,Deployed,s2_97_208,s1_below_1,Female,s4_96_114,s3_141_159,s2_164_318,s3_80_160,s2_2_4
12271,s2_885_1695,s2_n103_99,s4_n40_7,s1_below_4282,s1_below_2,s3_2003_2005,s2_760_2075,s3_17_37,Passenger Car,s3_28_48,Not Deployed,s2_97_208,s1_below_1,Female,s2_37_80,s3_141_159,s2_164_318,s2_40_80,s2_2_4
12272,s2_885_1695,s2_n103_99,s4_n40_7,s1_below_4282,s2_2_3,s2_2001_2003,s2_760_2075,s3_17_37,Truck (<=6000 lbs.),s2_11_28,Deployed,s2_97_208,s1_below_1,Male,s3_80_96,s3_141_159,s3_318_464,s3_80_160,s2_2_4
12273,s2_885_1695,s2_n103_99,s4_n40_7,s1_below_4282,s3_3_4,s2_2001_2003,s2_760_2075,s4_37_47,Truck (<=6000 lbs.),s3_28_48,Deployed,s2_97_208,s2_1_2,Male,s3_80_96,s3_141_159,s2_164_318,s4_160_220,s2_2_4
12274,s2_885_1695,s2_n103_99,s5_7_up,s1_below_4282,s3_3_4,s2_2001_2003,s2_760_2075,s4_37_47,Passenger Car,s3_28_48,Not Deployed,s2_97_208,s1_below_1,Male,s2_37_80,s3_141_159,s2_164_318,s6_260_up,s2_2_4
12275,s2_885_1695,s2_n103_99,s4_n40_7,s1_below_4282,s4_4_5,s3_2003_2005,s2_760_2075,s3_17_37,Passenger Car,s5_64_76,Not Deployed,s2_97_208,s1_below_1,Male,s2_37_80,s3_141_159,s2_164_318,s2_40_80,s2_2_4
12276,s2_885_1695,s2_n103_99,s4_n40_7,s1_below_4282,s4_4_5,s2_2001_2003,s2_760_2075,s3_17_37,Passenger Car,s2_11_28,Deployed,s2_97_208,s3_2_3,Male,s2_37_80,s3_141_159,s2_164_318,s4_160_220,s2_2_4
12277,s2_885_1695,s2_n103_99,s4_n40_7,s1_below_4282,s1_below_2,s2_2001_2003,s2_760_2075,s3_17_37,Passenger Car,s5_64_76,Not Deployed,s2_97_208,s1_below_1,Female,s2_37_80,s3_141_159,s2_164_318,s4_160_220,s2_2_4
12278,s3_1695_2555,s2_n103_99,s5_7_up,s1_below_4282,s1_below_2,s3_2003_2005,s2_760_2075,s3_17_37,Truck (<=6000 lbs.),s2_11_28,Not Deployed,s2_97_208,s1_below_1,Male,s3_80_96,s3_141_159,s2_164_318,s6_260_up,s2_2_4
12279,s2_885_1695,s2_n103_99,s4_n40_7,s1_below_4282,s4_4_5,s1_below_2001,s2_760_2075,s4_37_47,Passenger Car,s3_28_48,Deployed,s2_97_208,s1_below_1,Male,s2_37_80,s3_141_159,s2_164_318,s4_160_220,s2_2_4
12280,s3_1695_2555,s2_n103_99,s4_n40_7,s1_below_4282,s2_2_3,s3_2003_2005,s2_760_2075,s3_17_37,Truck (<=6000 lbs.),s3_28_48,Not Deployed,s2_97_208,s1_below_1,Female,s2_37_80,s4_159_169,s2_164_318,s3_80_160,s2_2_4
12281,s3_1695_2555,s2_n103_99,s4_n40_7,s1_below_4282,s3_3_4,s3_2003_2005,s2_760_2075,s4_37_47,Passenger Car,s3_28_48,Deployed,s2_97_208,s1_below_1,Male,s4_96_114,s3_141_159,s2_164_318,s3_80_160,s3_4_5
12282,s2_885_1695,s2_n103_99,s4_n40_7,s1_below_4282,s4_4_5,s3_2003_2005,s2_760_2075,s3_17_37,Truck (<=6000 lbs.),s4_48_64,Deployed,s2_97_208,s1_below_1,Male,s3_80_96,s3_141_159,s2_164_318,s4_160_220,s2_2_4
12283,s2_885_1695,s2_n103_99,s4_n40_7,s1_below_4282,s2_2_3,s3_2003_2005,s2_760_2075,s3_17_37,Passenger Car,s3_28_48,Not Deployed,s2_97_208,s1_below_1,Female,s3_80_96,s3_141_159,s2_164_318,s2_40_80,s2_2_4
12284,s2_885_1695,s2_n103_99,s4_n40_7,s1_below_4282,s2_2_3,s1_below_2001,s3_2075_3730,s4_37_47,Passenger Car,s2_11_28,Deployed,s2_97_208,s1_below_1,Male,s2_37_80,s3_141_159,s2_164_318,s3_80_160,s2_2_4
12285,s2_885_1695,s2_n103_99,s3_n81_n40,s1_below_4282,s3_3_4,s2_2001_2003,s2_760_2075,s4_37_47,Truck (<=6000 lbs.),s3_28_48,Deployed,s2_97_208,s1_below_1,Male,s4_96_114,s3_141_159,s2_164_318,s3_80_160,s2_2_4
12286,s2_885_1695,s2_n103_99,s4_n40_7,s1_below_4282,s4_4_5,s1_below_2001,s3_2075_3730,s3_17_37,Passenger Car,s3_28_48,Not Deployed,s2_97_208,s3_2_3,Female,s2_37_80,s3_141_159,s2_164_318,s3_80_160,s2_2_4
12287,s2_885_1695,s2_n103_99,s4_n40_7,s1_below_4282,s5_5_6,s2_2001_2003,s2_760_2075,s3_17_37,Passenger Car,s3_28_48,Not Deployed,s2_97_208,s3_2_3,Male,s2_37_80,s3_141_159,s2_164_318,s2_40_80,s2_2_4
12288,s3_1695_2555,s2_n103_99,s4_n40_7,s1_below_4282,s1_below_2,s1_below_2001,s2_760_2075,s3_17_37,Truck (<=10000 lbs.),s3_28_48,Not Deployed,s2_97_208,s1_below_1,Male,s2_37_80,s4_159_169,s2_164_318,s4_160_220,s3_4_5
12289,s2_885_1695,s2_n103_99,s4_n40_7,s1_below_4282,s3_3_4,s2_2001_2003,s2_760_2075,s3_17_37,Passenger Car,s4_48_64,Not Deployed,s2_97_208,s1_below_1,Female,s4_96_114,s3_141_159,s2_164_318,s2_40_80,s2_2_4
12290,s2_885_1695,s2_n103_99,s5_7_up,s1_below_4282,s3_3_4,s1_below_2001,s2_760_2075,s4_37_47,Passenger Car,s4_48_64,Not Deployed,s2_97_208,s1_below_1,Female,s2_37_80,s3_141_159,s2_164_318,s6_260_up,s2_2_4
12291,s2_885_1695,s2_n103_99,s3_n81_n40,s1_below_4282,s4_4_5,s2_2001_2003,s2_760_2075,s6_57_up,Passenger Car,s5_64_76,Not Deployed,s2_97_208,s5_4_5,Male,s4_96_114,s3_141_159,s2_164_318,s2_40_80,s2_2_4
12292,s2_885_1695,s2_n103_99,s4_n40_7,s1_below_4282,s1_below_2,s3_2003_2005,s2_760_2075,s4_37_47,Passenger Car,s2_11_28,Not Deployed,s2_97_208,s4_3_4,Male,s3_80_96,s3_141_159,s2_164_318,s2_40_80,s2_2_4
12293,s2_885_1695,s2_n103_99,s4_n40_7,s1_below_4282,s1_below_2,s2_2001_2003,s2_760_2075,s3_17_37,Passenger Car,s3_28_48,Not Deployed,s2_97_208,s1_below_1,Female,s2_37_80,s3_141_159,s2_164_318,s2_40_80,s2_2_4
12294,s3_1695_2555,s2_n103_99,s4_n40_7,s1_below_4282,s4_4_5,s3_2003_2005,s2_760_2075,s4_37_47,Truck (<=10000 lbs.),s4_48_64,Deployed,s2_97_208,s1_below_1,Male,s2_37_80,s5_169_179,s3_318_464,s3_80_160,s4_5_6
12295,s3_1695_2555,s2_n103_99,s4_n40_7,s1_below_4282,s2_2_3,s2_2001_2003,s2_760_2075,s3_17_37,Passenger Car,s2_11_28,Not Deployed,s2_97_208,s1_below_1,Male,s4_96_114,s4_159_169,s2_164_318,s4_160_220,s2_2_4
12296,s3_1695_2555,s2_n103_99,s4_n40_7,s1_below_4282,s1_below_2,s1_below_2001,s2_760_2075,s3_17_37,Passenger Car,s3_28_48,Not Deployed,s2_97_208,s1_below_1,Male,s3_80_96,s4_159_169,s2_164_318,s3_80_160,s2_2_4
12297,s3_1695_2555,s2_n103_99,s4_n40_7,s1_below_4282,s1_below_2,s3_2003_2005,s2_760_2075,s3_17_37,Truck (<=6000 lbs.),s2_11_28,Deployed,s2_97_208,s3_2_3,Female,s2_37_80,s4_159_169,s2_164_318,s4_160_220,s2_2_4
12298,s2_885_1695,s2_n103_99,s3_n81_n40,s1_below_4282,s1_below_2,s2_2001_2003,s2_760_2075,s3_17_37,Passenger Car,s2_11_28,Deployed,s2_97_208,s1_below_1,Male,s3_80_96,s3_141_159,s2_164_318,s3_80_160,s2_2_4
12299,s3_1695_2555,s2_n103_99,s4_n40_7,s1_below_4282,s3_3_4,s3_2003_2005,s2_760_2075,s4_37_47,Truck (<=10000 lbs.),s3_28_48,Deployed,s2_97_208,s1_below_1,Female,s2_37_80,s5_169_179,s2_164_318,s3_80_160,s3_4_5
12300,s2_885_1695,s2_n103_99,s4_n40_7,s1_below_4282,s3_3_4,s1_below_2001,s3_2075_3730,s4_37_47,Passenger Car,s4_48_64,Deployed,s2_97_208,s1_below_1,Male,s2_37_80,s3_141_159,s2_164_318,s4_160_220,s2_2_4
12301,s2_885_1695,s2_n103_99,s4_n40_7,s1_below_4282,s3_3_4,s2_2001_2003,s3_2075_3730,s4_37_47,Truck (<=6000 lbs.),s3_28_48,Not Deployed,s2_97_208,s1_below_1,Female,s2_37_80,s3_141_159,s2_164_318,s3_80_160,s2_2_4
12302,s3_1695_2555,s2_n103_99,s5_7_up,s1_below_4282,s4_4_5,s2_2001_2003,s2_760_2075,s6_57_up,Passenger Car,s3_28_48,Not Deployed,s2_97_208,s1_below_1,Male,s4_96_114,s3_141_159,s2_164_318,s6_260_up,s2_2_4
12303,s2_885_1695,s2_n103_99,s4_n40_7,s1_below_4282,s4_4_5,s3_2003_2005,s2_760_2075,s6_57_up,Passenger Car,s4_48_64,Deployed,s2_97_208,s1_below_1,Male,s3_80_96,s3_141_159,s2_164_318,s3_80_160,s2_2_4
12304,s2_885_1695,s2_n103_99,s4_n40_7,s1_below_4282,s4_4_5,s3_2003_2005,s2_760_2075,s4_37_47,Truck (<=6000 lbs.),s2_11_28,Deployed,s2_97_208,s1_below_1,Female,s2_37_80,s3_141_159,s2_164_318,s3_80_160,s2_2_4
12305,s2_885_1695,s2_n103_99,s4_n40_7,s1_below_4282,s2_2_3,s3_2003_2005,s2_760_2075,s3_17_37,Passenger Car,s3_28_48,Not Deployed,s2_97_208,s1_below_1,Male,s3_80_96,s3_141_159,s2_164_318,s3_80_160,s2_2_4
12306,s4_2555_3715,s2_n103_99,s5_7_up,s1_below_4282,s2_2_3,s3_2003_2005,s2_760_2075,s6_57_up,Truck (<=10000 lbs.),s4_48_64,Not Deployed,s2_97_208,s1_below_1,Male,s3_80_96,s5_169_179,s3_318_464,s6_260_up,s4_5_6
12307,s2_885_1695,s2_n103_99,s3_n81_n40,s1_below_4282,s2_2_3,s1_below_2001,s3_2075_3730,s6_57_up,Passenger Car,s2_11_28,Deployed,s2_97_208,s1_below_1,Male,s3_80_96,s3_141_159,s2_164_318,s3_80_160,s2_2_4
12308,s2_885_1695,s2_n103_99,s5_7_up,s1_below_4282,s2_2_3,s3_2003_2005,s2_760_2075,s3_17_37,Passenger Car,s4_48_64,Not Deployed,s2_97_208,s1_below_1,Female,s3_80_96,s3_141_159,s2_164_318,s6_260_up,s2_2_4
12309,s3_1695_2555,s2_n103_99,s4_n40_7,s1_below_4282,s1_below_2,s1_below_2001,s2_760_2075,s3_17_37,Truck (<=6000 lbs.),s3_28_48,Not Deployed,s2_97_208,s1_below_1,Female,s2_37_80,s3_141_159,s2_164_318,s1_below_40,s2_2_4
12310,s3_1695_2555,s2_n103_99,s4_n40_7,s1_below_4282,s3_3_4,s3_2003_2005,s2_760_2075,s4_37_47,Truck (<=6000 lbs.),s3_28_48,Not Deployed,s2_97_208,s1_below_1,Male,s2_37_80,s3_141_159,s2_164_318,s3_80_160,s2_2_4
12311,s3_1695_2555,s2_n103_99,s5_7_up,s1_below_4282,s3_3_4,s1_below_2001,s3_2075_3730,s4_37_47,Passenger Car,s5_64_76,Not Deployed,s2_97_208,s1_below_1,Male,s4_96_114,s4_159_169,s2_164_318,s6_260_up,s3_4_5
12312,s2_885_1695,s2_n103_99,s4_n40_7,s1_below_4282,s4_4_5,s3_2003_2005,s2_760_2075,s4_37_47,Truck (<=6000 lbs.),s2_11_28,Deployed,s2_97_208,s1_below_1,Female,s2_37_80,s3_141_159,s2_164_318,s3_80_160,s2_2_4
12313,s2_885_1695,s2_n103_99,s5_7_up,s1_below_4282,s4_4_5,s3_2003_2005,s2_760_2075,s4_37_47,Passenger Car,s5_64_76,Not Deployed,s2_97_208,s1_below_1,Male,s3_80_96,s3_141_159,s2_164_318,s6_260_up,s2_2_4
12314,s2_885_1695,s2_n103_99,s4_n40_7,s1_below_4282,s3_3_4,s1_below_2001,s2_760_2075,s3_17_37,Passenger Car,s3_28_48,Deployed,s2_97_208,s3_2_3,Female,s2_37_80,s3_141_159,s2_164_318,s3_80_160,s2_2_4
12315,s2_885_1695,s2_n103_99,s4_n40_7,s1_below_4282,s5_5_6,s3_2003_2005,s2_760_2075,s4_37_47,Passenger Car,s4_48_64,Not Deployed,s2_97_208,s1_below_1,Male,s4_96_114,s3_141_159,s2_164_318,s3_80_160,s2_2_4
12316,s2_885_1695,s2_n103_99,s4_n40_7,s1_below_4282,s4_4_5,s3_2003_2005,s2_760_2075,s3_17_37,Passenger Car,s2_11_28,Deployed,s2_97_208,s1_below_1,Male,s3_80_96,s3_141_159,s2_164_318,s4_160_220,s2_2_4
12317,s2_885_1695,s2_n103_99,s5_7_up,s1_below_4282,s4_4_5,s3_2003_2005,s2_760_2075,s4_37_47,Passenger Car,s3_28_48,Not Deployed,s2_97_208,s1_below_1,Male,s4_96_114,s3_141_159,s2_164_318,s6_260_up,s2_2_4
12318,s2_885_1695,s2_n103_99,s4_n40_7,s1_below_4282,s4_4_5,s2_2001_2003,s2_760_2075,s6_57_up,Passenger Car,s2_11_28,Not Deployed,s2_97_208,s1_below_1,Male,s2_37_80,s3_141_159,s2_164_318,s3_80_160,s2_2_4
12319,s2_885_1695,s2_n103_99,s5_7_up,s1_below_4282,s3_3_4,s3_2003_2005,s2_760_2075,s6_57_up,Passenger Car,s2_11_28,Deployed,s2_97_208,s1_below_1,Male,s2_37_80,s3_141_159,s2_164_318,s6_260_up,s2_2_4
12320,s2_885_1695,s2_n103_99,s4_n40_7,s1_below_4282,s3_3_4,s2_2001_2003,s2_760_2075,s6_57_up,Passenger Car,s2_11_28,Not Deployed,s2_97_208,s1_below_1,Female,s4_96_114,s3_141_159,s2_164_318,s2_40_80,s2_2_4
12321,s3_1695_2555,s2_n103_99,s4_n40_7,s1_below_4282,s2_2_3,s2_2001_2003,s2_760_2075,s4_37_47,Truck (<=10000 lbs.),s3_28_48,Deployed,s2_97_208,s1_below_1,Male,s2_37_80,s5_169_179,s3_318_464,s3_80_160,s4_5_6
12322,s3_1695_2555,s2_n103_99,s4_n40_7,s1_below_4282,s1_below_2,s2_2001_2003,s2_760_2075,s3_17_37,Passenger Car,s4_48_64,Not Deployed,s2_97_208,s1_below_1,Male,s4_96_114,s4_159_169,s2_164_318,s1_below_40,s2_2_4
12323,s2_885_1695,s2_n103_99,s4_n40_7,s1_below_4282,s3_3_4,s3_2003_2005,s2_760_2075,s4_37_47,Passenger Car,s4_48_64,Not Deployed,s2_97_208,s2_1_2,Male,s3_80_96,s3_141_159,s2_164_318,s4_160_220,s2_2_4
12324,s3_1695_2555,s2_n103_99,s4_n40_7,s1_below_4282,s2_2_3,s2_2001_2003,s2_760_2075,s4_37_47,Truck (<=6000 lbs.),s3_28_48,Not Deployed,s2_97_208,s1_below_1,Female,s2_37_80,s3_141_159,s2_164_318,s3_80_160,s2_2_4
12325,s2_885_1695,s2_n103_99,s4_n40_7,s1_below_4282,s2_2_3,s3_2003_2005,s2_760_2075,s3_17_37,Passenger Car,s2_11_28,Deployed,s2_97_208,s1_below_1,Male,s3_80_96,s3_141_159,s2_164_318,s3_80_160,s2_2_4
12326,s2_885_1695,s2_n103_99,s4_n40_7,s1_below_4282,s3_3_4,s1_below_2001,s2_760_2075,s4_37_47,Passenger Car,s2_11_28,Not Deployed,s2_97_208,s1_below_1,Male,s2_37_80,s3_141_159,s2_164_318,s3_80_160,s2_2_4
12327,s2_885_1695,s2_n103_99,s5_7_up,s1_below_4282,s3_3_4,s3_2003_2005,s2_760_2075,s4_37_47,Passenger Car,s3_28_48,Not Deployed,s2_97_208,s1_below_1,Female,s2_37_80,s3_141_159,s2_164_318,s6_260_up,s2_2_4
12328,s2_885_1695,s2_n103_99,s4_n40_7,s1_below_4282,s1_below_2,s2_2001_2003,s2_760_2075,s6_57_up,Passenger Car,s2_11_28,Deployed,s2_97_208,s1_below_1,Female,s2_37_80,s3_141_159,s2_164_318,s3_80_160,s2_2_4
12329,s2_885_1695,s2_n103_99,s4_n40_7,s1_below_4282,s3_3_4,s1_below_2001,s3_2075_3730,s3_17_37,Passenger Car,s2_11_28,Not Deployed,s2_97_208,s1_below_1,Male,s3_80_96,s3_141_159,s2_164_318,s3_80_160,s2_2_4
12330,s2_885_1695,s2_n103_99,s4_n40_7,s1_below_4282,s2_2_3,s3_2003_2005,s3_2075_3730,s3_17_37,Passenger Car,s4_48_64,Not Deployed,s2_97_208,s1_below_1,Male,s2_37_80,s3_141_159,s2_164_318,s3_80_160,s2_2_4
12331,s2_885_1695,s2_n103_99,s4_n40_7,s1_below_4282,s2_2_3,s1_below_2001,s3_2075_3730,s6_57_up,Passenger Car,s2_11_28,Not Deployed,s1_below_97,s1_below_1,Male,s2_37_80,s3_141_159,s2_164_318,s3_80_160,s2_2_4
12332,s2_885_1695,s2_n103_99,s4_n40_7,s1_below_4282,s5_5_6,s3_2003_2005,s2_760_2075,s4_37_47,Passenger Car,s4_48_64,Not Deployed,s2_97_208,s1_below_1,Female,s2_37_80,s3_141_159,s2_164_318,s4_160_220,s2_2_4
12333,s2_885_1695,s2_n103_99,s4_n40_7,s1_below_4282,s2_2_3,s3_2003_2005,s2_760_2075,s6_57_up,Passenger Car,s3_28_48,Deployed,s2_97_208,s1_below_1,Female,s4_96_114,s3_141_159,s2_164_318,s2_40_80,s2_2_4
12334,s2_885_1695,s2_n103_99,s4_n40_7,s1_below_4282,s2_2_3,s1_below_2001,s2_760_2075,s4_37_47,Passenger Car,s3_28_48,Not Deployed,s2_97_208,s1_below_1,Female,s2_37_80,s3_141_159,s2_164_318,s2_40_80,s2_2_4
12335,s2_885_1695,s2_n103_99,s4_n40_7,s1_below_4282,s3_3_4,s1_below_2001,s2_760_2075,s4_37_47,Truck (<=6000 lbs.),s3_28_48,Deployed,s2_97_208,s1_below_1,Male,s2_37_80,s4_159_169,s2_164_318,s2_40_80,s3_4_5
12336,s2_885_1695,s2_n103_99,s4_n40_7,s1_below_4282,s3_3_4,s2_2001_2003,s2_760_2075,s4_37_47,Passenger Car,s4_48_64,Deployed,s2_97_208,s1_below_1,Female,s2_37_80,s3_141_159,s2_164_318,s3_80_160,s2_2_4
12337,s4_2555_3715,s2_n103_99,s4_n40_7,s1_below_4282,s1_below_2,s3_2003_2005,s2_760_2075,s4_37_47,Truck (<=10000 lbs.),s4_48_64,Not Deployed,s2_97_208,s1_below_1,Male,s4_96_114,s5_169_179,s3_318_464,s3_80_160,s6_7_up
12338,s3_1695_2555,s2_n103_99,s4_n40_7,s1_below_4282,s2_2_3,s2_2001_2003,s2_760_2075,s4_37_47,Truck (<=6000 lbs.),s2_11_28,Deployed,s2_97_208,s2_1_2,Male,s2_37_80,s3_141_159,s2_164_318,s3_80_160,s2_2_4
12339,s2_885_1695,s2_n103_99,s3_n81_n40,s2_4282_6970,s2_2_3,s3_2003_2005,s3_2075_3730,s6_57_up,Passenger Car,s3_28_48,Deployed,s2_97_208,s4_3_4,Male,s3_80_96,s3_141_159,s2_164_318,s3_80_160,s2_2_4
12340,s3_1695_2555,s2_n103_99,s4_n40_7,s1_below_4282,s3_3_4,s1_below_2001,s2_760_2075,s4_37_47,Truck (<=10000 lbs.),s3_28_48,Deployed,s2_97_208,s1_below_1,Male,s2_37_80,s4_159_169,s2_164_318,s2_40_80,s3_4_5
12341,s5_3715_up,s2_n103_99,s5_7_up,s1_below_4282,s3_3_4,s2_2001_2003,s2_760_2075,s3_17_37,Truck (<=10000 lbs.),s3_28_48,Not Deployed,s2_97_208,s1_below_1,Male,s3_80_96,s5_169_179,s3_318_464,s4_160_220,s4_5_6
12342,s2_885_1695,s2_n103_99,s4_n40_7,s1_below_4282,s2_2_3,s2_2001_2003,s2_760_2075,s4_37_47,Passenger Car,s3_28_48,Not Deployed,s2_97_208,s3_2_3,Male,s2_37_80,s3_141_159,s2_164_318,s2_40_80,s2_2_4
12343,s3_1695_2555,s2_n103_99,s4_n40_7,s1_below_4282,s3_3_4,s1_below_2001,s2_760_2075,s4_37_47,Truck (<=6000 lbs.),s3_28_48,Deployed,s2_97_208,s1_below_1,Male,s6_130_up,s3_141_159,s3_318_464,s3_80_160,s2_2_4
12344,s3_1695_2555,s2_n103_99,s4_n40_7,s1_below_4282,s3_3_4,s1_below_2001,s2_760_2075,s5_47_57,Truck (<=6000 lbs.),s3_28_48,Deployed,s2_97_208,s1_below_1,Male,s3_80_96,s4_159_169,s2_164_318,s4_160_220,s3_4_5
12345,s2_885_1695,s2_n103_99,s4_n40_7,s1_below_4282,s1_below_2,s2_2001_2003,s2_760_2075,s3_17_37,Passenger Car,s3_28_48,Not Deployed,s2_97_208,s1_below_1,Male,s6_130_up,s3_141_159,s2_164_318,s3_80_160,s2_2_4
12346,s2_885_1695,s2_n103_99,s4_n40_7,s1_below_4282,s1_below_2,s1_below_2001,s2_760_2075,s3_17_37,Passenger Car,s3_28_48,Not Deployed,s2_97_208,s2_1_2,Female,s2_37_80,s3_141_159,s2_164_318,s1_below_40,s2_2_4
12347,s2_885_1695,s2_n103_99,s4_n40_7,s1_below_4282,s3_3_4,s2_2001_2003,s2_760_2075,s3_17_37,Passenger Car,s2_11_28,Not Deployed,s2_97_208,s1_below_1,Female,s2_37_80,s3_141_159,s2_164_318,s3_80_160,s2_2_4
12348,s2_885_1695,s2_n103_99,s4_n40_7,s1_below_4282,s4_4_5,s1_below_2001,s2_760_2075,s3_17_37,Passenger Car,s4_48_64,Not Deployed,s2_97_208,s1_below_1,Female,s2_37_80,s3_141_159,s2_164_318,s2_40_80,s2_2_4
12349,s3_1695_2555,s2_n103_99,s4_n40_7,s1_below_4282,s3_3_4,s2_2001_2003,s2_760_2075,s5_47_57,Truck (<=10000 lbs.),s4_48_64,Not Deployed,s2_97_208,s1_below_1,Male,s4_96_114,s4_159_169,s3_318_464,s4_160_220,s5_6_7
12350,s2_885_1695,s2_n103_99,s4_n40_7,s1_below_4282,s5_5_6,s1_below_2001,s2_760_2075,s5_47_57,Truck (<=6000 lbs.),s4_48_64,Deployed,s2_97_208,s1_below_1,Female,s2_37_80,s4_159_169,s2_164_318,s3_80_160,s2_2_4
12351,s3_1695_2555,s2_n103_99,s4_n40_7,s1_below_4282,s6_6_up,s2_2001_2003,s2_760_2075,s4_37_47,Truck (<=10000 lbs.),s4_48_64,Deployed,s2_97_208,s3_2_3,Female,s5_114_130,s4_159_169,s2_164_318,s3_80_160,s3_4_5
12352,s3_1695_2555,s2_n103_99,s4_n40_7,s1_below_4282,s1_below_2,s3_2003_2005,s2_760_2075,s4_37_47,Truck (<=10000 lbs.),s2_11_28,Not Deployed,s2_97_208,s1_below_1,Male,s2_37_80,s5_169_179,s3_318_464,s3_80_160,s4_5_6
12353,s2_885_1695,s2_n103_99,s4_n40_7,s1_below_4282,s2_2_3,s3_2003_2005,s2_760_2075,s5_47_57,Passenger Car,s2_11_28,Deployed,s2_97_208,s1_below_1,Male,s2_37_80,s3_141_159,s2_164_318,s3_80_160,s2_2_4
12354,s2_885_1695,s2_n103_99,s3_n81_n40,s1_below_4282,s1_below_2,s1_below_2001,s2_760_2075,s3_17_37,Passenger Car,s4_48_64,Deployed,s2_97_208,s3_2_3,Female,s2_37_80,s3_141_159,s2_164_318,s3_80_160,s2_2_4
12355,s2_885_1695,s2_n103_99,s4_n40_7,s1_below_4282,s1_below_2,s2_2001_2003,s2_760_2075,s4_37_47,Truck (<=6000 lbs.),s3_28_48,Deployed,s2_97_208,s3_2_3,Male,s5_114_130,s3_141_159,s2_164_318,s3_80_160,s2_2_4
12356,s4_2555_3715,s2_n103_99,s4_n40_7,s1_below_4282,s1_below_2,s2_2001_2003,s2_760_2075,s3_17_37,Truck (<=10000 lbs.),s3_28_48,Not Deployed,s2_97_208,s1_below_1,Female,s2_37_80,s2_116_141,s3_318_464,s3_80_160,s3_4_5
12357,s2_885_1695,s2_n103_99,s4_n40_7,s1_below_4282,s1_below_2,s2_2001_2003,s3_2075_3730,s3_17_37,Passenger Car,s2_11_28,Not Deployed,s2_97_208,s1_below_1,Male,s3_80_96,s3_141_159,s2_164_318,s1_below_40,s2_2_4
12358,s2_885_1695,s2_n103_99,s4_n40_7,s1_below_4282,s3_3_4,s3_2003_2005,s2_760_2075,s3_17_37,Passenger Car,s2_11_28,Not Deployed,s2_97_208,s1_below_1,Female,s2_37_80,s3_141_159,s2_164_318,s3_80_160,s2_2_4
12359,s2_885_1695,s2_n103_99,s4_n40_7,s1_below_4282,s6_6_up,s2_2001_2003,s3_2075_3730,s4_37_47,Passenger Car,s2_11_28,Not Deployed,s2_97_208,s1_below_1,Female,s2_37_80,s3_141_159,s2_164_318,s3_80_160,s2_2_4
12360,s2_885_1695,s2_n103_99,s4_n40_7,s1_below_4282,s1_below_2,s2_2001_2003,s2_760_2075,s4_37_47,Passenger Car,s4_48_64,Not Deployed,s2_97_208,s1_below_1,Female,s3_80_96,s3_141_159,s2_164_318,s4_160_220,s2_2_4
12361,s3_1695_2555,s2_n103_99,s4_n40_7,s1_below_4282,s1_below_2,s3_2003_2005,s2_760_2075,s3_17_37,Truck (<=10000 lbs.),s3_28_48,Not Deployed,s2_97_208,s1_below_1,Male,s3_80_96,s4_159_169,s2_164_318,s3_80_160,s3_4_5
12362,s2_885_1695,s2_n103_99,s4_n40_7,s1_below_4282,s1_below_2,s1_below_2001,s2_760_2075,s4_37_47,Truck (<=6000 lbs.),s4_48_64,Deployed,s2_97_208,s2_1_2,Male,s4_96_114,s3_141_159,s2_164_318,s4_160_220,s2_2_4
12363,s2_885_1695,s2_n103_99,s4_n40_7,s1_below_4282,s4_4_5,s1_below_2001,s2_760_2075,s3_17_37,Passenger Car,s5_64_76,Deployed,s2_97_208,s1_below_1,Female,s3_80_96,s3_141_159,s2_164_318,s3_80_160,s2_2_4
12364,s2_885_1695,s2_n103_99,s4_n40_7,s1_below_4282,s3_3_4,s3_2003_2005,s2_760_2075,s5_47_57,Truck (<=6000 lbs.),s2_11_28,Deployed,s2_97_208,s1_below_1,Female,s2_37_80,s3_141_159,s2_164_318,s3_80_160,s2_2_4
12365,s2_885_1695,s2_n103_99,s4_n40_7,s1_below_4282,s2_2_3,s2_2001_2003,s3_2075_3730,s3_17_37,Passenger Car,s3_28_48,Not Deployed,s2_97_208,s1_below_1,Male,s6_130_up,s3_141_159,s2_164_318,s3_80_160,s2_2_4
12366,s3_1695_2555,s2_n103_99,s4_n40_7,s1_below_4282,s1_below_2,s2_2001_2003,s2_760_2075,s5_47_57,Truck (<=10000 lbs.),s3_28_48,Deployed,s2_97_208,s1_below_1,Male,s2_37_80,s3_141_159,s3_318_464,s3_80_160,s3_4_5
12367,s3_1695_2555,s2_n103_99,s5_7_up,s1_below_4282,s1_below_2,s2_2001_2003,s2_760_2075,s5_47_57,Truck (<=6000 lbs.),s4_48_64,Not Deployed,s2_97_208,s1_below_1,Female,s2_37_80,s3_141_159,s2_164_318,s6_260_up,s2_2_4
12368,s3_1695_2555,s2_n103_99,s4_n40_7,s1_below_4282,s4_4_5,s1_below_2001,s2_760_2075,s4_37_47,Passenger Car,s3_28_48,Deployed,s2_97_208,s1_below_1,Female,s2_37_80,s3_141_159,s2_164_318,s3_80_160,s2_2_4
12369,s3_1695_2555,s2_n103_99,s5_7_up,s1_below_4282,s2_2_3,s3_2003_2005,s2_760_2075,s4_37_47,Truck (<=6000 lbs.),s2_11_28,Not Deployed,s2_97_208,s1_below_1,Male,s2_37_80,s3_141_159,s3_318_464,s6_260_up,s2_2_4
12370,s3_1695_2555,s2_n103_99,s4_n40_7,s1_below_4282,s2_2_3,s2_2001_2003,s2_760_2075,s4_37_47,Truck (<=10000 lbs.),s3_28_48,Not Deployed,s2_97_208,s2_1_2,Male,s4_96_114,s3_141_159,s2_164_318,s2_40_80,s2_2_4
12371,s2_885_1695,s2_n103_99,s3_n81_n40,s1_below_4282,s1_below_2,s1_below_2001,s2_760_2075,s3_17_37,Passenger Car,s4_48_64,Deployed,s2_97_208,s5_4_5,Female,s2_37_80,s3_141_159,s2_164_318,s2_40_80,s2_2_4
12372,s2_885_1695,s2_n103_99,s4_n40_7,s1_below_4282,s1_below_2,s2_2001_2003,s2_760_2075,s5_47_57,Passenger Car,s2_11_28,Deployed,s2_97_208,s2_1_2,Female,s2_37_80,s3_141_159,s2_164_318,s3_80_160,s2_2_4
12373,s2_885_1695,s2_n103_99,s5_7_up,s1_below_4282,s1_below_2,s3_2003_2005,s2_760_2075,s4_37_47,Passenger Car,s3_28_48,Not Deployed,s2_97_208,s1_below_1,Female,s2_37_80,s3_141_159,s2_164_318,s6_260_up,s2_2_4
12374,s3_1695_2555,s2_n103_99,s5_7_up,s1_below_4282,s3_3_4,s2_2001_2003,s3_2075_3730,s4_37_47,Truck (<=10000 lbs.),s3_28_48,Not Deployed,s2_97_208,s1_below_1,Male,s3_80_96,s5_169_179,s3_318_464,s6_260_up,s5_6_7
12375,s2_885_1695,s2_n103_99,s4_n40_7,s1_below_4282,s1_below_2,s1_below_2001,s2_760_2075,s4_37_47,Passenger Car,s3_28_48,Not Deployed,s2_97_208,s1_below_1,Female,s2_37_80,s3_141_159,s2_164_318,s3_80_160,s2_2_4
12376,s3_1695_2555,s2_n103_99,s4_n40_7,s1_below_4282,s1_below_2,s1_below_2001,s2_760_2075,s3_17_37,Truck (<=6000 lbs.),s3_28_48,Not Deployed,s2_97_208,s1_below_1,Male,s3_80_96,s3_141_159,s2_164_318,s3_80_160,s2_2_4
12377,s2_885_1695,s2_n103_99,s4_n40_7,s1_below_4282,s3_3_4,s2_2001_2003,s2_760_2075,s3_17_37,Truck (<=6000 lbs.),s4_48_64,Not Deployed,s2_97_208,s1_below_1,Female,s4_96_114,s3_141_159,s2_164_318,s4_160_220,s2_2_4
12378,s2_885_1695,s2_n103_99,s4_n40_7,s1_below_4282,s3_3_4,s1_below_2001,s3_2075_3730,s6_57_up,Passenger Car,s2_11_28,Deployed,s2_97_208,s1_below_1,Female,s2_37_80,s3_141_159,s2_164_318,s3_80_160,s2_2_4
12379,s2_885_1695,s2_n103_99,s4_n40_7,s1_below_4282,s3_3_4,s1_below_2001,s2_760_2075,s4_37_47,Passenger Car,s3_28_48,Not Deployed,s2_97_208,s1_below_1,Female,s3_80_96,s3_141_159,s2_164_318,s3_80_160,s2_2_4
12380,s3_1695_2555,s2_n103_99,s4_n40_7,s1_below_4282,s4_4_5,s3_2003_2005,s2_760_2075,s4_37_47,Truck (<=6000 lbs.),s3_28_48,Not Deployed,s2_97_208,s1_below_1,Female,s2_37_80,s5_169_179,s2_164_318,s3_80_160,s2_2_4
12381,s2_885_1695,s2_n103_99,s4_n40_7,s1_below_4282,s1_below_2,s1_below_2001,s2_760_2075,s4_37_47,Passenger Car,s2_11_28,Deployed,s2_97_208,s3_2_3,Female,s2_37_80,s3_141_159,s2_164_318,s4_160_220,s2_2_4
12382,s2_885_1695,s2_n103_99,s4_n40_7,s1_below_4282,s1_below_2,s3_2003_2005,s2_760_2075,s3_17_37,Passenger Car,s3_28_48,Not Deployed,s2_97_208,s1_below_1,Female,s2_37_80,s3_141_159,s2_164_318,s3_80_160,s2_2_4
12383,s3_1695_2555,s2_n103_99,s4_n40_7,s1_below_4282,s2_2_3,s1_below_2001,s2_760_2075,s3_17_37,Passenger Car,s3_28_48,Not Deployed,s2_97_208,s4_3_4,Female,s2_37_80,s3_141_159,s2_164_318,s2_40_80,s2_2_4
12384,s2_885_1695,s2_n103_99,s4_n40_7,s1_below_4282,s4_4_5,s1_below_2001,s2_760_2075,s4_37_47,Passenger Car,s3_28_48,Deployed,s2_97_208,s3_2_3,Female,s2_37_80,s3_141_159,s2_164_318,s3_80_160,s2_2_4
12385,s2_885_1695,s2_n103_99,s4_n40_7,s1_below_4282,s2_2_3,s2_2001_2003,s2_760_2075,s4_37_47,Passenger Car,s3_28_48,Deployed,s2_97_208,s1_below_1,Female,s2_37_80,s3_141_159,s2_164_318,s3_80_160,s2_2_4
12386,s3_1695_2555,s2_n103_99,s4_n40_7,s1_below_4282,s2_2_3,s3_2003_2005,s3_2075_3730,s4_37_47,Truck (<=10000 lbs.),s3_28_48,Deployed,s2_97_208,s1_below_1,Male,s3_80_96,s4_159_169,s2_164_318,s3_80_160,s2_2_4
12387,s3_1695_2555,s2_n103_99,s4_n40_7,s1_below_4282,s2_2_3,s3_2003_2005,s3_2075_3730,s4_37_47,Truck (<=6000 lbs.),s4_48_64,Deployed,s2_97_208,s2_1_2,Female,s2_37_80,s2_116_141,s2_164_318,s4_160_220,s2_2_4
12388,s3_1695_2555,s2_n103_99,s4_n40_7,s1_below_4282,s1_below_2,s2_2001_2003,s2_760_2075,s4_37_47,Truck (<=6000 lbs.),s2_11_28,Deployed,s2_97_208,s1_below_1,Male,s2_37_80,s3_141_159,s2_164_318,s3_80_160,s2_2_4
12389,s2_885_1695,s2_n103_99,s4_n40_7,s1_below_4282,s1_below_2,s1_below_2001,s2_760_2075,s3_17_37,Passenger Car,s2_11_28,Deployed,s2_97_208,s1_below_1,Female,s2_37_80,s3_141_159,s2_164_318,s3_80_160,s2_2_4
12390,s2_885_1695,s2_n103_99,s4_n40_7,s1_below_4282,s2_2_3,s2_2001_2003,s3_2075_3730,s3_17_37,Passenger Car,s3_28_48,Not Deployed,s2_97_208,s2_1_2,Female,s2_37_80,s3_141_159,s2_164_318,s3_80_160,s2_2_4
12391,s2_885_1695,s2_n103_99,s4_n40_7,s1_below_4282,s3_3_4,s2_2001_2003,s2_760_2075,s4_37_47,Passenger Car,s3_28_48,Not Deployed,s2_97_208,s1_below_1,Female,s2_37_80,s3_141_159,s2_164_318,s4_160_220,s2_2_4
12392,s2_885_1695,s2_n103_99,s4_n40_7,s1_below_4282,s1_below_2,s1_below_2001,s2_760_2075,s5_47_57,Passenger Car,s2_11_28,Not Deployed,s2_97_208,s1_below_1,Male,s3_80_96,s3_141_159,s2_164_318,s3_80_160,s2_2_4
12393,s2_885_1695,s2_n103_99,s4_n40_7,s1_below_4282,s5_5_6,s1_below_2001,s2_760_2075,s4_37_47,Passenger Car,s2_11_28,Not Deployed,s2_97_208,s1_below_1,Female,s2_37_80,s3_141_159,s2_164_318,s3_80_160,s2_2_4
12394,s2_885_1695,s2_n103_99,s4_n40_7,s1_below_4282,s3_3_4,s2_2001_2003,s2_760_2075,s3_17_37,Passenger Car,s3_28_48,Deployed,s2_97_208,s1_below_1,Male,s4_96_114,s3_141_159,s2_164_318,s3_80_160,s2_2_4
12395,s3_1695_2555,s2_n103_99,s4_n40_7,s1_below_4282,s3_3_4,s2_2001_2003,s2_760_2075,s3_17_37,Passenger Car,s3_28_48,Not Deployed,s2_97_208,s1_below_1,Male,s4_96_114,s4_159_169,s2_164_318,s3_80_160,s2_2_4
12396,s2_885_1695,s2_n103_99,s4_n40_7,s1_below_4282,s5_5_6,s2_2001_2003,s2_760_2075,s4_37_47,Passenger Car,s3_28_48,Deployed,s2_97_208,s1_below_1,Male,s4_96_114,s3_141_159,s2_164_318,s4_160_220,s2_2_4
12397,s2_885_1695,s2_n103_99,s4_n40_7,s1_below_4282,s3_3_4,s3_2003_2005,s2_760_2075,s4_37_47,Truck (<=6000 lbs.),s4_48_64,Not Deployed,s2_97_208,s1_below_1,Male,s2_37_80,s3_141_159,s3_318_464,s3_80_160,s2_2_4
12398,s3_1695_2555,s2_n103_99,s4_n40_7,s1_below_4282,s1_below_2,s3_2003_2005,s2_760_2075,s3_17_37,Truck (<=10000 lbs.),s2_11_28,Not Deployed,s2_97_208,s1_below_1,Male,s4_96_114,s5_169_179,s3_318_464,s3_80_160,s4_5_6
12399,s3_1695_2555,s2_n103_99,s4_n40_7,s1_below_4282,s1_below_2,s3_2003_2005,s3_2075_3730,s3_17_37,Passenger Car,s3_28_48,Not Deployed,s2_97_208,s1_below_1,Female,s2_37_80,s3_141_159,s2_164_318,s4_160_220,s2_2_4
12400,s3_1695_2555,s2_n103_99,s4_n40_7,s1_below_4282,s4_4_5,s2_2001_2003,s2_760_2075,s4_37_47,Truck (<=6000 lbs.),s3_28_48,Deployed,s2_97_208,s1_below_1,Male,s2_37_80,s3_141_159,s2_164_318,s4_160_220,s2_2_4
12401,s3_1695_2555,s2_n103_99,s4_n40_7,s1_below_4282,s1_below_2,s2_2001_2003,s3_2075_3730,s4_37_47,Truck (<=10000 lbs.),s3_28_48,Deployed,s2_97_208,s3_2_3,Male,s3_80_96,s4_159_169,s3_318_464,s3_80_160,s4_5_6
12402,s2_885_1695,s2_n103_99,s4_n40_7,s1_below_4282,s6_6_up,s2_2001_2003,s2_760_2075,s4_37_47,Passenger Car,s3_28_48,Deployed,s2_97_208,s1_below_1,Male,s2_37_80,s3_141_159,s2_164_318,s2_40_80,s2_2_4
12403,s2_885_1695,s2_n103_99,s4_n40_7,s1_below_4282,s1_below_2,s3_2003_2005,s2_760_2075,s3_17_37,Passenger Car,s5_64_76,Not Deployed,s2_97_208,s1_below_1,Male,s5_114_130,s3_141_159,s2_164_318,s2_40_80,s2_2_4
12404,s3_1695_2555,s2_n103_99,s4_n40_7,s1_below_4282,s1_below_2,s3_2003_2005,s3_2075_3730,s4_37_47,Truck (<=10000 lbs.),s3_28_48,Deployed,s2_97_208,s1_below_1,Female,s2_37_80,s5_169_179,s3_318_464,s2_40_80,s4_5_6
12405,s2_885_1695,s2_n103_99,s4_n40_7,s1_below_4282,s4_4_5,s2_2001_2003,s3_2075_3730,s4_37_47,Passenger Car,s2_11_28,Not Deployed,s2_97_208,s1_below_1,Male,s3_80_96,s3_141_159,s2_164_318,s3_80_160,s2_2_4
12406,s2_885_1695,s2_n103_99,s4_n40_7,s1_below_4282,s3_3_4,s2_2001_2003,s2_760_2075,s3_17_37,Truck (<=6000 lbs.),s3_28_48,Deployed,s2_97_208,s1_below_1,Male,s2_37_80,s3_141_159,s2_164_318,s3_80_160,s2_2_4
12407,s3_1695_2555,s2_n103_99,s4_n40_7,s1_below_4282,s1_below_2,s3_2003_2005,s2_760_2075,s3_17_37,Truck (<=6000 lbs.),s3_28_48,Not Deployed,s2_97_208,s1_below_1,Male,s3_80_96,s4_159_169,s2_164_318,s2_40_80,s2_2_4
12408,s4_2555_3715,s2_n103_99,s4_n40_7,s1_below_4282,s1_below_2,s3_2003_2005,s2_760_2075,s5_47_57,Truck (<=6000 lbs.),s2_11_28,Not Deployed,s2_97_208,s1_below_1,Male,s2_37_80,s5_169_179,s2_164_318,s2_40_80,s3_4_5
12409,s2_885_1695,s2_n103_99,s4_n40_7,s1_below_4282,s1_below_2,s3_2003_2005,s2_760_2075,s3_17_37,Truck (<=6000 lbs.),s2_11_28,Deployed,s2_97_208,s1_below_1,Male,s3_80_96,s2_116_141,s2_164_318,s4_160_220,s2_2_4
12410,s2_885_1695,s2_n103_99,s3_n81_n40,s1_below_4282,s5_5_6,s3_2003_2005,s2_760_2075,s4_37_47,Passenger Car,s4_48_64,Deployed,s2_97_208,s5_4_5,Male,s6_130_up,s3_141_159,s2_164_318,s3_80_160,s2_2_4
12411,s2_885_1695,s2_n103_99,s4_n40_7,s1_below_4282,s1_below_2,s3_2003_2005,s2_760_2075,s3_17_37,Passenger Car,s2_11_28,Deployed,s2_97_208,s1_below_1,Female,s2_37_80,s3_141_159,s2_164_318,s3_80_160,s2_2_4
12412,s3_1695_2555,s2_n103_99,s4_n40_7,s1_below_4282,s5_5_6,s2_2001_2003,s2_760_2075,s4_37_47,Truck (<=6000 lbs.),s3_28_48,Not Deployed,s2_97_208,s1_below_1,Male,s3_80_96,s3_141_159,s2_164_318,s3_80_160,s2_2_4
12413,s3_1695_2555,s2_n103_99,s4_n40_7,s1_below_4282,s5_5_6,s2_2001_2003,s2_760_2075,s4_37_47,Truck (<=10000 lbs.),s3_28_48,Not Deployed,s2_97_208,s1_below_1,Male,s2_37_80,s4_159_169,s2_164_318,s3_80_160,s3_4_5
12414,s2_885_1695,s2_n103_99,s4_n40_7,s1_below_4282,s2_2_3,s3_2003_2005,s2_760_2075,s4_37_47,Passenger Car,s3_28_48,Deployed,s2_97_208,s1_below_1,Female,s2_37_80,s3_141_159,s2_164_318,s3_80_160,s2_2_4
12415,s3_1695_2555,s2_n103_99,s4_n40_7,s1_below_4282,s5_5_6,s2_2001_2003,s2_760_2075,s4_37_47,Truck (<=10000 lbs.),s3_28_48,Not Deployed,s2_97_208,s1_below_1,Male,s3_80_96,s4_159_169,s3_318_464,s3_80_160,s4_5_6
12416,s2_885_1695,s2_n103_99,s4_n40_7,s1_below_4282,s2_2_3,s1_below_2001,s2_760_2075,s4_37_47,Passenger Car,s3_28_48,Not Deployed,s2_97_208,s1_below_1,Female,s2_37_80,s3_141_159,s2_164_318,s3_80_160,s2_2_4
12417,s2_885_1695,s2_n103_99,s4_n40_7,s1_below_4282,s2_2_3,s2_2001_2003,s2_760_2075,s4_37_47,Passenger Car,s2_11_28,Deployed,s2_97_208,s1_below_1,Male,s3_80_96,s3_141_159,s2_164_318,s3_80_160,s2_2_4
12418,s2_885_1695,s2_n103_99,s4_n40_7,s1_below_4282,s2_2_3,s2_2001_2003,s2_760_2075,s4_37_47,Passenger Car,s2_11_28,Deployed,s2_97_208,s1_below_1,Male,s3_80_96,s3_141_159,s2_164_318,s3_80_160,s2_2_4
12419,s2_885_1695,s2_n103_99,s4_n40_7,s1_below_4282,s2_2_3,s2_2001_2003,s2_760_2075,s5_47_57,Passenger Car,s3_28_48,Not Deployed,s2_97_208,s1_below_1,Female,s2_37_80,s3_141_159,s2_164_318,s4_160_220,s2_2_4
12420,s2_885_1695,s2_n103_99,s4_n40_7,s1_below_4282,s3_3_4,s3_2003_2005,s2_760_2075,s6_57_up,Passenger Car,s3_28_48,Deployed,s2_97_208,s2_1_2,Female,s2_37_80,s3_141_159,s2_164_318,s3_80_160,s2_2_4
12421,s3_1695_2555,s2_n103_99,s4_n40_7,s1_below_4282,s1_below_2,s2_2001_2003,s2_760_2075,s4_37_47,Truck (<=6000 lbs.),s4_48_64,Deployed,s2_97_208,s1_below_1,Male,s2_37_80,s3_141_159,s2_164_318,s3_80_160,s2_2_4
12422,s2_885_1695,s2_n103_99,s4_n40_7,s1_below_4282,s2_2_3,s3_2003_2005,s2_760_2075,s4_37_47,Passenger Car,s2_11_28,Deployed,s2_97_208,s1_below_1,Male,s2_37_80,s3_141_159,s2_164_318,s3_80_160,s2_2_4
12423,s4_2555_3715,s2_n103_99,s3_n81_n40,s1_below_4282,s1_below_2,s3_2003_2005,s2_760_2075,s4_37_47,Truck (<=10000 lbs.),s2_11_28,Deployed,s2_97_208,s1_below_1,Male,s4_96_114,s5_169_179,s3_318_464,s3_80_160,s4_5_6
12424,s2_885_1695,s2_n103_99,s4_n40_7,s1_below_4282,s1_below_2,s1_below_2001,s3_2075_3730,s4_37_47,Passenger Car,s4_48_64,Deployed,s2_97_208,s1_below_1,Male,s2_37_80,s3_141_159,s2_164_318,s3_80_160,s2_2_4
12425,s2_885_1695,s2_n103_99,s4_n40_7,s1_below_4282,s4_4_5,s2_2001_2003,s2_760_2075,s4_37_47,Passenger Car,s2_11_28,Not Deployed,s2_97_208,s1_below_1,Female,s2_37_80,s3_141_159,s2_164_318,s3_80_160,s2_2_4
12426,s2_885_1695,s2_n103_99,s4_n40_7,s1_below_4282,s1_below_2,s2_2001_2003,s2_760_2075,s4_37_47,Passenger Car,s2_11_28,Deployed,s2_97_208,s2_1_2,Male,s2_37_80,s3_141_159,s2_164_318,s3_80_160,s2_2_4
12427,s4_2555_3715,s2_n103_99,s4_n40_7,s1_below_4282,s1_below_2,s1_below_2001,s2_760_2075,s3_17_37,Truck (<=10000 lbs.),s4_48_64,Not Deployed,s2_97_208,s1_below_1,Male,s5_114_130,s5_169_179,s3_318_464,s3_80_160,s4_5_6
12428,s4_2555_3715,s2_n103_99,s4_n40_7,s1_below_4282,s1_below_2,s3_2003_2005,s2_760_2075,s3_17_37,Truck (<=6000 lbs.),s2_11_28,Deployed,s2_97_208,s1_below_1,Female,s2_37_80,s5_169_179,s2_164_318,s3_80_160,s4_5_6
12429,s2_885_1695,s2_n103_99,s4_n40_7,s1_below_4282,s1_below_2,s1_below_2001,s3_2075_3730,s3_17_37,Passenger Car,s3_28_48,Deployed,s2_97_208,s1_below_1,Female,s3_80_96,s3_141_159,s2_164_318,s3_80_160,s2_2_4
12430,s2_885_1695,s2_n103_99,s3_n81_n40,s1_below_4282,s1_below_2,s1_below_2001,s2_760_2075,s4_37_47,Passenger Car,s2_11_28,Deployed,s2_97_208,s2_1_2,Female,s3_80_96,s3_141_159,s2_164_318,s3_80_160,s2_2_4
12431,s3_1695_2555,s2_n103_99,s4_n40_7,s1_below_4282,s2_2_3,s2_2001_2003,s2_760_2075,s4_37_47,Passenger Car,s6_76_up,Deployed,s2_97_208,s1_below_1,Female,s2_37_80,s3_141_159,s2_164_318,s4_160_220,s2_2_4
12432,s2_885_1695,s2_n103_99,s4_n40_7,s1_below_4282,s5_5_6,s1_below_2001,s2_760_2075,s4_37_47,Passenger Car,s3_28_48,Deployed,s2_97_208,s1_below_1,Female,s4_96_114,s3_141_159,s2_164_318,s3_80_160,s2_2_4
12433,s3_1695_2555,s2_n103_99,s5_7_up,s1_below_4282,s2_2_3,s3_2003_2005,s2_760_2075,s3_17_37,Truck (<=10000 lbs.),s4_48_64,Not Deployed,s2_97_208,s1_below_1,Male,s2_37_80,s4_159_169,s2_164_318,s6_260_up,s3_4_5
12434,s2_885_1695,s2_n103_99,s4_n40_7,s1_below_4282,s2_2_3,s1_below_2001,s2_760_2075,s3_17_37,Passenger Car,s5_64_76,Deployed,s2_97_208,s2_1_2,Male,s3_80_96,s3_141_159,s2_164_318,s3_80_160,s2_2_4
12435,s2_885_1695,s2_n103_99,s4_n40_7,s1_below_4282,s1_below_2,s2_2001_2003,s2_760_2075,s3_17_37,Passenger Car,s3_28_48,Not Deployed,s2_97_208,s1_below_1,Male,s2_37_80,s3_141_159,s2_164_318,s3_80_160,s2_2_4
12436,s3_1695_2555,s2_n103_99,s4_n40_7,s1_below_4282,s4_4_5,s2_2001_2003,s2_760_2075,s4_37_47,Truck (<=10000 lbs.),s3_28_48,Deployed,s2_97_208,s1_below_1,Male,s4_96_114,s5_169_179,s3_318_464,s3_80_160,s4_5_6
12437,s3_1695_2555,s2_n103_99,s4_n40_7,s1_below_4282,s4_4_5,s3_2003_2005,s3_2075_3730,s3_17_37,Truck (<=6000 lbs.),s3_28_48,Not Deployed,s2_97_208,s1_below_1,Female,s2_37_80,s4_159_169,s2_164_318,s3_80_160,s3_4_5
12438,s4_2555_3715,s2_n103_99,s4_n40_7,s1_below_4282,s4_4_5,s2_2001_2003,s2_760_2075,s3_17_37,Truck (<=10000 lbs.),s2_11_28,Not Deployed,s2_97_208,s1_below_1,Female,s2_37_80,s5_169_179,s3_318_464,s3_80_160,s4_5_6
12439,s2_885_1695,s2_n103_99,s4_n40_7,s1_below_4282,s2_2_3,s3_2003_2005,s3_2075_3730,s2_7_17,Passenger Car,s4_48_64,Deployed,s2_97_208,s1_below_1,Female,s2_37_80,s3_141_159,s2_164_318,s3_80_160,s2_2_4
12440,s2_885_1695,s2_n103_99,s4_n40_7,s1_below_4282,s1_below_2,s1_below_2001,s2_760_2075,s6_57_up,Passenger Car,s3_28_48,Not Deployed,s2_97_208,s1_below_1,Female,s2_37_80,s3_141_159,s2_164_318,s3_80_160,s2_2_4
12441,s2_885_1695,s2_n103_99,s4_n40_7,s1_below_4282,s6_6_up,s1_below_2001,s2_760_2075,s4_37_47,Passenger Car,s6_76_up,Deployed,s2_97_208,s1_below_1,Female,s2_37_80,s3_141_159,s2_164_318,s4_160_220,s2_2_4
12442,s3_1695_2555,s2_n103_99,s4_n40_7,s1_below_4282,s2_2_3,s1_below_2001,s2_760_2075,s4_37_47,Truck (<=6000 lbs.),s5_64_76,Not Deployed,s2_97_208,s1_below_1,Male,s3_80_96,s3_141_159,s2_164_318,s3_80_160,s2_2_4
12443,s3_1695_2555,s2_n103_99,s4_n40_7,s1_below_4282,s4_4_5,s2_2001_2003,s2_760_2075,s3_17_37,Truck (<=10000 lbs.),s2_11_28,Deployed,s2_97_208,s1_below_1,Male,s2_37_80,s4_159_169,s2_164_318,s3_80_160,s3_4_5
12444,s2_885_1695,s2_n103_99,s4_n40_7,s1_below_4282,s4_4_5,s1_below_2001,s3_2075_3730,s3_17_37,Passenger Car,s2_11_28,Not Deployed,s2_97_208,s1_below_1,Male,s2_37_80,s3_141_159,s2_164_318,s5_220_260,s2_2_4
12445,s3_1695_2555,s2_n103_99,s5_7_up,s1_below_4282,s2_2_3,s3_2003_2005,s3_2075_3730,s3_17_37,Truck (<=6000 lbs.),s4_48_64,Not Deployed,s2_97_208,s1_below_1,Female,s2_37_80,s3_141_159,s2_164_318,s6_260_up,s2_2_4
12446,s2_885_1695,s2_n103_99,s4_n40_7,s1_below_4282,s2_2_3,s1_below_2001,s2_760_2075,s3_17_37,Passenger Car,s2_11_28,Not Deployed,s2_97_208,s1_below_1,Male,s2_37_80,s3_141_159,s2_164_318,s2_40_80,s2_2_4
12447,s2_885_1695,s2_n103_99,s4_n40_7,s1_below_4282,s4_4_5,s2_2001_2003,s2_760_2075,s4_37_47,Truck (<=6000 lbs.),s3_28_48,Not Deployed,s2_97_208,s1_below_1,Female,s2_37_80,s3_141_159,s2_164_318,s4_160_220,s2_2_4
12448,s2_885_1695,s2_n103_99,s4_n40_7,s1_below_4282,s2_2_3,s3_2003_2005,s2_760_2075,s4_37_47,Passenger Car,s3_28_48,Deployed,s2_97_208,s1_below_1,Female,s3_80_96,s3_141_159,s2_164_318,s3_80_160,s2_2_4
12449,s2_885_1695,s2_n103_99,s4_n40_7,s1_below_4282,s2_2_3,s3_2003_2005,s2_760_2075,s6_57_up,Passenger Car,s2_11_28,Not Deployed,s2_97_208,s1_below_1,Female,s2_37_80,s3_141_159,s2_164_318,s2_40_80,s2_2_4
12450,s2_885_1695,s2_n103_99,s4_n40_7,s1_below_4282,s6_6_up,s3_2003_2005,s2_760_2075,s3_17_37,Passenger Car,s3_28_48,Deployed,s2_97_208,s1_below_1,Female,s2_37_80,s3_141_159,s2_164_318,s3_80_160,s2_2_4
12451,s2_885_1695,s2_n103_99,s4_n40_7,s1_below_4282,s6_6_up,s2_2001_2003,s2_760_2075,s4_37_47,Passenger Car,s4_48_64,Not Deployed,s2_97_208,s1_below_1,Female,s2_37_80,s3_141_159,s2_164_318,s4_160_220,s2_2_4
12452,s3_1695_2555,s2_n103_99,s4_n40_7,s1_below_4282,s2_2_3,s2_2001_2003,s2_760_2075,s3_17_37,Truck (<=6000 lbs.),s3_28_48,Not Deployed,s2_97_208,s1_below_1,Female,s2_37_80,s4_159_169,s2_164_318,s3_80_160,s2_2_4
12453,s2_885_1695,s2_n103_99,s4_n40_7,s1_below_4282,s4_4_5,s1_below_2001,s2_760_2075,s4_37_47,Passenger Car,s4_48_64,Deployed,s2_97_208,s1_below_1,Female,s2_37_80,s3_141_159,s2_164_318,s3_80_160,s2_2_4
12454,s3_1695_2555,s2_n103_99,s4_n40_7,s1_below_4282,s4_4_5,s3_2003_2005,s2_760_2075,s4_37_47,Truck (<=6000 lbs.),s4_48_64,Not Deployed,s2_97_208,s1_below_1,Male,s5_114_130,s3_141_159,s3_318_464,s3_80_160,s3_4_5
12455,s2_885_1695,s2_n103_99,s4_n40_7,s1_below_4282,s1_below_2,s2_2001_2003,s3_2075_3730,s3_17_37,Passenger Car,s4_48_64,Deployed,s2_97_208,s1_below_1,Female,s3_80_96,s3_141_159,s2_164_318,s4_160_220,s2_2_4
12456,s2_885_1695,s2_n103_99,s4_n40_7,s1_below_4282,s6_6_up,s2_2001_2003,s2_760_2075,s4_37_47,Passenger Car,s2_11_28,Deployed,s2_97_208,s1_below_1,Female,s2_37_80,s3_141_159,s2_164_318,s3_80_160,s2_2_4
12457,s3_1695_2555,s2_n103_99,s4_n40_7,s1_below_4282,s1_below_2,s1_below_2001,s2_760_2075,s3_17_37,Truck (<=10000 lbs.),s3_28_48,Not Deployed,s2_97_208,s1_below_1,Female,s2_37_80,s4_159_169,s3_318_464,s2_40_80,s4_5_6
12458,s3_1695_2555,s2_n103_99,s4_n40_7,s1_below_4282,s1_below_2,s1_below_2001,s2_760_2075,s4_37_47,Truck (<=6000 lbs.),s4_48_64,Deployed,s2_97_208,s1_below_1,Female,s2_37_80,s4_159_169,s2_164_318,s4_160_220,s3_4_5
12459,s3_1695_2555,s2_n103_99,s4_n40_7,s1_below_4282,s1_below_2,s3_2003_2005,s2_760_2075,s4_37_47,Truck (<=10000 lbs.),s3_28_48,Deployed,s2_97_208,s1_below_1,Female,s2_37_80,s4_159_169,s3_318_464,s3_80_160,s4_5_6
12460,s3_1695_2555,s2_n103_99,s4_n40_7,s1_below_4282,s4_4_5,s3_2003_2005,s2_760_2075,s3_17_37,Truck (<=6000 lbs.),s2_11_28,Not Deployed,s2_97_208,s1_below_1,Female,s2_37_80,s3_141_159,s2_164_318,s3_80_160,s2_2_4
12461,s3_1695_2555,s2_n103_99,s4_n40_7,s1_below_4282,s3_3_4,s2_2001_2003,s2_760_2075,s5_47_57,Truck (<=6000 lbs.),s3_28_48,Not Deployed,s2_97_208,s1_below_1,Female,s4_96_114,s3_141_159,s2_164_318,s3_80_160,s2_2_4
12462,s2_885_1695,s2_n103_99,s2_n112_n81,s1_below_4282,s2_2_3,s2_2001_2003,s2_760_2075,s6_57_up,Passenger Car,s3_28_48,Deployed,s2_97_208,s3_2_3,Male,s3_80_96,s3_141_159,s2_164_318,s3_80_160,s2_2_4
12463,s3_1695_2555,s2_n103_99,s4_n40_7,s1_below_4282,s4_4_5,s2_2001_2003,s2_760_2075,s4_37_47,Truck (<=6000 lbs.),s2_11_28,Deployed,s2_97_208,s1_below_1,Female,s2_37_80,s3_141_159,s2_164_318,s3_80_160,s2_2_4
12464,s3_1695_2555,s2_n103_99,s4_n40_7,s1_below_4282,s1_below_2,s3_2003_2005,s2_760_2075,s3_17_37,Truck (<=10000 lbs.),s3_28_48,Deployed,s2_97_208,s2_1_2,Female,s2_37_80,s5_169_179,s3_318_464,s3_80_160,s4_5_6
12465,s3_1695_2555,s2_n103_99,s4_n40_7,s1_below_4282,s1_below_2,s3_2003_2005,s2_760_2075,s4_37_47,Truck (<=6000 lbs.),s3_28_48,Not Deployed,s2_97_208,s1_below_1,Female,s2_37_80,s4_159_169,s2_164_318,s3_80_160,s2_2_4
12466,s2_885_1695,s2_n103_99,s4_n40_7,s1_below_4282,s1_below_2,s3_2003_2005,s2_760_2075,s3_17_37,Truck (<=6000 lbs.),s2_11_28,Deployed,s2_97_208,s1_below_1,Male,s4_96_114,s3_141_159,s2_164_318,s3_80_160,s2_2_4
12467,s2_885_1695,s2_n103_99,s4_n40_7,s1_below_4282,s1_below_2,s1_below_2001,s2_760_2075,s3_17_37,Passenger Car,s2_11_28,Deployed,s2_97_208,s2_1_2,Female,s2_37_80,s3_141_159,s2_164_318,s4_160_220,s2_2_4
12468,s2_885_1695,s2_n103_99,s4_n40_7,s1_below_4282,s1_below_2,s2_2001_2003,s2_760_2075,s3_17_37,Passenger Car,s2_11_28,Deployed,s2_97_208,s1_below_1,Female,s2_37_80,s3_141_159,s2_164_318,s3_80_160,s2_2_4
12469,s2_885_1695,s2_n103_99,s4_n40_7,s1_below_4282,s2_2_3,s2_2001_2003,s2_760_2075,s4_37_47,Truck (<=6000 lbs.),s2_11_28,Deployed,s2_97_208,s1_below_1,Female,s2_37_80,s3_141_159,s2_164_318,s3_80_160,s2_2_4
12470,s2_885_1695,s2_n103_99,s4_n40_7,s1_below_4282,s4_4_5,s3_2003_2005,s2_760_2075,s4_37_47,Passenger Car,s2_11_28,Deployed,s1_below_97,s1_below_1,Male,s2_37_80,s3_141_159,s2_164_318,s3_80_160,s2_2_4
12471,s2_885_1695,s2_n103_99,s4_n40_7,s1_below_4282,s2_2_3,s1_below_2001,s2_760_2075,s6_57_up,Truck (<=6000 lbs.),s2_11_28,Deployed,s2_97_208,s3_2_3,Male,s3_80_96,s3_141_159,s2_164_318,s3_80_160,s2_2_4
12472,s3_1695_2555,s2_n103_99,s4_n40_7,s1_below_4282,s6_6_up,s1_below_2001,s2_760_2075,s3_17_37,Passenger Car,s3_28_48,Not Deployed,s2_97_208,s1_below_1,Male,s4_96_114,s4_159_169,s2_164_318,s3_80_160,s2_2_4
12473,s2_885_1695,s2_n103_99,s5_7_up,s1_below_4282,s2_2_3,s2_2001_2003,s2_760_2075,s4_37_47,Passenger Car,s2_11_28,Not Deployed,s2_97_208,s1_below_1,Female,s2_37_80,s3_141_159,s2_164_318,s6_260_up,s2_2_4
12474,s2_885_1695,s2_n103_99,s5_7_up,s1_below_4282,s1_below_2,s1_below_2001,s1_below_760,s3_17_37,Truck (<=6000 lbs.),s3_28_48,Not Deployed,s2_97_208,s1_below_1,Female,s2_37_80,s3_141_159,s2_164_318,s6_260_up,s2_2_4
12475,s2_885_1695,s2_n103_99,s4_n40_7,s1_below_4282,s3_3_4,s2_2001_2003,s2_760_2075,s4_37_47,Passenger Car,s4_48_64,Deployed,s2_97_208,s1_below_1,Female,s2_37_80,s3_141_159,s2_164_318,s3_80_160,s2_2_4
12476,s3_1695_2555,s2_n103_99,s4_n40_7,s1_below_4282,s4_4_5,s2_2001_2003,s2_760_2075,s3_17_37,Truck (<=10000 lbs.),s2_11_28,Deployed,s2_97_208,s1_below_1,Male,s5_114_130,s4_159_169,s3_318_464,s3_80_160,s4_5_6
12477,s3_1695_2555,s2_n103_99,s4_n40_7,s1_below_4282,s1_below_2,s1_below_2001,s2_760_2075,s3_17_37,Truck (<=10000 lbs.),s3_28_48,Not Deployed,s2_97_208,s1_below_1,Female,s2_37_80,s4_159_169,s2_164_318,s3_80_160,s3_4_5
12478,s2_885_1695,s2_n103_99,s5_7_up,s1_below_4282,s1_below_2,s1_below_2001,s2_760_2075,s4_37_47,Passenger Car,s2_11_28,Not Deployed,s2_97_208,s1_below_1,Female,s2_37_80,s3_141_159,s2_164_318,s6_260_up,s2_2_4
12479,s3_1695_2555,s2_n103_99,s4_n40_7,s1_below_4282,s3_3_4,s2_2001_2003,s3_2075_3730,s4_37_47,Truck (<=10000 lbs.),s2_11_28,Not Deployed,s2_97_208,s1_below_1,Male,s4_96_114,s3_141_159,s2_164_318,s4_160_220,s2_2_4
12480,s2_885_1695,s2_n103_99,s3_n81_n40,s1_below_4282,s1_below_2,s1_below_2001,s2_760_2075,s3_17_37,Passenger Car,s2_11_28,Deployed,s2_97_208,s1_below_1,Female,s2_37_80,s3_141_159,s2_164_318,s3_80_160,s2_2_4
12481,s3_1695_2555,s2_n103_99,s4_n40_7,s1_below_4282,s2_2_3,s1_below_2001,s2_760_2075,s3_17_37,Passenger Car,s3_28_48,Not Deployed,s2_97_208,s1_below_1,Male,s4_96_114,s3_141_159,s2_164_318,s3_80_160,s2_2_4
12482,s2_885_1695,s2_n103_99,s4_n40_7,s1_below_4282,s4_4_5,s2_2001_2003,s2_760_2075,s4_37_47,Passenger Car,s3_28_48,Deployed,s2_97_208,s4_3_4,Female,s4_96_114,s3_141_159,s2_164_318,s4_160_220,s2_2_4
12483,s2_885_1695,s2_n103_99,s5_7_up,s1_below_4282,s2_2_3,s1_below_2001,s2_760_2075,s5_47_57,Truck (<=6000 lbs.),s5_64_76,Not Deployed,s2_97_208,s1_below_1,Female,s2_37_80,s2_116_141,s2_164_318,s6_260_up,s2_2_4
12484,s2_885_1695,s2_n103_99,s4_n40_7,s1_below_4282,s2_2_3,s1_below_2001,s2_760_2075,s5_47_57,Truck (<=6000 lbs.),s2_11_28,Deployed,s2_97_208,s1_below_1,Female,s2_37_80,s3_141_159,s2_164_318,s4_160_220,s2_2_4
12485,s2_885_1695,s2_n103_99,s4_n40_7,s1_below_4282,s5_5_6,s3_2003_2005,s2_760_2075,s4_37_47,Passenger Car,s5_64_76,Deployed,s2_97_208,s1_below_1,Male,s2_37_80,s3_141_159,s2_164_318,s3_80_160,s2_2_4
12486,s2_885_1695,s2_n103_99,s3_n81_n40,s1_below_4282,s2_2_3,s3_2003_2005,s2_760_2075,s3_17_37,Truck (<=6000 lbs.),s3_28_48,Deployed,s2_97_208,s1_below_1,Female,s2_37_80,s3_141_159,s2_164_318,s3_80_160,s2_2_4
12487,s2_885_1695,s2_n103_99,s4_n40_7,s1_below_4282,s1_below_2,s2_2001_2003,s2_760_2075,s3_17_37,Truck (<=6000 lbs.),s4_48_64,Deployed,s2_97_208,s1_below_1,Male,s2_37_80,s3_141_159,s3_318_464,s3_80_160,s2_2_4
12488,s2_885_1695,s2_n103_99,s4_n40_7,s1_below_4282,s1_below_2,s3_2003_2005,s2_760_2075,s3_17_37,Passenger Car,s3_28_48,Deployed,s2_97_208,s1_below_1,Female,s2_37_80,s3_141_159,s2_164_318,s3_80_160,s2_2_4
12489,s3_1695_2555,s2_n103_99,s4_n40_7,s1_below_4282,s2_2_3,s2_2001_2003,s2_760_2075,s4_37_47,Truck (<=6000 lbs.),s3_28_48,Not Deployed,s2_97_208,s1_below_1,Female,s2_37_80,s3_141_159,s2_164_318,s3_80_160,s2_2_4
12490,s2_885_1695,s2_n103_99,s4_n40_7,s1_below_4282,s1_below_2,s3_2003_2005,s2_760_2075,s3_17_37,Passenger Car,s2_11_28,Deployed,s2_97_208,s1_below_1,Female,s2_37_80,s3_141_159,s2_164_318,s2_40_80,s2_2_4
12491,s3_1695_2555,s2_n103_99,s4_n40_7,s1_below_4282,s1_below_2,s3_2003_2005,s2_760_2075,s4_37_47,Truck (<=6000 lbs.),s3_28_48,Deployed,s2_97_208,s1_below_1,Male,s3_80_96,s3_141_159,s2_164_318,s3_80_160,s2_2_4
12492,s3_1695_2555,s2_n103_99,s4_n40_7,s1_below_4282,s1_below_2,s1_below_2001,s2_760_2075,s4_37_47,Truck (<=10000 lbs.),s3_28_48,Deployed,s2_97_208,s2_1_2,Male,s6_130_up,s4_159_169,s3_318_464,s3_80_160,s4_5_6
12493,s2_885_1695,s2_n103_99,s4_n40_7,s1_below_4282,s2_2_3,s3_2003_2005,s2_760_2075,s4_37_47,Passenger Car,s2_11_28,Deployed,s2_97_208,s1_below_1,Female,s2_37_80,s3_141_159,s2_164_318,s3_80_160,s2_2_4
12494,s3_1695_2555,s2_n103_99,s4_n40_7,s1_below_4282,s2_2_3,s2_2001_2003,s2_760_2075,s4_37_47,Truck (<=6000 lbs.),s3_28_48,Not Deployed,s2_97_208,s1_below_1,Female,s2_37_80,s3_141_159,s2_164_318,s1_below_40,s2_2_4
12495,s2_885_1695,s2_n103_99,s3_n81_n40,s1_below_4282,s1_below_2,s2_2001_2003,s2_760_2075,s4_37_47,Passenger Car,s4_48_64,Deployed,s2_97_208,s2_1_2,Female,s2_37_80,s3_141_159,s2_164_318,s3_80_160,s2_2_4
12496,s2_885_1695,s2_n103_99,s3_n81_n40,s1_below_4282,s3_3_4,s3_2003_2005,s2_760_2075,s3_17_37,Passenger Car,s4_48_64,Deployed,s2_97_208,s1_below_1,Male,s3_80_96,s3_141_159,s2_164_318,s3_80_160,s2_2_4
12497,s2_885_1695,s2_n103_99,s4_n40_7,s1_below_4282,s4_4_5,s3_2003_2005,s2_760_2075,s3_17_37,Passenger Car,s4_48_64,Deployed,s2_97_208,s1_below_1,Male,s4_96_114,s3_141_159,s2_164_318,s3_80_160,s2_2_4
12498,s2_885_1695,s2_n103_99,s4_n40_7,s1_below_4282,s3_3_4,s3_2003_2005,s2_760_2075,s3_17_37,Passenger Car,s3_28_48,Deployed,s2_97_208,s1_below_1,Male,s2_37_80,s3_141_159,s2_164_318,s4_160_220,s2_2_4
12499,s3_1695_2555,s2_n103_99,s4_n40_7,s1_below_4282,s5_5_6,s3_2003_2005,s2_760_2075,s4_37_47,Truck (<=6000 lbs.),s5_64_76,Deployed,s2_97_208,s1_below_1,Female,s2_37_80,s3_141_159,s2_164_318,s4_160_220,s2_2_4
12500,s2_885_1695,s2_n103_99,s3_n81_n40,s1_below_4282,s1_below_2,s2_2001_2003,s2_760_2075,s5_47_57,Passenger Car,s3_28_48,Deployed,s2_97_208,s4_3_4,Female,s2_37_80,s3_141_159,s2_164_318,s3_80_160,s2_2_4
12501,s2_885_1695,s2_n103_99,s5_7_up,s1_below_4282,s1_below_2,s2_2001_2003,s2_760_2075,s3_17_37,Truck (<=6000 lbs.),s4_48_64,Not Deployed,s2_97_208,s2_1_2,Male,s3_80_96,s3_141_159,s2_164_318,s4_160_220,s2_2_4
12502,s3_1695_2555,s2_n103_99,s5_7_up,s1_below_4282,s2_2_3,s3_2003_2005,s3_2075_3730,s5_47_57,Truck (<=6000 lbs.),s4_48_64,Not Deployed,s2_97_208,s1_below_1,Male,s3_80_96,s4_159_169,s2_164_318,s6_260_up,s3_4_5
12503,s2_885_1695,s2_n103_99,s4_n40_7,s1_below_4282,s4_4_5,s3_2003_2005,s2_760_2075,s3_17_37,Passenger Car,s4_48_64,Deployed,s2_97_208,s1_below_1,Female,s2_37_80,s3_141_159,s2_164_318,s3_80_160,s2_2_4
12504,s2_885_1695,s2_n103_99,s3_n81_n40,s1_below_4282,s1_below_2,s2_2001_2003,s2_760_2075,s4_37_47,Passenger Car,s4_48_64,Deployed,s2_97_208,s3_2_3,Female,s2_37_80,s3_141_159,s2_164_318,s3_80_160,s2_2_4
12505,s2_885_1695,s2_n103_99,s4_n40_7,s1_below_4282,s4_4_5,s2_2001_2003,s2_760_2075,s4_37_47,Passenger Car,s4_48_64,Deployed,s2_97_208,s2_1_2,Female,s2_37_80,s3_141_159,s2_164_318,s4_160_220,s2_2_4
12506,s2_885_1695,s2_n103_99,s4_n40_7,s1_below_4282,s1_below_2,s1_below_2001,s2_760_2075,s4_37_47,Passenger Car,s3_28_48,Not Deployed,s2_97_208,s1_below_1,Female,s2_37_80,s3_141_159,s2_164_318,s1_below_40,s2_2_4
12507,s2_885_1695,s2_n103_99,s4_n40_7,s1_below_4282,s1_below_2,s1_below_2001,s2_760_2075,s3_17_37,Passenger Car,s6_76_up,Not Deployed,s2_97_208,s1_below_1,Female,s3_80_96,s3_141_159,s2_164_318,s5_220_260,s2_2_4
12508,s2_885_1695,s2_n103_99,s4_n40_7,s1_below_4282,s4_4_5,s1_below_2001,s2_760_2075,s4_37_47,Passenger Car,s2_11_28,Deployed,s2_97_208,s1_below_1,Female,s2_37_80,s3_141_159,s2_164_318,s3_80_160,s2_2_4
12509,s3_1695_2555,s2_n103_99,s4_n40_7,s1_below_4282,s2_2_3,s2_2001_2003,s2_760_2075,s3_17_37,Truck (<=10000 lbs.),s2_11_28,Not Deployed,s2_97_208,s1_below_1,Male,s3_80_96,s5_169_179,s3_318_464,s5_220_260,s4_5_6
12510,s2_885_1695,s2_n103_99,s4_n40_7,s1_below_4282,s2_2_3,s3_2003_2005,s3_2075_3730,s3_17_37,Passenger Car,s2_11_28,Not Deployed,s2_97_208,s1_below_1,Female,s2_37_80,s3_141_159,s2_164_318,s3_80_160,s2_2_4
12511,s3_1695_2555,s2_n103_99,s4_n40_7,s1_below_4282,s2_2_3,s2_2001_2003,s2_760_2075,s5_47_57,Truck (<=6000 lbs.),s3_28_48,Deployed,s2_97_208,s1_below_1,Male,s5_114_130,s4_159_169,s2_164_318,s4_160_220,s3_4_5
12512,s2_885_1695,s2_n103_99,s4_n40_7,s1_below_4282,s5_5_6,s2_2001_2003,s2_760_2075,s3_17_37,Passenger Car,s3_28_48,Deployed,s2_97_208,s1_below_1,Female,s2_37_80,s3_141_159,s2_164_318,s4_160_220,s2_2_4
12513,s3_1695_2555,s2_n103_99,s4_n40_7,s1_below_4282,s1_below_2,s1_below_2001,s2_760_2075,s3_17_37,Truck (<=10000 lbs.),s5_64_76,Not Deployed,s2_97_208,s1_below_1,Male,s4_96_114,s4_159_169,s3_318_464,s4_160_220,s4_5_6
12514,s2_885_1695,s2_n103_99,s3_n81_n40,s1_below_4282,s1_below_2,s2_2001_2003,s2_760_2075,s4_37_47,Passenger Car,s4_48_64,Deployed,s2_97_208,s2_1_2,Male,s2_37_80,s3_141_159,s2_164_318,s3_80_160,s2_2_4
12515,s2_885_1695,s2_n103_99,s3_n81_n40,s1_below_4282,s1_below_2,s3_2003_2005,s2_760_2075,s3_17_37,Passenger Car,s4_48_64,Deployed,s2_97_208,s4_3_4,Male,s4_96_114,s3_141_159,s2_164_318,s3_80_160,s2_2_4
12516,s3_1695_2555,s2_n103_99,s4_n40_7,s1_below_4282,s3_3_4,s2_2001_2003,s2_760_2075,s4_37_47,Passenger Car,s5_64_76,Not Deployed,s2_97_208,s1_below_1,Male,s2_37_80,s4_159_169,s2_164_318,s3_80_160,s2_2_4
12517,s2_885_1695,s2_n103_99,s4_n40_7,s1_below_4282,s1_below_2,s2_2001_2003,s2_760_2075,s3_17_37,Passenger Car,s4_48_64,Not Deployed,s2_97_208,s1_below_1,Female,s2_37_80,s3_141_159,s2_164_318,s3_80_160,s2_2_4
12518,s3_1695_2555,s2_n103_99,s4_n40_7,s1_below_4282,s4_4_5,s3_2003_2005,s3_2075_3730,s5_47_57,Truck (<=6000 lbs.),s3_28_48,Deployed,s2_97_208,s1_below_1,Female,s2_37_80,s3_141_159,s2_164_318,s3_80_160,s2_2_4
12519,s2_885_1695,s2_n103_99,s3_n81_n40,s1_below_4282,s5_5_6,s3_2003_2005,s2_760_2075,s5_47_57,Passenger Car,s5_64_76,Not Deployed,s2_97_208,s2_1_2,Male,s3_80_96,s3_141_159,s2_164_318,s1_below_40,s2_2_4
12520,s3_1695_2555,s2_n103_99,s4_n40_7,s1_below_4282,s2_2_3,s3_2003_2005,s2_760_2075,s4_37_47,Truck (<=6000 lbs.),s2_11_28,Deployed,s2_97_208,s1_below_1,Female,s2_37_80,s4_159_169,s2_164_318,s3_80_160,s2_2_4
12521,s2_885_1695,s2_n103_99,s4_n40_7,s1_below_4282,s4_4_5,s3_2003_2005,s2_760_2075,s4_37_47,Passenger Car,s5_64_76,Deployed,s2_97_208,s3_2_3,Male,s4_96_114,s3_141_159,s2_164_318,s3_80_160,s2_2_4
12522,s2_885_1695,s2_n103_99,s5_7_up,s1_below_4282,s3_3_4,s1_below_2001,s2_760_2075,s4_37_47,Passenger Car,s2_11_28,Not Deployed,s1_below_97,s1_below_1,Male,s2_37_80,s3_141_159,s2_164_318,s6_260_up,s2_2_4
12523,s2_885_1695,s2_n103_99,s3_n81_n40,s1_below_4282,s2_2_3,s3_2003_2005,s2_760_2075,s5_47_57,Passenger Car,s6_76_up,Deployed,s2_97_208,s1_below_1,Male,s2_37_80,s3_141_159,s2_164_318,s3_80_160,s2_2_4
12524,s2_885_1695,s2_n103_99,s4_n40_7,s1_below_4282,s4_4_5,s1_below_2001,s2_760_2075,s4_37_47,Passenger Car,s2_11_28,Deployed,s2_97_208,s1_below_1,Female,s3_80_96,s3_141_159,s2_164_318,s3_80_160,s2_2_4
12525,s2_885_1695,s2_n103_99,s3_n81_n40,s1_below_4282,s1_below_2,s1_below_2001,s2_760_2075,s5_47_57,Truck (<=6000 lbs.),s6_76_up,Deployed,s2_97_208,s4_3_4,Male,s2_37_80,s2_116_141,s2_164_318,s3_80_160,s2_2_4
12526,s2_885_1695,s2_n103_99,s4_n40_7,s1_below_4282,s1_below_2,s3_2003_2005,s2_760_2075,s4_37_47,Passenger Car,s2_11_28,Deployed,s2_97_208,s1_below_1,Female,s2_37_80,s3_141_159,s2_164_318,s4_160_220,s2_2_4
12527,s3_1695_2555,s2_n103_99,s5_7_up,s1_below_4282,s3_3_4,s2_2001_2003,s2_760_2075,s5_47_57,Truck (<=6000 lbs.),s3_28_48,Not Deployed,s2_97_208,s1_below_1,Female,s3_80_96,s4_159_169,s2_164_318,s6_260_up,s3_4_5
12528,s2_885_1695,s2_n103_99,s4_n40_7,s1_below_4282,s1_below_2,s3_2003_2005,s2_760_2075,s4_37_47,Passenger Car,s2_11_28,Not Deployed,s2_97_208,s1_below_1,Female,s2_37_80,s3_141_159,s2_164_318,s3_80_160,s2_2_4
12529,s3_1695_2555,s2_n103_99,s4_n40_7,s1_below_4282,s1_below_2,s3_2003_2005,s2_760_2075,s4_37_47,Truck (<=6000 lbs.),s3_28_48,Not Deployed,s2_97_208,s1_below_1,Female,s2_37_80,s4_159_169,s2_164_318,s2_40_80,s3_4_5
12530,s3_1695_2555,s2_n103_99,s4_n40_7,s1_below_4282,s1_below_2,s1_below_2001,s2_760_2075,s3_17_37,Truck (<=6000 lbs.),s2_11_28,Not Deployed,s2_97_208,s1_below_1,Female,s2_37_80,s3_141_159,s2_164_318,s4_160_220,s2_2_4
12531,s2_885_1695,s2_n103_99,s4_n40_7,s1_below_4282,s1_below_2,s2_2001_2003,s2_760_2075,s4_37_47,Truck (<=6000 lbs.),s4_48_64,Not Deployed,s2_97_208,s4_3_4,Female,s2_37_80,s3_141_159,s2_164_318,s3_80_160,s2_2_4
12532,s3_1695_2555,s2_n103_99,s4_n40_7,s1_below_4282,s4_4_5,s1_below_2001,s2_760_2075,s4_37_47,Truck (<=6000 lbs.),s2_11_28,Deployed,s2_97_208,s1_below_1,Male,s3_80_96,s3_141_159,s2_164_318,s4_160_220,s2_2_4
12533,s3_1695_2555,s2_n103_99,s4_n40_7,s1_below_4282,s3_3_4,s2_2001_2003,s2_760_2075,s3_17_37,Truck (<=10000 lbs.),s3_28_48,Deployed,s2_97_208,s1_below_1,Male,s4_96_114,s5_169_179,s2_164_318,s4_160_220,s3_4_5
12534,s2_885_1695,s2_n103_99,s3_n81_n40,s1_below_4282,s1_below_2,s3_2003_2005,s2_760_2075,s3_17_37,Passenger Car,s3_28_48,Deployed,s2_97_208,s5_4_5,Male,s3_80_96,s3_141_159,s2_164_318,s3_80_160,s2_2_4
12535,s3_1695_2555,s2_n103_99,s4_n40_7,s1_below_4282,s4_4_5,s2_2001_2003,s2_760_2075,s4_37_47,Truck (<=6000 lbs.),s2_11_28,Not Deployed,s2_97_208,s1_below_1,Female,s2_37_80,s4_159_169,s2_164_318,s2_40_80,s3_4_5
12536,s2_885_1695,s2_n103_99,s4_n40_7,s1_below_4282,s2_2_3,s3_2003_2005,s2_760_2075,s3_17_37,Passenger Car,s6_76_up,Not Deployed,s2_97_208,s2_1_2,Female,s2_37_80,s3_141_159,s2_164_318,s3_80_160,s2_2_4
12537,s3_1695_2555,s2_n103_99,s4_n40_7,s1_below_4282,s2_2_3,s2_2001_2003,s2_760_2075,s4_37_47,Truck (<=6000 lbs.),s2_11_28,Deployed,s2_97_208,s1_below_1,Male,s2_37_80,s3_141_159,s2_164_318,s3_80_160,s2_2_4
12538,s2_885_1695,s2_n103_99,s4_n40_7,s1_below_4282,s2_2_3,s1_below_2001,s2_760_2075,s3_17_37,Passenger Car,s2_11_28,Deployed,s2_97_208,s1_below_1,Female,s2_37_80,s3_141_159,s2_164_318,s3_80_160,s2_2_4
12539,s3_1695_2555,s2_n103_99,s5_7_up,s1_below_4282,s5_5_6,s3_2003_2005,s2_760_2075,s5_47_57,Passenger Car,s4_48_64,Not Deployed,s2_97_208,s1_below_1,Female,s2_37_80,s3_141_159,s2_164_318,s6_260_up,s2_2_4
12540,s2_885_1695,s2_n103_99,s4_n40_7,s1_below_4282,s1_below_2,s1_below_2001,s2_760_2075,s4_37_47,Truck (<=6000 lbs.),s5_64_76,Not Deployed,s2_97_208,s1_below_1,Male,s2_37_80,s3_141_159,s3_318_464,s3_80_160,s2_2_4
12541,s2_885_1695,s2_n103_99,s4_n40_7,s1_below_4282,s1_below_2,s1_below_2001,s3_2075_3730,s6_57_up,Passenger Car,s2_11_28,Not Deployed,s2_97_208,s1_below_1,Female,s2_37_80,s3_141_159,s2_164_318,s4_160_220,s2_2_4
12542,s3_1695_2555,s2_n103_99,s5_7_up,s1_below_4282,s2_2_3,s2_2001_2003,s2_760_2075,s6_57_up,Truck (<=10000 lbs.),s2_11_28,Not Deployed,s2_97_208,s1_below_1,Female,s2_37_80,s4_159_169,s2_164_318,s6_260_up,s3_4_5
12543,s3_1695_2555,s2_n103_99,s4_n40_7,s1_below_4282,s1_below_2,s3_2003_2005,s2_760_2075,s5_47_57,Truck (<=10000 lbs.),s3_28_48,Not Deployed,s2_97_208,s1_below_1,Male,s6_130_up,s5_169_179,s3_318_464,s3_80_160,s4_5_6
12544,s3_1695_2555,s2_n103_99,s4_n40_7,s1_below_4282,s1_below_2,s3_2003_2005,s2_760_2075,s4_37_47,Truck (<=6000 lbs.),s2_11_28,Deployed,s2_97_208,s1_below_1,Female,s2_37_80,s5_169_179,s2_164_318,s3_80_160,s4_5_6
12545,s2_885_1695,s2_n103_99,s4_n40_7,s1_below_4282,s1_below_2,s1_below_2001,s2_760_2075,s5_47_57,Passenger Car,s5_64_76,Not Deployed,s2_97_208,s1_below_1,Male,s3_80_96,s3_141_159,s2_164_318,s3_80_160,s2_2_4
12546,s3_1695_2555,s2_n103_99,s4_n40_7,s1_below_4282,s1_below_2,s2_2001_2003,s2_760_2075,s4_37_47,Truck (<=10000 lbs.),s3_28_48,Deployed,s2_97_208,s2_1_2,Male,s3_80_96,s4_159_169,s2_164_318,s3_80_160,s3_4_5
12547,s3_1695_2555,s2_n103_99,s4_n40_7,s1_below_4282,s4_4_5,s1_below_2001,s2_760_2075,s3_17_37,Truck (<=6000 lbs.),s4_48_64,Deployed,s2_97_208,s1_below_1,Male,s2_37_80,s3_141_159,s2_164_318,s3_80_160,s2_2_4
12548,s2_885_1695,s2_n103_99,s4_n40_7,s1_below_4282,s4_4_5,s3_2003_2005,s2_760_2075,s3_17_37,Passenger Car,s2_11_28,Not Deployed,s2_97_208,s1_below_1,Male,s2_37_80,s3_141_159,s2_164_318,s1_below_40,s2_2_4
12549,s2_885_1695,s2_n103_99,s4_n40_7,s1_below_4282,s2_2_3,s2_2001_2003,s2_760_2075,s3_17_37,Passenger Car,s4_48_64,Not Deployed,s2_97_208,s1_below_1,Female,s2_37_80,s3_141_159,s2_164_318,s2_40_80,s2_2_4
12550,s2_885_1695,s2_n103_99,s4_n40_7,s1_below_4282,s2_2_3,s1_below_2001,s2_760_2075,s4_37_47,Passenger Car,s2_11_28,Deployed,s2_97_208,s2_1_2,Female,s3_80_96,s3_141_159,s2_164_318,s3_80_160,s2_2_4
12551,s3_1695_2555,s2_n103_99,s4_n40_7,s1_below_4282,s3_3_4,s1_below_2001,s3_2075_3730,s3_17_37,Truck (<=6000 lbs.),s2_11_28,Deployed,s2_97_208,s1_below_1,Male,s2_37_80,s4_159_169,s2_164_318,s3_80_160,s3_4_5
12552,s2_885_1695,s2_n103_99,s4_n40_7,s1_below_4282,s2_2_3,s2_2001_2003,s2_760_2075,s3_17_37,Passenger Car,s3_28_48,Not Deployed,s2_97_208,s1_below_1,Male,s5_114_130,s3_141_159,s2_164_318,s4_160_220,s2_2_4
12553,s2_885_1695,s2_n103_99,s4_n40_7,s1_below_4282,s4_4_5,s3_2003_2005,s3_2075_3730,s5_47_57,Passenger Car,s3_28_48,Deployed,s2_97_208,s1_below_1,Female,s2_37_80,s3_141_159,s2_164_318,s3_80_160,s2_2_4
12554,s2_885_1695,s2_n103_99,s4_n40_7,s1_below_4282,s2_2_3,s2_2001_2003,s2_760_2075,s6_57_up,Passenger Car,s2_11_28,Deployed,s2_97_208,s1_below_1,Female,s2_37_80,s3_141_159,s2_164_318,s3_80_160,s2_2_4
12555,s2_885_1695,s2_n103_99,s3_n81_n40,s1_below_4282,s1_below_2,s1_below_2001,s2_760_2075,s6_57_up,Passenger Car,s3_28_48,Deployed,s2_97_208,s1_below_1,Male,s2_37_80,s3_141_159,s2_164_318,s3_80_160,s2_2_4
12556,s3_1695_2555,s2_n103_99,s5_7_up,s1_below_4282,s1_below_2,s3_2003_2005,s2_760_2075,s6_57_up,Truck (<=6000 lbs.),s4_48_64,Not Deployed,s2_97_208,s1_below_1,Male,s3_80_96,s3_141_159,s3_318_464,s6_260_up,s2_2_4
12557,s2_885_1695,s2_n103_99,s4_n40_7,s1_below_4282,s1_below_2,s3_2003_2005,s2_760_2075,s5_47_57,Truck (<=6000 lbs.),s2_11_28,Deployed,s2_97_208,s1_below_1,Male,s2_37_80,s3_141_159,s2_164_318,s3_80_160,s2_2_4
12558,s3_1695_2555,s2_n103_99,s3_n81_n40,s1_below_4282,s1_below_2,s3_2003_2005,s2_760_2075,s5_47_57,Truck (<=10000 lbs.),s4_48_64,Deployed,s2_97_208,s3_2_3,Male,s3_80_96,s5_169_179,s3_318_464,s3_80_160,s4_5_6
12559,s2_885_1695,s2_n103_99,s4_n40_7,s1_below_4282,s1_below_2,s1_below_2001,s2_760_2075,s6_57_up,Passenger Car,s2_11_28,Deployed,s2_97_208,s1_below_1,Female,s2_37_80,s3_141_159,s2_164_318,s3_80_160,s2_2_4
12560,s5_3715_up,s2_n103_99,s5_7_up,s1_below_4282,s1_below_2,s2_2001_2003,s2_760_2075,s6_57_up,Truck (<=10000 lbs.),s3_28_48,Not Deployed,s2_97_208,s1_below_1,Male,s3_80_96,s5_169_179,s3_318_464,s6_260_up,s4_5_6
12561,s3_1695_2555,s2_n103_99,s4_n40_7,s1_below_4282,s1_below_2,s3_2003_2005,s2_760_2075,s5_47_57,Truck (<=6000 lbs.),s3_28_48,Not Deployed,s2_97_208,s2_1_2,Female,s2_37_80,s3_141_159,s2_164_318,s3_80_160,s2_2_4
12562,s3_1695_2555,s2_n103_99,s4_n40_7,s1_below_4282,s1_below_2,s2_2001_2003,s2_760_2075,s3_17_37,Truck (<=6000 lbs.),s3_28_48,Not Deployed,s2_97_208,s1_below_1,Female,s2_37_80,s3_141_159,s2_164_318,s3_80_160,s2_2_4
12563,s3_1695_2555,s2_n103_99,s4_n40_7,s1_below_4282,s1_below_2,s3_2003_2005,s2_760_2075,s4_37_47,Truck (<=6000 lbs.),s4_48_64,Not Deployed,s2_97_208,s1_below_1,Male,s4_96_114,s3_141_159,s2_164_318,s3_80_160,s2_2_4
12564,s2_885_1695,s2_n103_99,s4_n40_7,s1_below_4282,s1_below_2,s2_2001_2003,s2_760_2075,s4_37_47,Passenger Car,s4_48_64,Deployed,s2_97_208,s1_below_1,Female,s2_37_80,s3_141_159,s2_164_318,s3_80_160,s2_2_4
12565,s3_1695_2555,s2_n103_99,s4_n40_7,s1_below_4282,s3_3_4,s1_below_2001,s2_760_2075,s5_47_57,Truck (<=10000 lbs.),s4_48_64,Deployed,s2_97_208,s1_below_1,Female,s4_96_114,s4_159_169,s2_164_318,s3_80_160,s3_4_5
12566,s2_885_1695,s2_n103_99,s4_n40_7,s1_below_4282,s2_2_3,s2_2001_2003,s3_2075_3730,s5_47_57,Passenger Car,s4_48_64,Deployed,s2_97_208,s1_below_1,Male,s3_80_96,s3_141_159,s2_164_318,s3_80_160,s2_2_4
12567,s2_885_1695,s2_n103_99,s4_n40_7,s1_below_4282,s3_3_4,s1_below_2001,s2_760_2075,s5_47_57,Passenger Car,s3_28_48,Deployed,s2_97_208,s1_below_1,Female,s2_37_80,s3_141_159,s2_164_318,s4_160_220,s2_2_4
12568,s2_885_1695,s2_n103_99,s3_n81_n40,s1_below_4282,s1_below_2,s3_2003_2005,s2_760_2075,s5_47_57,Passenger Car,s4_48_64,Deployed,s2_97_208,s2_1_2,Female,s2_37_80,s3_141_159,s2_164_318,s3_80_160,s2_2_4
12569,s2_885_1695,s2_n103_99,s4_n40_7,s1_below_4282,s4_4_5,s2_2001_2003,s2_760_2075,s4_37_47,Passenger Car,s3_28_48,Not Deployed,s2_97_208,s1_below_1,Female,s2_37_80,s3_141_159,s2_164_318,s5_220_260,s2_2_4
12570,s2_885_1695,s2_n103_99,s4_n40_7,s1_below_4282,s1_below_2,s3_2003_2005,s2_760_2075,s3_17_37,Passenger Car,s2_11_28,Not Deployed,s2_97_208,s1_below_1,Female,s2_37_80,s3_141_159,s2_164_318,s3_80_160,s2_2_4
12571,s2_885_1695,s2_n103_99,s4_n40_7,s1_below_4282,s1_below_2,s1_below_2001,s2_760_2075,s5_47_57,Passenger Car,s2_11_28,Not Deployed,s2_97_208,s1_below_1,Female,s2_37_80,s3_141_159,s2_164_318,s4_160_220,s2_2_4
12572,s2_885_1695,s2_n103_99,s4_n40_7,s1_below_4282,s2_2_3,s2_2001_2003,s2_760_2075,s5_47_57,Passenger Car,s2_11_28,Deployed,s2_97_208,s2_1_2,Female,s2_37_80,s3_141_159,s2_164_318,s3_80_160,s2_2_4
12573,s3_1695_2555,s2_n103_99,s3_n81_n40,s1_below_4282,s1_below_2,s1_below_2001,s2_760_2075,s5_47_57,Truck (<=6000 lbs.),s2_11_28,Deployed,s2_97_208,s2_1_2,Male,s2_37_80,s3_141_159,s2_164_318,s3_80_160,s2_2_4
12574,s2_885_1695,s2_n103_99,s4_n40_7,s1_below_4282,s1_below_2,s2_2001_2003,s2_760_2075,s5_47_57,Truck (<=6000 lbs.),s3_28_48,Deployed,s2_97_208,s1_below_1,Male,s2_37_80,s2_116_141,s2_164_318,s3_80_160,s2_2_4
12575,s3_1695_2555,s2_n103_99,s4_n40_7,s1_below_4282,s3_3_4,s2_2001_2003,s2_760_2075,s5_47_57,Truck (<=10000 lbs.),s3_28_48,Not Deployed,s2_97_208,s1_below_1,Male,s4_96_114,s4_159_169,s2_164_318,s3_80_160,s3_4_5
12576,s3_1695_2555,s2_n103_99,s4_n40_7,s1_below_4282,s4_4_5,s2_2001_2003,s2_760_2075,s4_37_47,Truck (<=10000 lbs.),s2_11_28,Deployed,s2_97_208,s1_below_1,Male,s3_80_96,s4_159_169,s3_318_464,s3_80_160,s4_5_6
12577,s3_1695_2555,s2_n103_99,s4_n40_7,s1_below_4282,s2_2_3,s2_2001_2003,s2_760_2075,s4_37_47,Truck (<=6000 lbs.),s3_28_48,Not Deployed,s2_97_208,s1_below_1,Female,s2_37_80,s3_141_159,s2_164_318,s4_160_220,s2_2_4
12578,s2_885_1695,s2_n103_99,s4_n40_7,s1_below_4282,s3_3_4,s1_below_2001,s2_760_2075,s4_37_47,Passenger Car,s2_11_28,Not Deployed,s2_97_208,s1_below_1,Female,s2_37_80,s3_141_159,s2_164_318,s3_80_160,s2_2_4
12579,s2_885_1695,s2_n103_99,s4_n40_7,s1_below_4282,s3_3_4,s1_below_2001,s2_760_2075,s5_47_57,Truck (<=6000 lbs.),s4_48_64,Deployed,s2_97_208,s1_below_1,Female,s2_37_80,s3_141_159,s2_164_318,s4_160_220,s2_2_4
12580,s2_885_1695,s2_n103_99,s4_n40_7,s1_below_4282,s2_2_3,s2_2001_2003,s2_760_2075,s3_17_37,Passenger Car,s2_11_28,Not Deployed,s2_97_208,s1_below_1,Female,s2_37_80,s3_141_159,s2_164_318,s4_160_220,s2_2_4
12581,s2_885_1695,s2_n103_99,s4_n40_7,s1_below_4282,s2_2_3,s1_below_2001,s2_760_2075,s3_17_37,Passenger Car,s4_48_64,Not Deployed,s2_97_208,s1_below_1,Female,s2_37_80,s3_141_159,s2_164_318,s3_80_160,s2_2_4
12582,s3_1695_2555,s2_n103_99,s3_n81_n40,s1_below_4282,s3_3_4,s1_below_2001,s2_760_2075,s5_47_57,Truck (<=6000 lbs.),s2_11_28,Deployed,s2_97_208,s3_2_3,Female,s2_37_80,s3_141_159,s2_164_318,s3_80_160,s2_2_4
12583,s2_885_1695,s2_n103_99,s4_n40_7,s1_below_4282,s1_below_2,s3_2003_2005,s2_760_2075,s5_47_57,Truck (<=6000 lbs.),s2_11_28,Not Deployed,s2_97_208,s1_below_1,Male,s2_37_80,s2_116_141,s2_164_318,s3_80_160,s2_2_4
12584,s2_885_1695,s2_n103_99,s4_n40_7,s1_below_4282,s3_3_4,s2_2001_2003,s2_760_2075,s5_47_57,Passenger Car,s6_76_up,Deployed,s2_97_208,s1_below_1,Female,s2_37_80,s3_141_159,s2_164_318,s3_80_160,s2_2_4
12585,s2_885_1695,s2_n103_99,s4_n40_7,s1_below_4282,s1_below_2,s2_2001_2003,s2_760_2075,s6_57_up,Truck (<=6000 lbs.),s3_28_48,Deployed,s2_97_208,s2_1_2,Female,s2_37_80,s3_141_159,s2_164_318,s3_80_160,s2_2_4
12586,s3_1695_2555,s2_n103_99,s5_7_up,s1_below_4282,s1_below_2,s3_2003_2005,s2_760_2075,s6_57_up,Truck (<=6000 lbs.),s4_48_64,Not Deployed,s2_97_208,s1_below_1,Female,s2_37_80,s3_141_159,s2_164_318,s6_260_up,s2_2_4
12587,s3_1695_2555,s2_n103_99,s4_n40_7,s1_below_4282,s1_below_2,s2_2001_2003,s2_760_2075,s5_47_57,Truck (<=6000 lbs.),s3_28_48,Not Deployed,s2_97_208,s1_below_1,Female,s2_37_80,s3_141_159,s2_164_318,s3_80_160,s2_2_4
12588,s2_885_1695,s2_n103_99,s4_n40_7,s1_below_4282,s3_3_4,s2_2001_2003,s2_760_2075,s3_17_37,Passenger Car,s4_48_64,Not Deployed,s2_97_208,s1_below_1,Female,s2_37_80,s3_141_159,s2_164_318,s3_80_160,s2_2_4
12589,s2_885_1695,s2_n103_99,s4_n40_7,s1_below_4282,s3_3_4,s2_2001_2003,s3_2075_3730,s4_37_47,Passenger Car,s4_48_64,Deployed,s2_97_208,s2_1_2,Female,s4_96_114,s3_141_159,s2_164_318,s3_80_160,s2_2_4
12590,s2_885_1695,s2_n103_99,s4_n40_7,s1_below_4282,s1_below_2,s2_2001_2003,s2_760_2075,s4_37_47,Passenger Car,s4_48_64,Deployed,s2_97_208,s1_below_1,Female,s3_80_96,s3_141_159,s2_164_318,s3_80_160,s2_2_4
12591,s3_1695_2555,s2_n103_99,s4_n40_7,s1_below_4282,s2_2_3,s2_2001_2003,s2_760_2075,s4_37_47,Truck (<=10000 lbs.),s3_28_48,Not Deployed,s2_97_208,s1_below_1,Male,s4_96_114,s4_159_169,s3_318_464,s2_40_80,s4_5_6
12592,s2_885_1695,s2_n103_99,s4_n40_7,s1_below_4282,s3_3_4,s3_2003_2005,s2_760_2075,s5_47_57,Passenger Car,s2_11_28,Deployed,s2_97_208,s1_below_1,Male,s3_80_96,s3_141_159,s2_164_318,s3_80_160,s2_2_4
12593,s2_885_1695,s2_n103_99,s4_n40_7,s1_below_4282,s4_4_5,s2_2001_2003,s2_760_2075,s4_37_47,Passenger Car,s5_64_76,Not Deployed,s2_97_208,s1_below_1,Male,s3_80_96,s3_141_159,s2_164_318,s3_80_160,s2_2_4
12594,s2_885_1695,s2_n103_99,s4_n40_7,s1_below_4282,s1_below_2,s2_2001_2003,s3_2075_3730,s3_17_37,Passenger Car,s2_11_28,Deployed,s2_97_208,s1_below_1,Male,s2_37_80,s3_141_159,s2_164_318,s3_80_160,s2_2_4
12595,s2_885_1695,s2_n103_99,s4_n40_7,s1_below_4282,s3_3_4,s2_2001_2003,s2_760_2075,s5_47_57,Passenger Car,s6_76_up,Not Deployed,s2_97_208,s3_2_3,Male,s2_37_80,s3_141_159,s2_164_318,s2_40_80,s2_2_4
12596,s3_1695_2555,s2_n103_99,s4_n40_7,s1_below_4282,s1_below_2,s1_below_2001,s3_2075_3730,s5_47_57,Passenger Car,s5_64_76,Deployed,s2_97_208,s2_1_2,Female,s2_37_80,s4_159_169,s2_164_318,s3_80_160,s2_2_4
12597,s3_1695_2555,s2_n103_99,s5_7_up,s1_below_4282,s1_below_2,s2_2001_2003,s2_760_2075,s5_47_57,Truck (<=10000 lbs.),s3_28_48,Not Deployed,s2_97_208,s1_below_1,Male,s4_96_114,s5_169_179,s2_164_318,s6_260_up,s3_4_5
12598,s2_885_1695,s2_n103_99,s4_n40_7,s1_below_4282,s1_below_2,s1_below_2001,s2_760_2075,s3_17_37,Passenger Car,s3_28_48,Not Deployed,s2_97_208,s1_below_1,Female,s4_96_114,s3_141_159,s2_164_318,s3_80_160,s2_2_4
12599,s2_885_1695,s2_n103_99,s4_n40_7,s1_below_4282,s1_below_2,s2_2001_2003,s2_760_2075,s3_17_37,Passenger Car,s3_28_48,Not Deployed,s2_97_208,s3_2_3,Female,s2_37_80,s3_141_159,s2_164_318,s2_40_80,s2_2_4
12600,s2_885_1695,s2_n103_99,s4_n40_7,s1_below_4282,s2_2_3,s1_below_2001,s2_760_2075,s5_47_57,Passenger Car,s2_11_28,Deployed,s2_97_208,s1_below_1,Female,s2_37_80,s3_141_159,s2_164_318,s3_80_160,s2_2_4
12601,s2_885_1695,s2_n103_99,s3_n81_n40,s1_below_4282,s3_3_4,s1_below_2001,s2_760_2075,s3_17_37,Passenger Car,s3_28_48,Not Deployed,s2_97_208,s4_3_4,Male,s2_37_80,s3_141_159,s2_164_318,s2_40_80,s2_2_4
12602,s2_885_1695,s2_n103_99,s4_n40_7,s1_below_4282,s1_below_2,s3_2003_2005,s2_760_2075,s4_37_47,Passenger Car,s3_28_48,Deployed,s2_97_208,s2_1_2,Female,s2_37_80,s3_141_159,s2_164_318,s3_80_160,s2_2_4
12603,s2_885_1695,s2_n103_99,s4_n40_7,s1_below_4282,s1_below_2,s2_2001_2003,s2_760_2075,s4_37_47,Truck (<=6000 lbs.),s3_28_48,Deployed,s2_97_208,s1_below_1,Female,s2_37_80,s3_141_159,s2_164_318,s3_80_160,s2_2_4
12604,s4_2555_3715,s2_n103_99,s4_n40_7,s1_below_4282,s2_2_3,s3_2003_2005,s2_760_2075,s4_37_47,Truck (<=10000 lbs.),s3_28_48,Not Deployed,s2_97_208,s1_below_1,Male,s2_37_80,s5_169_179,s3_318_464,s3_80_160,s6_7_up
12605,s3_1695_2555,s2_n103_99,s4_n40_7,s1_below_4282,s1_below_2,s2_2001_2003,s2_760_2075,s4_37_47,Truck (<=6000 lbs.),s5_64_76,Not Deployed,s2_97_208,s1_below_1,Female,s2_37_80,s3_141_159,s2_164_318,s2_40_80,s2_2_4
12606,s3_1695_2555,s2_n103_99,s4_n40_7,s1_below_4282,s1_below_2,s2_2001_2003,s3_2075_3730,s4_37_47,Truck (<=6000 lbs.),s2_11_28,Not Deployed,s2_97_208,s1_below_1,Female,s2_37_80,s3_141_159,s2_164_318,s4_160_220,s2_2_4
12607,s2_885_1695,s2_n103_99,s4_n40_7,s1_below_4282,s1_below_2,s2_2001_2003,s3_2075_3730,s3_17_37,Passenger Car,s2_11_28,Not Deployed,s2_97_208,s1_below_1,Female,s2_37_80,s3_141_159,s2_164_318,s3_80_160,s2_2_4
12608,s2_885_1695,s2_n103_99,s4_n40_7,s1_below_4282,s2_2_3,s1_below_2001,s2_760_2075,s4_37_47,Passenger Car,s4_48_64,Deployed,s2_97_208,s1_below_1,Female,s2_37_80,s3_141_159,s2_164_318,s3_80_160,s2_2_4
12609,s3_1695_2555,s2_n103_99,s4_n40_7,s1_below_4282,s4_4_5,s2_2001_2003,s2_760_2075,s4_37_47,Truck (<=6000 lbs.),s3_28_48,Deployed,s2_97_208,s1_below_1,Female,s2_37_80,s3_141_159,s2_164_318,s4_160_220,s2_2_4
12610,s2_885_1695,s2_n103_99,s5_7_up,s1_below_4282,s2_2_3,s1_below_2001,s2_760_2075,s5_47_57,Truck (<=6000 lbs.),s3_28_48,Not Deployed,s2_97_208,s1_below_1,Male,s2_37_80,s2_116_141,s2_164_318,s6_260_up,s2_2_4
12611,s2_885_1695,s2_n103_99,s4_n40_7,s1_below_4282,s1_below_2,s2_2001_2003,s2_760_2075,s6_57_up,Passenger Car,s5_64_76,Deployed,s2_97_208,s1_below_1,Male,s2_37_80,s3_141_159,s2_164_318,s3_80_160,s2_2_4
12612,s2_885_1695,s2_n103_99,s5_7_up,s1_below_4282,s1_below_2,s2_2001_2003,s2_760_2075,s3_17_37,Passenger Car,s6_76_up,Not Deployed,s2_97_208,s1_below_1,Male,s2_37_80,s3_141_159,s2_164_318,s6_260_up,s2_2_4
12613,s2_885_1695,s2_n103_99,s4_n40_7,s1_below_4282,s1_below_2,s2_2001_2003,s2_760_2075,s6_57_up,Passenger Car,s6_76_up,Deployed,s2_97_208,s2_1_2,Male,s3_80_96,s3_141_159,s2_164_318,s3_80_160,s2_2_4
12614,s3_1695_2555,s2_n103_99,s4_n40_7,s1_below_4282,s3_3_4,s3_2003_2005,s2_760_2075,s4_37_47,Truck (<=6000 lbs.),s3_28_48,Not Deployed,s2_97_208,s2_1_2,Female,s2_37_80,s3_141_159,s3_318_464,s3_80_160,s2_2_4
12615,s3_1695_2555,s2_n103_99,s4_n40_7,s1_below_4282,s1_below_2,s3_2003_2005,s2_760_2075,s4_37_47,Truck (<=6000 lbs.),s2_11_28,Not Deployed,s2_97_208,s1_below_1,Female,s2_37_80,s3_141_159,s2_164_318,s1_below_40,s2_2_4
12616,s3_1695_2555,s2_n103_99,s4_n40_7,s1_below_4282,s1_below_2,s3_2003_2005,s2_760_2075,s4_37_47,Truck (<=10000 lbs.),s3_28_48,Deployed,s2_97_208,s4_3_4,Male,s4_96_114,s4_159_169,s3_318_464,s3_80_160,s4_5_6
12617,s2_885_1695,s2_n103_99,s4_n40_7,s1_below_4282,s1_below_2,s1_below_2001,s2_760_2075,s3_17_37,Passenger Car,s2_11_28,Deployed,s2_97_208,s3_2_3,Female,s2_37_80,s3_141_159,s2_164_318,s3_80_160,s2_2_4
12618,s3_1695_2555,s2_n103_99,s4_n40_7,s1_below_4282,s1_below_2,s2_2001_2003,s2_760_2075,s5_47_57,Truck (<=6000 lbs.),s3_28_48,Not Deployed,s2_97_208,s1_below_1,Male,s6_130_up,s3_141_159,s2_164_318,s3_80_160,s2_2_4
12619,s2_885_1695,s2_n103_99,s4_n40_7,s1_below_4282,s2_2_3,s3_2003_2005,s2_760_2075,s4_37_47,Passenger Car,s2_11_28,Not Deployed,s2_97_208,s1_below_1,Female,s3_80_96,s3_141_159,s2_164_318,s3_80_160,s2_2_4
12620,s2_885_1695,s2_n103_99,s5_7_up,s1_below_4282,s2_2_3,s2_2001_2003,s2_760_2075,s4_37_47,Passenger Car,s3_28_48,Not Deployed,s2_97_208,s1_below_1,Male,s3_80_96,s3_141_159,s2_164_318,s6_260_up,s2_2_4
12621,s2_885_1695,s2_n103_99,s4_n40_7,s1_below_4282,s3_3_4,s1_below_2001,s2_760_2075,s4_37_47,Truck (<=6000 lbs.),s4_48_64,Not Deployed,s2_97_208,s1_below_1,Male,s3_80_96,s3_141_159,s2_164_318,s3_80_160,s2_2_4
12622,s3_1695_2555,s2_n103_99,s4_n40_7,s1_below_4282,s1_below_2,s3_2003_2005,s2_760_2075,s3_17_37,Truck (<=6000 lbs.),s2_11_28,Deployed,s2_97_208,s1_below_1,Female,s3_80_96,s3_141_159,s2_164_318,s3_80_160,s2_2_4
12623,s2_885_1695,s2_n103_99,s4_n40_7,s1_below_4282,s1_below_2,s3_2003_2005,s2_760_2075,s4_37_47,Passenger Car,s4_48_64,Not Deployed,s2_97_208,s2_1_2,Female,s2_37_80,s3_141_159,s2_164_318,s2_40_80,s2_2_4
12624,s3_1695_2555,s2_n103_99,s4_n40_7,s1_below_4282,s1_below_2,s1_below_2001,s3_2075_3730,s6_57_up,Truck (<=10000 lbs.),s3_28_48,Not Deployed,s2_97_208,s1_below_1,Female,s2_37_80,s4_159_169,s3_318_464,s4_160_220,s4_5_6
12625,s2_885_1695,s2_n103_99,s4_n40_7,s1_below_4282,s1_below_2,s3_2003_2005,s3_2075_3730,s5_47_57,Passenger Car,s2_11_28,Deployed,s2_97_208,s1_below_1,Female,s2_37_80,s3_141_159,s2_164_318,s3_80_160,s2_2_4
12626,s2_885_1695,s2_n103_99,s4_n40_7,s1_below_4282,s2_2_3,s3_2003_2005,s3_2075_3730,s4_37_47,Passenger Car,s3_28_48,Not Deployed,s2_97_208,s1_below_1,Male,s3_80_96,s3_141_159,s2_164_318,s3_80_160,s2_2_4
12627,s3_1695_2555,s2_n103_99,s4_n40_7,s1_below_4282,s2_2_3,s1_below_2001,s2_760_2075,s3_17_37,Passenger Car,s5_64_76,Deployed,s2_97_208,s1_below_1,Female,s2_37_80,s3_141_159,s2_164_318,s3_80_160,s2_2_4
12628,s2_885_1695,s2_n103_99,s4_n40_7,s1_below_4282,s1_below_2,s2_2001_2003,s3_2075_3730,s3_17_37,Truck (<=6000 lbs.),s3_28_48,Not Deployed,s2_97_208,s1_below_1,Female,s2_37_80,s2_116_141,s2_164_318,s3_80_160,s2_2_4
12629,s2_885_1695,s2_n103_99,s4_n40_7,s1_below_4282,s2_2_3,s2_2001_2003,s3_2075_3730,s4_37_47,Passenger Car,s4_48_64,Not Deployed,s2_97_208,s1_below_1,Female,s3_80_96,s3_141_159,s2_164_318,s3_80_160,s2_2_4
12630,s3_1695_2555,s2_n103_99,s3_n81_n40,s2_4282_6970,s1_below_2,s2_2001_2003,s2_760_2075,s4_37_47,Truck (<=10000 lbs.),s2_11_28,Deployed,s2_97_208,s3_2_3,Male,s2_37_80,s5_169_179,s3_318_464,s3_80_160,s4_5_6
12631,s3_1695_2555,s2_n103_99,s4_n40_7,s1_below_4282,s1_below_2,s2_2001_2003,s2_760_2075,s5_47_57,Passenger Car,s4_48_64,Not Deployed,s2_97_208,s1_below_1,Female,s2_37_80,s3_141_159,s2_164_318,s3_80_160,s2_2_4
12632,s2_885_1695,s2_n103_99,s5_7_up,s1_below_4282,s1_below_2,s3_2003_2005,s2_760_2075,s5_47_57,Passenger Car,s3_28_48,Not Deployed,s2_97_208,s1_below_1,Female,s2_37_80,s3_141_159,s2_164_318,s6_260_up,s2_2_4
12633,s3_1695_2555,s2_n103_99,s4_n40_7,s1_below_4282,s3_3_4,s3_2003_2005,s2_760_2075,s4_37_47,Truck (<=6000 lbs.),s4_48_64,Not Deployed,s2_97_208,s1_below_1,Female,s3_80_96,s3_141_159,s2_164_318,s3_80_160,s2_2_4
12634,s2_885_1695,s2_n103_99,s4_n40_7,s1_below_4282,s2_2_3,s3_2003_2005,s2_760_2075,s4_37_47,Passenger Car,s4_48_64,Not Deployed,s2_97_208,s1_below_1,Female,s2_37_80,s3_141_159,s2_164_318,s2_40_80,s2_2_4
12635,s2_885_1695,s2_n103_99,s4_n40_7,s1_below_4282,s1_below_2,s1_below_2001,s2_760_2075,s3_17_37,Truck (<=6000 lbs.),s3_28_48,Deployed,s2_97_208,s2_1_2,Female,s3_80_96,s3_141_159,s2_164_318,s3_80_160,s2_2_4
12636,s2_885_1695,s2_n103_99,s4_n40_7,s1_below_4282,s2_2_3,s3_2003_2005,s2_760_2075,s3_17_37,Passenger Car,s5_64_76,Not Deployed,s2_97_208,s1_below_1,Female,s2_37_80,s3_141_159,s2_164_318,s3_80_160,s2_2_4
12637,s2_885_1695,s2_n103_99,s4_n40_7,s1_below_4282,s2_2_3,s2_2001_2003,s3_2075_3730,s5_47_57,Passenger Car,s2_11_28,Not Deployed,s2_97_208,s2_1_2,Female,s2_37_80,s3_141_159,s2_164_318,s4_160_220,s2_2_4
12638,s3_1695_2555,s2_n103_99,s4_n40_7,s1_below_4282,s3_3_4,s2_2001_2003,s2_760_2075,s5_47_57,Truck (<=6000 lbs.),s3_28_48,Not Deployed,s2_97_208,s1_below_1,Male,s6_130_up,s4_159_169,s2_164_318,s3_80_160,s2_2_4
12639,s2_885_1695,s2_n103_99,s4_n40_7,s1_below_4282,s1_below_2,s3_2003_2005,s2_760_2075,s4_37_47,Passenger Car,s2_11_28,Deployed,s2_97_208,s1_below_1,Male,s3_80_96,s3_141_159,s2_164_318,s3_80_160,s2_2_4
12640,s3_1695_2555,s2_n103_99,s4_n40_7,s1_below_4282,s6_6_up,s1_below_2001,s2_760_2075,s4_37_47,Truck (<=6000 lbs.),s2_11_28,Not Deployed,s2_97_208,s1_below_1,Male,s2_37_80,s4_159_169,s3_318_464,s3_80_160,s4_5_6
12641,s3_1695_2555,s2_n103_99,s5_7_up,s1_below_4282,s1_below_2,s2_2001_2003,s2_760_2075,s5_47_57,Truck (<=10000 lbs.),s3_28_48,Not Deployed,s2_97_208,s1_below_1,Male,s3_80_96,s4_159_169,s3_318_464,s6_260_up,s4_5_6
12642,s2_885_1695,s2_n103_99,s4_n40_7,s1_below_4282,s1_below_2,s2_2001_2003,s3_2075_3730,s3_17_37,Passenger Car,s6_76_up,Not Deployed,s2_97_208,s1_below_1,Male,s2_37_80,s3_141_159,s2_164_318,s2_40_80,s2_2_4
12643,s2_885_1695,s2_n103_99,s4_n40_7,s1_below_4282,s1_below_2,s2_2001_2003,s3_2075_3730,s3_17_37,Passenger Car,s5_64_76,Not Deployed,s2_97_208,s1_below_1,Female,s3_80_96,s3_141_159,s2_164_318,s2_40_80,s2_2_4
12644,s3_1695_2555,s2_n103_99,s4_n40_7,s1_below_4282,s2_2_3,s1_below_2001,s2_760_2075,s5_47_57,Truck (<=10000 lbs.),s2_11_28,Not Deployed,s2_97_208,s1_below_1,Male,s4_96_114,s4_159_169,s3_318_464,s3_80_160,s4_5_6
12645,s2_885_1695,s2_n103_99,s4_n40_7,s1_below_4282,s1_below_2,s3_2003_2005,s2_760_2075,s5_47_57,Passenger Car,s2_11_28,Deployed,s2_97_208,s2_1_2,Female,s2_37_80,s3_141_159,s2_164_318,s4_160_220,s2_2_4
12646,s2_885_1695,s2_n103_99,s4_n40_7,s1_below_4282,s1_below_2,s1_below_2001,s2_760_2075,s4_37_47,Truck (<=6000 lbs.),s4_48_64,Deployed,s2_97_208,s1_below_1,Male,s3_80_96,s3_141_159,s2_164_318,s3_80_160,s2_2_4
12647,s2_885_1695,s2_n103_99,s4_n40_7,s1_below_4282,s3_3_4,s2_2001_2003,s2_760_2075,s4_37_47,Passenger Car,s2_11_28,Not Deployed,s2_97_208,s1_below_1,Female,s3_80_96,s3_141_159,s2_164_318,s4_160_220,s2_2_4
12648,s2_885_1695,s2_n103_99,s4_n40_7,s1_below_4282,s4_4_5,s3_2003_2005,s2_760_2075,s5_47_57,Passenger Car,s5_64_76,Deployed,s2_97_208,s1_below_1,Male,s4_96_114,s3_141_159,s2_164_318,s3_80_160,s2_2_4
12649,s2_885_1695,s2_n103_99,s4_n40_7,s1_below_4282,s3_3_4,s3_2003_2005,s3_2075_3730,s4_37_47,Passenger Car,s3_28_48,Not Deployed,s2_97_208,s1_below_1,Female,s4_96_114,s3_141_159,s2_164_318,s3_80_160,s2_2_4
12650,s2_885_1695,s2_n103_99,s4_n40_7,s1_below_4282,s2_2_3,s3_2003_2005,s2_760_2075,s4_37_47,Passenger Car,s3_28_48,Not Deployed,s2_97_208,s1_below_1,Female,s2_37_80,s3_141_159,s2_164_318,s3_80_160,s2_2_4
12651,s2_885_1695,s2_n103_99,s4_n40_7,s1_below_4282,s3_3_4,s2_2001_2003,s2_760_2075,s3_17_37,Passenger Car,s2_11_28,Deployed,s2_97_208,s1_below_1,Female,s2_37_80,s3_141_159,s2_164_318,s4_160_220,s2_2_4
12652,s3_1695_2555,s2_n103_99,s4_n40_7,s1_below_4282,s2_2_3,s2_2001_2003,s2_760_2075,s4_37_47,Truck (<=10000 lbs.),s2_11_28,Not Deployed,s2_97_208,s1_below_1,Male,s2_37_80,s4_159_169,s3_318_464,s4_160_220,s4_5_6
12653,s2_885_1695,s2_n103_99,s3_n81_n40,s1_below_4282,s3_3_4,s1_below_2001,s3_2075_3730,s4_37_47,Truck (<=6000 lbs.),s3_28_48,Deployed,s2_97_208,s3_2_3,Male,s3_80_96,s3_141_159,s2_164_318,s3_80_160,s2_2_4
12654,s2_885_1695,s2_n103_99,s4_n40_7,s1_below_4282,s4_4_5,s2_2001_2003,s2_760_2075,s4_37_47,Truck (<=6000 lbs.),s5_64_76,Deployed,s2_97_208,s1_below_1,Male,s6_130_up,s3_141_159,s3_318_464,s4_160_220,s2_2_4
12655,s2_885_1695,s2_n103_99,s5_7_up,s1_below_4282,s1_below_2,s2_2001_2003,s2_760_2075,s5_47_57,Passenger Car,s5_64_76,Not Deployed,s2_97_208,s1_below_1,Female,s2_37_80,s3_141_159,s2_164_318,s6_260_up,s2_2_4
12656,s3_1695_2555,s2_n103_99,s5_7_up,s1_below_4282,s1_below_2,s1_below_2001,s2_760_2075,s5_47_57,Truck (<=10000 lbs.),s3_28_48,Not Deployed,s2_97_208,s1_below_1,Male,s3_80_96,s4_159_169,s3_318_464,s6_260_up,s4_5_6
12657,s3_1695_2555,s2_n103_99,s4_n40_7,s1_below_4282,s1_below_2,s2_2001_2003,s2_760_2075,s3_17_37,Truck (<=6000 lbs.),s5_64_76,Deployed,s2_97_208,s2_1_2,Female,s2_37_80,s4_159_169,s2_164_318,s3_80_160,s2_2_4
12658,s2_885_1695,s2_n103_99,s3_n81_n40,s1_below_4282,s2_2_3,s1_below_2001,s2_760_2075,s6_57_up,Truck (<=6000 lbs.),s3_28_48,Deployed,s2_97_208,s1_below_1,Male,s2_37_80,s3_141_159,s2_164_318,s3_80_160,s2_2_4
12659,s3_1695_2555,s2_n103_99,s5_7_up,s1_below_4282,s2_2_3,s1_below_2001,s2_760_2075,s6_57_up,Truck (<=6000 lbs.),s4_48_64,Not Deployed,s2_97_208,s2_1_2,Male,s2_37_80,s3_141_159,s2_164_318,s6_260_up,s2_2_4
12660,s2_885_1695,s2_n103_99,s4_n40_7,s1_below_4282,s1_below_2,s1_below_2001,s2_760_2075,s4_37_47,Passenger Car,s4_48_64,Deployed,s2_97_208,s1_below_1,Female,s3_80_96,s3_141_159,s2_164_318,s3_80_160,s2_2_4
12661,s2_885_1695,s2_n103_99,s5_7_up,s1_below_4282,s1_below_2,s1_below_2001,s2_760_2075,s4_37_47,Passenger Car,s4_48_64,Not Deployed,s2_97_208,s1_below_1,Female,s2_37_80,s3_141_159,s2_164_318,s6_260_up,s2_2_4
12662,s3_1695_2555,s2_n103_99,s4_n40_7,s1_below_4282,s1_below_2,s1_below_2001,s3_2075_3730,s6_57_up,Truck (<=6000 lbs.),s3_28_48,Deployed,s2_97_208,s3_2_3,Male,s4_96_114,s3_141_159,s2_164_318,s4_160_220,s2_2_4
12663,s4_2555_3715,s2_n103_99,s3_n81_n40,s1_below_4282,s1_below_2,s3_2003_2005,s2_760_2075,s6_57_up,Truck (<=10000 lbs.),s4_48_64,Deployed,s2_97_208,s3_2_3,Male,s2_37_80,s5_169_179,s3_318_464,s3_80_160,s5_6_7
12664,s2_885_1695,s2_n103_99,s5_7_up,s1_below_4282,s2_2_3,s3_2003_2005,s2_760_2075,s4_37_47,Passenger Car,s4_48_64,Not Deployed,s2_97_208,s1_below_1,Female,s2_37_80,s3_141_159,s2_164_318,s6_260_up,s2_2_4
12665,s3_1695_2555,s2_n103_99,s4_n40_7,s1_below_4282,s1_below_2,s3_2003_2005,s2_760_2075,s3_17_37,Truck (<=6000 lbs.),s4_48_64,Not Deployed,s2_97_208,s1_below_1,Male,s3_80_96,s4_159_169,s2_164_318,s2_40_80,s3_4_5
12666,s4_2555_3715,s2_n103_99,s4_n40_7,s1_below_4282,s4_4_5,s3_2003_2005,s2_760_2075,s5_47_57,Truck (<=10000 lbs.),s2_11_28,Not Deployed,s2_97_208,s1_below_1,Male,s3_80_96,s5_169_179,s3_318_464,s3_80_160,s5_6_7
12667,s2_885_1695,s2_n103_99,s4_n40_7,s1_below_4282,s4_4_5,s3_2003_2005,s2_760_2075,s5_47_57,Passenger Car,s3_28_48,Not Deployed,s2_97_208,s1_below_1,Female,s2_37_80,s3_141_159,s2_164_318,s3_80_160,s2_2_4
12668,s3_1695_2555,s2_n103_99,s5_7_up,s1_below_4282,s2_2_3,s3_2003_2005,s2_760_2075,s5_47_57,Truck (<=6000 lbs.),s3_28_48,Not Deployed,s2_97_208,s1_below_1,Female,s3_80_96,s5_169_179,s2_164_318,s6_260_up,s4_5_6
12669,s3_1695_2555,s2_n103_99,s4_n40_7,s1_below_4282,s3_3_4,s3_2003_2005,s2_760_2075,s5_47_57,Truck (<=6000 lbs.),s3_28_48,Deployed,s2_97_208,s2_1_2,Female,s2_37_80,s3_141_159,s2_164_318,s3_80_160,s2_2_4
12670,s3_1695_2555,s2_n103_99,s4_n40_7,s1_below_4282,s2_2_3,s1_below_2001,s2_760_2075,s4_37_47,Truck (<=6000 lbs.),s2_11_28,Deployed,s2_97_208,s2_1_2,Male,s3_80_96,s4_159_169,s2_164_318,s4_160_220,s3_4_5
12671,s2_885_1695,s2_n103_99,s4_n40_7,s1_below_4282,s2_2_3,s2_2001_2003,s2_760_2075,s3_17_37,Passenger Car,s2_11_28,Not Deployed,s2_97_208,s1_below_1,Male,s2_37_80,s3_141_159,s2_164_318,s3_80_160,s2_2_4
12672,s3_1695_2555,s2_n103_99,s4_n40_7,s1_below_4282,s3_3_4,s1_below_2001,s3_2075_3730,s5_47_57,Truck (<=10000 lbs.),s2_11_28,Not Deployed,s2_97_208,s3_2_3,Male,s3_80_96,s4_159_169,s2_164_318,s3_80_160,s3_4_5
12673,s2_885_1695,s2_n103_99,s5_7_up,s1_below_4282,s3_3_4,s2_2001_2003,s2_760_2075,s5_47_57,Passenger Car,s3_28_48,Not Deployed,s2_97_208,s1_below_1,Female,s2_37_80,s3_141_159,s2_164_318,s6_260_up,s2_2_4
12674,s2_885_1695,s2_n103_99,s3_n81_n40,s1_below_4282,s4_4_5,s1_below_2001,s2_760_2075,s5_47_57,Truck (<=6000 lbs.),s2_11_28,Deployed,s2_97_208,s1_below_1,Male,s2_37_80,s3_141_159,s3_318_464,s3_80_160,s2_2_4
12675,s3_1695_2555,s2_n103_99,s4_n40_7,s1_below_4282,s1_below_2,s1_below_2001,s2_760_2075,s4_37_47,Truck (<=6000 lbs.),s2_11_28,Not Deployed,s2_97_208,s1_below_1,Female,s2_37_80,s3_141_159,s2_164_318,s2_40_80,s2_2_4
12676,s2_885_1695,s2_n103_99,s4_n40_7,s1_below_4282,s3_3_4,s3_2003_2005,s2_760_2075,s4_37_47,Passenger Car,s3_28_48,Not Deployed,s2_97_208,s1_below_1,Male,s3_80_96,s3_141_159,s2_164_318,s3_80_160,s2_2_4
12677,s2_885_1695,s2_n103_99,s4_n40_7,s1_below_4282,s1_below_2,s2_2001_2003,s2_760_2075,s5_47_57,Passenger Car,s2_11_28,Deployed,s2_97_208,s1_below_1,Female,s2_37_80,s3_141_159,s2_164_318,s3_80_160,s2_2_4
12678,s2_885_1695,s2_n103_99,s4_n40_7,s1_below_4282,s1_below_2,s2_2001_2003,s2_760_2075,s5_47_57,Passenger Car,s4_48_64,Deployed,s2_97_208,s2_1_2,Female,s2_37_80,s3_141_159,s2_164_318,s3_80_160,s2_2_4
12679,s3_1695_2555,s2_n103_99,s4_n40_7,s1_below_4282,s4_4_5,s1_below_2001,s3_2075_3730,s4_37_47,Truck (<=6000 lbs.),s2_11_28,Not Deployed,s2_97_208,s1_below_1,Female,s2_37_80,s4_159_169,s2_164_318,s4_160_220,s2_2_4
12680,s4_2555_3715,s2_n103_99,s4_n40_7,s1_below_4282,s3_3_4,s2_2001_2003,s2_760_2075,s4_37_47,Truck (<=10000 lbs.),s2_11_28,Deployed,s2_97_208,s1_below_1,Male,s3_80_96,s5_169_179,s3_318_464,s3_80_160,s4_5_6
12681,s3_1695_2555,s2_n103_99,s4_n40_7,s1_below_4282,s1_below_2,s2_2001_2003,s2_760_2075,s3_17_37,Truck (<=6000 lbs.),s2_11_28,Not Deployed,s2_97_208,s2_1_2,Female,s2_37_80,s3_141_159,s2_164_318,s2_40_80,s2_2_4
12682,s2_885_1695,s2_n103_99,s4_n40_7,s1_below_4282,s2_2_3,s2_2001_2003,s2_760_2075,s4_37_47,Passenger Car,s3_28_48,Not Deployed,s2_97_208,s1_below_1,Female,s4_96_114,s3_141_159,s2_164_318,s4_160_220,s2_2_4
12683,s2_885_1695,s2_n103_99,s4_n40_7,s1_below_4282,s6_6_up,s3_2003_2005,s2_760_2075,s5_47_57,Passenger Car,s3_28_48,Deployed,s2_97_208,s2_1_2,Male,s2_37_80,s3_141_159,s2_164_318,s3_80_160,s2_2_4
12684,s2_885_1695,s2_n103_99,s4_n40_7,s1_below_4282,s1_below_2,s3_2003_2005,s2_760_2075,s6_57_up,Passenger Car,s3_28_48,Not Deployed,s2_97_208,s1_below_1,Female,s3_80_96,s3_141_159,s2_164_318,s3_80_160,s2_2_4
12685,s2_885_1695,s2_n103_99,s4_n40_7,s1_below_4282,s3_3_4,s2_2001_2003,s2_760_2075,s4_37_47,Passenger Car,s4_48_64,Not Deployed,s2_97_208,s2_1_2,Female,s2_37_80,s3_141_159,s2_164_318,s3_80_160,s2_2_4
12686,s2_885_1695,s2_n103_99,s5_7_up,s1_below_4282,s6_6_up,s1_below_2001,s2_760_2075,s5_47_57,Passenger Car,s2_11_28,Not Deployed,s2_97_208,s1_below_1,Male,s2_37_80,s3_141_159,s2_164_318,s6_260_up,s2_2_4
12687,s2_885_1695,s2_n103_99,s4_n40_7,s1_below_4282,s3_3_4,s2_2001_2003,s2_760_2075,s3_17_37,Passenger Car,s2_11_28,Not Deployed,s2_97_208,s1_below_1,Female,s2_37_80,s3_141_159,s2_164_318,s4_160_220,s2_2_4
12688,s3_1695_2555,s2_n103_99,s4_n40_7,s1_below_4282,s1_below_2,s2_2001_2003,s2_760_2075,s5_47_57,Passenger Car,s5_64_76,Deployed,s2_97_208,s1_below_1,Female,s2_37_80,s4_159_169,s2_164_318,s3_80_160,s3_4_5
12689,s2_885_1695,s2_n103_99,s4_n40_7,s1_below_4282,s3_3_4,s2_2001_2003,s2_760_2075,s4_37_47,Passenger Car,s4_48_64,Deployed,s2_97_208,s5_4_5,Male,s2_37_80,s3_141_159,s2_164_318,s4_160_220,s2_2_4
12690,s3_1695_2555,s2_n103_99,s4_n40_7,s1_below_4282,s3_3_4,s1_below_2001,s3_2075_3730,s5_47_57,Truck (<=6000 lbs.),s3_28_48,Not Deployed,s2_97_208,s1_below_1,Female,s2_37_80,s4_159_169,s2_164_318,s3_80_160,s2_2_4
12691,s4_2555_3715,s2_n103_99,s4_n40_7,s1_below_4282,s3_3_4,s3_2003_2005,s2_760_2075,s5_47_57,Truck (<=10000 lbs.),s4_48_64,Not Deployed,s2_97_208,s1_below_1,Female,s2_37_80,s5_169_179,s3_318_464,s4_160_220,s5_6_7
12692,s2_885_1695,s2_n103_99,s4_n40_7,s1_below_4282,s1_below_2,s2_2001_2003,s2_760_2075,s3_17_37,Passenger Car,s2_11_28,Not Deployed,s2_97_208,s2_1_2,Male,s3_80_96,s3_141_159,s2_164_318,s2_40_80,s2_2_4
12693,s2_885_1695,s2_n103_99,s4_n40_7,s1_below_4282,s3_3_4,s2_2001_2003,s2_760_2075,s4_37_47,Passenger Car,s4_48_64,Not Deployed,s2_97_208,s1_below_1,Male,s3_80_96,s3_141_159,s2_164_318,s3_80_160,s2_2_4
12694,s3_1695_2555,s2_n103_99,s4_n40_7,s1_below_4282,s2_2_3,s2_2001_2003,s2_760_2075,s3_17_37,Passenger Car,s4_48_64,Deployed,s2_97_208,s1_below_1,Male,s5_114_130,s3_141_159,s2_164_318,s3_80_160,s2_2_4
12695,s3_1695_2555,s2_n103_99,s4_n40_7,s1_below_4282,s1_below_2,s1_below_2001,s2_760_2075,s4_37_47,Truck (<=10000 lbs.),s4_48_64,Deployed,s2_97_208,s1_below_1,Male,s2_37_80,s5_169_179,s3_318_464,s3_80_160,s4_5_6
12696,s3_1695_2555,s2_n103_99,s4_n40_7,s1_below_4282,s3_3_4,s3_2003_2005,s2_760_2075,s4_37_47,Truck (<=6000 lbs.),s3_28_48,Deployed,s2_97_208,s1_below_1,Male,s3_80_96,s3_141_159,s2_164_318,s3_80_160,s2_2_4
12697,s2_885_1695,s2_n103_99,s4_n40_7,s1_below_4282,s1_below_2,s2_2001_2003,s2_760_2075,s3_17_37,Passenger Car,s2_11_28,Deployed,s2_97_208,s1_below_1,Male,s3_80_96,s3_141_159,s2_164_318,s4_160_220,s2_2_4
12698,s2_885_1695,s2_n103_99,s4_n40_7,s1_below_4282,s3_3_4,s3_2003_2005,s3_2075_3730,s6_57_up,Passenger Car,s2_11_28,Not Deployed,s2_97_208,s5_4_5,Male,s4_96_114,s3_141_159,s2_164_318,s2_40_80,s2_2_4
12699,s3_1695_2555,s2_n103_99,s4_n40_7,s1_below_4282,s2_2_3,s3_2003_2005,s2_760_2075,s3_17_37,Truck (<=6000 lbs.),s3_28_48,Not Deployed,s2_97_208,s1_below_1,Male,s2_37_80,s3_141_159,s2_164_318,s3_80_160,s2_2_4
12700,s3_1695_2555,s2_n103_99,s4_n40_7,s1_below_4282,s2_2_3,s1_below_2001,s3_2075_3730,s5_47_57,Truck (<=10000 lbs.),s2_11_28,Deployed,s2_97_208,s3_2_3,Female,s4_96_114,s3_141_159,s2_164_318,s3_80_160,s2_2_4
12701,s3_1695_2555,s2_n103_99,s4_n40_7,s1_below_4282,s4_4_5,s3_2003_2005,s2_760_2075,s4_37_47,Truck (<=6000 lbs.),s4_48_64,Not Deployed,s2_97_208,s3_2_3,Female,s2_37_80,s3_141_159,s2_164_318,s4_160_220,s2_2_4
12702,s2_885_1695,s2_n103_99,s4_n40_7,s1_below_4282,s2_2_3,s1_below_2001,s2_760_2075,s4_37_47,Passenger Car,s2_11_28,Deployed,s2_97_208,s1_below_1,Male,s2_37_80,s3_141_159,s2_164_318,s3_80_160,s2_2_4
12703,s2_885_1695,s2_n103_99,s4_n40_7,s1_below_4282,s2_2_3,s3_2003_2005,s2_760_2075,s4_37_47,Passenger Car,s3_28_48,Not Deployed,s2_97_208,s1_below_1,Female,s2_37_80,s3_141_159,s2_164_318,s4_160_220,s2_2_4
12704,s2_885_1695,s2_n103_99,s4_n40_7,s1_below_4282,s2_2_3,s2_2001_2003,s2_760_2075,s3_17_37,Passenger Car,s4_48_64,Deployed,s2_97_208,s3_2_3,Female,s2_37_80,s3_141_159,s2_164_318,s3_80_160,s2_2_4
12705,s2_885_1695,s2_n103_99,s4_n40_7,s1_below_4282,s4_4_5,s2_2001_2003,s2_760_2075,s5_47_57,Passenger Car,s4_48_64,Deployed,s2_97_208,s1_below_1,Female,s2_37_80,s3_141_159,s2_164_318,s3_80_160,s2_2_4
12706,s3_1695_2555,s2_n103_99,s4_n40_7,s1_below_4282,s4_4_5,s2_2001_2003,s2_760_2075,s6_57_up,Truck (<=6000 lbs.),s2_11_28,Deployed,s2_97_208,s1_below_1,Female,s2_37_80,s3_141_159,s2_164_318,s3_80_160,s2_2_4
12707,s3_1695_2555,s2_n103_99,s4_n40_7,s1_below_4282,s2_2_3,s3_2003_2005,s2_760_2075,s5_47_57,Truck (<=6000 lbs.),s3_28_48,Not Deployed,s2_97_208,s1_below_1,Male,s3_80_96,s3_141_159,s2_164_318,s4_160_220,s2_2_4
12708,s3_1695_2555,s2_n103_99,s4_n40_7,s1_below_4282,s4_4_5,s3_2003_2005,s2_760_2075,s6_57_up,Truck (<=10000 lbs.),s2_11_28,Not Deployed,s2_97_208,s1_below_1,Male,s4_96_114,s4_159_169,s2_164_318,s4_160_220,s3_4_5
12709,s2_885_1695,s2_n103_99,s4_n40_7,s1_below_4282,s3_3_4,s3_2003_2005,s3_2075_3730,s3_17_37,Passenger Car,s5_64_76,Not Deployed,s2_97_208,s5_4_5,Female,s3_80_96,s3_141_159,s2_164_318,s4_160_220,s2_2_4
12710,s3_1695_2555,s2_n103_99,s4_n40_7,s1_below_4282,s3_3_4,s3_2003_2005,s2_760_2075,s4_37_47,Truck (<=10000 lbs.),s3_28_48,Deployed,s2_97_208,s1_below_1,Male,s3_80_96,s5_169_179,s3_318_464,s3_80_160,s5_6_7
12711,s2_885_1695,s2_n103_99,s4_n40_7,s1_below_4282,s3_3_4,s3_2003_2005,s2_760_2075,s4_37_47,Truck (<=6000 lbs.),s3_28_48,Deployed,s2_97_208,s2_1_2,Male,s2_37_80,s3_141_159,s2_164_318,s3_80_160,s2_2_4
12712,s3_1695_2555,s2_n103_99,s4_n40_7,s1_below_4282,s2_2_3,s3_2003_2005,s2_760_2075,s5_47_57,Truck (<=10000 lbs.),s3_28_48,Deployed,s2_97_208,s1_below_1,Male,s5_114_130,s4_159_169,s3_318_464,s3_80_160,s4_5_6
12713,s3_1695_2555,s2_n103_99,s4_n40_7,s1_below_4282,s3_3_4,s2_2001_2003,s2_760_2075,s6_57_up,Truck (<=10000 lbs.),s2_11_28,Deployed,s2_97_208,s2_1_2,Male,s3_80_96,s4_159_169,s2_164_318,s3_80_160,s3_4_5
12714,s2_885_1695,s2_n103_99,s5_7_up,s1_below_4282,s2_2_3,s3_2003_2005,s2_760_2075,s6_57_up,Passenger Car,s3_28_48,Not Deployed,s2_97_208,s1_below_1,Male,s2_37_80,s3_141_159,s2_164_318,s6_260_up,s2_2_4
12715,s2_885_1695,s2_n103_99,s4_n40_7,s1_below_4282,s4_4_5,s1_below_2001,s2_760_2075,s4_37_47,Truck (<=6000 lbs.),s2_11_28,Not Deployed,s2_97_208,s1_below_1,Female,s2_37_80,s2_116_141,s2_164_318,s4_160_220,s2_2_4
12716,s2_885_1695,s2_n103_99,s4_n40_7,s1_below_4282,s3_3_4,s1_below_2001,s2_760_2075,s3_17_37,Passenger Car,s2_11_28,Not Deployed,s2_97_208,s1_below_1,Male,s2_37_80,s3_141_159,s2_164_318,s4_160_220,s2_2_4
12717,s3_1695_2555,s2_n103_99,s4_n40_7,s1_below_4282,s2_2_3,s1_below_2001,s2_760_2075,s4_37_47,Truck (<=10000 lbs.),s3_28_48,Deployed,s2_97_208,s2_1_2,Female,s2_37_80,s4_159_169,s2_164_318,s3_80_160,s2_2_4
12718,s3_1695_2555,s2_n103_99,s4_n40_7,s1_below_4282,s1_below_2,s2_2001_2003,s2_760_2075,s3_17_37,Truck (<=10000 lbs.),s3_28_48,Not Deployed,s2_97_208,s1_below_1,Female,s2_37_80,s4_159_169,s3_318_464,s3_80_160,s4_5_6
12719,s3_1695_2555,s2_n103_99,s4_n40_7,s1_below_4282,s1_below_2,s3_2003_2005,s2_760_2075,s3_17_37,Truck (<=10000 lbs.),s2_11_28,Deployed,s2_97_208,s1_below_1,Male,s2_37_80,s5_169_179,s3_318_464,s2_40_80,s4_5_6
12720,s2_885_1695,s2_n103_99,s3_n81_n40,s1_below_4282,s2_2_3,s2_2001_2003,s3_2075_3730,s6_57_up,Passenger Car,s3_28_48,Deployed,s2_97_208,s3_2_3,Male,s3_80_96,s3_141_159,s2_164_318,s3_80_160,s2_2_4
12721,s2_885_1695,s2_n103_99,s4_n40_7,s1_below_4282,s1_below_2,s1_below_2001,s2_760_2075,s3_17_37,Passenger Car,s2_11_28,Deployed,s2_97_208,s1_below_1,Male,s2_37_80,s3_141_159,s2_164_318,s4_160_220,s2_2_4
12722,s2_885_1695,s2_n103_99,s4_n40_7,s1_below_4282,s1_below_2,s2_2001_2003,s2_760_2075,s3_17_37,Passenger Car,s3_28_48,Not Deployed,s2_97_208,s1_below_1,Male,s3_80_96,s3_141_159,s2_164_318,s3_80_160,s2_2_4
12723,s2_885_1695,s2_n103_99,s4_n40_7,s1_below_4282,s1_below_2,s2_2001_2003,s2_760_2075,s3_17_37,Passenger Car,s2_11_28,Not Deployed,s2_97_208,s1_below_1,Male,s4_96_114,s3_141_159,s2_164_318,s5_220_260,s2_2_4
12724,s2_885_1695,s2_n103_99,s4_n40_7,s1_below_4282,s3_3_4,s3_2003_2005,s2_760_2075,s4_37_47,Passenger Car,s4_48_64,Deployed,s2_97_208,s1_below_1,Male,s3_80_96,s3_141_159,s2_164_318,s4_160_220,s2_2_4
12725,s2_885_1695,s2_n103_99,s4_n40_7,s1_below_4282,s1_below_2,s3_2003_2005,s2_760_2075,s4_37_47,Passenger Car,s2_11_28,Deployed,s2_97_208,s1_below_1,Female,s2_37_80,s3_141_159,s2_164_318,s3_80_160,s2_2_4
12726,s2_885_1695,s2_n103_99,s4_n40_7,s1_below_4282,s3_3_4,s3_2003_2005,s2_760_2075,s4_37_47,Passenger Car,s2_11_28,Deployed,s2_97_208,s1_below_1,Female,s2_37_80,s3_141_159,s2_164_318,s4_160_220,s2_2_4
12727,s2_885_1695,s2_n103_99,s4_n40_7,s1_below_4282,s1_below_2,s1_below_2001,s2_760_2075,s4_37_47,Passenger Car,s2_11_28,Deployed,s2_97_208,s2_1_2,Female,s2_37_80,s2_116_141,s2_164_318,s3_80_160,s2_2_4
12728,s2_885_1695,s2_n103_99,s4_n40_7,s1_below_4282,s1_below_2,s3_2003_2005,s2_760_2075,s3_17_37,Passenger Car,s3_28_48,Not Deployed,s2_97_208,s1_below_1,Male,s2_37_80,s3_141_159,s2_164_318,s3_80_160,s2_2_4
12729,s3_1695_2555,s2_n103_99,s3_n81_n40,s1_below_4282,s1_below_2,s1_below_2001,s2_760_2075,s3_17_37,Truck (<=10000 lbs.),s3_28_48,Deployed,s2_97_208,s1_below_1,Male,s3_80_96,s5_169_179,s3_318_464,s3_80_160,s5_6_7
12730,s3_1695_2555,s2_n103_99,s4_n40_7,s1_below_4282,s2_2_3,s1_below_2001,s2_760_2075,s3_17_37,Truck (<=6000 lbs.),s4_48_64,Not Deployed,s2_97_208,s1_below_1,Female,s2_37_80,s4_159_169,s2_164_318,s3_80_160,s3_4_5
12731,s2_885_1695,s2_n103_99,s4_n40_7,s1_below_4282,s3_3_4,s1_below_2001,s2_760_2075,s3_17_37,Passenger Car,s3_28_48,Deployed,s2_97_208,s1_below_1,Female,s2_37_80,s3_141_159,s2_164_318,s3_80_160,s2_2_4
12732,s2_885_1695,s2_n103_99,s5_7_up,s1_below_4282,s1_below_2,s1_below_2001,s2_760_2075,s4_37_47,Passenger Car,s2_11_28,Not Deployed,s2_97_208,s1_below_1,Male,s3_80_96,s3_141_159,s2_164_318,s6_260_up,s2_2_4
12733,s2_885_1695,s2_n103_99,s4_n40_7,s1_below_4282,s4_4_5,s3_2003_2005,s2_760_2075,s6_57_up,Truck (<=6000 lbs.),s3_28_48,Deployed,s2_97_208,s1_below_1,Male,s5_114_130,s3_141_159,s2_164_318,s5_220_260,s2_2_4
12734,s2_885_1695,s2_n103_99,s4_n40_7,s1_below_4282,s4_4_5,s3_2003_2005,s2_760_2075,s6_57_up,Passenger Car,s4_48_64,Not Deployed,s2_97_208,s1_below_1,Female,s3_80_96,s3_141_159,s2_164_318,s2_40_80,s2_2_4
12735,s3_1695_2555,s2_n103_99,s4_n40_7,s1_below_4282,s3_3_4,s2_2001_2003,s3_2075_3730,s6_57_up,Truck (<=6000 lbs.),s4_48_64,Not Deployed,s2_97_208,s1_below_1,Male,s2_37_80,s3_141_159,s2_164_318,s3_80_160,s2_2_4
12736,s2_885_1695,s2_n103_99,s4_n40_7,s1_below_4282,s4_4_5,s2_2001_2003,s2_760_2075,s6_57_up,Passenger Car,s2_11_28,Not Deployed,s2_97_208,s1_below_1,Male,s2_37_80,s3_141_159,s2_164_318,s2_40_80,s2_2_4
12737,s3_1695_2555,s2_n103_99,s4_n40_7,s1_below_4282,s4_4_5,s3_2003_2005,s2_760_2075,s6_57_up,Truck (<=6000 lbs.),s4_48_64,Not Deployed,s2_97_208,s1_below_1,Male,s5_114_130,s4_159_169,s2_164_318,s5_220_260,s3_4_5
12738,s2_885_1695,s2_n103_99,s4_n40_7,s1_below_4282,s2_2_3,s2_2001_2003,s2_760_2075,s5_47_57,Passenger Car,s3_28_48,Not Deployed,s2_97_208,s1_below_1,Male,s2_37_80,s3_141_159,s2_164_318,s3_80_160,s2_2_4
12739,s3_1695_2555,s2_n103_99,s5_7_up,s1_below_4282,s2_2_3,s2_2001_2003,s2_760_2075,s5_47_57,Truck (<=10000 lbs.),s3_28_48,Not Deployed,s2_97_208,s1_below_1,Male,s3_80_96,s4_159_169,s3_318_464,s6_260_up,s4_5_6
12740,s2_885_1695,s2_n103_99,s4_n40_7,s1_below_4282,s2_2_3,s2_2001_2003,s3_2075_3730,s4_37_47,Passenger Car,s2_11_28,Deployed,s2_97_208,s1_below_1,Male,s2_37_80,s3_141_159,s2_164_318,s3_80_160,s2_2_4
12741,s3_1695_2555,s2_n103_99,s4_n40_7,s1_below_4282,s1_below_2,s3_2003_2005,s2_760_2075,s3_17_37,Truck (<=10000 lbs.),s3_28_48,Deployed,s2_97_208,s2_1_2,Female,s2_37_80,s4_159_169,s2_164_318,s4_160_220,s3_4_5
12742,s2_885_1695,s2_n103_99,s4_n40_7,s1_below_4282,s2_2_3,s2_2001_2003,s2_760_2075,s4_37_47,Passenger Car,s2_11_28,Not Deployed,s2_97_208,s2_1_2,Female,s2_37_80,s3_141_159,s2_164_318,s4_160_220,s2_2_4
12743,s3_1695_2555,s2_n103_99,s4_n40_7,s1_below_4282,s2_2_3,s3_2003_2005,s2_760_2075,s3_17_37,Truck (<=6000 lbs.),s2_11_28,Deployed,s2_97_208,s1_below_1,Male,s2_37_80,s4_159_169,s2_164_318,s1_below_40,s2_2_4
12744,s2_885_1695,s2_n103_99,s5_7_up,s1_below_4282,s1_below_2,s1_below_2001,s2_760_2075,s6_57_up,Passenger Car,s3_28_48,Not Deployed,s2_97_208,s3_2_3,Male,s2_37_80,s3_141_159,s2_164_318,s6_260_up,s2_2_4
12745,s2_885_1695,s2_n103_99,s4_n40_7,s1_below_4282,s3_3_4,s2_2001_2003,s3_2075_3730,s6_57_up,Passenger Car,s4_48_64,Deployed,s2_97_208,s1_below_1,Female,s2_37_80,s3_141_159,s2_164_318,s3_80_160,s2_2_4
12746,s2_885_1695,s2_n103_99,s4_n40_7,s1_below_4282,s3_3_4,s2_2001_2003,s2_760_2075,s3_17_37,Passenger Car,s2_11_28,Not Deployed,s2_97_208,s1_below_1,Male,s2_37_80,s3_141_159,s2_164_318,s3_80_160,s2_2_4
12747,s2_885_1695,s2_n103_99,s4_n40_7,s1_below_4282,s3_3_4,s2_2001_2003,s2_760_2075,s6_57_up,Passenger Car,s3_28_48,Deployed,s2_97_208,s2_1_2,Male,s4_96_114,s3_141_159,s2_164_318,s3_80_160,s2_2_4
12748,s3_1695_2555,s2_n103_99,s5_7_up,s1_below_4282,s4_4_5,s3_2003_2005,s2_760_2075,s6_57_up,Truck (<=10000 lbs.),s3_28_48,Not Deployed,s2_97_208,s1_below_1,Male,s3_80_96,s4_159_169,s3_318_464,s3_80_160,s4_5_6
12749,s2_885_1695,s2_n103_99,s4_n40_7,s1_below_4282,s2_2_3,s1_below_2001,s2_760_2075,s5_47_57,Passenger Car,s4_48_64,Not Deployed,s2_97_208,s1_below_1,Female,s2_37_80,s3_141_159,s2_164_318,s3_80_160,s2_2_4
12750,s3_1695_2555,s2_n103_99,s3_n81_n40,s1_below_4282,s1_below_2,s1_below_2001,s2_760_2075,s3_17_37,Truck (<=10000 lbs.),s4_48_64,Deployed,s2_97_208,s3_2_3,Female,s2_37_80,s4_159_169,s2_164_318,s3_80_160,s3_4_5
12751,s2_885_1695,s2_n103_99,s4_n40_7,s1_below_4282,s2_2_3,s2_2001_2003,s2_760_2075,s3_17_37,Truck (<=6000 lbs.),s2_11_28,Deployed,s2_97_208,s2_1_2,Female,s2_37_80,s3_141_159,s2_164_318,s3_80_160,s2_2_4
12752,s2_885_1695,s2_n103_99,s4_n40_7,s1_below_4282,s1_below_2,s1_below_2001,s2_760_2075,s3_17_37,Passenger Car,s2_11_28,Deployed,s2_97_208,s1_below_1,Male,s3_80_96,s3_141_159,s2_164_318,s4_160_220,s2_2_4
12753,s2_885_1695,s2_n103_99,s4_n40_7,s1_below_4282,s3_3_4,s2_2001_2003,s2_760_2075,s4_37_47,Passenger Car,s2_11_28,Not Deployed,s2_97_208,s1_below_1,Male,s3_80_96,s3_141_159,s2_164_318,s3_80_160,s2_2_4
12754,s3_1695_2555,s2_n103_99,s4_n40_7,s1_below_4282,s1_below_2,s1_below_2001,s2_760_2075,s4_37_47,Truck (<=6000 lbs.),s3_28_48,Deployed,s2_97_208,s1_below_1,Male,s6_130_up,s3_141_159,s2_164_318,s3_80_160,s2_2_4
12755,s3_1695_2555,s2_n103_99,s4_n40_7,s1_below_4282,s4_4_5,s2_2001_2003,s2_760_2075,s6_57_up,Truck (<=6000 lbs.),s3_28_48,Deployed,s2_97_208,s3_2_3,Male,s4_96_114,s4_159_169,s2_164_318,s3_80_160,s2_2_4
12756,s2_885_1695,s2_n103_99,s4_n40_7,s1_below_4282,s1_below_2,s1_below_2001,s3_2075_3730,s3_17_37,Passenger Car,s5_64_76,Deployed,s2_97_208,s3_2_3,Male,s3_80_96,s3_141_159,s2_164_318,s3_80_160,s2_2_4
12757,s2_885_1695,s2_n103_99,s4_n40_7,s1_below_4282,s2_2_3,s2_2001_2003,s2_760_2075,s3_17_37,Passenger Car,s3_28_48,Not Deployed,s2_97_208,s1_below_1,Male,s4_96_114,s3_141_159,s2_164_318,s3_80_160,s2_2_4
12758,s2_885_1695,s2_n103_99,s4_n40_7,s1_below_4282,s2_2_3,s2_2001_2003,s2_760_2075,s4_37_47,Passenger Car,s6_76_up,Not Deployed,s2_97_208,s1_below_1,Male,s2_37_80,s3_141_159,s2_164_318,s4_160_220,s2_2_4
12759,s2_885_1695,s2_n103_99,s4_n40_7,s1_below_4282,s2_2_3,s1_below_2001,s2_760_2075,s4_37_47,Passenger Car,s3_28_48,Deployed,s2_97_208,s2_1_2,Male,s3_80_96,s3_141_159,s2_164_318,s3_80_160,s2_2_4
12760,s2_885_1695,s2_n103_99,s4_n40_7,s1_below_4282,s2_2_3,s2_2001_2003,s2_760_2075,s3_17_37,Passenger Car,s4_48_64,Deployed,s2_97_208,s2_1_2,Female,s2_37_80,s3_141_159,s2_164_318,s3_80_160,s2_2_4
12761,s2_885_1695,s2_n103_99,s4_n40_7,s1_below_4282,s4_4_5,s1_below_2001,s2_760_2075,s4_37_47,Passenger Car,s2_11_28,Deployed,s2_97_208,s1_below_1,Female,s2_37_80,s3_141_159,s2_164_318,s3_80_160,s2_2_4
12762,s3_1695_2555,s2_n103_99,s4_n40_7,s1_below_4282,s2_2_3,s2_2001_2003,s3_2075_3730,s6_57_up,Truck (<=10000 lbs.),s2_11_28,Deployed,s2_97_208,s2_1_2,Female,s2_37_80,s5_169_179,s2_164_318,s3_80_160,s3_4_5
12763,s3_1695_2555,s2_n103_99,s4_n40_7,s1_below_4282,s2_2_3,s2_2001_2003,s2_760_2075,s4_37_47,Truck (<=10000 lbs.),s3_28_48,Not Deployed,s2_97_208,s2_1_2,Male,s5_114_130,s4_159_169,s2_164_318,s4_160_220,s3_4_5
12764,s3_1695_2555,s2_n103_99,s4_n40_7,s1_below_4282,s1_below_2,s2_2001_2003,s2_760_2075,s4_37_47,Truck (<=6000 lbs.),s3_28_48,Not Deployed,s2_97_208,s1_below_1,Female,s6_130_up,s3_141_159,s2_164_318,s2_40_80,s2_2_4
12765,s3_1695_2555,s2_n103_99,s4_n40_7,s1_below_4282,s3_3_4,s2_2001_2003,s3_2075_3730,s6_57_up,Truck (<=10000 lbs.),s2_11_28,Deployed,s2_97_208,s3_2_3,Male,s3_80_96,s5_169_179,s3_318_464,s3_80_160,s4_5_6
12766,s2_885_1695,s2_n103_99,s4_n40_7,s1_below_4282,s3_3_4,s2_2001_2003,s2_760_2075,s4_37_47,Passenger Car,s3_28_48,Not Deployed,s2_97_208,s1_below_1,Female,s2_37_80,s3_141_159,s2_164_318,s4_160_220,s2_2_4
12767,s2_885_1695,s2_n103_99,s4_n40_7,s1_below_4282,s5_5_6,s2_2001_2003,s2_760_2075,s3_17_37,Passenger Car,s2_11_28,Deployed,s2_97_208,s1_below_1,Male,s4_96_114,s3_141_159,s2_164_318,s4_160_220,s2_2_4
12768,s2_885_1695,s2_n103_99,s4_n40_7,s1_below_4282,s1_below_2,s2_2001_2003,s2_760_2075,s1_below_7,Passenger Car,s2_11_28,Not Deployed,s2_97_208,s1_below_1,Male,s2_37_80,s3_141_159,s2_164_318,s3_80_160,s2_2_4
12769,s2_885_1695,s2_n103_99,s4_n40_7,s1_below_4282,s3_3_4,s3_2003_2005,s2_760_2075,s3_17_37,Passenger Car,s3_28_48,Not Deployed,s2_97_208,s1_below_1,Male,s3_80_96,s3_141_159,s2_164_318,s3_80_160,s2_2_4
12770,s2_885_1695,s2_n103_99,s4_n40_7,s1_below_4282,s2_2_3,s2_2001_2003,s2_760_2075,s4_37_47,Passenger Car,s3_28_48,Deployed,s2_97_208,s1_below_1,Female,s2_37_80,s3_141_159,s2_164_318,s3_80_160,s2_2_4
12771,s2_885_1695,s2_n103_99,s4_n40_7,s1_below_4282,s4_4_5,s1_below_2001,s2_760_2075,s3_17_37,Passenger Car,s2_11_28,Deployed,s2_97_208,s1_below_1,Female,s2_37_80,s3_141_159,s2_164_318,s3_80_160,s2_2_4
12772,s2_885_1695,s2_n103_99,s4_n40_7,s1_below_4282,s3_3_4,s1_below_2001,s2_760_2075,s3_17_37,Passenger Car,s3_28_48,Not Deployed,s2_97_208,s1_below_1,Female,s2_37_80,s3_141_159,s2_164_318,s3_80_160,s2_2_4
12773,s4_2555_3715,s2_n103_99,s4_n40_7,s1_below_4282,s2_2_3,s3_2003_2005,s2_760_2075,s3_17_37,Truck (<=10000 lbs.),s2_11_28,Not Deployed,s2_97_208,s1_below_1,Male,s3_80_96,s5_169_179,s3_318_464,s4_160_220,s4_5_6
12774,s2_885_1695,s2_n103_99,s4_n40_7,s1_below_4282,s3_3_4,s3_2003_2005,s2_760_2075,s4_37_47,Passenger Car,s2_11_28,Deployed,s2_97_208,s1_below_1,Male,s2_37_80,s3_141_159,s2_164_318,s3_80_160,s2_2_4
12775,s2_885_1695,s2_n103_99,s4_n40_7,s1_below_4282,s3_3_4,s1_below_2001,s2_760_2075,s3_17_37,Truck (<=6000 lbs.),s3_28_48,Deployed,s2_97_208,s1_below_1,Female,s4_96_114,s3_141_159,s2_164_318,s4_160_220,s2_2_4
12776,s2_885_1695,s2_n103_99,s4_n40_7,s1_below_4282,s4_4_5,s2_2001_2003,s2_760_2075,s3_17_37,Truck (<=6000 lbs.),s2_11_28,Not Deployed,s2_97_208,s1_below_1,Male,s2_37_80,s3_141_159,s3_318_464,s2_40_80,s2_2_4
12777,s3_1695_2555,s2_n103_99,s4_n40_7,s1_below_4282,s3_3_4,s2_2001_2003,s2_760_2075,s4_37_47,Truck (<=6000 lbs.),s4_48_64,Not Deployed,s2_97_208,s1_below_1,Female,s2_37_80,s3_141_159,s2_164_318,s4_160_220,s2_2_4
12778,s2_885_1695,s2_n103_99,s4_n40_7,s1_below_4282,s1_below_2,s3_2003_2005,s2_760_2075,s3_17_37,Passenger Car,s5_64_76,Deployed,s2_97_208,s1_below_1,Male,s3_80_96,s3_141_159,s2_164_318,s4_160_220,s2_2_4
12779,s3_1695_2555,s2_n103_99,s5_7_up,s1_below_4282,s1_below_2,s2_2001_2003,s2_760_2075,s4_37_47,Truck (<=6000 lbs.),s3_28_48,Not Deployed,s2_97_208,s1_below_1,Female,s4_96_114,s3_141_159,s2_164_318,s6_260_up,s2_2_4
12780,s2_885_1695,s2_n103_99,s4_n40_7,s1_below_4282,s3_3_4,s1_below_2001,s2_760_2075,s4_37_47,Passenger Car,s2_11_28,Not Deployed,s2_97_208,s1_below_1,Female,s2_37_80,s3_141_159,s2_164_318,s4_160_220,s2_2_4
12781,s2_885_1695,s2_n103_99,s4_n40_7,s1_below_4282,s3_3_4,s3_2003_2005,s2_760_2075,s4_37_47,Passenger Car,s2_11_28,Deployed,s2_97_208,s1_below_1,Female,s2_37_80,s3_141_159,s2_164_318,s3_80_160,s2_2_4
12782,s2_885_1695,s2_n103_99,s4_n40_7,s1_below_4282,s2_2_3,s1_below_2001,s2_760_2075,s5_47_57,Passenger Car,s2_11_28,Not Deployed,s2_97_208,s1_below_1,Male,s3_80_96,s3_141_159,s2_164_318,s3_80_160,s2_2_4
12783,s2_885_1695,s2_n103_99,s4_n40_7,s1_below_4282,s3_3_4,s1_below_2001,s2_760_2075,s4_37_47,Passenger Car,s6_76_up,Not Deployed,s2_97_208,s1_below_1,Male,s3_80_96,s3_141_159,s2_164_318,s4_160_220,s2_2_4
12784,s2_885_1695,s2_n103_99,s5_7_up,s1_below_4282,s3_3_4,s2_2001_2003,s2_760_2075,s4_37_47,Passenger Car,s2_11_28,Deployed,s2_97_208,s1_below_1,Male,s2_37_80,s3_141_159,s2_164_318,s6_260_up,s2_2_4
12785,s3_1695_2555,s2_n103_99,s4_n40_7,s1_below_4282,s3_3_4,s1_below_2001,s2_760_2075,s6_57_up,Truck (<=6000 lbs.),s3_28_48,Not Deployed,s2_97_208,s2_1_2,Female,s4_96_114,s3_141_159,s2_164_318,s6_260_up,s2_2_4
12786,s2_885_1695,s2_n103_99,s4_n40_7,s1_below_4282,s6_6_up,s2_2001_2003,s2_760_2075,s5_47_57,Passenger Car,s2_11_28,Deployed,s2_97_208,s2_1_2,Female,s2_37_80,s3_141_159,s2_164_318,s3_80_160,s2_2_4
12787,s2_885_1695,s2_n103_99,s4_n40_7,s1_below_4282,s1_below_2,s3_2003_2005,s2_760_2075,s1_below_7,Passenger Car,s2_11_28,Not Deployed,s2_97_208,s1_below_1,Male,s3_80_96,s3_141_159,s2_164_318,s3_80_160,s2_2_4
12788,s2_885_1695,s2_n103_99,s4_n40_7,s1_below_4282,s3_3_4,s1_below_2001,s2_760_2075,s3_17_37,Passenger Car,s2_11_28,Deployed,s2_97_208,s1_below_1,Female,s2_37_80,s3_141_159,s2_164_318,s4_160_220,s2_2_4
12789,s2_885_1695,s2_n103_99,s4_n40_7,s1_below_4282,s3_3_4,s2_2001_2003,s2_760_2075,s3_17_37,Passenger Car,s3_28_48,Deployed,s2_97_208,s2_1_2,Female,s2_37_80,s3_141_159,s2_164_318,s3_80_160,s2_2_4
12790,s2_885_1695,s2_n103_99,s3_n81_n40,s1_below_4282,s2_2_3,s2_2001_2003,s2_760_2075,s3_17_37,Passenger Car,s2_11_28,Deployed,s2_97_208,s1_below_1,Female,s2_37_80,s3_141_159,s2_164_318,s3_80_160,s2_2_4
12791,s2_885_1695,s2_n103_99,s4_n40_7,s1_below_4282,s2_2_3,s3_2003_2005,s2_760_2075,s3_17_37,Passenger Car,s3_28_48,Not Deployed,s2_97_208,s5_4_5,Female,s2_37_80,s3_141_159,s2_164_318,s4_160_220,s2_2_4
12792,s2_885_1695,s2_n103_99,s4_n40_7,s1_below_4282,s1_below_2,s2_2001_2003,s2_760_2075,s3_17_37,Truck (<=6000 lbs.),s5_64_76,Not Deployed,s2_97_208,s2_1_2,Male,s2_37_80,s3_141_159,s2_164_318,s2_40_80,s2_2_4
12793,s2_885_1695,s2_n103_99,s4_n40_7,s1_below_4282,s2_2_3,s1_below_2001,s2_760_2075,s3_17_37,Passenger Car,s2_11_28,Deployed,s2_97_208,s1_below_1,Female,s2_37_80,s3_141_159,s2_164_318,s3_80_160,s2_2_4
12794,s3_1695_2555,s2_n103_99,s4_n40_7,s1_below_4282,s2_2_3,s3_2003_2005,s2_760_2075,s3_17_37,Truck (<=6000 lbs.),s2_11_28,Not Deployed,s2_97_208,s1_below_1,Female,s3_80_96,s3_141_159,s2_164_318,s3_80_160,s2_2_4
12795,s2_885_1695,s2_n103_99,s4_n40_7,s1_below_4282,s2_2_3,s2_2001_2003,s2_760_2075,s1_below_7,Passenger Car,s2_11_28,Deployed,s2_97_208,s1_below_1,Female,s2_37_80,s3_141_159,s2_164_318,s3_80_160,s2_2_4
12796,s2_885_1695,s2_n103_99,s4_n40_7,s1_below_4282,s2_2_3,s3_2003_2005,s2_760_2075,s4_37_47,Passenger Car,s2_11_28,Not Deployed,s2_97_208,s1_below_1,Male,s2_37_80,s3_141_159,s2_164_318,s3_80_160,s2_2_4
12797,s2_885_1695,s2_n103_99,s4_n40_7,s1_below_4282,s1_below_2,s2_2001_2003,s2_760_2075,s1_below_7,Passenger Car,s2_11_28,Deployed,s2_97_208,s2_1_2,Male,s2_37_80,s3_141_159,s2_164_318,s4_160_220,s2_2_4
12798,s2_885_1695,s2_n103_99,s4_n40_7,s1_below_4282,s2_2_3,s3_2003_2005,s2_760_2075,s3_17_37,Truck (<=6000 lbs.),s4_48_64,Not Deployed,s2_97_208,s1_below_1,Female,s2_37_80,s3_141_159,s2_164_318,s4_160_220,s2_2_4
12799,s4_2555_3715,s2_n103_99,s4_n40_7,s1_below_4282,s1_below_2,s1_below_2001,s2_760_2075,s4_37_47,Truck (<=10000 lbs.),s2_11_28,Deployed,s2_97_208,s1_below_1,Male,s3_80_96,s4_159_169,s2_164_318,s3_80_160,s3_4_5
12800,s3_1695_2555,s2_n103_99,s4_n40_7,s1_below_4282,s2_2_3,s3_2003_2005,s2_760_2075,s3_17_37,Truck (<=10000 lbs.),s3_28_48,Deployed,s2_97_208,s1_below_1,Female,s2_37_80,s4_159_169,s2_164_318,s3_80_160,s2_2_4
12801,s2_885_1695,s2_n103_99,s4_n40_7,s1_below_4282,s3_3_4,s3_2003_2005,s2_760_2075,s3_17_37,Passenger Car,s2_11_28,Deployed,s2_97_208,s1_below_1,Female,s2_37_80,s3_141_159,s2_164_318,s3_80_160,s2_2_4
12802,s3_1695_2555,s2_n103_99,s4_n40_7,s1_below_4282,s1_below_2,s2_2001_2003,s2_760_2075,s4_37_47,Truck (<=10000 lbs.),s3_28_48,Not Deployed,s2_97_208,s1_below_1,Male,s2_37_80,s4_159_169,s2_164_318,s3_80_160,s3_4_5
12803,s3_1695_2555,s2_n103_99,s3_n81_n40,s1_below_4282,s2_2_3,s2_2001_2003,s2_760_2075,s6_57_up,Passenger Car,s5_64_76,Deployed,s2_97_208,s6_5_up,Male,s3_80_96,s3_141_159,s2_164_318,s3_80_160,s2_2_4
12804,s3_1695_2555,s2_n103_99,s4_n40_7,s1_below_4282,s3_3_4,s3_2003_2005,s2_760_2075,s4_37_47,Truck (<=10000 lbs.),s3_28_48,Deployed,s2_97_208,s1_below_1,Female,s3_80_96,s4_159_169,s3_318_464,s4_160_220,s4_5_6
12805,s2_885_1695,s2_n103_99,s4_n40_7,s1_below_4282,s4_4_5,s3_2003_2005,s3_2075_3730,s4_37_47,Passenger Car,s2_11_28,Not Deployed,s2_97_208,s1_below_1,Male,s5_114_130,s3_141_159,s2_164_318,s3_80_160,s2_2_4
12806,s3_1695_2555,s2_n103_99,s4_n40_7,s1_below_4282,s4_4_5,s2_2001_2003,s2_760_2075,s4_37_47,Truck (<=10000 lbs.),s3_28_48,Not Deployed,s2_97_208,s1_below_1,Female,s2_37_80,s4_159_169,s2_164_318,s3_80_160,s3_4_5
12807,s3_1695_2555,s2_n103_99,s4_n40_7,s1_below_4282,s3_3_4,s3_2003_2005,s2_760_2075,s4_37_47,Truck (<=10000 lbs.),s3_28_48,Not Deployed,s2_97_208,s1_below_1,Male,s2_37_80,s5_169_179,s3_318_464,s4_160_220,s4_5_6
12808,s3_1695_2555,s2_n103_99,s4_n40_7,s1_below_4282,s3_3_4,s2_2001_2003,s3_2075_3730,s4_37_47,Truck (<=10000 lbs.),s4_48_64,Not Deployed,s2_97_208,s1_below_1,Female,s2_37_80,s4_159_169,s2_164_318,s3_80_160,s3_4_5
12809,s3_1695_2555,s2_n103_99,s4_n40_7,s1_below_4282,s1_below_2,s1_below_2001,s2_760_2075,s3_17_37,Truck (<=6000 lbs.),s3_28_48,Not Deployed,s2_97_208,s1_below_1,Female,s2_37_80,s4_159_169,s2_164_318,s2_40_80,s3_4_5
12810,s2_885_1695,s2_n103_99,s5_7_up,s1_below_4282,s1_below_2,s1_below_2001,s3_2075_3730,s3_17_37,Passenger Car,s2_11_28,Not Deployed,s2_97_208,s1_below_1,Male,s2_37_80,s3_141_159,s2_164_318,s6_260_up,s2_2_4
12811,s3_1695_2555,s2_n103_99,s4_n40_7,s1_below_4282,s3_3_4,s2_2001_2003,s3_2075_3730,s4_37_47,Truck (<=10000 lbs.),s4_48_64,Not Deployed,s2_97_208,s3_2_3,Male,s6_130_up,s4_159_169,s2_164_318,s4_160_220,s3_4_5
12812,s3_1695_2555,s2_n103_99,s4_n40_7,s1_below_4282,s3_3_4,s1_below_2001,s3_2075_3730,s4_37_47,Truck (<=10000 lbs.),s5_64_76,Deployed,s2_97_208,s1_below_1,Female,s2_37_80,s3_141_159,s2_164_318,s3_80_160,s2_2_4
12813,s3_1695_2555,s2_n103_99,s4_n40_7,s1_below_4282,s2_2_3,s1_below_2001,s2_760_2075,s4_37_47,Truck (<=10000 lbs.),s3_28_48,Deployed,s2_97_208,s1_below_1,Male,s3_80_96,s3_141_159,s3_318_464,s3_80_160,s3_4_5
12814,s3_1695_2555,s2_n103_99,s4_n40_7,s1_below_4282,s2_2_3,s3_2003_2005,s2_760_2075,s4_37_47,Truck (<=10000 lbs.),s3_28_48,Not Deployed,s2_97_208,s1_below_1,Female,s2_37_80,s4_159_169,s2_164_318,s3_80_160,s3_4_5
12815,s3_1695_2555,s2_n103_99,s4_n40_7,s1_below_4282,s3_3_4,s4_2005_2007,s2_760_2075,s4_37_47,Passenger Car,s3_28_48,Deployed,s2_97_208,s1_below_1,Male,s2_37_80,s3_141_159,s2_164_318,s3_80_160,s2_2_4
12816,s4_2555_3715,s2_n103_99,s4_n40_7,s1_below_4282,s2_2_3,s2_2001_2003,s2_760_2075,s4_37_47,Truck (<=10000 lbs.),s2_11_28,Deployed,s2_97_208,s1_below_1,Female,s2_37_80,s5_169_179,s2_164_318,s3_80_160,s4_5_6
12817,s2_885_1695,s2_n103_99,s4_n40_7,s2_4282_6970,s2_2_3,s3_2003_2005,s2_760_2075,s4_37_47,Passenger Car,s2_11_28,Not Deployed,s2_97_208,s5_4_5,Male,s3_80_96,s3_141_159,s2_164_318,s4_160_220,s2_2_4
12818,s2_885_1695,s2_n103_99,s3_n81_n40,s1_below_4282,s3_3_4,s1_below_2001,s2_760_2075,s4_37_47,Passenger Car,s3_28_48,Deployed,s2_97_208,s1_below_1,Male,s3_80_96,s3_141_159,s2_164_318,s3_80_160,s2_2_4
12819,s2_885_1695,s2_n103_99,s4_n40_7,s1_below_4282,s3_3_4,s3_2003_2005,s2_760_2075,s6_57_up,Passenger Car,s5_64_76,Deployed,s2_97_208,s3_2_3,Female,s2_37_80,s3_141_159,s2_164_318,s3_80_160,s2_2_4
12820,s2_885_1695,s2_n103_99,s4_n40_7,s1_below_4282,s4_4_5,s3_2003_2005,s2_760_2075,s3_17_37,Passenger Car,s2_11_28,Deployed,s2_97_208,s1_below_1,Male,s2_37_80,s3_141_159,s2_164_318,s4_160_220,s2_2_4
12821,s2_885_1695,s2_n103_99,s4_n40_7,s1_below_4282,s1_below_2,s3_2003_2005,s2_760_2075,s3_17_37,Passenger Car,s3_28_48,Not Deployed,s2_97_208,s1_below_1,Female,s2_37_80,s3_141_159,s2_164_318,s4_160_220,s2_2_4
12822,s3_1695_2555,s2_n103_99,s4_n40_7,s1_below_4282,s1_below_2,s2_2001_2003,s2_760_2075,s3_17_37,Passenger Car,s3_28_48,Not Deployed,s2_97_208,s1_below_1,Male,s3_80_96,s4_159_169,s2_164_318,s3_80_160,s2_2_4
12823,s2_885_1695,s2_n103_99,s4_n40_7,s1_below_4282,s3_3_4,s2_2001_2003,s2_760_2075,s4_37_47,Passenger Car,s3_28_48,Not Deployed,s2_97_208,s1_below_1,Female,s3_80_96,s3_141_159,s2_164_318,s3_80_160,s2_2_4
12824,s2_885_1695,s2_n103_99,s4_n40_7,s1_below_4282,s3_3_4,s2_2001_2003,s2_760_2075,s3_17_37,Passenger Car,s3_28_48,Deployed,s2_97_208,s1_below_1,Male,s4_96_114,s3_141_159,s2_164_318,s4_160_220,s2_2_4
12825,s2_885_1695,s2_n103_99,s3_n81_n40,s1_below_4282,s3_3_4,s2_2001_2003,s2_760_2075,s5_47_57,Passenger Car,s2_11_28,Deployed,s2_97_208,s1_below_1,Male,s4_96_114,s3_141_159,s2_164_318,s3_80_160,s2_2_4
12826,s2_885_1695,s2_n103_99,s3_n81_n40,s1_below_4282,s4_4_5,s3_2003_2005,s3_2075_3730,s4_37_47,Passenger Car,s3_28_48,Deployed,s2_97_208,s3_2_3,Male,s3_80_96,s3_141_159,s2_164_318,s3_80_160,s2_2_4
12827,s2_885_1695,s2_n103_99,s4_n40_7,s1_below_4282,s1_below_2,s1_below_2001,s2_760_2075,s3_17_37,Passenger Car,s3_28_48,Not Deployed,s2_97_208,s1_below_1,Female,s3_80_96,s3_141_159,s2_164_318,s2_40_80,s2_2_4
12828,s3_1695_2555,s2_n103_99,s4_n40_7,s1_below_4282,s3_3_4,s1_below_2001,s2_760_2075,s3_17_37,Truck (<=6000 lbs.),s2_11_28,Deployed,s2_97_208,s2_1_2,Female,s2_37_80,s3_141_159,s2_164_318,s3_80_160,s2_2_4
12829,s2_885_1695,s2_n103_99,s4_n40_7,s1_below_4282,s3_3_4,s3_2003_2005,s2_760_2075,s5_47_57,Passenger Car,s2_11_28,Not Deployed,s2_97_208,s1_below_1,Male,s3_80_96,s3_141_159,s2_164_318,s3_80_160,s2_2_4
12830,s2_885_1695,s2_n103_99,s4_n40_7,s1_below_4282,s3_3_4,s3_2003_2005,s2_760_2075,s3_17_37,Passenger Car,s3_28_48,Not Deployed,s2_97_208,s1_below_1,Male,s3_80_96,s3_141_159,s2_164_318,s3_80_160,s2_2_4
12831,s2_885_1695,s2_n103_99,s4_n40_7,s1_below_4282,s2_2_3,s1_below_2001,s2_760_2075,s5_47_57,Passenger Car,s3_28_48,Not Deployed,s2_97_208,s1_below_1,Male,s2_37_80,s3_141_159,s2_164_318,s3_80_160,s2_2_4
12832,s2_885_1695,s2_n103_99,s4_n40_7,s1_below_4282,s1_below_2,s3_2003_2005,s2_760_2075,s3_17_37,Passenger Car,s2_11_28,Deployed,s2_97_208,s1_below_1,Male,s2_37_80,s3_141_159,s2_164_318,s3_80_160,s2_2_4
12833,s3_1695_2555,s2_n103_99,s4_n40_7,s1_below_4282,s1_below_2,s2_2001_2003,s2_760_2075,s1_below_7,Passenger Car,s5_64_76,Not Deployed,s2_97_208,s4_3_4,Male,s2_37_80,s4_159_169,s2_164_318,s2_40_80,s2_2_4
12834,s2_885_1695,s2_n103_99,s5_7_up,s1_below_4282,s3_3_4,s2_2001_2003,s3_2075_3730,s5_47_57,Passenger Car,s5_64_76,Not Deployed,s2_97_208,s1_below_1,Male,s2_37_80,s3_141_159,s2_164_318,s5_220_260,s2_2_4
12835,s3_1695_2555,s2_n103_99,s4_n40_7,s1_below_4282,s1_below_2,s3_2003_2005,s2_760_2075,s3_17_37,Truck (<=6000 lbs.),s3_28_48,Not Deployed,s2_97_208,s1_below_1,Female,s2_37_80,s4_159_169,s2_164_318,s3_80_160,s2_2_4
12836,s4_2555_3715,s2_n103_99,s4_n40_7,s1_below_4282,s3_3_4,s1_below_2001,s3_2075_3730,s5_47_57,Truck (<=10000 lbs.),s4_48_64,Not Deployed,s2_97_208,s1_below_1,Male,s4_96_114,s5_169_179,s3_318_464,s4_160_220,s4_5_6
12837,s2_885_1695,s2_n103_99,s5_7_up,s1_below_4282,s4_4_5,s3_2003_2005,s2_760_2075,s5_47_57,Passenger Car,s3_28_48,Not Deployed,s2_97_208,s1_below_1,Female,s2_37_80,s3_141_159,s2_164_318,s6_260_up,s2_2_4
12838,s2_885_1695,s2_n103_99,s4_n40_7,s1_below_4282,s2_2_3,s3_2003_2005,s2_760_2075,s5_47_57,Truck (<=6000 lbs.),s3_28_48,Not Deployed,s2_97_208,s1_below_1,Male,s3_80_96,s3_141_159,s2_164_318,s3_80_160,s2_2_4
12839,s2_885_1695,s2_n103_99,s4_n40_7,s1_below_4282,s1_below_2,s2_2001_2003,s2_760_2075,s4_37_47,Passenger Car,s4_48_64,Deployed,s2_97_208,s1_below_1,Female,s2_37_80,s3_141_159,s2_164_318,s3_80_160,s2_2_4
12840,s3_1695_2555,s2_n103_99,s4_n40_7,s1_below_4282,s3_3_4,s3_2003_2005,s2_760_2075,s3_17_37,Truck (<=6000 lbs.),s3_28_48,Not Deployed,s2_97_208,s1_below_1,Female,s2_37_80,s3_141_159,s2_164_318,s3_80_160,s2_2_4
12841,s2_885_1695,s2_n103_99,s4_n40_7,s1_below_4282,s3_3_4,s2_2001_2003,s3_2075_3730,s3_17_37,Truck (<=6000 lbs.),s3_28_48,Not Deployed,s2_97_208,s1_below_1,Female,s2_37_80,s3_141_159,s2_164_318,s3_80_160,s2_2_4
12842,s3_1695_2555,s2_n103_99,s4_n40_7,s1_below_4282,s2_2_3,s1_below_2001,s2_760_2075,s3_17_37,Passenger Car,s3_28_48,Deployed,s2_97_208,s1_below_1,Male,s3_80_96,s4_159_169,s2_164_318,s3_80_160,s2_2_4
12843,s2_885_1695,s2_n103_99,s4_n40_7,s1_below_4282,s6_6_up,s3_2003_2005,s2_760_2075,s3_17_37,Passenger Car,s2_11_28,Not Deployed,s2_97_208,s1_below_1,Female,s2_37_80,s3_141_159,s2_164_318,s4_160_220,s2_2_4
12844,s2_885_1695,s2_n103_99,s4_n40_7,s1_below_4282,s1_below_2,s3_2003_2005,s3_2075_3730,s3_17_37,Truck (<=6000 lbs.),s6_76_up,Deployed,s2_97_208,s1_below_1,Male,s2_37_80,s3_141_159,s2_164_318,s3_80_160,s2_2_4
12845,s3_1695_2555,s2_n103_99,s4_n40_7,s1_below_4282,s6_6_up,s3_2003_2005,s3_2075_3730,s3_17_37,Truck (<=6000 lbs.),s2_11_28,Not Deployed,s2_97_208,s1_below_1,Female,s2_37_80,s4_159_169,s2_164_318,s4_160_220,s3_4_5
12846,s2_885_1695,s2_n103_99,s4_n40_7,s1_below_4282,s1_below_2,s2_2001_2003,s2_760_2075,s3_17_37,Passenger Car,s4_48_64,Not Deployed,s2_97_208,s1_below_1,Female,s2_37_80,s3_141_159,s2_164_318,s2_40_80,s2_2_4
12847,s3_1695_2555,s2_n103_99,s4_n40_7,s1_below_4282,s1_below_2,s1_below_2001,s2_760_2075,s3_17_37,Truck (<=6000 lbs.),s3_28_48,Not Deployed,s2_97_208,s1_below_1,Male,s3_80_96,s3_141_159,s3_318_464,s2_40_80,s3_4_5
12848,s2_885_1695,s2_n103_99,s4_n40_7,s1_below_4282,s1_below_2,s2_2001_2003,s2_760_2075,s3_17_37,Passenger Car,s4_48_64,Not Deployed,s2_97_208,s1_below_1,Female,s2_37_80,s3_141_159,s2_164_318,s3_80_160,s2_2_4
12849,s3_1695_2555,s2_n103_99,s3_n81_n40,s1_below_4282,s2_2_3,s1_below_2001,s2_760_2075,s5_47_57,Passenger Car,s2_11_28,Deployed,s2_97_208,s6_5_up,Male,s2_37_80,s3_141_159,s2_164_318,s3_80_160,s2_2_4
12850,s2_885_1695,s2_n103_99,s4_n40_7,s1_below_4282,s1_below_2,s2_2001_2003,s3_2075_3730,s3_17_37,Passenger Car,s3_28_48,Not Deployed,s2_97_208,s1_below_1,Male,s3_80_96,s3_141_159,s2_164_318,s3_80_160,s2_2_4
12851,s2_885_1695,s2_n103_99,s4_n40_7,s1_below_4282,s1_below_2,s3_2003_2005,s2_760_2075,s3_17_37,Passenger Car,s3_28_48,Not Deployed,s2_97_208,s1_below_1,Male,s3_80_96,s3_141_159,s2_164_318,s3_80_160,s2_2_4
12852,s3_1695_2555,s2_n103_99,s4_n40_7,s1_below_4282,s1_below_2,s2_2001_2003,s3_2075_3730,s3_17_37,Truck (<=6000 lbs.),s2_11_28,Not Deployed,s2_97_208,s1_below_1,Male,s4_96_114,s3_141_159,s2_164_318,s4_160_220,s2_2_4
12853,s2_885_1695,s2_n103_99,s4_n40_7,s1_below_4282,s4_4_5,s3_2003_2005,s2_760_2075,s3_17_37,Passenger Car,s3_28_48,Not Deployed,s2_97_208,s1_below_1,Female,s3_80_96,s3_141_159,s2_164_318,s4_160_220,s2_2_4
12854,s2_885_1695,s2_n103_99,s4_n40_7,s1_below_4282,s1_below_2,s3_2003_2005,s2_760_2075,s3_17_37,Passenger Car,s4_48_64,Not Deployed,s2_97_208,s1_below_1,Female,s2_37_80,s3_141_159,s2_164_318,s2_40_80,s2_2_4
12855,s2_885_1695,s2_n103_99,s4_n40_7,s1_below_4282,s2_2_3,s3_2003_2005,s2_760_2075,s3_17_37,Passenger Car,s4_48_64,Not Deployed,s2_97_208,s1_below_1,Male,s2_37_80,s3_141_159,s2_164_318,s2_40_80,s2_2_4
12856,s2_885_1695,s2_n103_99,s4_n40_7,s1_below_4282,s3_3_4,s2_2001_2003,s2_760_2075,s3_17_37,Passenger Car,s3_28_48,Deployed,s2_97_208,s1_below_1,Female,s3_80_96,s3_141_159,s2_164_318,s4_160_220,s2_2_4
12857,s2_885_1695,s2_n103_99,s4_n40_7,s1_below_4282,s3_3_4,s3_2003_2005,s2_760_2075,s3_17_37,Passenger Car,s2_11_28,Deployed,s2_97_208,s1_below_1,Male,s2_37_80,s3_141_159,s2_164_318,s3_80_160,s2_2_4
12858,s2_885_1695,s2_n103_99,s4_n40_7,s1_below_4282,s1_below_2,s2_2001_2003,s2_760_2075,s5_47_57,Passenger Car,s4_48_64,Not Deployed,s2_97_208,s1_below_1,Female,s3_80_96,s3_141_159,s2_164_318,s3_80_160,s2_2_4
12859,s2_885_1695,s2_n103_99,s4_n40_7,s1_below_4282,s4_4_5,s3_2003_2005,s2_760_2075,s3_17_37,Passenger Car,s3_28_48,Deployed,s2_97_208,s1_below_1,Male,s2_37_80,s3_141_159,s2_164_318,s5_220_260,s2_2_4
12860,s3_1695_2555,s2_n103_99,s5_7_up,s1_below_4282,s3_3_4,s3_2003_2005,s2_760_2075,s3_17_37,Truck (<=6000 lbs.),s4_48_64,Not Deployed,s2_97_208,s1_below_1,Male,s4_96_114,s4_159_169,s2_164_318,s6_260_up,s3_4_5
12861,s3_1695_2555,s2_n103_99,s4_n40_7,s1_below_4282,s5_5_6,s3_2003_2005,s2_760_2075,s3_17_37,Truck (<=10000 lbs.),s3_28_48,Deployed,s2_97_208,s1_below_1,Female,s2_37_80,s4_159_169,s2_164_318,s3_80_160,s3_4_5
12862,s4_2555_3715,s2_n103_99,s5_7_up,s1_below_4282,s2_2_3,s2_2001_2003,s2_760_2075,s3_17_37,Truck (<=10000 lbs.),s5_64_76,Not Deployed,s2_97_208,s1_below_1,Male,s2_37_80,s4_159_169,s3_318_464,s6_260_up,s5_6_7
12863,s2_885_1695,s2_n103_99,s4_n40_7,s1_below_4282,s1_below_2,s2_2001_2003,s2_760_2075,s3_17_37,Truck (<=6000 lbs.),s2_11_28,Deployed,s2_97_208,s1_below_1,Female,s2_37_80,s3_141_159,s2_164_318,s3_80_160,s2_2_4
12864,s2_885_1695,s2_n103_99,s3_n81_n40,s1_below_4282,s1_below_2,s1_below_2001,s2_760_2075,s4_37_47,Passenger Car,s2_11_28,Deployed,s2_97_208,s6_5_up,Male,s5_114_130,s3_141_159,s2_164_318,s4_160_220,s2_2_4
12865,s2_885_1695,s2_n103_99,s5_7_up,s1_below_4282,s1_below_2,s3_2003_2005,s2_760_2075,s6_57_up,Passenger Car,s2_11_28,Not Deployed,s2_97_208,s1_below_1,Female,s5_114_130,s3_141_159,s2_164_318,s6_260_up,s2_2_4
12866,s2_885_1695,s2_n103_99,s5_7_up,s1_below_4282,s3_3_4,s2_2001_2003,s2_760_2075,s4_37_47,Passenger Car,s3_28_48,Not Deployed,s2_97_208,s1_below_1,Female,s4_96_114,s3_141_159,s2_164_318,s6_260_up,s2_2_4
12867,s3_1695_2555,s2_n103_99,s4_n40_7,s1_below_4282,s2_2_3,s3_2003_2005,s2_760_2075,s3_17_37,Truck (<=6000 lbs.),s6_76_up,Not Deployed,s2_97_208,s1_below_1,Male,s2_37_80,s4_159_169,s2_164_318,s3_80_160,s2_2_4
12868,s3_1695_2555,s2_n103_99,s4_n40_7,s1_below_4282,s4_4_5,s3_2003_2005,s2_760_2075,s3_17_37,Truck (<=10000 lbs.),s3_28_48,Not Deployed,s2_97_208,s1_below_1,Male,s3_80_96,s5_169_179,s2_164_318,s4_160_220,s3_4_5
12869,s2_885_1695,s2_n103_99,s4_n40_7,s1_below_4282,s4_4_5,s1_below_2001,s3_2075_3730,s3_17_37,Passenger Car,s6_76_up,Deployed,s2_97_208,s1_below_1,Female,s2_37_80,s3_141_159,s2_164_318,s3_80_160,s2_2_4
12870,s2_885_1695,s2_n103_99,s4_n40_7,s1_below_4282,s1_below_2,s3_2003_2005,s3_2075_3730,s3_17_37,Passenger Car,s2_11_28,Not Deployed,s2_97_208,s1_below_1,Male,s2_37_80,s3_141_159,s2_164_318,s2_40_80,s2_2_4
12871,s2_885_1695,s2_n103_99,s4_n40_7,s1_below_4282,s3_3_4,s3_2003_2005,s2_760_2075,s3_17_37,Truck (<=6000 lbs.),s4_48_64,Deployed,s2_97_208,s2_1_2,Male,s3_80_96,s3_141_159,s2_164_318,s4_160_220,s2_2_4
12872,s4_2555_3715,s2_n103_99,s4_n40_7,s1_below_4282,s1_below_2,s2_2001_2003,s2_760_2075,s3_17_37,Truck (<=10000 lbs.),s4_48_64,Not Deployed,s2_97_208,s1_below_1,Male,s3_80_96,s5_169_179,s3_318_464,s3_80_160,s5_6_7
12873,s2_885_1695,s2_n103_99,s4_n40_7,s1_below_4282,s4_4_5,s2_2001_2003,s2_760_2075,s3_17_37,Passenger Car,s2_11_28,Not Deployed,s2_97_208,s1_below_1,Female,s2_37_80,s3_141_159,s2_164_318,s4_160_220,s2_2_4
12874,s3_1695_2555,s2_n103_99,s4_n40_7,s1_below_4282,s4_4_5,s3_2003_2005,s2_760_2075,s3_17_37,Passenger Car,s2_11_28,Not Deployed,s2_97_208,s1_below_1,Male,s3_80_96,s4_159_169,s2_164_318,s3_80_160,s2_2_4
12875,s2_885_1695,s2_n103_99,s4_n40_7,s1_below_4282,s1_below_2,s2_2001_2003,s2_760_2075,s3_17_37,Passenger Car,s6_76_up,Not Deployed,s2_97_208,s1_below_1,Female,s2_37_80,s3_141_159,s2_164_318,s4_160_220,s2_2_4
12876,s2_885_1695,s2_n103_99,s4_n40_7,s1_below_4282,s2_2_3,s2_2001_2003,s2_760_2075,s5_47_57,Passenger Car,s2_11_28,Deployed,s2_97_208,s1_below_1,Female,s2_37_80,s3_141_159,s2_164_318,s3_80_160,s2_2_4
12877,s2_885_1695,s2_n103_99,s4_n40_7,s1_below_4282,s2_2_3,s1_below_2001,s2_760_2075,s3_17_37,Passenger Car,s2_11_28,Not Deployed,s2_97_208,s1_below_1,Male,s2_37_80,s3_141_159,s2_164_318,s1_below_40,s2_2_4
12878,s2_885_1695,s2_n103_99,s4_n40_7,s1_below_4282,s2_2_3,s2_2001_2003,s2_760_2075,s4_37_47,Passenger Car,s2_11_28,Not Deployed,s2_97_208,s1_below_1,Male,s2_37_80,s3_141_159,s2_164_318,s3_80_160,s2_2_4
12879,s2_885_1695,s2_n103_99,s3_n81_n40,s1_below_4282,s1_below_2,s1_below_2001,s3_2075_3730,s3_17_37,Passenger Car,s2_11_28,Deployed,s2_97_208,s2_1_2,Female,s2_37_80,s3_141_159,s2_164_318,s3_80_160,s2_2_4
12880,s4_2555_3715,s2_n103_99,s4_n40_7,s1_below_4282,s1_below_2,s3_2003_2005,s2_760_2075,s3_17_37,Truck (<=10000 lbs.),s4_48_64,Deployed,s2_97_208,s1_below_1,Male,s3_80_96,s5_169_179,s3_318_464,s3_80_160,s4_5_6
12881,s3_1695_2555,s2_n103_99,s4_n40_7,s1_below_4282,s4_4_5,s2_2001_2003,s2_760_2075,s3_17_37,Truck (<=6000 lbs.),s3_28_48,Not Deployed,s2_97_208,s1_below_1,Female,s2_37_80,s4_159_169,s2_164_318,s3_80_160,s2_2_4
12882,s2_885_1695,s2_n103_99,s4_n40_7,s1_below_4282,s2_2_3,s2_2001_2003,s2_760_2075,s4_37_47,Passenger Car,s2_11_28,Not Deployed,s2_97_208,s1_below_1,Female,s2_37_80,s3_141_159,s2_164_318,s3_80_160,s2_2_4
12883,s2_885_1695,s2_n103_99,s4_n40_7,s1_below_4282,s1_below_2,s1_below_2001,s2_760_2075,s3_17_37,Passenger Car,s3_28_48,Not Deployed,s2_97_208,s1_below_1,Male,s3_80_96,s3_141_159,s2_164_318,s3_80_160,s2_2_4
12884,s3_1695_2555,s2_n103_99,s4_n40_7,s1_below_4282,s1_below_2,s1_below_2001,s2_760_2075,s3_17_37,Passenger Car,s3_28_48,Deployed,s2_97_208,s3_2_3,Male,s2_37_80,s4_159_169,s2_164_318,s3_80_160,s2_2_4
12885,s2_885_1695,s2_n103_99,s4_n40_7,s1_below_4282,s3_3_4,s2_2001_2003,s2_760_2075,s3_17_37,Passenger Car,s2_11_28,Not Deployed,s2_97_208,s1_below_1,Male,s4_96_114,s3_141_159,s2_164_318,s3_80_160,s2_2_4
12886,s2_885_1695,s2_n103_99,s3_n81_n40,s1_below_4282,s1_below_2,s1_below_2001,s2_760_2075,s5_47_57,Passenger Car,s2_11_28,Deployed,s2_97_208,s2_1_2,Female,s2_37_80,s3_141_159,s2_164_318,s3_80_160,s2_2_4
12887,s3_1695_2555,s2_n103_99,s4_n40_7,s1_below_4282,s4_4_5,s3_2003_2005,s2_760_2075,s3_17_37,Passenger Car,s3_28_48,Not Deployed,s2_97_208,s1_below_1,Male,s4_96_114,s4_159_169,s2_164_318,s4_160_220,s2_2_4
12888,s2_885_1695,s2_n103_99,s4_n40_7,s1_below_4282,s1_below_2,s3_2003_2005,s2_760_2075,s3_17_37,Passenger Car,s3_28_48,Not Deployed,s2_97_208,s1_below_1,Female,s2_37_80,s3_141_159,s2_164_318,s3_80_160,s2_2_4
12889,s2_885_1695,s2_n103_99,s4_n40_7,s1_below_4282,s4_4_5,s3_2003_2005,s2_760_2075,s3_17_37,Passenger Car,s2_11_28,Deployed,s2_97_208,s2_1_2,Male,s2_37_80,s3_141_159,s2_164_318,s3_80_160,s2_2_4
12890,s3_1695_2555,s2_n103_99,s4_n40_7,s1_below_4282,s2_2_3,s2_2001_2003,s2_760_2075,s3_17_37,Truck (<=6000 lbs.),s4_48_64,Not Deployed,s2_97_208,s1_below_1,Female,s2_37_80,s3_141_159,s2_164_318,s2_40_80,s3_4_5
12891,s2_885_1695,s2_n103_99,s3_n81_n40,s1_below_4282,s2_2_3,s1_below_2001,s2_760_2075,s4_37_47,Passenger Car,s2_11_28,Deployed,s2_97_208,s1_below_1,Male,s2_37_80,s3_141_159,s2_164_318,s4_160_220,s2_2_4
12892,s2_885_1695,s2_n103_99,s5_7_up,s1_below_4282,s2_2_3,s3_2003_2005,s2_760_2075,s1_below_7,Passenger Car,s3_28_48,Not Deployed,s2_97_208,s1_below_1,Female,s2_37_80,s3_141_159,s2_164_318,s6_260_up,s2_2_4
12893,s3_1695_2555,s2_n103_99,s4_n40_7,s1_below_4282,s4_4_5,s2_2001_2003,s2_760_2075,s5_47_57,Truck (<=10000 lbs.),s3_28_48,Deployed,s2_97_208,s1_below_1,Male,s4_96_114,s3_141_159,s3_318_464,s4_160_220,s3_4_5
12894,s3_1695_2555,s2_n103_99,s3_n81_n40,s1_below_4282,s4_4_5,s3_2003_2005,s2_760_2075,s3_17_37,Truck (<=6000 lbs.),s5_64_76,Deployed,s2_97_208,s1_below_1,Male,s4_96_114,s4_159_169,s2_164_318,s4_160_220,s3_4_5
12895,s2_885_1695,s2_n103_99,s4_n40_7,s1_below_4282,s4_4_5,s1_below_2001,s2_760_2075,s3_17_37,Passenger Car,s6_76_up,Deployed,s2_97_208,s2_1_2,Male,s2_37_80,s3_141_159,s2_164_318,s4_160_220,s2_2_4
12896,s3_1695_2555,s2_n103_99,s5_7_up,s1_below_4282,s6_6_up,s2_2001_2003,s2_760_2075,s4_37_47,Truck (<=6000 lbs.),s3_28_48,Not Deployed,s2_97_208,s1_below_1,Female,s3_80_96,s5_169_179,s2_164_318,s6_260_up,s2_2_4
12897,s2_885_1695,s2_n103_99,s4_n40_7,s1_below_4282,s1_below_2,s2_2001_2003,s2_760_2075,s3_17_37,Passenger Car,s2_11_28,Not Deployed,s2_97_208,s2_1_2,Female,s2_37_80,s3_141_159,s2_164_318,s2_40_80,s2_2_4
12898,s3_1695_2555,s2_n103_99,s4_n40_7,s1_below_4282,s1_below_2,s2_2001_2003,s2_760_2075,s3_17_37,Truck (<=10000 lbs.),s4_48_64,Not Deployed,s2_97_208,s1_below_1,Female,s3_80_96,s3_141_159,s2_164_318,s3_80_160,s2_2_4
12899,s2_885_1695,s2_n103_99,s4_n40_7,s1_below_4282,s2_2_3,s2_2001_2003,s2_760_2075,s3_17_37,Passenger Car,s6_76_up,Not Deployed,s2_97_208,s1_below_1,Male,s2_37_80,s3_141_159,s2_164_318,s2_40_80,s2_2_4
12900,s3_1695_2555,s2_n103_99,s4_n40_7,s1_below_4282,s2_2_3,s1_below_2001,s2_760_2075,s3_17_37,Truck (<=10000 lbs.),s4_48_64,Deployed,s2_97_208,s1_below_1,Male,s5_114_130,s5_169_179,s3_318_464,s4_160_220,s4_5_6
12901,s2_885_1695,s2_n103_99,s4_n40_7,s1_below_4282,s3_3_4,s1_below_2001,s2_760_2075,s3_17_37,Truck (<=6000 lbs.),s5_64_76,Deployed,s2_97_208,s1_below_1,Female,s2_37_80,s4_159_169,s2_164_318,s4_160_220,s2_2_4
12902,s3_1695_2555,s2_n103_99,s4_n40_7,s1_below_4282,s2_2_3,s3_2003_2005,s2_760_2075,s3_17_37,Truck (<=6000 lbs.),s3_28_48,Not Deployed,s2_97_208,s1_below_1,Male,s5_114_130,s3_141_159,s2_164_318,s3_80_160,s2_2_4
12903,s2_885_1695,s2_n103_99,s4_n40_7,s1_below_4282,s1_below_2,s1_below_2001,s2_760_2075,s3_17_37,Passenger Car,s3_28_48,Deployed,s2_97_208,s1_below_1,Female,s2_37_80,s3_141_159,s2_164_318,s4_160_220,s2_2_4
12904,s3_1695_2555,s2_n103_99,s4_n40_7,s1_below_4282,s3_3_4,s2_2001_2003,s2_760_2075,s4_37_47,Truck (<=6000 lbs.),s3_28_48,Not Deployed,s2_97_208,s1_below_1,Female,s2_37_80,s3_141_159,s2_164_318,s2_40_80,s2_2_4
12905,s2_885_1695,s2_n103_99,s4_n40_7,s1_below_4282,s1_below_2,s1_below_2001,s2_760_2075,s3_17_37,Passenger Car,s6_76_up,Not Deployed,s2_97_208,s4_3_4,Female,s2_37_80,s3_141_159,s2_164_318,s4_160_220,s2_2_4
12906,s2_885_1695,s2_n103_99,s4_n40_7,s1_below_4282,s3_3_4,s1_below_2001,s2_760_2075,s4_37_47,Passenger Car,s2_11_28,Deployed,s2_97_208,s2_1_2,Male,s2_37_80,s3_141_159,s2_164_318,s3_80_160,s2_2_4
12907,s3_1695_2555,s2_n103_99,s4_n40_7,s1_below_4282,s1_below_2,s2_2001_2003,s3_2075_3730,s3_17_37,Passenger Car,s6_76_up,Not Deployed,s2_97_208,s1_below_1,Male,s2_37_80,s4_159_169,s2_164_318,s2_40_80,s2_2_4
12908,s3_1695_2555,s2_n103_99,s4_n40_7,s1_below_4282,s4_4_5,s3_2003_2005,s2_760_2075,s3_17_37,Truck (<=10000 lbs.),s4_48_64,Not Deployed,s2_97_208,s1_below_1,Male,s4_96_114,s3_141_159,s3_318_464,s3_80_160,s3_4_5
12909,s3_1695_2555,s2_n103_99,s3_n81_n40,s1_below_4282,s1_below_2,s1_below_2001,s2_760_2075,s3_17_37,Truck (<=6000 lbs.),s3_28_48,Deployed,s2_97_208,s3_2_3,Female,s3_80_96,s3_141_159,s2_164_318,s3_80_160,s2_2_4
12910,s3_1695_2555,s2_n103_99,s4_n40_7,s1_below_4282,s2_2_3,s2_2001_2003,s2_760_2075,s4_37_47,Truck (<=6000 lbs.),s4_48_64,Not Deployed,s2_97_208,s1_below_1,Male,s2_37_80,s3_141_159,s2_164_318,s4_160_220,s2_2_4
12911,s2_885_1695,s2_n103_99,s4_n40_7,s1_below_4282,s2_2_3,s1_below_2001,s2_760_2075,s4_37_47,Passenger Car,s2_11_28,Deployed,s2_97_208,s1_below_1,Male,s2_37_80,s3_141_159,s2_164_318,s3_80_160,s2_2_4
12912,s3_1695_2555,s2_n103_99,s5_7_up,s1_below_4282,s1_below_2,s3_2003_2005,s2_760_2075,s4_37_47,Truck (<=6000 lbs.),s3_28_48,Not Deployed,s2_97_208,s1_below_1,Female,s2_37_80,s5_169_179,s2_164_318,s6_260_up,s4_5_6
12913,s2_885_1695,s2_n103_99,s4_n40_7,s1_below_4282,s1_below_2,s3_2003_2005,s2_760_2075,s3_17_37,Passenger Car,s4_48_64,Deployed,s2_97_208,s1_below_1,Male,s3_80_96,s3_141_159,s2_164_318,s3_80_160,s2_2_4
12914,s2_885_1695,s2_n103_99,s4_n40_7,s1_below_4282,s1_below_2,s3_2003_2005,s2_760_2075,s3_17_37,Passenger Car,s5_64_76,Deployed,s2_97_208,s3_2_3,Female,s3_80_96,s3_141_159,s2_164_318,s3_80_160,s2_2_4
12915,s3_1695_2555,s2_n103_99,s4_n40_7,s1_below_4282,s3_3_4,s2_2001_2003,s2_760_2075,s5_47_57,Truck (<=6000 lbs.),s3_28_48,Not Deployed,s2_97_208,s1_below_1,Female,s2_37_80,s3_141_159,s2_164_318,s4_160_220,s2_2_4
12916,s3_1695_2555,s2_n103_99,s4_n40_7,s1_below_4282,s2_2_3,s1_below_2001,s2_760_2075,s3_17_37,Truck (<=10000 lbs.),s3_28_48,Not Deployed,s2_97_208,s1_below_1,Female,s2_37_80,s4_159_169,s3_318_464,s3_80_160,s4_5_6
12917,s2_885_1695,s2_n103_99,s4_n40_7,s1_below_4282,s3_3_4,s2_2001_2003,s2_760_2075,s4_37_47,Passenger Car,s4_48_64,Not Deployed,s2_97_208,s1_below_1,Female,s4_96_114,s3_141_159,s2_164_318,s3_80_160,s2_2_4
12918,s2_885_1695,s2_n103_99,s4_n40_7,s1_below_4282,s3_3_4,s1_below_2001,s2_760_2075,s3_17_37,Passenger Car,s3_28_48,Not Deployed,s2_97_208,s1_below_1,Male,s3_80_96,s3_141_159,s2_164_318,s3_80_160,s2_2_4
12919,s2_885_1695,s2_n103_99,s4_n40_7,s1_below_4282,s1_below_2,s2_2001_2003,s2_760_2075,s4_37_47,Passenger Car,s3_28_48,Not Deployed,s2_97_208,s1_below_1,Female,s2_37_80,s3_141_159,s2_164_318,s3_80_160,s2_2_4
12920,s2_885_1695,s2_n103_99,s5_7_up,s1_below_4282,s2_2_3,s1_below_2001,s2_760_2075,s4_37_47,Passenger Car,s3_28_48,Not Deployed,s2_97_208,s1_below_1,Female,s4_96_114,s3_141_159,s2_164_318,s6_260_up,s2_2_4
12921,s2_885_1695,s2_n103_99,s4_n40_7,s1_below_4282,s2_2_3,s2_2001_2003,s2_760_2075,s3_17_37,Passenger Car,s4_48_64,Not Deployed,s2_97_208,s1_below_1,Female,s2_37_80,s3_141_159,s2_164_318,s3_80_160,s2_2_4
12922,s3_1695_2555,s2_n103_99,s4_n40_7,s1_below_4282,s3_3_4,s1_below_2001,s2_760_2075,s4_37_47,Passenger Car,s4_48_64,Deployed,s2_97_208,s1_below_1,Male,s3_80_96,s3_141_159,s2_164_318,s3_80_160,s2_2_4
12923,s2_885_1695,s2_n103_99,s4_n40_7,s1_below_4282,s3_3_4,s3_2003_2005,s3_2075_3730,s3_17_37,Passenger Car,s3_28_48,Not Deployed,s2_97_208,s4_3_4,Female,s2_37_80,s3_141_159,s2_164_318,s3_80_160,s2_2_4
12924,s3_1695_2555,s2_n103_99,s4_n40_7,s1_below_4282,s1_below_2,s3_2003_2005,s2_760_2075,s3_17_37,Truck (<=6000 lbs.),s3_28_48,Not Deployed,s2_97_208,s1_below_1,Female,s2_37_80,s4_159_169,s2_164_318,s3_80_160,s3_4_5
12925,s2_885_1695,s2_n103_99,s4_n40_7,s1_below_4282,s3_3_4,s3_2003_2005,s2_760_2075,s4_37_47,Passenger Car,s3_28_48,Deployed,s2_97_208,s1_below_1,Male,s2_37_80,s3_141_159,s2_164_318,s3_80_160,s2_2_4
12926,s2_885_1695,s2_n103_99,s4_n40_7,s1_below_4282,s1_below_2,s2_2001_2003,s2_760_2075,s4_37_47,Passenger Car,s2_11_28,Not Deployed,s2_97_208,s1_below_1,Male,s4_96_114,s3_141_159,s2_164_318,s4_160_220,s2_2_4
12927,s2_885_1695,s2_n103_99,s4_n40_7,s1_below_4282,s1_below_2,s2_2001_2003,s2_760_2075,s3_17_37,Truck (<=6000 lbs.),s4_48_64,Deployed,s2_97_208,s2_1_2,Female,s4_96_114,s3_141_159,s2_164_318,s3_80_160,s2_2_4
12928,s2_885_1695,s2_n103_99,s4_n40_7,s1_below_4282,s3_3_4,s3_2003_2005,s2_760_2075,s3_17_37,Passenger Car,s2_11_28,Deployed,s2_97_208,s1_below_1,Female,s2_37_80,s3_141_159,s2_164_318,s3_80_160,s2_2_4
12929,s2_885_1695,s2_n103_99,s4_n40_7,s1_below_4282,s1_below_2,s1_below_2001,s2_760_2075,s4_37_47,Passenger Car,s3_28_48,Deployed,s2_97_208,s1_below_1,Male,s3_80_96,s3_141_159,s2_164_318,s3_80_160,s2_2_4
12930,s2_885_1695,s2_n103_99,s4_n40_7,s1_below_4282,s2_2_3,s3_2003_2005,s2_760_2075,s3_17_37,Passenger Car,s3_28_48,Deployed,s2_97_208,s1_below_1,Female,s2_37_80,s3_141_159,s2_164_318,s3_80_160,s2_2_4
12931,s2_885_1695,s2_n103_99,s4_n40_7,s1_below_4282,s2_2_3,s2_2001_2003,s3_2075_3730,s4_37_47,Passenger Car,s2_11_28,Not Deployed,s2_97_208,s1_below_1,Male,s2_37_80,s3_141_159,s2_164_318,s4_160_220,s2_2_4
12932,s2_885_1695,s2_n103_99,s4_n40_7,s1_below_4282,s3_3_4,s1_below_2001,s2_760_2075,s3_17_37,Passenger Car,s4_48_64,Deployed,s2_97_208,s2_1_2,Female,s2_37_80,s3_141_159,s2_164_318,s3_80_160,s2_2_4
12933,s2_885_1695,s2_n103_99,s5_7_up,s1_below_4282,s1_below_2,s2_2001_2003,s2_760_2075,s4_37_47,Passenger Car,s3_28_48,Not Deployed,s2_97_208,s1_below_1,Female,s2_37_80,s3_141_159,s2_164_318,s6_260_up,s2_2_4
12934,s2_885_1695,s2_n103_99,s4_n40_7,s1_below_4282,s2_2_3,s2_2001_2003,s2_760_2075,s4_37_47,Truck (<=6000 lbs.),s2_11_28,Not Deployed,s2_97_208,s1_below_1,Female,s2_37_80,s3_141_159,s2_164_318,s3_80_160,s2_2_4
12935,s2_885_1695,s2_n103_99,s4_n40_7,s1_below_4282,s3_3_4,s1_below_2001,s2_760_2075,s4_37_47,Passenger Car,s2_11_28,Deployed,s2_97_208,s1_below_1,Female,s2_37_80,s3_141_159,s2_164_318,s3_80_160,s2_2_4
12936,s3_1695_2555,s2_n103_99,s4_n40_7,s1_below_4282,s1_below_2,s1_below_2001,s2_760_2075,s5_47_57,Truck (<=10000 lbs.),s3_28_48,Deployed,s2_97_208,s2_1_2,Female,s3_80_96,s3_141_159,s2_164_318,s3_80_160,s2_2_4
12937,s3_1695_2555,s2_n103_99,s4_n40_7,s1_below_4282,s1_below_2,s3_2003_2005,s3_2075_3730,s5_47_57,Truck (<=6000 lbs.),s3_28_48,Deployed,s2_97_208,s1_below_1,Female,s4_96_114,s3_141_159,s2_164_318,s3_80_160,s2_2_4
12938,s4_2555_3715,s2_n103_99,s4_n40_7,s1_below_4282,s2_2_3,s2_2001_2003,s2_760_2075,s4_37_47,Truck (<=10000 lbs.),s3_28_48,Deployed,s2_97_208,s1_below_1,Male,s2_37_80,s4_159_169,s3_318_464,s3_80_160,s4_5_6
12939,s2_885_1695,s2_n103_99,s4_n40_7,s1_below_4282,s2_2_3,s1_below_2001,s3_2075_3730,s4_37_47,Truck (<=6000 lbs.),s3_28_48,Not Deployed,s2_97_208,s2_1_2,Female,s2_37_80,s3_141_159,s2_164_318,s3_80_160,s2_2_4
12940,s3_1695_2555,s2_n103_99,s4_n40_7,s1_below_4282,s1_below_2,s2_2001_2003,s2_760_2075,s3_17_37,Truck (<=10000 lbs.),s4_48_64,Not Deployed,s2_97_208,s1_below_1,Male,s3_80_96,s5_169_179,s3_318_464,s3_80_160,s4_5_6
12941,s3_1695_2555,s2_n103_99,s4_n40_7,s1_below_4282,s2_2_3,s3_2003_2005,s2_760_2075,s4_37_47,Truck (<=6000 lbs.),s3_28_48,Deployed,s2_97_208,s2_1_2,Male,s2_37_80,s3_141_159,s2_164_318,s4_160_220,s2_2_4
12942,s2_885_1695,s2_n103_99,s4_n40_7,s1_below_4282,s2_2_3,s1_below_2001,s2_760_2075,s4_37_47,Truck (<=6000 lbs.),s2_11_28,Deployed,s2_97_208,s1_below_1,Male,s3_80_96,s3_141_159,s3_318_464,s3_80_160,s2_2_4
12943,s2_885_1695,s2_n103_99,s4_n40_7,s1_below_4282,s2_2_3,s2_2001_2003,s2_760_2075,s3_17_37,Passenger Car,s4_48_64,Deployed,s2_97_208,s1_below_1,Female,s2_37_80,s3_141_159,s2_164_318,s3_80_160,s2_2_4
12944,s2_885_1695,s2_n103_99,s4_n40_7,s1_below_4282,s1_below_2,s3_2003_2005,s2_760_2075,s5_47_57,Passenger Car,s2_11_28,Not Deployed,s2_97_208,s1_below_1,Female,s2_37_80,s3_141_159,s2_164_318,s2_40_80,s2_2_4
12945,s2_885_1695,s2_n103_99,s4_n40_7,s1_below_4282,s1_below_2,s1_below_2001,s2_760_2075,s5_47_57,Passenger Car,s6_76_up,Deployed,s2_97_208,s1_below_1,Female,s2_37_80,s3_141_159,s2_164_318,s3_80_160,s2_2_4
12946,s3_1695_2555,s2_n103_99,s4_n40_7,s1_below_4282,s3_3_4,s2_2001_2003,s2_760_2075,s3_17_37,Truck (<=10000 lbs.),s3_28_48,Not Deployed,s2_97_208,s1_below_1,Male,s2_37_80,s4_159_169,s3_318_464,s3_80_160,s4_5_6
12947,s3_1695_2555,s2_n103_99,s3_n81_n40,s1_below_4282,s2_2_3,s3_2003_2005,s3_2075_3730,s3_17_37,Truck (<=10000 lbs.),s2_11_28,Deployed,s2_97_208,s1_below_1,Female,s2_37_80,s3_141_159,s2_164_318,s3_80_160,s2_2_4
12948,s3_1695_2555,s2_n103_99,s3_n81_n40,s1_below_4282,s2_2_3,s3_2003_2005,s3_2075_3730,s3_17_37,Truck (<=10000 lbs.),s2_11_28,Deployed,s2_97_208,s1_below_1,Male,s3_80_96,s3_141_159,s2_164_318,s3_80_160,s2_2_4
12949,s3_1695_2555,s2_n103_99,s4_n40_7,s1_below_4282,s3_3_4,s1_below_2001,s2_760_2075,s4_37_47,Truck (<=10000 lbs.),s3_28_48,Deployed,s2_97_208,s1_below_1,Male,s3_80_96,s5_169_179,s3_318_464,s3_80_160,s4_5_6
12950,s2_885_1695,s2_n103_99,s4_n40_7,s1_below_4282,s3_3_4,s2_2001_2003,s2_760_2075,s4_37_47,Passenger Car,s4_48_64,Not Deployed,s2_97_208,s2_1_2,Female,s2_37_80,s3_141_159,s2_164_318,s3_80_160,s2_2_4
12951,s3_1695_2555,s2_n103_99,s4_n40_7,s1_below_4282,s2_2_3,s1_below_2001,s2_760_2075,s4_37_47,Truck (<=6000 lbs.),s4_48_64,Deployed,s2_97_208,s1_below_1,Male,s4_96_114,s3_141_159,s3_318_464,s3_80_160,s3_4_5
12952,s2_885_1695,s2_n103_99,s4_n40_7,s1_below_4282,s1_below_2,s3_2003_2005,s2_760_2075,s4_37_47,Passenger Car,s4_48_64,Deployed,s2_97_208,s1_below_1,Female,s2_37_80,s3_141_159,s2_164_318,s3_80_160,s2_2_4
12953,s2_885_1695,s2_n103_99,s4_n40_7,s1_below_4282,s1_below_2,s3_2003_2005,s2_760_2075,s3_17_37,Passenger Car,s4_48_64,Deployed,s2_97_208,s2_1_2,Male,s3_80_96,s3_141_159,s2_164_318,s4_160_220,s2_2_4
12954,s2_885_1695,s2_n103_99,s4_n40_7,s1_below_4282,s4_4_5,s1_below_2001,s2_760_2075,s3_17_37,Passenger Car,s2_11_28,Not Deployed,s2_97_208,s1_below_1,Female,s2_37_80,s3_141_159,s2_164_318,s3_80_160,s2_2_4
12955,s2_885_1695,s2_n103_99,s4_n40_7,s1_below_4282,s2_2_3,s1_below_2001,s2_760_2075,s4_37_47,Passenger Car,s2_11_28,Deployed,s2_97_208,s1_below_1,Female,s3_80_96,s3_141_159,s2_164_318,s3_80_160,s2_2_4
12956,s2_885_1695,s2_n103_99,s4_n40_7,s1_below_4282,s3_3_4,s2_2001_2003,s3_2075_3730,s3_17_37,Passenger Car,s2_11_28,Not Deployed,s2_97_208,s1_below_1,Male,s2_37_80,s3_141_159,s2_164_318,s6_260_up,s2_2_4
12957,s3_1695_2555,s2_n103_99,s4_n40_7,s1_below_4282,s2_2_3,s2_2001_2003,s2_760_2075,s4_37_47,Truck (<=6000 lbs.),s3_28_48,Not Deployed,s2_97_208,s1_below_1,Male,s5_114_130,s3_141_159,s2_164_318,s3_80_160,s2_2_4
12958,s2_885_1695,s2_n103_99,s4_n40_7,s1_below_4282,s2_2_3,s2_2001_2003,s2_760_2075,s5_47_57,Passenger Car,s2_11_28,Deployed,s2_97_208,s2_1_2,Female,s2_37_80,s3_141_159,s2_164_318,s3_80_160,s2_2_4
12959,s2_885_1695,s2_n103_99,s5_7_up,s1_below_4282,s1_below_2,s2_2001_2003,s3_2075_3730,s5_47_57,Passenger Car,s3_28_48,Not Deployed,s2_97_208,s1_below_1,Female,s2_37_80,s3_141_159,s2_164_318,s6_260_up,s2_2_4
12960,s2_885_1695,s2_n103_99,s4_n40_7,s1_below_4282,s1_below_2,s2_2001_2003,s2_760_2075,s3_17_37,Truck (<=6000 lbs.),s2_11_28,Not Deployed,s2_97_208,s1_below_1,Male,s2_37_80,s3_141_159,s2_164_318,s3_80_160,s2_2_4
12961,s3_1695_2555,s2_n103_99,s4_n40_7,s1_below_4282,s3_3_4,s2_2001_2003,s2_760_2075,s3_17_37,Truck (<=6000 lbs.),s2_11_28,Deployed,s2_97_208,s1_below_1,Female,s2_37_80,s3_141_159,s2_164_318,s3_80_160,s2_2_4
12962,s2_885_1695,s2_n103_99,s4_n40_7,s1_below_4282,s1_below_2,s2_2001_2003,s2_760_2075,s3_17_37,Passenger Car,s3_28_48,Deployed,s2_97_208,s1_below_1,Female,s3_80_96,s3_141_159,s2_164_318,s3_80_160,s2_2_4
12963,s2_885_1695,s2_n103_99,s4_n40_7,s1_below_4282,s1_below_2,s2_2001_2003,s2_760_2075,s3_17_37,Passenger Car,s6_76_up,Not Deployed,s2_97_208,s1_below_1,Male,s2_37_80,s3_141_159,s2_164_318,s4_160_220,s2_2_4
12964,s4_2555_3715,s2_n103_99,s4_n40_7,s1_below_4282,s1_below_2,s3_2003_2005,s2_760_2075,s4_37_47,Truck (<=10000 lbs.),s3_28_48,Not Deployed,s2_97_208,s1_below_1,Female,s2_37_80,s5_169_179,s2_164_318,s4_160_220,s3_4_5
12965,s2_885_1695,s2_n103_99,s4_n40_7,s1_below_4282,s3_3_4,s2_2001_2003,s2_760_2075,s3_17_37,Passenger Car,s3_28_48,Deployed,s2_97_208,s1_below_1,Male,s3_80_96,s3_141_159,s2_164_318,s3_80_160,s2_2_4
12966,s2_885_1695,s2_n103_99,s4_n40_7,s1_below_4282,s1_below_2,s3_2003_2005,s2_760_2075,s3_17_37,Passenger Car,s3_28_48,Not Deployed,s2_97_208,s1_below_1,Male,s2_37_80,s3_141_159,s2_164_318,s4_160_220,s2_2_4
12967,s3_1695_2555,s2_n103_99,s4_n40_7,s1_below_4282,s1_below_2,s3_2003_2005,s2_760_2075,s6_57_up,Truck (<=6000 lbs.),s3_28_48,Deployed,s2_97_208,s1_below_1,Male,s2_37_80,s4_159_169,s2_164_318,s3_80_160,s3_4_5
12968,s3_1695_2555,s2_n103_99,s4_n40_7,s1_below_4282,s3_3_4,s3_2003_2005,s2_760_2075,s4_37_47,Truck (<=6000 lbs.),s2_11_28,Not Deployed,s2_97_208,s1_below_1,Male,s2_37_80,s5_169_179,s2_164_318,s4_160_220,s4_5_6
12969,s2_885_1695,s2_n103_99,s4_n40_7,s1_below_4282,s1_below_2,s1_below_2001,s2_760_2075,s3_17_37,Passenger Car,s2_11_28,Deployed,s2_97_208,s1_below_1,Female,s2_37_80,s3_141_159,s2_164_318,s4_160_220,s2_2_4
12970,s3_1695_2555,s2_n103_99,s4_n40_7,s1_below_4282,s1_below_2,s1_below_2001,s2_760_2075,s3_17_37,Truck (<=10000 lbs.),s2_11_28,Not Deployed,s2_97_208,s1_below_1,Male,s3_80_96,s4_159_169,s3_318_464,s4_160_220,s4_5_6
12971,s2_885_1695,s2_n103_99,s5_7_up,s1_below_4282,s1_below_2,s3_2003_2005,s2_760_2075,s3_17_37,Truck (<=6000 lbs.),s3_28_48,Not Deployed,s2_97_208,s1_below_1,Female,s2_37_80,s3_141_159,s2_164_318,s6_260_up,s2_2_4
12972,s2_885_1695,s2_n103_99,s5_7_up,s1_below_4282,s4_4_5,s3_2003_2005,s2_760_2075,s4_37_47,Truck (<=6000 lbs.),s3_28_48,Not Deployed,s2_97_208,s1_below_1,Female,s2_37_80,s3_141_159,s2_164_318,s6_260_up,s2_2_4
12973,s2_885_1695,s2_n103_99,s4_n40_7,s1_below_4282,s4_4_5,s1_below_2001,s2_760_2075,s4_37_47,Passenger Car,s2_11_28,Not Deployed,s2_97_208,s1_below_1,Male,s2_37_80,s3_141_159,s2_164_318,s3_80_160,s2_2_4
12974,s2_885_1695,s2_n103_99,s4_n40_7,s1_below_4282,s3_3_4,s2_2001_2003,s2_760_2075,s4_37_47,Passenger Car,s2_11_28,Deployed,s2_97_208,s1_below_1,Male,s2_37_80,s3_141_159,s2_164_318,s3_80_160,s2_2_4
12975,s2_885_1695,s2_n103_99,s4_n40_7,s1_below_4282,s3_3_4,s1_below_2001,s2_760_2075,s4_37_47,Passenger Car,s5_64_76,Not Deployed,s2_97_208,s1_below_1,Female,s2_37_80,s3_141_159,s2_164_318,s3_80_160,s2_2_4
12976,s2_885_1695,s2_n103_99,s4_n40_7,s1_below_4282,s1_below_2,s3_2003_2005,s2_760_2075,s3_17_37,Passenger Car,s2_11_28,Deployed,s2_97_208,s1_below_1,Female,s2_37_80,s3_141_159,s2_164_318,s3_80_160,s2_2_4
12977,s3_1695_2555,s2_n103_99,s4_n40_7,s1_below_4282,s1_below_2,s1_below_2001,s2_760_2075,s4_37_47,Truck (<=6000 lbs.),s3_28_48,Deployed,s2_97_208,s1_below_1,Male,s2_37_80,s3_141_159,s2_164_318,s3_80_160,s2_2_4
12978,s2_885_1695,s2_n103_99,s4_n40_7,s1_below_4282,s1_below_2,s2_2001_2003,s2_760_2075,s3_17_37,Passenger Car,s3_28_48,Not Deployed,s2_97_208,s1_below_1,Female,s2_37_80,s3_141_159,s2_164_318,s3_80_160,s2_2_4
12979,s2_885_1695,s2_n103_99,s4_n40_7,s1_below_4282,s3_3_4,s2_2001_2003,s2_760_2075,s4_37_47,Truck (<=6000 lbs.),s4_48_64,Deployed,s2_97_208,s1_below_1,Female,s2_37_80,s3_141_159,s2_164_318,s3_80_160,s2_2_4
12980,s2_885_1695,s2_n103_99,s2_n112_n81,s2_4282_6970,s1_below_2,s3_2003_2005,s2_760_2075,s4_37_47,Passenger Car,s3_28_48,Deployed,s2_97_208,s5_4_5,Female,s2_37_80,s3_141_159,s2_164_318,s3_80_160,s2_2_4
12981,s3_1695_2555,s2_n103_99,s4_n40_7,s1_below_4282,s1_below_2,s1_below_2001,s2_760_2075,s3_17_37,Truck (<=10000 lbs.),s3_28_48,Deployed,s2_97_208,s1_below_1,Male,s3_80_96,s4_159_169,s2_164_318,s3_80_160,s3_4_5
12982,s2_885_1695,s2_n103_99,s5_7_up,s1_below_4282,s2_2_3,s1_below_2001,s2_760_2075,s6_57_up,Passenger Car,s2_11_28,Deployed,s2_97_208,s3_2_3,Female,s2_37_80,s3_141_159,s2_164_318,s6_260_up,s2_2_4
12983,s3_1695_2555,s2_n103_99,s4_n40_7,s1_below_4282,s1_below_2,s3_2003_2005,s2_760_2075,s4_37_47,Truck (<=10000 lbs.),s3_28_48,Not Deployed,s2_97_208,s1_below_1,Female,s2_37_80,s4_159_169,s2_164_318,s3_80_160,s2_2_4
12984,s2_885_1695,s2_n103_99,s4_n40_7,s1_below_4282,s3_3_4,s2_2001_2003,s2_760_2075,s4_37_47,Passenger Car,s5_64_76,Deployed,s2_97_208,s1_below_1,Female,s2_37_80,s3_141_159,s2_164_318,s3_80_160,s2_2_4
12985,s3_1695_2555,s2_n103_99,s4_n40_7,s1_below_4282,s3_3_4,s3_2003_2005,s2_760_2075,s3_17_37,Truck (<=6000 lbs.),s5_64_76,Not Deployed,s2_97_208,s1_below_1,Female,s2_37_80,s3_141_159,s2_164_318,s3_80_160,s2_2_4
12986,s2_885_1695,s2_n103_99,s4_n40_7,s1_below_4282,s2_2_3,s3_2003_2005,s2_760_2075,s3_17_37,Truck (<=6000 lbs.),s4_48_64,Not Deployed,s2_97_208,s1_below_1,Male,s2_37_80,s3_141_159,s2_164_318,s2_40_80,s2_2_4
12987,s2_885_1695,s2_n103_99,s4_n40_7,s1_below_4282,s3_3_4,s3_2003_2005,s2_760_2075,s3_17_37,Passenger Car,s2_11_28,Not Deployed,s2_97_208,s1_below_1,Female,s3_80_96,s3_141_159,s2_164_318,s1_below_40,s2_2_4
12988,s2_885_1695,s2_n103_99,s4_n40_7,s1_below_4282,s2_2_3,s3_2003_2005,s3_2075_3730,s6_57_up,Passenger Car,s4_48_64,Not Deployed,s2_97_208,s1_below_1,Male,s2_37_80,s3_141_159,s2_164_318,s6_260_up,s2_2_4
12989,s2_885_1695,s2_n103_99,s5_7_up,s1_below_4282,s2_2_3,s3_2003_2005,s3_2075_3730,s5_47_57,Passenger Car,s3_28_48,Not Deployed,s2_97_208,s1_below_1,Female,s3_80_96,s3_141_159,s2_164_318,s6_260_up,s2_2_4
12990,s2_885_1695,s2_n103_99,s4_n40_7,s1_below_4282,s4_4_5,s2_2001_2003,s2_760_2075,s4_37_47,Passenger Car,s3_28_48,Not Deployed,s2_97_208,s1_below_1,Female,s2_37_80,s3_141_159,s2_164_318,s3_80_160,s2_2_4
12991,s2_885_1695,s2_n103_99,s4_n40_7,s1_below_4282,s1_below_2,s2_2001_2003,s2_760_2075,s3_17_37,Passenger Car,s2_11_28,Deployed,s2_97_208,s1_below_1,Female,s2_37_80,s3_141_159,s2_164_318,s4_160_220,s2_2_4
12992,s2_885_1695,s2_n103_99,s4_n40_7,s1_below_4282,s2_2_3,s1_below_2001,s2_760_2075,s5_47_57,Passenger Car,s3_28_48,Deployed,s2_97_208,s1_below_1,Male,s4_96_114,s3_141_159,s2_164_318,s3_80_160,s2_2_4
12993,s2_885_1695,s2_n103_99,s4_n40_7,s1_below_4282,s2_2_3,s2_2001_2003,s2_760_2075,s3_17_37,Passenger Car,s3_28_48,Not Deployed,s2_97_208,s2_1_2,Female,s2_37_80,s3_141_159,s2_164_318,s4_160_220,s2_2_4
12994,s3_1695_2555,s2_n103_99,s5_7_up,s1_below_4282,s1_below_2,s2_2001_2003,s2_760_2075,s4_37_47,Truck (<=6000 lbs.),s2_11_28,Not Deployed,s2_97_208,s2_1_2,Female,s2_37_80,s3_141_159,s2_164_318,s4_160_220,s2_2_4
12995,s2_885_1695,s2_n103_99,s4_n40_7,s1_below_4282,s2_2_3,s1_below_2001,s3_2075_3730,s4_37_47,Truck (<=6000 lbs.),s4_48_64,Not Deployed,s2_97_208,s4_3_4,Female,s2_37_80,s3_141_159,s2_164_318,s3_80_160,s2_2_4
12996,s2_885_1695,s2_n103_99,s4_n40_7,s1_below_4282,s4_4_5,s2_2001_2003,s2_760_2075,s4_37_47,Passenger Car,s2_11_28,Not Deployed,s2_97_208,s1_below_1,Male,s2_37_80,s3_141_159,s2_164_318,s4_160_220,s2_2_4
12997,s2_885_1695,s2_n103_99,s4_n40_7,s1_below_4282,s4_4_5,s2_2001_2003,s2_760_2075,s4_37_47,Truck (<=6000 lbs.),s3_28_48,Not Deployed,s2_97_208,s1_below_1,Female,s6_130_up,s3_141_159,s2_164_318,s3_80_160,s2_2_4
12998,s3_1695_2555,s2_n103_99,s4_n40_7,s1_below_4282,s1_below_2,s2_2001_2003,s2_760_2075,s4_37_47,Truck (<=6000 lbs.),s3_28_48,Deployed,s2_97_208,s1_below_1,Male,s4_96_114,s3_141_159,s2_164_318,s3_80_160,s2_2_4
12999,s3_1695_2555,s2_n103_99,s4_n40_7,s1_below_4282,s2_2_3,s3_2003_2005,s2_760_2075,s3_17_37,Truck (<=10000 lbs.),s4_48_64,Deployed,s2_97_208,s1_below_1,Female,s2_37_80,s4_159_169,s2_164_318,s3_80_160,s3_4_5
13000,s3_1695_2555,s2_n103_99,s5_7_up,s1_below_4282,s4_4_5,s2_2001_2003,s2_760_2075,s5_47_57,Passenger Car,s3_28_48,Not Deployed,s2_97_208,s1_below_1,Male,s4_96_114,s4_159_169,s2_164_318,s6_260_up,s2_2_4
13001,s2_885_1695,s2_n103_99,s4_n40_7,s1_below_4282,s3_3_4,s3_2003_2005,s2_760_2075,s5_47_57,Passenger Car,s3_28_48,Not Deployed,s2_97_208,s1_below_1,Female,s3_80_96,s3_141_159,s2_164_318,s3_80_160,s2_2_4
13002,s3_1695_2555,s2_n103_99,s4_n40_7,s1_below_4282,s4_4_5,s3_2003_2005,s2_760_2075,s4_37_47,Truck (<=6000 lbs.),s2_11_28,Deployed,s2_97_208,s1_below_1,Male,s2_37_80,s5_169_179,s2_164_318,s4_160_220,s3_4_5
13003,s2_885_1695,s2_n103_99,s4_n40_7,s1_below_4282,s1_below_2,s1_below_2001,s3_2075_3730,s3_17_37,Passenger Car,s2_11_28,Deployed,s2_97_208,s4_3_4,Female,s3_80_96,s3_141_159,s2_164_318,s4_160_220,s2_2_4
13004,s3_1695_2555,s2_n103_99,s4_n40_7,s1_below_4282,s3_3_4,s2_2001_2003,s2_760_2075,s3_17_37,Truck (<=10000 lbs.),s3_28_48,Deployed,s2_97_208,s1_below_1,Male,s3_80_96,s5_169_179,s2_164_318,s3_80_160,s3_4_5
13005,s2_885_1695,s2_n103_99,s5_7_up,s1_below_4282,s3_3_4,s2_2001_2003,s2_760_2075,s4_37_47,Truck (<=6000 lbs.),s4_48_64,Not Deployed,s2_97_208,s2_1_2,Male,s6_130_up,s3_141_159,s3_318_464,s6_260_up,s2_2_4
13006,s2_885_1695,s2_n103_99,s4_n40_7,s1_below_4282,s3_3_4,s3_2003_2005,s2_760_2075,s4_37_47,Passenger Car,s3_28_48,Deployed,s2_97_208,s1_below_1,Male,s3_80_96,s3_141_159,s2_164_318,s3_80_160,s2_2_4
13007,s3_1695_2555,s2_n103_99,s4_n40_7,s1_below_4282,s3_3_4,s2_2001_2003,s2_760_2075,s3_17_37,Truck (<=6000 lbs.),s3_28_48,Deployed,s2_97_208,s1_below_1,Female,s2_37_80,s4_159_169,s2_164_318,s3_80_160,s3_4_5
13008,s2_885_1695,s2_n103_99,s4_n40_7,s1_below_4282,s3_3_4,s2_2001_2003,s2_760_2075,s4_37_47,Passenger Car,s3_28_48,Not Deployed,s2_97_208,s1_below_1,Male,s4_96_114,s3_141_159,s2_164_318,s3_80_160,s2_2_4
13009,s3_1695_2555,s2_n103_99,s4_n40_7,s1_below_4282,s2_2_3,s3_2003_2005,s2_760_2075,s4_37_47,Truck (<=6000 lbs.),s4_48_64,Not Deployed,s2_97_208,s1_below_1,Female,s2_37_80,s3_141_159,s2_164_318,s4_160_220,s2_2_4
13010,s2_885_1695,s2_n103_99,s4_n40_7,s1_below_4282,s3_3_4,s3_2003_2005,s2_760_2075,s4_37_47,Passenger Car,s2_11_28,Deployed,s2_97_208,s1_below_1,Female,s2_37_80,s3_141_159,s2_164_318,s3_80_160,s2_2_4
13011,s2_885_1695,s2_n103_99,s4_n40_7,s1_below_4282,s2_2_3,s2_2001_2003,s2_760_2075,s4_37_47,Passenger Car,s2_11_28,Not Deployed,s2_97_208,s1_below_1,Male,s3_80_96,s3_141_159,s2_164_318,s4_160_220,s2_2_4
13012,s3_1695_2555,s2_n103_99,s4_n40_7,s1_below_4282,s3_3_4,s1_below_2001,s2_760_2075,s4_37_47,Passenger Car,s3_28_48,Deployed,s2_97_208,s3_2_3,Male,s3_80_96,s4_159_169,s2_164_318,s3_80_160,s2_2_4
13013,s4_2555_3715,s2_n103_99,s4_n40_7,s1_below_4282,s1_below_2,s3_2003_2005,s2_760_2075,s5_47_57,Truck (<=10000 lbs.),s3_28_48,Deployed,s2_97_208,s1_below_1,Male,s5_114_130,s5_169_179,s3_318_464,s4_160_220,s4_5_6
13014,s3_1695_2555,s2_n103_99,s4_n40_7,s1_below_4282,s1_below_2,s2_2001_2003,s2_760_2075,s4_37_47,Truck (<=10000 lbs.),s3_28_48,Deployed,s2_97_208,s3_2_3,Male,s3_80_96,s5_169_179,s2_164_318,s3_80_160,s3_4_5
13015,s2_885_1695,s2_n103_99,s4_n40_7,s1_below_4282,s1_below_2,s2_2001_2003,s2_760_2075,s3_17_37,Truck (<=6000 lbs.),s2_11_28,Deployed,s2_97_208,s3_2_3,Male,s2_37_80,s3_141_159,s3_318_464,s3_80_160,s2_2_4
13016,s2_885_1695,s2_n103_99,s4_n40_7,s1_below_4282,s2_2_3,s1_below_2001,s2_760_2075,s4_37_47,Passenger Car,s6_76_up,Deployed,s2_97_208,s1_below_1,Male,s4_96_114,s3_141_159,s2_164_318,s3_80_160,s2_2_4
13017,s2_885_1695,s2_n103_99,s5_7_up,s1_below_4282,s2_2_3,s2_2001_2003,s2_760_2075,s4_37_47,Passenger Car,s5_64_76,Not Deployed,s2_97_208,s1_below_1,Male,s2_37_80,s3_141_159,s2_164_318,s6_260_up,s2_2_4
13018,s2_885_1695,s2_n103_99,s4_n40_7,s1_below_4282,s2_2_3,s2_2001_2003,s2_760_2075,s3_17_37,Passenger Car,s2_11_28,Not Deployed,s2_97_208,s1_below_1,Male,s2_37_80,s3_141_159,s2_164_318,s2_40_80,s2_2_4
13019,s3_1695_2555,s2_n103_99,s4_n40_7,s1_below_4282,s2_2_3,s2_2001_2003,s2_760_2075,s3_17_37,Truck (<=6000 lbs.),s3_28_48,Not Deployed,s2_97_208,s1_below_1,Female,s2_37_80,s3_141_159,s2_164_318,s3_80_160,s2_2_4
13020,s3_1695_2555,s2_n103_99,s4_n40_7,s1_below_4282,s2_2_3,s2_2001_2003,s3_2075_3730,s3_17_37,Truck (<=10000 lbs.),s3_28_48,Not Deployed,s2_97_208,s1_below_1,Female,s2_37_80,s4_159_169,s3_318_464,s3_80_160,s4_5_6
13021,s2_885_1695,s2_n103_99,s4_n40_7,s1_below_4282,s5_5_6,s2_2001_2003,s3_2075_3730,s4_37_47,Passenger Car,s2_11_28,Not Deployed,s2_97_208,s1_below_1,Female,s2_37_80,s3_141_159,s2_164_318,s3_80_160,s2_2_4
13022,s2_885_1695,s2_n103_99,s4_n40_7,s1_below_4282,s3_3_4,s1_below_2001,s2_760_2075,s4_37_47,Passenger Car,s2_11_28,Deployed,s2_97_208,s1_below_1,Female,s2_37_80,s3_141_159,s2_164_318,s3_80_160,s2_2_4
13023,s2_885_1695,s2_n103_99,s5_7_up,s1_below_4282,s3_3_4,s2_2001_2003,s2_760_2075,s4_37_47,Passenger Car,s5_64_76,Not Deployed,s2_97_208,s1_below_1,Male,s3_80_96,s3_141_159,s2_164_318,s6_260_up,s2_2_4
13024,s2_885_1695,s2_n103_99,s3_n81_n40,s1_below_4282,s1_below_2,s1_below_2001,s2_760_2075,s4_37_47,Passenger Car,s3_28_48,Deployed,s2_97_208,s5_4_5,Male,s3_80_96,s3_141_159,s2_164_318,s3_80_160,s2_2_4
13025,s3_1695_2555,s2_n103_99,s4_n40_7,s1_below_4282,s1_below_2,s3_2003_2005,s2_760_2075,s4_37_47,Truck (<=6000 lbs.),s3_28_48,Deployed,s2_97_208,s1_below_1,Male,s3_80_96,s4_159_169,s2_164_318,s3_80_160,s2_2_4
13026,s2_885_1695,s2_n103_99,s4_n40_7,s1_below_4282,s3_3_4,s2_2001_2003,s2_760_2075,s3_17_37,Passenger Car,s3_28_48,Deployed,s2_97_208,s1_below_1,Female,s2_37_80,s3_141_159,s2_164_318,s3_80_160,s2_2_4
13027,s2_885_1695,s2_n103_99,s5_7_up,s1_below_4282,s6_6_up,s2_2001_2003,s2_760_2075,s3_17_37,Passenger Car,s4_48_64,Not Deployed,s2_97_208,s1_below_1,Male,s2_37_80,s3_141_159,s2_164_318,s6_260_up,s2_2_4
13028,s3_1695_2555,s2_n103_99,s4_n40_7,s1_below_4282,s2_2_3,s2_2001_2003,s2_760_2075,s3_17_37,Passenger Car,s3_28_48,Deployed,s2_97_208,s1_below_1,Male,s4_96_114,s4_159_169,s2_164_318,s3_80_160,s2_2_4
13029,s2_885_1695,s2_n103_99,s3_n81_n40,s1_below_4282,s3_3_4,s2_2001_2003,s3_2075_3730,s4_37_47,Passenger Car,s4_48_64,Deployed,s2_97_208,s1_below_1,Male,s2_37_80,s3_141_159,s2_164_318,s3_80_160,s2_2_4
13030,s2_885_1695,s2_n103_99,s4_n40_7,s1_below_4282,s3_3_4,s2_2001_2003,s2_760_2075,s6_57_up,Passenger Car,s2_11_28,Deployed,s2_97_208,s2_1_2,Male,s2_37_80,s3_141_159,s2_164_318,s3_80_160,s2_2_4
13031,s4_2555_3715,s2_n103_99,s4_n40_7,s1_below_4282,s2_2_3,s3_2003_2005,s2_760_2075,s4_37_47,Truck (<=10000 lbs.),s3_28_48,Not Deployed,s2_97_208,s1_below_1,Male,s4_96_114,s4_159_169,s3_318_464,s2_40_80,s5_6_7
13032,s3_1695_2555,s2_n103_99,s4_n40_7,s1_below_4282,s1_below_2,s2_2001_2003,s2_760_2075,s3_17_37,Truck (<=6000 lbs.),s2_11_28,Deployed,s2_97_208,s2_1_2,Male,s2_37_80,s3_141_159,s3_318_464,s3_80_160,s2_2_4
13033,s3_1695_2555,s2_n103_99,s4_n40_7,s1_below_4282,s1_below_2,s1_below_2001,s2_760_2075,s3_17_37,Truck (<=6000 lbs.),s2_11_28,Deployed,s2_97_208,s1_below_1,Male,s2_37_80,s3_141_159,s2_164_318,s3_80_160,s2_2_4
13034,s4_2555_3715,s2_n103_99,s4_n40_7,s1_below_4282,s4_4_5,s3_2003_2005,s2_760_2075,s4_37_47,Truck (<=10000 lbs.),s3_28_48,Deployed,s2_97_208,s3_2_3,Female,s2_37_80,s4_159_169,s3_318_464,s3_80_160,s4_5_6
13035,s2_885_1695,s2_n103_99,s4_n40_7,s1_below_4282,s2_2_3,s1_below_2001,s2_760_2075,s3_17_37,Passenger Car,s4_48_64,Not Deployed,s2_97_208,s1_below_1,Female,s3_80_96,s3_141_159,s2_164_318,s3_80_160,s2_2_4
13036,s3_1695_2555,s2_n103_99,s4_n40_7,s1_below_4282,s4_4_5,s1_below_2001,s2_760_2075,s4_37_47,Truck (<=6000 lbs.),s2_11_28,Not Deployed,s2_97_208,s1_below_1,Male,s2_37_80,s3_141_159,s2_164_318,s3_80_160,s2_2_4
13037,s3_1695_2555,s2_n103_99,s4_n40_7,s1_below_4282,s3_3_4,s1_below_2001,s2_760_2075,s3_17_37,Passenger Car,s2_11_28,Not Deployed,s2_97_208,s1_below_1,Female,s2_37_80,s4_159_169,s2_164_318,s4_160_220,s2_2_4
13038,s2_885_1695,s2_n103_99,s4_n40_7,s1_below_4282,s3_3_4,s2_2001_2003,s2_760_2075,s6_57_up,Passenger Car,s2_11_28,Deployed,s2_97_208,s1_below_1,Male,s2_37_80,s3_141_159,s2_164_318,s3_80_160,s2_2_4
13039,s3_1695_2555,s2_n103_99,s4_n40_7,s1_below_4282,s4_4_5,s3_2003_2005,s3_2075_3730,s4_37_47,Truck (<=6000 lbs.),s5_64_76,Deployed,s2_97_208,s2_1_2,Male,s4_96_114,s4_159_169,s2_164_318,s4_160_220,s3_4_5
13040,s4_2555_3715,s2_n103_99,s4_n40_7,s1_below_4282,s4_4_5,s3_2003_2005,s2_760_2075,s4_37_47,Truck (<=10000 lbs.),s5_64_76,Not Deployed,s2_97_208,s1_below_1,Male,s2_37_80,s5_169_179,s3_318_464,s3_80_160,s4_5_6
13041,s3_1695_2555,s2_n103_99,s4_n40_7,s1_below_4282,s4_4_5,s3_2003_2005,s2_760_2075,s6_57_up,Truck (<=6000 lbs.),s3_28_48,Deployed,s2_97_208,s1_below_1,Female,s2_37_80,s3_141_159,s2_164_318,s3_80_160,s2_2_4
13042,s2_885_1695,s2_n103_99,s4_n40_7,s1_below_4282,s4_4_5,s2_2001_2003,s2_760_2075,s4_37_47,Passenger Car,s5_64_76,Not Deployed,s2_97_208,s4_3_4,Male,s3_80_96,s3_141_159,s2_164_318,s3_80_160,s2_2_4
13043,s3_1695_2555,s2_n103_99,s4_n40_7,s1_below_4282,s1_below_2,s3_2003_2005,s2_760_2075,s4_37_47,Truck (<=6000 lbs.),s3_28_48,Deployed,s2_97_208,s1_below_1,Male,s3_80_96,s3_141_159,s2_164_318,s3_80_160,s2_2_4
13044,s3_1695_2555,s2_n103_99,s4_n40_7,s1_below_4282,s1_below_2,s1_below_2001,s2_760_2075,s3_17_37,Truck (<=6000 lbs.),s3_28_48,Not Deployed,s2_97_208,s5_4_5,Female,s2_37_80,s3_141_159,s2_164_318,s3_80_160,s2_2_4
13045,s2_885_1695,s2_n103_99,s3_n81_n40,s1_below_4282,s3_3_4,s1_below_2001,s2_760_2075,s5_47_57,Truck (<=6000 lbs.),s4_48_64,Deployed,s2_97_208,s1_below_1,Male,s3_80_96,s3_141_159,s2_164_318,s3_80_160,s2_2_4
13046,s2_885_1695,s2_n103_99,s4_n40_7,s1_below_4282,s3_3_4,s3_2003_2005,s2_760_2075,s4_37_47,Truck (<=6000 lbs.),s3_28_48,Not Deployed,s2_97_208,s1_below_1,Female,s2_37_80,s3_141_159,s2_164_318,s4_160_220,s2_2_4
13047,s2_885_1695,s2_n103_99,s4_n40_7,s1_below_4282,s1_below_2,s3_2003_2005,s2_760_2075,s3_17_37,Passenger Car,s3_28_48,Deployed,s2_97_208,s1_below_1,Female,s4_96_114,s3_141_159,s2_164_318,s3_80_160,s2_2_4
13048,s2_885_1695,s2_n103_99,s5_7_up,s1_below_4282,s2_2_3,s2_2001_2003,s3_2075_3730,s3_17_37,Passenger Car,s3_28_48,Not Deployed,s2_97_208,s1_below_1,Male,s3_80_96,s3_141_159,s2_164_318,s3_80_160,s2_2_4
13049,s2_885_1695,s2_n103_99,s4_n40_7,s1_below_4282,s2_2_3,s1_below_2001,s2_760_2075,s4_37_47,Passenger Car,s3_28_48,Not Deployed,s2_97_208,s1_below_1,Female,s2_37_80,s3_141_159,s2_164_318,s3_80_160,s2_2_4
13050,s2_885_1695,s2_n103_99,s4_n40_7,s1_below_4282,s1_below_2,s3_2003_2005,s2_760_2075,s3_17_37,Passenger Car,s2_11_28,Deployed,s2_97_208,s1_below_1,Female,s2_37_80,s3_141_159,s2_164_318,s4_160_220,s2_2_4
13051,s2_885_1695,s2_n103_99,s4_n40_7,s1_below_4282,s1_below_2,s1_below_2001,s2_760_2075,s3_17_37,Passenger Car,s5_64_76,Deployed,s2_97_208,s1_below_1,Male,s3_80_96,s3_141_159,s2_164_318,s3_80_160,s2_2_4
13052,s2_885_1695,s2_n103_99,s4_n40_7,s1_below_4282,s3_3_4,s3_2003_2005,s3_2075_3730,s4_37_47,Passenger Car,s3_28_48,Deployed,s2_97_208,s1_below_1,Male,s5_114_130,s3_141_159,s2_164_318,s3_80_160,s2_2_4
13053,s3_1695_2555,s2_n103_99,s4_n40_7,s1_below_4282,s1_below_2,s2_2001_2003,s2_760_2075,s5_47_57,Truck (<=6000 lbs.),s3_28_48,Deployed,s2_97_208,s1_below_1,Male,s4_96_114,s4_159_169,s2_164_318,s3_80_160,s2_2_4
13054,s2_885_1695,s2_n103_99,s4_n40_7,s1_below_4282,s3_3_4,s3_2003_2005,s2_760_2075,s4_37_47,Truck (<=6000 lbs.),s4_48_64,Not Deployed,s2_97_208,s1_below_1,Male,s3_80_96,s3_141_159,s2_164_318,s3_80_160,s2_2_4
13055,s2_885_1695,s2_n103_99,s4_n40_7,s1_below_4282,s2_2_3,s1_below_2001,s2_760_2075,s4_37_47,Truck (<=6000 lbs.),s2_11_28,Deployed,s2_97_208,s1_below_1,Female,s2_37_80,s3_141_159,s2_164_318,s3_80_160,s2_2_4
13056,s2_885_1695,s2_n103_99,s4_n40_7,s1_below_4282,s5_5_6,s3_2003_2005,s3_2075_3730,s4_37_47,Passenger Car,s3_28_48,Deployed,s2_97_208,s2_1_2,Female,s3_80_96,s3_141_159,s2_164_318,s3_80_160,s2_2_4
13057,s4_2555_3715,s2_n103_99,s4_n40_7,s1_below_4282,s5_5_6,s1_below_2001,s2_760_2075,s4_37_47,Truck (<=10000 lbs.),s4_48_64,Not Deployed,s2_97_208,s1_below_1,Male,s3_80_96,s5_169_179,s3_318_464,s3_80_160,s5_6_7
13058,s3_1695_2555,s2_n103_99,s4_n40_7,s1_below_4282,s2_2_3,s2_2001_2003,s2_760_2075,s3_17_37,Truck (<=10000 lbs.),s3_28_48,Deployed,s2_97_208,s1_below_1,Male,s4_96_114,s4_159_169,s3_318_464,s3_80_160,s4_5_6
13059,s2_885_1695,s2_n103_99,s4_n40_7,s1_below_4282,s3_3_4,s2_2001_2003,s2_760_2075,s3_17_37,Passenger Car,s2_11_28,Deployed,s2_97_208,s1_below_1,Male,s2_37_80,s3_141_159,s2_164_318,s4_160_220,s2_2_4
13060,s2_885_1695,s2_n103_99,s4_n40_7,s1_below_4282,s1_below_2,s2_2001_2003,s2_760_2075,s4_37_47,Passenger Car,s4_48_64,Deployed,s2_97_208,s1_below_1,Male,s2_37_80,s3_141_159,s2_164_318,s3_80_160,s2_2_4
13061,s3_1695_2555,s2_n103_99,s4_n40_7,s1_below_4282,s6_6_up,s3_2003_2005,s2_760_2075,s4_37_47,Truck (<=10000 lbs.),s2_11_28,Not Deployed,s2_97_208,s1_below_1,Male,s2_37_80,s5_169_179,s3_318_464,s4_160_220,s4_5_6
13062,s2_885_1695,s2_n103_99,s4_n40_7,s1_below_4282,s1_below_2,s1_below_2001,s2_760_2075,s5_47_57,Truck (<=6000 lbs.),s5_64_76,Deployed,s2_97_208,s1_below_1,Male,s2_37_80,s3_141_159,s3_318_464,s2_40_80,s2_2_4
13063,s2_885_1695,s2_n103_99,s4_n40_7,s1_below_4282,s3_3_4,s2_2001_2003,s2_760_2075,s4_37_47,Passenger Car,s2_11_28,Deployed,s2_97_208,s1_below_1,Female,s2_37_80,s3_141_159,s2_164_318,s3_80_160,s2_2_4
13064,s2_885_1695,s2_n103_99,s4_n40_7,s1_below_4282,s6_6_up,s3_2003_2005,s3_2075_3730,s4_37_47,Passenger Car,s3_28_48,Deployed,s2_97_208,s1_below_1,Female,s3_80_96,s3_141_159,s2_164_318,s3_80_160,s2_2_4
13065,s3_1695_2555,s2_n103_99,s4_n40_7,s1_below_4282,s3_3_4,s2_2001_2003,s2_760_2075,s4_37_47,Truck (<=6000 lbs.),s3_28_48,Deployed,s2_97_208,s1_below_1,Female,s2_37_80,s3_141_159,s2_164_318,s3_80_160,s2_2_4
13066,s2_885_1695,s2_n103_99,s4_n40_7,s1_below_4282,s1_below_2,s1_below_2001,s2_760_2075,s4_37_47,Passenger Car,s3_28_48,Deployed,s2_97_208,s3_2_3,Female,s2_37_80,s3_141_159,s2_164_318,s3_80_160,s2_2_4
13067,s2_885_1695,s2_n103_99,s4_n40_7,s1_below_4282,s1_below_2,s3_2003_2005,s2_760_2075,s4_37_47,Truck (<=6000 lbs.),s2_11_28,Not Deployed,s2_97_208,s1_below_1,Male,s2_37_80,s3_141_159,s2_164_318,s3_80_160,s2_2_4
13068,s2_885_1695,s2_n103_99,s4_n40_7,s1_below_4282,s1_below_2,s1_below_2001,s2_760_2075,s4_37_47,Passenger Car,s3_28_48,Deployed,s2_97_208,s1_below_1,Male,s5_114_130,s3_141_159,s2_164_318,s3_80_160,s2_2_4
13069,s3_1695_2555,s2_n103_99,s4_n40_7,s1_below_4282,s1_below_2,s1_below_2001,s2_760_2075,s4_37_47,Truck (<=6000 lbs.),s3_28_48,Deployed,s2_97_208,s1_below_1,Female,s2_37_80,s3_141_159,s2_164_318,s4_160_220,s2_2_4
13070,s2_885_1695,s2_n103_99,s4_n40_7,s1_below_4282,s2_2_3,s2_2001_2003,s2_760_2075,s4_37_47,Passenger Car,s2_11_28,Deployed,s2_97_208,s1_below_1,Female,s2_37_80,s3_141_159,s2_164_318,s3_80_160,s2_2_4
13071,s2_885_1695,s2_n103_99,s4_n40_7,s1_below_4282,s1_below_2,s2_2001_2003,s2_760_2075,s4_37_47,Passenger Car,s4_48_64,Deployed,s2_97_208,s4_3_4,Female,s2_37_80,s3_141_159,s2_164_318,s3_80_160,s2_2_4
13072,s2_885_1695,s2_n103_99,s5_7_up,s1_below_4282,s1_below_2,s2_2001_2003,s2_760_2075,s4_37_47,Passenger Car,s2_11_28,Not Deployed,s2_97_208,s1_below_1,Male,s2_37_80,s3_141_159,s2_164_318,s3_80_160,s2_2_4
13073,s3_1695_2555,s2_n103_99,s4_n40_7,s1_below_4282,s4_4_5,s3_2003_2005,s2_760_2075,s5_47_57,Truck (<=6000 lbs.),s3_28_48,Deployed,s2_97_208,s3_2_3,Male,s4_96_114,s4_159_169,s2_164_318,s3_80_160,s3_4_5
13074,s2_885_1695,s2_n103_99,s4_n40_7,s1_below_4282,s4_4_5,s2_2001_2003,s2_760_2075,s5_47_57,Passenger Car,s3_28_48,Deployed,s2_97_208,s1_below_1,Female,s2_37_80,s3_141_159,s2_164_318,s3_80_160,s2_2_4
13075,s2_885_1695,s2_n103_99,s4_n40_7,s1_below_4282,s3_3_4,s2_2001_2003,s2_760_2075,s5_47_57,Passenger Car,s4_48_64,Deployed,s2_97_208,s1_below_1,Female,s2_37_80,s3_141_159,s2_164_318,s3_80_160,s2_2_4
13076,s2_885_1695,s2_n103_99,s4_n40_7,s1_below_4282,s5_5_6,s3_2003_2005,s2_760_2075,s5_47_57,Passenger Car,s4_48_64,Deployed,s2_97_208,s1_below_1,Male,s4_96_114,s3_141_159,s2_164_318,s3_80_160,s2_2_4
13077,s2_885_1695,s2_n103_99,s5_7_up,s1_below_4282,s4_4_5,s2_2001_2003,s2_760_2075,s4_37_47,Passenger Car,s2_11_28,Not Deployed,s2_97_208,s1_below_1,Female,s2_37_80,s3_141_159,s2_164_318,s6_260_up,s2_2_4
13078,s2_885_1695,s2_n103_99,s4_n40_7,s1_below_4282,s1_below_2,s1_below_2001,s2_760_2075,s5_47_57,Passenger Car,s4_48_64,Deployed,s2_97_208,s1_below_1,Male,s4_96_114,s3_141_159,s2_164_318,s3_80_160,s2_2_4
13079,s2_885_1695,s2_n103_99,s4_n40_7,s1_below_4282,s1_below_2,s3_2003_2005,s3_2075_3730,s3_17_37,Passenger Car,s3_28_48,Deployed,s2_97_208,s1_below_1,Male,s2_37_80,s3_141_159,s2_164_318,s3_80_160,s2_2_4
13080,s2_885_1695,s2_n103_99,s4_n40_7,s1_below_4282,s1_below_2,s1_below_2001,s2_760_2075,s1_below_7,Passenger Car,s5_64_76,Deployed,s2_97_208,s4_3_4,Male,s4_96_114,s3_141_159,s2_164_318,s4_160_220,s2_2_4
13081,s2_885_1695,s2_n103_99,s4_n40_7,s1_below_4282,s2_2_3,s1_below_2001,s3_2075_3730,s5_47_57,Passenger Car,s2_11_28,Deployed,s2_97_208,s1_below_1,Female,s2_37_80,s3_141_159,s2_164_318,s3_80_160,s2_2_4
13082,s2_885_1695,s2_n103_99,s4_n40_7,s1_below_4282,s4_4_5,s1_below_2001,s2_760_2075,s3_17_37,Passenger Car,s2_11_28,Not Deployed,s2_97_208,s1_below_1,Male,s2_37_80,s3_141_159,s2_164_318,s3_80_160,s2_2_4
13083,s2_885_1695,s2_n103_99,s4_n40_7,s1_below_4282,s1_below_2,s1_below_2001,s2_760_2075,s4_37_47,Passenger Car,s2_11_28,Not Deployed,s2_97_208,s2_1_2,Female,s3_80_96,s1_below_116,s2_164_318,s2_40_80,s1_below_2
13084,s2_885_1695,s2_n103_99,s4_n40_7,s1_below_4282,s1_below_2,s3_2003_2005,s2_760_2075,s6_57_up,Truck (<=6000 lbs.),s4_48_64,Deployed,s2_97_208,s3_2_3,Female,s2_37_80,s3_141_159,s2_164_318,s3_80_160,s2_2_4
13085,s3_1695_2555,s2_n103_99,s4_n40_7,s1_below_4282,s2_2_3,s3_2003_2005,s2_760_2075,s6_57_up,Truck (<=10000 lbs.),s2_11_28,Not Deployed,s2_97_208,s2_1_2,Male,s3_80_96,s5_169_179,s3_318_464,s4_160_220,s4_5_6
13086,s2_885_1695,s2_n103_99,s4_n40_7,s1_below_4282,s4_4_5,s1_below_2001,s2_760_2075,s3_17_37,Passenger Car,s3_28_48,Deployed,s2_97_208,s1_below_1,Male,s4_96_114,s3_141_159,s2_164_318,s4_160_220,s2_2_4
13087,s2_885_1695,s2_n103_99,s4_n40_7,s1_below_4282,s4_4_5,s1_below_2001,s2_760_2075,s4_37_47,Passenger Car,s2_11_28,Deployed,s2_97_208,s1_below_1,Male,s2_37_80,s3_141_159,s2_164_318,s4_160_220,s2_2_4
13088,s3_1695_2555,s2_n103_99,s4_n40_7,s1_below_4282,s1_below_2,s2_2001_2003,s2_760_2075,s3_17_37,Truck (<=6000 lbs.),s4_48_64,Not Deployed,s2_97_208,s1_below_1,Female,s2_37_80,s3_141_159,s2_164_318,s3_80_160,s2_2_4
13089,s3_1695_2555,s2_n103_99,s4_n40_7,s1_below_4282,s4_4_5,s3_2003_2005,s3_2075_3730,s3_17_37,Truck (<=6000 lbs.),s4_48_64,Deployed,s2_97_208,s1_below_1,Female,s2_37_80,s3_141_159,s2_164_318,s3_80_160,s2_2_4
13090,s2_885_1695,s2_n103_99,s4_n40_7,s1_below_4282,s1_below_2,s1_below_2001,s2_760_2075,s4_37_47,Passenger Car,s2_11_28,Not Deployed,s2_97_208,s1_below_1,Male,s3_80_96,s3_141_159,s2_164_318,s4_160_220,s2_2_4
13091,s3_1695_2555,s2_n103_99,s4_n40_7,s1_below_4282,s1_below_2,s2_2001_2003,s2_760_2075,s3_17_37,Passenger Car,s6_76_up,Not Deployed,s2_97_208,s1_below_1,Male,s2_37_80,s4_159_169,s2_164_318,s3_80_160,s2_2_4
13092,s2_885_1695,s2_n103_99,s4_n40_7,s1_below_4282,s2_2_3,s2_2001_2003,s2_760_2075,s3_17_37,Passenger Car,s3_28_48,Not Deployed,s2_97_208,s2_1_2,Male,s3_80_96,s3_141_159,s2_164_318,s2_40_80,s2_2_4
13093,s2_885_1695,s2_n103_99,s4_n40_7,s1_below_4282,s1_below_2,s1_below_2001,s3_2075_3730,s3_17_37,Truck (<=6000 lbs.),s2_11_28,Not Deployed,s2_97_208,s1_below_1,Male,s4_96_114,s3_141_159,s2_164_318,s3_80_160,s2_2_4
13094,s2_885_1695,s2_n103_99,s4_n40_7,s1_below_4282,s1_below_2,s1_below_2001,s3_2075_3730,s5_47_57,Passenger Car,s2_11_28,Deployed,s2_97_208,s3_2_3,Female,s2_37_80,s3_141_159,s2_164_318,s3_80_160,s2_2_4
13095,s2_885_1695,s2_n103_99,s3_n81_n40,s1_below_4282,s1_below_2,s2_2001_2003,s2_760_2075,s6_57_up,Passenger Car,s2_11_28,Deployed,s2_97_208,s3_2_3,Male,s2_37_80,s3_141_159,s2_164_318,s3_80_160,s2_2_4
13096,s3_1695_2555,s2_n103_99,s4_n40_7,s1_below_4282,s1_below_2,s2_2001_2003,s2_760_2075,s6_57_up,Truck (<=10000 lbs.),s2_11_28,Deployed,s2_97_208,s2_1_2,Male,s3_80_96,s4_159_169,s2_164_318,s3_80_160,s3_4_5
13097,s3_1695_2555,s2_n103_99,s4_n40_7,s1_below_4282,s1_below_2,s1_below_2001,s2_760_2075,s4_37_47,Truck (<=10000 lbs.),s4_48_64,Deployed,s2_97_208,s1_below_1,Male,s3_80_96,s4_159_169,s2_164_318,s4_160_220,s3_4_5
13098,s2_885_1695,s2_n103_99,s4_n40_7,s1_below_4282,s1_below_2,s3_2003_2005,s2_760_2075,s4_37_47,Passenger Car,s3_28_48,Deployed,s2_97_208,s2_1_2,Male,s2_37_80,s3_141_159,s2_164_318,s4_160_220,s2_2_4
13099,s2_885_1695,s2_n103_99,s4_n40_7,s1_below_4282,s4_4_5,s2_2001_2003,s2_760_2075,s3_17_37,Passenger Car,s2_11_28,Not Deployed,s2_97_208,s1_below_1,Female,s2_37_80,s3_141_159,s2_164_318,s3_80_160,s2_2_4
13100,s3_1695_2555,s2_n103_99,s4_n40_7,s1_below_4282,s4_4_5,s1_below_2001,s2_760_2075,s5_47_57,Truck (<=10000 lbs.),s3_28_48,Deployed,s2_97_208,s1_below_1,Female,s2_37_80,s4_159_169,s2_164_318,s4_160_220,s3_4_5
13101,s2_885_1695,s2_n103_99,s5_7_up,s1_below_4282,s2_2_3,s1_below_2001,s2_760_2075,s3_17_37,Truck (<=6000 lbs.),s2_11_28,Not Deployed,s2_97_208,s1_below_1,Male,s3_80_96,s2_116_141,s2_164_318,s3_80_160,s2_2_4
13102,s2_885_1695,s2_n103_99,s3_n81_n40,s2_4282_6970,s1_below_2,s1_below_2001,s3_2075_3730,s6_57_up,Passenger Car,s3_28_48,Deployed,s2_97_208,s2_1_2,Male,s3_80_96,s3_141_159,s2_164_318,s3_80_160,s2_2_4
13103,s3_1695_2555,s2_n103_99,s3_n81_n40,s1_below_4282,s1_below_2,s3_2003_2005,s2_760_2075,s6_57_up,Truck (<=10000 lbs.),s3_28_48,Deployed,s2_97_208,s3_2_3,Male,s2_37_80,s6_179_up,s3_318_464,s3_80_160,s5_6_7
13104,s3_1695_2555,s2_n103_99,s4_n40_7,s1_below_4282,s3_3_4,s1_below_2001,s3_2075_3730,s4_37_47,Truck (<=6000 lbs.),s5_64_76,Deployed,s2_97_208,s2_1_2,Female,s2_37_80,s4_159_169,s2_164_318,s4_160_220,s3_4_5
13105,s2_885_1695,s2_n103_99,s4_n40_7,s1_below_4282,s3_3_4,s2_2001_2003,s2_760_2075,s3_17_37,Passenger Car,s4_48_64,Deployed,s2_97_208,s1_below_1,Male,s3_80_96,s3_141_159,s2_164_318,s3_80_160,s2_2_4
13106,s3_1695_2555,s2_n103_99,s4_n40_7,s1_below_4282,s4_4_5,s2_2001_2003,s2_760_2075,s5_47_57,Truck (<=10000 lbs.),s2_11_28,Deployed,s2_97_208,s2_1_2,Female,s2_37_80,s3_141_159,s2_164_318,s3_80_160,s2_2_4
13107,s3_1695_2555,s2_n103_99,s4_n40_7,s1_below_4282,s1_below_2,s3_2003_2005,s2_760_2075,s4_37_47,Truck (<=6000 lbs.),s3_28_48,Deployed,s2_97_208,s1_below_1,Female,s2_37_80,s4_159_169,s2_164_318,s3_80_160,s2_2_4
13108,s3_1695_2555,s2_n103_99,s4_n40_7,s1_below_4282,s1_below_2,s2_2001_2003,s3_2075_3730,s6_57_up,Truck (<=10000 lbs.),s5_64_76,Deployed,s2_97_208,s2_1_2,Male,s4_96_114,s3_141_159,s3_318_464,s3_80_160,s4_5_6
13109,s3_1695_2555,s2_n103_99,s4_n40_7,s1_below_4282,s2_2_3,s2_2001_2003,s3_2075_3730,s3_17_37,Truck (<=10000 lbs.),s4_48_64,Not Deployed,s2_97_208,s1_below_1,Male,s3_80_96,s4_159_169,s3_318_464,s4_160_220,s4_5_6
13110,s3_1695_2555,s2_n103_99,s4_n40_7,s1_below_4282,s4_4_5,s1_below_2001,s2_760_2075,s3_17_37,Truck (<=10000 lbs.),s3_28_48,Not Deployed,s2_97_208,s1_below_1,Male,s2_37_80,s3_141_159,s2_164_318,s3_80_160,s2_2_4
13111,s2_885_1695,s2_n103_99,s4_n40_7,s1_below_4282,s4_4_5,s2_2001_2003,s1_below_760,s4_37_47,Passenger Car,s5_64_76,Deployed,s2_97_208,s2_1_2,Female,s2_37_80,s3_141_159,s2_164_318,s3_80_160,s2_2_4
13112,s3_1695_2555,s2_n103_99,s4_n40_7,s1_below_4282,s3_3_4,s3_2003_2005,s2_760_2075,s3_17_37,Truck (<=6000 lbs.),s4_48_64,Not Deployed,s2_97_208,s1_below_1,Female,s2_37_80,s3_141_159,s2_164_318,s3_80_160,s2_2_4
13113,s3_1695_2555,s2_n103_99,s4_n40_7,s1_below_4282,s4_4_5,s2_2001_2003,s2_760_2075,s3_17_37,Truck (<=6000 lbs.),s2_11_28,Deployed,s2_97_208,s1_below_1,Female,s2_37_80,s4_159_169,s2_164_318,s2_40_80,s2_2_4
13114,s2_885_1695,s2_n103_99,s4_n40_7,s1_below_4282,s6_6_up,s1_below_2001,s2_760_2075,s3_17_37,Passenger Car,s3_28_48,Deployed,s2_97_208,s3_2_3,Female,s2_37_80,s3_141_159,s2_164_318,s3_80_160,s2_2_4
13115,s2_885_1695,s2_n103_99,s4_n40_7,s1_below_4282,s3_3_4,s3_2003_2005,s2_760_2075,s5_47_57,Passenger Car,s2_11_28,Deployed,s2_97_208,s1_below_1,Female,s2_37_80,s3_141_159,s2_164_318,s3_80_160,s2_2_4
13116,s2_885_1695,s2_n103_99,s4_n40_7,s1_below_4282,s4_4_5,s3_2003_2005,s2_760_2075,s3_17_37,Passenger Car,s3_28_48,Deployed,s2_97_208,s3_2_3,Female,s2_37_80,s3_141_159,s2_164_318,s4_160_220,s2_2_4
13117,s3_1695_2555,s2_n103_99,s4_n40_7,s1_below_4282,s4_4_5,s2_2001_2003,s2_760_2075,s4_37_47,Truck (<=10000 lbs.),s2_11_28,Not Deployed,s2_97_208,s1_below_1,Female,s2_37_80,s3_141_159,s2_164_318,s2_40_80,s2_2_4
13118,s3_1695_2555,s2_n103_99,s4_n40_7,s1_below_4282,s4_4_5,s3_2003_2005,s2_760_2075,s3_17_37,Truck (<=10000 lbs.),s3_28_48,Deployed,s2_97_208,s1_below_1,Female,s2_37_80,s4_159_169,s2_164_318,s3_80_160,s3_4_5
13119,s3_1695_2555,s2_n103_99,s4_n40_7,s1_below_4282,s1_below_2,s3_2003_2005,s2_760_2075,s3_17_37,Truck (<=10000 lbs.),s3_28_48,Not Deployed,s2_97_208,s2_1_2,Female,s2_37_80,s3_141_159,s2_164_318,s2_40_80,s2_2_4
13120,s3_1695_2555,s2_n103_99,s3_n81_n40,s1_below_4282,s4_4_5,s3_2003_2005,s2_760_2075,s3_17_37,Truck (<=6000 lbs.),s2_11_28,Deployed,s2_97_208,s1_below_1,Male,s2_37_80,s3_141_159,s2_164_318,s3_80_160,s2_2_4
13121,s2_885_1695,s2_n103_99,s4_n40_7,s1_below_4282,s2_2_3,s2_2001_2003,s2_760_2075,s3_17_37,Passenger Car,s3_28_48,Deployed,s2_97_208,s1_below_1,Female,s2_37_80,s3_141_159,s2_164_318,s4_160_220,s2_2_4
13122,s2_885_1695,s2_n103_99,s3_n81_n40,s1_below_4282,s5_5_6,s1_below_2001,s3_2075_3730,s4_37_47,Passenger Car,s4_48_64,Deployed,s2_97_208,s1_below_1,Male,s2_37_80,s3_141_159,s2_164_318,s3_80_160,s2_2_4
13123,s3_1695_2555,s2_n103_99,s4_n40_7,s1_below_4282,s4_4_5,s2_2001_2003,s2_760_2075,s6_57_up,Truck (<=6000 lbs.),s3_28_48,Not Deployed,s2_97_208,s1_below_1,Male,s3_80_96,s3_141_159,s2_164_318,s3_80_160,s2_2_4
13124,s3_1695_2555,s2_n103_99,s4_n40_7,s1_below_4282,s4_4_5,s3_2003_2005,s2_760_2075,s3_17_37,Truck (<=10000 lbs.),s2_11_28,Not Deployed,s2_97_208,s1_below_1,Male,s2_37_80,s5_169_179,s3_318_464,s4_160_220,s4_5_6
13125,s2_885_1695,s2_n103_99,s4_n40_7,s1_below_4282,s6_6_up,s2_2001_2003,s2_760_2075,s3_17_37,Passenger Car,s3_28_48,Deployed,s2_97_208,s1_below_1,Female,s2_37_80,s3_141_159,s2_164_318,s3_80_160,s2_2_4
13126,s3_1695_2555,s2_n103_99,s4_n40_7,s1_below_4282,s3_3_4,s3_2003_2005,s2_760_2075,s4_37_47,Truck (<=10000 lbs.),s2_11_28,Deployed,s2_97_208,s1_below_1,Male,s2_37_80,s3_141_159,s2_164_318,s3_80_160,s2_2_4
13127,s2_885_1695,s2_n103_99,s4_n40_7,s1_below_4282,s4_4_5,s2_2001_2003,s2_760_2075,s3_17_37,Passenger Car,s2_11_28,Deployed,s2_97_208,s3_2_3,Female,s2_37_80,s3_141_159,s2_164_318,s3_80_160,s2_2_4
13128,s3_1695_2555,s2_n103_99,s4_n40_7,s1_below_4282,s3_3_4,s2_2001_2003,s2_760_2075,s3_17_37,Truck (<=6000 lbs.),s3_28_48,Not Deployed,s2_97_208,s2_1_2,Female,s2_37_80,s3_141_159,s2_164_318,s2_40_80,s2_2_4
13129,s3_1695_2555,s2_n103_99,s4_n40_7,s1_below_4282,s6_6_up,s2_2001_2003,s3_2075_3730,s4_37_47,Truck (<=10000 lbs.),s3_28_48,Deployed,s2_97_208,s1_below_1,Female,s2_37_80,s4_159_169,s2_164_318,s3_80_160,s3_4_5
13130,s2_885_1695,s2_n103_99,s4_n40_7,s1_below_4282,s4_4_5,s3_2003_2005,s2_760_2075,s3_17_37,Passenger Car,s3_28_48,Deployed,s2_97_208,s1_below_1,Male,s2_37_80,s3_141_159,s2_164_318,s3_80_160,s2_2_4
13131,s3_1695_2555,s2_n103_99,s4_n40_7,s1_below_4282,s4_4_5,s1_below_2001,s3_2075_3730,s3_17_37,Truck (<=6000 lbs.),s3_28_48,Not Deployed,s2_97_208,s1_below_1,Male,s2_37_80,s4_159_169,s3_318_464,s3_80_160,s4_5_6
13132,s3_1695_2555,s2_n103_99,s4_n40_7,s1_below_4282,s4_4_5,s3_2003_2005,s2_760_2075,s3_17_37,Truck (<=6000 lbs.),s4_48_64,Deployed,s2_97_208,s1_below_1,Male,s3_80_96,s3_141_159,s2_164_318,s3_80_160,s2_2_4
13133,s2_885_1695,s2_n103_99,s5_7_up,s1_below_4282,s3_3_4,s3_2003_2005,s2_760_2075,s3_17_37,Passenger Car,s3_28_48,Not Deployed,s2_97_208,s1_below_1,Male,s2_37_80,s3_141_159,s2_164_318,s6_260_up,s2_2_4
13134,s2_885_1695,s2_n103_99,s4_n40_7,s1_below_4282,s3_3_4,s3_2003_2005,s2_760_2075,s3_17_37,Passenger Car,s2_11_28,Deployed,s2_97_208,s1_below_1,Female,s2_37_80,s3_141_159,s2_164_318,s4_160_220,s2_2_4
13135,s3_1695_2555,s2_n103_99,s4_n40_7,s1_below_4282,s5_5_6,s3_2003_2005,s2_760_2075,s3_17_37,Truck (<=6000 lbs.),s3_28_48,Deployed,s2_97_208,s1_below_1,Male,s2_37_80,s3_141_159,s2_164_318,s3_80_160,s2_2_4
13136,s2_885_1695,s2_n103_99,s4_n40_7,s1_below_4282,s1_below_2,s3_2003_2005,s3_2075_3730,s3_17_37,Truck (<=6000 lbs.),s2_11_28,Not Deployed,s2_97_208,s1_below_1,Female,s2_37_80,s3_141_159,s2_164_318,s3_80_160,s2_2_4
13137,s3_1695_2555,s2_n103_99,s4_n40_7,s1_below_4282,s4_4_5,s3_2003_2005,s2_760_2075,s3_17_37,Truck (<=6000 lbs.),s3_28_48,Not Deployed,s2_97_208,s1_below_1,Female,s2_37_80,s4_159_169,s2_164_318,s4_160_220,s2_2_4
13138,s3_1695_2555,s2_n103_99,s4_n40_7,s1_below_4282,s4_4_5,s2_2001_2003,s3_2075_3730,s4_37_47,Truck (<=6000 lbs.),s3_28_48,Deployed,s2_97_208,s1_below_1,Female,s2_37_80,s3_141_159,s2_164_318,s4_160_220,s2_2_4
13139,s3_1695_2555,s2_n103_99,s4_n40_7,s1_below_4282,s4_4_5,s1_below_2001,s2_760_2075,s4_37_47,Truck (<=10000 lbs.),s2_11_28,Deployed,s2_97_208,s2_1_2,Female,s2_37_80,s4_159_169,s3_318_464,s3_80_160,s4_5_6
13140,s2_885_1695,s2_n103_99,s4_n40_7,s1_below_4282,s4_4_5,s1_below_2001,s2_760_2075,s4_37_47,Passenger Car,s6_76_up,Deployed,s2_97_208,s2_1_2,Female,s2_37_80,s3_141_159,s2_164_318,s4_160_220,s2_2_4
13141,s2_885_1695,s2_n103_99,s4_n40_7,s1_below_4282,s4_4_5,s2_2001_2003,s2_760_2075,s3_17_37,Passenger Car,s3_28_48,Not Deployed,s2_97_208,s1_below_1,Female,s2_37_80,s3_141_159,s2_164_318,s3_80_160,s2_2_4
13142,s3_1695_2555,s2_n103_99,s4_n40_7,s1_below_4282,s5_5_6,s2_2001_2003,s2_760_2075,s4_37_47,Truck (<=10000 lbs.),s2_11_28,Deployed,s2_97_208,s1_below_1,Female,s2_37_80,s4_159_169,s3_318_464,s3_80_160,s4_5_6
13143,s2_885_1695,s2_n103_99,s4_n40_7,s1_below_4282,s1_below_2,s2_2001_2003,s2_760_2075,s3_17_37,Passenger Car,s2_11_28,Not Deployed,s2_97_208,s1_below_1,Female,s3_80_96,s3_141_159,s2_164_318,s3_80_160,s2_2_4
13144,s2_885_1695,s2_n103_99,s4_n40_7,s1_below_4282,s5_5_6,s2_2001_2003,s2_760_2075,s3_17_37,Truck (<=6000 lbs.),s3_28_48,Deployed,s2_97_208,s1_below_1,Female,s2_37_80,s3_141_159,s2_164_318,s4_160_220,s2_2_4
13145,s3_1695_2555,s2_n103_99,s4_n40_7,s1_below_4282,s4_4_5,s1_below_2001,s2_760_2075,s4_37_47,Truck (<=6000 lbs.),s4_48_64,Deployed,s2_97_208,s1_below_1,Female,s3_80_96,s3_141_159,s2_164_318,s3_80_160,s2_2_4
13146,s2_885_1695,s2_n103_99,s4_n40_7,s1_below_4282,s4_4_5,s1_below_2001,s2_760_2075,s3_17_37,Passenger Car,s2_11_28,Deployed,s2_97_208,s1_below_1,Female,s2_37_80,s3_141_159,s2_164_318,s3_80_160,s2_2_4
13147,s2_885_1695,s2_n103_99,s4_n40_7,s1_below_4282,s2_2_3,s3_2003_2005,s2_760_2075,s4_37_47,Truck (<=6000 lbs.),s2_11_28,Deployed,s2_97_208,s1_below_1,Female,s2_37_80,s3_141_159,s2_164_318,s3_80_160,s2_2_4
13148,s4_2555_3715,s2_n103_99,s4_n40_7,s1_below_4282,s3_3_4,s2_2001_2003,s3_2075_3730,s3_17_37,Truck (<=10000 lbs.),s4_48_64,Not Deployed,s2_97_208,s1_below_1,Male,s3_80_96,s5_169_179,s3_318_464,s3_80_160,s5_6_7
13149,s2_885_1695,s2_n103_99,s4_n40_7,s1_below_4282,s4_4_5,s2_2001_2003,s2_760_2075,s3_17_37,Truck (<=6000 lbs.),s4_48_64,Deployed,s2_97_208,s1_below_1,Female,s2_37_80,s3_141_159,s2_164_318,s3_80_160,s2_2_4
13150,s2_885_1695,s2_n103_99,s4_n40_7,s1_below_4282,s1_below_2,s1_below_2001,s3_2075_3730,s3_17_37,Passenger Car,s6_76_up,Deployed,s2_97_208,s3_2_3,Female,s2_37_80,s3_141_159,s2_164_318,s2_40_80,s2_2_4
13151,s4_2555_3715,s2_n103_99,s4_n40_7,s1_below_4282,s4_4_5,s2_2001_2003,s2_760_2075,s3_17_37,Truck (<=10000 lbs.),s2_11_28,Deployed,s2_97_208,s1_below_1,Male,s2_37_80,s5_169_179,s3_318_464,s3_80_160,s5_6_7
13152,s2_885_1695,s2_n103_99,s4_n40_7,s1_below_4282,s4_4_5,s1_below_2001,s2_760_2075,s3_17_37,Truck (<=6000 lbs.),s4_48_64,Deployed,s2_97_208,s1_below_1,Female,s3_80_96,s3_141_159,s2_164_318,s3_80_160,s2_2_4
13153,s2_885_1695,s2_n103_99,s4_n40_7,s1_below_4282,s4_4_5,s3_2003_2005,s3_2075_3730,s3_17_37,Passenger Car,s2_11_28,Deployed,s2_97_208,s1_below_1,Female,s3_80_96,s3_141_159,s2_164_318,s4_160_220,s2_2_4
13154,s2_885_1695,s2_n103_99,s4_n40_7,s1_below_4282,s3_3_4,s1_below_2001,s2_760_2075,s3_17_37,Passenger Car,s2_11_28,Deployed,s2_97_208,s1_below_1,Male,s3_80_96,s3_141_159,s2_164_318,s3_80_160,s2_2_4
13155,s2_885_1695,s2_n103_99,s4_n40_7,s1_below_4282,s3_3_4,s3_2003_2005,s2_760_2075,s3_17_37,Passenger Car,s3_28_48,Not Deployed,s2_97_208,s1_below_1,Male,s6_130_up,s3_141_159,s2_164_318,s3_80_160,s2_2_4
13156,s2_885_1695,s2_n103_99,s4_n40_7,s1_below_4282,s3_3_4,s3_2003_2005,s2_760_2075,s5_47_57,Passenger Car,s2_11_28,Deployed,s2_97_208,s1_below_1,Male,s4_96_114,s3_141_159,s2_164_318,s3_80_160,s2_2_4
13157,s3_1695_2555,s2_n103_99,s4_n40_7,s1_below_4282,s4_4_5,s3_2003_2005,s2_760_2075,s3_17_37,Truck (<=6000 lbs.),s5_64_76,Deployed,s2_97_208,s1_below_1,Male,s5_114_130,s4_159_169,s2_164_318,s3_80_160,s3_4_5
13158,s2_885_1695,s2_n103_99,s4_n40_7,s1_below_4282,s1_below_2,s1_below_2001,s2_760_2075,s3_17_37,Passenger Car,s6_76_up,Deployed,s2_97_208,s1_below_1,Male,s2_37_80,s3_141_159,s2_164_318,s3_80_160,s2_2_4
13159,s2_885_1695,s2_n103_99,s4_n40_7,s1_below_4282,s4_4_5,s1_below_2001,s2_760_2075,s4_37_47,Passenger Car,s6_76_up,Not Deployed,s2_97_208,s1_below_1,Male,s2_37_80,s3_141_159,s2_164_318,s3_80_160,s2_2_4
13160,s2_885_1695,s2_n103_99,s4_n40_7,s1_below_4282,s5_5_6,s3_2003_2005,s2_760_2075,s3_17_37,Passenger Car,s5_64_76,Not Deployed,s2_97_208,s1_below_1,Female,s2_37_80,s3_141_159,s2_164_318,s4_160_220,s2_2_4
13161,s3_1695_2555,s2_n103_99,s4_n40_7,s1_below_4282,s3_3_4,s2_2001_2003,s2_760_2075,s6_57_up,Truck (<=10000 lbs.),s3_28_48,Not Deployed,s2_97_208,s1_below_1,Male,s2_37_80,s4_159_169,s2_164_318,s6_260_up,s2_2_4
13162,s3_1695_2555,s2_n103_99,s4_n40_7,s1_below_4282,s2_2_3,s1_below_2001,s2_760_2075,s4_37_47,Truck (<=6000 lbs.),s3_28_48,Not Deployed,s2_97_208,s1_below_1,Male,s3_80_96,s4_159_169,s2_164_318,s3_80_160,s3_4_5
13163,s2_885_1695,s2_n103_99,s4_n40_7,s1_below_4282,s1_below_2,s2_2001_2003,s2_760_2075,s3_17_37,Passenger Car,s3_28_48,Deployed,s2_97_208,s3_2_3,Male,s2_37_80,s3_141_159,s2_164_318,s3_80_160,s2_2_4
13164,s2_885_1695,s2_n103_99,s4_n40_7,s1_below_4282,s1_below_2,s3_2003_2005,s2_760_2075,s4_37_47,Truck (<=6000 lbs.),s3_28_48,Deployed,s2_97_208,s1_below_1,Male,s2_37_80,s3_141_159,s3_318_464,s3_80_160,s2_2_4
13165,s2_885_1695,s2_n103_99,s5_7_up,s1_below_4282,s4_4_5,s1_below_2001,s2_760_2075,s4_37_47,Passenger Car,s2_11_28,Not Deployed,s2_97_208,s1_below_1,Male,s2_37_80,s3_141_159,s2_164_318,s6_260_up,s2_2_4
13166,s3_1695_2555,s2_n103_99,s5_7_up,s1_below_4282,s4_4_5,s3_2003_2005,s2_760_2075,s3_17_37,Truck (<=6000 lbs.),s2_11_28,Not Deployed,s2_97_208,s1_below_1,Male,s3_80_96,s3_141_159,s3_318_464,s4_160_220,s3_4_5
13167,s2_885_1695,s2_n103_99,s4_n40_7,s1_below_4282,s2_2_3,s2_2001_2003,s2_760_2075,s3_17_37,Passenger Car,s5_64_76,Deployed,s2_97_208,s1_below_1,Female,s2_37_80,s3_141_159,s2_164_318,s3_80_160,s2_2_4
13168,s3_1695_2555,s2_n103_99,s4_n40_7,s1_below_4282,s1_below_2,s2_2001_2003,s3_2075_3730,s3_17_37,Truck (<=10000 lbs.),s3_28_48,Deployed,s2_97_208,s1_below_1,Male,s3_80_96,s4_159_169,s3_318_464,s3_80_160,s4_5_6
13169,s2_885_1695,s2_n103_99,s4_n40_7,s1_below_4282,s2_2_3,s3_2003_2005,s2_760_2075,s3_17_37,Passenger Car,s2_11_28,Deployed,s2_97_208,s1_below_1,Male,s2_37_80,s3_141_159,s2_164_318,s3_80_160,s2_2_4
13170,s3_1695_2555,s2_n103_99,s3_n81_n40,s1_below_4282,s1_below_2,s1_below_2001,s2_760_2075,s3_17_37,Truck (<=6000 lbs.),s3_28_48,Deployed,s2_97_208,s2_1_2,Female,s3_80_96,s3_141_159,s2_164_318,s3_80_160,s2_2_4
13171,s2_885_1695,s2_n103_99,s4_n40_7,s1_below_4282,s1_below_2,s1_below_2001,s2_760_2075,s3_17_37,Passenger Car,s3_28_48,Not Deployed,s2_97_208,s1_below_1,Male,s3_80_96,s3_141_159,s2_164_318,s3_80_160,s2_2_4
13172,s2_885_1695,s2_n103_99,s3_n81_n40,s1_below_4282,s3_3_4,s1_below_2001,s2_760_2075,s3_17_37,Passenger Car,s6_76_up,Deployed,s2_97_208,s3_2_3,Male,s2_37_80,s3_141_159,s2_164_318,s3_80_160,s2_2_4
13173,s4_2555_3715,s2_n103_99,s3_n81_n40,s2_4282_6970,s2_2_3,s1_below_2001,s2_760_2075,s6_57_up,Truck (<=10000 lbs.),s3_28_48,Deployed,s2_97_208,s2_1_2,Male,s3_80_96,s5_169_179,s3_318_464,s3_80_160,s5_6_7
13174,s2_885_1695,s2_n103_99,s4_n40_7,s1_below_4282,s4_4_5,s2_2001_2003,s2_760_2075,s6_57_up,Passenger Car,s2_11_28,Not Deployed,s2_97_208,s1_below_1,Female,s4_96_114,s3_141_159,s2_164_318,s4_160_220,s2_2_4
13175,s3_1695_2555,s2_n103_99,s4_n40_7,s1_below_4282,s4_4_5,s2_2001_2003,s2_760_2075,s3_17_37,Truck (<=6000 lbs.),s3_28_48,Deployed,s2_97_208,s1_below_1,Male,s3_80_96,s3_141_159,s2_164_318,s3_80_160,s2_2_4
13176,s2_885_1695,s2_n103_99,s4_n40_7,s1_below_4282,s1_below_2,s2_2001_2003,s2_760_2075,s3_17_37,Passenger Car,s3_28_48,Not Deployed,s2_97_208,s3_2_3,Female,s2_37_80,s3_141_159,s2_164_318,s2_40_80,s2_2_4
13177,s3_1695_2555,s2_n103_99,s4_n40_7,s1_below_4282,s4_4_5,s1_below_2001,s2_760_2075,s3_17_37,Truck (<=6000 lbs.),s5_64_76,Deployed,s2_97_208,s1_below_1,Female,s2_37_80,s4_159_169,s2_164_318,s4_160_220,s2_2_4
13178,s2_885_1695,s2_n103_99,s4_n40_7,s1_below_4282,s3_3_4,s1_below_2001,s2_760_2075,s3_17_37,Truck (<=6000 lbs.),s3_28_48,Deployed,s2_97_208,s1_below_1,Male,s3_80_96,s3_141_159,s2_164_318,s3_80_160,s2_2_4
13179,s3_1695_2555,s2_n103_99,s4_n40_7,s1_below_4282,s5_5_6,s1_below_2001,s2_760_2075,s3_17_37,Truck (<=10000 lbs.),s4_48_64,Deployed,s2_97_208,s1_below_1,Female,s2_37_80,s4_159_169,s3_318_464,s3_80_160,s4_5_6
13180,s2_885_1695,s2_n103_99,s4_n40_7,s1_below_4282,s4_4_5,s1_below_2001,s3_2075_3730,s6_57_up,Passenger Car,s4_48_64,Deployed,s2_97_208,s1_below_1,Male,s3_80_96,s3_141_159,s2_164_318,s3_80_160,s2_2_4
13181,s3_1695_2555,s2_n103_99,s5_7_up,s1_below_4282,s4_4_5,s1_below_2001,s2_760_2075,s6_57_up,Truck (<=10000 lbs.),s4_48_64,Not Deployed,s2_97_208,s1_below_1,Male,s6_130_up,s3_141_159,s2_164_318,s6_260_up,s2_2_4
13182,s2_885_1695,s2_n103_99,s4_n40_7,s1_below_4282,s1_below_2,s3_2003_2005,s2_760_2075,s3_17_37,Passenger Car,s3_28_48,Deployed,s2_97_208,s3_2_3,Male,s3_80_96,s3_141_159,s2_164_318,s3_80_160,s2_2_4
13183,s2_885_1695,s2_n103_99,s4_n40_7,s1_below_4282,s3_3_4,s3_2003_2005,s2_760_2075,s3_17_37,Truck (<=6000 lbs.),s3_28_48,Deployed,s2_97_208,s1_below_1,Male,s2_37_80,s3_141_159,s2_164_318,s3_80_160,s2_2_4
13184,s2_885_1695,s2_n103_99,s4_n40_7,s1_below_4282,s3_3_4,s2_2001_2003,s3_2075_3730,s3_17_37,Truck (<=6000 lbs.),s4_48_64,Not Deployed,s2_97_208,s1_below_1,Female,s2_37_80,s3_141_159,s2_164_318,s3_80_160,s2_2_4
13185,s2_885_1695,s2_n103_99,s4_n40_7,s1_below_4282,s4_4_5,s2_2001_2003,s2_760_2075,s3_17_37,Passenger Car,s6_76_up,Not Deployed,s2_97_208,s1_below_1,Male,s3_80_96,s3_141_159,s2_164_318,s4_160_220,s2_2_4
13186,s2_885_1695,s2_n103_99,s4_n40_7,s1_below_4282,s4_4_5,s3_2003_2005,s2_760_2075,s6_57_up,Passenger Car,s2_11_28,Not Deployed,s2_97_208,s1_below_1,Male,s3_80_96,s3_141_159,s2_164_318,s3_80_160,s2_2_4
13187,s2_885_1695,s2_n103_99,s5_7_up,s1_below_4282,s3_3_4,s2_2001_2003,s2_760_2075,s6_57_up,Passenger Car,s4_48_64,Not Deployed,s2_97_208,s1_below_1,Male,s3_80_96,s3_141_159,s2_164_318,s6_260_up,s2_2_4
13188,s2_885_1695,s2_n103_99,s4_n40_7,s1_below_4282,s6_6_up,s1_below_2001,s2_760_2075,s3_17_37,Passenger Car,s4_48_64,Not Deployed,s2_97_208,s3_2_3,Male,s3_80_96,s3_141_159,s2_164_318,s2_40_80,s2_2_4
13189,s4_2555_3715,s2_n103_99,s4_n40_7,s1_below_4282,s3_3_4,s3_2003_2005,s2_760_2075,s3_17_37,Truck (<=10000 lbs.),s3_28_48,Deployed,s2_97_208,s2_1_2,Female,s3_80_96,s4_159_169,s3_318_464,s4_160_220,s4_5_6
13190,s2_885_1695,s2_n103_99,s4_n40_7,s1_below_4282,s4_4_5,s2_2001_2003,s2_760_2075,s3_17_37,Truck (<=6000 lbs.),s4_48_64,Not Deployed,s2_97_208,s1_below_1,Male,s3_80_96,s3_141_159,s3_318_464,s3_80_160,s2_2_4
13191,s2_885_1695,s2_n103_99,s4_n40_7,s1_below_4282,s1_below_2,s2_2001_2003,s2_760_2075,s3_17_37,Passenger Car,s3_28_48,Deployed,s2_97_208,s1_below_1,Female,s2_37_80,s3_141_159,s2_164_318,s3_80_160,s2_2_4
13192,s3_1695_2555,s2_n103_99,s4_n40_7,s1_below_4282,s1_below_2,s1_below_2001,s2_760_2075,s3_17_37,Truck (<=6000 lbs.),s3_28_48,Not Deployed,s2_97_208,s1_below_1,Male,s3_80_96,s3_141_159,s3_318_464,s3_80_160,s3_4_5
13193,s4_2555_3715,s2_n103_99,s4_n40_7,s1_below_4282,s6_6_up,s2_2001_2003,s2_760_2075,s3_17_37,Truck (<=10000 lbs.),s2_11_28,Not Deployed,s2_97_208,s1_below_1,Male,s2_37_80,s4_159_169,s3_318_464,s2_40_80,s4_5_6
13194,s2_885_1695,s2_n103_99,s4_n40_7,s1_below_4282,s1_below_2,s2_2001_2003,s2_760_2075,s4_37_47,Passenger Car,s3_28_48,Not Deployed,s2_97_208,s1_below_1,Male,s5_114_130,s3_141_159,s2_164_318,s3_80_160,s2_2_4
13195,s2_885_1695,s2_n103_99,s4_n40_7,s1_below_4282,s2_2_3,s2_2001_2003,s2_760_2075,s3_17_37,Passenger Car,s4_48_64,Deployed,s2_97_208,s1_below_1,Female,s2_37_80,s3_141_159,s2_164_318,s3_80_160,s2_2_4
13196,s3_1695_2555,s2_n103_99,s4_n40_7,s1_below_4282,s1_below_2,s2_2001_2003,s2_760_2075,s3_17_37,Truck (<=6000 lbs.),s3_28_48,Deployed,s2_97_208,s1_below_1,Female,s2_37_80,s3_141_159,s2_164_318,s3_80_160,s2_2_4
13197,s2_885_1695,s2_n103_99,s4_n40_7,s1_below_4282,s3_3_4,s3_2003_2005,s2_760_2075,s3_17_37,Passenger Car,s4_48_64,Deployed,s2_97_208,s1_below_1,Male,s3_80_96,s3_141_159,s2_164_318,s3_80_160,s2_2_4
13198,s2_885_1695,s2_n103_99,s4_n40_7,s1_below_4282,s3_3_4,s3_2003_2005,s2_760_2075,s3_17_37,Passenger Car,s5_64_76,Not Deployed,s2_97_208,s1_below_1,Female,s2_37_80,s3_141_159,s2_164_318,s4_160_220,s2_2_4
13199,s2_885_1695,s2_n103_99,s4_n40_7,s1_below_4282,s3_3_4,s3_2003_2005,s2_760_2075,s4_37_47,Passenger Car,s2_11_28,Deployed,s2_97_208,s1_below_1,Female,s2_37_80,s3_141_159,s2_164_318,s3_80_160,s2_2_4
13200,s2_885_1695,s2_n103_99,s4_n40_7,s1_below_4282,s1_below_2,s2_2001_2003,s2_760_2075,s3_17_37,Passenger Car,s4_48_64,Not Deployed,s2_97_208,s1_below_1,Male,s4_96_114,s3_141_159,s2_164_318,s4_160_220,s2_2_4
13201,s2_885_1695,s2_n103_99,s4_n40_7,s1_below_4282,s3_3_4,s2_2001_2003,s2_760_2075,s3_17_37,Truck (<=6000 lbs.),s3_28_48,Not Deployed,s2_97_208,s1_below_1,Male,s2_37_80,s3_141_159,s2_164_318,s4_160_220,s2_2_4
13202,s2_885_1695,s2_n103_99,s4_n40_7,s1_below_4282,s3_3_4,s1_below_2001,s2_760_2075,s3_17_37,Passenger Car,s3_28_48,Deployed,s2_97_208,s1_below_1,Male,s3_80_96,s3_141_159,s2_164_318,s3_80_160,s2_2_4
13203,s2_885_1695,s2_n103_99,s4_n40_7,s1_below_4282,s5_5_6,s3_2003_2005,s2_760_2075,s3_17_37,Passenger Car,s2_11_28,Deployed,s2_97_208,s3_2_3,Male,s3_80_96,s3_141_159,s2_164_318,s3_80_160,s2_2_4
13204,s2_885_1695,s2_n103_99,s4_n40_7,s1_below_4282,s3_3_4,s1_below_2001,s2_760_2075,s3_17_37,Passenger Car,s2_11_28,Not Deployed,s2_97_208,s1_below_1,Female,s2_37_80,s3_141_159,s2_164_318,s3_80_160,s2_2_4
13205,s2_885_1695,s2_n103_99,s4_n40_7,s1_below_4282,s4_4_5,s2_2001_2003,s2_760_2075,s3_17_37,Passenger Car,s2_11_28,Not Deployed,s2_97_208,s1_below_1,Female,s2_37_80,s3_141_159,s2_164_318,s4_160_220,s2_2_4
13206,s3_1695_2555,s2_n103_99,s4_n40_7,s1_below_4282,s1_below_2,s3_2003_2005,s2_760_2075,s3_17_37,Truck (<=6000 lbs.),s2_11_28,Not Deployed,s2_97_208,s1_below_1,Male,s2_37_80,s3_141_159,s3_318_464,s4_160_220,s3_4_5
13207,s3_1695_2555,s2_n103_99,s4_n40_7,s1_below_4282,s3_3_4,s2_2001_2003,s2_760_2075,s6_57_up,Truck (<=6000 lbs.),s5_64_76,Not Deployed,s2_97_208,s1_below_1,Male,s3_80_96,s3_141_159,s2_164_318,s3_80_160,s2_2_4
13208,s2_885_1695,s2_n103_99,s5_7_up,s1_below_4282,s1_below_2,s3_2003_2005,s2_760_2075,s3_17_37,Passenger Car,s2_11_28,Not Deployed,s2_97_208,s1_below_1,Male,s2_37_80,s3_141_159,s2_164_318,s6_260_up,s2_2_4
13209,s3_1695_2555,s2_n103_99,s4_n40_7,s1_below_4282,s3_3_4,s1_below_2001,s2_760_2075,s5_47_57,Truck (<=6000 lbs.),s5_64_76,Deployed,s2_97_208,s1_below_1,Male,s3_80_96,s4_159_169,s2_164_318,s3_80_160,s3_4_5
13210,s2_885_1695,s2_n103_99,s4_n40_7,s1_below_4282,s3_3_4,s1_below_2001,s2_760_2075,s3_17_37,Passenger Car,s3_28_48,Not Deployed,s2_97_208,s1_below_1,Male,s2_37_80,s3_141_159,s2_164_318,s3_80_160,s2_2_4
13211,s2_885_1695,s2_n103_99,s4_n40_7,s1_below_4282,s1_below_2,s1_below_2001,s2_760_2075,s4_37_47,Passenger Car,s2_11_28,Deployed,s2_97_208,s1_below_1,Female,s2_37_80,s3_141_159,s2_164_318,s3_80_160,s2_2_4
13212,s2_885_1695,s2_n103_99,s4_n40_7,s1_below_4282,s2_2_3,s1_below_2001,s2_760_2075,s5_47_57,Passenger Car,s4_48_64,Deployed,s2_97_208,s4_3_4,Male,s2_37_80,s3_141_159,s2_164_318,s4_160_220,s2_2_4
13213,s2_885_1695,s2_n103_99,s4_n40_7,s1_below_4282,s1_below_2,s2_2001_2003,s2_760_2075,s5_47_57,Passenger Car,s5_64_76,Deployed,s2_97_208,s2_1_2,Female,s2_37_80,s3_141_159,s2_164_318,s3_80_160,s2_2_4
13214,s2_885_1695,s2_n103_99,s5_7_up,s1_below_4282,s2_2_3,s1_below_2001,s2_760_2075,s5_47_57,Passenger Car,s3_28_48,Not Deployed,s2_97_208,s1_below_1,Male,s3_80_96,s3_141_159,s2_164_318,s6_260_up,s2_2_4
13215,s3_1695_2555,s2_n103_99,s4_n40_7,s1_below_4282,s1_below_2,s3_2003_2005,s2_760_2075,s3_17_37,Truck (<=10000 lbs.),s2_11_28,Not Deployed,s2_97_208,s1_below_1,Male,s2_37_80,s2_116_141,s3_318_464,s3_80_160,s3_4_5
13216,s2_885_1695,s2_n103_99,s4_n40_7,s1_below_4282,s1_below_2,s1_below_2001,s2_760_2075,s4_37_47,Truck (<=6000 lbs.),s2_11_28,Deployed,s2_97_208,s1_below_1,Male,s2_37_80,s3_141_159,s2_164_318,s3_80_160,s2_2_4
13217,s3_1695_2555,s2_n103_99,s5_7_up,s1_below_4282,s3_3_4,s2_2001_2003,s2_760_2075,s3_17_37,Truck (<=6000 lbs.),s3_28_48,Not Deployed,s2_97_208,s1_below_1,Male,s3_80_96,s3_141_159,s2_164_318,s6_260_up,s2_2_4
13218,s4_2555_3715,s2_n103_99,s3_n81_n40,s2_4282_6970,s1_below_2,s3_2003_2005,s2_760_2075,s5_47_57,Truck (<=10000 lbs.),s3_28_48,Deployed,s2_97_208,s4_3_4,Male,s4_96_114,s4_159_169,s3_318_464,s3_80_160,s4_5_6
13219,s2_885_1695,s2_n103_99,s4_n40_7,s1_below_4282,s1_below_2,s1_below_2001,s2_760_2075,s4_37_47,Truck (<=6000 lbs.),s2_11_28,Not Deployed,s2_97_208,s1_below_1,Female,s2_37_80,s2_116_141,s2_164_318,s1_below_40,s2_2_4
13220,s2_885_1695,s2_n103_99,s4_n40_7,s1_below_4282,s1_below_2,s1_below_2001,s3_2075_3730,s3_17_37,Passenger Car,s5_64_76,Deployed,s2_97_208,s1_below_1,Female,s2_37_80,s3_141_159,s2_164_318,s3_80_160,s2_2_4
13221,s2_885_1695,s2_n103_99,s5_7_up,s1_below_4282,s1_below_2,s1_below_2001,s2_760_2075,s3_17_37,Passenger Car,s4_48_64,Not Deployed,s2_97_208,s1_below_1,Male,s3_80_96,s3_141_159,s2_164_318,s6_260_up,s2_2_4
13222,s2_885_1695,s2_n103_99,s5_7_up,s1_below_4282,s1_below_2,s1_below_2001,s2_760_2075,s3_17_37,Passenger Car,s3_28_48,Not Deployed,s2_97_208,s1_below_1,Female,s2_37_80,s3_141_159,s2_164_318,s6_260_up,s2_2_4
13223,s2_885_1695,s2_n103_99,s4_n40_7,s1_below_4282,s1_below_2,s1_below_2001,s2_760_2075,s4_37_47,Passenger Car,s6_76_up,Deployed,s2_97_208,s5_4_5,Female,s2_37_80,s3_141_159,s2_164_318,s3_80_160,s2_2_4
13224,s2_885_1695,s2_n103_99,s4_n40_7,s1_below_4282,s1_below_2,s2_2001_2003,s2_760_2075,s5_47_57,Passenger Car,s3_28_48,Not Deployed,s2_97_208,s1_below_1,Male,s3_80_96,s3_141_159,s2_164_318,s4_160_220,s2_2_4
13225,s2_885_1695,s2_n103_99,s4_n40_7,s1_below_4282,s3_3_4,s2_2001_2003,s2_760_2075,s5_47_57,Passenger Car,s2_11_28,Deployed,s2_97_208,s1_below_1,Male,s4_96_114,s3_141_159,s2_164_318,s4_160_220,s2_2_4
13226,s2_885_1695,s2_n103_99,s4_n40_7,s1_below_4282,s1_below_2,s1_below_2001,s2_760_2075,s4_37_47,Passenger Car,s2_11_28,Deployed,s2_97_208,s1_below_1,Female,s2_37_80,s3_141_159,s2_164_318,s3_80_160,s2_2_4
13227,s3_1695_2555,s2_n103_99,s4_n40_7,s1_below_4282,s1_below_2,s1_below_2001,s2_760_2075,s4_37_47,Truck (<=6000 lbs.),s2_11_28,Deployed,s2_97_208,s1_below_1,Female,s2_37_80,s3_141_159,s2_164_318,s3_80_160,s2_2_4
13228,s2_885_1695,s2_n103_99,s4_n40_7,s1_below_4282,s1_below_2,s2_2001_2003,s2_760_2075,s4_37_47,Passenger Car,s2_11_28,Deployed,s2_97_208,s3_2_3,Female,s2_37_80,s3_141_159,s2_164_318,s3_80_160,s2_2_4
13229,s3_1695_2555,s2_n103_99,s4_n40_7,s1_below_4282,s1_below_2,s1_below_2001,s2_760_2075,s4_37_47,Truck (<=10000 lbs.),s2_11_28,Deployed,s2_97_208,s1_below_1,Male,s2_37_80,s4_159_169,s3_318_464,s3_80_160,s4_5_6
13230,s2_885_1695,s2_n103_99,s4_n40_7,s1_below_4282,s1_below_2,s2_2001_2003,s3_2075_3730,s4_37_47,Passenger Car,s2_11_28,Deployed,s2_97_208,s2_1_2,Female,s2_37_80,s3_141_159,s2_164_318,s4_160_220,s2_2_4
13231,s2_885_1695,s2_n103_99,s4_n40_7,s1_below_4282,s1_below_2,s2_2001_2003,s2_760_2075,s4_37_47,Passenger Car,s6_76_up,Deployed,s2_97_208,s2_1_2,Male,s2_37_80,s3_141_159,s2_164_318,s4_160_220,s2_2_4
13232,s2_885_1695,s2_n103_99,s4_n40_7,s1_below_4282,s3_3_4,s3_2003_2005,s2_760_2075,s5_47_57,Passenger Car,s2_11_28,Deployed,s2_97_208,s1_below_1,Female,s2_37_80,s3_141_159,s2_164_318,s3_80_160,s2_2_4
13233,s2_885_1695,s2_n103_99,s4_n40_7,s1_below_4282,s1_below_2,s3_2003_2005,s3_2075_3730,s3_17_37,Passenger Car,s2_11_28,Deployed,s2_97_208,s1_below_1,Male,s2_37_80,s3_141_159,s2_164_318,s3_80_160,s2_2_4
13234,s3_1695_2555,s2_n103_99,s3_n81_n40,s1_below_4282,s3_3_4,s3_2003_2005,s2_760_2075,s5_47_57,Truck (<=6000 lbs.),s4_48_64,Deployed,s2_97_208,s2_1_2,Male,s3_80_96,s3_141_159,s2_164_318,s3_80_160,s2_2_4
13235,s2_885_1695,s2_n103_99,s4_n40_7,s1_below_4282,s2_2_3,s3_2003_2005,s2_760_2075,s5_47_57,Passenger Car,s3_28_48,Deployed,s2_97_208,s1_below_1,Female,s2_37_80,s3_141_159,s2_164_318,s3_80_160,s2_2_4
13236,s3_1695_2555,s2_n103_99,s4_n40_7,s1_below_4282,s1_below_2,s2_2001_2003,s2_760_2075,s4_37_47,Passenger Car,s3_28_48,Not Deployed,s2_97_208,s1_below_1,Female,s6_130_up,s4_159_169,s2_164_318,s3_80_160,s3_4_5
13237,s2_885_1695,s2_n103_99,s5_7_up,s1_below_4282,s3_3_4,s3_2003_2005,s2_760_2075,s4_37_47,Passenger Car,s2_11_28,Not Deployed,s2_97_208,s1_below_1,Female,s2_37_80,s3_141_159,s2_164_318,s6_260_up,s2_2_4
13238,s2_885_1695,s2_n103_99,s4_n40_7,s1_below_4282,s1_below_2,s1_below_2001,s2_760_2075,s3_17_37,Passenger Car,s4_48_64,Not Deployed,s2_97_208,s1_below_1,Male,s4_96_114,s3_141_159,s2_164_318,s3_80_160,s2_2_4
13239,s2_885_1695,s2_n103_99,s4_n40_7,s1_below_4282,s1_below_2,s1_below_2001,s2_760_2075,s5_47_57,Truck (<=6000 lbs.),s6_76_up,Deployed,s2_97_208,s5_4_5,Female,s2_37_80,s3_141_159,s2_164_318,s3_80_160,s2_2_4
13240,s2_885_1695,s2_n103_99,s4_n40_7,s1_below_4282,s1_below_2,s1_below_2001,s2_760_2075,s3_17_37,Passenger Car,s2_11_28,Not Deployed,s2_97_208,s2_1_2,Female,s2_37_80,s3_141_159,s2_164_318,s3_80_160,s2_2_4
13241,s2_885_1695,s2_n103_99,s4_n40_7,s1_below_4282,s3_3_4,s2_2001_2003,s2_760_2075,s3_17_37,Passenger Car,s3_28_48,Not Deployed,s2_97_208,s1_below_1,Female,s2_37_80,s3_141_159,s2_164_318,s3_80_160,s2_2_4
13242,s2_885_1695,s2_n103_99,s5_7_up,s1_below_4282,s2_2_3,s3_2003_2005,s2_760_2075,s3_17_37,Passenger Car,s3_28_48,Not Deployed,s2_97_208,s1_below_1,Female,s4_96_114,s3_141_159,s2_164_318,s6_260_up,s2_2_4
13243,s2_885_1695,s2_n103_99,s4_n40_7,s1_below_4282,s2_2_3,s1_below_2001,s2_760_2075,s3_17_37,Truck (<=6000 lbs.),s2_11_28,Not Deployed,s2_97_208,s1_below_1,Male,s4_96_114,s3_141_159,s2_164_318,s3_80_160,s2_2_4
13244,s2_885_1695,s2_n103_99,s5_7_up,s1_below_4282,s1_below_2,s1_below_2001,s2_760_2075,s3_17_37,Passenger Car,s4_48_64,Not Deployed,s2_97_208,s1_below_1,Female,s3_80_96,s3_141_159,s2_164_318,s6_260_up,s2_2_4
13245,s3_1695_2555,s2_n103_99,s4_n40_7,s1_below_4282,s1_below_2,s2_2001_2003,s3_2075_3730,s3_17_37,Truck (<=6000 lbs.),s3_28_48,Not Deployed,s2_97_208,s1_below_1,Female,s2_37_80,s3_141_159,s2_164_318,s2_40_80,s2_2_4
13246,s2_885_1695,s2_n103_99,s4_n40_7,s1_below_4282,s1_below_2,s2_2001_2003,s2_760_2075,s4_37_47,Truck (<=6000 lbs.),s3_28_48,Deployed,s2_97_208,s2_1_2,Female,s4_96_114,s3_141_159,s2_164_318,s4_160_220,s2_2_4
13247,s3_1695_2555,s2_n103_99,s4_n40_7,s1_below_4282,s3_3_4,s1_below_2001,s2_760_2075,s3_17_37,Truck (<=6000 lbs.),s3_28_48,Not Deployed,s2_97_208,s1_below_1,Male,s2_37_80,s4_159_169,s2_164_318,s3_80_160,s2_2_4
13248,s2_885_1695,s2_n103_99,s4_n40_7,s1_below_4282,s1_below_2,s2_2001_2003,s3_2075_3730,s3_17_37,Passenger Car,s4_48_64,Deployed,s2_97_208,s1_below_1,Female,s3_80_96,s3_141_159,s2_164_318,s3_80_160,s2_2_4
13249,s4_2555_3715,s2_n103_99,s4_n40_7,s1_below_4282,s1_below_2,s2_2001_2003,s2_760_2075,s3_17_37,Truck (<=10000 lbs.),s2_11_28,Not Deployed,s2_97_208,s1_below_1,Male,s3_80_96,s5_169_179,s2_164_318,s3_80_160,s3_4_5
13250,s3_1695_2555,s2_n103_99,s4_n40_7,s1_below_4282,s3_3_4,s2_2001_2003,s2_760_2075,s3_17_37,Passenger Car,s3_28_48,Deployed,s2_97_208,s1_below_1,Male,s3_80_96,s4_159_169,s2_164_318,s3_80_160,s2_2_4
13251,s2_885_1695,s2_n103_99,s5_7_up,s1_below_4282,s1_below_2,s3_2003_2005,s3_2075_3730,s3_17_37,Passenger Car,s2_11_28,Not Deployed,s2_97_208,s1_below_1,Male,s2_37_80,s3_141_159,s2_164_318,s6_260_up,s2_2_4
13252,s2_885_1695,s2_n103_99,s4_n40_7,s1_below_4282,s1_below_2,s2_2001_2003,s2_760_2075,s3_17_37,Passenger Car,s3_28_48,Not Deployed,s2_97_208,s1_below_1,Male,s2_37_80,s3_141_159,s2_164_318,s2_40_80,s2_2_4
13253,s2_885_1695,s2_n103_99,s4_n40_7,s1_below_4282,s1_below_2,s1_below_2001,s3_2075_3730,s3_17_37,Passenger Car,s2_11_28,Not Deployed,s2_97_208,s1_below_1,Male,s2_37_80,s3_141_159,s2_164_318,s3_80_160,s2_2_4
13254,s2_885_1695,s2_n103_99,s4_n40_7,s1_below_4282,s1_below_2,s2_2001_2003,s2_760_2075,s3_17_37,Truck (<=6000 lbs.),s2_11_28,Deployed,s2_97_208,s1_below_1,Female,s2_37_80,s3_141_159,s2_164_318,s3_80_160,s2_2_4
13255,s3_1695_2555,s2_n103_99,s4_n40_7,s1_below_4282,s3_3_4,s1_below_2001,s2_760_2075,s3_17_37,Truck (<=6000 lbs.),s4_48_64,Deployed,s2_97_208,s1_below_1,Male,s2_37_80,s4_159_169,s2_164_318,s2_40_80,s2_2_4
13256,s3_1695_2555,s2_n103_99,s4_n40_7,s1_below_4282,s1_below_2,s1_below_2001,s2_760_2075,s3_17_37,Passenger Car,s4_48_64,Deployed,s2_97_208,s1_below_1,Male,s3_80_96,s4_159_169,s2_164_318,s3_80_160,s2_2_4
13257,s3_1695_2555,s2_n103_99,s4_n40_7,s1_below_4282,s4_4_5,s1_below_2001,s2_760_2075,s3_17_37,Passenger Car,s3_28_48,Not Deployed,s2_97_208,s1_below_1,Male,s2_37_80,s4_159_169,s2_164_318,s3_80_160,s3_4_5
13258,s3_1695_2555,s2_n103_99,s4_n40_7,s1_below_4282,s1_below_2,s2_2001_2003,s2_760_2075,s3_17_37,Passenger Car,s4_48_64,Not Deployed,s2_97_208,s1_below_1,Male,s3_80_96,s4_159_169,s2_164_318,s4_160_220,s2_2_4
13259,s2_885_1695,s2_n103_99,s4_n40_7,s1_below_4282,s2_2_3,s2_2001_2003,s2_760_2075,s3_17_37,Passenger Car,s3_28_48,Not Deployed,s2_97_208,s1_below_1,Female,s2_37_80,s3_141_159,s2_164_318,s4_160_220,s2_2_4
13260,s2_885_1695,s2_n103_99,s4_n40_7,s1_below_4282,s3_3_4,s2_2001_2003,s2_760_2075,s3_17_37,Truck (<=6000 lbs.),s4_48_64,Not Deployed,s2_97_208,s1_below_1,Male,s3_80_96,s3_141_159,s2_164_318,s3_80_160,s2_2_4
13261,s3_1695_2555,s2_n103_99,s4_n40_7,s1_below_4282,s1_below_2,s1_below_2001,s2_760_2075,s3_17_37,Truck (<=6000 lbs.),s3_28_48,Deployed,s2_97_208,s1_below_1,Male,s3_80_96,s4_159_169,s2_164_318,s2_40_80,s3_4_5
13262,s2_885_1695,s2_n103_99,s4_n40_7,s1_below_4282,s1_below_2,s3_2003_2005,s2_760_2075,s3_17_37,Passenger Car,s2_11_28,Deployed,s2_97_208,s1_below_1,Female,s2_37_80,s3_141_159,s2_164_318,s2_40_80,s2_2_4
13263,s2_885_1695,s2_n103_99,s4_n40_7,s1_below_4282,s1_below_2,s2_2001_2003,s2_760_2075,s3_17_37,Passenger Car,s5_64_76,Deployed,s2_97_208,s1_below_1,Male,s2_37_80,s3_141_159,s2_164_318,s3_80_160,s2_2_4
13264,s2_885_1695,s2_n103_99,s4_n40_7,s1_below_4282,s2_2_3,s1_below_2001,s2_760_2075,s3_17_37,Passenger Car,s2_11_28,Deployed,s2_97_208,s1_below_1,Male,s2_37_80,s3_141_159,s2_164_318,s3_80_160,s2_2_4
13265,s3_1695_2555,s2_n103_99,s4_n40_7,s1_below_4282,s1_below_2,s2_2001_2003,s2_760_2075,s5_47_57,Truck (<=6000 lbs.),s3_28_48,Deployed,s2_97_208,s1_below_1,Male,s4_96_114,s3_141_159,s2_164_318,s3_80_160,s2_2_4
13266,s3_1695_2555,s2_n103_99,s4_n40_7,s1_below_4282,s3_3_4,s2_2001_2003,s2_760_2075,s3_17_37,Truck (<=10000 lbs.),s2_11_28,Deployed,s2_97_208,s1_below_1,Male,s2_37_80,s5_169_179,s3_318_464,s3_80_160,s4_5_6
13267,s2_885_1695,s2_n103_99,s4_n40_7,s1_below_4282,s1_below_2,s1_below_2001,s2_760_2075,s3_17_37,Passenger Car,s3_28_48,Not Deployed,s2_97_208,s1_below_1,Female,s3_80_96,s3_141_159,s2_164_318,s4_160_220,s2_2_4
13268,s2_885_1695,s2_n103_99,s4_n40_7,s1_below_4282,s3_3_4,s2_2001_2003,s2_760_2075,s3_17_37,Passenger Car,s2_11_28,Not Deployed,s2_97_208,s1_below_1,Female,s2_37_80,s3_141_159,s2_164_318,s3_80_160,s2_2_4
13269,s3_1695_2555,s2_n103_99,s4_n40_7,s1_below_4282,s1_below_2,s2_2001_2003,s2_760_2075,s3_17_37,Truck (<=6000 lbs.),s3_28_48,Not Deployed,s2_97_208,s1_below_1,Male,s3_80_96,s3_141_159,s2_164_318,s4_160_220,s2_2_4
13270,s2_885_1695,s2_n103_99,s4_n40_7,s1_below_4282,s2_2_3,s3_2003_2005,s2_760_2075,s5_47_57,Passenger Car,s2_11_28,Deployed,s2_97_208,s1_below_1,Male,s2_37_80,s3_141_159,s2_164_318,s3_80_160,s2_2_4
13271,s2_885_1695,s2_n103_99,s4_n40_7,s1_below_4282,s3_3_4,s2_2001_2003,s2_760_2075,s3_17_37,Passenger Car,s2_11_28,Deployed,s2_97_208,s1_below_1,Male,s3_80_96,s3_141_159,s2_164_318,s3_80_160,s2_2_4
13272,s3_1695_2555,s2_n103_99,s4_n40_7,s1_below_4282,s1_below_2,s1_below_2001,s2_760_2075,s3_17_37,Truck (<=10000 lbs.),s3_28_48,Deployed,s2_97_208,s1_below_1,Female,s2_37_80,s4_159_169,s2_164_318,s3_80_160,s3_4_5
13273,s2_885_1695,s2_n103_99,s4_n40_7,s1_below_4282,s1_below_2,s1_below_2001,s2_760_2075,s5_47_57,Truck (<=6000 lbs.),s3_28_48,Not Deployed,s2_97_208,s1_below_1,Male,s2_37_80,s3_141_159,s2_164_318,s2_40_80,s2_2_4
13274,s3_1695_2555,s2_n103_99,s4_n40_7,s1_below_4282,s3_3_4,s2_2001_2003,s2_760_2075,s5_47_57,Truck (<=10000 lbs.),s3_28_48,Not Deployed,s2_97_208,s2_1_2,Male,s2_37_80,s5_169_179,s3_318_464,s3_80_160,s4_5_6
13275,s2_885_1695,s2_n103_99,s4_n40_7,s1_below_4282,s1_below_2,s2_2001_2003,s3_2075_3730,s4_37_47,Passenger Car,s6_76_up,Not Deployed,s2_97_208,s1_below_1,Female,s2_37_80,s3_141_159,s2_164_318,s3_80_160,s2_2_4
13276,s3_1695_2555,s2_n103_99,s4_n40_7,s1_below_4282,s1_below_2,s1_below_2001,s2_760_2075,s3_17_37,Truck (<=6000 lbs.),s3_28_48,Not Deployed,s2_97_208,s1_below_1,Female,s2_37_80,s3_141_159,s2_164_318,s3_80_160,s2_2_4
13277,s3_1695_2555,s2_n103_99,s4_n40_7,s1_below_4282,s1_below_2,s1_below_2001,s2_760_2075,s4_37_47,Truck (<=10000 lbs.),s2_11_28,Not Deployed,s2_97_208,s1_below_1,Female,s2_37_80,s4_159_169,s3_318_464,s3_80_160,s4_5_6
13278,s2_885_1695,s2_n103_99,s3_n81_n40,s1_below_4282,s2_2_3,s2_2001_2003,s2_760_2075,s4_37_47,Truck (<=6000 lbs.),s4_48_64,Deployed,s2_97_208,s3_2_3,Female,s2_37_80,s3_141_159,s2_164_318,s3_80_160,s2_2_4
13279,s2_885_1695,s2_n103_99,s3_n81_n40,s1_below_4282,s3_3_4,s2_2001_2003,s2_760_2075,s4_37_47,Passenger Car,s4_48_64,Deployed,s2_97_208,s5_4_5,Female,s6_130_up,s3_141_159,s2_164_318,s3_80_160,s2_2_4
13280,s4_2555_3715,s2_n103_99,s4_n40_7,s1_below_4282,s1_below_2,s2_2001_2003,s2_760_2075,s4_37_47,Truck (<=10000 lbs.),s3_28_48,Not Deployed,s2_97_208,s3_2_3,Male,s2_37_80,s3_141_159,s3_318_464,s4_160_220,s3_4_5
13281,s3_1695_2555,s2_n103_99,s4_n40_7,s1_below_4282,s1_below_2,s2_2001_2003,s2_760_2075,s4_37_47,Truck (<=10000 lbs.),s4_48_64,Deployed,s2_97_208,s1_below_1,Female,s2_37_80,s4_159_169,s3_318_464,s4_160_220,s4_5_6
13282,s2_885_1695,s2_n103_99,s4_n40_7,s1_below_4282,s1_below_2,s2_2001_2003,s3_2075_3730,s3_17_37,Passenger Car,s3_28_48,Deployed,s2_97_208,s1_below_1,Male,s3_80_96,s3_141_159,s2_164_318,s3_80_160,s2_2_4
13283,s2_885_1695,s2_n103_99,s4_n40_7,s1_below_4282,s1_below_2,s2_2001_2003,s2_760_2075,s4_37_47,Truck (<=6000 lbs.),s3_28_48,Not Deployed,s2_97_208,s1_below_1,Female,s3_80_96,s3_141_159,s2_164_318,s2_40_80,s2_2_4
13284,s2_885_1695,s2_n103_99,s4_n40_7,s1_below_4282,s2_2_3,s3_2003_2005,s2_760_2075,s3_17_37,Passenger Car,s4_48_64,Not Deployed,s2_97_208,s1_below_1,Female,s2_37_80,s3_141_159,s2_164_318,s3_80_160,s2_2_4
13285,s4_2555_3715,s2_n103_99,s5_7_up,s1_below_4282,s3_3_4,s3_2003_2005,s2_760_2075,s5_47_57,Truck (<=10000 lbs.),s3_28_48,Not Deployed,s2_97_208,s1_below_1,Female,s2_37_80,s5_169_179,s2_164_318,s6_260_up,s3_4_5
13286,s2_885_1695,s2_n103_99,s4_n40_7,s1_below_4282,s3_3_4,s2_2001_2003,s3_2075_3730,s5_47_57,Truck (<=6000 lbs.),s4_48_64,Deployed,s2_97_208,s1_below_1,Male,s4_96_114,s3_141_159,s2_164_318,s3_80_160,s2_2_4
13287,s2_885_1695,s2_n103_99,s4_n40_7,s1_below_4282,s1_below_2,s3_2003_2005,s2_760_2075,s4_37_47,Passenger Car,s3_28_48,Deployed,s2_97_208,s1_below_1,Female,s2_37_80,s3_141_159,s2_164_318,s3_80_160,s2_2_4
13288,s2_885_1695,s2_n103_99,s4_n40_7,s1_below_4282,s1_below_2,s3_2003_2005,s2_760_2075,s3_17_37,Passenger Car,s2_11_28,Not Deployed,s2_97_208,s1_below_1,Male,s2_37_80,s3_141_159,s2_164_318,s4_160_220,s2_2_4
13289,s2_885_1695,s2_n103_99,s4_n40_7,s1_below_4282,s1_below_2,s2_2001_2003,s2_760_2075,s4_37_47,Passenger Car,s4_48_64,Not Deployed,s2_97_208,s1_below_1,Female,s2_37_80,s3_141_159,s2_164_318,s3_80_160,s2_2_4
13290,s2_885_1695,s2_n103_99,s4_n40_7,s1_below_4282,s1_below_2,s2_2001_2003,s3_2075_3730,s3_17_37,Passenger Car,s6_76_up,Not Deployed,s2_97_208,s1_below_1,Male,s2_37_80,s3_141_159,s2_164_318,s4_160_220,s2_2_4
13291,s3_1695_2555,s2_n103_99,s4_n40_7,s1_below_4282,s1_below_2,s2_2001_2003,s2_760_2075,s3_17_37,Truck (<=6000 lbs.),s2_11_28,Not Deployed,s2_97_208,s1_below_1,Male,s3_80_96,s3_141_159,s3_318_464,s3_80_160,s3_4_5
13292,s3_1695_2555,s2_n103_99,s4_n40_7,s1_below_4282,s4_4_5,s1_below_2001,s2_760_2075,s5_47_57,Truck (<=10000 lbs.),s3_28_48,Deployed,s2_97_208,s1_below_1,Female,s2_37_80,s3_141_159,s2_164_318,s4_160_220,s2_2_4
13293,s2_885_1695,s2_n103_99,s4_n40_7,s1_below_4282,s2_2_3,s2_2001_2003,s2_760_2075,s5_47_57,Passenger Car,s5_64_76,Deployed,s2_97_208,s1_below_1,Male,s3_80_96,s3_141_159,s2_164_318,s3_80_160,s2_2_4
13294,s3_1695_2555,s2_n103_99,s4_n40_7,s1_below_4282,s3_3_4,s3_2003_2005,s2_760_2075,s5_47_57,Truck (<=6000 lbs.),s3_28_48,Not Deployed,s2_97_208,s3_2_3,Male,s3_80_96,s3_141_159,s3_318_464,s4_160_220,s3_4_5
13295,s2_885_1695,s2_n103_99,s4_n40_7,s1_below_4282,s3_3_4,s1_below_2001,s3_2075_3730,s5_47_57,Passenger Car,s2_11_28,Deployed,s2_97_208,s3_2_3,Male,s3_80_96,s3_141_159,s2_164_318,s3_80_160,s2_2_4
13296,s3_1695_2555,s2_n103_99,s4_n40_7,s1_below_4282,s1_below_2,s2_2001_2003,s2_760_2075,s3_17_37,Passenger Car,s2_11_28,Deployed,s2_97_208,s1_below_1,Male,s4_96_114,s4_159_169,s2_164_318,s4_160_220,s2_2_4
13297,s3_1695_2555,s2_n103_99,s4_n40_7,s1_below_4282,s3_3_4,s3_2003_2005,s2_760_2075,s4_37_47,Truck (<=6000 lbs.),s3_28_48,Not Deployed,s2_97_208,s1_below_1,Female,s2_37_80,s4_159_169,s2_164_318,s3_80_160,s2_2_4
13298,s3_1695_2555,s2_n103_99,s4_n40_7,s1_below_4282,s3_3_4,s2_2001_2003,s3_2075_3730,s5_47_57,Truck (<=10000 lbs.),s3_28_48,Not Deployed,s2_97_208,s1_below_1,Male,s3_80_96,s3_141_159,s2_164_318,s3_80_160,s2_2_4
13299,s2_885_1695,s2_n103_99,s4_n40_7,s1_below_4282,s1_below_2,s2_2001_2003,s2_760_2075,s3_17_37,Passenger Car,s2_11_28,Not Deployed,s2_97_208,s1_below_1,Male,s2_37_80,s3_141_159,s2_164_318,s4_160_220,s2_2_4
13300,s2_885_1695,s2_n103_99,s4_n40_7,s1_below_4282,s1_below_2,s3_2003_2005,s2_760_2075,s3_17_37,Truck (<=6000 lbs.),s3_28_48,Not Deployed,s2_97_208,s1_below_1,Female,s2_37_80,s3_141_159,s2_164_318,s3_80_160,s2_2_4
13301,s2_885_1695,s2_n103_99,s4_n40_7,s1_below_4282,s1_below_2,s2_2001_2003,s2_760_2075,s3_17_37,Passenger Car,s2_11_28,Not Deployed,s2_97_208,s1_below_1,Male,s4_96_114,s3_141_159,s2_164_318,s4_160_220,s2_2_4
13302,s2_885_1695,s2_n103_99,s4_n40_7,s1_below_4282,s1_below_2,s3_2003_2005,s2_760_2075,s3_17_37,Passenger Car,s3_28_48,Not Deployed,s2_97_208,s1_below_1,Female,s3_80_96,s3_141_159,s2_164_318,s3_80_160,s2_2_4
13303,s2_885_1695,s2_n103_99,s4_n40_7,s1_below_4282,s3_3_4,s1_below_2001,s2_760_2075,s3_17_37,Passenger Car,s2_11_28,Deployed,s2_97_208,s1_below_1,Female,s2_37_80,s3_141_159,s2_164_318,s3_80_160,s2_2_4
13304,s2_885_1695,s2_n103_99,s4_n40_7,s1_below_4282,s3_3_4,s2_2001_2003,s2_760_2075,s4_37_47,Passenger Car,s4_48_64,Deployed,s2_97_208,s1_below_1,Female,s2_37_80,s3_141_159,s2_164_318,s4_160_220,s2_2_4
13305,s4_2555_3715,s2_n103_99,s4_n40_7,s1_below_4282,s3_3_4,s3_2003_2005,s2_760_2075,s5_47_57,Truck (<=10000 lbs.),s3_28_48,Not Deployed,s2_97_208,s1_below_1,Male,s4_96_114,s5_169_179,s2_164_318,s1_below_40,s3_4_5
13306,s2_885_1695,s2_n103_99,s4_n40_7,s1_below_4282,s4_4_5,s1_below_2001,s3_2075_3730,s5_47_57,Passenger Car,s2_11_28,Deployed,s2_97_208,s1_below_1,Female,s2_37_80,s3_141_159,s2_164_318,s3_80_160,s2_2_4
13307,s3_1695_2555,s2_n103_99,s4_n40_7,s1_below_4282,s1_below_2,s1_below_2001,s2_760_2075,s3_17_37,Truck (<=6000 lbs.),s4_48_64,Not Deployed,s2_97_208,s1_below_1,Female,s2_37_80,s4_159_169,s2_164_318,s3_80_160,s3_4_5
13308,s2_885_1695,s2_n103_99,s4_n40_7,s1_below_4282,s1_below_2,s1_below_2001,s2_760_2075,s3_17_37,Passenger Car,s2_11_28,Not Deployed,s2_97_208,s1_below_1,Female,s2_37_80,s3_141_159,s2_164_318,s3_80_160,s2_2_4
13309,s3_1695_2555,s2_n103_99,s4_n40_7,s1_below_4282,s1_below_2,s3_2003_2005,s2_760_2075,s5_47_57,Truck (<=6000 lbs.),s5_64_76,Not Deployed,s2_97_208,s1_below_1,Female,s2_37_80,s3_141_159,s2_164_318,s1_below_40,s2_2_4
13310,s2_885_1695,s2_n103_99,s4_n40_7,s1_below_4282,s1_below_2,s2_2001_2003,s2_760_2075,s3_17_37,Passenger Car,s2_11_28,Not Deployed,s2_97_208,s1_below_1,Male,s3_80_96,s3_141_159,s2_164_318,s2_40_80,s2_2_4
13311,s2_885_1695,s2_n103_99,s4_n40_7,s1_below_4282,s2_2_3,s1_below_2001,s2_760_2075,s4_37_47,Passenger Car,s2_11_28,Deployed,s2_97_208,s1_below_1,Male,s2_37_80,s3_141_159,s2_164_318,s4_160_220,s2_2_4
13312,s2_885_1695,s2_n103_99,s4_n40_7,s1_below_4282,s4_4_5,s1_below_2001,s2_760_2075,s4_37_47,Passenger Car,s2_11_28,Not Deployed,s2_97_208,s1_below_1,Female,s2_37_80,s3_141_159,s2_164_318,s3_80_160,s2_2_4
13313,s2_885_1695,s2_n103_99,s4_n40_7,s1_below_4282,s1_below_2,s1_below_2001,s2_760_2075,s4_37_47,Passenger Car,s2_11_28,Not Deployed,s2_97_208,s1_below_1,Male,s2_37_80,s3_141_159,s2_164_318,s4_160_220,s2_2_4
13314,s3_1695_2555,s2_n103_99,s4_n40_7,s1_below_4282,s1_below_2,s2_2001_2003,s2_760_2075,s3_17_37,Truck (<=6000 lbs.),s3_28_48,Not Deployed,s2_97_208,s1_below_1,Female,s2_37_80,s4_159_169,s2_164_318,s3_80_160,s2_2_4
13315,s3_1695_2555,s2_n103_99,s4_n40_7,s1_below_4282,s1_below_2,s2_2001_2003,s3_2075_3730,s4_37_47,Truck (<=6000 lbs.),s2_11_28,Not Deployed,s2_97_208,s1_below_1,Male,s2_37_80,s3_141_159,s2_164_318,s3_80_160,s2_2_4
13316,s3_1695_2555,s2_n103_99,s4_n40_7,s1_below_4282,s4_4_5,s2_2001_2003,s2_760_2075,s3_17_37,Truck (<=6000 lbs.),s3_28_48,Not Deployed,s2_97_208,s1_below_1,Female,s4_96_114,s4_159_169,s2_164_318,s3_80_160,s3_4_5
13317,s2_885_1695,s2_n103_99,s4_n40_7,s1_below_4282,s1_below_2,s1_below_2001,s2_760_2075,s4_37_47,Passenger Car,s4_48_64,Deployed,s2_97_208,s1_below_1,Male,s4_96_114,s3_141_159,s2_164_318,s4_160_220,s2_2_4
13318,s2_885_1695,s2_n103_99,s5_7_up,s1_below_4282,s3_3_4,s2_2001_2003,s2_760_2075,s5_47_57,Truck (<=6000 lbs.),s4_48_64,Not Deployed,s2_97_208,s2_1_2,Male,s2_37_80,s3_141_159,s2_164_318,s6_260_up,s2_2_4
13319,s2_885_1695,s2_n103_99,s4_n40_7,s1_below_4282,s3_3_4,s2_2001_2003,s2_760_2075,s4_37_47,Passenger Car,s2_11_28,Not Deployed,s2_97_208,s1_below_1,Male,s2_37_80,s3_141_159,s2_164_318,s5_220_260,s2_2_4
13320,s3_1695_2555,s2_n103_99,s4_n40_7,s1_below_4282,s1_below_2,s3_2003_2005,s2_760_2075,s4_37_47,Truck (<=6000 lbs.),s3_28_48,Not Deployed,s2_97_208,s1_below_1,Male,s2_37_80,s4_159_169,s2_164_318,s2_40_80,s3_4_5
13321,s2_885_1695,s2_n103_99,s4_n40_7,s1_below_4282,s1_below_2,s1_below_2001,s2_760_2075,s4_37_47,Passenger Car,s3_28_48,Not Deployed,s2_97_208,s1_below_1,Female,s4_96_114,s3_141_159,s2_164_318,s4_160_220,s2_2_4
13322,s2_885_1695,s2_n103_99,s4_n40_7,s1_below_4282,s1_below_2,s2_2001_2003,s2_760_2075,s3_17_37,Truck (<=6000 lbs.),s2_11_28,Not Deployed,s2_97_208,s1_below_1,Female,s2_37_80,s3_141_159,s2_164_318,s4_160_220,s2_2_4
13323,s2_885_1695,s2_n103_99,s4_n40_7,s1_below_4282,s1_below_2,s2_2001_2003,s2_760_2075,s4_37_47,Truck (<=6000 lbs.),s6_76_up,Deployed,s2_97_208,s2_1_2,Male,s2_37_80,s3_141_159,s2_164_318,s2_40_80,s2_2_4
13324,s2_885_1695,s2_n103_99,s4_n40_7,s1_below_4282,s1_below_2,s1_below_2001,s2_760_2075,s4_37_47,Truck (<=6000 lbs.),s2_11_28,Not Deployed,s2_97_208,s1_below_1,Female,s2_37_80,s2_116_141,s2_164_318,s3_80_160,s2_2_4
13325,s2_885_1695,s2_n103_99,s4_n40_7,s1_below_4282,s5_5_6,s2_2001_2003,s2_760_2075,s5_47_57,Passenger Car,s6_76_up,Deployed,s2_97_208,s3_2_3,Female,s2_37_80,s3_141_159,s2_164_318,s4_160_220,s2_2_4
13326,s3_1695_2555,s2_n103_99,s4_n40_7,s1_below_4282,s4_4_5,s1_below_2001,s3_2075_3730,s4_37_47,Truck (<=6000 lbs.),s2_11_28,Deployed,s2_97_208,s1_below_1,Male,s2_37_80,s3_141_159,s2_164_318,s3_80_160,s2_2_4
13327,s3_1695_2555,s2_n103_99,s4_n40_7,s1_below_4282,s2_2_3,s2_2001_2003,s2_760_2075,s3_17_37,Truck (<=10000 lbs.),s3_28_48,Deployed,s2_97_208,s1_below_1,Female,s2_37_80,s5_169_179,s3_318_464,s3_80_160,s4_5_6
13328,s2_885_1695,s2_n103_99,s4_n40_7,s1_below_4282,s1_below_2,s1_below_2001,s2_760_2075,s5_47_57,Passenger Car,s3_28_48,Not Deployed,s2_97_208,s1_below_1,Female,s2_37_80,s3_141_159,s2_164_318,s2_40_80,s2_2_4
13329,s2_885_1695,s2_n103_99,s4_n40_7,s1_below_4282,s1_below_2,s3_2003_2005,s2_760_2075,s3_17_37,Passenger Car,s4_48_64,Not Deployed,s2_97_208,s1_below_1,Female,s2_37_80,s3_141_159,s2_164_318,s2_40_80,s2_2_4
13330,s2_885_1695,s2_n103_99,s4_n40_7,s1_below_4282,s1_below_2,s1_below_2001,s2_760_2075,s3_17_37,Passenger Car,s2_11_28,Not Deployed,s2_97_208,s1_below_1,Male,s2_37_80,s3_141_159,s2_164_318,s3_80_160,s2_2_4
13331,s3_1695_2555,s2_n103_99,s4_n40_7,s1_below_4282,s1_below_2,s3_2003_2005,s2_760_2075,s4_37_47,Truck (<=10000 lbs.),s3_28_48,Not Deployed,s2_97_208,s1_below_1,Female,s4_96_114,s4_159_169,s3_318_464,s3_80_160,s3_4_5
13332,s2_885_1695,s2_n103_99,s5_7_up,s1_below_4282,s1_below_2,s3_2003_2005,s2_760_2075,s4_37_47,Truck (<=6000 lbs.),s6_76_up,Not Deployed,s2_97_208,s1_below_1,Male,s4_96_114,s3_141_159,s2_164_318,s6_260_up,s2_2_4
13333,s3_1695_2555,s2_n103_99,s4_n40_7,s1_below_4282,s1_below_2,s2_2001_2003,s2_760_2075,s4_37_47,Truck (<=6000 lbs.),s2_11_28,Deployed,s2_97_208,s1_below_1,Male,s4_96_114,s3_141_159,s2_164_318,s3_80_160,s2_2_4
13334,s2_885_1695,s2_n103_99,s4_n40_7,s1_below_4282,s1_below_2,s1_below_2001,s2_760_2075,s5_47_57,Passenger Car,s4_48_64,Deployed,s2_97_208,s1_below_1,Male,s2_37_80,s3_141_159,s2_164_318,s3_80_160,s2_2_4
13335,s2_885_1695,s2_n103_99,s4_n40_7,s1_below_4282,s2_2_3,s2_2001_2003,s2_760_2075,s4_37_47,Passenger Car,s2_11_28,Not Deployed,s2_97_208,s1_below_1,Male,s2_37_80,s3_141_159,s2_164_318,s4_160_220,s2_2_4
13336,s2_885_1695,s2_n103_99,s4_n40_7,s1_below_4282,s1_below_2,s2_2001_2003,s2_760_2075,s4_37_47,Passenger Car,s2_11_28,Deployed,s2_97_208,s1_below_1,Male,s4_96_114,s3_141_159,s2_164_318,s3_80_160,s2_2_4
13337,s2_885_1695,s2_n103_99,s4_n40_7,s1_below_4282,s3_3_4,s1_below_2001,s2_760_2075,s3_17_37,Passenger Car,s2_11_28,Not Deployed,s2_97_208,s1_below_1,Male,s3_80_96,s3_141_159,s2_164_318,s3_80_160,s2_2_4
13338,s2_885_1695,s2_n103_99,s4_n40_7,s1_below_4282,s4_4_5,s1_below_2001,s2_760_2075,s4_37_47,Passenger Car,s2_11_28,Not Deployed,s2_97_208,s1_below_1,Male,s6_130_up,s3_141_159,s2_164_318,s4_160_220,s2_2_4
13339,s3_1695_2555,s2_n103_99,s4_n40_7,s1_below_4282,s2_2_3,s3_2003_2005,s2_760_2075,s4_37_47,Truck (<=10000 lbs.),s3_28_48,Not Deployed,s2_97_208,s1_below_1,Female,s2_37_80,s3_141_159,s2_164_318,s2_40_80,s2_2_4
13340,s2_885_1695,s2_n103_99,s4_n40_7,s1_below_4282,s1_below_2,s2_2001_2003,s3_2075_3730,s3_17_37,Truck (<=6000 lbs.),s4_48_64,Deployed,s2_97_208,s1_below_1,Male,s3_80_96,s3_141_159,s2_164_318,s3_80_160,s2_2_4
13341,s2_885_1695,s2_n103_99,s4_n40_7,s1_below_4282,s2_2_3,s2_2001_2003,s2_760_2075,s1_below_7,Passenger Car,s5_64_76,Deployed,s2_97_208,s1_below_1,Female,s2_37_80,s3_141_159,s2_164_318,s4_160_220,s2_2_4
13342,s2_885_1695,s2_n103_99,s4_n40_7,s1_below_4282,s2_2_3,s2_2001_2003,s2_760_2075,s5_47_57,Passenger Car,s5_64_76,Not Deployed,s2_97_208,s1_below_1,Female,s2_37_80,s3_141_159,s2_164_318,s2_40_80,s2_2_4
13343,s3_1695_2555,s2_n103_99,s4_n40_7,s1_below_4282,s3_3_4,s3_2003_2005,s2_760_2075,s4_37_47,Truck (<=6000 lbs.),s3_28_48,Deployed,s2_97_208,s1_below_1,Male,s2_37_80,s3_141_159,s3_318_464,s3_80_160,s3_4_5
13344,s2_885_1695,s2_n103_99,s4_n40_7,s1_below_4282,s3_3_4,s2_2001_2003,s2_760_2075,s3_17_37,Passenger Car,s4_48_64,Not Deployed,s2_97_208,s1_below_1,Male,s2_37_80,s3_141_159,s2_164_318,s3_80_160,s2_2_4
13345,s2_885_1695,s2_n103_99,s4_n40_7,s1_below_4282,s1_below_2,s2_2001_2003,s2_760_2075,s3_17_37,Passenger Car,s5_64_76,Not Deployed,s2_97_208,s1_below_1,Female,s2_37_80,s3_141_159,s2_164_318,s3_80_160,s2_2_4
13346,s2_885_1695,s2_n103_99,s4_n40_7,s1_below_4282,s1_below_2,s1_below_2001,s2_760_2075,s4_37_47,Truck (<=6000 lbs.),s2_11_28,Not Deployed,s2_97_208,s1_below_1,Male,s3_80_96,s3_141_159,s2_164_318,s3_80_160,s2_2_4
13347,s3_1695_2555,s2_n103_99,s4_n40_7,s1_below_4282,s1_below_2,s2_2001_2003,s2_760_2075,s4_37_47,Truck (<=6000 lbs.),s3_28_48,Not Deployed,s2_97_208,s1_below_1,Female,s2_37_80,s3_141_159,s3_318_464,s3_80_160,s3_4_5
13348,s2_885_1695,s2_n103_99,s4_n40_7,s2_4282_6970,s2_2_3,s2_2001_2003,s2_760_2075,s3_17_37,Passenger Car,s5_64_76,Deployed,s2_97_208,s1_below_1,Female,s2_37_80,s3_141_159,s2_164_318,s3_80_160,s2_2_4
13349,s3_1695_2555,s2_n103_99,s4_n40_7,s1_below_4282,s1_below_2,s1_below_2001,s2_760_2075,s3_17_37,Truck (<=6000 lbs.),s5_64_76,Not Deployed,s2_97_208,s1_below_1,Male,s5_114_130,s4_159_169,s2_164_318,s2_40_80,s3_4_5
13350,s2_885_1695,s2_n103_99,s4_n40_7,s1_below_4282,s4_4_5,s3_2003_2005,s2_760_2075,s4_37_47,Passenger Car,s2_11_28,Not Deployed,s2_97_208,s1_below_1,Female,s3_80_96,s3_141_159,s2_164_318,s4_160_220,s2_2_4
13351,s2_885_1695,s2_n103_99,s4_n40_7,s1_below_4282,s2_2_3,s1_below_2001,s2_760_2075,s3_17_37,Passenger Car,s2_11_28,Deployed,s2_97_208,s1_below_1,Male,s2_37_80,s3_141_159,s2_164_318,s4_160_220,s2_2_4
13352,s2_885_1695,s2_n103_99,s4_n40_7,s1_below_4282,s2_2_3,s2_2001_2003,s2_760_2075,s3_17_37,Passenger Car,s3_28_48,Deployed,s2_97_208,s1_below_1,Male,s5_114_130,s3_141_159,s2_164_318,s3_80_160,s2_2_4
13353,s3_1695_2555,s2_n103_99,s4_n40_7,s1_below_4282,s1_below_2,s2_2001_2003,s2_760_2075,s4_37_47,Truck (<=6000 lbs.),s5_64_76,Deployed,s2_97_208,s1_below_1,Male,s4_96_114,s3_141_159,s2_164_318,s3_80_160,s2_2_4
13354,s2_885_1695,s2_n103_99,s4_n40_7,s1_below_4282,s1_below_2,s2_2001_2003,s2_760_2075,s4_37_47,Passenger Car,s5_64_76,Deployed,s2_97_208,s1_below_1,Female,s2_37_80,s3_141_159,s2_164_318,s3_80_160,s2_2_4
13355,s2_885_1695,s2_n103_99,s4_n40_7,s1_below_4282,s1_below_2,s2_2001_2003,s2_760_2075,s3_17_37,Truck (<=6000 lbs.),s4_48_64,Not Deployed,s2_97_208,s1_below_1,Female,s2_37_80,s3_141_159,s2_164_318,s3_80_160,s2_2_4
13356,s3_1695_2555,s2_n103_99,s4_n40_7,s1_below_4282,s1_below_2,s2_2001_2003,s2_760_2075,s3_17_37,Passenger Car,s4_48_64,Not Deployed,s2_97_208,s1_below_1,Male,s3_80_96,s3_141_159,s2_164_318,s5_220_260,s2_2_4
13357,s3_1695_2555,s2_n103_99,s4_n40_7,s1_below_4282,s2_2_3,s1_below_2001,s2_760_2075,s3_17_37,Truck (<=10000 lbs.),s3_28_48,Not Deployed,s2_97_208,s1_below_1,Male,s2_37_80,s5_169_179,s3_318_464,s3_80_160,s4_5_6
13358,s2_885_1695,s2_n103_99,s4_n40_7,s1_below_4282,s2_2_3,s3_2003_2005,s2_760_2075,s3_17_37,Passenger Car,s3_28_48,Not Deployed,s2_97_208,s1_below_1,Male,s2_37_80,s3_141_159,s2_164_318,s3_80_160,s2_2_4
13359,s2_885_1695,s2_n103_99,s4_n40_7,s1_below_4282,s1_below_2,s2_2001_2003,s2_760_2075,s5_47_57,Passenger Car,s4_48_64,Not Deployed,s2_97_208,s1_below_1,Female,s2_37_80,s3_141_159,s2_164_318,s3_80_160,s2_2_4
13360,s2_885_1695,s2_n103_99,s4_n40_7,s1_below_4282,s1_below_2,s3_2003_2005,s2_760_2075,s4_37_47,Passenger Car,s4_48_64,Not Deployed,s2_97_208,s1_below_1,Male,s2_37_80,s3_141_159,s2_164_318,s4_160_220,s2_2_4
13361,s2_885_1695,s2_n103_99,s4_n40_7,s1_below_4282,s1_below_2,s1_below_2001,s2_760_2075,s3_17_37,Passenger Car,s2_11_28,Deployed,s2_97_208,s1_below_1,Male,s2_37_80,s3_141_159,s2_164_318,s3_80_160,s2_2_4
13362,s2_885_1695,s2_n103_99,s4_n40_7,s1_below_4282,s1_below_2,s1_below_2001,s2_760_2075,s3_17_37,Passenger Car,s3_28_48,Not Deployed,s2_97_208,s1_below_1,Male,s3_80_96,s3_141_159,s2_164_318,s4_160_220,s2_2_4
13363,s2_885_1695,s2_n103_99,s4_n40_7,s1_below_4282,s2_2_3,s1_below_2001,s2_760_2075,s3_17_37,Passenger Car,s6_76_up,Deployed,s2_97_208,s1_below_1,Female,s2_37_80,s3_141_159,s2_164_318,s4_160_220,s2_2_4
13364,s2_885_1695,s2_n103_99,s4_n40_7,s1_below_4282,s2_2_3,s2_2001_2003,s2_760_2075,s3_17_37,Passenger Car,s4_48_64,Deployed,s2_97_208,s1_below_1,Female,s2_37_80,s3_141_159,s2_164_318,s3_80_160,s2_2_4
13365,s2_885_1695,s2_n103_99,s5_7_up,s1_below_4282,s4_4_5,s1_below_2001,s2_760_2075,s4_37_47,Passenger Car,s4_48_64,Not Deployed,s2_97_208,s1_below_1,Female,s3_80_96,s3_141_159,s2_164_318,s6_260_up,s2_2_4
13366,s2_885_1695,s2_n103_99,s4_n40_7,s1_below_4282,s1_below_2,s1_below_2001,s2_760_2075,s3_17_37,Passenger Car,s2_11_28,Deployed,s2_97_208,s1_below_1,Male,s2_37_80,s3_141_159,s2_164_318,s2_40_80,s2_2_4
13367,s3_1695_2555,s2_n103_99,s4_n40_7,s1_below_4282,s1_below_2,s2_2001_2003,s2_760_2075,s3_17_37,Truck (<=6000 lbs.),s3_28_48,Not Deployed,s2_97_208,s1_below_1,Female,s2_37_80,s4_159_169,s2_164_318,s3_80_160,s2_2_4
13368,s2_885_1695,s2_n103_99,s4_n40_7,s1_below_4282,s2_2_3,s3_2003_2005,s2_760_2075,s3_17_37,Passenger Car,s3_28_48,Not Deployed,s2_97_208,s1_below_1,Male,s2_37_80,s3_141_159,s2_164_318,s4_160_220,s2_2_4
13369,s2_885_1695,s2_n103_99,s4_n40_7,s1_below_4282,s1_below_2,s2_2001_2003,s2_760_2075,s3_17_37,Passenger Car,s3_28_48,Not Deployed,s2_97_208,s1_below_1,Female,s2_37_80,s3_141_159,s2_164_318,s4_160_220,s2_2_4
13370,s2_885_1695,s2_n103_99,s4_n40_7,s1_below_4282,s1_below_2,s1_below_2001,s2_760_2075,s3_17_37,Passenger Car,s3_28_48,Deployed,s2_97_208,s1_below_1,Female,s2_37_80,s3_141_159,s2_164_318,s3_80_160,s2_2_4
13371,s2_885_1695,s2_n103_99,s4_n40_7,s1_below_4282,s1_below_2,s2_2001_2003,s2_760_2075,s3_17_37,Passenger Car,s4_48_64,Deployed,s2_97_208,s1_below_1,Male,s2_37_80,s3_141_159,s2_164_318,s3_80_160,s2_2_4
13372,s2_885_1695,s2_n103_99,s5_7_up,s1_below_4282,s1_below_2,s2_2001_2003,s3_2075_3730,s4_37_47,Passenger Car,s3_28_48,Not Deployed,s2_97_208,s1_below_1,Female,s3_80_96,s3_141_159,s2_164_318,s4_160_220,s2_2_4
13373,s2_885_1695,s2_n103_99,s4_n40_7,s1_below_4282,s1_below_2,s1_below_2001,s2_760_2075,s3_17_37,Passenger Car,s4_48_64,Deployed,s2_97_208,s1_below_1,Female,s2_37_80,s3_141_159,s2_164_318,s3_80_160,s2_2_4
13374,s2_885_1695,s2_n103_99,s4_n40_7,s1_below_4282,s1_below_2,s1_below_2001,s2_760_2075,s4_37_47,Passenger Car,s3_28_48,Deployed,s2_97_208,s1_below_1,Male,s2_37_80,s3_141_159,s2_164_318,s3_80_160,s2_2_4
13375,s2_885_1695,s2_n103_99,s5_7_up,s1_below_4282,s1_below_2,s1_below_2001,s2_760_2075,s4_37_47,Passenger Car,s2_11_28,Not Deployed,s2_97_208,s1_below_1,Female,s2_37_80,s3_141_159,s2_164_318,s6_260_up,s2_2_4
13376,s4_2555_3715,s2_n103_99,s4_n40_7,s1_below_4282,s1_below_2,s2_2001_2003,s3_2075_3730,s4_37_47,Passenger Car,s3_28_48,Deployed,s2_97_208,s1_below_1,Male,s2_37_80,s3_141_159,s2_164_318,s3_80_160,s2_2_4
13377,s2_885_1695,s2_n103_99,s4_n40_7,s1_below_4282,s2_2_3,s2_2001_2003,s2_760_2075,s5_47_57,Passenger Car,s2_11_28,Deployed,s2_97_208,s1_below_1,Male,s2_37_80,s4_159_169,s2_164_318,s4_160_220,s2_2_4
13378,s2_885_1695,s2_n103_99,s4_n40_7,s1_below_4282,s1_below_2,s2_2001_2003,s2_760_2075,s3_17_37,Passenger Car,s4_48_64,Not Deployed,s2_97_208,s1_below_1,Male,s2_37_80,s3_141_159,s2_164_318,s2_40_80,s2_2_4
13379,s2_885_1695,s2_n103_99,s5_7_up,s1_below_4282,s3_3_4,s3_2003_2005,s3_2075_3730,s4_37_47,Passenger Car,s6_76_up,Not Deployed,s2_97_208,s1_below_1,Male,s2_37_80,s3_141_159,s2_164_318,s6_260_up,s2_2_4
13380,s2_885_1695,s2_n103_99,s4_n40_7,s1_below_4282,s1_below_2,s1_below_2001,s2_760_2075,s4_37_47,Passenger Car,s3_28_48,Deployed,s2_97_208,s1_below_1,Male,s3_80_96,s3_141_159,s2_164_318,s3_80_160,s2_2_4
13381,s2_885_1695,s2_n103_99,s4_n40_7,s1_below_4282,s4_4_5,s2_2001_2003,s2_760_2075,s3_17_37,Passenger Car,s4_48_64,Not Deployed,s2_97_208,s1_below_1,Male,s3_80_96,s3_141_159,s2_164_318,s4_160_220,s2_2_4
13382,s2_885_1695,s2_n103_99,s4_n40_7,s1_below_4282,s1_below_2,s1_below_2001,s2_760_2075,s4_37_47,Passenger Car,s2_11_28,Not Deployed,s2_97_208,s1_below_1,Male,s2_37_80,s3_141_159,s2_164_318,s3_80_160,s2_2_4
13383,s2_885_1695,s2_n103_99,s4_n40_7,s1_below_4282,s3_3_4,s2_2001_2003,s2_760_2075,s4_37_47,Truck (<=6000 lbs.),s4_48_64,Deployed,s2_97_208,s2_1_2,Male,s2_37_80,s3_141_159,s2_164_318,s3_80_160,s2_2_4
13384,s2_885_1695,s2_n103_99,s4_n40_7,s1_below_4282,s3_3_4,s1_below_2001,s2_760_2075,s3_17_37,Passenger Car,s2_11_28,Deployed,s2_97_208,s1_below_1,Male,s3_80_96,s3_141_159,s2_164_318,s3_80_160,s2_2_4
13385,s2_885_1695,s2_n103_99,s5_7_up,s1_below_4282,s1_below_2,s3_2003_2005,s2_760_2075,s4_37_47,Passenger Car,s2_11_28,Not Deployed,s2_97_208,s1_below_1,Female,s2_37_80,s3_141_159,s2_164_318,s6_260_up,s2_2_4
13386,s2_885_1695,s2_n103_99,s4_n40_7,s1_below_4282,s5_5_6,s2_2001_2003,s2_760_2075,s4_37_47,Passenger Car,s3_28_48,Not Deployed,s2_97_208,s1_below_1,Male,s2_37_80,s3_141_159,s2_164_318,s3_80_160,s2_2_4
13387,s2_885_1695,s2_n103_99,s4_n40_7,s1_below_4282,s1_below_2,s2_2001_2003,s2_760_2075,s3_17_37,Passenger Car,s3_28_48,Not Deployed,s2_97_208,s1_below_1,Female,s3_80_96,s3_141_159,s2_164_318,s3_80_160,s2_2_4
13388,s3_1695_2555,s2_n103_99,s4_n40_7,s1_below_4282,s4_4_5,s3_2003_2005,s2_760_2075,s4_37_47,Truck (<=6000 lbs.),s4_48_64,Not Deployed,s2_97_208,s1_below_1,Male,s5_114_130,s3_141_159,s2_164_318,s4_160_220,s2_2_4
13389,s2_885_1695,s2_n103_99,s4_n40_7,s1_below_4282,s6_6_up,s1_below_2001,s2_760_2075,s4_37_47,Passenger Car,s5_64_76,Deployed,s2_97_208,s2_1_2,Female,s4_96_114,s3_141_159,s2_164_318,s3_80_160,s2_2_4
13390,s2_885_1695,s2_n103_99,s4_n40_7,s1_below_4282,s1_below_2,s3_2003_2005,s2_760_2075,s3_17_37,Passenger Car,s3_28_48,Not Deployed,s2_97_208,s1_below_1,Male,s6_130_up,s4_159_169,s2_164_318,s4_160_220,s2_2_4
13391,s2_885_1695,s2_n103_99,s4_n40_7,s1_below_4282,s1_below_2,s2_2001_2003,s2_760_2075,s4_37_47,Passenger Car,s5_64_76,Deployed,s2_97_208,s1_below_1,Female,s2_37_80,s3_141_159,s2_164_318,s3_80_160,s2_2_4
13392,s2_885_1695,s2_n103_99,s4_n40_7,s1_below_4282,s1_below_2,s2_2001_2003,s2_760_2075,s3_17_37,Passenger Car,s2_11_28,Not Deployed,s2_97_208,s1_below_1,Male,s3_80_96,s3_141_159,s2_164_318,s4_160_220,s2_2_4
13393,s2_885_1695,s2_n103_99,s4_n40_7,s1_below_4282,s2_2_3,s1_below_2001,s2_760_2075,s4_37_47,Passenger Car,s2_11_28,Not Deployed,s2_97_208,s1_below_1,Female,s2_37_80,s3_141_159,s2_164_318,s6_260_up,s2_2_4
13394,s3_1695_2555,s2_n103_99,s4_n40_7,s1_below_4282,s1_below_2,s3_2003_2005,s2_760_2075,s4_37_47,Truck (<=6000 lbs.),s4_48_64,Deployed,s2_97_208,s1_below_1,Male,s2_37_80,s3_141_159,s2_164_318,s3_80_160,s2_2_4
13395,s2_885_1695,s2_n103_99,s4_n40_7,s1_below_4282,s1_below_2,s1_below_2001,s2_760_2075,s3_17_37,Passenger Car,s2_11_28,Not Deployed,s2_97_208,s1_below_1,Male,s3_80_96,s3_141_159,s2_164_318,s4_160_220,s2_2_4
13396,s2_885_1695,s2_n103_99,s4_n40_7,s1_below_4282,s1_below_2,s3_2003_2005,s2_760_2075,s3_17_37,Passenger Car,s2_11_28,Not Deployed,s2_97_208,s1_below_1,Male,s2_37_80,s3_141_159,s2_164_318,s4_160_220,s2_2_4
13397,s3_1695_2555,s2_n103_99,s4_n40_7,s1_below_4282,s2_2_3,s3_2003_2005,s2_760_2075,s3_17_37,Truck (<=6000 lbs.),s4_48_64,Not Deployed,s2_97_208,s1_below_1,Female,s2_37_80,s4_159_169,s2_164_318,s3_80_160,s3_4_5
13398,s3_1695_2555,s2_n103_99,s4_n40_7,s1_below_4282,s1_below_2,s1_below_2001,s2_760_2075,s4_37_47,Truck (<=6000 lbs.),s3_28_48,Deployed,s2_97_208,s2_1_2,Female,s6_130_up,s3_141_159,s2_164_318,s3_80_160,s2_2_4
13399,s3_1695_2555,s2_n103_99,s4_n40_7,s1_below_4282,s1_below_2,s3_2003_2005,s2_760_2075,s4_37_47,Truck (<=6000 lbs.),s3_28_48,Deployed,s2_97_208,s1_below_1,Female,s3_80_96,s4_159_169,s2_164_318,s3_80_160,s3_4_5
13400,s2_885_1695,s2_n103_99,s4_n40_7,s1_below_4282,s3_3_4,s2_2001_2003,s2_760_2075,s4_37_47,Passenger Car,s3_28_48,Not Deployed,s2_97_208,s1_below_1,Male,s3_80_96,s3_141_159,s2_164_318,s3_80_160,s2_2_4
13401,s3_1695_2555,s2_n103_99,s4_n40_7,s1_below_4282,s1_below_2,s2_2001_2003,s2_760_2075,s4_37_47,Passenger Car,s2_11_28,Deployed,s2_97_208,s1_below_1,Female,s2_37_80,s3_141_159,s2_164_318,s3_80_160,s2_2_4
13402,s3_1695_2555,s2_n103_99,s4_n40_7,s1_below_4282,s1_below_2,s1_below_2001,s2_760_2075,s3_17_37,Truck (<=6000 lbs.),s4_48_64,Deployed,s2_97_208,s1_below_1,Female,s2_37_80,s3_141_159,s2_164_318,s3_80_160,s2_2_4
13403,s2_885_1695,s2_n103_99,s4_n40_7,s1_below_4282,s1_below_2,s2_2001_2003,s2_760_2075,s4_37_47,Passenger Car,s5_64_76,Not Deployed,s2_97_208,s1_below_1,Male,s2_37_80,s3_141_159,s2_164_318,s4_160_220,s2_2_4
13404,s2_885_1695,s2_n103_99,s4_n40_7,s1_below_4282,s1_below_2,s2_2001_2003,s2_760_2075,s3_17_37,Passenger Car,s2_11_28,Not Deployed,s2_97_208,s1_below_1,Female,s2_37_80,s3_141_159,s2_164_318,s3_80_160,s2_2_4
13405,s2_885_1695,s2_n103_99,s4_n40_7,s1_below_4282,s3_3_4,s2_2001_2003,s2_760_2075,s4_37_47,Truck (<=6000 lbs.),s3_28_48,Not Deployed,s2_97_208,s1_below_1,Male,s2_37_80,s3_141_159,s2_164_318,s3_80_160,s2_2_4
13406,s3_1695_2555,s2_n103_99,s4_n40_7,s1_below_4282,s3_3_4,s1_below_2001,s3_2075_3730,s4_37_47,Truck (<=6000 lbs.),s3_28_48,Not Deployed,s2_97_208,s1_below_1,Female,s2_37_80,s4_159_169,s2_164_318,s3_80_160,s3_4_5
13407,s2_885_1695,s2_n103_99,s4_n40_7,s1_below_4282,s4_4_5,s3_2003_2005,s2_760_2075,s4_37_47,Passenger Car,s4_48_64,Deployed,s2_97_208,s1_below_1,Male,s2_37_80,s3_141_159,s2_164_318,s3_80_160,s2_2_4
13408,s2_885_1695,s2_n103_99,s4_n40_7,s1_below_4282,s1_below_2,s2_2001_2003,s2_760_2075,s4_37_47,Passenger Car,s3_28_48,Not Deployed,s2_97_208,s1_below_1,Male,s4_96_114,s3_141_159,s2_164_318,s3_80_160,s2_2_4
13409,s2_885_1695,s2_n103_99,s4_n40_7,s1_below_4282,s1_below_2,s1_below_2001,s2_760_2075,s3_17_37,Passenger Car,s6_76_up,Not Deployed,s2_97_208,s1_below_1,Male,s3_80_96,s3_141_159,s2_164_318,s2_40_80,s2_2_4
13410,s3_1695_2555,s2_n103_99,s4_n40_7,s1_below_4282,s2_2_3,s2_2001_2003,s2_760_2075,s4_37_47,Passenger Car,s4_48_64,Not Deployed,s2_97_208,s1_below_1,Male,s2_37_80,s3_141_159,s2_164_318,s3_80_160,s2_2_4
13411,s2_885_1695,s2_n103_99,s4_n40_7,s1_below_4282,s6_6_up,s2_2001_2003,s2_760_2075,s5_47_57,Passenger Car,s3_28_48,Deployed,s2_97_208,s1_below_1,Female,s4_96_114,s3_141_159,s2_164_318,s3_80_160,s2_2_4
13412,s2_885_1695,s2_n103_99,s4_n40_7,s1_below_4282,s1_below_2,s2_2001_2003,s2_760_2075,s3_17_37,Passenger Car,s4_48_64,Deployed,s2_97_208,s1_below_1,Female,s2_37_80,s3_141_159,s2_164_318,s3_80_160,s2_2_4
13413,s2_885_1695,s2_n103_99,s4_n40_7,s1_below_4282,s1_below_2,s1_below_2001,s2_760_2075,s3_17_37,Passenger Car,s3_28_48,Not Deployed,s2_97_208,s1_below_1,Male,s6_130_up,s3_141_159,s2_164_318,s3_80_160,s2_2_4
13414,s2_885_1695,s2_n103_99,s4_n40_7,s1_below_4282,s4_4_5,s2_2001_2003,s2_760_2075,s5_47_57,Passenger Car,s3_28_48,Deployed,s2_97_208,s1_below_1,Male,s3_80_96,s3_141_159,s2_164_318,s3_80_160,s2_2_4
13415,s2_885_1695,s2_n103_99,s4_n40_7,s1_below_4282,s1_below_2,s2_2001_2003,s2_760_2075,s3_17_37,Passenger Car,s4_48_64,Not Deployed,s2_97_208,s1_below_1,Female,s2_37_80,s3_141_159,s2_164_318,s3_80_160,s2_2_4
13416,s2_885_1695,s2_n103_99,s4_n40_7,s1_below_4282,s3_3_4,s3_2003_2005,s2_760_2075,s3_17_37,Passenger Car,s3_28_48,Not Deployed,s2_97_208,s1_below_1,Female,s3_80_96,s3_141_159,s2_164_318,s3_80_160,s2_2_4
13417,s2_885_1695,s2_n103_99,s4_n40_7,s1_below_4282,s3_3_4,s1_below_2001,s2_760_2075,s3_17_37,Passenger Car,s5_64_76,Deployed,s2_97_208,s3_2_3,Male,s3_80_96,s3_141_159,s2_164_318,s4_160_220,s2_2_4
13418,s2_885_1695,s2_n103_99,s4_n40_7,s1_below_4282,s2_2_3,s1_below_2001,s2_760_2075,s3_17_37,Passenger Car,s2_11_28,Deployed,s2_97_208,s1_below_1,Male,s3_80_96,s3_141_159,s2_164_318,s3_80_160,s2_2_4
13419,s2_885_1695,s2_n103_99,s4_n40_7,s1_below_4282,s2_2_3,s2_2001_2003,s2_760_2075,s3_17_37,Passenger Car,s2_11_28,Not Deployed,s2_97_208,s1_below_1,Male,s4_96_114,s3_141_159,s2_164_318,s3_80_160,s2_2_4
13420,s2_885_1695,s2_n103_99,s4_n40_7,s1_below_4282,s1_below_2,s2_2001_2003,s2_760_2075,s3_17_37,Passenger Car,s2_11_28,Deployed,s2_97_208,s1_below_1,Female,s2_37_80,s3_141_159,s2_164_318,s3_80_160,s2_2_4
13421,s2_885_1695,s2_n103_99,s4_n40_7,s1_below_4282,s3_3_4,s2_2001_2003,s2_760_2075,s3_17_37,Truck (<=6000 lbs.),s3_28_48,Not Deployed,s2_97_208,s1_below_1,Female,s5_114_130,s4_159_169,s2_164_318,s3_80_160,s2_2_4
13422,s2_885_1695,s2_n103_99,s4_n40_7,s1_below_4282,s3_3_4,s3_2003_2005,s2_760_2075,s3_17_37,Passenger Car,s3_28_48,Deployed,s2_97_208,s2_1_2,Male,s3_80_96,s3_141_159,s2_164_318,s3_80_160,s2_2_4
13423,s2_885_1695,s2_n103_99,s4_n40_7,s1_below_4282,s1_below_2,s2_2001_2003,s2_760_2075,s3_17_37,Passenger Car,s2_11_28,Deployed,s2_97_208,s1_below_1,Female,s2_37_80,s3_141_159,s2_164_318,s3_80_160,s2_2_4
13424,s2_885_1695,s2_n103_99,s4_n40_7,s1_below_4282,s1_below_2,s2_2001_2003,s2_760_2075,s3_17_37,Passenger Car,s3_28_48,Not Deployed,s2_97_208,s1_below_1,Male,s2_37_80,s3_141_159,s2_164_318,s2_40_80,s2_2_4
13425,s2_885_1695,s2_n103_99,s3_n81_n40,s1_below_4282,s1_below_2,s1_below_2001,s2_760_2075,s3_17_37,Passenger Car,s2_11_28,Deployed,s2_97_208,s3_2_3,Male,s2_37_80,s3_141_159,s2_164_318,s2_40_80,s2_2_4
13426,s2_885_1695,s2_n103_99,s4_n40_7,s1_below_4282,s1_below_2,s2_2001_2003,s2_760_2075,s3_17_37,Truck (<=6000 lbs.),s3_28_48,Not Deployed,s2_97_208,s1_below_1,Male,s3_80_96,s3_141_159,s2_164_318,s3_80_160,s2_2_4
13427,s2_885_1695,s2_n103_99,s4_n40_7,s1_below_4282,s3_3_4,s2_2001_2003,s2_760_2075,s3_17_37,Passenger Car,s3_28_48,Not Deployed,s2_97_208,s1_below_1,Male,s4_96_114,s3_141_159,s2_164_318,s3_80_160,s2_2_4
13428,s3_1695_2555,s2_n103_99,s4_n40_7,s1_below_4282,s2_2_3,s2_2001_2003,s2_760_2075,s3_17_37,Truck (<=6000 lbs.),s3_28_48,Not Deployed,s2_97_208,s1_below_1,Male,s4_96_114,s3_141_159,s2_164_318,s3_80_160,s2_2_4
13429,s2_885_1695,s2_n103_99,s4_n40_7,s1_below_4282,s2_2_3,s1_below_2001,s2_760_2075,s3_17_37,Passenger Car,s2_11_28,Not Deployed,s2_97_208,s1_below_1,Male,s2_37_80,s3_141_159,s2_164_318,s4_160_220,s2_2_4
13430,s3_1695_2555,s2_n103_99,s4_n40_7,s1_below_4282,s1_below_2,s2_2001_2003,s2_760_2075,s3_17_37,Truck (<=10000 lbs.),s3_28_48,Not Deployed,s2_97_208,s1_below_1,Male,s3_80_96,s5_169_179,s3_318_464,s3_80_160,s4_5_6
13431,s2_885_1695,s2_n103_99,s4_n40_7,s1_below_4282,s1_below_2,s2_2001_2003,s3_2075_3730,s3_17_37,Passenger Car,s2_11_28,Deployed,s2_97_208,s1_below_1,Male,s3_80_96,s3_141_159,s2_164_318,s3_80_160,s2_2_4
13432,s2_885_1695,s2_n103_99,s5_7_up,s1_below_4282,s1_below_2,s3_2003_2005,s2_760_2075,s3_17_37,Passenger Car,s3_28_48,Not Deployed,s2_97_208,s1_below_1,Male,s3_80_96,s3_141_159,s2_164_318,s4_160_220,s2_2_4
13433,s3_1695_2555,s2_n103_99,s5_7_up,s1_below_4282,s1_below_2,s2_2001_2003,s3_2075_3730,s3_17_37,Passenger Car,s4_48_64,Not Deployed,s2_97_208,s1_below_1,Female,s2_37_80,s3_141_159,s2_164_318,s4_160_220,s2_2_4
13434,s2_885_1695,s2_n103_99,s4_n40_7,s1_below_4282,s1_below_2,s3_2003_2005,s2_760_2075,s3_17_37,Passenger Car,s3_28_48,Not Deployed,s2_97_208,s1_below_1,Male,s3_80_96,s3_141_159,s2_164_318,s3_80_160,s2_2_4
13435,s4_2555_3715,s2_n103_99,s5_7_up,s1_below_4282,s5_5_6,s2_2001_2003,s3_2075_3730,s3_17_37,Truck (<=10000 lbs.),s2_11_28,Not Deployed,s2_97_208,s1_below_1,Male,s2_37_80,s5_169_179,s3_318_464,s6_260_up,s5_6_7
13436,s2_885_1695,s2_n103_99,s5_7_up,s1_below_4282,s1_below_2,s2_2001_2003,s2_760_2075,s3_17_37,Passenger Car,s2_11_28,Not Deployed,s2_97_208,s1_below_1,Male,s2_37_80,s3_141_159,s2_164_318,s5_220_260,s2_2_4
13437,s2_885_1695,s2_n103_99,s5_7_up,s1_below_4282,s1_below_2,s2_2001_2003,s2_760_2075,s3_17_37,Passenger Car,s5_64_76,Not Deployed,s2_97_208,s1_below_1,Female,s3_80_96,s3_141_159,s2_164_318,s4_160_220,s2_2_4
13438,s2_885_1695,s2_n103_99,s4_n40_7,s1_below_4282,s1_below_2,s2_2001_2003,s2_760_2075,s3_17_37,Passenger Car,s2_11_28,Not Deployed,s2_97_208,s1_below_1,Male,s2_37_80,s3_141_159,s2_164_318,s3_80_160,s2_2_4
13439,s2_885_1695,s2_n103_99,s4_n40_7,s1_below_4282,s1_below_2,s1_below_2001,s2_760_2075,s3_17_37,Passenger Car,s6_76_up,Not Deployed,s2_97_208,s1_below_1,Male,s2_37_80,s3_141_159,s2_164_318,s3_80_160,s2_2_4
13440,s2_885_1695,s2_n103_99,s4_n40_7,s1_below_4282,s2_2_3,s2_2001_2003,s2_760_2075,s3_17_37,Passenger Car,s3_28_48,Deployed,s2_97_208,s1_below_1,Male,s2_37_80,s3_141_159,s2_164_318,s3_80_160,s2_2_4
13441,s2_885_1695,s2_n103_99,s4_n40_7,s1_below_4282,s1_below_2,s1_below_2001,s2_760_2075,s5_47_57,Passenger Car,s2_11_28,Deployed,s2_97_208,s1_below_1,Female,s2_37_80,s3_141_159,s2_164_318,s3_80_160,s2_2_4
13442,s2_885_1695,s2_n103_99,s4_n40_7,s1_below_4282,s1_below_2,s1_below_2001,s2_760_2075,s3_17_37,Passenger Car,s3_28_48,Not Deployed,s2_97_208,s1_below_1,Female,s2_37_80,s3_141_159,s2_164_318,s3_80_160,s2_2_4
13443,s3_1695_2555,s2_n103_99,s4_n40_7,s1_below_4282,s1_below_2,s2_2001_2003,s2_760_2075,s3_17_37,Truck (<=6000 lbs.),s5_64_76,Not Deployed,s2_97_208,s1_below_1,Female,s2_37_80,s4_159_169,s2_164_318,s3_80_160,s3_4_5
13444,s2_885_1695,s2_n103_99,s4_n40_7,s1_below_4282,s3_3_4,s1_below_2001,s2_760_2075,s3_17_37,Passenger Car,s2_11_28,Deployed,s2_97_208,s1_below_1,Male,s4_96_114,s3_141_159,s2_164_318,s3_80_160,s2_2_4
13445,s2_885_1695,s2_n103_99,s4_n40_7,s1_below_4282,s3_3_4,s2_2001_2003,s2_760_2075,s3_17_37,Passenger Car,s4_48_64,Deployed,s2_97_208,s2_1_2,Male,s5_114_130,s3_141_159,s2_164_318,s3_80_160,s2_2_4
13446,s2_885_1695,s2_n103_99,s4_n40_7,s1_below_4282,s1_below_2,s1_below_2001,s2_760_2075,s3_17_37,Passenger Car,s4_48_64,Deployed,s2_97_208,s1_below_1,Female,s2_37_80,s3_141_159,s2_164_318,s3_80_160,s2_2_4
13447,s2_885_1695,s2_n103_99,s4_n40_7,s1_below_4282,s1_below_2,s3_2003_2005,s2_760_2075,s3_17_37,Passenger Car,s2_11_28,Deployed,s2_97_208,s1_below_1,Male,s4_96_114,s3_141_159,s2_164_318,s1_below_40,s2_2_4
13448,s3_1695_2555,s2_n103_99,s4_n40_7,s1_below_4282,s1_below_2,s1_below_2001,s2_760_2075,s3_17_37,Truck (<=6000 lbs.),s3_28_48,Not Deployed,s2_97_208,s1_below_1,Male,s4_96_114,s3_141_159,s2_164_318,s2_40_80,s2_2_4
13449,s2_885_1695,s2_n103_99,s4_n40_7,s1_below_4282,s2_2_3,s3_2003_2005,s2_760_2075,s3_17_37,Passenger Car,s2_11_28,Deployed,s2_97_208,s1_below_1,Female,s2_37_80,s3_141_159,s2_164_318,s3_80_160,s2_2_4
13450,s3_1695_2555,s2_n103_99,s4_n40_7,s1_below_4282,s3_3_4,s1_below_2001,s2_760_2075,s4_37_47,Truck (<=10000 lbs.),s4_48_64,Not Deployed,s2_97_208,s1_below_1,Female,s2_37_80,s3_141_159,s2_164_318,s3_80_160,s2_2_4
13451,s2_885_1695,s2_n103_99,s5_7_up,s1_below_4282,s3_3_4,s1_below_2001,s2_760_2075,s1_below_7,Passenger Car,s5_64_76,Not Deployed,s2_97_208,s1_below_1,Male,s2_37_80,s3_141_159,s2_164_318,s2_40_80,s2_2_4
13452,s2_885_1695,s2_n103_99,s4_n40_7,s1_below_4282,s1_below_2,s1_below_2001,s2_760_2075,s3_17_37,Passenger Car,s2_11_28,Deployed,s2_97_208,s1_below_1,Male,s3_80_96,s3_141_159,s2_164_318,s3_80_160,s2_2_4
13453,s2_885_1695,s2_n103_99,s4_n40_7,s1_below_4282,s1_below_2,s1_below_2001,s2_760_2075,s3_17_37,Passenger Car,s3_28_48,Deployed,s2_97_208,s1_below_1,Female,s2_37_80,s3_141_159,s2_164_318,s3_80_160,s2_2_4
13454,s2_885_1695,s2_n103_99,s4_n40_7,s1_below_4282,s3_3_4,s2_2001_2003,s2_760_2075,s3_17_37,Passenger Car,s2_11_28,Deployed,s2_97_208,s1_below_1,Male,s4_96_114,s3_141_159,s2_164_318,s4_160_220,s2_2_4
13455,s3_1695_2555,s2_n103_99,s4_n40_7,s1_below_4282,s1_below_2,s1_below_2001,s3_2075_3730,s3_17_37,Truck (<=6000 lbs.),s3_28_48,Not Deployed,s2_97_208,s1_below_1,Female,s2_37_80,s4_159_169,s2_164_318,s2_40_80,s3_4_5
13456,s3_1695_2555,s2_n103_99,s4_n40_7,s1_below_4282,s1_below_2,s1_below_2001,s2_760_2075,s3_17_37,Truck (<=10000 lbs.),s3_28_48,Not Deployed,s2_97_208,s1_below_1,Female,s2_37_80,s3_141_159,s2_164_318,s3_80_160,s2_2_4
13457,s2_885_1695,s2_n103_99,s4_n40_7,s1_below_4282,s1_below_2,s1_below_2001,s2_760_2075,s3_17_37,Passenger Car,s2_11_28,Not Deployed,s2_97_208,s1_below_1,Female,s2_37_80,s3_141_159,s2_164_318,s2_40_80,s2_2_4
13458,s2_885_1695,s2_n103_99,s4_n40_7,s1_below_4282,s1_below_2,s1_below_2001,s2_760_2075,s3_17_37,Passenger Car,s3_28_48,Deployed,s2_97_208,s2_1_2,Male,s3_80_96,s3_141_159,s2_164_318,s3_80_160,s2_2_4
13459,s3_1695_2555,s2_n103_99,s4_n40_7,s1_below_4282,s1_below_2,s3_2003_2005,s3_2075_3730,s4_37_47,Truck (<=6000 lbs.),s2_11_28,Deployed,s2_97_208,s1_below_1,Male,s2_37_80,s3_141_159,s2_164_318,s3_80_160,s2_2_4
13460,s2_885_1695,s2_n103_99,s4_n40_7,s1_below_4282,s3_3_4,s2_2001_2003,s2_760_2075,s3_17_37,Passenger Car,s2_11_28,Deployed,s2_97_208,s1_below_1,Male,s4_96_114,s3_141_159,s2_164_318,s3_80_160,s2_2_4
13461,s3_1695_2555,s2_n103_99,s5_7_up,s1_below_4282,s3_3_4,s1_below_2001,s2_760_2075,s3_17_37,Truck (<=6000 lbs.),s4_48_64,Not Deployed,s2_97_208,s1_below_1,Female,s2_37_80,s2_116_141,s2_164_318,s4_160_220,s2_2_4
13462,s3_1695_2555,s2_n103_99,s4_n40_7,s1_below_4282,s1_below_2,s2_2001_2003,s3_2075_3730,s3_17_37,Truck (<=6000 lbs.),s3_28_48,Deployed,s2_97_208,s5_4_5,Male,s4_96_114,s4_159_169,s2_164_318,s3_80_160,s2_2_4
13463,s2_885_1695,s2_n103_99,s4_n40_7,s1_below_4282,s1_below_2,s2_2001_2003,s2_760_2075,s3_17_37,Passenger Car,s4_48_64,Not Deployed,s2_97_208,s1_below_1,Male,s4_96_114,s3_141_159,s2_164_318,s2_40_80,s2_2_4
13464,s2_885_1695,s2_n103_99,s4_n40_7,s1_below_4282,s3_3_4,s1_below_2001,s2_760_2075,s4_37_47,Truck (<=6000 lbs.),s2_11_28,Deployed,s2_97_208,s2_1_2,Male,s2_37_80,s3_141_159,s2_164_318,s3_80_160,s2_2_4
13465,s2_885_1695,s2_n103_99,s4_n40_7,s1_below_4282,s1_below_2,s2_2001_2003,s2_760_2075,s3_17_37,Truck (<=6000 lbs.),s2_11_28,Not Deployed,s2_97_208,s1_below_1,Male,s2_37_80,s3_141_159,s2_164_318,s3_80_160,s2_2_4
13466,s2_885_1695,s2_n103_99,s4_n40_7,s1_below_4282,s1_below_2,s1_below_2001,s2_760_2075,s3_17_37,Passenger Car,s5_64_76,Not Deployed,s2_97_208,s1_below_1,Male,s3_80_96,s3_141_159,s2_164_318,s2_40_80,s2_2_4
13467,s3_1695_2555,s2_n103_99,s4_n40_7,s1_below_4282,s1_below_2,s2_2001_2003,s2_760_2075,s3_17_37,Truck (<=6000 lbs.),s3_28_48,Not Deployed,s2_97_208,s1_below_1,Female,s2_37_80,s5_169_179,s2_164_318,s3_80_160,s2_2_4
13468,s3_1695_2555,s2_n103_99,s4_n40_7,s1_below_4282,s1_below_2,s2_2001_2003,s2_760_2075,s4_37_47,Truck (<=6000 lbs.),s6_76_up,Not Deployed,s2_97_208,s1_below_1,Male,s3_80_96,s3_141_159,s2_164_318,s2_40_80,s2_2_4
13469,s2_885_1695,s2_n103_99,s4_n40_7,s1_below_4282,s3_3_4,s1_below_2001,s2_760_2075,s4_37_47,Passenger Car,s2_11_28,Deployed,s2_97_208,s1_below_1,Female,s2_37_80,s3_141_159,s2_164_318,s4_160_220,s2_2_4
13470,s3_1695_2555,s2_n103_99,s4_n40_7,s1_below_4282,s4_4_5,s2_2001_2003,s2_760_2075,s4_37_47,Passenger Car,s2_11_28,Not Deployed,s2_97_208,s1_below_1,Male,s3_80_96,s4_159_169,s2_164_318,s3_80_160,s2_2_4
13471,s2_885_1695,s2_n103_99,s5_7_up,s1_below_4282,s1_below_2,s1_below_2001,s2_760_2075,s3_17_37,Truck (<=6000 lbs.),s4_48_64,Not Deployed,s2_97_208,s1_below_1,Female,s2_37_80,s3_141_159,s2_164_318,s6_260_up,s2_2_4
13472,s3_1695_2555,s2_n103_99,s4_n40_7,s1_below_4282,s1_below_2,s1_below_2001,s2_760_2075,s4_37_47,Truck (<=6000 lbs.),s3_28_48,Not Deployed,s2_97_208,s1_below_1,Male,s3_80_96,s4_159_169,s2_164_318,s3_80_160,s3_4_5
13473,s3_1695_2555,s2_n103_99,s4_n40_7,s1_below_4282,s1_below_2,s2_2001_2003,s2_760_2075,s3_17_37,Passenger Car,s3_28_48,Not Deployed,s2_97_208,s1_below_1,Female,s2_37_80,s3_141_159,s2_164_318,s3_80_160,s2_2_4
13474,s2_885_1695,s2_n103_99,s4_n40_7,s1_below_4282,s3_3_4,s3_2003_2005,s2_760_2075,s4_37_47,Passenger Car,s3_28_48,Deployed,s2_97_208,s3_2_3,Male,s2_37_80,s3_141_159,s2_164_318,s3_80_160,s2_2_4
13475,s2_885_1695,s2_n103_99,s5_7_up,s1_below_4282,s1_below_2,s2_2001_2003,s3_2075_3730,s3_17_37,Passenger Car,s3_28_48,Not Deployed,s2_97_208,s1_below_1,Male,s6_130_up,s3_141_159,s2_164_318,s6_260_up,s2_2_4
13476,s2_885_1695,s2_n103_99,s4_n40_7,s1_below_4282,s1_below_2,s2_2001_2003,s2_760_2075,s3_17_37,Passenger Car,s2_11_28,Deployed,s2_97_208,s1_below_1,Female,s2_37_80,s3_141_159,s2_164_318,s3_80_160,s2_2_4
13477,s3_1695_2555,s2_n103_99,s4_n40_7,s1_below_4282,s1_below_2,s1_below_2001,s2_760_2075,s3_17_37,Truck (<=6000 lbs.),s3_28_48,Not Deployed,s2_97_208,s1_below_1,Female,s2_37_80,s3_141_159,s2_164_318,s3_80_160,s2_2_4
13478,s2_885_1695,s2_n103_99,s4_n40_7,s1_below_4282,s3_3_4,s2_2001_2003,s2_760_2075,s3_17_37,Passenger Car,s2_11_28,Deployed,s2_97_208,s1_below_1,Female,s2_37_80,s3_141_159,s2_164_318,s3_80_160,s2_2_4
13479,s4_2555_3715,s2_n103_99,s4_n40_7,s1_below_4282,s1_below_2,s2_2001_2003,s2_760_2075,s3_17_37,Truck (<=10000 lbs.),s3_28_48,Deployed,s2_97_208,s1_below_1,Female,s2_37_80,s5_169_179,s3_318_464,s3_80_160,s4_5_6
13480,s3_1695_2555,s2_n103_99,s5_7_up,s1_below_4282,s2_2_3,s2_2001_2003,s2_760_2075,s4_37_47,Truck (<=6000 lbs.),s3_28_48,Not Deployed,s2_97_208,s1_below_1,Female,s2_37_80,s3_141_159,s2_164_318,s4_160_220,s2_2_4
13481,s2_885_1695,s2_n103_99,s5_7_up,s1_below_4282,s1_below_2,s2_2001_2003,s2_760_2075,s3_17_37,Passenger Car,s3_28_48,Not Deployed,s2_97_208,s1_below_1,Female,s2_37_80,s3_141_159,s2_164_318,s6_260_up,s2_2_4
13482,s2_885_1695,s2_n103_99,s4_n40_7,s1_below_4282,s1_below_2,s2_2001_2003,s2_760_2075,s1_below_7,Passenger Car,s2_11_28,Not Deployed,s2_97_208,s1_below_1,Male,s3_80_96,s3_141_159,s2_164_318,s2_40_80,s2_2_4
13483,s2_885_1695,s2_n103_99,s4_n40_7,s1_below_4282,s1_below_2,s1_below_2001,s2_760_2075,s3_17_37,Passenger Car,s6_76_up,Not Deployed,s2_97_208,s1_below_1,Female,s2_37_80,s3_141_159,s2_164_318,s1_below_40,s2_2_4
13484,s2_885_1695,s2_n103_99,s4_n40_7,s1_below_4282,s4_4_5,s1_below_2001,s2_760_2075,s4_37_47,Passenger Car,s3_28_48,Not Deployed,s2_97_208,s1_below_1,Male,s2_37_80,s3_141_159,s2_164_318,s3_80_160,s2_2_4
13485,s2_885_1695,s2_n103_99,s4_n40_7,s1_below_4282,s3_3_4,s3_2003_2005,s3_2075_3730,s3_17_37,Passenger Car,s2_11_28,Not Deployed,s2_97_208,s1_below_1,Female,s2_37_80,s3_141_159,s2_164_318,s3_80_160,s2_2_4
13486,s2_885_1695,s2_n103_99,s4_n40_7,s1_below_4282,s1_below_2,s1_below_2001,s2_760_2075,s3_17_37,Truck (<=6000 lbs.),s6_76_up,Not Deployed,s2_97_208,s1_below_1,Male,s4_96_114,s3_141_159,s3_318_464,s4_160_220,s3_4_5
13487,s3_1695_2555,s2_n103_99,s3_n81_n40,s1_below_4282,s1_below_2,s2_2001_2003,s2_760_2075,s5_47_57,Truck (<=6000 lbs.),s3_28_48,Deployed,s2_97_208,s2_1_2,Male,s4_96_114,s3_141_159,s2_164_318,s3_80_160,s2_2_4
13488,s2_885_1695,s2_n103_99,s4_n40_7,s1_below_4282,s3_3_4,s2_2001_2003,s3_2075_3730,s4_37_47,Passenger Car,s3_28_48,Not Deployed,s2_97_208,s1_below_1,Female,s3_80_96,s3_141_159,s2_164_318,s3_80_160,s2_2_4
13489,s2_885_1695,s2_n103_99,s4_n40_7,s1_below_4282,s3_3_4,s1_below_2001,s2_760_2075,s4_37_47,Passenger Car,s4_48_64,Not Deployed,s2_97_208,s1_below_1,Male,s4_96_114,s3_141_159,s2_164_318,s5_220_260,s2_2_4
13490,s2_885_1695,s2_n103_99,s4_n40_7,s1_below_4282,s1_below_2,s2_2001_2003,s2_760_2075,s3_17_37,Passenger Car,s2_11_28,Deployed,s2_97_208,s1_below_1,Female,s4_96_114,s3_141_159,s2_164_318,s3_80_160,s2_2_4
13491,s3_1695_2555,s2_n103_99,s4_n40_7,s1_below_4282,s3_3_4,s3_2003_2005,s2_760_2075,s3_17_37,Truck (<=6000 lbs.),s2_11_28,Not Deployed,s2_97_208,s1_below_1,Female,s2_37_80,s3_141_159,s2_164_318,s4_160_220,s2_2_4
13492,s2_885_1695,s2_n103_99,s4_n40_7,s1_below_4282,s1_below_2,s1_below_2001,s2_760_2075,s3_17_37,Passenger Car,s2_11_28,Deployed,s2_97_208,s1_below_1,Female,s2_37_80,s3_141_159,s2_164_318,s3_80_160,s2_2_4
13493,s2_885_1695,s2_n103_99,s4_n40_7,s1_below_4282,s2_2_3,s2_2001_2003,s2_760_2075,s4_37_47,Passenger Car,s2_11_28,Not Deployed,s2_97_208,s1_below_1,Female,s2_37_80,s3_141_159,s2_164_318,s3_80_160,s2_2_4
13494,s2_885_1695,s2_n103_99,s4_n40_7,s1_below_4282,s1_below_2,s2_2001_2003,s2_760_2075,s4_37_47,Passenger Car,s3_28_48,Not Deployed,s2_97_208,s1_below_1,Female,s2_37_80,s3_141_159,s2_164_318,s2_40_80,s2_2_4
13495,s2_885_1695,s2_n103_99,s4_n40_7,s1_below_4282,s1_below_2,s3_2003_2005,s2_760_2075,s3_17_37,Passenger Car,s5_64_76,Not Deployed,s2_97_208,s1_below_1,Female,s2_37_80,s3_141_159,s2_164_318,s3_80_160,s2_2_4
13496,s3_1695_2555,s2_n103_99,s4_n40_7,s1_below_4282,s2_2_3,s3_2003_2005,s2_760_2075,s3_17_37,Truck (<=6000 lbs.),s4_48_64,Not Deployed,s2_97_208,s1_below_1,Male,s3_80_96,s3_141_159,s2_164_318,s3_80_160,s2_2_4
13497,s2_885_1695,s2_n103_99,s5_7_up,s1_below_4282,s6_6_up,s3_2003_2005,s2_760_2075,s4_37_47,Passenger Car,s2_11_28,Deployed,s2_97_208,s1_below_1,Male,s3_80_96,s3_141_159,s2_164_318,s6_260_up,s2_2_4
13498,s2_885_1695,s2_n103_99,s4_n40_7,s1_below_4282,s3_3_4,s2_2001_2003,s2_760_2075,s3_17_37,Passenger Car,s2_11_28,Not Deployed,s2_97_208,s1_below_1,Male,s2_37_80,s3_141_159,s2_164_318,s3_80_160,s2_2_4
13499,s2_885_1695,s2_n103_99,s4_n40_7,s1_below_4282,s3_3_4,s3_2003_2005,s2_760_2075,s3_17_37,Passenger Car,s2_11_28,Not Deployed,s2_97_208,s1_below_1,Male,s2_37_80,s3_141_159,s2_164_318,s3_80_160,s2_2_4
13500,s2_885_1695,s2_n103_99,s4_n40_7,s1_below_4282,s1_below_2,s3_2003_2005,s2_760_2075,s3_17_37,Passenger Car,s2_11_28,Not Deployed,s2_97_208,s1_below_1,Male,s2_37_80,s3_141_159,s2_164_318,s2_40_80,s2_2_4
13501,s2_885_1695,s2_n103_99,s4_n40_7,s1_below_4282,s3_3_4,s1_below_2001,s2_760_2075,s3_17_37,Passenger Car,s3_28_48,Deployed,s2_97_208,s1_below_1,Male,s2_37_80,s3_141_159,s2_164_318,s3_80_160,s2_2_4
13502,s3_1695_2555,s2_n103_99,s4_n40_7,s1_below_4282,s1_below_2,s2_2001_2003,s2_760_2075,s5_47_57,Truck (<=6000 lbs.),s3_28_48,Not Deployed,s2_97_208,s1_below_1,Male,s2_37_80,s3_141_159,s2_164_318,s3_80_160,s2_2_4
13503,s2_885_1695,s2_n103_99,s4_n40_7,s1_below_4282,s3_3_4,s1_below_2001,s2_760_2075,s4_37_47,Truck (<=6000 lbs.),s4_48_64,Not Deployed,s2_97_208,s1_below_1,Female,s2_37_80,s3_141_159,s2_164_318,s3_80_160,s2_2_4
13504,s3_1695_2555,s2_n103_99,s5_7_up,s1_below_4282,s3_3_4,s3_2003_2005,s2_760_2075,s4_37_47,Truck (<=6000 lbs.),s2_11_28,Not Deployed,s2_97_208,s1_below_1,Female,s2_37_80,s4_159_169,s2_164_318,s6_260_up,s3_4_5
13505,s2_885_1695,s2_n103_99,s4_n40_7,s1_below_4282,s2_2_3,s2_2001_2003,s2_760_2075,s1_below_7,Passenger Car,s6_76_up,Not Deployed,s2_97_208,s1_below_1,Male,s3_80_96,s3_141_159,s2_164_318,s3_80_160,s2_2_4
13506,s3_1695_2555,s2_n103_99,s4_n40_7,s1_below_4282,s3_3_4,s3_2003_2005,s2_760_2075,s3_17_37,Truck (<=6000 lbs.),s2_11_28,Deployed,s2_97_208,s1_below_1,Male,s4_96_114,s3_141_159,s3_318_464,s3_80_160,s2_2_4
13507,s2_885_1695,s2_n103_99,s4_n40_7,s1_below_4282,s1_below_2,s1_below_2001,s2_760_2075,s3_17_37,Passenger Car,s3_28_48,Deployed,s2_97_208,s1_below_1,Male,s2_37_80,s3_141_159,s2_164_318,s3_80_160,s2_2_4
13508,s3_1695_2555,s2_n103_99,s4_n40_7,s1_below_4282,s4_4_5,s3_2003_2005,s2_760_2075,s3_17_37,Truck (<=6000 lbs.),s5_64_76,Not Deployed,s2_97_208,s1_below_1,Male,s3_80_96,s4_159_169,s2_164_318,s2_40_80,s2_2_4
13509,s2_885_1695,s2_n103_99,s4_n40_7,s1_below_4282,s2_2_3,s1_below_2001,s2_760_2075,s5_47_57,Passenger Car,s3_28_48,Not Deployed,s2_97_208,s1_below_1,Male,s4_96_114,s3_141_159,s2_164_318,s3_80_160,s2_2_4
13510,s2_885_1695,s2_n103_99,s5_7_up,s1_below_4282,s2_2_3,s1_below_2001,s2_760_2075,s5_47_57,Passenger Car,s3_28_48,Not Deployed,s2_97_208,s1_below_1,Female,s2_37_80,s3_141_159,s2_164_318,s6_260_up,s2_2_4
13511,s3_1695_2555,s2_n103_99,s4_n40_7,s1_below_4282,s2_2_3,s2_2001_2003,s2_760_2075,s3_17_37,Truck (<=6000 lbs.),s3_28_48,Not Deployed,s2_97_208,s1_below_1,Female,s2_37_80,s4_159_169,s2_164_318,s4_160_220,s3_4_5
13512,s2_885_1695,s2_n103_99,s4_n40_7,s1_below_4282,s1_below_2,s3_2003_2005,s2_760_2075,s3_17_37,Passenger Car,s4_48_64,Not Deployed,s2_97_208,s1_below_1,Female,s3_80_96,s3_141_159,s2_164_318,s3_80_160,s2_2_4
13513,s2_885_1695,s2_n103_99,s4_n40_7,s1_below_4282,s1_below_2,s2_2001_2003,s2_760_2075,s4_37_47,Passenger Car,s6_76_up,Deployed,s2_97_208,s1_below_1,Male,s2_37_80,s3_141_159,s2_164_318,s3_80_160,s2_2_4
13514,s2_885_1695,s2_n103_99,s4_n40_7,s1_below_4282,s1_below_2,s3_2003_2005,s2_760_2075,s3_17_37,Passenger Car,s3_28_48,Deployed,s2_97_208,s1_below_1,Female,s2_37_80,s3_141_159,s2_164_318,s3_80_160,s2_2_4
13515,s2_885_1695,s2_n103_99,s5_7_up,s1_below_4282,s1_below_2,s2_2001_2003,s2_760_2075,s3_17_37,Passenger Car,s4_48_64,Not Deployed,s2_97_208,s1_below_1,Female,s2_37_80,s3_141_159,s2_164_318,s6_260_up,s2_2_4
13516,s2_885_1695,s2_n103_99,s4_n40_7,s1_below_4282,s1_below_2,s1_below_2001,s2_760_2075,s5_47_57,Passenger Car,s2_11_28,Deployed,s2_97_208,s1_below_1,Female,s2_37_80,s3_141_159,s2_164_318,s3_80_160,s2_2_4
13517,s2_885_1695,s2_n103_99,s4_n40_7,s1_below_4282,s1_below_2,s3_2003_2005,s2_760_2075,s3_17_37,Passenger Car,s2_11_28,Not Deployed,s2_97_208,s1_below_1,Male,s3_80_96,s3_141_159,s2_164_318,s3_80_160,s2_2_4
13518,s2_885_1695,s2_n103_99,s4_n40_7,s1_below_4282,s1_below_2,s3_2003_2005,s2_760_2075,s4_37_47,Truck (<=6000 lbs.),s4_48_64,Not Deployed,s2_97_208,s1_below_1,Male,s6_130_up,s3_141_159,s2_164_318,s3_80_160,s2_2_4
13519,s2_885_1695,s2_n103_99,s4_n40_7,s1_below_4282,s1_below_2,s3_2003_2005,s2_760_2075,s3_17_37,Passenger Car,s2_11_28,Not Deployed,s2_97_208,s1_below_1,Male,s3_80_96,s3_141_159,s2_164_318,s3_80_160,s2_2_4
13520,s2_885_1695,s2_n103_99,s4_n40_7,s1_below_4282,s1_below_2,s1_below_2001,s2_760_2075,s3_17_37,Passenger Car,s5_64_76,Deployed,s2_97_208,s1_below_1,Female,s2_37_80,s3_141_159,s2_164_318,s3_80_160,s2_2_4
13521,s2_885_1695,s2_n103_99,s4_n40_7,s1_below_4282,s1_below_2,s2_2001_2003,s2_760_2075,s4_37_47,Truck (<=6000 lbs.),s2_11_28,Deployed,s2_97_208,s2_1_2,Male,s2_37_80,s3_141_159,s2_164_318,s3_80_160,s2_2_4
13522,s2_885_1695,s2_n103_99,s4_n40_7,s1_below_4282,s3_3_4,s3_2003_2005,s2_760_2075,s5_47_57,Passenger Car,s2_11_28,Deployed,s2_97_208,s1_below_1,Male,s3_80_96,s3_141_159,s2_164_318,s3_80_160,s2_2_4
13523,s2_885_1695,s2_n103_99,s4_n40_7,s1_below_4282,s1_below_2,s3_2003_2005,s2_760_2075,s3_17_37,Truck (<=6000 lbs.),s4_48_64,Not Deployed,s2_97_208,s1_below_1,Male,s6_130_up,s3_141_159,s3_318_464,s3_80_160,s2_2_4
13524,s2_885_1695,s2_n103_99,s5_7_up,s1_below_4282,s1_below_2,s1_below_2001,s2_760_2075,s3_17_37,Passenger Car,s2_11_28,Not Deployed,s2_97_208,s1_below_1,Male,s3_80_96,s3_141_159,s2_164_318,s6_260_up,s2_2_4
13525,s3_1695_2555,s2_n103_99,s4_n40_7,s1_below_4282,s3_3_4,s1_below_2001,s2_760_2075,s4_37_47,Truck (<=6000 lbs.),s5_64_76,Deployed,s2_97_208,s1_below_1,Female,s2_37_80,s3_141_159,s2_164_318,s3_80_160,s2_2_4
13526,s2_885_1695,s2_n103_99,s4_n40_7,s1_below_4282,s1_below_2,s2_2001_2003,s3_2075_3730,s3_17_37,Passenger Car,s2_11_28,Deployed,s2_97_208,s1_below_1,Female,s2_37_80,s3_141_159,s2_164_318,s3_80_160,s2_2_4
13527,s3_1695_2555,s2_n103_99,s4_n40_7,s1_below_4282,s1_below_2,s1_below_2001,s2_760_2075,s3_17_37,Truck (<=10000 lbs.),s3_28_48,Deployed,s2_97_208,s1_below_1,Male,s3_80_96,s5_169_179,s3_318_464,s3_80_160,s4_5_6
13528,s4_2555_3715,s2_n103_99,s4_n40_7,s1_below_4282,s1_below_2,s2_2001_2003,s2_760_2075,s4_37_47,Passenger Car,s3_28_48,Deployed,s2_97_208,s1_below_1,Female,s2_37_80,s3_141_159,s2_164_318,s3_80_160,s2_2_4
13529,s2_885_1695,s2_n103_99,s3_n81_n40,s1_below_4282,s3_3_4,s1_below_2001,s2_760_2075,s4_37_47,Passenger Car,s2_11_28,Deployed,s2_97_208,s3_2_3,Male,s2_37_80,s3_141_159,s2_164_318,s3_80_160,s2_2_4
13530,s2_885_1695,s2_n103_99,s4_n40_7,s1_below_4282,s3_3_4,s2_2001_2003,s2_760_2075,s4_37_47,Passenger Car,s6_76_up,Deployed,s2_97_208,s1_below_1,Female,s2_37_80,s3_141_159,s2_164_318,s3_80_160,s2_2_4
13531,s2_885_1695,s2_n103_99,s4_n40_7,s1_below_4282,s2_2_3,s1_below_2001,s2_760_2075,s5_47_57,Passenger Car,s2_11_28,Deployed,s2_97_208,s1_below_1,Female,s2_37_80,s3_141_159,s2_164_318,s4_160_220,s2_2_4
13532,s3_1695_2555,s2_n103_99,s4_n40_7,s1_below_4282,s3_3_4,s2_2001_2003,s2_760_2075,s5_47_57,Truck (<=6000 lbs.),s4_48_64,Deployed,s2_97_208,s1_below_1,Female,s2_37_80,s4_159_169,s2_164_318,s3_80_160,s3_4_5
13533,s2_885_1695,s2_n103_99,s5_7_up,s1_below_4282,s3_3_4,s1_below_2001,s2_760_2075,s5_47_57,Passenger Car,s4_48_64,Not Deployed,s2_97_208,s1_below_1,Female,s4_96_114,s3_141_159,s2_164_318,s6_260_up,s2_2_4
13534,s2_885_1695,s2_n103_99,s4_n40_7,s1_below_4282,s3_3_4,s1_below_2001,s2_760_2075,s5_47_57,Truck (<=6000 lbs.),s3_28_48,Deployed,s2_97_208,s1_below_1,Male,s3_80_96,s3_141_159,s2_164_318,s4_160_220,s2_2_4
13535,s3_1695_2555,s2_n103_99,s4_n40_7,s1_below_4282,s4_4_5,s1_below_2001,s2_760_2075,s5_47_57,Truck (<=6000 lbs.),s3_28_48,Deployed,s2_97_208,s1_below_1,Male,s3_80_96,s3_141_159,s2_164_318,s3_80_160,s2_2_4
13536,s3_1695_2555,s2_n103_99,s4_n40_7,s1_below_4282,s1_below_2,s2_2001_2003,s3_2075_3730,s3_17_37,Truck (<=10000 lbs.),s4_48_64,Deployed,s2_97_208,s1_below_1,Male,s3_80_96,s4_159_169,s3_318_464,s3_80_160,s4_5_6
13537,s3_1695_2555,s2_n103_99,s4_n40_7,s1_below_4282,s3_3_4,s2_2001_2003,s2_760_2075,s5_47_57,Truck (<=10000 lbs.),s2_11_28,Deployed,s2_97_208,s1_below_1,Male,s3_80_96,s2_116_141,s3_318_464,s4_160_220,s3_4_5
13538,s2_885_1695,s2_n103_99,s4_n40_7,s1_below_4282,s1_below_2,s2_2001_2003,s3_2075_3730,s5_47_57,Passenger Car,s4_48_64,Not Deployed,s2_97_208,s1_below_1,Male,s2_37_80,s3_141_159,s2_164_318,s2_40_80,s2_2_4
13539,s2_885_1695,s2_n103_99,s4_n40_7,s1_below_4282,s3_3_4,s2_2001_2003,s2_760_2075,s5_47_57,Passenger Car,s3_28_48,Not Deployed,s2_97_208,s1_below_1,Female,s2_37_80,s3_141_159,s2_164_318,s2_40_80,s2_2_4
13540,s2_885_1695,s2_n103_99,s5_7_up,s1_below_4282,s1_below_2,s2_2001_2003,s2_760_2075,s5_47_57,Passenger Car,s3_28_48,Not Deployed,s2_97_208,s1_below_1,Female,s2_37_80,s3_141_159,s2_164_318,s6_260_up,s2_2_4
13541,s2_885_1695,s2_n103_99,s4_n40_7,s1_below_4282,s4_4_5,s2_2001_2003,s2_760_2075,s5_47_57,Passenger Car,s3_28_48,Deployed,s2_97_208,s1_below_1,Female,s2_37_80,s3_141_159,s2_164_318,s3_80_160,s2_2_4
13542,s2_885_1695,s2_n103_99,s5_7_up,s1_below_4282,s2_2_3,s2_2001_2003,s2_760_2075,s3_17_37,Passenger Car,s2_11_28,Not Deployed,s2_97_208,s1_below_1,Female,s2_37_80,s3_141_159,s2_164_318,s6_260_up,s2_2_4
13543,s2_885_1695,s2_n103_99,s3_n81_n40,s1_below_4282,s1_below_2,s2_2001_2003,s2_760_2075,s3_17_37,Passenger Car,s2_11_28,Deployed,s2_97_208,s1_below_1,Male,s3_80_96,s3_141_159,s2_164_318,s3_80_160,s2_2_4
13544,s3_1695_2555,s2_n103_99,s4_n40_7,s1_below_4282,s1_below_2,s2_2001_2003,s3_2075_3730,s4_37_47,Truck (<=6000 lbs.),s2_11_28,Not Deployed,s2_97_208,s1_below_1,Male,s3_80_96,s3_141_159,s2_164_318,s3_80_160,s2_2_4
13545,s2_885_1695,s2_n103_99,s5_7_up,s1_below_4282,s4_4_5,s1_below_2001,s2_760_2075,s3_17_37,Passenger Car,s6_76_up,Not Deployed,s2_97_208,s1_below_1,Male,s2_37_80,s3_141_159,s2_164_318,s6_260_up,s2_2_4
13546,s2_885_1695,s2_n103_99,s4_n40_7,s1_below_4282,s4_4_5,s1_below_2001,s2_760_2075,s3_17_37,Passenger Car,s3_28_48,Not Deployed,s2_97_208,s1_below_1,Male,s3_80_96,s3_141_159,s2_164_318,s3_80_160,s2_2_4
13547,s2_885_1695,s2_n103_99,s4_n40_7,s1_below_4282,s1_below_2,s1_below_2001,s2_760_2075,s3_17_37,Truck (<=6000 lbs.),s4_48_64,Not Deployed,s2_97_208,s1_below_1,Female,s2_37_80,s3_141_159,s2_164_318,s3_80_160,s2_2_4
13548,s2_885_1695,s2_n103_99,s4_n40_7,s1_below_4282,s3_3_4,s1_below_2001,s4_3730_up,s3_17_37,Passenger Car,s2_11_28,Deployed,s2_97_208,s1_below_1,Female,s2_37_80,s3_141_159,s2_164_318,s2_40_80,s2_2_4
13549,s2_885_1695,s2_n103_99,s4_n40_7,s1_below_4282,s4_4_5,s1_below_2001,s2_760_2075,s3_17_37,Passenger Car,s4_48_64,Deployed,s2_97_208,s1_below_1,Male,s3_80_96,s3_141_159,s2_164_318,s3_80_160,s2_2_4
13550,s2_885_1695,s2_n103_99,s4_n40_7,s1_below_4282,s1_below_2,s1_below_2001,s2_760_2075,s5_47_57,Passenger Car,s3_28_48,Deployed,s2_97_208,s1_below_1,Female,s3_80_96,s3_141_159,s2_164_318,s3_80_160,s2_2_4
13551,s2_885_1695,s2_n103_99,s4_n40_7,s1_below_4282,s3_3_4,s2_2001_2003,s2_760_2075,s4_37_47,Passenger Car,s3_28_48,Deployed,s2_97_208,s2_1_2,Female,s2_37_80,s3_141_159,s2_164_318,s3_80_160,s2_2_4
13552,s2_885_1695,s2_n103_99,s4_n40_7,s1_below_4282,s3_3_4,s1_below_2001,s2_760_2075,s3_17_37,Passenger Car,s3_28_48,Deployed,s2_97_208,s1_below_1,Male,s2_37_80,s3_141_159,s2_164_318,s3_80_160,s2_2_4
13553,s3_1695_2555,s2_n103_99,s4_n40_7,s1_below_4282,s3_3_4,s3_2003_2005,s2_760_2075,s4_37_47,Truck (<=10000 lbs.),s3_28_48,Not Deployed,s2_97_208,s1_below_1,Male,s3_80_96,s3_141_159,s3_318_464,s4_160_220,s3_4_5
13554,s2_885_1695,s2_n103_99,s4_n40_7,s1_below_4282,s2_2_3,s1_below_2001,s2_760_2075,s4_37_47,Passenger Car,s6_76_up,Not Deployed,s2_97_208,s1_below_1,Male,s2_37_80,s3_141_159,s2_164_318,s3_80_160,s2_2_4
13555,s2_885_1695,s2_n103_99,s5_7_up,s1_below_4282,s2_2_3,s2_2001_2003,s2_760_2075,s4_37_47,Passenger Car,s3_28_48,Not Deployed,s2_97_208,s1_below_1,Male,s3_80_96,s3_141_159,s2_164_318,s6_260_up,s2_2_4
13556,s2_885_1695,s2_n103_99,s4_n40_7,s1_below_4282,s3_3_4,s1_below_2001,s2_760_2075,s5_47_57,Passenger Car,s3_28_48,Deployed,s2_97_208,s1_below_1,Male,s2_37_80,s3_141_159,s2_164_318,s3_80_160,s2_2_4
13557,s2_885_1695,s2_n103_99,s4_n40_7,s1_below_4282,s1_below_2,s2_2001_2003,s2_760_2075,s3_17_37,Passenger Car,s3_28_48,Not Deployed,s2_97_208,s1_below_1,Female,s2_37_80,s3_141_159,s2_164_318,s4_160_220,s2_2_4
13558,s2_885_1695,s2_n103_99,s4_n40_7,s1_below_4282,s2_2_3,s2_2001_2003,s3_2075_3730,s3_17_37,Passenger Car,s3_28_48,Deployed,s2_97_208,s2_1_2,Female,s2_37_80,s3_141_159,s2_164_318,s3_80_160,s2_2_4
13559,s2_885_1695,s2_n103_99,s4_n40_7,s1_below_4282,s1_below_2,s1_below_2001,s2_760_2075,s3_17_37,Passenger Car,s3_28_48,Deployed,s2_97_208,s2_1_2,Male,s3_80_96,s3_141_159,s2_164_318,s3_80_160,s2_2_4
13560,s2_885_1695,s2_n103_99,s4_n40_7,s1_below_4282,s2_2_3,s1_below_2001,s2_760_2075,s4_37_47,Passenger Car,s3_28_48,Deployed,s2_97_208,s1_below_1,Male,s2_37_80,s3_141_159,s2_164_318,s4_160_220,s2_2_4
13561,s3_1695_2555,s2_n103_99,s4_n40_7,s1_below_4282,s3_3_4,s1_below_2001,s2_760_2075,s5_47_57,Truck (<=10000 lbs.),s2_11_28,Deployed,s2_97_208,s3_2_3,Female,s2_37_80,s4_159_169,s2_164_318,s3_80_160,s3_4_5
13562,s2_885_1695,s2_n103_99,s4_n40_7,s1_below_4282,s2_2_3,s2_2001_2003,s3_2075_3730,s5_47_57,Passenger Car,s4_48_64,Deployed,s2_97_208,s2_1_2,Female,s4_96_114,s3_141_159,s2_164_318,s4_160_220,s2_2_4
13563,s2_885_1695,s2_n103_99,s5_7_up,s1_below_4282,s1_below_2,s2_2001_2003,s2_760_2075,s3_17_37,Passenger Car,s4_48_64,Not Deployed,s2_97_208,s1_below_1,Female,s2_37_80,s3_141_159,s2_164_318,s6_260_up,s2_2_4
13564,s2_885_1695,s2_n103_99,s4_n40_7,s1_below_4282,s1_below_2,s2_2001_2003,s2_760_2075,s3_17_37,Passenger Car,s2_11_28,Not Deployed,s2_97_208,s1_below_1,Female,s2_37_80,s3_141_159,s2_164_318,s3_80_160,s2_2_4
13565,s4_2555_3715,s2_n103_99,s4_n40_7,s1_below_4282,s1_below_2,s3_2003_2005,s3_2075_3730,s3_17_37,Truck (<=10000 lbs.),s2_11_28,Deployed,s2_97_208,s1_below_1,Male,s3_80_96,s5_169_179,s3_318_464,s3_80_160,s4_5_6
13566,s2_885_1695,s2_n103_99,s4_n40_7,s1_below_4282,s2_2_3,s3_2003_2005,s2_760_2075,s3_17_37,Passenger Car,s4_48_64,Deployed,s2_97_208,s1_below_1,Male,s3_80_96,s3_141_159,s2_164_318,s3_80_160,s2_2_4
13567,s2_885_1695,s2_n103_99,s5_7_up,s1_below_4282,s2_2_3,s2_2001_2003,s2_760_2075,s5_47_57,Passenger Car,s3_28_48,Deployed,s2_97_208,s1_below_1,Male,s5_114_130,s3_141_159,s2_164_318,s6_260_up,s2_2_4
13568,s4_2555_3715,s2_n103_99,s4_n40_7,s1_below_4282,s2_2_3,s3_2003_2005,s2_760_2075,s1_below_7,Truck (<=10000 lbs.),s3_28_48,Not Deployed,s2_97_208,s1_below_1,Male,s3_80_96,s5_169_179,s3_318_464,s3_80_160,s6_7_up
13569,s2_885_1695,s2_n103_99,s4_n40_7,s1_below_4282,s4_4_5,s1_below_2001,s2_760_2075,s6_57_up,Passenger Car,s3_28_48,Deployed,s2_97_208,s1_below_1,Female,s2_37_80,s3_141_159,s2_164_318,s3_80_160,s2_2_4
13570,s2_885_1695,s2_n103_99,s4_n40_7,s1_below_4282,s2_2_3,s3_2003_2005,s2_760_2075,s5_47_57,Passenger Car,s5_64_76,Not Deployed,s2_97_208,s1_below_1,Male,s3_80_96,s3_141_159,s2_164_318,s2_40_80,s2_2_4
13571,s3_1695_2555,s2_n103_99,s4_n40_7,s1_below_4282,s3_3_4,s2_2001_2003,s2_760_2075,s4_37_47,Truck (<=6000 lbs.),s3_28_48,Deployed,s2_97_208,s1_below_1,Female,s2_37_80,s4_159_169,s2_164_318,s3_80_160,s3_4_5
13572,s2_885_1695,s2_n103_99,s4_n40_7,s1_below_4282,s2_2_3,s1_below_2001,s2_760_2075,s5_47_57,Passenger Car,s3_28_48,Not Deployed,s2_97_208,s6_5_up,Female,s5_114_130,s3_141_159,s2_164_318,s4_160_220,s2_2_4
13573,s2_885_1695,s2_n103_99,s4_n40_7,s1_below_4282,s3_3_4,s1_below_2001,s2_760_2075,s5_47_57,Passenger Car,s2_11_28,Not Deployed,s2_97_208,s1_below_1,Male,s4_96_114,s3_141_159,s2_164_318,s4_160_220,s2_2_4
13574,s4_2555_3715,s2_n103_99,s4_n40_7,s1_below_4282,s3_3_4,s2_2001_2003,s2_760_2075,s4_37_47,Truck (<=10000 lbs.),s2_11_28,Not Deployed,s2_97_208,s1_below_1,Male,s3_80_96,s5_169_179,s3_318_464,s4_160_220,s4_5_6
13575,s3_1695_2555,s2_n103_99,s5_7_up,s1_below_4282,s3_3_4,s2_2001_2003,s3_2075_3730,s5_47_57,Passenger Car,s5_64_76,Not Deployed,s2_97_208,s1_below_1,Female,s2_37_80,s4_159_169,s2_164_318,s6_260_up,s3_4_5
13576,s3_1695_2555,s2_n103_99,s4_n40_7,s1_below_4282,s2_2_3,s2_2001_2003,s2_760_2075,s5_47_57,Passenger Car,s2_11_28,Deployed,s2_97_208,s2_1_2,Male,s2_37_80,s4_159_169,s2_164_318,s3_80_160,s2_2_4
13577,s2_885_1695,s2_n103_99,s4_n40_7,s1_below_4282,s4_4_5,s3_2003_2005,s2_760_2075,s3_17_37,Passenger Car,s2_11_28,Deployed,s2_97_208,s1_below_1,Female,s2_37_80,s3_141_159,s2_164_318,s3_80_160,s2_2_4
13578,s2_885_1695,s2_n103_99,s4_n40_7,s1_below_4282,s1_below_2,s1_below_2001,s2_760_2075,s3_17_37,Passenger Car,s6_76_up,Not Deployed,s2_97_208,s1_below_1,Male,s3_80_96,s3_141_159,s2_164_318,s4_160_220,s2_2_4
13579,s2_885_1695,s2_n103_99,s4_n40_7,s1_below_4282,s3_3_4,s2_2001_2003,s2_760_2075,s4_37_47,Passenger Car,s3_28_48,Deployed,s2_97_208,s2_1_2,Male,s3_80_96,s3_141_159,s2_164_318,s3_80_160,s2_2_4
13580,s3_1695_2555,s2_n103_99,s4_n40_7,s1_below_4282,s1_below_2,s2_2001_2003,s2_760_2075,s4_37_47,Truck (<=6000 lbs.),s6_76_up,Deployed,s2_97_208,s1_below_1,Male,s3_80_96,s4_159_169,s2_164_318,s3_80_160,s3_4_5
13581,s2_885_1695,s2_n103_99,s4_n40_7,s1_below_4282,s1_below_2,s2_2001_2003,s2_760_2075,s4_37_47,Passenger Car,s4_48_64,Deployed,s2_97_208,s1_below_1,Female,s2_37_80,s3_141_159,s2_164_318,s3_80_160,s2_2_4
13582,s2_885_1695,s2_n103_99,s4_n40_7,s1_below_4282,s3_3_4,s1_below_2001,s3_2075_3730,s5_47_57,Passenger Car,s2_11_28,Deployed,s2_97_208,s1_below_1,Male,s6_130_up,s3_141_159,s2_164_318,s3_80_160,s2_2_4
13583,s2_885_1695,s2_n103_99,s4_n40_7,s1_below_4282,s2_2_3,s3_2003_2005,s2_760_2075,s3_17_37,Passenger Car,s4_48_64,Not Deployed,s2_97_208,s1_below_1,Female,s2_37_80,s3_141_159,s2_164_318,s2_40_80,s2_2_4
13584,s2_885_1695,s2_n103_99,s4_n40_7,s1_below_4282,s1_below_2,s1_below_2001,s2_760_2075,s3_17_37,Passenger Car,s4_48_64,Deployed,s2_97_208,s1_below_1,Female,s2_37_80,s3_141_159,s2_164_318,s3_80_160,s2_2_4
13585,s2_885_1695,s2_n103_99,s4_n40_7,s1_below_4282,s3_3_4,s1_below_2001,s3_2075_3730,s6_57_up,Passenger Car,s3_28_48,Not Deployed,s2_97_208,s1_below_1,Female,s2_37_80,s3_141_159,s2_164_318,s3_80_160,s2_2_4
13586,s2_885_1695,s2_n103_99,s4_n40_7,s1_below_4282,s5_5_6,s3_2003_2005,s3_2075_3730,s4_37_47,Passenger Car,s2_11_28,Deployed,s2_97_208,s1_below_1,Female,s2_37_80,s3_141_159,s2_164_318,s4_160_220,s2_2_4
13587,s4_2555_3715,s2_n103_99,s5_7_up,s1_below_4282,s1_below_2,s2_2001_2003,s2_760_2075,s5_47_57,Truck (<=10000 lbs.),s3_28_48,Not Deployed,s2_97_208,s1_below_1,Female,s2_37_80,s4_159_169,s3_318_464,s6_260_up,s4_5_6
13588,s2_885_1695,s2_n103_99,s5_7_up,s1_below_4282,s3_3_4,s1_below_2001,s2_760_2075,s5_47_57,Passenger Car,s3_28_48,Not Deployed,s2_97_208,s1_below_1,Female,s3_80_96,s3_141_159,s2_164_318,s6_260_up,s2_2_4
13589,s2_885_1695,s2_n103_99,s5_7_up,s1_below_4282,s3_3_4,s1_below_2001,s3_2075_3730,s5_47_57,Passenger Car,s4_48_64,Not Deployed,s2_97_208,s1_below_1,Male,s3_80_96,s3_141_159,s2_164_318,s6_260_up,s2_2_4
13590,s3_1695_2555,s2_n103_99,s4_n40_7,s1_below_4282,s1_below_2,s2_2001_2003,s2_760_2075,s3_17_37,Truck (<=6000 lbs.),s3_28_48,Deployed,s2_97_208,s1_below_1,Female,s2_37_80,s3_141_159,s2_164_318,s3_80_160,s2_2_4
13591,s2_885_1695,s2_n103_99,s4_n40_7,s1_below_4282,s1_below_2,s1_below_2001,s3_2075_3730,s3_17_37,Passenger Car,s3_28_48,Deployed,s2_97_208,s1_below_1,Female,s3_80_96,s3_141_159,s2_164_318,s3_80_160,s2_2_4
13592,s2_885_1695,s2_n103_99,s4_n40_7,s1_below_4282,s2_2_3,s2_2001_2003,s3_2075_3730,s5_47_57,Passenger Car,s3_28_48,Not Deployed,s2_97_208,s1_below_1,Male,s3_80_96,s3_141_159,s2_164_318,s3_80_160,s2_2_4
13593,s2_885_1695,s2_n103_99,s3_n81_n40,s1_below_4282,s1_below_2,s1_below_2001,s2_760_2075,s5_47_57,Passenger Car,s3_28_48,Deployed,s2_97_208,s1_below_1,Female,s3_80_96,s3_141_159,s2_164_318,s3_80_160,s2_2_4
13594,s2_885_1695,s2_n103_99,s4_n40_7,s1_below_4282,s2_2_3,s1_below_2001,s2_760_2075,s3_17_37,Passenger Car,s3_28_48,Deployed,s2_97_208,s1_below_1,Female,s2_37_80,s3_141_159,s2_164_318,s4_160_220,s2_2_4
13595,s2_885_1695,s2_n103_99,s4_n40_7,s1_below_4282,s4_4_5,s1_below_2001,s2_760_2075,s5_47_57,Passenger Car,s3_28_48,Not Deployed,s2_97_208,s1_below_1,Female,s2_37_80,s3_141_159,s2_164_318,s2_40_80,s2_2_4
13596,s3_1695_2555,s2_n103_99,s4_n40_7,s1_below_4282,s1_below_2,s3_2003_2005,s3_2075_3730,s5_47_57,Truck (<=6000 lbs.),s3_28_48,Deployed,s2_97_208,s1_below_1,Female,s5_114_130,s4_159_169,s2_164_318,s3_80_160,s3_4_5
13597,s3_1695_2555,s2_n103_99,s4_n40_7,s1_below_4282,s2_2_3,s3_2003_2005,s2_760_2075,s4_37_47,Truck (<=6000 lbs.),s3_28_48,Deployed,s2_97_208,s1_below_1,Female,s2_37_80,s4_159_169,s2_164_318,s4_160_220,s3_4_5
13598,s2_885_1695,s2_n103_99,s4_n40_7,s1_below_4282,s3_3_4,s3_2003_2005,s2_760_2075,s5_47_57,Passenger Car,s4_48_64,Deployed,s2_97_208,s1_below_1,Male,s2_37_80,s3_141_159,s2_164_318,s3_80_160,s2_2_4
13599,s2_885_1695,s2_n103_99,s4_n40_7,s1_below_4282,s1_below_2,s1_below_2001,s2_760_2075,s4_37_47,Passenger Car,s2_11_28,Deployed,s2_97_208,s5_4_5,Male,s2_37_80,s3_141_159,s2_164_318,s3_80_160,s2_2_4
13600,s4_2555_3715,s2_n103_99,s4_n40_7,s2_4282_6970,s3_3_4,s3_2003_2005,s2_760_2075,s5_47_57,Truck (<=10000 lbs.),s4_48_64,Not Deployed,s2_97_208,s5_4_5,Male,s3_80_96,s5_169_179,s3_318_464,s6_260_up,s5_6_7
13601,s2_885_1695,s2_n103_99,s4_n40_7,s1_below_4282,s1_below_2,s2_2001_2003,s2_760_2075,s3_17_37,Passenger Car,s3_28_48,Deployed,s2_97_208,s1_below_1,Female,s6_130_up,s3_141_159,s2_164_318,s3_80_160,s2_2_4
13602,s2_885_1695,s2_n103_99,s4_n40_7,s1_below_4282,s2_2_3,s1_below_2001,s2_760_2075,s3_17_37,Passenger Car,s4_48_64,Deployed,s2_97_208,s3_2_3,Female,s3_80_96,s3_141_159,s2_164_318,s4_160_220,s2_2_4
13603,s3_1695_2555,s2_n103_99,s4_n40_7,s1_below_4282,s1_below_2,s2_2001_2003,s2_760_2075,s4_37_47,Truck (<=6000 lbs.),s3_28_48,Deployed,s2_97_208,s1_below_1,Female,s3_80_96,s3_141_159,s2_164_318,s3_80_160,s2_2_4
13604,s2_885_1695,s2_n103_99,s4_n40_7,s1_below_4282,s1_below_2,s3_2003_2005,s2_760_2075,s5_47_57,Passenger Car,s5_64_76,Not Deployed,s2_97_208,s4_3_4,Female,s2_37_80,s3_141_159,s2_164_318,s2_40_80,s2_2_4
13605,s3_1695_2555,s2_n103_99,s4_n40_7,s1_below_4282,s1_below_2,s2_2001_2003,s2_760_2075,s1_below_7,Truck (<=6000 lbs.),s3_28_48,Not Deployed,s2_97_208,s1_below_1,Female,s2_37_80,s3_141_159,s2_164_318,s3_80_160,s2_2_4
13606,s3_1695_2555,s2_n103_99,s3_n81_n40,s2_4282_6970,s3_3_4,s3_2003_2005,s2_760_2075,s5_47_57,Truck (<=6000 lbs.),s4_48_64,Deployed,s2_97_208,s5_4_5,Male,s5_114_130,s4_159_169,s2_164_318,s3_80_160,s2_2_4
13607,s3_1695_2555,s2_n103_99,s4_n40_7,s1_below_4282,s3_3_4,s3_2003_2005,s2_760_2075,s5_47_57,Truck (<=6000 lbs.),s2_11_28,Deployed,s2_97_208,s1_below_1,Male,s3_80_96,s3_141_159,s2_164_318,s3_80_160,s2_2_4
13608,s2_885_1695,s2_n103_99,s4_n40_7,s1_below_4282,s1_below_2,s1_below_2001,s2_760_2075,s3_17_37,Truck (<=6000 lbs.),s3_28_48,Deployed,s2_97_208,s1_below_1,Male,s2_37_80,s3_141_159,s2_164_318,s4_160_220,s2_2_4
13609,s2_885_1695,s2_n103_99,s4_n40_7,s1_below_4282,s3_3_4,s1_below_2001,s2_760_2075,s3_17_37,Passenger Car,s2_11_28,Deployed,s2_97_208,s1_below_1,Male,s3_80_96,s3_141_159,s2_164_318,s3_80_160,s2_2_4
13610,s4_2555_3715,s2_n103_99,s5_7_up,s1_below_4282,s2_2_3,s2_2001_2003,s2_760_2075,s5_47_57,Truck (<=10000 lbs.),s3_28_48,Not Deployed,s2_97_208,s1_below_1,Male,s2_37_80,s5_169_179,s3_318_464,s6_260_up,s5_6_7
13611,s3_1695_2555,s2_n103_99,s4_n40_7,s1_below_4282,s2_2_3,s3_2003_2005,s2_760_2075,s5_47_57,Truck (<=6000 lbs.),s2_11_28,Not Deployed,s2_97_208,s3_2_3,Female,s2_37_80,s3_141_159,s3_318_464,s2_40_80,s2_2_4
13612,s2_885_1695,s2_n103_99,s5_7_up,s1_below_4282,s1_below_2,s2_2001_2003,s2_760_2075,s5_47_57,Passenger Car,s2_11_28,Not Deployed,s2_97_208,s1_below_1,Female,s2_37_80,s3_141_159,s2_164_318,s6_260_up,s2_2_4
13613,s2_885_1695,s2_n103_99,s4_n40_7,s1_below_4282,s1_below_2,s1_below_2001,s2_760_2075,s5_47_57,Passenger Car,s3_28_48,Not Deployed,s2_97_208,s1_below_1,Female,s3_80_96,s3_141_159,s2_164_318,s3_80_160,s2_2_4
13614,s2_885_1695,s2_n103_99,s4_n40_7,s1_below_4282,s4_4_5,s2_2001_2003,s2_760_2075,s5_47_57,Passenger Car,s2_11_28,Deployed,s2_97_208,s1_below_1,Male,s2_37_80,s3_141_159,s2_164_318,s4_160_220,s2_2_4
13615,s3_1695_2555,s2_n103_99,s4_n40_7,s1_below_4282,s3_3_4,s2_2001_2003,s2_760_2075,s5_47_57,Truck (<=6000 lbs.),s5_64_76,Not Deployed,s2_97_208,s1_below_1,Female,s2_37_80,s3_141_159,s2_164_318,s4_160_220,s2_2_4
13616,s2_885_1695,s2_n103_99,s4_n40_7,s1_below_4282,s3_3_4,s2_2001_2003,s2_760_2075,s4_37_47,Passenger Car,s2_11_28,Deployed,s2_97_208,s1_below_1,Female,s2_37_80,s3_141_159,s2_164_318,s3_80_160,s2_2_4
13617,s2_885_1695,s2_n103_99,s4_n40_7,s3_6970_up,s4_4_5,s1_below_2001,s4_3730_up,s4_37_47,Passenger Car,s3_28_48,Deployed,s2_97_208,s5_4_5,Male,s3_80_96,s3_141_159,s2_164_318,s3_80_160,s2_2_4
13618,s2_885_1695,s2_n103_99,s4_n40_7,s1_below_4282,s1_below_2,s2_2001_2003,s2_760_2075,s6_57_up,Passenger Car,s3_28_48,Deployed,s2_97_208,s1_below_1,Female,s3_80_96,s3_141_159,s2_164_318,s3_80_160,s2_2_4
13619,s3_1695_2555,s2_n103_99,s4_n40_7,s1_below_4282,s1_below_2,s2_2001_2003,s2_760_2075,s5_47_57,Truck (<=6000 lbs.),s3_28_48,Deployed,s2_97_208,s1_below_1,Male,s2_37_80,s3_141_159,s2_164_318,s4_160_220,s2_2_4
13620,s2_885_1695,s2_n103_99,s5_7_up,s1_below_4282,s1_below_2,s2_2001_2003,s2_760_2075,s5_47_57,Truck (<=6000 lbs.),s4_48_64,Not Deployed,s2_97_208,s3_2_3,Female,s2_37_80,s3_141_159,s2_164_318,s6_260_up,s2_2_4
13621,s2_885_1695,s2_n103_99,s4_n40_7,s1_below_4282,s1_below_2,s1_below_2001,s2_760_2075,s5_47_57,Passenger Car,s3_28_48,Deployed,s2_97_208,s5_4_5,Male,s4_96_114,s3_141_159,s2_164_318,s2_40_80,s2_2_4
13622,s2_885_1695,s2_n103_99,s5_7_up,s1_below_4282,s2_2_3,s2_2001_2003,s2_760_2075,s3_17_37,Truck (<=6000 lbs.),s2_11_28,Not Deployed,s2_97_208,s1_below_1,Female,s2_37_80,s3_141_159,s2_164_318,s6_260_up,s2_2_4
13623,s2_885_1695,s2_n103_99,s4_n40_7,s1_below_4282,s2_2_3,s2_2001_2003,s2_760_2075,s5_47_57,Passenger Car,s2_11_28,Deployed,s2_97_208,s3_2_3,Female,s2_37_80,s3_141_159,s2_164_318,s3_80_160,s2_2_4
13624,s2_885_1695,s2_n103_99,s4_n40_7,s1_below_4282,s1_below_2,s1_below_2001,s2_760_2075,s6_57_up,Passenger Car,s2_11_28,Deployed,s2_97_208,s1_below_1,Female,s2_37_80,s3_141_159,s2_164_318,s3_80_160,s2_2_4
13625,s3_1695_2555,s2_n103_99,s4_n40_7,s1_below_4282,s2_2_3,s2_2001_2003,s2_760_2075,s3_17_37,Truck (<=6000 lbs.),s4_48_64,Deployed,s2_97_208,s1_below_1,Female,s2_37_80,s4_159_169,s2_164_318,s2_40_80,s2_2_4
13626,s2_885_1695,s2_n103_99,s4_n40_7,s1_below_4282,s1_below_2,s2_2001_2003,s3_2075_3730,s3_17_37,Passenger Car,s2_11_28,Deployed,s2_97_208,s1_below_1,Female,s2_37_80,s3_141_159,s2_164_318,s3_80_160,s2_2_4
13627,s3_1695_2555,s2_n103_99,s4_n40_7,s1_below_4282,s3_3_4,s2_2001_2003,s2_760_2075,s3_17_37,Truck (<=10000 lbs.),s5_64_76,Not Deployed,s2_97_208,s3_2_3,Male,s6_130_up,s4_159_169,s3_318_464,s3_80_160,s4_5_6
13628,s2_885_1695,s2_n103_99,s4_n40_7,s1_below_4282,s1_below_2,s1_below_2001,s2_760_2075,s5_47_57,Passenger Car,s4_48_64,Deployed,s2_97_208,s1_below_1,Female,s2_37_80,s3_141_159,s2_164_318,s2_40_80,s2_2_4
13629,s2_885_1695,s2_n103_99,s4_n40_7,s1_below_4282,s1_below_2,s1_below_2001,s2_760_2075,s1_below_7,Passenger Car,s3_28_48,Not Deployed,s2_97_208,s1_below_1,Male,s2_37_80,s3_141_159,s2_164_318,s2_40_80,s2_2_4
13630,s2_885_1695,s2_n103_99,s4_n40_7,s1_below_4282,s1_below_2,s1_below_2001,s2_760_2075,s3_17_37,Passenger Car,s4_48_64,Deployed,s2_97_208,s1_below_1,Male,s3_80_96,s3_141_159,s2_164_318,s3_80_160,s2_2_4
13631,s2_885_1695,s2_n103_99,s4_n40_7,s1_below_4282,s1_below_2,s1_below_2001,s2_760_2075,s5_47_57,Passenger Car,s4_48_64,Deployed,s2_97_208,s1_below_1,Female,s2_37_80,s3_141_159,s2_164_318,s4_160_220,s2_2_4
13632,s3_1695_2555,s2_n103_99,s4_n40_7,s1_below_4282,s2_2_3,s2_2001_2003,s2_760_2075,s4_37_47,Truck (<=6000 lbs.),s3_28_48,Deployed,s2_97_208,s2_1_2,Female,s3_80_96,s3_141_159,s2_164_318,s3_80_160,s2_2_4
13633,s2_885_1695,s2_n103_99,s4_n40_7,s1_below_4282,s1_below_2,s2_2001_2003,s2_760_2075,s5_47_57,Passenger Car,s3_28_48,Deployed,s2_97_208,s2_1_2,Male,s2_37_80,s3_141_159,s2_164_318,s3_80_160,s2_2_4
13634,s2_885_1695,s2_n103_99,s4_n40_7,s1_below_4282,s1_below_2,s2_2001_2003,s2_760_2075,s5_47_57,Passenger Car,s6_76_up,Deployed,s2_97_208,s3_2_3,Female,s2_37_80,s3_141_159,s2_164_318,s4_160_220,s2_2_4
13635,s2_885_1695,s2_n103_99,s4_n40_7,s1_below_4282,s1_below_2,s1_below_2001,s2_760_2075,s3_17_37,Passenger Car,s3_28_48,Deployed,s2_97_208,s1_below_1,Male,s3_80_96,s4_159_169,s2_164_318,s3_80_160,s2_2_4
13636,s2_885_1695,s2_n103_99,s4_n40_7,s1_below_4282,s1_below_2,s1_below_2001,s2_760_2075,s4_37_47,Truck (<=6000 lbs.),s2_11_28,Deployed,s2_97_208,s1_below_1,Female,s2_37_80,s3_141_159,s2_164_318,s4_160_220,s2_2_4
13637,s2_885_1695,s2_n103_99,s4_n40_7,s1_below_4282,s2_2_3,s2_2001_2003,s2_760_2075,s3_17_37,Passenger Car,s3_28_48,Deployed,s2_97_208,s1_below_1,Male,s4_96_114,s3_141_159,s2_164_318,s3_80_160,s2_2_4
13638,s3_1695_2555,s2_n103_99,s4_n40_7,s1_below_4282,s2_2_3,s2_2001_2003,s2_760_2075,s3_17_37,Truck (<=6000 lbs.),s3_28_48,Not Deployed,s2_97_208,s1_below_1,Female,s2_37_80,s3_141_159,s2_164_318,s3_80_160,s2_2_4
13639,s2_885_1695,s2_n103_99,s4_n40_7,s1_below_4282,s4_4_5,s2_2001_2003,s2_760_2075,s4_37_47,Passenger Car,s2_11_28,Deployed,s2_97_208,s1_below_1,Male,s3_80_96,s3_141_159,s2_164_318,s3_80_160,s2_2_4
13640,s2_885_1695,s2_n103_99,s4_n40_7,s1_below_4282,s2_2_3,s1_below_2001,s2_760_2075,s3_17_37,Truck (<=6000 lbs.),s2_11_28,Not Deployed,s2_97_208,s1_below_1,Female,s2_37_80,s3_141_159,s2_164_318,s1_below_40,s2_2_4
13641,s3_1695_2555,s2_n103_99,s4_n40_7,s1_below_4282,s4_4_5,s1_below_2001,s2_760_2075,s4_37_47,Passenger Car,s5_64_76,Not Deployed,s2_97_208,s1_below_1,Female,s2_37_80,s3_141_159,s2_164_318,s3_80_160,s2_2_4
13642,s3_1695_2555,s2_n103_99,s5_7_up,s1_below_4282,s1_below_2,s2_2001_2003,s2_760_2075,s5_47_57,Truck (<=6000 lbs.),s2_11_28,Not Deployed,s2_97_208,s1_below_1,Female,s2_37_80,s3_141_159,s2_164_318,s6_260_up,s3_4_5
13643,s2_885_1695,s2_n103_99,s4_n40_7,s1_below_4282,s4_4_5,s1_below_2001,s3_2075_3730,s4_37_47,Passenger Car,s3_28_48,Not Deployed,s2_97_208,s1_below_1,Female,s2_37_80,s3_141_159,s2_164_318,s3_80_160,s2_2_4
13644,s2_885_1695,s2_n103_99,s4_n40_7,s1_below_4282,s3_3_4,s1_below_2001,s2_760_2075,s3_17_37,Passenger Car,s3_28_48,Deployed,s2_97_208,s1_below_1,Female,s3_80_96,s3_141_159,s2_164_318,s3_80_160,s2_2_4
13645,s2_885_1695,s2_n103_99,s4_n40_7,s1_below_4282,s2_2_3,s1_below_2001,s2_760_2075,s5_47_57,Passenger Car,s2_11_28,Deployed,s2_97_208,s1_below_1,Female,s2_37_80,s3_141_159,s2_164_318,s4_160_220,s2_2_4
13646,s2_885_1695,s2_n103_99,s4_n40_7,s1_below_4282,s4_4_5,s2_2001_2003,s2_760_2075,s4_37_47,Passenger Car,s3_28_48,Not Deployed,s2_97_208,s1_below_1,Male,s2_37_80,s3_141_159,s2_164_318,s4_160_220,s2_2_4
13647,s2_885_1695,s2_n103_99,s4_n40_7,s1_below_4282,s2_2_3,s1_below_2001,s2_760_2075,s4_37_47,Passenger Car,s2_11_28,Deployed,s2_97_208,s1_below_1,Male,s3_80_96,s3_141_159,s2_164_318,s3_80_160,s2_2_4
13648,s2_885_1695,s2_n103_99,s4_n40_7,s1_below_4282,s1_below_2,s3_2003_2005,s2_760_2075,s4_37_47,Passenger Car,s3_28_48,Deployed,s2_97_208,s3_2_3,Male,s6_130_up,s3_141_159,s2_164_318,s3_80_160,s2_2_4
13649,s2_885_1695,s2_n103_99,s4_n40_7,s1_below_4282,s3_3_4,s3_2003_2005,s2_760_2075,s5_47_57,Passenger Car,s3_28_48,Deployed,s2_97_208,s1_below_1,Female,s5_114_130,s4_159_169,s2_164_318,s3_80_160,s2_2_4
13650,s3_1695_2555,s2_n103_99,s4_n40_7,s1_below_4282,s4_4_5,s1_below_2001,s2_760_2075,s3_17_37,Truck (<=6000 lbs.),s3_28_48,Not Deployed,s2_97_208,s1_below_1,Female,s2_37_80,s4_159_169,s2_164_318,s4_160_220,s3_4_5
13651,s2_885_1695,s2_n103_99,s4_n40_7,s1_below_4282,s3_3_4,s2_2001_2003,s2_760_2075,s3_17_37,Passenger Car,s2_11_28,Not Deployed,s2_97_208,s1_below_1,Female,s3_80_96,s3_141_159,s2_164_318,s4_160_220,s2_2_4
13652,s2_885_1695,s2_n103_99,s4_n40_7,s1_below_4282,s3_3_4,s2_2001_2003,s2_760_2075,s3_17_37,Passenger Car,s3_28_48,Deployed,s2_97_208,s1_below_1,Male,s4_96_114,s3_141_159,s2_164_318,s3_80_160,s2_2_4
13653,s2_885_1695,s2_n103_99,s4_n40_7,s1_below_4282,s1_below_2,s2_2001_2003,s2_760_2075,s3_17_37,Passenger Car,s3_28_48,Not Deployed,s2_97_208,s2_1_2,Male,s2_37_80,s3_141_159,s2_164_318,s2_40_80,s2_2_4
13654,s3_1695_2555,s2_n103_99,s4_n40_7,s1_below_4282,s3_3_4,s1_below_2001,s2_760_2075,s3_17_37,Passenger Car,s2_11_28,Deployed,s2_97_208,s1_below_1,Female,s2_37_80,s3_141_159,s2_164_318,s3_80_160,s2_2_4
13655,s3_1695_2555,s2_n103_99,s4_n40_7,s1_below_4282,s4_4_5,s1_below_2001,s2_760_2075,s5_47_57,Truck (<=6000 lbs.),s4_48_64,Not Deployed,s2_97_208,s1_below_1,Male,s3_80_96,s4_159_169,s2_164_318,s4_160_220,s3_4_5
13656,s2_885_1695,s2_n103_99,s4_n40_7,s1_below_4282,s2_2_3,s1_below_2001,s2_760_2075,s5_47_57,Passenger Car,s3_28_48,Not Deployed,s2_97_208,s1_below_1,Female,s2_37_80,s3_141_159,s2_164_318,s4_160_220,s2_2_4
13657,s2_885_1695,s2_n103_99,s4_n40_7,s1_below_4282,s1_below_2,s1_below_2001,s2_760_2075,s4_37_47,Passenger Car,s6_76_up,Deployed,s2_97_208,s2_1_2,Female,s2_37_80,s3_141_159,s2_164_318,s4_160_220,s2_2_4
13658,s2_885_1695,s2_n103_99,s4_n40_7,s1_below_4282,s3_3_4,s2_2001_2003,s2_760_2075,s5_47_57,Passenger Car,s5_64_76,Not Deployed,s2_97_208,s1_below_1,Female,s2_37_80,s3_141_159,s2_164_318,s3_80_160,s2_2_4
13659,s2_885_1695,s2_n103_99,s4_n40_7,s1_below_4282,s1_below_2,s2_2001_2003,s2_760_2075,s4_37_47,Passenger Car,s3_28_48,Deployed,s2_97_208,s1_below_1,Male,s3_80_96,s3_141_159,s2_164_318,s3_80_160,s2_2_4
13660,s2_885_1695,s2_n103_99,s5_7_up,s1_below_4282,s1_below_2,s2_2001_2003,s2_760_2075,s4_37_47,Truck (<=6000 lbs.),s2_11_28,Not Deployed,s2_97_208,s1_below_1,Male,s2_37_80,s3_141_159,s3_318_464,s6_260_up,s2_2_4
13661,s3_1695_2555,s2_n103_99,s4_n40_7,s1_below_4282,s2_2_3,s2_2001_2003,s2_760_2075,s5_47_57,Truck (<=10000 lbs.),s2_11_28,Not Deployed,s2_97_208,s2_1_2,Male,s5_114_130,s5_169_179,s3_318_464,s3_80_160,s4_5_6
13662,s2_885_1695,s2_n103_99,s4_n40_7,s1_below_4282,s1_below_2,s1_below_2001,s3_2075_3730,s5_47_57,Passenger Car,s2_11_28,Deployed,s2_97_208,s3_2_3,Female,s3_80_96,s3_141_159,s2_164_318,s3_80_160,s2_2_4
13663,s3_1695_2555,s2_n103_99,s4_n40_7,s1_below_4282,s1_below_2,s2_2001_2003,s3_2075_3730,s5_47_57,Truck (<=10000 lbs.),s2_11_28,Not Deployed,s2_97_208,s2_1_2,Male,s2_37_80,s5_169_179,s3_318_464,s4_160_220,s4_5_6
13664,s3_1695_2555,s2_n103_99,s4_n40_7,s1_below_4282,s1_below_2,s1_below_2001,s3_2075_3730,s5_47_57,Truck (<=10000 lbs.),s3_28_48,Not Deployed,s2_97_208,s1_below_1,Male,s2_37_80,s5_169_179,s3_318_464,s3_80_160,s4_5_6
13665,s2_885_1695,s2_n103_99,s5_7_up,s1_below_4282,s3_3_4,s3_2003_2005,s3_2075_3730,s3_17_37,Passenger Car,s3_28_48,Not Deployed,s2_97_208,s1_below_1,Male,s3_80_96,s3_141_159,s2_164_318,s6_260_up,s2_2_4
13666,s2_885_1695,s2_n103_99,s4_n40_7,s1_below_4282,s1_below_2,s3_2003_2005,s2_760_2075,s3_17_37,Passenger Car,s6_76_up,Not Deployed,s2_97_208,s5_4_5,Female,s2_37_80,s3_141_159,s2_164_318,s2_40_80,s2_2_4
13667,s2_885_1695,s2_n103_99,s4_n40_7,s1_below_4282,s1_below_2,s2_2001_2003,s2_760_2075,s5_47_57,Truck (<=10000 lbs.),s3_28_48,Deployed,s2_97_208,s1_below_1,Male,s2_37_80,s4_159_169,s3_318_464,s2_40_80,s4_5_6
13668,s4_2555_3715,s2_n103_99,s4_n40_7,s1_below_4282,s1_below_2,s1_below_2001,s2_760_2075,s5_47_57,Truck (<=10000 lbs.),s5_64_76,Deployed,s2_97_208,s1_below_1,Male,s2_37_80,s5_169_179,s3_318_464,s3_80_160,s4_5_6
13669,s2_885_1695,s2_n103_99,s5_7_up,s1_below_4282,s1_below_2,s3_2003_2005,s2_760_2075,s4_37_47,Passenger Car,s3_28_48,Not Deployed,s2_97_208,s1_below_1,Female,s2_37_80,s3_141_159,s2_164_318,s6_260_up,s2_2_4
13670,s2_885_1695,s2_n103_99,s5_7_up,s1_below_4282,s1_below_2,s2_2001_2003,s2_760_2075,s3_17_37,Passenger Car,s4_48_64,Not Deployed,s2_97_208,s2_1_2,Male,s3_80_96,s3_141_159,s2_164_318,s4_160_220,s2_2_4
13671,s3_1695_2555,s2_n103_99,s4_n40_7,s1_below_4282,s2_2_3,s1_below_2001,s2_760_2075,s6_57_up,Truck (<=10000 lbs.),s4_48_64,Deployed,s2_97_208,s1_below_1,Male,s3_80_96,s5_169_179,s3_318_464,s3_80_160,s5_6_7
13672,s2_885_1695,s2_n103_99,s4_n40_7,s1_below_4282,s1_below_2,s2_2001_2003,s2_760_2075,s6_57_up,Passenger Car,s3_28_48,Deployed,s2_97_208,s2_1_2,Male,s3_80_96,s3_141_159,s2_164_318,s3_80_160,s2_2_4
13673,s2_885_1695,s2_n103_99,s4_n40_7,s1_below_4282,s3_3_4,s2_2001_2003,s2_760_2075,s3_17_37,Truck (<=6000 lbs.),s2_11_28,Deployed,s2_97_208,s1_below_1,Male,s2_37_80,s3_141_159,s3_318_464,s2_40_80,s2_2_4
13674,s2_885_1695,s2_n103_99,s4_n40_7,s1_below_4282,s4_4_5,s3_2003_2005,s2_760_2075,s4_37_47,Passenger Car,s2_11_28,Deployed,s2_97_208,s1_below_1,Female,s5_114_130,s3_141_159,s2_164_318,s3_80_160,s2_2_4
13675,s2_885_1695,s2_n103_99,s4_n40_7,s1_below_4282,s4_4_5,s1_below_2001,s2_760_2075,s3_17_37,Truck (<=6000 lbs.),s3_28_48,Not Deployed,s2_97_208,s1_below_1,Male,s4_96_114,s3_141_159,s2_164_318,s3_80_160,s2_2_4
13676,s3_1695_2555,s2_n103_99,s4_n40_7,s1_below_4282,s3_3_4,s2_2001_2003,s2_760_2075,s3_17_37,Truck (<=6000 lbs.),s3_28_48,Not Deployed,s2_97_208,s1_below_1,Male,s2_37_80,s4_159_169,s2_164_318,s3_80_160,s3_4_5
13677,s3_1695_2555,s2_n103_99,s4_n40_7,s1_below_4282,s1_below_2,s1_below_2001,s3_2075_3730,s5_47_57,Passenger Car,s4_48_64,Not Deployed,s2_97_208,s1_below_1,Male,s6_130_up,s4_159_169,s2_164_318,s1_below_40,s2_2_4
13678,s4_2555_3715,s2_n103_99,s4_n40_7,s1_below_4282,s3_3_4,s2_2001_2003,s2_760_2075,s5_47_57,Truck (<=10000 lbs.),s3_28_48,Deployed,s2_97_208,s1_below_1,Male,s6_130_up,s5_169_179,s3_318_464,s3_80_160,s5_6_7
13679,s2_885_1695,s2_n103_99,s4_n40_7,s1_below_4282,s1_below_2,s2_2001_2003,s3_2075_3730,s4_37_47,Passenger Car,s2_11_28,Not Deployed,s2_97_208,s1_below_1,Male,s3_80_96,s3_141_159,s2_164_318,s3_80_160,s2_2_4
13680,s3_1695_2555,s2_n103_99,s4_n40_7,s1_below_4282,s1_below_2,s2_2001_2003,s2_760_2075,s4_37_47,Truck (<=6000 lbs.),s2_11_28,Not Deployed,s2_97_208,s1_below_1,Female,s2_37_80,s3_141_159,s2_164_318,s3_80_160,s2_2_4
13681,s2_885_1695,s2_n103_99,s4_n40_7,s1_below_4282,s2_2_3,s3_2003_2005,s2_760_2075,s3_17_37,Passenger Car,s4_48_64,Not Deployed,s2_97_208,s1_below_1,Female,s6_130_up,s3_141_159,s2_164_318,s4_160_220,s2_2_4
13682,s2_885_1695,s2_n103_99,s4_n40_7,s1_below_4282,s3_3_4,s2_2001_2003,s2_760_2075,s4_37_47,Passenger Car,s2_11_28,Deployed,s2_97_208,s1_below_1,Female,s2_37_80,s3_141_159,s2_164_318,s4_160_220,s2_2_4
13683,s2_885_1695,s2_n103_99,s5_7_up,s1_below_4282,s1_below_2,s3_2003_2005,s2_760_2075,s4_37_47,Passenger Car,s3_28_48,Not Deployed,s2_97_208,s1_below_1,Male,s2_37_80,s3_141_159,s2_164_318,s6_260_up,s2_2_4
13684,s2_885_1695,s2_n103_99,s5_7_up,s1_below_4282,s4_4_5,s3_2003_2005,s2_760_2075,s4_37_47,Passenger Car,s2_11_28,Not Deployed,s2_97_208,s1_below_1,Male,s2_37_80,s3_141_159,s2_164_318,s6_260_up,s2_2_4
13685,s3_1695_2555,s2_n103_99,s4_n40_7,s1_below_4282,s2_2_3,s2_2001_2003,s2_760_2075,s3_17_37,Truck (<=6000 lbs.),s3_28_48,Not Deployed,s2_97_208,s1_below_1,Female,s3_80_96,s3_141_159,s2_164_318,s4_160_220,s2_2_4
13686,s2_885_1695,s2_n103_99,s4_n40_7,s1_below_4282,s3_3_4,s3_2003_2005,s2_760_2075,s3_17_37,Truck (<=6000 lbs.),s3_28_48,Not Deployed,s2_97_208,s1_below_1,Female,s3_80_96,s3_141_159,s2_164_318,s3_80_160,s2_2_4
13687,s2_885_1695,s2_n103_99,s4_n40_7,s1_below_4282,s1_below_2,s3_2003_2005,s2_760_2075,s4_37_47,Passenger Car,s2_11_28,Deployed,s2_97_208,s1_below_1,Female,s2_37_80,s3_141_159,s2_164_318,s4_160_220,s2_2_4
13688,s2_885_1695,s2_n103_99,s4_n40_7,s1_below_4282,s2_2_3,s2_2001_2003,s2_760_2075,s4_37_47,Passenger Car,s3_28_48,Not Deployed,s2_97_208,s1_below_1,Female,s2_37_80,s3_141_159,s2_164_318,s3_80_160,s2_2_4
13689,s2_885_1695,s2_n103_99,s4_n40_7,s1_below_4282,s3_3_4,s2_2001_2003,s2_760_2075,s4_37_47,Truck (<=6000 lbs.),s2_11_28,Deployed,s2_97_208,s1_below_1,Male,s2_37_80,s3_141_159,s2_164_318,s3_80_160,s2_2_4
13690,s2_885_1695,s2_n103_99,s5_7_up,s1_below_4282,s1_below_2,s3_2003_2005,s2_760_2075,s6_57_up,Passenger Car,s2_11_28,Not Deployed,s2_97_208,s1_below_1,Female,s2_37_80,s3_141_159,s2_164_318,s6_260_up,s2_2_4
13691,s2_885_1695,s2_n103_99,s4_n40_7,s1_below_4282,s1_below_2,s2_2001_2003,s2_760_2075,s4_37_47,Passenger Car,s5_64_76,Not Deployed,s2_97_208,s1_below_1,Male,s2_37_80,s3_141_159,s2_164_318,s4_160_220,s2_2_4
13692,s2_885_1695,s2_n103_99,s4_n40_7,s1_below_4282,s4_4_5,s2_2001_2003,s2_760_2075,s4_37_47,Truck (<=6000 lbs.),s4_48_64,Not Deployed,s2_97_208,s1_below_1,Female,s3_80_96,s2_116_141,s2_164_318,s3_80_160,s2_2_4
13693,s3_1695_2555,s2_n103_99,s4_n40_7,s1_below_4282,s1_below_2,s2_2001_2003,s2_760_2075,s5_47_57,Truck (<=6000 lbs.),s3_28_48,Deployed,s2_97_208,s1_below_1,Female,s6_130_up,s3_141_159,s2_164_318,s2_40_80,s2_2_4
13694,s2_885_1695,s2_n103_99,s4_n40_7,s1_below_4282,s4_4_5,s3_2003_2005,s2_760_2075,s4_37_47,Passenger Car,s2_11_28,Deployed,s2_97_208,s1_below_1,Female,s4_96_114,s3_141_159,s2_164_318,s4_160_220,s2_2_4
13695,s2_885_1695,s2_n103_99,s4_n40_7,s1_below_4282,s4_4_5,s1_below_2001,s3_2075_3730,s3_17_37,Passenger Car,s6_76_up,Not Deployed,s2_97_208,s1_below_1,Male,s3_80_96,s3_141_159,s2_164_318,s4_160_220,s2_2_4
13696,s4_2555_3715,s2_n103_99,s4_n40_7,s1_below_4282,s4_4_5,s2_2001_2003,s2_760_2075,s4_37_47,Truck (<=10000 lbs.),s3_28_48,Not Deployed,s2_97_208,s1_below_1,Female,s2_37_80,s4_159_169,s2_164_318,s5_220_260,s3_4_5
13697,s3_1695_2555,s2_n103_99,s4_n40_7,s1_below_4282,s1_below_2,s2_2001_2003,s2_760_2075,s3_17_37,Truck (<=6000 lbs.),s3_28_48,Not Deployed,s2_97_208,s1_below_1,Male,s2_37_80,s4_159_169,s2_164_318,s2_40_80,s3_4_5
13698,s2_885_1695,s2_n103_99,s4_n40_7,s1_below_4282,s1_below_2,s3_2003_2005,s2_760_2075,s3_17_37,Passenger Car,s3_28_48,Deployed,s2_97_208,s1_below_1,Female,s3_80_96,s3_141_159,s2_164_318,s3_80_160,s2_2_4
13699,s2_885_1695,s2_n103_99,s5_7_up,s1_below_4282,s2_2_3,s2_2001_2003,s2_760_2075,s6_57_up,Truck (<=6000 lbs.),s4_48_64,Not Deployed,s2_97_208,s1_below_1,Male,s3_80_96,s3_141_159,s3_318_464,s5_220_260,s2_2_4
13700,s2_885_1695,s2_n103_99,s4_n40_7,s1_below_4282,s4_4_5,s2_2001_2003,s2_760_2075,s4_37_47,Passenger Car,s2_11_28,Deployed,s2_97_208,s1_below_1,Female,s2_37_80,s3_141_159,s2_164_318,s3_80_160,s2_2_4
13701,s2_885_1695,s2_n103_99,s4_n40_7,s1_below_4282,s3_3_4,s3_2003_2005,s2_760_2075,s4_37_47,Passenger Car,s2_11_28,Deployed,s2_97_208,s1_below_1,Male,s2_37_80,s3_141_159,s2_164_318,s2_40_80,s2_2_4
13702,s2_885_1695,s2_n103_99,s4_n40_7,s1_below_4282,s4_4_5,s2_2001_2003,s2_760_2075,s4_37_47,Passenger Car,s2_11_28,Deployed,s2_97_208,s1_below_1,Male,s3_80_96,s3_141_159,s2_164_318,s3_80_160,s2_2_4
13703,s2_885_1695,s2_n103_99,s4_n40_7,s1_below_4282,s4_4_5,s3_2003_2005,s2_760_2075,s3_17_37,Passenger Car,s5_64_76,Deployed,s2_97_208,s1_below_1,Male,s2_37_80,s3_141_159,s2_164_318,s3_80_160,s2_2_4
13704,s2_885_1695,s2_n103_99,s4_n40_7,s1_below_4282,s1_below_2,s1_below_2001,s2_760_2075,s1_below_7,Passenger Car,s2_11_28,Deployed,s2_97_208,s1_below_1,Male,s2_37_80,s3_141_159,s2_164_318,s3_80_160,s2_2_4
13705,s2_885_1695,s2_n103_99,s4_n40_7,s1_below_4282,s1_below_2,s2_2001_2003,s2_760_2075,s4_37_47,Passenger Car,s4_48_64,Deployed,s2_97_208,s1_below_1,Male,s3_80_96,s3_141_159,s2_164_318,s4_160_220,s2_2_4
13706,s3_1695_2555,s2_n103_99,s4_n40_7,s1_below_4282,s2_2_3,s3_2003_2005,s2_760_2075,s6_57_up,Truck (<=6000 lbs.),s3_28_48,Deployed,s2_97_208,s1_below_1,Female,s2_37_80,s3_141_159,s2_164_318,s3_80_160,s2_2_4
13707,s2_885_1695,s2_n103_99,s5_7_up,s1_below_4282,s1_below_2,s2_2001_2003,s2_760_2075,s3_17_37,Passenger Car,s4_48_64,Not Deployed,s2_97_208,s1_below_1,Female,s3_80_96,s3_141_159,s2_164_318,s6_260_up,s2_2_4
13708,s2_885_1695,s2_n103_99,s4_n40_7,s1_below_4282,s1_below_2,s2_2001_2003,s2_760_2075,s3_17_37,Truck (<=6000 lbs.),s2_11_28,Not Deployed,s2_97_208,s1_below_1,Male,s2_37_80,s2_116_141,s2_164_318,s3_80_160,s2_2_4
13709,s2_885_1695,s2_n103_99,s4_n40_7,s1_below_4282,s4_4_5,s2_2001_2003,s2_760_2075,s4_37_47,Passenger Car,s2_11_28,Deployed,s2_97_208,s1_below_1,Female,s2_37_80,s3_141_159,s2_164_318,s3_80_160,s2_2_4
13710,s3_1695_2555,s2_n103_99,s4_n40_7,s1_below_4282,s1_below_2,s2_2001_2003,s4_3730_up,s5_47_57,Truck (<=6000 lbs.),s3_28_48,Deployed,s2_97_208,s4_3_4,Male,s4_96_114,s3_141_159,s2_164_318,s3_80_160,s2_2_4
13711,s2_885_1695,s2_n103_99,s4_n40_7,s1_below_4282,s1_below_2,s3_2003_2005,s2_760_2075,s5_47_57,Passenger Car,s3_28_48,Deployed,s2_97_208,s2_1_2,Female,s2_37_80,s3_141_159,s2_164_318,s4_160_220,s2_2_4
13712,s3_1695_2555,s2_n103_99,s4_n40_7,s1_below_4282,s1_below_2,s1_below_2001,s2_760_2075,s3_17_37,Passenger Car,s3_28_48,Deployed,s2_97_208,s1_below_1,Male,s3_80_96,s4_159_169,s2_164_318,s3_80_160,s2_2_4
13713,s2_885_1695,s2_n103_99,s4_n40_7,s1_below_4282,s1_below_2,s2_2001_2003,s2_760_2075,s5_47_57,Passenger Car,s3_28_48,Deployed,s2_97_208,s1_below_1,Male,s3_80_96,s3_141_159,s2_164_318,s3_80_160,s2_2_4
13714,s2_885_1695,s2_n103_99,s4_n40_7,s1_below_4282,s3_3_4,s2_2001_2003,s2_760_2075,s3_17_37,Passenger Car,s2_11_28,Deployed,s2_97_208,s1_below_1,Female,s2_37_80,s3_141_159,s2_164_318,s4_160_220,s2_2_4
13715,s3_1695_2555,s2_n103_99,s5_7_up,s1_below_4282,s5_5_6,s3_2003_2005,s2_760_2075,s4_37_47,Truck (<=10000 lbs.),s3_28_48,Not Deployed,s2_97_208,s1_below_1,Male,s5_114_130,s4_159_169,s3_318_464,s6_260_up,s4_5_6
13716,s2_885_1695,s2_n103_99,s4_n40_7,s1_below_4282,s1_below_2,s2_2001_2003,s2_760_2075,s4_37_47,Passenger Car,s3_28_48,Not Deployed,s2_97_208,s1_below_1,Male,s2_37_80,s3_141_159,s2_164_318,s3_80_160,s2_2_4
13717,s4_2555_3715,s2_n103_99,s4_n40_7,s1_below_4282,s4_4_5,s2_2001_2003,s2_760_2075,s3_17_37,Truck (<=10000 lbs.),s3_28_48,Deployed,s2_97_208,s1_below_1,Female,s2_37_80,s5_169_179,s3_318_464,s2_40_80,s4_5_6
13718,s2_885_1695,s2_n103_99,s4_n40_7,s1_below_4282,s4_4_5,s3_2003_2005,s3_2075_3730,s3_17_37,Passenger Car,s2_11_28,Deployed,s2_97_208,s1_below_1,Female,s2_37_80,s3_141_159,s2_164_318,s3_80_160,s2_2_4
13719,s2_885_1695,s2_n103_99,s4_n40_7,s1_below_4282,s2_2_3,s2_2001_2003,s2_760_2075,s5_47_57,Passenger Car,s4_48_64,Deployed,s2_97_208,s2_1_2,Male,s3_80_96,s3_141_159,s2_164_318,s3_80_160,s2_2_4
13720,s3_1695_2555,s2_n103_99,s4_n40_7,s1_below_4282,s4_4_5,s2_2001_2003,s2_760_2075,s4_37_47,Truck (<=6000 lbs.),s4_48_64,Not Deployed,s2_97_208,s1_below_1,Male,s2_37_80,s4_159_169,s2_164_318,s3_80_160,s3_4_5
13721,s3_1695_2555,s2_n103_99,s4_n40_7,s1_below_4282,s4_4_5,s2_2001_2003,s2_760_2075,s5_47_57,Truck (<=6000 lbs.),s4_48_64,Not Deployed,s2_97_208,s1_below_1,Female,s3_80_96,s3_141_159,s2_164_318,s3_80_160,s2_2_4
13722,s2_885_1695,s2_n103_99,s4_n40_7,s1_below_4282,s4_4_5,s1_below_2001,s3_2075_3730,s5_47_57,Passenger Car,s2_11_28,Deployed,s2_97_208,s1_below_1,Male,s2_37_80,s3_141_159,s2_164_318,s3_80_160,s2_2_4
13723,s4_2555_3715,s2_n103_99,s4_n40_7,s1_below_4282,s2_2_3,s2_2001_2003,s3_2075_3730,s5_47_57,Truck (<=10000 lbs.),s3_28_48,Deployed,s2_97_208,s1_below_1,Male,s4_96_114,s4_159_169,s3_318_464,s3_80_160,s4_5_6
13724,s3_1695_2555,s2_n103_99,s4_n40_7,s1_below_4282,s1_below_2,s2_2001_2003,s3_2075_3730,s3_17_37,Passenger Car,s5_64_76,Not Deployed,s2_97_208,s3_2_3,Male,s4_96_114,s3_141_159,s2_164_318,s2_40_80,s2_2_4
13725,s3_1695_2555,s2_n103_99,s4_n40_7,s1_below_4282,s1_below_2,s2_2001_2003,s2_760_2075,s5_47_57,Truck (<=6000 lbs.),s5_64_76,Not Deployed,s2_97_208,s2_1_2,Male,s2_37_80,s3_141_159,s2_164_318,s3_80_160,s2_2_4
13726,s3_1695_2555,s2_n103_99,s4_n40_7,s1_below_4282,s2_2_3,s2_2001_2003,s3_2075_3730,s6_57_up,Truck (<=10000 lbs.),s2_11_28,Not Deployed,s2_97_208,s1_below_1,Male,s2_37_80,s4_159_169,s3_318_464,s3_80_160,s4_5_6
13727,s2_885_1695,s2_n103_99,s4_n40_7,s1_below_4282,s1_below_2,s2_2001_2003,s2_760_2075,s3_17_37,Passenger Car,s2_11_28,Not Deployed,s2_97_208,s5_4_5,Female,s2_37_80,s3_141_159,s2_164_318,s2_40_80,s2_2_4
13728,s2_885_1695,s2_n103_99,s4_n40_7,s1_below_4282,s4_4_5,s1_below_2001,s2_760_2075,s5_47_57,Passenger Car,s4_48_64,Not Deployed,s2_97_208,s1_below_1,Male,s2_37_80,s3_141_159,s2_164_318,s2_40_80,s2_2_4
13729,s2_885_1695,s2_n103_99,s4_n40_7,s1_below_4282,s1_below_2,s3_2003_2005,s2_760_2075,s5_47_57,Passenger Car,s2_11_28,Not Deployed,s2_97_208,s1_below_1,Female,s2_37_80,s3_141_159,s2_164_318,s3_80_160,s2_2_4
13730,s3_1695_2555,s2_n103_99,s4_n40_7,s1_below_4282,s2_2_3,s2_2001_2003,s3_2075_3730,s6_57_up,Truck (<=10000 lbs.),s3_28_48,Not Deployed,s2_97_208,s1_below_1,Female,s2_37_80,s4_159_169,s3_318_464,s3_80_160,s4_5_6
13731,s3_1695_2555,s2_n103_99,s4_n40_7,s1_below_4282,s4_4_5,s1_below_2001,s2_760_2075,s4_37_47,Truck (<=10000 lbs.),s4_48_64,Not Deployed,s2_97_208,s1_below_1,Male,s2_37_80,s4_159_169,s3_318_464,s3_80_160,s4_5_6
13732,s2_885_1695,s2_n103_99,s4_n40_7,s1_below_4282,s1_below_2,s2_2001_2003,s2_760_2075,s4_37_47,Passenger Car,s2_11_28,Not Deployed,s2_97_208,s1_below_1,Male,s2_37_80,s3_141_159,s2_164_318,s4_160_220,s2_2_4
13733,s2_885_1695,s2_n103_99,s4_n40_7,s1_below_4282,s1_below_2,s2_2001_2003,s2_760_2075,s3_17_37,Passenger Car,s3_28_48,Deployed,s2_97_208,s1_below_1,Female,s2_37_80,s3_141_159,s2_164_318,s3_80_160,s2_2_4
13734,s2_885_1695,s2_n103_99,s4_n40_7,s1_below_4282,s2_2_3,s1_below_2001,s2_760_2075,s4_37_47,Passenger Car,s2_11_28,Deployed,s2_97_208,s1_below_1,Female,s2_37_80,s3_141_159,s2_164_318,s2_40_80,s2_2_4
13735,s2_885_1695,s2_n103_99,s5_7_up,s1_below_4282,s3_3_4,s2_2001_2003,s3_2075_3730,s4_37_47,Passenger Car,s3_28_48,Not Deployed,s2_97_208,s1_below_1,Female,s4_96_114,s3_141_159,s2_164_318,s6_260_up,s2_2_4
13736,s3_1695_2555,s2_n103_99,s4_n40_7,s1_below_4282,s1_below_2,s1_below_2001,s2_760_2075,s3_17_37,Truck (<=10000 lbs.),s3_28_48,Not Deployed,s2_97_208,s1_below_1,Male,s5_114_130,s4_159_169,s3_318_464,s2_40_80,s4_5_6
13737,s2_885_1695,s2_n103_99,s4_n40_7,s1_below_4282,s4_4_5,s1_below_2001,s2_760_2075,s3_17_37,Passenger Car,s3_28_48,Deployed,s2_97_208,s3_2_3,Male,s2_37_80,s3_141_159,s2_164_318,s3_80_160,s2_2_4
13738,s2_885_1695,s2_n103_99,s4_n40_7,s1_below_4282,s3_3_4,s2_2001_2003,s2_760_2075,s4_37_47,Passenger Car,s4_48_64,Deployed,s2_97_208,s1_below_1,Female,s2_37_80,s3_141_159,s2_164_318,s3_80_160,s2_2_4
13739,s2_885_1695,s2_n103_99,s4_n40_7,s1_below_4282,s1_below_2,s2_2001_2003,s3_2075_3730,s5_47_57,Truck (<=6000 lbs.),s3_28_48,Deployed,s2_97_208,s1_below_1,Female,s4_96_114,s3_141_159,s2_164_318,s3_80_160,s2_2_4
13740,s3_1695_2555,s2_n103_99,s4_n40_7,s1_below_4282,s2_2_3,s2_2001_2003,s2_760_2075,s5_47_57,Truck (<=6000 lbs.),s3_28_48,Not Deployed,s2_97_208,s1_below_1,Female,s2_37_80,s3_141_159,s2_164_318,s2_40_80,s2_2_4
13741,s2_885_1695,s2_n103_99,s4_n40_7,s1_below_4282,s3_3_4,s3_2003_2005,s2_760_2075,s4_37_47,Passenger Car,s2_11_28,Deployed,s2_97_208,s1_below_1,Male,s2_37_80,s3_141_159,s2_164_318,s3_80_160,s2_2_4
13742,s2_885_1695,s2_n103_99,s5_7_up,s1_below_4282,s3_3_4,s1_below_2001,s2_760_2075,s4_37_47,Passenger Car,s4_48_64,Not Deployed,s2_97_208,s1_below_1,Male,s3_80_96,s3_141_159,s2_164_318,s6_260_up,s2_2_4
13743,s3_1695_2555,s2_n103_99,s4_n40_7,s1_below_4282,s1_below_2,s2_2001_2003,s2_760_2075,s4_37_47,Truck (<=10000 lbs.),s4_48_64,Deployed,s2_97_208,s3_2_3,Male,s5_114_130,s4_159_169,s3_318_464,s3_80_160,s4_5_6
13744,s2_885_1695,s2_n103_99,s4_n40_7,s1_below_4282,s2_2_3,s2_2001_2003,s2_760_2075,s3_17_37,Passenger Car,s2_11_28,Not Deployed,s2_97_208,s1_below_1,Female,s2_37_80,s3_141_159,s2_164_318,s2_40_80,s2_2_4
13745,s2_885_1695,s2_n103_99,s4_n40_7,s1_below_4282,s3_3_4,s1_below_2001,s2_760_2075,s3_17_37,Passenger Car,s2_11_28,Not Deployed,s2_97_208,s1_below_1,Female,s2_37_80,s3_141_159,s2_164_318,s3_80_160,s2_2_4
13746,s2_885_1695,s2_n103_99,s5_7_up,s1_below_4282,s3_3_4,s3_2003_2005,s3_2075_3730,s4_37_47,Passenger Car,s5_64_76,Not Deployed,s2_97_208,s1_below_1,Female,s2_37_80,s3_141_159,s2_164_318,s6_260_up,s2_2_4
13747,s3_1695_2555,s2_n103_99,s4_n40_7,s1_below_4282,s1_below_2,s3_2003_2005,s2_760_2075,s1_below_7,Truck (<=6000 lbs.),s3_28_48,Not Deployed,s2_97_208,s1_below_1,Female,s3_80_96,s4_159_169,s2_164_318,s2_40_80,s2_2_4
13748,s3_1695_2555,s2_n103_99,s4_n40_7,s1_below_4282,s4_4_5,s2_2001_2003,s3_2075_3730,s4_37_47,Truck (<=6000 lbs.),s3_28_48,Deployed,s2_97_208,s1_below_1,Female,s2_37_80,s4_159_169,s2_164_318,s3_80_160,s2_2_4
13749,s2_885_1695,s2_n103_99,s4_n40_7,s1_below_4282,s1_below_2,s1_below_2001,s2_760_2075,s4_37_47,Passenger Car,s5_64_76,Deployed,s2_97_208,s1_below_1,Female,s1_below_37,s3_141_159,s2_164_318,s4_160_220,s2_2_4
13750,s3_1695_2555,s2_n103_99,s4_n40_7,s1_below_4282,s5_5_6,s2_2001_2003,s2_760_2075,s3_17_37,Truck (<=10000 lbs.),s5_64_76,Deployed,s2_97_208,s2_1_2,Male,s6_130_up,s3_141_159,s2_164_318,s3_80_160,s2_2_4
13751,s2_885_1695,s2_n103_99,s4_n40_7,s1_below_4282,s4_4_5,s2_2001_2003,s3_2075_3730,s3_17_37,Passenger Car,s4_48_64,Not Deployed,s2_97_208,s2_1_2,Male,s5_114_130,s3_141_159,s2_164_318,s2_40_80,s2_2_4
13752,s3_1695_2555,s2_n103_99,s4_n40_7,s1_below_4282,s1_below_2,s2_2001_2003,s2_760_2075,s1_below_7,Truck (<=6000 lbs.),s6_76_up,Not Deployed,s2_97_208,s1_below_1,Female,s2_37_80,s3_141_159,s2_164_318,s4_160_220,s3_4_5
13753,s2_885_1695,s2_n103_99,s4_n40_7,s1_below_4282,s1_below_2,s1_below_2001,s3_2075_3730,s5_47_57,Passenger Car,s2_11_28,Deployed,s2_97_208,s2_1_2,Female,s2_37_80,s3_141_159,s2_164_318,s2_40_80,s2_2_4
13754,s2_885_1695,s2_n103_99,s4_n40_7,s1_below_4282,s1_below_2,s2_2001_2003,s2_760_2075,s4_37_47,Truck (<=6000 lbs.),s4_48_64,Not Deployed,s2_97_208,s1_below_1,Female,s2_37_80,s3_141_159,s2_164_318,s3_80_160,s2_2_4
13755,s3_1695_2555,s2_n103_99,s4_n40_7,s1_below_4282,s3_3_4,s3_2003_2005,s2_760_2075,s3_17_37,Truck (<=6000 lbs.),s3_28_48,Not Deployed,s2_97_208,s1_below_1,Male,s4_96_114,s3_141_159,s2_164_318,s3_80_160,s3_4_5
13756,s3_1695_2555,s2_n103_99,s4_n40_7,s1_below_4282,s1_below_2,s2_2001_2003,s2_760_2075,s5_47_57,Truck (<=10000 lbs.),s3_28_48,Deployed,s2_97_208,s1_below_1,Female,s2_37_80,s3_141_159,s2_164_318,s3_80_160,s2_2_4
13757,s2_885_1695,s2_n103_99,s4_n40_7,s1_below_4282,s3_3_4,s1_below_2001,s2_760_2075,s3_17_37,Passenger Car,s4_48_64,Not Deployed,s2_97_208,s1_below_1,Female,s2_37_80,s3_141_159,s2_164_318,s2_40_80,s2_2_4
13758,s2_885_1695,s2_n103_99,s4_n40_7,s1_below_4282,s1_below_2,s2_2001_2003,s2_760_2075,s5_47_57,Passenger Car,s3_28_48,Deployed,s2_97_208,s1_below_1,Female,s3_80_96,s3_141_159,s2_164_318,s4_160_220,s2_2_4
13759,s2_885_1695,s2_n103_99,s4_n40_7,s1_below_4282,s1_below_2,s2_2001_2003,s2_760_2075,s1_below_7,Truck (<=6000 lbs.),s4_48_64,Not Deployed,s2_97_208,s1_below_1,Male,s3_80_96,s2_116_141,s2_164_318,s2_40_80,s2_2_4
13760,s2_885_1695,s2_n103_99,s4_n40_7,s1_below_4282,s2_2_3,s1_below_2001,s2_760_2075,s3_17_37,Truck (<=6000 lbs.),s3_28_48,Deployed,s2_97_208,s1_below_1,Female,s3_80_96,s3_141_159,s2_164_318,s3_80_160,s2_2_4
13761,s4_2555_3715,s2_n103_99,s4_n40_7,s1_below_4282,s4_4_5,s2_2001_2003,s2_760_2075,s4_37_47,Truck (<=10000 lbs.),s5_64_76,Not Deployed,s2_97_208,s1_below_1,Male,s3_80_96,s5_169_179,s3_318_464,s3_80_160,s5_6_7
13762,s2_885_1695,s2_n103_99,s4_n40_7,s1_below_4282,s5_5_6,s2_2001_2003,s2_760_2075,s4_37_47,Passenger Car,s2_11_28,Not Deployed,s2_97_208,s1_below_1,Male,s2_37_80,s3_141_159,s2_164_318,s3_80_160,s2_2_4
13763,s2_885_1695,s2_n103_99,s4_n40_7,s1_below_4282,s3_3_4,s2_2001_2003,s3_2075_3730,s4_37_47,Passenger Car,s6_76_up,Deployed,s2_97_208,s1_below_1,Female,s2_37_80,s3_141_159,s2_164_318,s3_80_160,s2_2_4
13764,s2_885_1695,s2_n103_99,s4_n40_7,s1_below_4282,s4_4_5,s3_2003_2005,s2_760_2075,s4_37_47,Passenger Car,s2_11_28,Deployed,s2_97_208,s1_below_1,Male,s5_114_130,s3_141_159,s2_164_318,s3_80_160,s2_2_4
13765,s3_1695_2555,s2_n103_99,s4_n40_7,s1_below_4282,s4_4_5,s2_2001_2003,s2_760_2075,s4_37_47,Truck (<=6000 lbs.),s4_48_64,Not Deployed,s2_97_208,s1_below_1,Female,s2_37_80,s3_141_159,s2_164_318,s6_260_up,s2_2_4
13766,s2_885_1695,s2_n103_99,s4_n40_7,s1_below_4282,s3_3_4,s1_below_2001,s2_760_2075,s4_37_47,Truck (<=6000 lbs.),s3_28_48,Deployed,s2_97_208,s2_1_2,Female,s3_80_96,s2_116_141,s2_164_318,s3_80_160,s2_2_4
13767,s2_885_1695,s2_n103_99,s4_n40_7,s1_below_4282,s3_3_4,s1_below_2001,s2_760_2075,s4_37_47,Passenger Car,s3_28_48,Deployed,s2_97_208,s2_1_2,Male,s3_80_96,s3_141_159,s2_164_318,s3_80_160,s2_2_4
13768,s2_885_1695,s2_n103_99,s4_n40_7,s1_below_4282,s3_3_4,s1_below_2001,s2_760_2075,s3_17_37,Passenger Car,s3_28_48,Not Deployed,s2_97_208,s1_below_1,Female,s2_37_80,s3_141_159,s2_164_318,s4_160_220,s2_2_4
13769,s2_885_1695,s2_n103_99,s4_n40_7,s1_below_4282,s3_3_4,s3_2003_2005,s2_760_2075,s3_17_37,Passenger Car,s2_11_28,Not Deployed,s2_97_208,s1_below_1,Female,s2_37_80,s3_141_159,s2_164_318,s3_80_160,s2_2_4
13770,s2_885_1695,s2_n103_99,s3_n81_n40,s1_below_4282,s1_below_2,s3_2003_2005,s2_760_2075,s3_17_37,Passenger Car,s2_11_28,Deployed,s2_97_208,s1_below_1,Male,s4_96_114,s3_141_159,s2_164_318,s3_80_160,s2_2_4
13771,s2_885_1695,s2_n103_99,s4_n40_7,s1_below_4282,s4_4_5,s2_2001_2003,s2_760_2075,s3_17_37,Truck (<=6000 lbs.),s2_11_28,Not Deployed,s2_97_208,s1_below_1,Male,s2_37_80,s2_116_141,s2_164_318,s2_40_80,s2_2_4
13772,s2_885_1695,s2_n103_99,s4_n40_7,s1_below_4282,s5_5_6,s1_below_2001,s2_760_2075,s3_17_37,Passenger Car,s2_11_28,Deployed,s2_97_208,s1_below_1,Male,s2_37_80,s3_141_159,s2_164_318,s3_80_160,s2_2_4
13773,s2_885_1695,s2_n103_99,s4_n40_7,s1_below_4282,s4_4_5,s1_below_2001,s2_760_2075,s3_17_37,Truck (<=6000 lbs.),s3_28_48,Not Deployed,s2_97_208,s1_below_1,Female,s2_37_80,s3_141_159,s2_164_318,s4_160_220,s2_2_4
13774,s3_1695_2555,s2_n103_99,s4_n40_7,s1_below_4282,s4_4_5,s2_2001_2003,s2_760_2075,s4_37_47,Truck (<=6000 lbs.),s3_28_48,Not Deployed,s2_97_208,s1_below_1,Male,s3_80_96,s3_141_159,s2_164_318,s4_160_220,s2_2_4
13775,s2_885_1695,s2_n103_99,s4_n40_7,s1_below_4282,s1_below_2,s3_2003_2005,s2_760_2075,s3_17_37,Passenger Car,s2_11_28,Deployed,s2_97_208,s1_below_1,Male,s2_37_80,s3_141_159,s2_164_318,s3_80_160,s2_2_4
13776,s3_1695_2555,s2_n103_99,s4_n40_7,s1_below_4282,s1_below_2,s1_below_2001,s2_760_2075,s3_17_37,Truck (<=6000 lbs.),s3_28_48,Deployed,s2_97_208,s1_below_1,Male,s3_80_96,s3_141_159,s2_164_318,s3_80_160,s2_2_4
13777,s2_885_1695,s2_n103_99,s4_n40_7,s1_below_4282,s1_below_2,s2_2001_2003,s2_760_2075,s4_37_47,Passenger Car,s3_28_48,Not Deployed,s2_97_208,s1_below_1,Female,s2_37_80,s3_141_159,s2_164_318,s3_80_160,s2_2_4
13778,s2_885_1695,s2_n103_99,s4_n40_7,s1_below_4282,s1_below_2,s2_2001_2003,s2_760_2075,s5_47_57,Passenger Car,s2_11_28,Not Deployed,s2_97_208,s1_below_1,Male,s3_80_96,s3_141_159,s2_164_318,s3_80_160,s2_2_4
13779,s2_885_1695,s2_n103_99,s4_n40_7,s1_below_4282,s4_4_5,s2_2001_2003,s2_760_2075,s4_37_47,Passenger Car,s6_76_up,Not Deployed,s2_97_208,s1_below_1,Male,s3_80_96,s3_141_159,s2_164_318,s3_80_160,s2_2_4
13780,s3_1695_2555,s2_n103_99,s4_n40_7,s1_below_4282,s4_4_5,s2_2001_2003,s2_760_2075,s4_37_47,Truck (<=6000 lbs.),s2_11_28,Deployed,s2_97_208,s1_below_1,Male,s2_37_80,s3_141_159,s2_164_318,s3_80_160,s2_2_4
13781,s2_885_1695,s2_n103_99,s4_n40_7,s1_below_4282,s2_2_3,s1_below_2001,s2_760_2075,s6_57_up,Passenger Car,s3_28_48,Deployed,s2_97_208,s1_below_1,Male,s2_37_80,s3_141_159,s2_164_318,s3_80_160,s2_2_4
13782,s2_885_1695,s2_n103_99,s4_n40_7,s1_below_4282,s3_3_4,s2_2001_2003,s2_760_2075,s3_17_37,Passenger Car,s4_48_64,Deployed,s2_97_208,s1_below_1,Female,s2_37_80,s3_141_159,s2_164_318,s3_80_160,s2_2_4
13783,s2_885_1695,s2_n103_99,s4_n40_7,s1_below_4282,s1_below_2,s2_2001_2003,s2_760_2075,s3_17_37,Passenger Car,s2_11_28,Not Deployed,s2_97_208,s1_below_1,Female,s2_37_80,s3_141_159,s2_164_318,s3_80_160,s2_2_4
13784,s2_885_1695,s2_n103_99,s4_n40_7,s1_below_4282,s3_3_4,s1_below_2001,s3_2075_3730,s3_17_37,Passenger Car,s2_11_28,Deployed,s2_97_208,s3_2_3,Female,s2_37_80,s3_141_159,s2_164_318,s4_160_220,s2_2_4
13785,s3_1695_2555,s2_n103_99,s4_n40_7,s1_below_4282,s1_below_2,s1_below_2001,s2_760_2075,s5_47_57,Truck (<=6000 lbs.),s4_48_64,Deployed,s2_97_208,s1_below_1,Female,s4_96_114,s3_141_159,s2_164_318,s4_160_220,s2_2_4
13786,s3_1695_2555,s2_n103_99,s4_n40_7,s1_below_4282,s3_3_4,s1_below_2001,s2_760_2075,s3_17_37,Truck (<=6000 lbs.),s2_11_28,Deployed,s2_97_208,s1_below_1,Male,s2_37_80,s3_141_159,s2_164_318,s3_80_160,s3_4_5
13787,s2_885_1695,s2_n103_99,s4_n40_7,s2_4282_6970,s1_below_2,s2_2001_2003,s3_2075_3730,s5_47_57,Passenger Car,s6_76_up,Not Deployed,s2_97_208,s3_2_3,Female,s2_37_80,s3_141_159,s2_164_318,s3_80_160,s2_2_4
13788,s2_885_1695,s2_n103_99,s4_n40_7,s1_below_4282,s1_below_2,s1_below_2001,s2_760_2075,s3_17_37,Passenger Car,s2_11_28,Not Deployed,s2_97_208,s1_below_1,Male,s2_37_80,s3_141_159,s2_164_318,s2_40_80,s2_2_4
13789,s2_885_1695,s2_n103_99,s4_n40_7,s1_below_4282,s1_below_2,s2_2001_2003,s2_760_2075,s5_47_57,Passenger Car,s4_48_64,Not Deployed,s2_97_208,s3_2_3,Female,s2_37_80,s3_141_159,s2_164_318,s4_160_220,s2_2_4
13790,s3_1695_2555,s2_n103_99,s4_n40_7,s1_below_4282,s1_below_2,s3_2003_2005,s2_760_2075,s6_57_up,Truck (<=6000 lbs.),s3_28_48,Deployed,s2_97_208,s1_below_1,Male,s2_37_80,s3_141_159,s2_164_318,s4_160_220,s2_2_4
13791,s3_1695_2555,s2_n103_99,s4_n40_7,s1_below_4282,s4_4_5,s2_2001_2003,s2_760_2075,s4_37_47,Truck (<=6000 lbs.),s3_28_48,Deployed,s2_97_208,s1_below_1,Male,s3_80_96,s3_141_159,s2_164_318,s3_80_160,s3_4_5
13792,s3_1695_2555,s2_n103_99,s4_n40_7,s1_below_4282,s4_4_5,s2_2001_2003,s2_760_2075,s4_37_47,Truck (<=6000 lbs.),s3_28_48,Deployed,s2_97_208,s1_below_1,Male,s2_37_80,s3_141_159,s2_164_318,s3_80_160,s2_2_4
13793,s2_885_1695,s2_n103_99,s4_n40_7,s1_below_4282,s1_below_2,s1_below_2001,s2_760_2075,s4_37_47,Passenger Car,s6_76_up,Deployed,s2_97_208,s1_below_1,Female,s2_37_80,s3_141_159,s2_164_318,s3_80_160,s2_2_4
13794,s2_885_1695,s2_n103_99,s4_n40_7,s1_below_4282,s3_3_4,s1_below_2001,s2_760_2075,s6_57_up,Passenger Car,s4_48_64,Not Deployed,s2_97_208,s1_below_1,Male,s2_37_80,s3_141_159,s2_164_318,s2_40_80,s2_2_4
13795,s2_885_1695,s2_n103_99,s4_n40_7,s1_below_4282,s1_below_2,s3_2003_2005,s2_760_2075,s4_37_47,Passenger Car,s6_76_up,Not Deployed,s2_97_208,s3_2_3,Male,s4_96_114,s3_141_159,s2_164_318,s3_80_160,s2_2_4
13796,s3_1695_2555,s2_n103_99,s4_n40_7,s1_below_4282,s1_below_2,s1_below_2001,s2_760_2075,s4_37_47,Truck (<=10000 lbs.),s4_48_64,Not Deployed,s2_97_208,s1_below_1,Female,s3_80_96,s4_159_169,s3_318_464,s3_80_160,s4_5_6
13797,s2_885_1695,s2_n103_99,s4_n40_7,s1_below_4282,s1_below_2,s2_2001_2003,s3_2075_3730,s3_17_37,Truck (<=6000 lbs.),s4_48_64,Not Deployed,s2_97_208,s1_below_1,Female,s2_37_80,s3_141_159,s2_164_318,s2_40_80,s2_2_4
13798,s1_below_885,s2_n103_99,s4_n40_7,s1_below_4282,s4_4_5,s1_below_2001,s2_760_2075,s3_17_37,Truck (<=6000 lbs.),s3_28_48,Not Deployed,s2_97_208,s1_below_1,Female,s3_80_96,s4_159_169,s2_164_318,s2_40_80,s3_4_5
13799,s4_2555_3715,s2_n103_99,s4_n40_7,s1_below_4282,s1_below_2,s2_2001_2003,s2_760_2075,s5_47_57,Truck (<=10000 lbs.),s3_28_48,Not Deployed,s2_97_208,s1_below_1,Male,s4_96_114,s5_169_179,s3_318_464,s3_80_160,s4_5_6
13800,s2_885_1695,s2_n103_99,s4_n40_7,s1_below_4282,s1_below_2,s1_below_2001,s2_760_2075,s3_17_37,Truck (<=6000 lbs.),s3_28_48,Not Deployed,s2_97_208,s1_below_1,Male,s6_130_up,s3_141_159,s2_164_318,s4_160_220,s2_2_4
13801,s2_885_1695,s2_n103_99,s4_n40_7,s1_below_4282,s4_4_5,s2_2001_2003,s2_760_2075,s5_47_57,Passenger Car,s2_11_28,Not Deployed,s2_97_208,s1_below_1,Female,s2_37_80,s3_141_159,s2_164_318,s3_80_160,s2_2_4
13802,s2_885_1695,s2_n103_99,s4_n40_7,s1_below_4282,s1_below_2,s1_below_2001,s2_760_2075,s4_37_47,Passenger Car,s3_28_48,Not Deployed,s2_97_208,s3_2_3,Female,s2_37_80,s3_141_159,s2_164_318,s3_80_160,s2_2_4
13803,s3_1695_2555,s2_n103_99,s4_n40_7,s1_below_4282,s1_below_2,s1_below_2001,s2_760_2075,s5_47_57,Truck (<=6000 lbs.),s2_11_28,Not Deployed,s2_97_208,s1_below_1,Female,s3_80_96,s4_159_169,s2_164_318,s2_40_80,s3_4_5
13804,s3_1695_2555,s2_n103_99,s4_n40_7,s1_below_4282,s1_below_2,s1_below_2001,s3_2075_3730,s3_17_37,Truck (<=6000 lbs.),s3_28_48,Not Deployed,s2_97_208,s1_below_1,Female,s2_37_80,s3_141_159,s2_164_318,s4_160_220,s3_4_5
13805,s4_2555_3715,s2_n103_99,s4_n40_7,s1_below_4282,s1_below_2,s3_2003_2005,s2_760_2075,s3_17_37,Truck (<=10000 lbs.),s2_11_28,Deployed,s2_97_208,s1_below_1,Female,s2_37_80,s4_159_169,s3_318_464,s3_80_160,s4_5_6
13806,s2_885_1695,s2_n103_99,s4_n40_7,s1_below_4282,s2_2_3,s1_below_2001,s3_2075_3730,s3_17_37,Truck (<=6000 lbs.),s2_11_28,Not Deployed,s2_97_208,s1_below_1,Male,s2_37_80,s3_141_159,s2_164_318,s3_80_160,s2_2_4
13807,s2_885_1695,s2_n103_99,s5_7_up,s1_below_4282,s1_below_2,s2_2001_2003,s2_760_2075,s4_37_47,Passenger Car,s3_28_48,Not Deployed,s2_97_208,s1_below_1,Female,s2_37_80,s3_141_159,s2_164_318,s6_260_up,s2_2_4
13808,s3_1695_2555,s2_n103_99,s4_n40_7,s1_below_4282,s1_below_2,s2_2001_2003,s2_760_2075,s5_47_57,Truck (<=10000 lbs.),s2_11_28,Not Deployed,s2_97_208,s1_below_1,Male,s2_37_80,s5_169_179,s3_318_464,s3_80_160,s4_5_6
13809,s2_885_1695,s2_n103_99,s4_n40_7,s1_below_4282,s4_4_5,s1_below_2001,s2_760_2075,s4_37_47,Passenger Car,s2_11_28,Not Deployed,s2_97_208,s1_below_1,Male,s3_80_96,s3_141_159,s2_164_318,s4_160_220,s2_2_4
13810,s2_885_1695,s2_n103_99,s4_n40_7,s1_below_4282,s4_4_5,s2_2001_2003,s2_760_2075,s4_37_47,Passenger Car,s3_28_48,Deployed,s2_97_208,s1_below_1,Male,s2_37_80,s3_141_159,s2_164_318,s3_80_160,s2_2_4
13811,s2_885_1695,s2_n103_99,s4_n40_7,s1_below_4282,s2_2_3,s1_below_2001,s3_2075_3730,s5_47_57,Passenger Car,s2_11_28,Deployed,s2_97_208,s2_1_2,Female,s2_37_80,s3_141_159,s2_164_318,s4_160_220,s2_2_4
13812,s2_885_1695,s2_n103_99,s5_7_up,s1_below_4282,s1_below_2,s1_below_2001,s2_760_2075,s5_47_57,Passenger Car,s2_11_28,Not Deployed,s2_97_208,s1_below_1,Female,s2_37_80,s3_141_159,s2_164_318,s6_260_up,s2_2_4
13813,s3_1695_2555,s2_n103_99,s4_n40_7,s1_below_4282,s1_below_2,s1_below_2001,s3_2075_3730,s5_47_57,Truck (<=6000 lbs.),s2_11_28,Not Deployed,s2_97_208,s1_below_1,Male,s2_37_80,s2_116_141,s2_164_318,s4_160_220,s2_2_4
13814,s2_885_1695,s2_n103_99,s3_n81_n40,s1_below_4282,s3_3_4,s3_2003_2005,s2_760_2075,s3_17_37,Passenger Car,s3_28_48,Deployed,s2_97_208,s1_below_1,Female,s2_37_80,s3_141_159,s2_164_318,s3_80_160,s2_2_4
13815,s2_885_1695,s2_n103_99,s5_7_up,s1_below_4282,s3_3_4,s2_2001_2003,s2_760_2075,s3_17_37,Passenger Car,s5_64_76,Not Deployed,s2_97_208,s1_below_1,Male,s3_80_96,s3_141_159,s2_164_318,s6_260_up,s2_2_4
13816,s2_885_1695,s2_n103_99,s4_n40_7,s1_below_4282,s4_4_5,s2_2001_2003,s2_760_2075,s3_17_37,Passenger Car,s5_64_76,Not Deployed,s2_97_208,s1_below_1,Male,s3_80_96,s3_141_159,s2_164_318,s2_40_80,s2_2_4
13817,s2_885_1695,s2_n103_99,s4_n40_7,s1_below_4282,s2_2_3,s2_2001_2003,s2_760_2075,s6_57_up,Passenger Car,s4_48_64,Deployed,s2_97_208,s1_below_1,Male,s2_37_80,s3_141_159,s2_164_318,s3_80_160,s2_2_4
13818,s2_885_1695,s2_n103_99,s5_7_up,s1_below_4282,s2_2_3,s2_2001_2003,s2_760_2075,s5_47_57,Passenger Car,s2_11_28,Not Deployed,s2_97_208,s1_below_1,Male,s4_96_114,s3_141_159,s2_164_318,s6_260_up,s2_2_4
13819,s2_885_1695,s2_n103_99,s4_n40_7,s1_below_4282,s2_2_3,s2_2001_2003,s2_760_2075,s5_47_57,Passenger Car,s6_76_up,Deployed,s2_97_208,s1_below_1,Female,s2_37_80,s3_141_159,s2_164_318,s3_80_160,s2_2_4
13820,s2_885_1695,s2_n103_99,s4_n40_7,s1_below_4282,s1_below_2,s1_below_2001,s2_760_2075,s5_47_57,Passenger Car,s6_76_up,Not Deployed,s2_97_208,s4_3_4,Male,s3_80_96,s3_141_159,s2_164_318,s2_40_80,s2_2_4
13821,s2_885_1695,s2_n103_99,s4_n40_7,s1_below_4282,s1_below_2,s2_2001_2003,s2_760_2075,s5_47_57,Passenger Car,s6_76_up,Deployed,s2_97_208,s3_2_3,Male,s2_37_80,s3_141_159,s2_164_318,s3_80_160,s2_2_4
13822,s2_885_1695,s2_n103_99,s4_n40_7,s1_below_4282,s3_3_4,s2_2001_2003,s2_760_2075,s3_17_37,Passenger Car,s4_48_64,Not Deployed,s2_97_208,s1_below_1,Female,s2_37_80,s3_141_159,s2_164_318,s3_80_160,s2_2_4
13823,s2_885_1695,s2_n103_99,s4_n40_7,s1_below_4282,s1_below_2,s2_2001_2003,s3_2075_3730,s5_47_57,Passenger Car,s6_76_up,Deployed,s2_97_208,s3_2_3,Male,s2_37_80,s3_141_159,s2_164_318,s3_80_160,s2_2_4
13824,s3_1695_2555,s2_n103_99,s4_n40_7,s1_below_4282,s1_below_2,s2_2001_2003,s2_760_2075,s5_47_57,Truck (<=6000 lbs.),s4_48_64,Deployed,s2_97_208,s1_below_1,Male,s3_80_96,s3_141_159,s2_164_318,s3_80_160,s2_2_4
13825,s2_885_1695,s2_n103_99,s4_n40_7,s1_below_4282,s1_below_2,s3_2003_2005,s2_760_2075,s3_17_37,Passenger Car,s5_64_76,Not Deployed,s2_97_208,s1_below_1,Male,s2_37_80,s3_141_159,s2_164_318,s4_160_220,s2_2_4
13826,s3_1695_2555,s2_n103_99,s4_n40_7,s1_below_4282,s4_4_5,s3_2003_2005,s2_760_2075,s5_47_57,Truck (<=10000 lbs.),s3_28_48,Not Deployed,s2_97_208,s1_below_1,Male,s6_130_up,s4_159_169,s3_318_464,s2_40_80,s5_6_7
13827,s3_1695_2555,s2_n103_99,s4_n40_7,s1_below_4282,s1_below_2,s1_below_2001,s2_760_2075,s3_17_37,Truck (<=10000 lbs.),s2_11_28,Not Deployed,s2_97_208,s1_below_1,Male,s2_37_80,s5_169_179,s2_164_318,s4_160_220,s3_4_5
13828,s2_885_1695,s2_n103_99,s4_n40_7,s1_below_4282,s1_below_2,s3_2003_2005,s2_760_2075,s5_47_57,Passenger Car,s4_48_64,Deployed,s2_97_208,s1_below_1,Male,s3_80_96,s3_141_159,s2_164_318,s4_160_220,s2_2_4
13829,s2_885_1695,s2_n103_99,s4_n40_7,s1_below_4282,s3_3_4,s2_2001_2003,s2_760_2075,s4_37_47,Passenger Car,s3_28_48,Not Deployed,s2_97_208,s1_below_1,Female,s4_96_114,s3_141_159,s2_164_318,s2_40_80,s2_2_4
13830,s2_885_1695,s2_n103_99,s5_7_up,s1_below_4282,s1_below_2,s1_below_2001,s2_760_2075,s5_47_57,Truck (<=6000 lbs.),s4_48_64,Not Deployed,s2_97_208,s1_below_1,Male,s4_96_114,s3_141_159,s3_318_464,s6_260_up,s2_2_4
13831,s3_1695_2555,s2_n103_99,s4_n40_7,s1_below_4282,s1_below_2,s2_2001_2003,s2_760_2075,s5_47_57,Truck (<=6000 lbs.),s3_28_48,Not Deployed,s2_97_208,s1_below_1,Male,s3_80_96,s4_159_169,s2_164_318,s3_80_160,s2_2_4
13832,s2_885_1695,s2_n103_99,s4_n40_7,s1_below_4282,s1_below_2,s1_below_2001,s2_760_2075,s3_17_37,Passenger Car,s3_28_48,Not Deployed,s2_97_208,s1_below_1,Male,s5_114_130,s3_141_159,s2_164_318,s4_160_220,s2_2_4
13833,s3_1695_2555,s2_n103_99,s4_n40_7,s1_below_4282,s4_4_5,s2_2001_2003,s2_760_2075,s3_17_37,Passenger Car,s2_11_28,Not Deployed,s2_97_208,s1_below_1,Male,s3_80_96,s4_159_169,s2_164_318,s3_80_160,s2_2_4
13834,s3_1695_2555,s2_n103_99,s4_n40_7,s1_below_4282,s1_below_2,s2_2001_2003,s2_760_2075,s3_17_37,Truck (<=10000 lbs.),s3_28_48,Not Deployed,s2_97_208,s1_below_1,Male,s3_80_96,s4_159_169,s2_164_318,s4_160_220,s3_4_5
13835,s2_885_1695,s2_n103_99,s4_n40_7,s1_below_4282,s1_below_2,s3_2003_2005,s2_760_2075,s6_57_up,Passenger Car,s6_76_up,Not Deployed,s2_97_208,s1_below_1,Male,s2_37_80,s3_141_159,s2_164_318,s3_80_160,s2_2_4
13836,s3_1695_2555,s2_n103_99,s4_n40_7,s1_below_4282,s2_2_3,s1_below_2001,s2_760_2075,s3_17_37,Truck (<=6000 lbs.),s2_11_28,Not Deployed,s2_97_208,s1_below_1,Male,s3_80_96,s3_141_159,s2_164_318,s3_80_160,s2_2_4
13837,s2_885_1695,s2_n103_99,s4_n40_7,s1_below_4282,s3_3_4,s2_2001_2003,s2_760_2075,s3_17_37,Passenger Car,s4_48_64,Deployed,s2_97_208,s1_below_1,Female,s3_80_96,s3_141_159,s2_164_318,s3_80_160,s2_2_4
13838,s2_885_1695,s2_n103_99,s4_n40_7,s1_below_4282,s4_4_5,s2_2001_2003,s2_760_2075,s5_47_57,Passenger Car,s3_28_48,Not Deployed,s2_97_208,s1_below_1,Female,s2_37_80,s3_141_159,s2_164_318,s3_80_160,s2_2_4
13839,s3_1695_2555,s2_n103_99,s4_n40_7,s1_below_4282,s1_below_2,s2_2001_2003,s3_2075_3730,s5_47_57,Truck (<=10000 lbs.),s3_28_48,Not Deployed,s2_97_208,s1_below_1,Male,s3_80_96,s4_159_169,s3_318_464,s1_below_40,s4_5_6
13840,s2_885_1695,s2_n103_99,s4_n40_7,s1_below_4282,s1_below_2,s1_below_2001,s2_760_2075,s5_47_57,Passenger Car,s4_48_64,Not Deployed,s2_97_208,s1_below_1,Female,s2_37_80,s3_141_159,s2_164_318,s3_80_160,s2_2_4
13841,s2_885_1695,s2_n103_99,s4_n40_7,s1_below_4282,s1_below_2,s1_below_2001,s2_760_2075,s5_47_57,Passenger Car,s3_28_48,Deployed,s2_97_208,s1_below_1,Female,s2_37_80,s3_141_159,s2_164_318,s3_80_160,s2_2_4
13842,s2_885_1695,s2_n103_99,s3_n81_n40,s1_below_4282,s4_4_5,s2_2001_2003,s2_760_2075,s5_47_57,Passenger Car,s3_28_48,Deployed,s2_97_208,s1_below_1,Male,s3_80_96,s3_141_159,s2_164_318,s3_80_160,s2_2_4
13843,s2_885_1695,s2_n103_99,s3_n81_n40,s1_below_4282,s1_below_2,s1_below_2001,s2_760_2075,s5_47_57,Passenger Car,s2_11_28,Deployed,s2_97_208,s4_3_4,Female,s2_37_80,s3_141_159,s2_164_318,s3_80_160,s2_2_4
13844,s3_1695_2555,s2_n103_99,s4_n40_7,s1_below_4282,s3_3_4,s2_2001_2003,s2_760_2075,s4_37_47,Truck (<=6000 lbs.),s3_28_48,Deployed,s2_97_208,s2_1_2,Female,s2_37_80,s3_141_159,s2_164_318,s3_80_160,s2_2_4
13845,s2_885_1695,s2_n103_99,s4_n40_7,s1_below_4282,s5_5_6,s1_below_2001,s2_760_2075,s3_17_37,Passenger Car,s6_76_up,Deployed,s2_97_208,s1_below_1,Female,s2_37_80,s3_141_159,s2_164_318,s4_160_220,s2_2_4
13846,s2_885_1695,s2_n103_99,s4_n40_7,s1_below_4282,s3_3_4,s1_below_2001,s2_760_2075,s3_17_37,Passenger Car,s5_64_76,Not Deployed,s2_97_208,s1_below_1,Female,s3_80_96,s3_141_159,s2_164_318,s3_80_160,s2_2_4
13847,s2_885_1695,s2_n103_99,s5_7_up,s1_below_4282,s1_below_2,s1_below_2001,s2_760_2075,s3_17_37,Passenger Car,s2_11_28,Not Deployed,s2_97_208,s1_below_1,Male,s2_37_80,s3_141_159,s2_164_318,s6_260_up,s2_2_4
13848,s2_885_1695,s2_n103_99,s4_n40_7,s1_below_4282,s2_2_3,s2_2001_2003,s2_760_2075,s6_57_up,Passenger Car,s2_11_28,Not Deployed,s2_97_208,s1_below_1,Male,s4_96_114,s3_141_159,s2_164_318,s3_80_160,s2_2_4
13849,s2_885_1695,s2_n103_99,s4_n40_7,s1_below_4282,s1_below_2,s1_below_2001,s2_760_2075,s4_37_47,Truck (<=6000 lbs.),s3_28_48,Deployed,s2_97_208,s1_below_1,Male,s3_80_96,s4_159_169,s2_164_318,s3_80_160,s2_2_4
13850,s3_1695_2555,s2_n103_99,s4_n40_7,s1_below_4282,s4_4_5,s1_below_2001,s2_760_2075,s4_37_47,Passenger Car,s5_64_76,Deployed,s2_97_208,s1_below_1,Male,s2_37_80,s4_159_169,s2_164_318,s3_80_160,s2_2_4
13851,s2_885_1695,s2_n103_99,s4_n40_7,s1_below_4282,s1_below_2,s2_2001_2003,s3_2075_3730,s3_17_37,Truck (<=6000 lbs.),s3_28_48,Not Deployed,s2_97_208,s1_below_1,Female,s2_37_80,s3_141_159,s2_164_318,s2_40_80,s2_2_4
13852,s3_1695_2555,s2_n103_99,s4_n40_7,s1_below_4282,s4_4_5,s2_2001_2003,s2_760_2075,s3_17_37,Truck (<=10000 lbs.),s3_28_48,Not Deployed,s2_97_208,s1_below_1,Female,s2_37_80,s4_159_169,s3_318_464,s4_160_220,s4_5_6
13853,s2_885_1695,s2_n103_99,s4_n40_7,s1_below_4282,s4_4_5,s2_2001_2003,s2_760_2075,s4_37_47,Passenger Car,s4_48_64,Deployed,s2_97_208,s1_below_1,Male,s3_80_96,s3_141_159,s2_164_318,s3_80_160,s2_2_4
13854,s3_1695_2555,s2_n103_99,s4_n40_7,s1_below_4282,s1_below_2,s1_below_2001,s3_2075_3730,s3_17_37,Truck (<=6000 lbs.),s3_28_48,Not Deployed,s2_97_208,s1_below_1,Female,s2_37_80,s3_141_159,s3_318_464,s4_160_220,s2_2_4
13855,s2_885_1695,s2_n103_99,s4_n40_7,s1_below_4282,s2_2_3,s1_below_2001,s2_760_2075,s3_17_37,Passenger Car,s2_11_28,Deployed,s2_97_208,s2_1_2,Male,s3_80_96,s3_141_159,s2_164_318,s3_80_160,s2_2_4
13856,s2_885_1695,s2_n103_99,s4_n40_7,s1_below_4282,s1_below_2,s2_2001_2003,s2_760_2075,s3_17_37,Passenger Car,s4_48_64,Not Deployed,s2_97_208,s3_2_3,Male,s4_96_114,s3_141_159,s2_164_318,s1_below_40,s2_2_4
13857,s2_885_1695,s2_n103_99,s5_7_up,s1_below_4282,s1_below_2,s1_below_2001,s2_760_2075,s3_17_37,Passenger Car,s3_28_48,Not Deployed,s2_97_208,s1_below_1,Female,s2_37_80,s3_141_159,s2_164_318,s3_80_160,s2_2_4
13858,s2_885_1695,s2_n103_99,s4_n40_7,s1_below_4282,s2_2_3,s1_below_2001,s2_760_2075,s4_37_47,Passenger Car,s6_76_up,Deployed,s2_97_208,s3_2_3,Female,s2_37_80,s3_141_159,s2_164_318,s3_80_160,s2_2_4
13859,s2_885_1695,s2_n103_99,s4_n40_7,s1_below_4282,s4_4_5,s2_2001_2003,s2_760_2075,s3_17_37,Truck (<=6000 lbs.),s3_28_48,Not Deployed,s2_97_208,s1_below_1,Female,s2_37_80,s3_141_159,s2_164_318,s3_80_160,s2_2_4
13860,s3_1695_2555,s2_n103_99,s4_n40_7,s1_below_4282,s2_2_3,s2_2001_2003,s2_760_2075,s3_17_37,Truck (<=6000 lbs.),s3_28_48,Not Deployed,s2_97_208,s1_below_1,Male,s2_37_80,s3_141_159,s3_318_464,s3_80_160,s2_2_4
13861,s2_885_1695,s2_n103_99,s4_n40_7,s1_below_4282,s3_3_4,s3_2003_2005,s2_760_2075,s3_17_37,Passenger Car,s4_48_64,Deployed,s2_97_208,s4_3_4,Male,s4_96_114,s3_141_159,s2_164_318,s4_160_220,s2_2_4
13862,s2_885_1695,s2_n103_99,s4_n40_7,s1_below_4282,s2_2_3,s2_2001_2003,s2_760_2075,s3_17_37,Passenger Car,s2_11_28,Deployed,s2_97_208,s1_below_1,Male,s2_37_80,s3_141_159,s2_164_318,s3_80_160,s2_2_4
13863,s3_1695_2555,s2_n103_99,s4_n40_7,s1_below_4282,s4_4_5,s1_below_2001,s2_760_2075,s4_37_47,Truck (<=6000 lbs.),s3_28_48,Deployed,s2_97_208,s1_below_1,Male,s2_37_80,s3_141_159,s2_164_318,s4_160_220,s2_2_4
13864,s2_885_1695,s2_n103_99,s4_n40_7,s1_below_4282,s3_3_4,s2_2001_2003,s3_2075_3730,s4_37_47,Passenger Car,s2_11_28,Deployed,s2_97_208,s1_below_1,Female,s2_37_80,s3_141_159,s2_164_318,s3_80_160,s2_2_4
13865,s2_885_1695,s2_n103_99,s4_n40_7,s1_below_4282,s1_below_2,s1_below_2001,s2_760_2075,s3_17_37,Passenger Car,s3_28_48,Not Deployed,s2_97_208,s1_below_1,Female,s2_37_80,s3_141_159,s2_164_318,s3_80_160,s2_2_4
13866,s2_885_1695,s2_n103_99,s4_n40_7,s1_below_4282,s1_below_2,s3_2003_2005,s2_760_2075,s3_17_37,Truck (<=6000 lbs.),s4_48_64,Not Deployed,s2_97_208,s1_below_1,Female,s2_37_80,s3_141_159,s2_164_318,s2_40_80,s2_2_4
13867,s2_885_1695,s2_n103_99,s4_n40_7,s1_below_4282,s4_4_5,s1_below_2001,s2_760_2075,s3_17_37,Passenger Car,s3_28_48,Not Deployed,s2_97_208,s1_below_1,Male,s4_96_114,s3_141_159,s2_164_318,s3_80_160,s2_2_4
13868,s3_1695_2555,s2_n103_99,s4_n40_7,s1_below_4282,s3_3_4,s2_2001_2003,s2_760_2075,s4_37_47,Truck (<=6000 lbs.),s5_64_76,Deployed,s2_97_208,s1_below_1,Male,s4_96_114,s4_159_169,s2_164_318,s4_160_220,s3_4_5
13869,s3_1695_2555,s2_n103_99,s4_n40_7,s1_below_4282,s1_below_2,s2_2001_2003,s2_760_2075,s3_17_37,Truck (<=10000 lbs.),s3_28_48,Not Deployed,s2_97_208,s1_below_1,Male,s2_37_80,s2_116_141,s3_318_464,s5_220_260,s3_4_5
13870,s4_2555_3715,s2_n103_99,s4_n40_7,s1_below_4282,s2_2_3,s1_below_2001,s2_760_2075,s3_17_37,Truck (<=10000 lbs.),s4_48_64,Not Deployed,s2_97_208,s1_below_1,Male,s4_96_114,s4_159_169,s3_318_464,s4_160_220,s4_5_6
13871,s2_885_1695,s2_n103_99,s4_n40_7,s1_below_4282,s1_below_2,s1_below_2001,s3_2075_3730,s3_17_37,Passenger Car,s3_28_48,Deployed,s2_97_208,s1_below_1,Female,s2_37_80,s3_141_159,s2_164_318,s3_80_160,s2_2_4
13872,s3_1695_2555,s2_n103_99,s4_n40_7,s1_below_4282,s2_2_3,s3_2003_2005,s2_760_2075,s3_17_37,Truck (<=10000 lbs.),s3_28_48,Deployed,s2_97_208,s1_below_1,Male,s3_80_96,s4_159_169,s2_164_318,s3_80_160,s3_4_5
13873,s3_1695_2555,s2_n103_99,s4_n40_7,s1_below_4282,s1_below_2,s1_below_2001,s4_3730_up,s6_57_up,Truck (<=6000 lbs.),s3_28_48,Deployed,s2_97_208,s4_3_4,Female,s2_37_80,s4_159_169,s2_164_318,s5_220_260,s3_4_5
13874,s2_885_1695,s2_n103_99,s4_n40_7,s1_below_4282,s6_6_up,s3_2003_2005,s2_760_2075,s3_17_37,Passenger Car,s3_28_48,Not Deployed,s2_97_208,s1_below_1,Male,s4_96_114,s3_141_159,s2_164_318,s3_80_160,s2_2_4
13875,s2_885_1695,s2_n103_99,s5_7_up,s1_below_4282,s4_4_5,s2_2001_2003,s2_760_2075,s4_37_47,Passenger Car,s2_11_28,Not Deployed,s2_97_208,s1_below_1,Male,s2_37_80,s3_141_159,s2_164_318,s6_260_up,s2_2_4
13876,s2_885_1695,s2_n103_99,s4_n40_7,s1_below_4282,s3_3_4,s2_2001_2003,s2_760_2075,s3_17_37,Truck (<=6000 lbs.),s4_48_64,Not Deployed,s2_97_208,s1_below_1,Male,s3_80_96,s3_141_159,s2_164_318,s3_80_160,s2_2_4
13877,s4_2555_3715,s2_n103_99,s4_n40_7,s1_below_4282,s1_below_2,s1_below_2001,s2_760_2075,s3_17_37,Truck (<=10000 lbs.),s3_28_48,Deployed,s2_97_208,s3_2_3,Male,s2_37_80,s4_159_169,s2_164_318,s3_80_160,s3_4_5
13878,s3_1695_2555,s2_n103_99,s4_n40_7,s1_below_4282,s2_2_3,s3_2003_2005,s2_760_2075,s3_17_37,Passenger Car,s3_28_48,Deployed,s2_97_208,s1_below_1,Male,s2_37_80,s3_141_159,s2_164_318,s3_80_160,s2_2_4
13879,s2_885_1695,s2_n103_99,s4_n40_7,s1_below_4282,s3_3_4,s2_2001_2003,s2_760_2075,s4_37_47,Passenger Car,s2_11_28,Not Deployed,s2_97_208,s1_below_1,Male,s2_37_80,s3_141_159,s2_164_318,s4_160_220,s2_2_4
13880,s2_885_1695,s2_n103_99,s4_n40_7,s1_below_4282,s4_4_5,s2_2001_2003,s2_760_2075,s6_57_up,Passenger Car,s4_48_64,Not Deployed,s2_97_208,s1_below_1,Male,s3_80_96,s3_141_159,s2_164_318,s3_80_160,s2_2_4
13881,s2_885_1695,s2_n103_99,s4_n40_7,s1_below_4282,s2_2_3,s3_2003_2005,s2_760_2075,s3_17_37,Passenger Car,s6_76_up,Not Deployed,s2_97_208,s1_below_1,Female,s2_37_80,s3_141_159,s2_164_318,s4_160_220,s2_2_4
13882,s2_885_1695,s2_n103_99,s4_n40_7,s1_below_4282,s4_4_5,s2_2001_2003,s2_760_2075,s3_17_37,Passenger Car,s3_28_48,Not Deployed,s2_97_208,s1_below_1,Female,s2_37_80,s3_141_159,s2_164_318,s4_160_220,s2_2_4
13883,s2_885_1695,s2_n103_99,s4_n40_7,s1_below_4282,s4_4_5,s1_below_2001,s2_760_2075,s3_17_37,Truck (<=6000 lbs.),s3_28_48,Not Deployed,s2_97_208,s1_below_1,Female,s2_37_80,s3_141_159,s2_164_318,s3_80_160,s2_2_4
13884,s2_885_1695,s2_n103_99,s5_7_up,s1_below_4282,s6_6_up,s1_below_2001,s2_760_2075,s4_37_47,Truck (<=6000 lbs.),s4_48_64,Not Deployed,s2_97_208,s1_below_1,Male,s3_80_96,s3_141_159,s2_164_318,s6_260_up,s2_2_4
13885,s3_1695_2555,s2_n103_99,s4_n40_7,s1_below_4282,s4_4_5,s3_2003_2005,s2_760_2075,s6_57_up,Passenger Car,s3_28_48,Not Deployed,s2_97_208,s1_below_1,Male,s2_37_80,s3_141_159,s2_164_318,s6_260_up,s2_2_4
13886,s2_885_1695,s2_n103_99,s5_7_up,s1_below_4282,s4_4_5,s1_below_2001,s2_760_2075,s6_57_up,Passenger Car,s3_28_48,Not Deployed,s2_97_208,s2_1_2,Male,s4_96_114,s3_141_159,s2_164_318,s3_80_160,s2_2_4
13887,s2_885_1695,s2_n103_99,s4_n40_7,s1_below_4282,s6_6_up,s1_below_2001,s2_760_2075,s4_37_47,Passenger Car,s2_11_28,Deployed,s2_97_208,s1_below_1,Male,s3_80_96,s3_141_159,s2_164_318,s3_80_160,s2_2_4
13888,s2_885_1695,s2_n103_99,s4_n40_7,s1_below_4282,s3_3_4,s3_2003_2005,s2_760_2075,s3_17_37,Truck (<=6000 lbs.),s2_11_28,Not Deployed,s2_97_208,s1_below_1,Female,s2_37_80,s3_141_159,s2_164_318,s3_80_160,s2_2_4
13889,s2_885_1695,s2_n103_99,s4_n40_7,s1_below_4282,s1_below_2,s1_below_2001,s2_760_2075,s3_17_37,Passenger Car,s3_28_48,Not Deployed,s2_97_208,s1_below_1,Female,s2_37_80,s3_141_159,s2_164_318,s3_80_160,s2_2_4
13890,s2_885_1695,s2_n103_99,s4_n40_7,s1_below_4282,s4_4_5,s1_below_2001,s2_760_2075,s3_17_37,Passenger Car,s2_11_28,Deployed,s2_97_208,s2_1_2,Female,s3_80_96,s3_141_159,s2_164_318,s3_80_160,s2_2_4
13891,s2_885_1695,s2_n103_99,s4_n40_7,s1_below_4282,s1_below_2,s3_2003_2005,s2_760_2075,s3_17_37,Truck (<=6000 lbs.),s2_11_28,Not Deployed,s2_97_208,s1_below_1,Female,s2_37_80,s3_141_159,s2_164_318,s3_80_160,s2_2_4
13892,s2_885_1695,s2_n103_99,s4_n40_7,s1_below_4282,s4_4_5,s1_below_2001,s2_760_2075,s3_17_37,Passenger Car,s4_48_64,Not Deployed,s2_97_208,s1_below_1,Female,s2_37_80,s3_141_159,s2_164_318,s3_80_160,s2_2_4
13893,s3_1695_2555,s2_n103_99,s4_n40_7,s1_below_4282,s4_4_5,s2_2001_2003,s2_760_2075,s3_17_37,Truck (<=6000 lbs.),s5_64_76,Deployed,s2_97_208,s1_below_1,Female,s3_80_96,s3_141_159,s2_164_318,s3_80_160,s2_2_4
13894,s2_885_1695,s2_n103_99,s4_n40_7,s1_below_4282,s4_4_5,s2_2001_2003,s2_760_2075,s3_17_37,Truck (<=6000 lbs.),s6_76_up,Deployed,s2_97_208,s1_below_1,Male,s2_37_80,s3_141_159,s2_164_318,s3_80_160,s2_2_4
13895,s2_885_1695,s2_n103_99,s4_n40_7,s1_below_4282,s3_3_4,s1_below_2001,s2_760_2075,s4_37_47,Passenger Car,s2_11_28,Deployed,s2_97_208,s1_below_1,Male,s2_37_80,s3_141_159,s2_164_318,s3_80_160,s2_2_4
13896,s2_885_1695,s2_n103_99,s4_n40_7,s1_below_4282,s3_3_4,s1_below_2001,s2_760_2075,s3_17_37,Passenger Car,s2_11_28,Deployed,s2_97_208,s2_1_2,Male,s3_80_96,s3_141_159,s2_164_318,s4_160_220,s2_2_4
13897,s2_885_1695,s2_n103_99,s3_n81_n40,s1_below_4282,s2_2_3,s3_2003_2005,s2_760_2075,s4_37_47,Passenger Car,s3_28_48,Deployed,s2_97_208,s1_below_1,Male,s3_80_96,s3_141_159,s2_164_318,s3_80_160,s2_2_4
13898,s2_885_1695,s2_n103_99,s4_n40_7,s1_below_4282,s5_5_6,s1_below_2001,s2_760_2075,s3_17_37,Passenger Car,s4_48_64,Deployed,s2_97_208,s1_below_1,Female,s2_37_80,s3_141_159,s2_164_318,s3_80_160,s2_2_4
13899,s4_2555_3715,s2_n103_99,s4_n40_7,s1_below_4282,s2_2_3,s2_2001_2003,s2_760_2075,s3_17_37,Truck (<=10000 lbs.),s2_11_28,Not Deployed,s2_97_208,s1_below_1,Male,s2_37_80,s4_159_169,s3_318_464,s4_160_220,s4_5_6
13900,s2_885_1695,s2_n103_99,s4_n40_7,s1_below_4282,s3_3_4,s1_below_2001,s2_760_2075,s3_17_37,Truck (<=6000 lbs.),s3_28_48,Deployed,s2_97_208,s6_5_up,Male,s2_37_80,s2_116_141,s2_164_318,s3_80_160,s2_2_4
13901,s2_885_1695,s2_n103_99,s4_n40_7,s1_below_4282,s3_3_4,s2_2001_2003,s2_760_2075,s4_37_47,Passenger Car,s2_11_28,Deployed,s2_97_208,s1_below_1,Female,s2_37_80,s3_141_159,s2_164_318,s4_160_220,s2_2_4
13902,s2_885_1695,s2_n103_99,s4_n40_7,s1_below_4282,s4_4_5,s2_2001_2003,s2_760_2075,s3_17_37,Passenger Car,s3_28_48,Not Deployed,s2_97_208,s1_below_1,Male,s2_37_80,s3_141_159,s2_164_318,s3_80_160,s2_2_4
13903,s3_1695_2555,s2_n103_99,s4_n40_7,s1_below_4282,s3_3_4,s3_2003_2005,s2_760_2075,s4_37_47,Passenger Car,s3_28_48,Deployed,s2_97_208,s1_below_1,Male,s3_80_96,s3_141_159,s2_164_318,s3_80_160,s3_4_5
13904,s2_885_1695,s2_n103_99,s5_7_up,s1_below_4282,s2_2_3,s2_2001_2003,s2_760_2075,s4_37_47,Passenger Car,s3_28_48,Not Deployed,s2_97_208,s1_below_1,Female,s2_37_80,s3_141_159,s2_164_318,s6_260_up,s2_2_4
13905,s2_885_1695,s2_n103_99,s5_7_up,s1_below_4282,s4_4_5,s2_2001_2003,s2_760_2075,s6_57_up,Truck (<=6000 lbs.),s3_28_48,Not Deployed,s2_97_208,s1_below_1,Female,s3_80_96,s3_141_159,s2_164_318,s3_80_160,s2_2_4
13906,s2_885_1695,s2_n103_99,s4_n40_7,s1_below_4282,s4_4_5,s3_2003_2005,s2_760_2075,s3_17_37,Passenger Car,s4_48_64,Not Deployed,s2_97_208,s1_below_1,Female,s2_37_80,s3_141_159,s2_164_318,s4_160_220,s2_2_4
13907,s3_1695_2555,s2_n103_99,s4_n40_7,s1_below_4282,s1_below_2,s3_2003_2005,s2_760_2075,s3_17_37,Passenger Car,s4_48_64,Deployed,s2_97_208,s1_below_1,Male,s4_96_114,s3_141_159,s2_164_318,s3_80_160,s2_2_4
13908,s2_885_1695,s2_n103_99,s4_n40_7,s1_below_4282,s5_5_6,s1_below_2001,s3_2075_3730,s6_57_up,Passenger Car,s2_11_28,Not Deployed,s2_97_208,s1_below_1,Male,s2_37_80,s3_141_159,s2_164_318,s2_40_80,s2_2_4
13909,s2_885_1695,s2_n103_99,s4_n40_7,s1_below_4282,s3_3_4,s2_2001_2003,s2_760_2075,s3_17_37,Passenger Car,s3_28_48,Not Deployed,s2_97_208,s1_below_1,Male,s3_80_96,s3_141_159,s2_164_318,s4_160_220,s2_2_4
13910,s3_1695_2555,s2_n103_99,s4_n40_7,s1_below_4282,s3_3_4,s3_2003_2005,s2_760_2075,s4_37_47,Truck (<=10000 lbs.),s3_28_48,Deployed,s2_97_208,s1_below_1,Male,s3_80_96,s4_159_169,s2_164_318,s3_80_160,s3_4_5
13911,s3_1695_2555,s2_n103_99,s4_n40_7,s1_below_4282,s1_below_2,s3_2003_2005,s2_760_2075,s3_17_37,Truck (<=6000 lbs.),s2_11_28,Deployed,s2_97_208,s1_below_1,Male,s3_80_96,s4_159_169,s2_164_318,s3_80_160,s3_4_5
13912,s2_885_1695,s2_n103_99,s4_n40_7,s1_below_4282,s3_3_4,s1_below_2001,s2_760_2075,s3_17_37,Passenger Car,s3_28_48,Not Deployed,s2_97_208,s1_below_1,Female,s2_37_80,s3_141_159,s2_164_318,s4_160_220,s2_2_4
13913,s2_885_1695,s2_n103_99,s4_n40_7,s1_below_4282,s1_below_2,s2_2001_2003,s2_760_2075,s3_17_37,Passenger Car,s6_76_up,Deployed,s2_97_208,s3_2_3,Female,s2_37_80,s3_141_159,s2_164_318,s4_160_220,s2_2_4
13914,s3_1695_2555,s2_n103_99,s4_n40_7,s1_below_4282,s3_3_4,s3_2003_2005,s2_760_2075,s3_17_37,Truck (<=10000 lbs.),s3_28_48,Not Deployed,s2_97_208,s1_below_1,Male,s2_37_80,s4_159_169,s2_164_318,s4_160_220,s2_2_4
13915,s2_885_1695,s2_n103_99,s4_n40_7,s1_below_4282,s4_4_5,s2_2001_2003,s3_2075_3730,s3_17_37,Passenger Car,s2_11_28,Deployed,s2_97_208,s1_below_1,Male,s2_37_80,s3_141_159,s2_164_318,s3_80_160,s2_2_4
13916,s3_1695_2555,s2_n103_99,s4_n40_7,s1_below_4282,s3_3_4,s2_2001_2003,s2_760_2075,s4_37_47,Passenger Car,s5_64_76,Deployed,s2_97_208,s1_below_1,Male,s3_80_96,s3_141_159,s2_164_318,s4_160_220,s2_2_4
13917,s2_885_1695,s2_n103_99,s4_n40_7,s1_below_4282,s3_3_4,s3_2003_2005,s2_760_2075,s4_37_47,Truck (<=6000 lbs.),s3_28_48,Deployed,s2_97_208,s2_1_2,Male,s2_37_80,s3_141_159,s2_164_318,s3_80_160,s2_2_4
13918,s2_885_1695,s2_n103_99,s4_n40_7,s1_below_4282,s6_6_up,s2_2001_2003,s2_760_2075,s4_37_47,Truck (<=6000 lbs.),s3_28_48,Not Deployed,s2_97_208,s1_below_1,Female,s2_37_80,s3_141_159,s2_164_318,s3_80_160,s2_2_4
13919,s2_885_1695,s2_n103_99,s4_n40_7,s1_below_4282,s4_4_5,s2_2001_2003,s2_760_2075,s4_37_47,Passenger Car,s3_28_48,Deployed,s2_97_208,s1_below_1,Female,s2_37_80,s3_141_159,s2_164_318,s3_80_160,s2_2_4
13920,s2_885_1695,s2_n103_99,s4_n40_7,s1_below_4282,s4_4_5,s2_2001_2003,s2_760_2075,s4_37_47,Passenger Car,s3_28_48,Deployed,s2_97_208,s1_below_1,Female,s2_37_80,s3_141_159,s2_164_318,s3_80_160,s2_2_4
13921,s2_885_1695,s2_n103_99,s4_n40_7,s1_below_4282,s3_3_4,s2_2001_2003,s2_760_2075,s4_37_47,Truck (<=6000 lbs.),s4_48_64,Deployed,s2_97_208,s1_below_1,Male,s2_37_80,s2_116_141,s2_164_318,s3_80_160,s2_2_4
13922,s2_885_1695,s2_n103_99,s4_n40_7,s1_below_4282,s3_3_4,s3_2003_2005,s2_760_2075,s4_37_47,Passenger Car,s3_28_48,Deployed,s2_97_208,s3_2_3,Female,s2_37_80,s3_141_159,s2_164_318,s3_80_160,s2_2_4
13923,s2_885_1695,s2_n103_99,s4_n40_7,s1_below_4282,s3_3_4,s2_2001_2003,s2_760_2075,s6_57_up,Passenger Car,s2_11_28,Deployed,s2_97_208,s1_below_1,Female,s2_37_80,s3_141_159,s2_164_318,s4_160_220,s2_2_4
13924,s2_885_1695,s2_n103_99,s4_n40_7,s1_below_4282,s4_4_5,s3_2003_2005,s2_760_2075,s4_37_47,Passenger Car,s2_11_28,Not Deployed,s2_97_208,s1_below_1,Female,s2_37_80,s3_141_159,s2_164_318,s2_40_80,s2_2_4
13925,s2_885_1695,s2_n103_99,s4_n40_7,s1_below_4282,s3_3_4,s2_2001_2003,s2_760_2075,s4_37_47,Passenger Car,s4_48_64,Not Deployed,s2_97_208,s1_below_1,Female,s2_37_80,s3_141_159,s2_164_318,s3_80_160,s2_2_4
13926,s2_885_1695,s2_n103_99,s4_n40_7,s1_below_4282,s2_2_3,s2_2001_2003,s3_2075_3730,s3_17_37,Truck (<=6000 lbs.),s4_48_64,Deployed,s2_97_208,s2_1_2,Male,s3_80_96,s3_141_159,s2_164_318,s3_80_160,s2_2_4
13927,s2_885_1695,s2_n103_99,s4_n40_7,s1_below_4282,s2_2_3,s1_below_2001,s2_760_2075,s4_37_47,Passenger Car,s1_below_11,Not Deployed,s2_97_208,s1_below_1,Female,s2_37_80,s3_141_159,s2_164_318,s3_80_160,s2_2_4
13928,s3_1695_2555,s2_n103_99,s4_n40_7,s1_below_4282,s2_2_3,s2_2001_2003,s2_760_2075,s4_37_47,Truck (<=10000 lbs.),s2_11_28,Deployed,s2_97_208,s1_below_1,Male,s3_80_96,s3_141_159,s3_318_464,s3_80_160,s3_4_5
13929,s2_885_1695,s2_n103_99,s4_n40_7,s1_below_4282,s3_3_4,s1_below_2001,s2_760_2075,s5_47_57,Passenger Car,s4_48_64,Not Deployed,s2_97_208,s1_below_1,Female,s2_37_80,s3_141_159,s2_164_318,s4_160_220,s2_2_4
13930,s2_885_1695,s2_n103_99,s4_n40_7,s1_below_4282,s2_2_3,s2_2001_2003,s2_760_2075,s4_37_47,Passenger Car,s2_11_28,Deployed,s2_97_208,s1_below_1,Female,s2_37_80,s3_141_159,s2_164_318,s3_80_160,s2_2_4
13931,s2_885_1695,s2_n103_99,s5_7_up,s1_below_4282,s3_3_4,s1_below_2001,s3_2075_3730,s3_17_37,Passenger Car,s6_76_up,Deployed,s2_97_208,s3_2_3,Female,s2_37_80,s3_141_159,s2_164_318,s5_220_260,s2_2_4
13932,s2_885_1695,s2_n103_99,s4_n40_7,s1_below_4282,s3_3_4,s2_2001_2003,s2_760_2075,s4_37_47,Passenger Car,s3_28_48,Deployed,s2_97_208,s3_2_3,Male,s3_80_96,s3_141_159,s2_164_318,s3_80_160,s2_2_4
13933,s3_1695_2555,s2_n103_99,s4_n40_7,s1_below_4282,s2_2_3,s2_2001_2003,s2_760_2075,s4_37_47,Truck (<=6000 lbs.),s3_28_48,Deployed,s2_97_208,s1_below_1,Female,s2_37_80,s3_141_159,s2_164_318,s3_80_160,s2_2_4
13934,s2_885_1695,s2_n103_99,s5_7_up,s1_below_4282,s4_4_5,s1_below_2001,s2_760_2075,s5_47_57,Passenger Car,s4_48_64,Not Deployed,s2_97_208,s1_below_1,Male,s3_80_96,s3_141_159,s2_164_318,s6_260_up,s2_2_4
13935,s3_1695_2555,s2_n103_99,s4_n40_7,s1_below_4282,s3_3_4,s2_2001_2003,s2_760_2075,s5_47_57,Truck (<=10000 lbs.),s3_28_48,Not Deployed,s2_97_208,s1_below_1,Male,s2_37_80,s5_169_179,s3_318_464,s3_80_160,s4_5_6
13936,s2_885_1695,s2_n103_99,s4_n40_7,s1_below_4282,s1_below_2,s2_2001_2003,s2_760_2075,s4_37_47,Passenger Car,s5_64_76,Not Deployed,s2_97_208,s1_below_1,Female,s3_80_96,s3_141_159,s2_164_318,s3_80_160,s2_2_4
13937,s2_885_1695,s2_n103_99,s4_n40_7,s1_below_4282,s1_below_2,s3_2003_2005,s2_760_2075,s3_17_37,Passenger Car,s3_28_48,Deployed,s2_97_208,s3_2_3,Male,s3_80_96,s3_141_159,s2_164_318,s4_160_220,s2_2_4
13938,s3_1695_2555,s2_n103_99,s4_n40_7,s1_below_4282,s1_below_2,s1_below_2001,s2_760_2075,s4_37_47,Truck (<=10000 lbs.),s3_28_48,Deployed,s2_97_208,s2_1_2,Male,s2_37_80,s4_159_169,s3_318_464,s3_80_160,s4_5_6
13939,s2_885_1695,s2_n103_99,s4_n40_7,s1_below_4282,s1_below_2,s2_2001_2003,s2_760_2075,s3_17_37,Passenger Car,s4_48_64,Deployed,s2_97_208,s2_1_2,Female,s3_80_96,s3_141_159,s2_164_318,s3_80_160,s2_2_4
13940,s3_1695_2555,s2_n103_99,s4_n40_7,s1_below_4282,s3_3_4,s3_2003_2005,s2_760_2075,s4_37_47,Truck (<=6000 lbs.),s3_28_48,Not Deployed,s2_97_208,s1_below_1,Female,s2_37_80,s5_169_179,s2_164_318,s4_160_220,s3_4_5
13941,s2_885_1695,s2_n103_99,s5_7_up,s1_below_4282,s3_3_4,s1_below_2001,s3_2075_3730,s4_37_47,Passenger Car,s3_28_48,Not Deployed,s2_97_208,s1_below_1,Male,s4_96_114,s3_141_159,s2_164_318,s6_260_up,s2_2_4
13942,s2_885_1695,s2_n103_99,s4_n40_7,s1_below_4282,s2_2_3,s2_2001_2003,s2_760_2075,s4_37_47,Passenger Car,s2_11_28,Deployed,s2_97_208,s1_below_1,Male,s2_37_80,s3_141_159,s2_164_318,s4_160_220,s2_2_4
13943,s2_885_1695,s2_n103_99,s4_n40_7,s1_below_4282,s2_2_3,s2_2001_2003,s2_760_2075,s4_37_47,Passenger Car,s2_11_28,Deployed,s2_97_208,s2_1_2,Female,s2_37_80,s3_141_159,s2_164_318,s3_80_160,s2_2_4
13944,s2_885_1695,s2_n103_99,s4_n40_7,s1_below_4282,s2_2_3,s3_2003_2005,s2_760_2075,s3_17_37,Passenger Car,s2_11_28,Not Deployed,s2_97_208,s1_below_1,Female,s3_80_96,s3_141_159,s2_164_318,s4_160_220,s2_2_4
13945,s2_885_1695,s2_n103_99,s4_n40_7,s1_below_4282,s4_4_5,s2_2001_2003,s2_760_2075,s4_37_47,Passenger Car,s2_11_28,Deployed,s2_97_208,s1_below_1,Male,s2_37_80,s3_141_159,s2_164_318,s3_80_160,s2_2_4
13946,s2_885_1695,s2_n103_99,s4_n40_7,s1_below_4282,s1_below_2,s2_2001_2003,s2_760_2075,s3_17_37,Passenger Car,s2_11_28,Deployed,s2_97_208,s1_below_1,Female,s2_37_80,s3_141_159,s2_164_318,s3_80_160,s2_2_4
13947,s2_885_1695,s2_n103_99,s4_n40_7,s1_below_4282,s2_2_3,s1_below_2001,s2_760_2075,s4_37_47,Passenger Car,s2_11_28,Deployed,s2_97_208,s1_below_1,Male,s2_37_80,s3_141_159,s2_164_318,s3_80_160,s2_2_4
13948,s2_885_1695,s2_n103_99,s5_7_up,s1_below_4282,s2_2_3,s2_2001_2003,s2_760_2075,s4_37_47,Passenger Car,s2_11_28,Not Deployed,s1_below_97,s1_below_1,Male,s2_37_80,s3_141_159,s2_164_318,s4_160_220,s2_2_4
13949,s2_885_1695,s2_n103_99,s4_n40_7,s1_below_4282,s3_3_4,s2_2001_2003,s2_760_2075,s6_57_up,Passenger Car,s2_11_28,Deployed,s1_below_97,s1_below_1,Female,s2_37_80,s3_141_159,s2_164_318,s3_80_160,s2_2_4
13950,s3_1695_2555,s2_n103_99,s4_n40_7,s1_below_4282,s1_below_2,s2_2001_2003,s2_760_2075,s4_37_47,Truck (<=10000 lbs.),s3_28_48,Deployed,s2_97_208,s1_below_1,Male,s3_80_96,s3_141_159,s3_318_464,s3_80_160,s4_5_6
13951,s2_885_1695,s2_n103_99,s4_n40_7,s1_below_4282,s2_2_3,s2_2001_2003,s2_760_2075,s3_17_37,Truck (<=6000 lbs.),s4_48_64,Deployed,s2_97_208,s1_below_1,Male,s3_80_96,s3_141_159,s2_164_318,s1_below_40,s2_2_4
13952,s2_885_1695,s2_n103_99,s4_n40_7,s1_below_4282,s3_3_4,s1_below_2001,s2_760_2075,s4_37_47,Passenger Car,s5_64_76,Deployed,s2_97_208,s1_below_1,Female,s3_80_96,s3_141_159,s2_164_318,s3_80_160,s2_2_4
13953,s3_1695_2555,s2_n103_99,s4_n40_7,s1_below_4282,s5_5_6,s2_2001_2003,s2_760_2075,s4_37_47,Truck (<=10000 lbs.),s3_28_48,Not Deployed,s2_97_208,s3_2_3,Male,s2_37_80,s2_116_141,s3_318_464,s3_80_160,s3_4_5
13954,s2_885_1695,s2_n103_99,s3_n81_n40,s1_below_4282,s2_2_3,s1_below_2001,s2_760_2075,s4_37_47,Passenger Car,s4_48_64,Deployed,s2_97_208,s1_below_1,Male,s2_37_80,s3_141_159,s2_164_318,s3_80_160,s2_2_4
13955,s3_1695_2555,s2_n103_99,s4_n40_7,s1_below_4282,s3_3_4,s2_2001_2003,s3_2075_3730,s3_17_37,Truck (<=10000 lbs.),s4_48_64,Deployed,s2_97_208,s1_below_1,Male,s2_37_80,s6_179_up,s2_164_318,s3_80_160,s3_4_5
13956,s3_1695_2555,s2_n103_99,s4_n40_7,s1_below_4282,s2_2_3,s3_2003_2005,s2_760_2075,s4_37_47,Truck (<=6000 lbs.),s3_28_48,Deployed,s2_97_208,s1_below_1,Female,s2_37_80,s3_141_159,s2_164_318,s3_80_160,s2_2_4
13957,s3_1695_2555,s2_n103_99,s4_n40_7,s1_below_4282,s1_below_2,s1_below_2001,s2_760_2075,s3_17_37,Truck (<=10000 lbs.),s3_28_48,Deployed,s1_below_97,s1_below_1,Female,s4_96_114,s3_141_159,s2_164_318,s3_80_160,s2_2_4
13958,s3_1695_2555,s2_n103_99,s5_7_up,s1_below_4282,s2_2_3,s3_2003_2005,s2_760_2075,s6_57_up,Truck (<=6000 lbs.),s3_28_48,Not Deployed,s2_97_208,s1_below_1,Female,s2_37_80,s4_159_169,s2_164_318,s6_260_up,s2_2_4
13959,s2_885_1695,s2_n103_99,s4_n40_7,s1_below_4282,s3_3_4,s3_2003_2005,s2_760_2075,s3_17_37,Passenger Car,s2_11_28,Deployed,s2_97_208,s1_below_1,Female,s2_37_80,s3_141_159,s2_164_318,s3_80_160,s2_2_4
13960,s2_885_1695,s2_n103_99,s3_n81_n40,s1_below_4282,s3_3_4,s3_2003_2005,s2_760_2075,s4_37_47,Passenger Car,s2_11_28,Deployed,s2_97_208,s5_4_5,Male,s3_80_96,s3_141_159,s2_164_318,s3_80_160,s2_2_4
13961,s3_1695_2555,s2_n103_99,s5_7_up,s1_below_4282,s4_4_5,s1_below_2001,s2_760_2075,s5_47_57,Truck (<=6000 lbs.),s5_64_76,Deployed,s2_97_208,s1_below_1,Male,s3_80_96,s3_141_159,s2_164_318,s4_160_220,s2_2_4
13962,s2_885_1695,s2_n103_99,s4_n40_7,s1_below_4282,s4_4_5,s2_2001_2003,s2_760_2075,s6_57_up,Passenger Car,s3_28_48,Deployed,s2_97_208,s1_below_1,Female,s2_37_80,s3_141_159,s2_164_318,s4_160_220,s2_2_4
13963,s2_885_1695,s2_n103_99,s4_n40_7,s1_below_4282,s4_4_5,s1_below_2001,s2_760_2075,s6_57_up,Passenger Car,s3_28_48,Deployed,s2_97_208,s1_below_1,Male,s3_80_96,s3_141_159,s2_164_318,s3_80_160,s2_2_4
13964,s2_885_1695,s2_n103_99,s3_n81_n40,s1_below_4282,s2_2_3,s1_below_2001,s2_760_2075,s3_17_37,Passenger Car,s2_11_28,Deployed,s2_97_208,s1_below_1,Male,s2_37_80,s3_141_159,s2_164_318,s3_80_160,s2_2_4
13965,s3_1695_2555,s2_n103_99,s4_n40_7,s1_below_4282,s3_3_4,s1_below_2001,s2_760_2075,s4_37_47,Truck (<=10000 lbs.),s3_28_48,Deployed,s2_97_208,s1_below_1,Male,s5_114_130,s4_159_169,s2_164_318,s3_80_160,s3_4_5
13966,s2_885_1695,s2_n103_99,s4_n40_7,s1_below_4282,s1_below_2,s2_2001_2003,s3_2075_3730,s4_37_47,Passenger Car,s5_64_76,Not Deployed,s2_97_208,s1_below_1,Female,s2_37_80,s3_141_159,s2_164_318,s4_160_220,s2_2_4
13967,s2_885_1695,s2_n103_99,s4_n40_7,s1_below_4282,s3_3_4,s2_2001_2003,s2_760_2075,s5_47_57,Passenger Car,s3_28_48,Deployed,s2_97_208,s1_below_1,Male,s6_130_up,s3_141_159,s2_164_318,s3_80_160,s2_2_4
13968,s2_885_1695,s2_n103_99,s4_n40_7,s1_below_4282,s2_2_3,s1_below_2001,s2_760_2075,s2_7_17,Passenger Car,s3_28_48,Not Deployed,s2_97_208,s1_below_1,Female,s2_37_80,s3_141_159,s2_164_318,s3_80_160,s2_2_4
13969,s2_885_1695,s2_n103_99,s4_n40_7,s1_below_4282,s5_5_6,s2_2001_2003,s2_760_2075,s4_37_47,Passenger Car,s2_11_28,Deployed,s2_97_208,s1_below_1,Male,s3_80_96,s3_141_159,s2_164_318,s4_160_220,s2_2_4
13970,s2_885_1695,s2_n103_99,s4_n40_7,s1_below_4282,s5_5_6,s2_2001_2003,s2_760_2075,s4_37_47,Truck (<=6000 lbs.),s3_28_48,Deployed,s2_97_208,s1_below_1,Female,s2_37_80,s3_141_159,s2_164_318,s3_80_160,s2_2_4
13971,s2_885_1695,s2_n103_99,s4_n40_7,s1_below_4282,s1_below_2,s2_2001_2003,s2_760_2075,s3_17_37,Passenger Car,s3_28_48,Not Deployed,s2_97_208,s1_below_1,Female,s2_37_80,s3_141_159,s2_164_318,s3_80_160,s2_2_4
13972,s3_1695_2555,s2_n103_99,s4_n40_7,s1_below_4282,s4_4_5,s1_below_2001,s2_760_2075,s4_37_47,Truck (<=6000 lbs.),s5_64_76,Deployed,s2_97_208,s1_below_1,Male,s3_80_96,s4_159_169,s3_318_464,s3_80_160,s4_5_6
13973,s2_885_1695,s2_n103_99,s4_n40_7,s1_below_4282,s5_5_6,s2_2001_2003,s3_2075_3730,s4_37_47,Passenger Car,s3_28_48,Deployed,s2_97_208,s3_2_3,Female,s2_37_80,s3_141_159,s2_164_318,s3_80_160,s2_2_4
13974,s4_2555_3715,s2_n103_99,s4_n40_7,s1_below_4282,s4_4_5,s1_below_2001,s2_760_2075,s4_37_47,Truck (<=10000 lbs.),s2_11_28,Deployed,s2_97_208,s1_below_1,Male,s2_37_80,s3_141_159,s2_164_318,s3_80_160,s2_2_4
13975,s3_1695_2555,s2_n103_99,s4_n40_7,s1_below_4282,s4_4_5,s1_below_2001,s2_760_2075,s4_37_47,Passenger Car,s4_48_64,Deployed,s2_97_208,s1_below_1,Male,s3_80_96,s4_159_169,s2_164_318,s3_80_160,s2_2_4
13976,s2_885_1695,s2_n103_99,s4_n40_7,s1_below_4282,s2_2_3,s2_2001_2003,s2_760_2075,s3_17_37,Passenger Car,s2_11_28,Not Deployed,s2_97_208,s1_below_1,Female,s2_37_80,s3_141_159,s2_164_318,s3_80_160,s2_2_4
13977,s2_885_1695,s2_n103_99,s4_n40_7,s1_below_4282,s5_5_6,s2_2001_2003,s2_760_2075,s4_37_47,Passenger Car,s3_28_48,Deployed,s2_97_208,s1_below_1,Female,s4_96_114,s3_141_159,s2_164_318,s3_80_160,s2_2_4
13978,s2_885_1695,s2_n103_99,s4_n40_7,s1_below_4282,s4_4_5,s2_2001_2003,s2_760_2075,s4_37_47,Passenger Car,s6_76_up,Not Deployed,s2_97_208,s1_below_1,Female,s2_37_80,s3_141_159,s2_164_318,s4_160_220,s2_2_4
13979,s2_885_1695,s2_n103_99,s4_n40_7,s1_below_4282,s1_below_2,s2_2001_2003,s3_2075_3730,s5_47_57,Passenger Car,s3_28_48,Deployed,s2_97_208,s1_below_1,Male,s2_37_80,s3_141_159,s2_164_318,s3_80_160,s2_2_4
13980,s2_885_1695,s2_n103_99,s5_7_up,s1_below_4282,s3_3_4,s1_below_2001,s2_760_2075,s6_57_up,Passenger Car,s3_28_48,Not Deployed,s2_97_208,s1_below_1,Male,s3_80_96,s3_141_159,s2_164_318,s6_260_up,s2_2_4
13981,s2_885_1695,s2_n103_99,s4_n40_7,s1_below_4282,s4_4_5,s1_below_2001,s2_760_2075,s4_37_47,Passenger Car,s2_11_28,Deployed,s2_97_208,s1_below_1,Female,s2_37_80,s3_141_159,s2_164_318,s3_80_160,s2_2_4
13982,s2_885_1695,s2_n103_99,s4_n40_7,s1_below_4282,s2_2_3,s1_below_2001,s2_760_2075,s4_37_47,Passenger Car,s3_28_48,Deployed,s2_97_208,s1_below_1,Female,s2_37_80,s3_141_159,s2_164_318,s3_80_160,s2_2_4
13983,s2_885_1695,s2_n103_99,s4_n40_7,s1_below_4282,s1_below_2,s1_below_2001,s2_760_2075,s3_17_37,Passenger Car,s3_28_48,Not Deployed,s2_97_208,s1_below_1,Male,s3_80_96,s3_141_159,s2_164_318,s4_160_220,s2_2_4
13984,s3_1695_2555,s2_n103_99,s4_n40_7,s1_below_4282,s2_2_3,s1_below_2001,s2_760_2075,s4_37_47,Truck (<=6000 lbs.),s3_28_48,Deployed,s2_97_208,s1_below_1,Female,s2_37_80,s3_141_159,s2_164_318,s3_80_160,s2_2_4
13985,s2_885_1695,s2_n103_99,s3_n81_n40,s1_below_4282,s3_3_4,s1_below_2001,s2_760_2075,s4_37_47,Passenger Car,s3_28_48,Deployed,s2_97_208,s1_below_1,Male,s6_130_up,s3_141_159,s2_164_318,s3_80_160,s2_2_4
13986,s3_1695_2555,s2_n103_99,s4_n40_7,s1_below_4282,s1_below_2,s1_below_2001,s2_760_2075,s3_17_37,Truck (<=10000 lbs.),s3_28_48,Not Deployed,s2_97_208,s1_below_1,Male,s5_114_130,s3_141_159,s2_164_318,s3_80_160,s2_2_4
13987,s2_885_1695,s2_n103_99,s4_n40_7,s2_4282_6970,s3_3_4,s1_below_2001,s2_760_2075,s5_47_57,Passenger Car,s3_28_48,Not Deployed,s2_97_208,s2_1_2,Female,s2_37_80,s3_141_159,s2_164_318,s4_160_220,s2_2_4
13988,s2_885_1695,s2_n103_99,s3_n81_n40,s1_below_4282,s2_2_3,s2_2001_2003,s2_760_2075,s5_47_57,Passenger Car,s3_28_48,Deployed,s2_97_208,s1_below_1,Male,s2_37_80,s3_141_159,s2_164_318,s3_80_160,s2_2_4
13989,s3_1695_2555,s2_n103_99,s3_n81_n40,s1_below_4282,s1_below_2,s2_2001_2003,s2_760_2075,s5_47_57,Truck (<=10000 lbs.),s4_48_64,Deployed,s2_97_208,s2_1_2,Female,s3_80_96,s4_159_169,s2_164_318,s3_80_160,s3_4_5
13990,s3_1695_2555,s2_n103_99,s4_n40_7,s1_below_4282,s2_2_3,s2_2001_2003,s3_2075_3730,s4_37_47,Truck (<=6000 lbs.),s2_11_28,Deployed,s2_97_208,s2_1_2,Female,s2_37_80,s4_159_169,s2_164_318,s2_40_80,s3_4_5
13991,s2_885_1695,s2_n103_99,s4_n40_7,s1_below_4282,s2_2_3,s3_2003_2005,s2_760_2075,s5_47_57,Passenger Car,s2_11_28,Deployed,s2_97_208,s1_below_1,Female,s2_37_80,s3_141_159,s2_164_318,s3_80_160,s2_2_4
13992,s2_885_1695,s2_n103_99,s4_n40_7,s1_below_4282,s4_4_5,s1_below_2001,s2_760_2075,s4_37_47,Passenger Car,s2_11_28,Deployed,s2_97_208,s1_below_1,Female,s3_80_96,s3_141_159,s2_164_318,s3_80_160,s2_2_4
13993,s3_1695_2555,s2_n103_99,s4_n40_7,s1_below_4282,s2_2_3,s2_2001_2003,s2_760_2075,s4_37_47,Truck (<=6000 lbs.),s2_11_28,Not Deployed,s2_97_208,s1_below_1,Male,s2_37_80,s3_141_159,s2_164_318,s3_80_160,s2_2_4
13994,s2_885_1695,s2_n103_99,s5_7_up,s1_below_4282,s1_below_2,s2_2001_2003,s2_760_2075,s4_37_47,Passenger Car,s3_28_48,Not Deployed,s2_97_208,s1_below_1,Female,s2_37_80,s3_141_159,s2_164_318,s6_260_up,s2_2_4
13995,s2_885_1695,s2_n103_99,s4_n40_7,s1_below_4282,s3_3_4,s1_below_2001,s2_760_2075,s3_17_37,Passenger Car,s2_11_28,Deployed,s2_97_208,s1_below_1,Female,s3_80_96,s3_141_159,s2_164_318,s3_80_160,s2_2_4
13996,s2_885_1695,s2_n103_99,s5_7_up,s1_below_4282,s3_3_4,s2_2001_2003,s3_2075_3730,s4_37_47,Passenger Car,s2_11_28,Not Deployed,s2_97_208,s1_below_1,Female,s2_37_80,s3_141_159,s2_164_318,s6_260_up,s2_2_4
13997,s2_885_1695,s2_n103_99,s4_n40_7,s1_below_4282,s1_below_2,s3_2003_2005,s3_2075_3730,s4_37_47,Passenger Car,s3_28_48,Not Deployed,s2_97_208,s1_below_1,Male,s3_80_96,s3_141_159,s2_164_318,s4_160_220,s2_2_4
13998,s3_1695_2555,s2_n103_99,s5_7_up,s1_below_4282,s1_below_2,s1_below_2001,s2_760_2075,s3_17_37,Truck (<=6000 lbs.),s3_28_48,Not Deployed,s2_97_208,s1_below_1,Female,s3_80_96,s3_141_159,s2_164_318,s6_260_up,s2_2_4
13999,s2_885_1695,s2_n103_99,s4_n40_7,s1_below_4282,s1_below_2,s3_2003_2005,s2_760_2075,s3_17_37,Passenger Car,s2_11_28,Deployed,s1_below_97,s1_below_1,Male,s3_80_96,s3_141_159,s2_164_318,s3_80_160,s2_2_4
14000,s2_885_1695,s2_n103_99,s4_n40_7,s1_below_4282,s2_2_3,s1_below_2001,s2_760_2075,s4_37_47,Passenger Car,s3_28_48,Not Deployed,s2_97_208,s1_below_1,Female,s2_37_80,s3_141_159,s2_164_318,s4_160_220,s2_2_4
14001,s2_885_1695,s2_n103_99,s4_n40_7,s1_below_4282,s4_4_5,s1_below_2001,s3_2075_3730,s4_37_47,Passenger Car,s3_28_48,Not Deployed,s2_97_208,s1_below_1,Female,s2_37_80,s3_141_159,s2_164_318,s4_160_220,s2_2_4
14002,s2_885_1695,s2_n103_99,s4_n40_7,s1_below_4282,s4_4_5,s2_2001_2003,s2_760_2075,s1_below_7,Passenger Car,s2_11_28,Deployed,s2_97_208,s1_below_1,Male,s4_96_114,s3_141_159,s2_164_318,s3_80_160,s2_2_4
14003,s3_1695_2555,s2_n103_99,s4_n40_7,s1_below_4282,s3_3_4,s3_2003_2005,s2_760_2075,s4_37_47,Truck (<=6000 lbs.),s2_11_28,Deployed,s2_97_208,s1_below_1,Male,s3_80_96,s3_141_159,s2_164_318,s3_80_160,s2_2_4
14004,s3_1695_2555,s2_n103_99,s3_n81_n40,s1_below_4282,s4_4_5,s2_2001_2003,s2_760_2075,s4_37_47,Truck (<=10000 lbs.),s3_28_48,Deployed,s2_97_208,s4_3_4,Male,s4_96_114,s5_169_179,s3_318_464,s3_80_160,s5_6_7
14005,s3_1695_2555,s2_n103_99,s5_7_up,s1_below_4282,s2_2_3,s1_below_2001,s3_2075_3730,s4_37_47,Truck (<=6000 lbs.),s3_28_48,Not Deployed,s2_97_208,s3_2_3,Male,s4_96_114,s3_141_159,s2_164_318,s6_260_up,s2_2_4
14006,s2_885_1695,s2_n103_99,s4_n40_7,s1_below_4282,s2_2_3,s1_below_2001,s2_760_2075,s3_17_37,Passenger Car,s3_28_48,Deployed,s2_97_208,s1_below_1,Female,s2_37_80,s3_141_159,s2_164_318,s2_40_80,s2_2_4
14007,s2_885_1695,s2_n103_99,s4_n40_7,s1_below_4282,s4_4_5,s2_2001_2003,s2_760_2075,s3_17_37,Passenger Car,s4_48_64,Deployed,s2_97_208,s1_below_1,Male,s3_80_96,s3_141_159,s2_164_318,s3_80_160,s2_2_4
14008,s2_885_1695,s2_n103_99,s5_7_up,s1_below_4282,s3_3_4,s3_2003_2005,s2_760_2075,s4_37_47,Passenger Car,s4_48_64,Not Deployed,s2_97_208,s1_below_1,Female,s2_37_80,s3_141_159,s2_164_318,s6_260_up,s2_2_4
14009,s2_885_1695,s2_n103_99,s4_n40_7,s1_below_4282,s3_3_4,s1_below_2001,s2_760_2075,s3_17_37,Passenger Car,s2_11_28,Deployed,s2_97_208,s1_below_1,Male,s2_37_80,s3_141_159,s2_164_318,s3_80_160,s2_2_4
14010,s2_885_1695,s2_n103_99,s4_n40_7,s1_below_4282,s4_4_5,s3_2003_2005,s2_760_2075,s4_37_47,Passenger Car,s4_48_64,Not Deployed,s2_97_208,s1_below_1,Male,s4_96_114,s3_141_159,s2_164_318,s3_80_160,s2_2_4
14011,s2_885_1695,s2_n103_99,s3_n81_n40,s1_below_4282,s1_below_2,s3_2003_2005,s2_760_2075,s4_37_47,Passenger Car,s3_28_48,Deployed,s2_97_208,s1_below_1,Male,s2_37_80,s3_141_159,s2_164_318,s3_80_160,s2_2_4
14012,s2_885_1695,s2_n103_99,s4_n40_7,s1_below_4282,s2_2_3,s2_2001_2003,s3_2075_3730,s4_37_47,Passenger Car,s2_11_28,Not Deployed,s2_97_208,s1_below_1,Female,s4_96_114,s3_141_159,s2_164_318,s3_80_160,s2_2_4
14013,s2_885_1695,s2_n103_99,s4_n40_7,s1_below_4282,s4_4_5,s1_below_2001,s2_760_2075,s4_37_47,Passenger Car,s2_11_28,Deployed,s2_97_208,s1_below_1,Male,s3_80_96,s3_141_159,s2_164_318,s3_80_160,s2_2_4
14014,s2_885_1695,s2_n103_99,s4_n40_7,s1_below_4282,s1_below_2,s3_2003_2005,s2_760_2075,s4_37_47,Passenger Car,s2_11_28,Not Deployed,s2_97_208,s1_below_1,Male,s2_37_80,s3_141_159,s2_164_318,s2_40_80,s2_2_4
14015,s2_885_1695,s2_n103_99,s4_n40_7,s1_below_4282,s1_below_2,s3_2003_2005,s2_760_2075,s5_47_57,Passenger Car,s3_28_48,Deployed,s2_97_208,s1_below_1,Male,s2_37_80,s3_141_159,s2_164_318,s3_80_160,s2_2_4
14016,s2_885_1695,s2_n103_99,s4_n40_7,s1_below_4282,s2_2_3,s2_2001_2003,s2_760_2075,s4_37_47,Passenger Car,s3_28_48,Not Deployed,s2_97_208,s1_below_1,Female,s3_80_96,s3_141_159,s2_164_318,s3_80_160,s2_2_4
14017,s3_1695_2555,s2_n103_99,s4_n40_7,s1_below_4282,s5_5_6,s2_2001_2003,s2_760_2075,s4_37_47,Truck (<=6000 lbs.),s2_11_28,Deployed,s2_97_208,s1_below_1,Female,s4_96_114,s3_141_159,s2_164_318,s3_80_160,s2_2_4
14018,s3_1695_2555,s2_n103_99,s4_n40_7,s1_below_4282,s3_3_4,s1_below_2001,s2_760_2075,s3_17_37,Truck (<=6000 lbs.),s3_28_48,Not Deployed,s2_97_208,s1_below_1,Female,s2_37_80,s3_141_159,s2_164_318,s3_80_160,s2_2_4
14019,s2_885_1695,s2_n103_99,s4_n40_7,s1_below_4282,s3_3_4,s2_2001_2003,s2_760_2075,s3_17_37,Passenger Car,s2_11_28,Not Deployed,s2_97_208,s1_below_1,Female,s2_37_80,s3_141_159,s2_164_318,s3_80_160,s2_2_4
14020,s2_885_1695,s2_n103_99,s4_n40_7,s1_below_4282,s6_6_up,s3_2003_2005,s3_2075_3730,s4_37_47,Passenger Car,s4_48_64,Not Deployed,s2_97_208,s1_below_1,Female,s2_37_80,s3_141_159,s2_164_318,s3_80_160,s2_2_4
14021,s3_1695_2555,s2_n103_99,s4_n40_7,s1_below_4282,s1_below_2,s2_2001_2003,s2_760_2075,s4_37_47,Truck (<=10000 lbs.),s3_28_48,Deployed,s2_97_208,s1_below_1,Male,s4_96_114,s4_159_169,s2_164_318,s3_80_160,s3_4_5
14022,s2_885_1695,s2_n103_99,s3_n81_n40,s1_below_4282,s1_below_2,s1_below_2001,s3_2075_3730,s4_37_47,Passenger Car,s5_64_76,Deployed,s2_97_208,s3_2_3,Male,s2_37_80,s3_141_159,s2_164_318,s3_80_160,s2_2_4
14023,s3_1695_2555,s2_n103_99,s4_n40_7,s1_below_4282,s3_3_4,s2_2001_2003,s2_760_2075,s3_17_37,Truck (<=6000 lbs.),s3_28_48,Not Deployed,s2_97_208,s1_below_1,Female,s2_37_80,s4_159_169,s2_164_318,s3_80_160,s3_4_5
14024,s2_885_1695,s2_n103_99,s4_n40_7,s1_below_4282,s1_below_2,s2_2001_2003,s2_760_2075,s4_37_47,Passenger Car,s3_28_48,Not Deployed,s2_97_208,s1_below_1,Female,s2_37_80,s3_141_159,s2_164_318,s3_80_160,s2_2_4
14025,s2_885_1695,s2_n103_99,s4_n40_7,s1_below_4282,s1_below_2,s2_2001_2003,s2_760_2075,s5_47_57,Passenger Car,s3_28_48,Deployed,s2_97_208,s2_1_2,Female,s4_96_114,s3_141_159,s2_164_318,s3_80_160,s2_2_4
14026,s2_885_1695,s2_n103_99,s4_n40_7,s1_below_4282,s4_4_5,s2_2001_2003,s2_760_2075,s4_37_47,Passenger Car,s2_11_28,Deployed,s2_97_208,s1_below_1,Female,s2_37_80,s3_141_159,s2_164_318,s3_80_160,s2_2_4
14027,s2_885_1695,s2_n103_99,s4_n40_7,s1_below_4282,s1_below_2,s2_2001_2003,s2_760_2075,s4_37_47,Passenger Car,s2_11_28,Deployed,s2_97_208,s1_below_1,Female,s2_37_80,s3_141_159,s2_164_318,s3_80_160,s2_2_4
14028,s2_885_1695,s2_n103_99,s4_n40_7,s1_below_4282,s1_below_2,s3_2003_2005,s2_760_2075,s4_37_47,Passenger Car,s2_11_28,Not Deployed,s2_97_208,s3_2_3,Male,s2_37_80,s3_141_159,s2_164_318,s2_40_80,s2_2_4
14029,s2_885_1695,s2_n103_99,s4_n40_7,s1_below_4282,s3_3_4,s2_2001_2003,s2_760_2075,s3_17_37,Truck (<=6000 lbs.),s3_28_48,Not Deployed,s2_97_208,s1_below_1,Male,s2_37_80,s3_141_159,s2_164_318,s3_80_160,s2_2_4
14030,s2_885_1695,s2_n103_99,s5_7_up,s1_below_4282,s1_below_2,s1_below_2001,s3_2075_3730,s4_37_47,Passenger Car,s2_11_28,Not Deployed,s2_97_208,s1_below_1,Female,s2_37_80,s3_141_159,s2_164_318,s6_260_up,s2_2_4
14031,s3_1695_2555,s2_n103_99,s4_n40_7,s1_below_4282,s2_2_3,s2_2001_2003,s2_760_2075,s3_17_37,Truck (<=6000 lbs.),s3_28_48,Deployed,s2_97_208,s1_below_1,Male,s3_80_96,s4_159_169,s2_164_318,s3_80_160,s2_2_4
14032,s3_1695_2555,s2_n103_99,s4_n40_7,s1_below_4282,s4_4_5,s1_below_2001,s2_760_2075,s4_37_47,Truck (<=6000 lbs.),s2_11_28,Not Deployed,s2_97_208,s1_below_1,Male,s2_37_80,s3_141_159,s2_164_318,s3_80_160,s2_2_4
14033,s2_885_1695,s2_n103_99,s4_n40_7,s1_below_4282,s4_4_5,s2_2001_2003,s2_760_2075,s4_37_47,Passenger Car,s3_28_48,Not Deployed,s2_97_208,s1_below_1,Male,s2_37_80,s3_141_159,s2_164_318,s2_40_80,s2_2_4
14034,s3_1695_2555,s2_n103_99,s4_n40_7,s1_below_4282,s2_2_3,s1_below_2001,s3_2075_3730,s5_47_57,Passenger Car,s4_48_64,Not Deployed,s2_97_208,s3_2_3,Female,s2_37_80,s3_141_159,s2_164_318,s2_40_80,s2_2_4
14035,s2_885_1695,s2_n103_99,s4_n40_7,s1_below_4282,s1_below_2,s3_2003_2005,s2_760_2075,s4_37_47,Passenger Car,s2_11_28,Deployed,s2_97_208,s1_below_1,Female,s2_37_80,s3_141_159,s2_164_318,s3_80_160,s2_2_4
14036,s3_1695_2555,s2_n103_99,s4_n40_7,s1_below_4282,s1_below_2,s1_below_2001,s2_760_2075,s4_37_47,Passenger Car,s4_48_64,Deployed,s2_97_208,s2_1_2,Female,s2_37_80,s4_159_169,s2_164_318,s3_80_160,s2_2_4
14037,s2_885_1695,s2_n103_99,s5_7_up,s1_below_4282,s1_below_2,s2_2001_2003,s2_760_2075,s3_17_37,Passenger Car,s3_28_48,Not Deployed,s2_97_208,s1_below_1,Male,s2_37_80,s3_141_159,s2_164_318,s6_260_up,s2_2_4
14038,s2_885_1695,s2_n103_99,s4_n40_7,s1_below_4282,s1_below_2,s1_below_2001,s2_760_2075,s4_37_47,Truck (<=6000 lbs.),s2_11_28,Deployed,s2_97_208,s1_below_1,Male,s2_37_80,s3_141_159,s2_164_318,s3_80_160,s2_2_4
14039,s3_1695_2555,s2_n103_99,s4_n40_7,s1_below_4282,s4_4_5,s2_2001_2003,s2_760_2075,s4_37_47,Truck (<=6000 lbs.),s5_64_76,Not Deployed,s2_97_208,s1_below_1,Male,s2_37_80,s3_141_159,s2_164_318,s3_80_160,s2_2_4
14040,s2_885_1695,s2_n103_99,s4_n40_7,s1_below_4282,s1_below_2,s1_below_2001,s2_760_2075,s4_37_47,Passenger Car,s2_11_28,Deployed,s2_97_208,s1_below_1,Female,s2_37_80,s3_141_159,s2_164_318,s3_80_160,s2_2_4
14041,s2_885_1695,s2_n103_99,s4_n40_7,s1_below_4282,s6_6_up,s2_2001_2003,s2_760_2075,s4_37_47,Passenger Car,s4_48_64,Deployed,s2_97_208,s1_below_1,Female,s2_37_80,s3_141_159,s2_164_318,s4_160_220,s2_2_4
14042,s2_885_1695,s2_n103_99,s3_n81_n40,s1_below_4282,s2_2_3,s2_2001_2003,s3_2075_3730,s4_37_47,Truck (<=6000 lbs.),s3_28_48,Deployed,s2_97_208,s1_below_1,Female,s2_37_80,s3_141_159,s2_164_318,s3_80_160,s2_2_4
14043,s3_1695_2555,s2_n103_99,s4_n40_7,s1_below_4282,s1_below_2,s1_below_2001,s2_760_2075,s4_37_47,Truck (<=10000 lbs.),s4_48_64,Not Deployed,s2_97_208,s1_below_1,Male,s3_80_96,s5_169_179,s3_318_464,s3_80_160,s4_5_6
14044,s2_885_1695,s2_n103_99,s4_n40_7,s1_below_4282,s4_4_5,s2_2001_2003,s3_2075_3730,s3_17_37,Passenger Car,s2_11_28,Not Deployed,s2_97_208,s1_below_1,Male,s2_37_80,s3_141_159,s2_164_318,s3_80_160,s2_2_4
14045,s2_885_1695,s2_n103_99,s4_n40_7,s1_below_4282,s1_below_2,s1_below_2001,s2_760_2075,s4_37_47,Passenger Car,s2_11_28,Deployed,s2_97_208,s2_1_2,Male,s2_37_80,s3_141_159,s2_164_318,s4_160_220,s2_2_4
14046,s2_885_1695,s2_n103_99,s3_n81_n40,s1_below_4282,s1_below_2,s2_2001_2003,s3_2075_3730,s6_57_up,Truck (<=6000 lbs.),s3_28_48,Deployed,s2_97_208,s1_below_1,Male,s4_96_114,s3_141_159,s2_164_318,s3_80_160,s2_2_4
14047,s3_1695_2555,s2_n103_99,s4_n40_7,s1_below_4282,s1_below_2,s3_2003_2005,s2_760_2075,s4_37_47,Truck (<=10000 lbs.),s3_28_48,Not Deployed,s2_97_208,s1_below_1,Female,s2_37_80,s3_141_159,s2_164_318,s3_80_160,s2_2_4
14048,s2_885_1695,s2_n103_99,s4_n40_7,s1_below_4282,s1_below_2,s3_2003_2005,s2_760_2075,s5_47_57,Passenger Car,s3_28_48,Deployed,s2_97_208,s3_2_3,Male,s3_80_96,s3_141_159,s2_164_318,s3_80_160,s2_2_4
14049,s3_1695_2555,s2_n103_99,s4_n40_7,s1_below_4282,s1_below_2,s2_2001_2003,s2_760_2075,s4_37_47,Truck (<=6000 lbs.),s3_28_48,Not Deployed,s2_97_208,s1_below_1,Female,s2_37_80,s3_141_159,s2_164_318,s3_80_160,s2_2_4
14050,s2_885_1695,s2_n103_99,s4_n40_7,s1_below_4282,s1_below_2,s1_below_2001,s2_760_2075,s5_47_57,Passenger Car,s4_48_64,Deployed,s2_97_208,s1_below_1,Female,s2_37_80,s3_141_159,s2_164_318,s3_80_160,s2_2_4
14051,s3_1695_2555,s2_n103_99,s4_n40_7,s1_below_4282,s2_2_3,s3_2003_2005,s2_760_2075,s4_37_47,Truck (<=6000 lbs.),s5_64_76,Not Deployed,s2_97_208,s1_below_1,Male,s2_37_80,s3_141_159,s2_164_318,s2_40_80,s2_2_4
14052,s2_885_1695,s2_n103_99,s4_n40_7,s1_below_4282,s5_5_6,s3_2003_2005,s2_760_2075,s4_37_47,Passenger Car,s2_11_28,Deployed,s2_97_208,s1_below_1,Female,s2_37_80,s3_141_159,s2_164_318,s3_80_160,s2_2_4
14053,s2_885_1695,s2_n103_99,s4_n40_7,s1_below_4282,s2_2_3,s2_2001_2003,s2_760_2075,s3_17_37,Passenger Car,s2_11_28,Deployed,s2_97_208,s1_below_1,Female,s2_37_80,s3_141_159,s2_164_318,s3_80_160,s2_2_4
14054,s2_885_1695,s2_n103_99,s4_n40_7,s1_below_4282,s1_below_2,s2_2001_2003,s2_760_2075,s4_37_47,Passenger Car,s3_28_48,Not Deployed,s2_97_208,s1_below_1,Female,s2_37_80,s3_141_159,s2_164_318,s2_40_80,s2_2_4
14055,s2_885_1695,s2_n103_99,s4_n40_7,s1_below_4282,s3_3_4,s2_2001_2003,s2_760_2075,s3_17_37,Passenger Car,s5_64_76,Deployed,s2_97_208,s1_below_1,Male,s3_80_96,s3_141_159,s2_164_318,s3_80_160,s2_2_4
14056,s2_885_1695,s2_n103_99,s5_7_up,s1_below_4282,s3_3_4,s1_below_2001,s2_760_2075,s3_17_37,Passenger Car,s3_28_48,Not Deployed,s2_97_208,s1_below_1,Female,s3_80_96,s3_141_159,s2_164_318,s6_260_up,s2_2_4
14057,s3_1695_2555,s2_n103_99,s4_n40_7,s1_below_4282,s3_3_4,s2_2001_2003,s2_760_2075,s3_17_37,Truck (<=6000 lbs.),s3_28_48,Not Deployed,s2_97_208,s1_below_1,Female,s2_37_80,s3_141_159,s2_164_318,s2_40_80,s2_2_4
14058,s2_885_1695,s2_n103_99,s4_n40_7,s1_below_4282,s3_3_4,s1_below_2001,s2_760_2075,s3_17_37,Passenger Car,s4_48_64,Not Deployed,s2_97_208,s1_below_1,Female,s4_96_114,s3_141_159,s2_164_318,s3_80_160,s2_2_4
14059,s2_885_1695,s2_n103_99,s4_n40_7,s1_below_4282,s1_below_2,s2_2001_2003,s2_760_2075,s3_17_37,Passenger Car,s3_28_48,Not Deployed,s2_97_208,s1_below_1,Male,s5_114_130,s3_141_159,s2_164_318,s2_40_80,s2_2_4
14060,s3_1695_2555,s2_n103_99,s4_n40_7,s1_below_4282,s1_below_2,s1_below_2001,s3_2075_3730,s4_37_47,Truck (<=6000 lbs.),s3_28_48,Deployed,s2_97_208,s1_below_1,Female,s2_37_80,s3_141_159,s2_164_318,s2_40_80,s2_2_4
14061,s3_1695_2555,s2_n103_99,s4_n40_7,s1_below_4282,s4_4_5,s2_2001_2003,s2_760_2075,s3_17_37,Truck (<=6000 lbs.),s3_28_48,Not Deployed,s2_97_208,s1_below_1,Female,s2_37_80,s3_141_159,s2_164_318,s3_80_160,s2_2_4
14062,s3_1695_2555,s2_n103_99,s4_n40_7,s1_below_4282,s1_below_2,s2_2001_2003,s2_760_2075,s5_47_57,Truck (<=6000 lbs.),s3_28_48,Deployed,s2_97_208,s3_2_3,Female,s2_37_80,s4_159_169,s2_164_318,s3_80_160,s3_4_5
14063,s3_1695_2555,s2_n103_99,s4_n40_7,s1_below_4282,s5_5_6,s2_2001_2003,s2_760_2075,s4_37_47,Truck (<=6000 lbs.),s3_28_48,Not Deployed,s2_97_208,s1_below_1,Female,s3_80_96,s4_159_169,s2_164_318,s3_80_160,s3_4_5
14064,s2_885_1695,s2_n103_99,s4_n40_7,s1_below_4282,s3_3_4,s2_2001_2003,s2_760_2075,s4_37_47,Passenger Car,s3_28_48,Not Deployed,s2_97_208,s1_below_1,Female,s2_37_80,s3_141_159,s2_164_318,s3_80_160,s2_2_4
14065,s3_1695_2555,s2_n103_99,s4_n40_7,s1_below_4282,s1_below_2,s1_below_2001,s2_760_2075,s4_37_47,Truck (<=6000 lbs.),s3_28_48,Not Deployed,s2_97_208,s1_below_1,Male,s3_80_96,s3_141_159,s3_318_464,s3_80_160,s3_4_5
14066,s2_885_1695,s2_n103_99,s4_n40_7,s1_below_4282,s1_below_2,s3_2003_2005,s2_760_2075,s4_37_47,Truck (<=6000 lbs.),s2_11_28,Not Deployed,s2_97_208,s1_below_1,Female,s2_37_80,s3_141_159,s2_164_318,s3_80_160,s2_2_4
14067,s2_885_1695,s2_n103_99,s4_n40_7,s1_below_4282,s2_2_3,s1_below_2001,s2_760_2075,s4_37_47,Truck (<=6000 lbs.),s2_11_28,Deployed,s2_97_208,s1_below_1,Female,s2_37_80,s3_141_159,s3_318_464,s4_160_220,s2_2_4
14068,s2_885_1695,s2_n103_99,s4_n40_7,s1_below_4282,s1_below_2,s1_below_2001,s2_760_2075,s3_17_37,Passenger Car,s3_28_48,Not Deployed,s2_97_208,s1_below_1,Female,s2_37_80,s3_141_159,s2_164_318,s3_80_160,s2_2_4
14069,s3_1695_2555,s2_n103_99,s4_n40_7,s1_below_4282,s1_below_2,s1_below_2001,s2_760_2075,s4_37_47,Truck (<=10000 lbs.),s2_11_28,Deployed,s2_97_208,s3_2_3,Male,s4_96_114,s4_159_169,s3_318_464,s3_80_160,s4_5_6
14070,s2_885_1695,s2_n103_99,s4_n40_7,s1_below_4282,s3_3_4,s2_2001_2003,s2_760_2075,s4_37_47,Passenger Car,s4_48_64,Not Deployed,s2_97_208,s1_below_1,Female,s3_80_96,s3_141_159,s2_164_318,s3_80_160,s2_2_4
14071,s2_885_1695,s2_n103_99,s4_n40_7,s1_below_4282,s1_below_2,s2_2001_2003,s2_760_2075,s3_17_37,Passenger Car,s3_28_48,Not Deployed,s2_97_208,s1_below_1,Female,s2_37_80,s3_141_159,s2_164_318,s3_80_160,s2_2_4
14072,s2_885_1695,s2_n103_99,s4_n40_7,s1_below_4282,s2_2_3,s2_2001_2003,s2_760_2075,s3_17_37,Passenger Car,s4_48_64,Not Deployed,s2_97_208,s1_below_1,Female,s2_37_80,s3_141_159,s2_164_318,s3_80_160,s2_2_4
14073,s3_1695_2555,s2_n103_99,s5_7_up,s1_below_4282,s1_below_2,s2_2001_2003,s2_760_2075,s6_57_up,Truck (<=6000 lbs.),s5_64_76,Not Deployed,s2_97_208,s1_below_1,Male,s2_37_80,s4_159_169,s2_164_318,s6_260_up,s2_2_4
14074,s2_885_1695,s2_n103_99,s4_n40_7,s1_below_4282,s3_3_4,s2_2001_2003,s2_760_2075,s6_57_up,Truck (<=6000 lbs.),s3_28_48,Not Deployed,s2_97_208,s2_1_2,Male,s3_80_96,s3_141_159,s2_164_318,s3_80_160,s2_2_4
14075,s2_885_1695,s2_n103_99,s4_n40_7,s1_below_4282,s4_4_5,s2_2001_2003,s2_760_2075,s3_17_37,Passenger Car,s2_11_28,Deployed,s2_97_208,s1_below_1,Female,s2_37_80,s3_141_159,s2_164_318,s3_80_160,s2_2_4
14076,s2_885_1695,s2_n103_99,s4_n40_7,s1_below_4282,s2_2_3,s2_2001_2003,s2_760_2075,s4_37_47,Passenger Car,s4_48_64,Not Deployed,s2_97_208,s1_below_1,Female,s2_37_80,s3_141_159,s2_164_318,s3_80_160,s2_2_4
14077,s3_1695_2555,s2_n103_99,s4_n40_7,s1_below_4282,s5_5_6,s3_2003_2005,s2_760_2075,s5_47_57,Truck (<=10000 lbs.),s4_48_64,Deployed,s2_97_208,s1_below_1,Male,s4_96_114,s5_169_179,s3_318_464,s3_80_160,s4_5_6
14078,s3_1695_2555,s2_n103_99,s4_n40_7,s1_below_4282,s2_2_3,s3_2003_2005,s2_760_2075,s4_37_47,Truck (<=6000 lbs.),s5_64_76,Not Deployed,s2_97_208,s1_below_1,Male,s3_80_96,s4_159_169,s2_164_318,s2_40_80,s3_4_5
14079,s3_1695_2555,s2_n103_99,s3_n81_n40,s1_below_4282,s6_6_up,s1_below_2001,s3_2075_3730,s4_37_47,Truck (<=10000 lbs.),s3_28_48,Deployed,s2_97_208,s1_below_1,Male,s5_114_130,s3_141_159,s3_318_464,s3_80_160,s3_4_5
14080,s2_885_1695,s2_n103_99,s5_7_up,s1_below_4282,s2_2_3,s3_2003_2005,s2_760_2075,s4_37_47,Passenger Car,s3_28_48,Not Deployed,s2_97_208,s1_below_1,Female,s3_80_96,s3_141_159,s2_164_318,s6_260_up,s2_2_4
14081,s2_885_1695,s2_n103_99,s4_n40_7,s1_below_4282,s2_2_3,s1_below_2001,s2_760_2075,s4_37_47,Passenger Car,s3_28_48,Deployed,s2_97_208,s1_below_1,Female,s4_96_114,s3_141_159,s2_164_318,s3_80_160,s2_2_4
14082,s2_885_1695,s2_n103_99,s4_n40_7,s1_below_4282,s5_5_6,s3_2003_2005,s2_760_2075,s4_37_47,Passenger Car,s3_28_48,Deployed,s2_97_208,s1_below_1,Female,s4_96_114,s3_141_159,s2_164_318,s3_80_160,s2_2_4
14083,s2_885_1695,s2_n103_99,s4_n40_7,s1_below_4282,s5_5_6,s2_2001_2003,s2_760_2075,s4_37_47,Passenger Car,s3_28_48,Not Deployed,s2_97_208,s1_below_1,Female,s2_37_80,s3_141_159,s2_164_318,s3_80_160,s2_2_4
14084,s2_885_1695,s2_n103_99,s4_n40_7,s1_below_4282,s2_2_3,s1_below_2001,s2_760_2075,s5_47_57,Truck (<=6000 lbs.),s2_11_28,Deployed,s2_97_208,s1_below_1,Female,s2_37_80,s3_141_159,s2_164_318,s3_80_160,s2_2_4
14085,s3_1695_2555,s2_n103_99,s4_n40_7,s1_below_4282,s1_below_2,s2_2001_2003,s2_760_2075,s3_17_37,Truck (<=10000 lbs.),s2_11_28,Not Deployed,s2_97_208,s1_below_1,Male,s2_37_80,s3_141_159,s2_164_318,s2_40_80,s2_2_4
14086,s3_1695_2555,s2_n103_99,s3_n81_n40,s1_below_4282,s4_4_5,s2_2001_2003,s2_760_2075,s4_37_47,Truck (<=6000 lbs.),s3_28_48,Deployed,s2_97_208,s3_2_3,Male,s3_80_96,s3_141_159,s2_164_318,s3_80_160,s2_2_4
14087,s2_885_1695,s2_n103_99,s3_n81_n40,s1_below_4282,s5_5_6,s3_2003_2005,s3_2075_3730,s4_37_47,Passenger Car,s2_11_28,Deployed,s2_97_208,s3_2_3,Male,s3_80_96,s3_141_159,s2_164_318,s3_80_160,s2_2_4
14088,s2_885_1695,s2_n103_99,s4_n40_7,s1_below_4282,s2_2_3,s1_below_2001,s2_760_2075,s4_37_47,Passenger Car,s5_64_76,Deployed,s2_97_208,s1_below_1,Female,s3_80_96,s3_141_159,s2_164_318,s3_80_160,s2_2_4
14089,s2_885_1695,s2_n103_99,s4_n40_7,s1_below_4282,s1_below_2,s1_below_2001,s2_760_2075,s3_17_37,Truck (<=6000 lbs.),s3_28_48,Not Deployed,s2_97_208,s1_below_1,Male,s3_80_96,s3_141_159,s2_164_318,s3_80_160,s2_2_4
14090,s2_885_1695,s2_n103_99,s4_n40_7,s1_below_4282,s1_below_2,s2_2001_2003,s2_760_2075,s3_17_37,Truck (<=6000 lbs.),s2_11_28,Not Deployed,s2_97_208,s1_below_1,Male,s5_114_130,s3_141_159,s3_318_464,s2_40_80,s2_2_4
14091,s2_885_1695,s2_n103_99,s4_n40_7,s1_below_4282,s1_below_2,s1_below_2001,s2_760_2075,s4_37_47,Passenger Car,s3_28_48,Deployed,s2_97_208,s1_below_1,Female,s2_37_80,s3_141_159,s2_164_318,s4_160_220,s2_2_4
14092,s2_885_1695,s2_n103_99,s4_n40_7,s1_below_4282,s2_2_3,s1_below_2001,s2_760_2075,s4_37_47,Passenger Car,s3_28_48,Deployed,s2_97_208,s3_2_3,Female,s2_37_80,s3_141_159,s2_164_318,s3_80_160,s2_2_4
14093,s2_885_1695,s2_n103_99,s4_n40_7,s1_below_4282,s1_below_2,s2_2001_2003,s2_760_2075,s4_37_47,Passenger Car,s4_48_64,Deployed,s2_97_208,s1_below_1,Female,s2_37_80,s3_141_159,s2_164_318,s3_80_160,s2_2_4
14094,s2_885_1695,s1_below_n103,s4_n40_7,s1_below_4282,s3_3_4,s1_below_2001,s2_760_2075,s4_37_47,Passenger Car,s3_28_48,Not Deployed,s2_97_208,s1_below_1,Female,s2_37_80,s3_141_159,s2_164_318,s4_160_220,s2_2_4
14095,s3_1695_2555,s2_n103_99,s4_n40_7,s1_below_4282,s4_4_5,s1_below_2001,s2_760_2075,s4_37_47,Truck (<=6000 lbs.),s2_11_28,Deployed,s2_97_208,s1_below_1,Female,s2_37_80,s4_159_169,s2_164_318,s4_160_220,s3_4_5
14096,s3_1695_2555,s2_n103_99,s4_n40_7,s1_below_4282,s2_2_3,s2_2001_2003,s2_760_2075,s3_17_37,Passenger Car,s4_48_64,Deployed,s2_97_208,s2_1_2,Male,s2_37_80,s4_159_169,s2_164_318,s3_80_160,s2_2_4
14097,s2_885_1695,s2_n103_99,s4_n40_7,s1_below_4282,s2_2_3,s3_2003_2005,s2_760_2075,s3_17_37,Truck (<=6000 lbs.),s2_11_28,Not Deployed,s2_97_208,s1_below_1,Female,s2_37_80,s3_141_159,s2_164_318,s2_40_80,s2_2_4
14098,s3_1695_2555,s2_n103_99,s4_n40_7,s1_below_4282,s4_4_5,s1_below_2001,s2_760_2075,s3_17_37,Truck (<=6000 lbs.),s2_11_28,Deployed,s2_97_208,s1_below_1,Male,s2_37_80,s4_159_169,s2_164_318,s3_80_160,s2_2_4
14099,s2_885_1695,s2_n103_99,s4_n40_7,s1_below_4282,s1_below_2,s2_2001_2003,s2_760_2075,s3_17_37,Passenger Car,s3_28_48,Not Deployed,s2_97_208,s1_below_1,Female,s2_37_80,s3_141_159,s2_164_318,s5_220_260,s2_2_4
14100,s2_885_1695,s2_n103_99,s4_n40_7,s1_below_4282,s6_6_up,s1_below_2001,s2_760_2075,s4_37_47,Passenger Car,s4_48_64,Not Deployed,s2_97_208,s1_below_1,Female,s2_37_80,s3_141_159,s2_164_318,s3_80_160,s2_2_4
14101,s2_885_1695,s2_n103_99,s4_n40_7,s1_below_4282,s3_3_4,s2_2001_2003,s2_760_2075,s3_17_37,Truck (<=6000 lbs.),s4_48_64,Not Deployed,s2_97_208,s1_below_1,Male,s3_80_96,s2_116_141,s2_164_318,s4_160_220,s2_2_4
14102,s3_1695_2555,s2_n103_99,s5_7_up,s1_below_4282,s2_2_3,s1_below_2001,s2_760_2075,s5_47_57,Truck (<=10000 lbs.),s3_28_48,Not Deployed,s2_97_208,s1_below_1,Female,s2_37_80,s4_159_169,s2_164_318,s6_260_up,s3_4_5
14103,s2_885_1695,s2_n103_99,s4_n40_7,s1_below_4282,s1_below_2,s2_2001_2003,s2_760_2075,s3_17_37,Truck (<=6000 lbs.),s2_11_28,Not Deployed,s2_97_208,s1_below_1,Male,s2_37_80,s3_141_159,s2_164_318,s3_80_160,s2_2_4
14104,s2_885_1695,s2_n103_99,s4_n40_7,s1_below_4282,s4_4_5,s1_below_2001,s2_760_2075,s4_37_47,Passenger Car,s2_11_28,Deployed,s2_97_208,s1_below_1,Female,s2_37_80,s3_141_159,s2_164_318,s3_80_160,s2_2_4
14105,s2_885_1695,s2_n103_99,s4_n40_7,s1_below_4282,s3_3_4,s2_2001_2003,s2_760_2075,s5_47_57,Truck (<=6000 lbs.),s2_11_28,Not Deployed,s2_97_208,s1_below_1,Female,s2_37_80,s3_141_159,s2_164_318,s3_80_160,s2_2_4
14106,s2_885_1695,s2_n103_99,s4_n40_7,s1_below_4282,s1_below_2,s3_2003_2005,s2_760_2075,s4_37_47,Passenger Car,s6_76_up,Not Deployed,s2_97_208,s1_below_1,Female,s2_37_80,s3_141_159,s2_164_318,s3_80_160,s2_2_4
14107,s2_885_1695,s2_n103_99,s4_n40_7,s1_below_4282,s4_4_5,s1_below_2001,s2_760_2075,s5_47_57,Passenger Car,s3_28_48,Deployed,s2_97_208,s1_below_1,Male,s2_37_80,s3_141_159,s2_164_318,s3_80_160,s2_2_4
14108,s3_1695_2555,s2_n103_99,s5_7_up,s1_below_4282,s2_2_3,s3_2003_2005,s2_760_2075,s5_47_57,Truck (<=10000 lbs.),s3_28_48,Not Deployed,s2_97_208,s1_below_1,Male,s4_96_114,s5_169_179,s2_164_318,s6_260_up,s3_4_5
14109,s2_885_1695,s2_n103_99,s4_n40_7,s1_below_4282,s1_below_2,s2_2001_2003,s3_2075_3730,s4_37_47,Passenger Car,s3_28_48,Not Deployed,s2_97_208,s1_below_1,Female,s2_37_80,s3_141_159,s2_164_318,s3_80_160,s2_2_4
14110,s2_885_1695,s2_n103_99,s5_7_up,s1_below_4282,s1_below_2,s3_2003_2005,s2_760_2075,s5_47_57,Passenger Car,s2_11_28,Not Deployed,s2_97_208,s1_below_1,Female,s2_37_80,s3_141_159,s2_164_318,s6_260_up,s2_2_4
14111,s2_885_1695,s2_n103_99,s4_n40_7,s1_below_4282,s1_below_2,s2_2001_2003,s2_760_2075,s3_17_37,Passenger Car,s4_48_64,Deployed,s2_97_208,s3_2_3,Female,s2_37_80,s3_141_159,s2_164_318,s3_80_160,s2_2_4
14112,s2_885_1695,s2_n103_99,s4_n40_7,s1_below_4282,s2_2_3,s1_below_2001,s2_760_2075,s3_17_37,Passenger Car,s3_28_48,Deployed,s2_97_208,s1_below_1,Female,s2_37_80,s3_141_159,s2_164_318,s4_160_220,s2_2_4
14113,s2_885_1695,s2_n103_99,s4_n40_7,s1_below_4282,s3_3_4,s1_below_2001,s3_2075_3730,s4_37_47,Passenger Car,s3_28_48,Deployed,s2_97_208,s5_4_5,Male,s3_80_96,s3_141_159,s2_164_318,s3_80_160,s2_2_4
14114,s3_1695_2555,s2_n103_99,s4_n40_7,s1_below_4282,s3_3_4,s1_below_2001,s2_760_2075,s4_37_47,Truck (<=10000 lbs.),s4_48_64,Deployed,s2_97_208,s1_below_1,Male,s2_37_80,s3_141_159,s2_164_318,s3_80_160,s2_2_4
14115,s2_885_1695,s2_n103_99,s5_7_up,s1_below_4282,s1_below_2,s1_below_2001,s2_760_2075,s4_37_47,Passenger Car,s2_11_28,Not Deployed,s2_97_208,s1_below_1,Male,s6_130_up,s3_141_159,s2_164_318,s6_260_up,s2_2_4
14116,s2_885_1695,s2_n103_99,s4_n40_7,s1_below_4282,s1_below_2,s2_2001_2003,s2_760_2075,s4_37_47,Passenger Car,s5_64_76,Not Deployed,s2_97_208,s1_below_1,Female,s4_96_114,s3_141_159,s2_164_318,s3_80_160,s2_2_4
14117,s3_1695_2555,s2_n103_99,s4_n40_7,s1_below_4282,s2_2_3,s2_2001_2003,s2_760_2075,s3_17_37,Truck (<=6000 lbs.),s4_48_64,Deployed,s2_97_208,s4_3_4,Female,s2_37_80,s3_141_159,s2_164_318,s4_160_220,s2_2_4
14118,s2_885_1695,s2_n103_99,s5_7_up,s1_below_4282,s2_2_3,s2_2001_2003,s2_760_2075,s3_17_37,Passenger Car,s4_48_64,Not Deployed,s2_97_208,s1_below_1,Male,s4_96_114,s3_141_159,s2_164_318,s4_160_220,s2_2_4
14119,s2_885_1695,s2_n103_99,s4_n40_7,s1_below_4282,s1_below_2,s1_below_2001,s2_760_2075,s4_37_47,Passenger Car,s5_64_76,Deployed,s2_97_208,s1_below_1,Male,s2_37_80,s3_141_159,s2_164_318,s4_160_220,s2_2_4
14120,s2_885_1695,s2_n103_99,s4_n40_7,s1_below_4282,s1_below_2,s2_2001_2003,s2_760_2075,s3_17_37,Passenger Car,s5_64_76,Not Deployed,s2_97_208,s2_1_2,Female,s2_37_80,s3_141_159,s2_164_318,s2_40_80,s2_2_4
14121,s2_885_1695,s2_n103_99,s5_7_up,s1_below_4282,s2_2_3,s3_2003_2005,s2_760_2075,s6_57_up,Passenger Car,s4_48_64,Not Deployed,s2_97_208,s1_below_1,Female,s3_80_96,s3_141_159,s2_164_318,s6_260_up,s2_2_4
14122,s3_1695_2555,s2_n103_99,s4_n40_7,s1_below_4282,s3_3_4,s1_below_2001,s2_760_2075,s3_17_37,Truck (<=6000 lbs.),s4_48_64,Not Deployed,s2_97_208,s1_below_1,Male,s4_96_114,s4_159_169,s2_164_318,s3_80_160,s3_4_5
14123,s2_885_1695,s2_n103_99,s5_7_up,s1_below_4282,s1_below_2,s1_below_2001,s2_760_2075,s5_47_57,Passenger Car,s6_76_up,Not Deployed,s2_97_208,s5_4_5,Female,s2_37_80,s3_141_159,s2_164_318,s1_below_40,s2_2_4
14124,s2_885_1695,s2_n103_99,s3_n81_n40,s1_below_4282,s1_below_2,s1_below_2001,s2_760_2075,s5_47_57,Passenger Car,s2_11_28,Deployed,s2_97_208,s1_below_1,Male,s2_37_80,s3_141_159,s2_164_318,s3_80_160,s2_2_4
14125,s2_885_1695,s2_n103_99,s5_7_up,s1_below_4282,s1_below_2,s2_2001_2003,s2_760_2075,s5_47_57,Passenger Car,s4_48_64,Not Deployed,s2_97_208,s1_below_1,Female,s2_37_80,s3_141_159,s2_164_318,s6_260_up,s2_2_4
14126,s2_885_1695,s2_n103_99,s4_n40_7,s1_below_4282,s3_3_4,s2_2001_2003,s2_760_2075,s3_17_37,Passenger Car,s2_11_28,Not Deployed,s2_97_208,s1_below_1,Female,s2_37_80,s3_141_159,s2_164_318,s4_160_220,s2_2_4
14127,s4_2555_3715,s2_n103_99,s4_n40_7,s1_below_4282,s2_2_3,s3_2003_2005,s2_760_2075,s5_47_57,Truck (<=10000 lbs.),s3_28_48,Not Deployed,s2_97_208,s1_below_1,Male,s4_96_114,s5_169_179,s2_164_318,s3_80_160,s3_4_5
14128,s3_1695_2555,s2_n103_99,s5_7_up,s1_below_4282,s4_4_5,s3_2003_2005,s3_2075_3730,s4_37_47,Truck (<=10000 lbs.),s3_28_48,Not Deployed,s2_97_208,s1_below_1,Male,s3_80_96,s4_159_169,s2_164_318,s6_260_up,s3_4_5
14129,s3_1695_2555,s2_n103_99,s4_n40_7,s1_below_4282,s4_4_5,s1_below_2001,s2_760_2075,s4_37_47,Truck (<=6000 lbs.),s4_48_64,Deployed,s2_97_208,s2_1_2,Female,s2_37_80,s3_141_159,s2_164_318,s3_80_160,s2_2_4
14130,s2_885_1695,s2_n103_99,s4_n40_7,s1_below_4282,s4_4_5,s1_below_2001,s2_760_2075,s4_37_47,Passenger Car,s2_11_28,Deployed,s2_97_208,s1_below_1,Female,s2_37_80,s3_141_159,s2_164_318,s3_80_160,s2_2_4
14131,s4_2555_3715,s2_n103_99,s4_n40_7,s1_below_4282,s1_below_2,s2_2001_2003,s2_760_2075,s4_37_47,Passenger Car,s2_11_28,Deployed,s2_97_208,s1_below_1,Male,s2_37_80,s3_141_159,s2_164_318,s3_80_160,s2_2_4
14132,s2_885_1695,s2_n103_99,s5_7_up,s1_below_4282,s1_below_2,s3_2003_2005,s3_2075_3730,s4_37_47,Passenger Car,s4_48_64,Not Deployed,s2_97_208,s1_below_1,Male,s4_96_114,s3_141_159,s2_164_318,s6_260_up,s2_2_4
14133,s3_1695_2555,s2_n103_99,s4_n40_7,s1_below_4282,s3_3_4,s1_below_2001,s2_760_2075,s4_37_47,Truck (<=6000 lbs.),s2_11_28,Not Deployed,s2_97_208,s1_below_1,Female,s2_37_80,s3_141_159,s2_164_318,s3_80_160,s2_2_4
14134,s2_885_1695,s2_n103_99,s4_n40_7,s1_below_4282,s4_4_5,s3_2003_2005,s2_760_2075,s4_37_47,Truck (<=6000 lbs.),s4_48_64,Deployed,s2_97_208,s1_below_1,Female,s2_37_80,s3_141_159,s2_164_318,s4_160_220,s2_2_4
14135,s3_1695_2555,s2_n103_99,s4_n40_7,s1_below_4282,s2_2_3,s2_2001_2003,s2_760_2075,s3_17_37,Truck (<=6000 lbs.),s3_28_48,Not Deployed,s2_97_208,s1_below_1,Female,s2_37_80,s3_141_159,s2_164_318,s2_40_80,s3_4_5
14136,s2_885_1695,s2_n103_99,s4_n40_7,s1_below_4282,s2_2_3,s1_below_2001,s2_760_2075,s4_37_47,Truck (<=6000 lbs.),s3_28_48,Not Deployed,s2_97_208,s3_2_3,Female,s2_37_80,s3_141_159,s2_164_318,s3_80_160,s2_2_4
14137,s2_885_1695,s2_n103_99,s4_n40_7,s1_below_4282,s1_below_2,s1_below_2001,s2_760_2075,s4_37_47,Passenger Car,s2_11_28,Deployed,s2_97_208,s1_below_1,Male,s2_37_80,s3_141_159,s2_164_318,s3_80_160,s2_2_4
14138,s2_885_1695,s2_n103_99,s4_n40_7,s1_below_4282,s2_2_3,s1_below_2001,s3_2075_3730,s4_37_47,Passenger Car,s4_48_64,Deployed,s2_97_208,s3_2_3,Male,s2_37_80,s3_141_159,s2_164_318,s3_80_160,s2_2_4
14139,s2_885_1695,s2_n103_99,s4_n40_7,s1_below_4282,s2_2_3,s2_2001_2003,s3_2075_3730,s4_37_47,Passenger Car,s4_48_64,Deployed,s2_97_208,s6_5_up,Male,s3_80_96,s3_141_159,s2_164_318,s4_160_220,s2_2_4
14140,s2_885_1695,s2_n103_99,s4_n40_7,s1_below_4282,s4_4_5,s2_2001_2003,s2_760_2075,s4_37_47,Truck (<=6000 lbs.),s3_28_48,Not Deployed,s2_97_208,s1_below_1,Male,s4_96_114,s3_141_159,s3_318_464,s4_160_220,s2_2_4
14141,s2_885_1695,s2_n103_99,s4_n40_7,s1_below_4282,s4_4_5,s2_2001_2003,s2_760_2075,s4_37_47,Passenger Car,s2_11_28,Not Deployed,s2_97_208,s3_2_3,Female,s2_37_80,s3_141_159,s2_164_318,s2_40_80,s2_2_4
14142,s3_1695_2555,s2_n103_99,s4_n40_7,s1_below_4282,s1_below_2,s1_below_2001,s2_760_2075,s3_17_37,Truck (<=6000 lbs.),s4_48_64,Deployed,s2_97_208,s1_below_1,Female,s2_37_80,s3_141_159,s2_164_318,s3_80_160,s2_2_4
14143,s3_1695_2555,s2_n103_99,s4_n40_7,s1_below_4282,s1_below_2,s1_below_2001,s2_760_2075,s3_17_37,Truck (<=6000 lbs.),s6_76_up,Not Deployed,s2_97_208,s4_3_4,Male,s3_80_96,s3_141_159,s2_164_318,s2_40_80,s2_2_4
14144,s2_885_1695,s2_n103_99,s4_n40_7,s1_below_4282,s1_below_2,s1_below_2001,s2_760_2075,s4_37_47,Passenger Car,s2_11_28,Deployed,s2_97_208,s1_below_1,Female,s2_37_80,s3_141_159,s2_164_318,s3_80_160,s2_2_4
14145,s2_885_1695,s2_n103_99,s5_7_up,s1_below_4282,s4_4_5,s3_2003_2005,s2_760_2075,s3_17_37,Passenger Car,s2_11_28,Not Deployed,s2_97_208,s1_below_1,Male,s4_96_114,s3_141_159,s2_164_318,s6_260_up,s2_2_4
14146,s3_1695_2555,s2_n103_99,s4_n40_7,s1_below_4282,s2_2_3,s1_below_2001,s2_760_2075,s4_37_47,Truck (<=10000 lbs.),s4_48_64,Deployed,s2_97_208,s1_below_1,Male,s2_37_80,s5_169_179,s3_318_464,s3_80_160,s4_5_6
14147,s2_885_1695,s2_n103_99,s4_n40_7,s1_below_4282,s2_2_3,s2_2001_2003,s2_760_2075,s4_37_47,Passenger Car,s4_48_64,Deployed,s2_97_208,s2_1_2,Female,s2_37_80,s3_141_159,s2_164_318,s4_160_220,s2_2_4
14148,s2_885_1695,s2_n103_99,s5_7_up,s1_below_4282,s3_3_4,s3_2003_2005,s2_760_2075,s4_37_47,Passenger Car,s4_48_64,Not Deployed,s2_97_208,s1_below_1,Female,s2_37_80,s3_141_159,s2_164_318,s6_260_up,s2_2_4
14149,s2_885_1695,s2_n103_99,s4_n40_7,s1_below_4282,s1_below_2,s1_below_2001,s2_760_2075,s3_17_37,Passenger Car,s3_28_48,Deployed,s2_97_208,s4_3_4,Female,s4_96_114,s3_141_159,s2_164_318,s2_40_80,s2_2_4
14150,s3_1695_2555,s2_n103_99,s4_n40_7,s1_below_4282,s2_2_3,s1_below_2001,s2_760_2075,s4_37_47,Truck (<=6000 lbs.),s4_48_64,Not Deployed,s2_97_208,s1_below_1,Female,s2_37_80,s4_159_169,s2_164_318,s3_80_160,s2_2_4
14151,s2_885_1695,s2_n103_99,s3_n81_n40,s1_below_4282,s2_2_3,s3_2003_2005,s2_760_2075,s4_37_47,Passenger Car,s5_64_76,Deployed,s2_97_208,s3_2_3,Female,s2_37_80,s3_141_159,s2_164_318,s3_80_160,s2_2_4
14152,s2_885_1695,s2_n103_99,s4_n40_7,s1_below_4282,s2_2_3,s1_below_2001,s3_2075_3730,s4_37_47,Passenger Car,s4_48_64,Not Deployed,s2_97_208,s1_below_1,Female,s2_37_80,s3_141_159,s2_164_318,s2_40_80,s2_2_4
14153,s2_885_1695,s2_n103_99,s5_7_up,s1_below_4282,s3_3_4,s3_2003_2005,s2_760_2075,s5_47_57,Passenger Car,s6_76_up,Not Deployed,s2_97_208,s1_below_1,Female,s2_37_80,s3_141_159,s2_164_318,s6_260_up,s2_2_4
14154,s2_885_1695,s2_n103_99,s4_n40_7,s1_below_4282,s4_4_5,s3_2003_2005,s2_760_2075,s4_37_47,Passenger Car,s3_28_48,Not Deployed,s2_97_208,s1_below_1,Male,s3_80_96,s3_141_159,s2_164_318,s4_160_220,s2_2_4
14155,s3_1695_2555,s2_n103_99,s4_n40_7,s1_below_4282,s1_below_2,s3_2003_2005,s2_760_2075,s4_37_47,Truck (<=6000 lbs.),s3_28_48,Deployed,s2_97_208,s2_1_2,Female,s2_37_80,s3_141_159,s2_164_318,s3_80_160,s2_2_4
14156,s2_885_1695,s2_n103_99,s3_n81_n40,s1_below_4282,s1_below_2,s2_2001_2003,s2_760_2075,s4_37_47,Passenger Car,s2_11_28,Deployed,s2_97_208,s4_3_4,Female,s2_37_80,s3_141_159,s2_164_318,s3_80_160,s2_2_4
14157,s2_885_1695,s2_n103_99,s5_7_up,s1_below_4282,s2_2_3,s2_2001_2003,s2_760_2075,s6_57_up,Truck (<=6000 lbs.),s3_28_48,Not Deployed,s2_97_208,s1_below_1,Female,s3_80_96,s3_141_159,s2_164_318,s6_260_up,s2_2_4
14158,s3_1695_2555,s2_n103_99,s4_n40_7,s1_below_4282,s2_2_3,s2_2001_2003,s2_760_2075,s4_37_47,Truck (<=6000 lbs.),s3_28_48,Deployed,s2_97_208,s1_below_1,Female,s2_37_80,s4_159_169,s2_164_318,s3_80_160,s3_4_5
14159,s2_885_1695,s2_n103_99,s4_n40_7,s1_below_4282,s2_2_3,s2_2001_2003,s3_2075_3730,s6_57_up,Passenger Car,s2_11_28,Deployed,s2_97_208,s1_below_1,Female,s2_37_80,s3_141_159,s2_164_318,s3_80_160,s2_2_4
14160,s2_885_1695,s2_n103_99,s4_n40_7,s1_below_4282,s1_below_2,s2_2001_2003,s2_760_2075,s3_17_37,Passenger Car,s3_28_48,Deployed,s2_97_208,s1_below_1,Male,s2_37_80,s3_141_159,s2_164_318,s4_160_220,s2_2_4
14161,s2_885_1695,s2_n103_99,s4_n40_7,s1_below_4282,s3_3_4,s1_below_2001,s2_760_2075,s4_37_47,Truck (<=6000 lbs.),s3_28_48,Not Deployed,s2_97_208,s1_below_1,Male,s4_96_114,s2_116_141,s2_164_318,s3_80_160,s2_2_4
14162,s3_1695_2555,s2_n103_99,s4_n40_7,s1_below_4282,s1_below_2,s2_2001_2003,s2_760_2075,s3_17_37,Truck (<=10000 lbs.),s2_11_28,Not Deployed,s2_97_208,s1_below_1,Male,s2_37_80,s5_169_179,s3_318_464,s5_220_260,s4_5_6
14163,s2_885_1695,s2_n103_99,s4_n40_7,s1_below_4282,s3_3_4,s1_below_2001,s3_2075_3730,s3_17_37,Passenger Car,s3_28_48,Deployed,s2_97_208,s1_below_1,Female,s3_80_96,s3_141_159,s2_164_318,s3_80_160,s2_2_4
14164,s2_885_1695,s2_n103_99,s4_n40_7,s1_below_4282,s4_4_5,s1_below_2001,s2_760_2075,s4_37_47,Passenger Car,s2_11_28,Deployed,s2_97_208,s3_2_3,Female,s5_114_130,s3_141_159,s2_164_318,s3_80_160,s2_2_4
14165,s3_1695_2555,s2_n103_99,s4_n40_7,s1_below_4282,s2_2_3,s2_2001_2003,s2_760_2075,s5_47_57,Truck (<=10000 lbs.),s4_48_64,Not Deployed,s2_97_208,s1_below_1,Male,s3_80_96,s4_159_169,s3_318_464,s4_160_220,s4_5_6
14166,s3_1695_2555,s2_n103_99,s4_n40_7,s1_below_4282,s3_3_4,s2_2001_2003,s3_2075_3730,s3_17_37,Truck (<=10000 lbs.),s3_28_48,Not Deployed,s2_97_208,s2_1_2,Female,s2_37_80,s4_159_169,s3_318_464,s3_80_160,s4_5_6
14167,s2_885_1695,s2_n103_99,s4_n40_7,s1_below_4282,s1_below_2,s2_2001_2003,s3_2075_3730,s3_17_37,Passenger Car,s2_11_28,Deployed,s2_97_208,s1_below_1,Female,s2_37_80,s3_141_159,s2_164_318,s3_80_160,s2_2_4
14168,s3_1695_2555,s2_n103_99,s4_n40_7,s1_below_4282,s1_below_2,s1_below_2001,s2_760_2075,s3_17_37,Truck (<=6000 lbs.),s2_11_28,Deployed,s2_97_208,s1_below_1,Male,s4_96_114,s3_141_159,s3_318_464,s3_80_160,s3_4_5
14169,s3_1695_2555,s2_n103_99,s4_n40_7,s1_below_4282,s4_4_5,s2_2001_2003,s3_2075_3730,s5_47_57,Truck (<=10000 lbs.),s2_11_28,Deployed,s2_97_208,s1_below_1,Male,s2_37_80,s4_159_169,s3_318_464,s2_40_80,s4_5_6
14170,s2_885_1695,s2_n103_99,s4_n40_7,s1_below_4282,s5_5_6,s1_below_2001,s3_2075_3730,s5_47_57,Passenger Car,s2_11_28,Not Deployed,s2_97_208,s1_below_1,Male,s4_96_114,s3_141_159,s2_164_318,s3_80_160,s2_2_4
14171,s3_1695_2555,s2_n103_99,s4_n40_7,s1_below_4282,s1_below_2,s2_2001_2003,s2_760_2075,s5_47_57,Truck (<=6000 lbs.),s3_28_48,Not Deployed,s2_97_208,s1_below_1,Female,s2_37_80,s3_141_159,s2_164_318,s3_80_160,s2_2_4
14172,s3_1695_2555,s2_n103_99,s4_n40_7,s1_below_4282,s3_3_4,s1_below_2001,s2_760_2075,s4_37_47,Truck (<=10000 lbs.),s4_48_64,Not Deployed,s2_97_208,s2_1_2,Male,s6_130_up,s4_159_169,s2_164_318,s4_160_220,s3_4_5
14173,s2_885_1695,s2_n103_99,s4_n40_7,s1_below_4282,s1_below_2,s3_2003_2005,s2_760_2075,s4_37_47,Passenger Car,s3_28_48,Not Deployed,s2_97_208,s1_below_1,Female,s2_37_80,s3_141_159,s2_164_318,s3_80_160,s2_2_4
14174,s2_885_1695,s2_n103_99,s4_n40_7,s1_below_4282,s1_below_2,s2_2001_2003,s3_2075_3730,s3_17_37,Passenger Car,s2_11_28,Not Deployed,s2_97_208,s1_below_1,Female,s2_37_80,s3_141_159,s2_164_318,s3_80_160,s2_2_4
14175,s3_1695_2555,s2_n103_99,s4_n40_7,s1_below_4282,s1_below_2,s3_2003_2005,s2_760_2075,s3_17_37,Truck (<=6000 lbs.),s2_11_28,Deployed,s2_97_208,s1_below_1,Female,s2_37_80,s3_141_159,s2_164_318,s3_80_160,s2_2_4
14176,s2_885_1695,s2_n103_99,s3_n81_n40,s1_below_4282,s1_below_2,s1_below_2001,s2_760_2075,s6_57_up,Passenger Car,s5_64_76,Deployed,s2_97_208,s2_1_2,Female,s3_80_96,s3_141_159,s2_164_318,s3_80_160,s2_2_4
14177,s3_1695_2555,s2_n103_99,s4_n40_7,s1_below_4282,s1_below_2,s3_2003_2005,s2_760_2075,s5_47_57,Truck (<=10000 lbs.),s3_28_48,Deployed,s2_97_208,s1_below_1,Male,s4_96_114,s4_159_169,s3_318_464,s3_80_160,s5_6_7
14178,s2_885_1695,s2_n103_99,s4_n40_7,s1_below_4282,s4_4_5,s2_2001_2003,s2_760_2075,s4_37_47,Passenger Car,s2_11_28,Deployed,s2_97_208,s1_below_1,Female,s3_80_96,s3_141_159,s2_164_318,s3_80_160,s2_2_4
14179,s2_885_1695,s2_n103_99,s4_n40_7,s1_below_4282,s3_3_4,s1_below_2001,s2_760_2075,s4_37_47,Passenger Car,s2_11_28,Not Deployed,s2_97_208,s1_below_1,Male,s3_80_96,s3_141_159,s2_164_318,s3_80_160,s2_2_4
14180,s3_1695_2555,s2_n103_99,s4_n40_7,s1_below_4282,s1_below_2,s1_below_2001,s2_760_2075,s5_47_57,Truck (<=10000 lbs.),s2_11_28,Deployed,s2_97_208,s1_below_1,Male,s3_80_96,s4_159_169,s2_164_318,s3_80_160,s3_4_5
14181,s3_1695_2555,s2_n103_99,s3_n81_n40,s1_below_4282,s1_below_2,s1_below_2001,s2_760_2075,s5_47_57,Truck (<=6000 lbs.),s2_11_28,Deployed,s2_97_208,s1_below_1,Female,s2_37_80,s3_141_159,s2_164_318,s3_80_160,s2_2_4
14182,s2_885_1695,s2_n103_99,s4_n40_7,s1_below_4282,s1_below_2,s2_2001_2003,s2_760_2075,s3_17_37,Passenger Car,s3_28_48,Deployed,s2_97_208,s1_below_1,Male,s3_80_96,s3_141_159,s2_164_318,s3_80_160,s2_2_4
14183,s3_1695_2555,s2_n103_99,s4_n40_7,s1_below_4282,s1_below_2,s2_2001_2003,s2_760_2075,s3_17_37,Truck (<=6000 lbs.),s5_64_76,Deployed,s2_97_208,s1_below_1,Male,s3_80_96,s4_159_169,s2_164_318,s3_80_160,s2_2_4
14184,s2_885_1695,s2_n103_99,s4_n40_7,s1_below_4282,s1_below_2,s2_2001_2003,s2_760_2075,s4_37_47,Passenger Car,s6_76_up,Not Deployed,s2_97_208,s1_below_1,Female,s2_37_80,s3_141_159,s2_164_318,s3_80_160,s2_2_4
14185,s2_885_1695,s2_n103_99,s4_n40_7,s1_below_4282,s1_below_2,s2_2001_2003,s3_2075_3730,s3_17_37,Passenger Car,s2_11_28,Not Deployed,s2_97_208,s2_1_2,Female,s3_80_96,s3_141_159,s2_164_318,s3_80_160,s2_2_4
14186,s2_885_1695,s2_n103_99,s4_n40_7,s1_below_4282,s1_below_2,s3_2003_2005,s2_760_2075,s5_47_57,Passenger Car,s4_48_64,Deployed,s2_97_208,s1_below_1,Male,s3_80_96,s3_141_159,s2_164_318,s3_80_160,s2_2_4
14187,s2_885_1695,s2_n103_99,s4_n40_7,s1_below_4282,s1_below_2,s2_2001_2003,s3_2075_3730,s4_37_47,Passenger Car,s3_28_48,Deployed,s2_97_208,s1_below_1,Female,s2_37_80,s3_141_159,s2_164_318,s3_80_160,s2_2_4
14188,s3_1695_2555,s2_n103_99,s4_n40_7,s1_below_4282,s1_below_2,s2_2001_2003,s2_760_2075,s3_17_37,Truck (<=6000 lbs.),s3_28_48,Not Deployed,s2_97_208,s1_below_1,Male,s3_80_96,s3_141_159,s3_318_464,s3_80_160,s2_2_4
14189,s3_1695_2555,s2_n103_99,s4_n40_7,s1_below_4282,s3_3_4,s1_below_2001,s2_760_2075,s5_47_57,Truck (<=6000 lbs.),s4_48_64,Deployed,s2_97_208,s1_below_1,Female,s2_37_80,s3_141_159,s2_164_318,s3_80_160,s2_2_4
14190,s3_1695_2555,s2_n103_99,s4_n40_7,s1_below_4282,s1_below_2,s3_2003_2005,s2_760_2075,s3_17_37,Truck (<=6000 lbs.),s3_28_48,Not Deployed,s2_97_208,s1_below_1,Male,s4_96_114,s4_159_169,s2_164_318,s3_80_160,s2_2_4
14191,s2_885_1695,s2_n103_99,s5_7_up,s1_below_4282,s1_below_2,s2_2001_2003,s3_2075_3730,s3_17_37,Passenger Car,s2_11_28,Not Deployed,s2_97_208,s1_below_1,Male,s2_37_80,s3_141_159,s2_164_318,s6_260_up,s2_2_4
14192,s2_885_1695,s2_n103_99,s4_n40_7,s1_below_4282,s1_below_2,s1_below_2001,s2_760_2075,s3_17_37,Passenger Car,s2_11_28,Not Deployed,s2_97_208,s1_below_1,Female,s2_37_80,s3_141_159,s2_164_318,s3_80_160,s2_2_4
14193,s2_885_1695,s2_n103_99,s4_n40_7,s1_below_4282,s3_3_4,s1_below_2001,s2_760_2075,s3_17_37,Passenger Car,s3_28_48,Deployed,s2_97_208,s1_below_1,Female,s2_37_80,s3_141_159,s2_164_318,s3_80_160,s2_2_4
14194,s2_885_1695,s2_n103_99,s4_n40_7,s1_below_4282,s1_below_2,s1_below_2001,s2_760_2075,s5_47_57,Passenger Car,s2_11_28,Deployed,s2_97_208,s1_below_1,Male,s2_37_80,s3_141_159,s2_164_318,s3_80_160,s2_2_4
14195,s3_1695_2555,s2_n103_99,s4_n40_7,s1_below_4282,s1_below_2,s1_below_2001,s2_760_2075,s3_17_37,Truck (<=6000 lbs.),s4_48_64,Not Deployed,s2_97_208,s1_below_1,Male,s4_96_114,s4_159_169,s2_164_318,s3_80_160,s3_4_5
14196,s2_885_1695,s2_n103_99,s4_n40_7,s1_below_4282,s2_2_3,s1_below_2001,s2_760_2075,s5_47_57,Passenger Car,s3_28_48,Not Deployed,s2_97_208,s1_below_1,Female,s2_37_80,s3_141_159,s2_164_318,s3_80_160,s2_2_4
14197,s2_885_1695,s2_n103_99,s5_7_up,s1_below_4282,s2_2_3,s2_2001_2003,s2_760_2075,s6_57_up,Passenger Car,s2_11_28,Not Deployed,s2_97_208,s1_below_1,Female,s2_37_80,s3_141_159,s2_164_318,s6_260_up,s2_2_4
14198,s3_1695_2555,s2_n103_99,s4_n40_7,s1_below_4282,s1_below_2,s1_below_2001,s2_760_2075,s5_47_57,Truck (<=6000 lbs.),s4_48_64,Deployed,s2_97_208,s1_below_1,Male,s3_80_96,s3_141_159,s2_164_318,s3_80_160,s2_2_4
14199,s4_2555_3715,s2_n103_99,s4_n40_7,s1_below_4282,s2_2_3,s2_2001_2003,s2_760_2075,s6_57_up,Truck (<=10000 lbs.),s2_11_28,Deployed,s2_97_208,s1_below_1,Female,s2_37_80,s4_159_169,s3_318_464,s3_80_160,s4_5_6
14200,s3_1695_2555,s2_n103_99,s4_n40_7,s1_below_4282,s3_3_4,s2_2001_2003,s3_2075_3730,s4_37_47,Truck (<=6000 lbs.),s4_48_64,Not Deployed,s2_97_208,s1_below_1,Male,s4_96_114,s3_141_159,s2_164_318,s4_160_220,s2_2_4
14201,s3_1695_2555,s2_n103_99,s4_n40_7,s1_below_4282,s3_3_4,s2_2001_2003,s2_760_2075,s4_37_47,Truck (<=10000 lbs.),s5_64_76,Not Deployed,s2_97_208,s2_1_2,Female,s2_37_80,s5_169_179,s3_318_464,s3_80_160,s4_5_6
14202,s2_885_1695,s2_n103_99,s4_n40_7,s1_below_4282,s2_2_3,s1_below_2001,s2_760_2075,s4_37_47,Passenger Car,s3_28_48,Not Deployed,s2_97_208,s1_below_1,Female,s2_37_80,s3_141_159,s2_164_318,s3_80_160,s2_2_4
14203,s3_1695_2555,s2_n103_99,s4_n40_7,s1_below_4282,s4_4_5,s2_2001_2003,s2_760_2075,s5_47_57,Truck (<=6000 lbs.),s2_11_28,Not Deployed,s2_97_208,s1_below_1,Female,s2_37_80,s3_141_159,s2_164_318,s3_80_160,s2_2_4
14204,s2_885_1695,s2_n103_99,s3_n81_n40,s1_below_4282,s2_2_3,s1_below_2001,s2_760_2075,s5_47_57,Passenger Car,s4_48_64,Deployed,s2_97_208,s2_1_2,Female,s4_96_114,s3_141_159,s2_164_318,s3_80_160,s2_2_4
14205,s2_885_1695,s2_n103_99,s4_n40_7,s1_below_4282,s1_below_2,s1_below_2001,s2_760_2075,s3_17_37,Passenger Car,s2_11_28,Not Deployed,s2_97_208,s1_below_1,Male,s2_37_80,s3_141_159,s2_164_318,s4_160_220,s2_2_4
14206,s3_1695_2555,s2_n103_99,s4_n40_7,s1_below_4282,s1_below_2,s2_2001_2003,s2_760_2075,s5_47_57,Truck (<=6000 lbs.),s3_28_48,Not Deployed,s2_97_208,s2_1_2,Male,s2_37_80,s4_159_169,s2_164_318,s3_80_160,s2_2_4
14207,s2_885_1695,s2_n103_99,s4_n40_7,s1_below_4282,s3_3_4,s1_below_2001,s2_760_2075,s3_17_37,Passenger Car,s3_28_48,Not Deployed,s2_97_208,s1_below_1,Female,s3_80_96,s3_141_159,s2_164_318,s3_80_160,s2_2_4
14208,s3_1695_2555,s2_n103_99,s4_n40_7,s1_below_4282,s1_below_2,s3_2003_2005,s2_760_2075,s6_57_up,Truck (<=10000 lbs.),s3_28_48,Not Deployed,s2_97_208,s1_below_1,Male,s3_80_96,s4_159_169,s3_318_464,s3_80_160,s4_5_6
14209,s3_1695_2555,s2_n103_99,s5_7_up,s1_below_4282,s1_below_2,s3_2003_2005,s3_2075_3730,s6_57_up,Truck (<=6000 lbs.),s4_48_64,Not Deployed,s2_97_208,s1_below_1,Female,s2_37_80,s4_159_169,s2_164_318,s6_260_up,s3_4_5
14210,s2_885_1695,s2_n103_99,s4_n40_7,s1_below_4282,s1_below_2,s2_2001_2003,s2_760_2075,s3_17_37,Truck (<=6000 lbs.),s3_28_48,Not Deployed,s2_97_208,s1_below_1,Female,s3_80_96,s3_141_159,s2_164_318,s3_80_160,s2_2_4
14211,s2_885_1695,s2_n103_99,s4_n40_7,s1_below_4282,s1_below_2,s3_2003_2005,s2_760_2075,s5_47_57,Passenger Car,s4_48_64,Deployed,s2_97_208,s1_below_1,Female,s3_80_96,s3_141_159,s2_164_318,s3_80_160,s2_2_4
14212,s2_885_1695,s2_n103_99,s4_n40_7,s1_below_4282,s1_below_2,s2_2001_2003,s2_760_2075,s3_17_37,Passenger Car,s2_11_28,Not Deployed,s2_97_208,s1_below_1,Female,s2_37_80,s3_141_159,s2_164_318,s3_80_160,s2_2_4
14213,s2_885_1695,s2_n103_99,s4_n40_7,s1_below_4282,s2_2_3,s1_below_2001,s2_760_2075,s6_57_up,Passenger Car,s2_11_28,Not Deployed,s2_97_208,s1_below_1,Female,s2_37_80,s3_141_159,s2_164_318,s3_80_160,s2_2_4
14214,s2_885_1695,s2_n103_99,s4_n40_7,s1_below_4282,s3_3_4,s2_2001_2003,s2_760_2075,s5_47_57,Passenger Car,s2_11_28,Not Deployed,s2_97_208,s1_below_1,Male,s4_96_114,s3_141_159,s2_164_318,s6_260_up,s2_2_4
14215,s2_885_1695,s2_n103_99,s5_7_up,s1_below_4282,s1_below_2,s2_2001_2003,s2_760_2075,s6_57_up,Truck (<=6000 lbs.),s2_11_28,Not Deployed,s2_97_208,s1_below_1,Female,s2_37_80,s3_141_159,s2_164_318,s6_260_up,s2_2_4
14216,s2_885_1695,s2_n103_99,s4_n40_7,s1_below_4282,s1_below_2,s2_2001_2003,s2_760_2075,s6_57_up,Passenger Car,s3_28_48,Not Deployed,s2_97_208,s1_below_1,Female,s2_37_80,s3_141_159,s2_164_318,s3_80_160,s2_2_4
14217,s3_1695_2555,s2_n103_99,s4_n40_7,s1_below_4282,s4_4_5,s3_2003_2005,s2_760_2075,s5_47_57,Passenger Car,s4_48_64,Not Deployed,s2_97_208,s1_below_1,Female,s2_37_80,s4_159_169,s2_164_318,s4_160_220,s2_2_4
14218,s2_885_1695,s2_n103_99,s4_n40_7,s1_below_4282,s1_below_2,s1_below_2001,s3_2075_3730,s5_47_57,Passenger Car,s6_76_up,Deployed,s2_97_208,s1_below_1,Female,s2_37_80,s3_141_159,s2_164_318,s3_80_160,s2_2_4
14219,s2_885_1695,s2_n103_99,s4_n40_7,s1_below_4282,s1_below_2,s3_2003_2005,s2_760_2075,s4_37_47,Truck (<=6000 lbs.),s3_28_48,Not Deployed,s2_97_208,s1_below_1,Male,s4_96_114,s3_141_159,s2_164_318,s2_40_80,s2_2_4
14220,s2_885_1695,s2_n103_99,s4_n40_7,s1_below_4282,s1_below_2,s2_2001_2003,s2_760_2075,s4_37_47,Passenger Car,s2_11_28,Deployed,s2_97_208,s1_below_1,Male,s3_80_96,s3_141_159,s2_164_318,s3_80_160,s2_2_4
14221,s2_885_1695,s2_n103_99,s4_n40_7,s1_below_4282,s4_4_5,s2_2001_2003,s3_2075_3730,s5_47_57,Passenger Car,s2_11_28,Not Deployed,s2_97_208,s1_below_1,Female,s2_37_80,s3_141_159,s2_164_318,s3_80_160,s2_2_4
14222,s2_885_1695,s2_n103_99,s4_n40_7,s1_below_4282,s3_3_4,s1_below_2001,s2_760_2075,s5_47_57,Passenger Car,s2_11_28,Deployed,s2_97_208,s1_below_1,Male,s3_80_96,s3_141_159,s2_164_318,s3_80_160,s2_2_4
14223,s3_1695_2555,s2_n103_99,s4_n40_7,s1_below_4282,s1_below_2,s1_below_2001,s2_760_2075,s3_17_37,Truck (<=6000 lbs.),s3_28_48,Deployed,s2_97_208,s1_below_1,Female,s2_37_80,s4_159_169,s2_164_318,s3_80_160,s3_4_5
14224,s2_885_1695,s2_n103_99,s4_n40_7,s1_below_4282,s2_2_3,s1_below_2001,s2_760_2075,s4_37_47,Passenger Car,s4_48_64,Deployed,s2_97_208,s1_below_1,Female,s2_37_80,s3_141_159,s2_164_318,s3_80_160,s2_2_4
14225,s2_885_1695,s2_n103_99,s4_n40_7,s1_below_4282,s1_below_2,s1_below_2001,s2_760_2075,s3_17_37,Passenger Car,s5_64_76,Deployed,s2_97_208,s1_below_1,Female,s3_80_96,s3_141_159,s2_164_318,s2_40_80,s2_2_4
14226,s2_885_1695,s2_n103_99,s4_n40_7,s1_below_4282,s2_2_3,s2_2001_2003,s2_760_2075,s5_47_57,Passenger Car,s4_48_64,Deployed,s2_97_208,s1_below_1,Female,s6_130_up,s3_141_159,s2_164_318,s5_220_260,s2_2_4
14227,s2_885_1695,s2_n103_99,s3_n81_n40,s1_below_4282,s3_3_4,s2_2001_2003,s2_760_2075,s5_47_57,Passenger Car,s2_11_28,Deployed,s2_97_208,s1_below_1,Male,s2_37_80,s3_141_159,s2_164_318,s3_80_160,s2_2_4
14228,s3_1695_2555,s2_n103_99,s4_n40_7,s1_below_4282,s1_below_2,s2_2001_2003,s2_760_2075,s5_47_57,Truck (<=10000 lbs.),s3_28_48,Not Deployed,s2_97_208,s1_below_1,Male,s2_37_80,s5_169_179,s2_164_318,s2_40_80,s3_4_5
14229,s2_885_1695,s2_n103_99,s4_n40_7,s1_below_4282,s1_below_2,s1_below_2001,s3_2075_3730,s5_47_57,Truck (<=6000 lbs.),s6_76_up,Not Deployed,s2_97_208,s1_below_1,Male,s3_80_96,s2_116_141,s2_164_318,s3_80_160,s2_2_4
14230,s3_1695_2555,s2_n103_99,s4_n40_7,s1_below_4282,s1_below_2,s3_2003_2005,s2_760_2075,s4_37_47,Truck (<=10000 lbs.),s3_28_48,Not Deployed,s2_97_208,s1_below_1,Female,s4_96_114,s5_169_179,s3_318_464,s3_80_160,s4_5_6
14231,s2_885_1695,s2_n103_99,s4_n40_7,s1_below_4282,s6_6_up,s1_below_2001,s2_760_2075,s4_37_47,Passenger Car,s3_28_48,Deployed,s2_97_208,s1_below_1,Female,s2_37_80,s3_141_159,s2_164_318,s3_80_160,s2_2_4
14232,s4_2555_3715,s2_n103_99,s4_n40_7,s1_below_4282,s1_below_2,s2_2001_2003,s2_760_2075,s5_47_57,Truck (<=10000 lbs.),s3_28_48,Not Deployed,s2_97_208,s1_below_1,Male,s2_37_80,s5_169_179,s3_318_464,s3_80_160,s5_6_7
14233,s3_1695_2555,s2_n103_99,s4_n40_7,s1_below_4282,s1_below_2,s1_below_2001,s2_760_2075,s5_47_57,Truck (<=10000 lbs.),s3_28_48,Not Deployed,s2_97_208,s1_below_1,Male,s2_37_80,s4_159_169,s3_318_464,s3_80_160,s4_5_6
14234,s3_1695_2555,s2_n103_99,s4_n40_7,s1_below_4282,s4_4_5,s2_2001_2003,s2_760_2075,s5_47_57,Truck (<=6000 lbs.),s4_48_64,Not Deployed,s2_97_208,s1_below_1,Female,s2_37_80,s3_141_159,s2_164_318,s3_80_160,s2_2_4
14235,s2_885_1695,s2_n103_99,s4_n40_7,s1_below_4282,s1_below_2,s3_2003_2005,s3_2075_3730,s6_57_up,Passenger Car,s3_28_48,Not Deployed,s2_97_208,s1_below_1,Male,s4_96_114,s3_141_159,s2_164_318,s3_80_160,s2_2_4
14236,s2_885_1695,s2_n103_99,s4_n40_7,s1_below_4282,s1_below_2,s3_2003_2005,s2_760_2075,s5_47_57,Passenger Car,s6_76_up,Not Deployed,s2_97_208,s1_below_1,Male,s3_80_96,s3_141_159,s2_164_318,s3_80_160,s2_2_4
14237,s2_885_1695,s2_n103_99,s4_n40_7,s1_below_4282,s1_below_2,s2_2001_2003,s2_760_2075,s5_47_57,Passenger Car,s4_48_64,Deployed,s2_97_208,s1_below_1,Female,s2_37_80,s3_141_159,s2_164_318,s3_80_160,s2_2_4
14238,s2_885_1695,s2_n103_99,s4_n40_7,s1_below_4282,s1_below_2,s2_2001_2003,s3_2075_3730,s6_57_up,Passenger Car,s2_11_28,Deployed,s2_97_208,s1_below_1,Male,s3_80_96,s3_141_159,s2_164_318,s4_160_220,s2_2_4
14239,s3_1695_2555,s2_n103_99,s4_n40_7,s1_below_4282,s4_4_5,s2_2001_2003,s2_760_2075,s3_17_37,Truck (<=6000 lbs.),s2_11_28,Not Deployed,s2_97_208,s2_1_2,Male,s3_80_96,s4_159_169,s2_164_318,s3_80_160,s3_4_5
14240,s2_885_1695,s2_n103_99,s4_n40_7,s1_below_4282,s4_4_5,s1_below_2001,s2_760_2075,s3_17_37,Truck (<=6000 lbs.),s3_28_48,Deployed,s2_97_208,s1_below_1,Male,s2_37_80,s3_141_159,s2_164_318,s3_80_160,s2_2_4
14241,s3_1695_2555,s2_n103_99,s4_n40_7,s1_below_4282,s4_4_5,s2_2001_2003,s2_760_2075,s5_47_57,Truck (<=10000 lbs.),s3_28_48,Deployed,s2_97_208,s1_below_1,Male,s3_80_96,s3_141_159,s2_164_318,s3_80_160,s2_2_4
14242,s2_885_1695,s2_n103_99,s5_7_up,s1_below_4282,s2_2_3,s1_below_2001,s3_2075_3730,s5_47_57,Passenger Car,s2_11_28,Not Deployed,s2_97_208,s1_below_1,Male,s3_80_96,s3_141_159,s2_164_318,s6_260_up,s2_2_4
14243,s2_885_1695,s2_n103_99,s4_n40_7,s1_below_4282,s2_2_3,s1_below_2001,s2_760_2075,s3_17_37,Passenger Car,s4_48_64,Deployed,s2_97_208,s1_below_1,Female,s2_37_80,s3_141_159,s2_164_318,s3_80_160,s2_2_4
14244,s3_1695_2555,s2_n103_99,s4_n40_7,s1_below_4282,s1_below_2,s1_below_2001,s2_760_2075,s5_47_57,Truck (<=6000 lbs.),s4_48_64,Not Deployed,s2_97_208,s1_below_1,Female,s2_37_80,s3_141_159,s2_164_318,s2_40_80,s2_2_4
14245,s3_1695_2555,s2_n103_99,s4_n40_7,s1_below_4282,s3_3_4,s1_below_2001,s2_760_2075,s3_17_37,Truck (<=10000 lbs.),s3_28_48,Not Deployed,s2_97_208,s1_below_1,Female,s2_37_80,s4_159_169,s3_318_464,s4_160_220,s4_5_6
14246,s3_1695_2555,s2_n103_99,s4_n40_7,s1_below_4282,s2_2_3,s2_2001_2003,s2_760_2075,s5_47_57,Truck (<=6000 lbs.),s2_11_28,Not Deployed,s2_97_208,s1_below_1,Male,s5_114_130,s3_141_159,s2_164_318,s3_80_160,s2_2_4
14247,s3_1695_2555,s2_n103_99,s4_n40_7,s1_below_4282,s2_2_3,s2_2001_2003,s2_760_2075,s5_47_57,Truck (<=10000 lbs.),s3_28_48,Deployed,s2_97_208,s1_below_1,Male,s2_37_80,s4_159_169,s3_318_464,s3_80_160,s4_5_6
14248,s3_1695_2555,s2_n103_99,s5_7_up,s1_below_4282,s1_below_2,s2_2001_2003,s2_760_2075,s5_47_57,Truck (<=6000 lbs.),s3_28_48,Not Deployed,s2_97_208,s1_below_1,Male,s5_114_130,s4_159_169,s3_318_464,s4_160_220,s4_5_6
14249,s2_885_1695,s2_n103_99,s5_7_up,s1_below_4282,s1_below_2,s2_2001_2003,s2_760_2075,s5_47_57,Passenger Car,s6_76_up,Not Deployed,s2_97_208,s1_below_1,Female,s3_80_96,s3_141_159,s2_164_318,s6_260_up,s2_2_4
14250,s2_885_1695,s2_n103_99,s4_n40_7,s1_below_4282,s2_2_3,s2_2001_2003,s2_760_2075,s4_37_47,Passenger Car,s2_11_28,Deployed,s2_97_208,s1_below_1,Male,s2_37_80,s3_141_159,s2_164_318,s3_80_160,s2_2_4
14251,s3_1695_2555,s2_n103_99,s4_n40_7,s1_below_4282,s1_below_2,s1_below_2001,s2_760_2075,s4_37_47,Truck (<=10000 lbs.),s3_28_48,Deployed,s2_97_208,s1_below_1,Male,s2_37_80,s4_159_169,s3_318_464,s4_160_220,s4_5_6
14252,s2_885_1695,s2_n103_99,s4_n40_7,s1_below_4282,s1_below_2,s1_below_2001,s2_760_2075,s4_37_47,Passenger Car,s3_28_48,Deployed,s2_97_208,s2_1_2,Female,s2_37_80,s3_141_159,s2_164_318,s3_80_160,s2_2_4
14253,s2_885_1695,s2_n103_99,s4_n40_7,s1_below_4282,s1_below_2,s2_2001_2003,s2_760_2075,s5_47_57,Passenger Car,s2_11_28,Deployed,s2_97_208,s2_1_2,Female,s2_37_80,s3_141_159,s2_164_318,s4_160_220,s2_2_4
14254,s2_885_1695,s2_n103_99,s5_7_up,s1_below_4282,s1_below_2,s3_2003_2005,s2_760_2075,s5_47_57,Passenger Car,s3_28_48,Not Deployed,s2_97_208,s5_4_5,Female,s2_37_80,s3_141_159,s2_164_318,s1_below_40,s2_2_4
14255,s2_885_1695,s2_n103_99,s4_n40_7,s1_below_4282,s1_below_2,s3_2003_2005,s2_760_2075,s5_47_57,Passenger Car,s3_28_48,Not Deployed,s2_97_208,s4_3_4,Male,s4_96_114,s3_141_159,s2_164_318,s2_40_80,s2_2_4
14256,s2_885_1695,s2_n103_99,s4_n40_7,s1_below_4282,s3_3_4,s2_2001_2003,s2_760_2075,s5_47_57,Truck (<=6000 lbs.),s2_11_28,Not Deployed,s2_97_208,s1_below_1,Male,s2_37_80,s3_141_159,s2_164_318,s2_40_80,s2_2_4
14257,s2_885_1695,s2_n103_99,s4_n40_7,s1_below_4282,s1_below_2,s1_below_2001,s2_760_2075,s5_47_57,Passenger Car,s5_64_76,Deployed,s2_97_208,s1_below_1,Female,s3_80_96,s3_141_159,s2_164_318,s4_160_220,s2_2_4
14258,s2_885_1695,s2_n103_99,s5_7_up,s1_below_4282,s5_5_6,s2_2001_2003,s2_760_2075,s4_37_47,Passenger Car,s2_11_28,Not Deployed,s2_97_208,s1_below_1,Female,s2_37_80,s3_141_159,s2_164_318,s6_260_up,s2_2_4
14259,s2_885_1695,s2_n103_99,s4_n40_7,s1_below_4282,s5_5_6,s1_below_2001,s2_760_2075,s5_47_57,Passenger Car,s2_11_28,Deployed,s2_97_208,s1_below_1,Female,s2_37_80,s3_141_159,s2_164_318,s4_160_220,s2_2_4
14260,s2_885_1695,s2_n103_99,s4_n40_7,s1_below_4282,s2_2_3,s1_below_2001,s2_760_2075,s5_47_57,Passenger Car,s2_11_28,Deployed,s2_97_208,s1_below_1,Female,s2_37_80,s3_141_159,s2_164_318,s3_80_160,s2_2_4
14261,s3_1695_2555,s2_n103_99,s4_n40_7,s1_below_4282,s4_4_5,s2_2001_2003,s2_760_2075,s5_47_57,Truck (<=6000 lbs.),s3_28_48,Deployed,s2_97_208,s1_below_1,Male,s2_37_80,s4_159_169,s2_164_318,s3_80_160,s3_4_5
14262,s2_885_1695,s2_n103_99,s4_n40_7,s1_below_4282,s4_4_5,s3_2003_2005,s2_760_2075,s5_47_57,Truck (<=6000 lbs.),s4_48_64,Not Deployed,s2_97_208,s1_below_1,Male,s2_37_80,s3_141_159,s2_164_318,s3_80_160,s2_2_4
14263,s2_885_1695,s2_n103_99,s4_n40_7,s1_below_4282,s1_below_2,s3_2003_2005,s2_760_2075,s3_17_37,Passenger Car,s2_11_28,Not Deployed,s2_97_208,s1_below_1,Female,s2_37_80,s3_141_159,s2_164_318,s4_160_220,s2_2_4
14264,s2_885_1695,s2_n103_99,s4_n40_7,s1_below_4282,s4_4_5,s2_2001_2003,s2_760_2075,s4_37_47,Passenger Car,s4_48_64,Not Deployed,s2_97_208,s1_below_1,Male,s2_37_80,s3_141_159,s2_164_318,s2_40_80,s2_2_4
14265,s2_885_1695,s2_n103_99,s3_n81_n40,s1_below_4282,s1_below_2,s2_2001_2003,s2_760_2075,s6_57_up,Passenger Car,s2_11_28,Deployed,s2_97_208,s2_1_2,Male,s3_80_96,s3_141_159,s2_164_318,s3_80_160,s2_2_4
14266,s2_885_1695,s2_n103_99,s4_n40_7,s1_below_4282,s1_below_2,s1_below_2001,s2_760_2075,s3_17_37,Passenger Car,s3_28_48,Deployed,s2_97_208,s1_below_1,Female,s2_37_80,s3_141_159,s2_164_318,s3_80_160,s2_2_4
14267,s2_885_1695,s2_n103_99,s4_n40_7,s1_below_4282,s4_4_5,s2_2001_2003,s2_760_2075,s4_37_47,Passenger Car,s2_11_28,Not Deployed,s2_97_208,s1_below_1,Female,s2_37_80,s3_141_159,s2_164_318,s3_80_160,s2_2_4
14268,s2_885_1695,s2_n103_99,s4_n40_7,s1_below_4282,s1_below_2,s3_2003_2005,s2_760_2075,s3_17_37,Passenger Car,s2_11_28,Not Deployed,s2_97_208,s1_below_1,Female,s2_37_80,s3_141_159,s2_164_318,s3_80_160,s2_2_4
14269,s2_885_1695,s2_n103_99,s4_n40_7,s1_below_4282,s1_below_2,s1_below_2001,s2_760_2075,s3_17_37,Passenger Car,s2_11_28,Deployed,s2_97_208,s1_below_1,Male,s3_80_96,s3_141_159,s2_164_318,s3_80_160,s2_2_4
14270,s2_885_1695,s2_n103_99,s4_n40_7,s1_below_4282,s3_3_4,s2_2001_2003,s3_2075_3730,s3_17_37,Passenger Car,s2_11_28,Not Deployed,s2_97_208,s1_below_1,Female,s2_37_80,s3_141_159,s2_164_318,s4_160_220,s2_2_4
14271,s2_885_1695,s2_n103_99,s4_n40_7,s1_below_4282,s1_below_2,s1_below_2001,s2_760_2075,s4_37_47,Passenger Car,s3_28_48,Deployed,s2_97_208,s1_below_1,Female,s2_37_80,s3_141_159,s2_164_318,s3_80_160,s2_2_4
14272,s2_885_1695,s2_n103_99,s4_n40_7,s1_below_4282,s4_4_5,s2_2001_2003,s2_760_2075,s5_47_57,Passenger Car,s2_11_28,Not Deployed,s2_97_208,s1_below_1,Female,s2_37_80,s3_141_159,s2_164_318,s3_80_160,s2_2_4
14273,s2_885_1695,s2_n103_99,s5_7_up,s1_below_4282,s3_3_4,s2_2001_2003,s2_760_2075,s3_17_37,Passenger Car,s2_11_28,Not Deployed,s2_97_208,s1_below_1,Female,s2_37_80,s3_141_159,s2_164_318,s6_260_up,s2_2_4
14274,s3_1695_2555,s2_n103_99,s4_n40_7,s1_below_4282,s1_below_2,s2_2001_2003,s2_760_2075,s3_17_37,Truck (<=6000 lbs.),s3_28_48,Not Deployed,s2_97_208,s1_below_1,Male,s3_80_96,s3_141_159,s3_318_464,s3_80_160,s2_2_4
14275,s2_885_1695,s2_n103_99,s4_n40_7,s1_below_4282,s1_below_2,s1_below_2001,s2_760_2075,s5_47_57,Passenger Car,s2_11_28,Not Deployed,s2_97_208,s1_below_1,Female,s2_37_80,s3_141_159,s2_164_318,s2_40_80,s2_2_4
14276,s2_885_1695,s2_n103_99,s5_7_up,s1_below_4282,s1_below_2,s1_below_2001,s2_760_2075,s4_37_47,Passenger Car,s3_28_48,Not Deployed,s2_97_208,s1_below_1,Male,s3_80_96,s3_141_159,s2_164_318,s6_260_up,s2_2_4
14277,s3_1695_2555,s2_n103_99,s4_n40_7,s1_below_4282,s3_3_4,s3_2003_2005,s2_760_2075,s5_47_57,Truck (<=6000 lbs.),s3_28_48,Deployed,s2_97_208,s1_below_1,Female,s2_37_80,s4_159_169,s2_164_318,s3_80_160,s3_4_5
14278,s2_885_1695,s2_n103_99,s4_n40_7,s1_below_4282,s3_3_4,s1_below_2001,s2_760_2075,s4_37_47,Truck (<=6000 lbs.),s3_28_48,Not Deployed,s2_97_208,s1_below_1,Male,s2_37_80,s3_141_159,s2_164_318,s3_80_160,s2_2_4
14279,s2_885_1695,s2_n103_99,s4_n40_7,s1_below_4282,s3_3_4,s2_2001_2003,s2_760_2075,s4_37_47,Passenger Car,s5_64_76,Not Deployed,s2_97_208,s1_below_1,Female,s2_37_80,s3_141_159,s2_164_318,s3_80_160,s2_2_4
14280,s3_1695_2555,s2_n103_99,s4_n40_7,s1_below_4282,s3_3_4,s1_below_2001,s2_760_2075,s4_37_47,Truck (<=6000 lbs.),s4_48_64,Not Deployed,s2_97_208,s1_below_1,Female,s4_96_114,s3_141_159,s2_164_318,s3_80_160,s2_2_4
14281,s3_1695_2555,s2_n103_99,s4_n40_7,s1_below_4282,s1_below_2,s3_2003_2005,s2_760_2075,s5_47_57,Truck (<=10000 lbs.),s3_28_48,Deployed,s2_97_208,s1_below_1,Male,s4_96_114,s5_169_179,s3_318_464,s3_80_160,s4_5_6
14282,s3_1695_2555,s2_n103_99,s5_7_up,s1_below_4282,s1_below_2,s2_2001_2003,s3_2075_3730,s5_47_57,Truck (<=6000 lbs.),s3_28_48,Not Deployed,s2_97_208,s1_below_1,Female,s5_114_130,s3_141_159,s2_164_318,s6_260_up,s2_2_4
14283,s2_885_1695,s2_n103_99,s4_n40_7,s1_below_4282,s4_4_5,s2_2001_2003,s2_760_2075,s5_47_57,Passenger Car,s2_11_28,Deployed,s2_97_208,s1_below_1,Male,s5_114_130,s3_141_159,s2_164_318,s3_80_160,s2_2_4
14284,s3_1695_2555,s2_n103_99,s4_n40_7,s1_below_4282,s1_below_2,s1_below_2001,s2_760_2075,s4_37_47,Truck (<=6000 lbs.),s2_11_28,Deployed,s2_97_208,s1_below_1,Female,s2_37_80,s3_141_159,s2_164_318,s3_80_160,s2_2_4
14285,s2_885_1695,s2_n103_99,s4_n40_7,s1_below_4282,s1_below_2,s1_below_2001,s2_760_2075,s4_37_47,Passenger Car,s3_28_48,Deployed,s2_97_208,s1_below_1,Male,s3_80_96,s3_141_159,s2_164_318,s3_80_160,s2_2_4
14286,s2_885_1695,s2_n103_99,s4_n40_7,s1_below_4282,s2_2_3,s1_below_2001,s2_760_2075,s3_17_37,Passenger Car,s4_48_64,Not Deployed,s2_97_208,s1_below_1,Female,s4_96_114,s3_141_159,s2_164_318,s4_160_220,s2_2_4
14287,s3_1695_2555,s2_n103_99,s4_n40_7,s1_below_4282,s2_2_3,s2_2001_2003,s3_2075_3730,s4_37_47,Truck (<=10000 lbs.),s3_28_48,Not Deployed,s2_97_208,s1_below_1,Male,s3_80_96,s5_169_179,s2_164_318,s3_80_160,s3_4_5
14288,s2_885_1695,s2_n103_99,s4_n40_7,s1_below_4282,s1_below_2,s1_below_2001,s2_760_2075,s4_37_47,Passenger Car,s4_48_64,Not Deployed,s2_97_208,s1_below_1,Male,s3_80_96,s3_141_159,s2_164_318,s3_80_160,s2_2_4
14289,s3_1695_2555,s2_n103_99,s4_n40_7,s1_below_4282,s1_below_2,s3_2003_2005,s2_760_2075,s5_47_57,Truck (<=6000 lbs.),s6_76_up,Not Deployed,s2_97_208,s1_below_1,Male,s3_80_96,s4_159_169,s2_164_318,s2_40_80,s3_4_5
14290,s3_1695_2555,s2_n103_99,s4_n40_7,s1_below_4282,s2_2_3,s1_below_2001,s2_760_2075,s5_47_57,Truck (<=6000 lbs.),s5_64_76,Deployed,s2_97_208,s1_below_1,Female,s2_37_80,s4_159_169,s2_164_318,s3_80_160,s3_4_5
14291,s2_885_1695,s2_n103_99,s4_n40_7,s1_below_4282,s1_below_2,s1_below_2001,s2_760_2075,s3_17_37,Passenger Car,s2_11_28,Not Deployed,s2_97_208,s1_below_1,Male,s3_80_96,s3_141_159,s2_164_318,s3_80_160,s2_2_4
14292,s2_885_1695,s2_n103_99,s4_n40_7,s1_below_4282,s1_below_2,s2_2001_2003,s2_760_2075,s3_17_37,Passenger Car,s2_11_28,Not Deployed,s2_97_208,s1_below_1,Male,s4_96_114,s3_141_159,s2_164_318,s3_80_160,s2_2_4
14293,s2_885_1695,s2_n103_99,s4_n40_7,s1_below_4282,s1_below_2,s1_below_2001,s2_760_2075,s3_17_37,Truck (<=6000 lbs.),s2_11_28,Not Deployed,s2_97_208,s4_3_4,Female,s2_37_80,s2_116_141,s2_164_318,s5_220_260,s2_2_4
14294,s2_885_1695,s2_n103_99,s4_n40_7,s1_below_4282,s2_2_3,s1_below_2001,s2_760_2075,s5_47_57,Passenger Car,s6_76_up,Deployed,s2_97_208,s1_below_1,Female,s2_37_80,s3_141_159,s2_164_318,s3_80_160,s2_2_4
14295,s2_885_1695,s2_n103_99,s4_n40_7,s1_below_4282,s4_4_5,s1_below_2001,s2_760_2075,s5_47_57,Passenger Car,s2_11_28,Not Deployed,s2_97_208,s1_below_1,Female,s2_37_80,s3_141_159,s2_164_318,s3_80_160,s2_2_4
14296,s2_885_1695,s2_n103_99,s5_7_up,s1_below_4282,s3_3_4,s3_2003_2005,s2_760_2075,s5_47_57,Passenger Car,s3_28_48,Not Deployed,s2_97_208,s1_below_1,Female,s3_80_96,s3_141_159,s2_164_318,s6_260_up,s2_2_4
14297,s2_885_1695,s2_n103_99,s4_n40_7,s1_below_4282,s1_below_2,s2_2001_2003,s2_760_2075,s3_17_37,Passenger Car,s2_11_28,Deployed,s2_97_208,s1_below_1,Female,s2_37_80,s3_141_159,s2_164_318,s3_80_160,s2_2_4
14298,s2_885_1695,s2_n103_99,s5_7_up,s1_below_4282,s1_below_2,s2_2001_2003,s2_760_2075,s4_37_47,Passenger Car,s3_28_48,Not Deployed,s2_97_208,s1_below_1,Female,s2_37_80,s3_141_159,s2_164_318,s6_260_up,s2_2_4
14299,s2_885_1695,s2_n103_99,s4_n40_7,s1_below_4282,s1_below_2,s2_2001_2003,s2_760_2075,s4_37_47,Passenger Car,s2_11_28,Deployed,s2_97_208,s1_below_1,Female,s2_37_80,s3_141_159,s2_164_318,s3_80_160,s2_2_4
14300,s2_885_1695,s2_n103_99,s4_n40_7,s1_below_4282,s1_below_2,s1_below_2001,s2_760_2075,s4_37_47,Passenger Car,s3_28_48,Deployed,s2_97_208,s3_2_3,Female,s3_80_96,s3_141_159,s2_164_318,s3_80_160,s2_2_4
14301,s2_885_1695,s2_n103_99,s4_n40_7,s1_below_4282,s4_4_5,s1_below_2001,s2_760_2075,s5_47_57,Passenger Car,s3_28_48,Deployed,s2_97_208,s1_below_1,Female,s4_96_114,s3_141_159,s2_164_318,s3_80_160,s2_2_4
14302,s3_1695_2555,s2_n103_99,s4_n40_7,s1_below_4282,s1_below_2,s2_2001_2003,s2_760_2075,s3_17_37,Truck (<=6000 lbs.),s3_28_48,Not Deployed,s2_97_208,s1_below_1,Female,s2_37_80,s3_141_159,s2_164_318,s6_260_up,s2_2_4
14303,s3_1695_2555,s2_n103_99,s4_n40_7,s1_below_4282,s1_below_2,s3_2003_2005,s2_760_2075,s4_37_47,Truck (<=6000 lbs.),s3_28_48,Deployed,s2_97_208,s2_1_2,Female,s2_37_80,s4_159_169,s2_164_318,s3_80_160,s2_2_4
14304,s2_885_1695,s2_n103_99,s4_n40_7,s1_below_4282,s1_below_2,s2_2001_2003,s2_760_2075,s4_37_47,Truck (<=6000 lbs.),s2_11_28,Deployed,s2_97_208,s1_below_1,Female,s3_80_96,s3_141_159,s3_318_464,s3_80_160,s2_2_4
14305,s2_885_1695,s2_n103_99,s5_7_up,s1_below_4282,s4_4_5,s1_below_2001,s2_760_2075,s4_37_47,Truck (<=6000 lbs.),s2_11_28,Not Deployed,s2_97_208,s1_below_1,Female,s4_96_114,s3_141_159,s2_164_318,s6_260_up,s2_2_4
14306,s2_885_1695,s2_n103_99,s4_n40_7,s1_below_4282,s1_below_2,s2_2001_2003,s3_2075_3730,s4_37_47,Passenger Car,s2_11_28,Not Deployed,s2_97_208,s1_below_1,Female,s2_37_80,s3_141_159,s2_164_318,s4_160_220,s2_2_4
14307,s2_885_1695,s2_n103_99,s5_7_up,s1_below_4282,s1_below_2,s1_below_2001,s2_760_2075,s4_37_47,Passenger Car,s2_11_28,Not Deployed,s2_97_208,s1_below_1,Female,s3_80_96,s3_141_159,s2_164_318,s6_260_up,s2_2_4
14308,s2_885_1695,s2_n103_99,s4_n40_7,s1_below_4282,s1_below_2,s1_below_2001,s2_760_2075,s3_17_37,Passenger Car,s2_11_28,Not Deployed,s2_97_208,s1_below_1,Female,s2_37_80,s3_141_159,s2_164_318,s2_40_80,s2_2_4
14309,s3_1695_2555,s2_n103_99,s4_n40_7,s1_below_4282,s6_6_up,s2_2001_2003,s2_760_2075,s4_37_47,Truck (<=6000 lbs.),s3_28_48,Deployed,s2_97_208,s1_below_1,Male,s3_80_96,s3_141_159,s3_318_464,s2_40_80,s2_2_4
14310,s2_885_1695,s2_n103_99,s4_n40_7,s1_below_4282,s1_below_2,s2_2001_2003,s2_760_2075,s4_37_47,Passenger Car,s2_11_28,Not Deployed,s2_97_208,s1_below_1,Female,s2_37_80,s3_141_159,s2_164_318,s3_80_160,s2_2_4
14311,s2_885_1695,s2_n103_99,s4_n40_7,s1_below_4282,s2_2_3,s1_below_2001,s2_760_2075,s5_47_57,Passenger Car,s4_48_64,Not Deployed,s2_97_208,s1_below_1,Female,s3_80_96,s3_141_159,s2_164_318,s3_80_160,s2_2_4
14312,s2_885_1695,s2_n103_99,s4_n40_7,s1_below_4282,s1_below_2,s2_2001_2003,s2_760_2075,s6_57_up,Passenger Car,s4_48_64,Not Deployed,s2_97_208,s1_below_1,Female,s4_96_114,s3_141_159,s2_164_318,s3_80_160,s2_2_4
14313,s2_885_1695,s2_n103_99,s4_n40_7,s1_below_4282,s1_below_2,s1_below_2001,s2_760_2075,s5_47_57,Truck (<=6000 lbs.),s2_11_28,Deployed,s2_97_208,s1_below_1,Male,s2_37_80,s3_141_159,s2_164_318,s3_80_160,s2_2_4
14314,s3_1695_2555,s2_n103_99,s4_n40_7,s1_below_4282,s2_2_3,s1_below_2001,s2_760_2075,s3_17_37,Truck (<=10000 lbs.),s3_28_48,Not Deployed,s2_97_208,s1_below_1,Female,s3_80_96,s4_159_169,s3_318_464,s2_40_80,s4_5_6
14315,s2_885_1695,s2_n103_99,s5_7_up,s1_below_4282,s1_below_2,s2_2001_2003,s2_760_2075,s4_37_47,Passenger Car,s3_28_48,Not Deployed,s2_97_208,s1_below_1,Female,s2_37_80,s3_141_159,s2_164_318,s6_260_up,s2_2_4
14316,s2_885_1695,s2_n103_99,s4_n40_7,s1_below_4282,s5_5_6,s1_below_2001,s2_760_2075,s4_37_47,Passenger Car,s2_11_28,Deployed,s2_97_208,s1_below_1,Female,s2_37_80,s3_141_159,s2_164_318,s4_160_220,s2_2_4
14317,s2_885_1695,s2_n103_99,s4_n40_7,s1_below_4282,s1_below_2,s2_2001_2003,s2_760_2075,s4_37_47,Truck (<=6000 lbs.),s2_11_28,Deployed,s2_97_208,s2_1_2,Male,s3_80_96,s2_116_141,s2_164_318,s4_160_220,s2_2_4
14318,s2_885_1695,s2_n103_99,s5_7_up,s1_below_4282,s1_below_2,s1_below_2001,s2_760_2075,s6_57_up,Passenger Car,s4_48_64,Deployed,s2_97_208,s1_below_1,Male,s2_37_80,s3_141_159,s2_164_318,s6_260_up,s2_2_4
14319,s2_885_1695,s2_n103_99,s4_n40_7,s1_below_4282,s2_2_3,s2_2001_2003,s2_760_2075,s3_17_37,Truck (<=6000 lbs.),s3_28_48,Not Deployed,s2_97_208,s1_below_1,Female,s2_37_80,s3_141_159,s3_318_464,s2_40_80,s2_2_4
14320,s5_3715_up,s2_n103_99,s4_n40_7,s1_below_4282,s3_3_4,s2_2001_2003,s2_760_2075,s5_47_57,Truck (<=6000 lbs.),s3_28_48,Not Deployed,s2_97_208,s1_below_1,Male,s3_80_96,s3_141_159,s2_164_318,s3_80_160,s2_2_4
14321,s2_885_1695,s2_n103_99,s4_n40_7,s1_below_4282,s2_2_3,s2_2001_2003,s3_2075_3730,s3_17_37,Passenger Car,s3_28_48,Deployed,s2_97_208,s1_below_1,Female,s5_114_130,s3_141_159,s2_164_318,s3_80_160,s2_2_4
14322,s3_1695_2555,s2_n103_99,s4_n40_7,s1_below_4282,s1_below_2,s1_below_2001,s2_760_2075,s3_17_37,Truck (<=10000 lbs.),s2_11_28,Not Deployed,s2_97_208,s1_below_1,Female,s2_37_80,s4_159_169,s2_164_318,s4_160_220,s3_4_5
14323,s2_885_1695,s2_n103_99,s5_7_up,s1_below_4282,s3_3_4,s2_2001_2003,s2_760_2075,s5_47_57,Passenger Car,s3_28_48,Deployed,s2_97_208,s1_below_1,Female,s2_37_80,s3_141_159,s2_164_318,s6_260_up,s2_2_4
14324,s3_1695_2555,s2_n103_99,s4_n40_7,s1_below_4282,s1_below_2,s2_2001_2003,s2_760_2075,s3_17_37,Truck (<=6000 lbs.),s2_11_28,Not Deployed,s2_97_208,s1_below_1,Male,s2_37_80,s3_141_159,s2_164_318,s4_160_220,s2_2_4
14325,s3_1695_2555,s2_n103_99,s4_n40_7,s1_below_4282,s3_3_4,s1_below_2001,s2_760_2075,s3_17_37,Truck (<=6000 lbs.),s2_11_28,Deployed,s2_97_208,s1_below_1,Male,s2_37_80,s3_141_159,s2_164_318,s4_160_220,s2_2_4
14326,s2_885_1695,s2_n103_99,s4_n40_7,s1_below_4282,s1_below_2,s1_below_2001,s2_760_2075,s5_47_57,Passenger Car,s4_48_64,Deployed,s2_97_208,s1_below_1,Male,s3_80_96,s3_141_159,s2_164_318,s3_80_160,s2_2_4
14327,s3_1695_2555,s2_n103_99,s4_n40_7,s1_below_4282,s1_below_2,s1_below_2001,s2_760_2075,s5_47_57,Truck (<=6000 lbs.),s3_28_48,Deployed,s2_97_208,s1_below_1,Female,s3_80_96,s4_159_169,s2_164_318,s3_80_160,s3_4_5
14328,s3_1695_2555,s2_n103_99,s5_7_up,s1_below_4282,s1_below_2,s2_2001_2003,s2_760_2075,s5_47_57,Truck (<=6000 lbs.),s4_48_64,Not Deployed,s2_97_208,s2_1_2,Male,s3_80_96,s3_141_159,s3_318_464,s5_220_260,s2_2_4
14329,s3_1695_2555,s2_n103_99,s4_n40_7,s1_below_4282,s1_below_2,s2_2001_2003,s2_760_2075,s5_47_57,Passenger Car,s5_64_76,Deployed,s2_97_208,s1_below_1,Female,s2_37_80,s4_159_169,s2_164_318,s3_80_160,s2_2_4
14330,s2_885_1695,s2_n103_99,s4_n40_7,s1_below_4282,s4_4_5,s2_2001_2003,s2_760_2075,s3_17_37,Passenger Car,s2_11_28,Not Deployed,s2_97_208,s1_below_1,Female,s2_37_80,s3_141_159,s2_164_318,s3_80_160,s2_2_4
14331,s2_885_1695,s2_n103_99,s4_n40_7,s1_below_4282,s3_3_4,s1_below_2001,s2_760_2075,s4_37_47,Passenger Car,s2_11_28,Deployed,s2_97_208,s1_below_1,Female,s2_37_80,s3_141_159,s2_164_318,s3_80_160,s2_2_4
14332,s2_885_1695,s2_n103_99,s4_n40_7,s1_below_4282,s2_2_3,s2_2001_2003,s2_760_2075,s3_17_37,Passenger Car,s4_48_64,Deployed,s2_97_208,s1_below_1,Female,s2_37_80,s3_141_159,s2_164_318,s2_40_80,s2_2_4
14333,s2_885_1695,s2_n103_99,s4_n40_7,s1_below_4282,s3_3_4,s1_below_2001,s2_760_2075,s4_37_47,Passenger Car,s5_64_76,Not Deployed,s2_97_208,s1_below_1,Male,s3_80_96,s3_141_159,s2_164_318,s3_80_160,s2_2_4
14334,s2_885_1695,s2_n103_99,s4_n40_7,s1_below_4282,s3_3_4,s1_below_2001,s2_760_2075,s3_17_37,Passenger Car,s4_48_64,Deployed,s2_97_208,s1_below_1,Male,s2_37_80,s3_141_159,s2_164_318,s3_80_160,s2_2_4
14335,s2_885_1695,s2_n103_99,s5_7_up,s1_below_4282,s3_3_4,s2_2001_2003,s2_760_2075,s6_57_up,Passenger Car,s3_28_48,Not Deployed,s2_97_208,s2_1_2,Female,s3_80_96,s3_141_159,s2_164_318,s6_260_up,s2_2_4
14336,s2_885_1695,s2_n103_99,s3_n81_n40,s1_below_4282,s2_2_3,s1_below_2001,s2_760_2075,s4_37_47,Passenger Car,s2_11_28,Deployed,s2_97_208,s2_1_2,Female,s3_80_96,s3_141_159,s2_164_318,s3_80_160,s2_2_4
14337,s2_885_1695,s2_n103_99,s4_n40_7,s1_below_4282,s3_3_4,s3_2003_2005,s2_760_2075,s6_57_up,Passenger Car,s3_28_48,Not Deployed,s2_97_208,s2_1_2,Female,s2_37_80,s3_141_159,s2_164_318,s3_80_160,s2_2_4
14338,s3_1695_2555,s2_n103_99,s4_n40_7,s1_below_4282,s3_3_4,s1_below_2001,s2_760_2075,s3_17_37,Truck (<=10000 lbs.),s3_28_48,Not Deployed,s2_97_208,s1_below_1,Female,s2_37_80,s4_159_169,s3_318_464,s3_80_160,s4_5_6
14339,s2_885_1695,s2_n103_99,s4_n40_7,s1_below_4282,s3_3_4,s2_2001_2003,s3_2075_3730,s3_17_37,Truck (<=6000 lbs.),s3_28_48,Deployed,s2_97_208,s1_below_1,Female,s2_37_80,s3_141_159,s2_164_318,s3_80_160,s2_2_4
14340,s2_885_1695,s2_n103_99,s4_n40_7,s1_below_4282,s3_3_4,s2_2001_2003,s2_760_2075,s4_37_47,Passenger Car,s2_11_28,Deployed,s2_97_208,s1_below_1,Male,s2_37_80,s3_141_159,s2_164_318,s3_80_160,s2_2_4
14341,s3_1695_2555,s2_n103_99,s4_n40_7,s1_below_4282,s3_3_4,s1_below_2001,s2_760_2075,s3_17_37,Passenger Car,s5_64_76,Deployed,s2_97_208,s5_4_5,Female,s2_37_80,s4_159_169,s2_164_318,s2_40_80,s3_4_5
14342,s2_885_1695,s2_n103_99,s4_n40_7,s1_below_4282,s4_4_5,s1_below_2001,s2_760_2075,s3_17_37,Passenger Car,s4_48_64,Deployed,s2_97_208,s2_1_2,Female,s2_37_80,s3_141_159,s2_164_318,s4_160_220,s2_2_4
14343,s2_885_1695,s2_n103_99,s4_n40_7,s1_below_4282,s2_2_3,s1_below_2001,s2_760_2075,s3_17_37,Passenger Car,s4_48_64,Deployed,s2_97_208,s3_2_3,Female,s3_80_96,s3_141_159,s2_164_318,s3_80_160,s2_2_4
14344,s2_885_1695,s2_n103_99,s4_n40_7,s1_below_4282,s1_below_2,s3_2003_2005,s2_760_2075,s3_17_37,Passenger Car,s3_28_48,Deployed,s2_97_208,s1_below_1,Male,s2_37_80,s3_141_159,s2_164_318,s4_160_220,s2_2_4
14345,s2_885_1695,s2_n103_99,s4_n40_7,s1_below_4282,s2_2_3,s2_2001_2003,s2_760_2075,s3_17_37,Passenger Car,s5_64_76,Deployed,s2_97_208,s1_below_1,Male,s3_80_96,s3_141_159,s2_164_318,s3_80_160,s2_2_4
14346,s2_885_1695,s2_n103_99,s5_7_up,s1_below_4282,s4_4_5,s2_2001_2003,s3_2075_3730,s6_57_up,Passenger Car,s2_11_28,Not Deployed,s2_97_208,s1_below_1,Female,s2_37_80,s3_141_159,s2_164_318,s6_260_up,s2_2_4
14347,s2_885_1695,s2_n103_99,s5_7_up,s1_below_4282,s2_2_3,s1_below_2001,s2_760_2075,s4_37_47,Truck (<=6000 lbs.),s3_28_48,Not Deployed,s2_97_208,s1_below_1,Male,s2_37_80,s3_141_159,s2_164_318,s6_260_up,s2_2_4
14348,s2_885_1695,s2_n103_99,s4_n40_7,s1_below_4282,s3_3_4,s1_below_2001,s2_760_2075,s3_17_37,Passenger Car,s4_48_64,Not Deployed,s2_97_208,s1_below_1,Female,s2_37_80,s3_141_159,s2_164_318,s4_160_220,s2_2_4
14349,s2_885_1695,s2_n103_99,s5_7_up,s1_below_4282,s6_6_up,s1_below_2001,s2_760_2075,s4_37_47,Passenger Car,s3_28_48,Not Deployed,s2_97_208,s1_below_1,Male,s2_37_80,s3_141_159,s2_164_318,s6_260_up,s2_2_4
14350,s2_885_1695,s2_n103_99,s4_n40_7,s1_below_4282,s6_6_up,s2_2001_2003,s2_760_2075,s4_37_47,Passenger Car,s2_11_28,Not Deployed,s2_97_208,s1_below_1,Female,s2_37_80,s3_141_159,s2_164_318,s3_80_160,s2_2_4
14351,s2_885_1695,s2_n103_99,s4_n40_7,s1_below_4282,s3_3_4,s2_2001_2003,s2_760_2075,s3_17_37,Passenger Car,s3_28_48,Deployed,s2_97_208,s1_below_1,Female,s2_37_80,s3_141_159,s2_164_318,s4_160_220,s2_2_4
14352,s3_1695_2555,s2_n103_99,s4_n40_7,s1_below_4282,s3_3_4,s2_2001_2003,s2_760_2075,s3_17_37,Truck (<=10000 lbs.),s3_28_48,Deployed,s2_97_208,s1_below_1,Female,s2_37_80,s4_159_169,s3_318_464,s3_80_160,s4_5_6
14353,s2_885_1695,s2_n103_99,s4_n40_7,s1_below_4282,s3_3_4,s2_2001_2003,s2_760_2075,s4_37_47,Passenger Car,s2_11_28,Not Deployed,s2_97_208,s1_below_1,Male,s4_96_114,s3_141_159,s2_164_318,s4_160_220,s2_2_4
14354,s2_885_1695,s2_n103_99,s4_n40_7,s1_below_4282,s3_3_4,s2_2001_2003,s2_760_2075,s3_17_37,Passenger Car,s4_48_64,Not Deployed,s2_97_208,s1_below_1,Female,s2_37_80,s3_141_159,s2_164_318,s2_40_80,s2_2_4
14355,s2_885_1695,s2_n103_99,s4_n40_7,s1_below_4282,s2_2_3,s3_2003_2005,s2_760_2075,s4_37_47,Passenger Car,s2_11_28,Deployed,s2_97_208,s1_below_1,Male,s2_37_80,s3_141_159,s2_164_318,s4_160_220,s2_2_4
14356,s2_885_1695,s2_n103_99,s4_n40_7,s1_below_4282,s4_4_5,s2_2001_2003,s2_760_2075,s3_17_37,Passenger Car,s6_76_up,Deployed,s2_97_208,s3_2_3,Male,s3_80_96,s3_141_159,s2_164_318,s4_160_220,s2_2_4
14357,s3_1695_2555,s2_n103_99,s5_7_up,s1_below_4282,s3_3_4,s1_below_2001,s2_760_2075,s3_17_37,Truck (<=6000 lbs.),s3_28_48,Not Deployed,s2_97_208,s1_below_1,Male,s2_37_80,s4_159_169,s2_164_318,s6_260_up,s3_4_5
14358,s2_885_1695,s2_n103_99,s4_n40_7,s1_below_4282,s2_2_3,s1_below_2001,s2_760_2075,s6_57_up,Passenger Car,s2_11_28,Not Deployed,s2_97_208,s1_below_1,Female,s2_37_80,s3_141_159,s2_164_318,s3_80_160,s2_2_4
14359,s3_1695_2555,s2_n103_99,s4_n40_7,s1_below_4282,s1_below_2,s2_2001_2003,s2_760_2075,s4_37_47,Passenger Car,s3_28_48,Deployed,s2_97_208,s1_below_1,Female,s2_37_80,s3_141_159,s2_164_318,s3_80_160,s2_2_4
14360,s2_885_1695,s2_n103_99,s5_7_up,s1_below_4282,s4_4_5,s2_2001_2003,s2_760_2075,s6_57_up,Truck (<=6000 lbs.),s2_11_28,Not Deployed,s2_97_208,s1_below_1,Female,s3_80_96,s3_141_159,s2_164_318,s6_260_up,s2_2_4
14361,s2_885_1695,s2_n103_99,s4_n40_7,s1_below_4282,s4_4_5,s1_below_2001,s2_760_2075,s6_57_up,Passenger Car,s2_11_28,Not Deployed,s2_97_208,s1_below_1,Male,s2_37_80,s3_141_159,s2_164_318,s3_80_160,s2_2_4
14362,s2_885_1695,s2_n103_99,s4_n40_7,s1_below_4282,s3_3_4,s2_2001_2003,s2_760_2075,s3_17_37,Passenger Car,s4_48_64,Not Deployed,s2_97_208,s1_below_1,Female,s2_37_80,s3_141_159,s2_164_318,s3_80_160,s2_2_4
14363,s3_1695_2555,s2_n103_99,s4_n40_7,s1_below_4282,s3_3_4,s1_below_2001,s2_760_2075,s4_37_47,Truck (<=10000 lbs.),s3_28_48,Not Deployed,s2_97_208,s1_below_1,Female,s3_80_96,s3_141_159,s2_164_318,s3_80_160,s2_2_4
14364,s2_885_1695,s2_n103_99,s4_n40_7,s1_below_4282,s3_3_4,s1_below_2001,s2_760_2075,s3_17_37,Passenger Car,s3_28_48,Deployed,s2_97_208,s1_below_1,Male,s3_80_96,s3_141_159,s2_164_318,s3_80_160,s2_2_4
14365,s2_885_1695,s2_n103_99,s5_7_up,s1_below_4282,s2_2_3,s2_2001_2003,s2_760_2075,s4_37_47,Passenger Car,s2_11_28,Not Deployed,s2_97_208,s6_5_up,Male,s2_37_80,s3_141_159,s2_164_318,s6_260_up,s2_2_4
14366,s2_885_1695,s2_n103_99,s4_n40_7,s1_below_4282,s3_3_4,s1_below_2001,s2_760_2075,s3_17_37,Passenger Car,s3_28_48,Deployed,s2_97_208,s1_below_1,Female,s6_130_up,s3_141_159,s2_164_318,s4_160_220,s2_2_4
14367,s3_1695_2555,s2_n103_99,s4_n40_7,s1_below_4282,s3_3_4,s1_below_2001,s2_760_2075,s3_17_37,Truck (<=10000 lbs.),s2_11_28,Deployed,s2_97_208,s1_below_1,Male,s2_37_80,s4_159_169,s3_318_464,s3_80_160,s4_5_6
14368,s3_1695_2555,s2_n103_99,s4_n40_7,s1_below_4282,s1_below_2,s2_2001_2003,s2_760_2075,s4_37_47,Truck (<=10000 lbs.),s3_28_48,Not Deployed,s2_97_208,s1_below_1,Male,s3_80_96,s3_141_159,s2_164_318,s3_80_160,s2_2_4
14369,s2_885_1695,s2_n103_99,s4_n40_7,s1_below_4282,s1_below_2,s1_below_2001,s3_2075_3730,s4_37_47,Passenger Car,s2_11_28,Not Deployed,s2_97_208,s1_below_1,Male,s2_37_80,s3_141_159,s2_164_318,s3_80_160,s2_2_4
14370,s3_1695_2555,s2_n103_99,s4_n40_7,s1_below_4282,s1_below_2,s1_below_2001,s2_760_2075,s3_17_37,Truck (<=6000 lbs.),s3_28_48,Deployed,s2_97_208,s3_2_3,Male,s3_80_96,s4_159_169,s2_164_318,s3_80_160,s3_4_5
14371,s2_885_1695,s2_n103_99,s5_7_up,s1_below_4282,s3_3_4,s3_2003_2005,s2_760_2075,s6_57_up,Passenger Car,s3_28_48,Deployed,s2_97_208,s2_1_2,Female,s2_37_80,s3_141_159,s2_164_318,s3_80_160,s2_2_4
14372,s3_1695_2555,s2_n103_99,s4_n40_7,s1_below_4282,s1_below_2,s2_2001_2003,s2_760_2075,s3_17_37,Truck (<=10000 lbs.),s4_48_64,Not Deployed,s2_97_208,s1_below_1,Male,s4_96_114,s4_159_169,s3_318_464,s3_80_160,s4_5_6
14373,s2_885_1695,s2_n103_99,s3_n81_n40,s2_4282_6970,s4_4_5,s3_2003_2005,s3_2075_3730,s6_57_up,Passenger Car,s3_28_48,Deployed,s2_97_208,s6_5_up,Male,s3_80_96,s3_141_159,s2_164_318,s3_80_160,s2_2_4
14374,s4_2555_3715,s2_n103_99,s3_n81_n40,s1_below_4282,s4_4_5,s1_below_2001,s2_760_2075,s6_57_up,Truck (<=10000 lbs.),s3_28_48,Deployed,s2_97_208,s3_2_3,Male,s5_114_130,s5_169_179,s3_318_464,s3_80_160,s5_6_7
14375,s2_885_1695,s2_n103_99,s5_7_up,s1_below_4282,s3_3_4,s2_2001_2003,s2_760_2075,s6_57_up,Passenger Car,s3_28_48,Not Deployed,s2_97_208,s1_below_1,Female,s2_37_80,s3_141_159,s2_164_318,s6_260_up,s2_2_4
14376,s2_885_1695,s2_n103_99,s4_n40_7,s1_below_4282,s4_4_5,s1_below_2001,s2_760_2075,s6_57_up,Passenger Car,s2_11_28,Deployed,s2_97_208,s1_below_1,Female,s2_37_80,s3_141_159,s2_164_318,s4_160_220,s2_2_4
14377,s3_1695_2555,s2_n103_99,s4_n40_7,s1_below_4282,s3_3_4,s1_below_2001,s2_760_2075,s3_17_37,Truck (<=10000 lbs.),s3_28_48,Deployed,s2_97_208,s1_below_1,Female,s2_37_80,s3_141_159,s2_164_318,s3_80_160,s2_2_4
14378,s2_885_1695,s2_n103_99,s4_n40_7,s1_below_4282,s1_below_2,s1_below_2001,s2_760_2075,s3_17_37,Passenger Car,s2_11_28,Deployed,s2_97_208,s1_below_1,Male,s3_80_96,s3_141_159,s2_164_318,s3_80_160,s2_2_4
14379,s3_1695_2555,s2_n103_99,s4_n40_7,s1_below_4282,s1_below_2,s2_2001_2003,s2_760_2075,s3_17_37,Passenger Car,s2_11_28,Deployed,s2_97_208,s1_below_1,Male,s4_96_114,s4_159_169,s2_164_318,s2_40_80,s2_2_4
14380,s3_1695_2555,s2_n103_99,s4_n40_7,s1_below_4282,s1_below_2,s2_2001_2003,s2_760_2075,s3_17_37,Truck (<=10000 lbs.),s4_48_64,Deployed,s2_97_208,s1_below_1,Male,s3_80_96,s4_159_169,s3_318_464,s3_80_160,s4_5_6
14381,s2_885_1695,s2_n103_99,s4_n40_7,s1_below_4282,s2_2_3,s3_2003_2005,s2_760_2075,s4_37_47,Passenger Car,s3_28_48,Deployed,s2_97_208,s1_below_1,Male,s2_37_80,s3_141_159,s2_164_318,s3_80_160,s2_2_4
14382,s3_1695_2555,s2_n103_99,s4_n40_7,s1_below_4282,s2_2_3,s2_2001_2003,s2_760_2075,s3_17_37,Passenger Car,s3_28_48,Not Deployed,s2_97_208,s1_below_1,Male,s2_37_80,s3_141_159,s2_164_318,s3_80_160,s3_4_5
14383,s3_1695_2555,s2_n103_99,s4_n40_7,s1_below_4282,s1_below_2,s2_2001_2003,s3_2075_3730,s4_37_47,Truck (<=6000 lbs.),s3_28_48,Deployed,s2_97_208,s4_3_4,Male,s2_37_80,s3_141_159,s3_318_464,s2_40_80,s2_2_4
14384,s2_885_1695,s2_n103_99,s4_n40_7,s1_below_4282,s3_3_4,s2_2001_2003,s2_760_2075,s4_37_47,Passenger Car,s5_64_76,Deployed,s2_97_208,s1_below_1,Male,s3_80_96,s3_141_159,s2_164_318,s4_160_220,s2_2_4
14385,s3_1695_2555,s2_n103_99,s4_n40_7,s1_below_4282,s3_3_4,s3_2003_2005,s2_760_2075,s3_17_37,Truck (<=6000 lbs.),s6_76_up,Deployed,s2_97_208,s1_below_1,Male,s2_37_80,s3_141_159,s2_164_318,s4_160_220,s2_2_4
14386,s2_885_1695,s2_n103_99,s4_n40_7,s1_below_4282,s3_3_4,s3_2003_2005,s2_760_2075,s3_17_37,Passenger Car,s3_28_48,Not Deployed,s2_97_208,s1_below_1,Female,s3_80_96,s3_141_159,s2_164_318,s4_160_220,s2_2_4
14387,s2_885_1695,s2_n103_99,s4_n40_7,s1_below_4282,s1_below_2,s2_2001_2003,s2_760_2075,s3_17_37,Passenger Car,s2_11_28,Not Deployed,s2_97_208,s1_below_1,Female,s2_37_80,s3_141_159,s2_164_318,s2_40_80,s2_2_4
14388,s2_885_1695,s2_n103_99,s4_n40_7,s1_below_4282,s3_3_4,s1_below_2001,s2_760_2075,s4_37_47,Passenger Car,s4_48_64,Deployed,s2_97_208,s3_2_3,Female,s2_37_80,s2_116_141,s2_164_318,s3_80_160,s2_2_4
14389,s2_885_1695,s2_n103_99,s4_n40_7,s1_below_4282,s3_3_4,s1_below_2001,s2_760_2075,s6_57_up,Passenger Car,s2_11_28,Deployed,s2_97_208,s1_below_1,Male,s2_37_80,s3_141_159,s2_164_318,s5_220_260,s2_2_4
14390,s2_885_1695,s2_n103_99,s5_7_up,s1_below_4282,s3_3_4,s2_2001_2003,s3_2075_3730,s4_37_47,Passenger Car,s4_48_64,Not Deployed,s2_97_208,s1_below_1,Male,s4_96_114,s3_141_159,s2_164_318,s6_260_up,s2_2_4
14391,s2_885_1695,s2_n103_99,s4_n40_7,s1_below_4282,s1_below_2,s2_2001_2003,s2_760_2075,s3_17_37,Passenger Car,s2_11_28,Deployed,s2_97_208,s2_1_2,Female,s2_37_80,s3_141_159,s2_164_318,s4_160_220,s2_2_4
14392,s2_885_1695,s2_n103_99,s5_7_up,s1_below_4282,s2_2_3,s1_below_2001,s2_760_2075,s4_37_47,Passenger Car,s3_28_48,Not Deployed,s2_97_208,s1_below_1,Female,s2_37_80,s3_141_159,s2_164_318,s6_260_up,s2_2_4
14393,s2_885_1695,s2_n103_99,s4_n40_7,s1_below_4282,s3_3_4,s3_2003_2005,s2_760_2075,s3_17_37,Passenger Car,s2_11_28,Not Deployed,s2_97_208,s1_below_1,Female,s2_37_80,s3_141_159,s2_164_318,s4_160_220,s2_2_4
14394,s2_885_1695,s2_n103_99,s4_n40_7,s1_below_4282,s3_3_4,s2_2001_2003,s2_760_2075,s3_17_37,Passenger Car,s3_28_48,Deployed,s2_97_208,s1_below_1,Female,s3_80_96,s3_141_159,s2_164_318,s4_160_220,s2_2_4
14395,s2_885_1695,s2_n103_99,s4_n40_7,s1_below_4282,s1_below_2,s2_2001_2003,s2_760_2075,s3_17_37,Passenger Car,s2_11_28,Not Deployed,s2_97_208,s1_below_1,Female,s2_37_80,s3_141_159,s2_164_318,s3_80_160,s2_2_4
14396,s3_1695_2555,s2_n103_99,s4_n40_7,s1_below_4282,s3_3_4,s3_2003_2005,s2_760_2075,s3_17_37,Passenger Car,s2_11_28,Deployed,s2_97_208,s2_1_2,Male,s2_37_80,s3_141_159,s2_164_318,s4_160_220,s3_4_5
14397,s2_885_1695,s2_n103_99,s4_n40_7,s1_below_4282,s1_below_2,s2_2001_2003,s2_760_2075,s3_17_37,Truck (<=6000 lbs.),s2_11_28,Not Deployed,s2_97_208,s1_below_1,Male,s2_37_80,s4_159_169,s2_164_318,s3_80_160,s2_2_4
14398,s3_1695_2555,s2_n103_99,s4_n40_7,s1_below_4282,s4_4_5,s2_2001_2003,s2_760_2075,s3_17_37,Truck (<=10000 lbs.),s3_28_48,Not Deployed,s2_97_208,s1_below_1,Male,s6_130_up,s5_169_179,s3_318_464,s3_80_160,s4_5_6
14399,s2_885_1695,s2_n103_99,s4_n40_7,s1_below_4282,s2_2_3,s1_below_2001,s2_760_2075,s6_57_up,Passenger Car,s3_28_48,Deployed,s2_97_208,s1_below_1,Female,s2_37_80,s3_141_159,s2_164_318,s3_80_160,s2_2_4
14400,s2_885_1695,s2_n103_99,s3_n81_n40,s1_below_4282,s1_below_2,s1_below_2001,s2_760_2075,s5_47_57,Passenger Car,s2_11_28,Deployed,s2_97_208,s2_1_2,Male,s4_96_114,s3_141_159,s2_164_318,s3_80_160,s2_2_4
14401,s2_885_1695,s2_n103_99,s5_7_up,s1_below_4282,s3_3_4,s3_2003_2005,s2_760_2075,s4_37_47,Passenger Car,s3_28_48,Not Deployed,s2_97_208,s1_below_1,Female,s3_80_96,s3_141_159,s2_164_318,s6_260_up,s2_2_4
14402,s2_885_1695,s2_n103_99,s4_n40_7,s1_below_4282,s2_2_3,s2_2001_2003,s2_760_2075,s6_57_up,Passenger Car,s2_11_28,Deployed,s2_97_208,s1_below_1,Female,s2_37_80,s3_141_159,s2_164_318,s3_80_160,s2_2_4
14403,s2_885_1695,s2_n103_99,s4_n40_7,s1_below_4282,s3_3_4,s1_below_2001,s2_760_2075,s4_37_47,Passenger Car,s2_11_28,Not Deployed,s2_97_208,s1_below_1,Female,s2_37_80,s3_141_159,s2_164_318,s3_80_160,s2_2_4
14404,s2_885_1695,s2_n103_99,s4_n40_7,s1_below_4282,s1_below_2,s2_2001_2003,s2_760_2075,s1_below_7,Passenger Car,s2_11_28,Not Deployed,s2_97_208,s1_below_1,Female,s2_37_80,s3_141_159,s2_164_318,s3_80_160,s2_2_4
14405,s2_885_1695,s2_n103_99,s4_n40_7,s1_below_4282,s3_3_4,s3_2003_2005,s2_760_2075,s3_17_37,Passenger Car,s4_48_64,Not Deployed,s2_97_208,s3_2_3,Male,s3_80_96,s3_141_159,s2_164_318,s4_160_220,s2_2_4
14406,s2_885_1695,s2_n103_99,s4_n40_7,s1_below_4282,s4_4_5,s2_2001_2003,s2_760_2075,s6_57_up,Passenger Car,s2_11_28,Deployed,s2_97_208,s1_below_1,Male,s2_37_80,s3_141_159,s2_164_318,s3_80_160,s2_2_4
14407,s2_885_1695,s2_n103_99,s4_n40_7,s1_below_4282,s3_3_4,s1_below_2001,s2_760_2075,s6_57_up,Passenger Car,s2_11_28,Not Deployed,s2_97_208,s1_below_1,Male,s3_80_96,s3_141_159,s2_164_318,s4_160_220,s2_2_4
14408,s2_885_1695,s2_n103_99,s4_n40_7,s1_below_4282,s3_3_4,s1_below_2001,s2_760_2075,s6_57_up,Passenger Car,s3_28_48,Not Deployed,s2_97_208,s1_below_1,Male,s3_80_96,s3_141_159,s2_164_318,s3_80_160,s2_2_4
14409,s2_885_1695,s2_n103_99,s4_n40_7,s1_below_4282,s4_4_5,s1_below_2001,s2_760_2075,s3_17_37,Truck (<=6000 lbs.),s4_48_64,Deployed,s2_97_208,s1_below_1,Male,s2_37_80,s2_116_141,s2_164_318,s3_80_160,s2_2_4
14410,s2_885_1695,s2_n103_99,s5_7_up,s1_below_4282,s3_3_4,s1_below_2001,s2_760_2075,s6_57_up,Passenger Car,s2_11_28,Not Deployed,s2_97_208,s1_below_1,Male,s3_80_96,s3_141_159,s2_164_318,s6_260_up,s2_2_4
14411,s2_885_1695,s2_n103_99,s4_n40_7,s1_below_4282,s3_3_4,s2_2001_2003,s2_760_2075,s3_17_37,Passenger Car,s5_64_76,Deployed,s2_97_208,s1_below_1,Female,s2_37_80,s3_141_159,s2_164_318,s3_80_160,s2_2_4
14412,s2_885_1695,s2_n103_99,s4_n40_7,s1_below_4282,s3_3_4,s2_2001_2003,s3_2075_3730,s3_17_37,Passenger Car,s4_48_64,Not Deployed,s2_97_208,s1_below_1,Male,s4_96_114,s3_141_159,s2_164_318,s3_80_160,s2_2_4
14413,s3_1695_2555,s2_n103_99,s4_n40_7,s1_below_4282,s2_2_3,s1_below_2001,s2_760_2075,s3_17_37,Truck (<=6000 lbs.),s2_11_28,Not Deployed,s2_97_208,s1_below_1,Female,s2_37_80,s3_141_159,s2_164_318,s3_80_160,s2_2_4
14414,s2_885_1695,s2_n103_99,s4_n40_7,s1_below_4282,s4_4_5,s2_2001_2003,s2_760_2075,s6_57_up,Passenger Car,s2_11_28,Not Deployed,s2_97_208,s1_below_1,Female,s2_37_80,s3_141_159,s2_164_318,s3_80_160,s2_2_4
14415,s3_1695_2555,s2_n103_99,s4_n40_7,s1_below_4282,s5_5_6,s2_2001_2003,s2_760_2075,s3_17_37,Truck (<=6000 lbs.),s2_11_28,Not Deployed,s2_97_208,s1_below_1,Female,s2_37_80,s3_141_159,s2_164_318,s3_80_160,s2_2_4
14416,s2_885_1695,s2_n103_99,s4_n40_7,s1_below_4282,s2_2_3,s1_below_2001,s3_2075_3730,s6_57_up,Passenger Car,s2_11_28,Not Deployed,s2_97_208,s1_below_1,Male,s2_37_80,s3_141_159,s2_164_318,s3_80_160,s2_2_4
14417,s3_1695_2555,s2_n103_99,s4_n40_7,s1_below_4282,s3_3_4,s2_2001_2003,s2_760_2075,s3_17_37,Truck (<=6000 lbs.),s3_28_48,Not Deployed,s2_97_208,s1_below_1,Male,s3_80_96,s3_141_159,s2_164_318,s4_160_220,s2_2_4
14418,s2_885_1695,s2_n103_99,s4_n40_7,s1_below_4282,s3_3_4,s2_2001_2003,s2_760_2075,s3_17_37,Passenger Car,s3_28_48,Not Deployed,s2_97_208,s1_below_1,Female,s2_37_80,s3_141_159,s2_164_318,s3_80_160,s2_2_4
14419,s2_885_1695,s2_n103_99,s4_n40_7,s1_below_4282,s2_2_3,s1_below_2001,s2_760_2075,s3_17_37,Passenger Car,s3_28_48,Deployed,s2_97_208,s2_1_2,Female,s2_37_80,s3_141_159,s2_164_318,s2_40_80,s2_2_4
14420,s3_1695_2555,s2_n103_99,s4_n40_7,s1_below_4282,s3_3_4,s3_2003_2005,s2_760_2075,s4_37_47,Passenger Car,s4_48_64,Not Deployed,s2_97_208,s1_below_1,Male,s3_80_96,s4_159_169,s2_164_318,s3_80_160,s3_4_5
14421,s2_885_1695,s2_n103_99,s4_n40_7,s1_below_4282,s2_2_3,s2_2001_2003,s2_760_2075,s4_37_47,Passenger Car,s2_11_28,Deployed,s2_97_208,s2_1_2,Male,s2_37_80,s3_141_159,s2_164_318,s4_160_220,s2_2_4
14422,s2_885_1695,s2_n103_99,s4_n40_7,s1_below_4282,s3_3_4,s2_2001_2003,s2_760_2075,s4_37_47,Passenger Car,s2_11_28,Deployed,s2_97_208,s1_below_1,Male,s2_37_80,s3_141_159,s2_164_318,s3_80_160,s2_2_4
14423,s2_885_1695,s2_n103_99,s4_n40_7,s1_below_4282,s3_3_4,s1_below_2001,s2_760_2075,s4_37_47,Passenger Car,s3_28_48,Deployed,s2_97_208,s1_below_1,Female,s2_37_80,s3_141_159,s2_164_318,s3_80_160,s2_2_4
14424,s2_885_1695,s2_n103_99,s4_n40_7,s1_below_4282,s4_4_5,s2_2001_2003,s2_760_2075,s4_37_47,Truck (<=6000 lbs.),s4_48_64,Not Deployed,s2_97_208,s1_below_1,Male,s3_80_96,s3_141_159,s2_164_318,s4_160_220,s2_2_4
14425,s2_885_1695,s2_n103_99,s3_n81_n40,s1_below_4282,s3_3_4,s1_below_2001,s2_760_2075,s6_57_up,Passenger Car,s3_28_48,Deployed,s2_97_208,s2_1_2,Female,s4_96_114,s3_141_159,s2_164_318,s3_80_160,s2_2_4
14426,s2_885_1695,s2_n103_99,s4_n40_7,s1_below_4282,s2_2_3,s1_below_2001,s2_760_2075,s6_57_up,Passenger Car,s2_11_28,Not Deployed,s2_97_208,s1_below_1,Male,s2_37_80,s3_141_159,s2_164_318,s3_80_160,s2_2_4
14427,s2_885_1695,s2_n103_99,s4_n40_7,s1_below_4282,s2_2_3,s2_2001_2003,s2_760_2075,s4_37_47,Passenger Car,s4_48_64,Deployed,s2_97_208,s1_below_1,Male,s2_37_80,s3_141_159,s2_164_318,s3_80_160,s2_2_4
14428,s2_885_1695,s2_n103_99,s4_n40_7,s1_below_4282,s3_3_4,s1_below_2001,s3_2075_3730,s4_37_47,Passenger Car,s3_28_48,Not Deployed,s2_97_208,s1_below_1,Male,s3_80_96,s3_141_159,s2_164_318,s4_160_220,s2_2_4
14429,s2_885_1695,s2_n103_99,s5_7_up,s1_below_4282,s3_3_4,s2_2001_2003,s3_2075_3730,s3_17_37,Passenger Car,s2_11_28,Deployed,s2_97_208,s1_below_1,Female,s2_37_80,s3_141_159,s2_164_318,s6_260_up,s2_2_4
14430,s2_885_1695,s2_n103_99,s3_n81_n40,s1_below_4282,s3_3_4,s1_below_2001,s2_760_2075,s4_37_47,Passenger Car,s3_28_48,Deployed,s2_97_208,s1_below_1,Male,s4_96_114,s3_141_159,s2_164_318,s4_160_220,s2_2_4
14431,s3_1695_2555,s2_n103_99,s4_n40_7,s1_below_4282,s2_2_3,s3_2003_2005,s2_760_2075,s4_37_47,Truck (<=10000 lbs.),s3_28_48,Not Deployed,s2_97_208,s1_below_1,Male,s3_80_96,s5_169_179,s3_318_464,s3_80_160,s4_5_6
14432,s3_1695_2555,s2_n103_99,s5_7_up,s1_below_4282,s3_3_4,s2_2001_2003,s2_760_2075,s6_57_up,Truck (<=10000 lbs.),s3_28_48,Not Deployed,s2_97_208,s1_below_1,Female,s3_80_96,s4_159_169,s3_318_464,s6_260_up,s4_5_6
14433,s2_885_1695,s2_n103_99,s4_n40_7,s1_below_4282,s3_3_4,s1_below_2001,s2_760_2075,s6_57_up,Passenger Car,s2_11_28,Deployed,s2_97_208,s1_below_1,Female,s2_37_80,s3_141_159,s2_164_318,s3_80_160,s2_2_4
14434,s2_885_1695,s2_n103_99,s5_7_up,s1_below_4282,s1_below_2,s1_below_2001,s2_760_2075,s3_17_37,Passenger Car,s3_28_48,Not Deployed,s2_97_208,s1_below_1,Female,s2_37_80,s3_141_159,s2_164_318,s6_260_up,s2_2_4
14435,s4_2555_3715,s2_n103_99,s4_n40_7,s1_below_4282,s1_below_2,s1_below_2001,s2_760_2075,s3_17_37,Truck (<=10000 lbs.),s4_48_64,Deployed,s2_97_208,s3_2_3,Female,s3_80_96,s5_169_179,s3_318_464,s3_80_160,s4_5_6
14436,s2_885_1695,s2_n103_99,s4_n40_7,s1_below_4282,s3_3_4,s2_2001_2003,s2_760_2075,s3_17_37,Passenger Car,s2_11_28,Deployed,s2_97_208,s1_below_1,Female,s2_37_80,s3_141_159,s2_164_318,s3_80_160,s2_2_4
14437,s3_1695_2555,s2_n103_99,s4_n40_7,s1_below_4282,s4_4_5,s1_below_2001,s2_760_2075,s3_17_37,Truck (<=10000 lbs.),s3_28_48,Deployed,s2_97_208,s1_below_1,Male,s3_80_96,s4_159_169,s2_164_318,s3_80_160,s3_4_5
14438,s2_885_1695,s2_n103_99,s4_n40_7,s1_below_4282,s1_below_2,s2_2001_2003,s3_2075_3730,s3_17_37,Truck (<=6000 lbs.),s3_28_48,Deployed,s2_97_208,s1_below_1,Male,s2_37_80,s3_141_159,s2_164_318,s3_80_160,s2_2_4
14439,s2_885_1695,s2_n103_99,s4_n40_7,s1_below_4282,s2_2_3,s1_below_2001,s2_760_2075,s3_17_37,Passenger Car,s3_28_48,Not Deployed,s2_97_208,s1_below_1,Male,s3_80_96,s3_141_159,s2_164_318,s3_80_160,s2_2_4
14440,s2_885_1695,s2_n103_99,s4_n40_7,s1_below_4282,s4_4_5,s2_2001_2003,s2_760_2075,s3_17_37,Truck (<=6000 lbs.),s2_11_28,Deployed,s2_97_208,s3_2_3,Male,s2_37_80,s3_141_159,s2_164_318,s3_80_160,s2_2_4
14441,s2_885_1695,s2_n103_99,s4_n40_7,s1_below_4282,s4_4_5,s2_2001_2003,s2_760_2075,s6_57_up,Passenger Car,s2_11_28,Not Deployed,s2_97_208,s1_below_1,Male,s2_37_80,s3_141_159,s2_164_318,s3_80_160,s2_2_4
14442,s2_885_1695,s2_n103_99,s4_n40_7,s1_below_4282,s4_4_5,s2_2001_2003,s3_2075_3730,s5_47_57,Passenger Car,s2_11_28,Deployed,s2_97_208,s1_below_1,Female,s2_37_80,s3_141_159,s2_164_318,s3_80_160,s2_2_4
14443,s2_885_1695,s2_n103_99,s4_n40_7,s1_below_4282,s3_3_4,s2_2001_2003,s3_2075_3730,s6_57_up,Passenger Car,s2_11_28,Deployed,s2_97_208,s1_below_1,Female,s4_96_114,s3_141_159,s2_164_318,s3_80_160,s2_2_4
14444,s2_885_1695,s2_n103_99,s4_n40_7,s1_below_4282,s3_3_4,s3_2003_2005,s2_760_2075,s4_37_47,Passenger Car,s2_11_28,Deployed,s2_97_208,s2_1_2,Male,s3_80_96,s3_141_159,s2_164_318,s4_160_220,s2_2_4
14445,s2_885_1695,s2_n103_99,s4_n40_7,s1_below_4282,s3_3_4,s3_2003_2005,s2_760_2075,s4_37_47,Truck (<=6000 lbs.),s3_28_48,Not Deployed,s2_97_208,s3_2_3,Male,s3_80_96,s3_141_159,s2_164_318,s3_80_160,s2_2_4
14446,s2_885_1695,s2_n103_99,s4_n40_7,s1_below_4282,s3_3_4,s3_2003_2005,s2_760_2075,s4_37_47,Passenger Car,s2_11_28,Deployed,s2_97_208,s2_1_2,Male,s5_114_130,s3_141_159,s2_164_318,s3_80_160,s2_2_4
14447,s2_885_1695,s2_n103_99,s4_n40_7,s1_below_4282,s3_3_4,s3_2003_2005,s2_760_2075,s3_17_37,Truck (<=6000 lbs.),s2_11_28,Deployed,s2_97_208,s1_below_1,Female,s2_37_80,s3_141_159,s2_164_318,s3_80_160,s2_2_4
14448,s2_885_1695,s2_n103_99,s4_n40_7,s1_below_4282,s1_below_2,s1_below_2001,s3_2075_3730,s3_17_37,Passenger Car,s3_28_48,Not Deployed,s2_97_208,s1_below_1,Female,s2_37_80,s3_141_159,s2_164_318,s3_80_160,s2_2_4
14449,s3_1695_2555,s2_n103_99,s4_n40_7,s1_below_4282,s1_below_2,s3_2003_2005,s2_760_2075,s3_17_37,Passenger Car,s4_48_64,Deployed,s2_97_208,s1_below_1,Female,s2_37_80,s3_141_159,s2_164_318,s3_80_160,s2_2_4
14450,s2_885_1695,s2_n103_99,s4_n40_7,s1_below_4282,s3_3_4,s1_below_2001,s3_2075_3730,s4_37_47,Passenger Car,s2_11_28,Deployed,s2_97_208,s1_below_1,Male,s5_114_130,s3_141_159,s2_164_318,s3_80_160,s2_2_4
14451,s3_1695_2555,s2_n103_99,s5_7_up,s1_below_4282,s3_3_4,s2_2001_2003,s2_760_2075,s4_37_47,Truck (<=10000 lbs.),s3_28_48,Not Deployed,s2_97_208,s1_below_1,Male,s4_96_114,s5_169_179,s3_318_464,s6_260_up,s4_5_6
14452,s3_1695_2555,s2_n103_99,s4_n40_7,s1_below_4282,s2_2_3,s2_2001_2003,s2_760_2075,s6_57_up,Truck (<=6000 lbs.),s3_28_48,Deployed,s2_97_208,s1_below_1,Female,s2_37_80,s4_159_169,s2_164_318,s3_80_160,s2_2_4
14453,s3_1695_2555,s2_n103_99,s4_n40_7,s1_below_4282,s3_3_4,s2_2001_2003,s2_760_2075,s3_17_37,Truck (<=6000 lbs.),s3_28_48,Deployed,s2_97_208,s1_below_1,Female,s2_37_80,s3_141_159,s3_318_464,s3_80_160,s2_2_4
14454,s2_885_1695,s2_n103_99,s4_n40_7,s1_below_4282,s3_3_4,s2_2001_2003,s2_760_2075,s4_37_47,Truck (<=6000 lbs.),s3_28_48,Deployed,s2_97_208,s1_below_1,Male,s3_80_96,s3_141_159,s2_164_318,s3_80_160,s2_2_4
14455,s2_885_1695,s2_n103_99,s5_7_up,s1_below_4282,s3_3_4,s2_2001_2003,s3_2075_3730,s6_57_up,Passenger Car,s2_11_28,Not Deployed,s2_97_208,s1_below_1,Female,s3_80_96,s3_141_159,s2_164_318,s6_260_up,s2_2_4
14456,s3_1695_2555,s2_n103_99,s4_n40_7,s1_below_4282,s1_below_2,s1_below_2001,s2_760_2075,s3_17_37,Truck (<=10000 lbs.),s2_11_28,Not Deployed,s2_97_208,s1_below_1,Male,s2_37_80,s4_159_169,s3_318_464,s3_80_160,s4_5_6
14457,s2_885_1695,s2_n103_99,s4_n40_7,s1_below_4282,s3_3_4,s1_below_2001,s2_760_2075,s3_17_37,Passenger Car,s3_28_48,Not Deployed,s2_97_208,s1_below_1,Female,s3_80_96,s3_141_159,s2_164_318,s3_80_160,s2_2_4
14458,s2_885_1695,s2_n103_99,s4_n40_7,s1_below_4282,s1_below_2,s2_2001_2003,s2_760_2075,s3_17_37,Passenger Car,s2_11_28,Deployed,s2_97_208,s1_below_1,Female,s2_37_80,s3_141_159,s2_164_318,s3_80_160,s2_2_4
14459,s4_2555_3715,s2_n103_99,s4_n40_7,s1_below_4282,s3_3_4,s2_2001_2003,s2_760_2075,s3_17_37,Truck (<=10000 lbs.),s3_28_48,Not Deployed,s2_97_208,s1_below_1,Male,s4_96_114,s5_169_179,s3_318_464,s3_80_160,s6_7_up
14460,s3_1695_2555,s2_n103_99,s4_n40_7,s1_below_4282,s2_2_3,s2_2001_2003,s2_760_2075,s6_57_up,Truck (<=10000 lbs.),s2_11_28,Not Deployed,s2_97_208,s1_below_1,Female,s2_37_80,s4_159_169,s3_318_464,s3_80_160,s4_5_6
14461,s2_885_1695,s2_n103_99,s3_n81_n40,s1_below_4282,s2_2_3,s2_2001_2003,s2_760_2075,s6_57_up,Passenger Car,s3_28_48,Deployed,s2_97_208,s3_2_3,Female,s2_37_80,s3_141_159,s2_164_318,s3_80_160,s2_2_4
14462,s2_885_1695,s2_n103_99,s4_n40_7,s1_below_4282,s1_below_2,s2_2001_2003,s2_760_2075,s4_37_47,Passenger Car,s2_11_28,Not Deployed,s2_97_208,s1_below_1,Female,s3_80_96,s3_141_159,s2_164_318,s3_80_160,s2_2_4
14463,s3_1695_2555,s2_n103_99,s4_n40_7,s1_below_4282,s1_below_2,s3_2003_2005,s2_760_2075,s3_17_37,Truck (<=10000 lbs.),s2_11_28,Not Deployed,s2_97_208,s1_below_1,Female,s2_37_80,s5_169_179,s3_318_464,s3_80_160,s4_5_6
14464,s2_885_1695,s2_n103_99,s5_7_up,s1_below_4282,s1_below_2,s3_2003_2005,s2_760_2075,s3_17_37,Passenger Car,s2_11_28,Not Deployed,s2_97_208,s1_below_1,Female,s2_37_80,s3_141_159,s2_164_318,s6_260_up,s2_2_4
14465,s2_885_1695,s2_n103_99,s5_7_up,s1_below_4282,s4_4_5,s1_below_2001,s2_760_2075,s6_57_up,Passenger Car,s3_28_48,Not Deployed,s2_97_208,s1_below_1,Male,s3_80_96,s3_141_159,s2_164_318,s4_160_220,s2_2_4
14466,s2_885_1695,s2_n103_99,s4_n40_7,s1_below_4282,s3_3_4,s1_below_2001,s2_760_2075,s4_37_47,Passenger Car,s2_11_28,Not Deployed,s2_97_208,s1_below_1,Male,s2_37_80,s3_141_159,s2_164_318,s3_80_160,s2_2_4
14467,s2_885_1695,s2_n103_99,s4_n40_7,s1_below_4282,s2_2_3,s2_2001_2003,s2_760_2075,s3_17_37,Passenger Car,s4_48_64,Not Deployed,s2_97_208,s1_below_1,Female,s2_37_80,s3_141_159,s2_164_318,s3_80_160,s2_2_4
14468,s3_1695_2555,s2_n103_99,s4_n40_7,s1_below_4282,s1_below_2,s2_2001_2003,s3_2075_3730,s4_37_47,Truck (<=6000 lbs.),s2_11_28,Not Deployed,s2_97_208,s1_below_1,Female,s2_37_80,s3_141_159,s2_164_318,s3_80_160,s2_2_4
14469,s3_1695_2555,s2_n103_99,s5_7_up,s1_below_4282,s3_3_4,s3_2003_2005,s2_760_2075,s4_37_47,Passenger Car,s5_64_76,Not Deployed,s2_97_208,s1_below_1,Male,s4_96_114,s3_141_159,s2_164_318,s5_220_260,s2_2_4
14470,s3_1695_2555,s2_n103_99,s3_n81_n40,s1_below_4282,s3_3_4,s1_below_2001,s2_760_2075,s4_37_47,Truck (<=6000 lbs.),s2_11_28,Deployed,s2_97_208,s1_below_1,Female,s2_37_80,s5_169_179,s2_164_318,s3_80_160,s3_4_5
14471,s2_885_1695,s2_n103_99,s4_n40_7,s1_below_4282,s1_below_2,s2_2001_2003,s2_760_2075,s3_17_37,Passenger Car,s3_28_48,Not Deployed,s2_97_208,s1_below_1,Female,s3_80_96,s3_141_159,s2_164_318,s3_80_160,s2_2_4
14472,s2_885_1695,s2_n103_99,s4_n40_7,s1_below_4282,s3_3_4,s2_2001_2003,s2_760_2075,s3_17_37,Passenger Car,s4_48_64,Not Deployed,s2_97_208,s1_below_1,Female,s4_96_114,s3_141_159,s2_164_318,s3_80_160,s2_2_4
14473,s2_885_1695,s2_n103_99,s4_n40_7,s1_below_4282,s3_3_4,s2_2001_2003,s2_760_2075,s4_37_47,Passenger Car,s3_28_48,Not Deployed,s2_97_208,s1_below_1,Female,s2_37_80,s3_141_159,s2_164_318,s3_80_160,s2_2_4
14474,s2_885_1695,s2_n103_99,s4_n40_7,s1_below_4282,s3_3_4,s2_2001_2003,s2_760_2075,s6_57_up,Passenger Car,s3_28_48,Not Deployed,s2_97_208,s1_below_1,Male,s3_80_96,s3_141_159,s2_164_318,s6_260_up,s2_2_4
14475,s2_885_1695,s2_n103_99,s4_n40_7,s1_below_4282,s4_4_5,s2_2001_2003,s2_760_2075,s4_37_47,Passenger Car,s2_11_28,Not Deployed,s2_97_208,s1_below_1,Male,s2_37_80,s3_141_159,s2_164_318,s3_80_160,s2_2_4
14476,s2_885_1695,s2_n103_99,s4_n40_7,s1_below_4282,s1_below_2,s2_2001_2003,s2_760_2075,s4_37_47,Passenger Car,s2_11_28,Not Deployed,s2_97_208,s1_below_1,Female,s2_37_80,s3_141_159,s2_164_318,s2_40_80,s2_2_4
14477,s3_1695_2555,s2_n103_99,s4_n40_7,s1_below_4282,s4_4_5,s1_below_2001,s2_760_2075,s3_17_37,Truck (<=10000 lbs.),s5_64_76,Deployed,s2_97_208,s1_below_1,Male,s4_96_114,s5_169_179,s3_318_464,s2_40_80,s4_5_6
14478,s2_885_1695,s2_n103_99,s4_n40_7,s1_below_4282,s3_3_4,s2_2001_2003,s2_760_2075,s6_57_up,Passenger Car,s3_28_48,Not Deployed,s2_97_208,s1_below_1,Female,s5_114_130,s3_141_159,s2_164_318,s4_160_220,s2_2_4
14479,s2_885_1695,s2_n103_99,s4_n40_7,s1_below_4282,s1_below_2,s1_below_2001,s2_760_2075,s4_37_47,Passenger Car,s2_11_28,Deployed,s2_97_208,s1_below_1,Male,s2_37_80,s3_141_159,s2_164_318,s3_80_160,s2_2_4
14480,s2_885_1695,s2_n103_99,s4_n40_7,s1_below_4282,s2_2_3,s2_2001_2003,s2_760_2075,s3_17_37,Passenger Car,s4_48_64,Deployed,s2_97_208,s1_below_1,Male,s2_37_80,s3_141_159,s2_164_318,s3_80_160,s2_2_4
14481,s2_885_1695,s2_n103_99,s4_n40_7,s1_below_4282,s2_2_3,s1_below_2001,s2_760_2075,s4_37_47,Passenger Car,s3_28_48,Deployed,s2_97_208,s1_below_1,Female,s2_37_80,s3_141_159,s2_164_318,s3_80_160,s2_2_4
14482,s3_1695_2555,s2_n103_99,s5_7_up,s1_below_4282,s2_2_3,s1_below_2001,s2_760_2075,s6_57_up,Truck (<=6000 lbs.),s4_48_64,Not Deployed,s2_97_208,s1_below_1,Female,s2_37_80,s3_141_159,s2_164_318,s6_260_up,s2_2_4
14483,s3_1695_2555,s2_n103_99,s4_n40_7,s1_below_4282,s3_3_4,s1_below_2001,s2_760_2075,s4_37_47,Truck (<=6000 lbs.),s3_28_48,Deployed,s2_97_208,s1_below_1,Female,s2_37_80,s3_141_159,s2_164_318,s4_160_220,s2_2_4
14484,s2_885_1695,s2_n103_99,s4_n40_7,s1_below_4282,s3_3_4,s2_2001_2003,s2_760_2075,s4_37_47,Passenger Car,s3_28_48,Deployed,s2_97_208,s1_below_1,Male,s3_80_96,s3_141_159,s2_164_318,s3_80_160,s2_2_4
14485,s2_885_1695,s2_n103_99,s4_n40_7,s1_below_4282,s3_3_4,s3_2003_2005,s2_760_2075,s3_17_37,Passenger Car,s2_11_28,Not Deployed,s2_97_208,s1_below_1,Male,s3_80_96,s3_141_159,s2_164_318,s4_160_220,s2_2_4
14486,s3_1695_2555,s2_n103_99,s4_n40_7,s1_below_4282,s3_3_4,s2_2001_2003,s2_760_2075,s4_37_47,Passenger Car,s4_48_64,Not Deployed,s2_97_208,s1_below_1,Female,s4_96_114,s3_141_159,s2_164_318,s3_80_160,s2_2_4
14487,s3_1695_2555,s2_n103_99,s4_n40_7,s1_below_4282,s2_2_3,s1_below_2001,s3_2075_3730,s3_17_37,Passenger Car,s3_28_48,Not Deployed,s2_97_208,s2_1_2,Male,s3_80_96,s4_159_169,s2_164_318,s3_80_160,s2_2_4
14488,s3_1695_2555,s2_n103_99,s4_n40_7,s1_below_4282,s4_4_5,s2_2001_2003,s3_2075_3730,s4_37_47,Truck (<=6000 lbs.),s3_28_48,Not Deployed,s2_97_208,s1_below_1,Female,s2_37_80,s3_141_159,s2_164_318,s3_80_160,s2_2_4
14489,s2_885_1695,s2_n103_99,s5_7_up,s1_below_4282,s1_below_2,s1_below_2001,s2_760_2075,s4_37_47,Passenger Car,s2_11_28,Not Deployed,s2_97_208,s2_1_2,Male,s2_37_80,s3_141_159,s2_164_318,s6_260_up,s2_2_4
14490,s3_1695_2555,s2_n103_99,s4_n40_7,s1_below_4282,s1_below_2,s2_2001_2003,s2_760_2075,s1_below_7,Truck (<=10000 lbs.),s2_11_28,Deployed,s2_97_208,s1_below_1,Male,s2_37_80,s4_159_169,s3_318_464,s4_160_220,s4_5_6
14491,s2_885_1695,s2_n103_99,s4_n40_7,s1_below_4282,s4_4_5,s3_2003_2005,s2_760_2075,s4_37_47,Passenger Car,s2_11_28,Deployed,s2_97_208,s1_below_1,Female,s2_37_80,s3_141_159,s2_164_318,s3_80_160,s2_2_4
14492,s2_885_1695,s2_n103_99,s4_n40_7,s1_below_4282,s1_below_2,s2_2001_2003,s2_760_2075,s4_37_47,Truck (<=6000 lbs.),s2_11_28,Not Deployed,s2_97_208,s1_below_1,Male,s2_37_80,s3_141_159,s2_164_318,s2_40_80,s2_2_4
14493,s2_885_1695,s2_n103_99,s4_n40_7,s1_below_4282,s1_below_2,s1_below_2001,s3_2075_3730,s3_17_37,Passenger Car,s3_28_48,Not Deployed,s2_97_208,s1_below_1,Male,s2_37_80,s3_141_159,s2_164_318,s3_80_160,s2_2_4
14494,s2_885_1695,s2_n103_99,s4_n40_7,s1_below_4282,s3_3_4,s2_2001_2003,s3_2075_3730,s4_37_47,Passenger Car,s2_11_28,Deployed,s2_97_208,s3_2_3,Female,s2_37_80,s3_141_159,s2_164_318,s4_160_220,s2_2_4
14495,s2_885_1695,s2_n103_99,s4_n40_7,s1_below_4282,s1_below_2,s3_2003_2005,s2_760_2075,s3_17_37,Passenger Car,s5_64_76,Deployed,s2_97_208,s1_below_1,Female,s2_37_80,s3_141_159,s2_164_318,s3_80_160,s2_2_4
14496,s2_885_1695,s2_n103_99,s5_7_up,s1_below_4282,s3_3_4,s2_2001_2003,s2_760_2075,s6_57_up,Truck (<=6000 lbs.),s2_11_28,Not Deployed,s2_97_208,s1_below_1,Male,s5_114_130,s2_116_141,s2_164_318,s6_260_up,s2_2_4
14497,s3_1695_2555,s2_n103_99,s4_n40_7,s1_below_4282,s1_below_2,s2_2001_2003,s2_760_2075,s6_57_up,Truck (<=6000 lbs.),s3_28_48,Not Deployed,s2_97_208,s2_1_2,Female,s2_37_80,s3_141_159,s2_164_318,s3_80_160,s2_2_4
14498,s2_885_1695,s2_n103_99,s4_n40_7,s1_below_4282,s1_below_2,s1_below_2001,s2_760_2075,s6_57_up,Passenger Car,s2_11_28,Not Deployed,s2_97_208,s1_below_1,Female,s2_37_80,s3_141_159,s2_164_318,s3_80_160,s2_2_4
14499,s2_885_1695,s2_n103_99,s4_n40_7,s1_below_4282,s1_below_2,s3_2003_2005,s3_2075_3730,s3_17_37,Passenger Car,s4_48_64,Deployed,s2_97_208,s1_below_1,Female,s2_37_80,s3_141_159,s2_164_318,s3_80_160,s2_2_4
14500,s2_885_1695,s2_n103_99,s4_n40_7,s1_below_4282,s5_5_6,s1_below_2001,s3_2075_3730,s4_37_47,Passenger Car,s2_11_28,Deployed,s2_97_208,s2_1_2,Female,s2_37_80,s3_141_159,s2_164_318,s4_160_220,s2_2_4
14501,s3_1695_2555,s2_n103_99,s4_n40_7,s1_below_4282,s3_3_4,s2_2001_2003,s2_760_2075,s4_37_47,Truck (<=10000 lbs.),s2_11_28,Deployed,s2_97_208,s1_below_1,Male,s2_37_80,s5_169_179,s2_164_318,s3_80_160,s4_5_6
14502,s2_885_1695,s2_n103_99,s5_7_up,s1_below_4282,s2_2_3,s2_2001_2003,s2_760_2075,s4_37_47,Passenger Car,s2_11_28,Not Deployed,s2_97_208,s1_below_1,Female,s2_37_80,s3_141_159,s2_164_318,s6_260_up,s2_2_4
14503,s2_885_1695,s2_n103_99,s4_n40_7,s1_below_4282,s2_2_3,s1_below_2001,s2_760_2075,s4_37_47,Passenger Car,s3_28_48,Deployed,s2_97_208,s1_below_1,Female,s2_37_80,s3_141_159,s2_164_318,s3_80_160,s2_2_4
14504,s2_885_1695,s2_n103_99,s4_n40_7,s1_below_4282,s2_2_3,s1_below_2001,s2_760_2075,s4_37_47,Passenger Car,s2_11_28,Deployed,s2_97_208,s1_below_1,Female,s2_37_80,s3_141_159,s2_164_318,s3_80_160,s2_2_4
14505,s2_885_1695,s2_n103_99,s3_n81_n40,s1_below_4282,s2_2_3,s3_2003_2005,s2_760_2075,s4_37_47,Passenger Car,s2_11_28,Deployed,s2_97_208,s2_1_2,Female,s2_37_80,s3_141_159,s2_164_318,s3_80_160,s2_2_4
14506,s2_885_1695,s2_n103_99,s4_n40_7,s1_below_4282,s3_3_4,s1_below_2001,s2_760_2075,s4_37_47,Passenger Car,s4_48_64,Deployed,s2_97_208,s1_below_1,Female,s2_37_80,s3_141_159,s2_164_318,s3_80_160,s2_2_4
14507,s3_1695_2555,s2_n103_99,s4_n40_7,s1_below_4282,s4_4_5,s2_2001_2003,s2_760_2075,s4_37_47,Truck (<=6000 lbs.),s4_48_64,Deployed,s2_97_208,s1_below_1,Female,s2_37_80,s3_141_159,s2_164_318,s3_80_160,s3_4_5
14508,s3_1695_2555,s2_n103_99,s4_n40_7,s1_below_4282,s4_4_5,s2_2001_2003,s2_760_2075,s3_17_37,Truck (<=10000 lbs.),s2_11_28,Not Deployed,s2_97_208,s1_below_1,Male,s2_37_80,s4_159_169,s3_318_464,s3_80_160,s4_5_6
14509,s3_1695_2555,s2_n103_99,s4_n40_7,s1_below_4282,s2_2_3,s1_below_2001,s2_760_2075,s5_47_57,Truck (<=6000 lbs.),s2_11_28,Deployed,s2_97_208,s1_below_1,Female,s2_37_80,s4_159_169,s2_164_318,s3_80_160,s3_4_5
14510,s2_885_1695,s2_n103_99,s4_n40_7,s1_below_4282,s3_3_4,s1_below_2001,s2_760_2075,s4_37_47,Passenger Car,s6_76_up,Deployed,s2_97_208,s5_4_5,Female,s2_37_80,s3_141_159,s2_164_318,s3_80_160,s2_2_4
14511,s2_885_1695,s2_n103_99,s4_n40_7,s1_below_4282,s3_3_4,s2_2001_2003,s2_760_2075,s4_37_47,Passenger Car,s4_48_64,Deployed,s2_97_208,s1_below_1,Female,s2_37_80,s3_141_159,s2_164_318,s3_80_160,s2_2_4
14512,s2_885_1695,s2_n103_99,s4_n40_7,s1_below_4282,s4_4_5,s3_2003_2005,s2_760_2075,s6_57_up,Passenger Car,s3_28_48,Deployed,s2_97_208,s1_below_1,Male,s2_37_80,s3_141_159,s2_164_318,s4_160_220,s2_2_4
14513,s3_1695_2555,s2_n103_99,s4_n40_7,s1_below_4282,s2_2_3,s3_2003_2005,s2_760_2075,s4_37_47,Truck (<=6000 lbs.),s4_48_64,Deployed,s2_97_208,s1_below_1,Male,s4_96_114,s4_159_169,s2_164_318,s3_80_160,s3_4_5
14514,s2_885_1695,s2_n103_99,s4_n40_7,s1_below_4282,s1_below_2,s2_2001_2003,s2_760_2075,s3_17_37,Passenger Car,s3_28_48,Deployed,s2_97_208,s1_below_1,Female,s3_80_96,s3_141_159,s2_164_318,s3_80_160,s2_2_4
14515,s2_885_1695,s2_n103_99,s4_n40_7,s1_below_4282,s2_2_3,s2_2001_2003,s2_760_2075,s3_17_37,Truck (<=6000 lbs.),s4_48_64,Deployed,s2_97_208,s1_below_1,Male,s3_80_96,s3_141_159,s2_164_318,s3_80_160,s2_2_4
14516,s2_885_1695,s2_n103_99,s4_n40_7,s1_below_4282,s2_2_3,s1_below_2001,s2_760_2075,s3_17_37,Passenger Car,s2_11_28,Deployed,s2_97_208,s1_below_1,Female,s2_37_80,s3_141_159,s2_164_318,s3_80_160,s2_2_4
14517,s4_2555_3715,s2_n103_99,s4_n40_7,s1_below_4282,s1_below_2,s3_2003_2005,s2_760_2075,s5_47_57,Truck (<=10000 lbs.),s4_48_64,Not Deployed,s2_97_208,s1_below_1,Male,s3_80_96,s5_169_179,s3_318_464,s6_260_up,s5_6_7
14518,s3_1695_2555,s2_n103_99,s4_n40_7,s1_below_4282,s4_4_5,s1_below_2001,s2_760_2075,s3_17_37,Truck (<=6000 lbs.),s4_48_64,Not Deployed,s2_97_208,s1_below_1,Male,s4_96_114,s3_141_159,s3_318_464,s3_80_160,s2_2_4
14519,s2_885_1695,s2_n103_99,s4_n40_7,s1_below_4282,s4_4_5,s2_2001_2003,s2_760_2075,s3_17_37,Passenger Car,s2_11_28,Not Deployed,s2_97_208,s1_below_1,Male,s2_37_80,s3_141_159,s2_164_318,s2_40_80,s2_2_4
14520,s2_885_1695,s2_n103_99,s4_n40_7,s1_below_4282,s1_below_2,s3_2003_2005,s3_2075_3730,s3_17_37,Passenger Car,s3_28_48,Not Deployed,s2_97_208,s1_below_1,Female,s2_37_80,s3_141_159,s2_164_318,s2_40_80,s2_2_4
14521,s2_885_1695,s2_n103_99,s4_n40_7,s1_below_4282,s3_3_4,s1_below_2001,s2_760_2075,s3_17_37,Passenger Car,s4_48_64,Not Deployed,s2_97_208,s1_below_1,Female,s4_96_114,s3_141_159,s2_164_318,s4_160_220,s2_2_4
14522,s2_885_1695,s2_n103_99,s4_n40_7,s1_below_4282,s1_below_2,s1_below_2001,s3_2075_3730,s3_17_37,Passenger Car,s5_64_76,Not Deployed,s2_97_208,s1_below_1,Male,s2_37_80,s3_141_159,s2_164_318,s2_40_80,s2_2_4
14523,s2_885_1695,s2_n103_99,s4_n40_7,s1_below_4282,s4_4_5,s1_below_2001,s3_2075_3730,s3_17_37,Passenger Car,s4_48_64,Deployed,s2_97_208,s1_below_1,Female,s2_37_80,s3_141_159,s2_164_318,s3_80_160,s2_2_4
14524,s3_1695_2555,s2_n103_99,s4_n40_7,s1_below_4282,s3_3_4,s1_below_2001,s2_760_2075,s3_17_37,Truck (<=6000 lbs.),s3_28_48,Not Deployed,s2_97_208,s1_below_1,Female,s2_37_80,s3_141_159,s2_164_318,s3_80_160,s2_2_4
14525,s2_885_1695,s2_n103_99,s4_n40_7,s1_below_4282,s2_2_3,s1_below_2001,s3_2075_3730,s4_37_47,Passenger Car,s4_48_64,Deployed,s2_97_208,s1_below_1,Male,s3_80_96,s3_141_159,s2_164_318,s3_80_160,s2_2_4
14526,s2_885_1695,s2_n103_99,s5_7_up,s1_below_4282,s1_below_2,s1_below_2001,s2_760_2075,s3_17_37,Passenger Car,s3_28_48,Not Deployed,s2_97_208,s1_below_1,Female,s2_37_80,s3_141_159,s2_164_318,s6_260_up,s2_2_4
14527,s2_885_1695,s2_n103_99,s3_n81_n40,s1_below_4282,s2_2_3,s1_below_2001,s2_760_2075,s3_17_37,Passenger Car,s2_11_28,Deployed,s2_97_208,s1_below_1,Male,s3_80_96,s3_141_159,s2_164_318,s2_40_80,s2_2_4
14528,s2_885_1695,s2_n103_99,s4_n40_7,s1_below_4282,s1_below_2,s2_2001_2003,s2_760_2075,s3_17_37,Passenger Car,s2_11_28,Not Deployed,s2_97_208,s1_below_1,Female,s2_37_80,s3_141_159,s2_164_318,s4_160_220,s2_2_4
14529,s2_885_1695,s2_n103_99,s3_n81_n40,s1_below_4282,s3_3_4,s2_2001_2003,s2_760_2075,s3_17_37,Passenger Car,s2_11_28,Deployed,s2_97_208,s1_below_1,Female,s2_37_80,s3_141_159,s2_164_318,s3_80_160,s2_2_4
14530,s2_885_1695,s2_n103_99,s4_n40_7,s1_below_4282,s1_below_2,s1_below_2001,s2_760_2075,s3_17_37,Passenger Car,s3_28_48,Not Deployed,s2_97_208,s1_below_1,Female,s5_114_130,s3_141_159,s2_164_318,s2_40_80,s2_2_4
14531,s2_885_1695,s2_n103_99,s4_n40_7,s1_below_4282,s4_4_5,s2_2001_2003,s2_760_2075,s3_17_37,Truck (<=6000 lbs.),s2_11_28,Deployed,s2_97_208,s1_below_1,Male,s6_130_up,s3_141_159,s2_164_318,s3_80_160,s2_2_4
14532,s2_885_1695,s2_n103_99,s4_n40_7,s1_below_4282,s2_2_3,s3_2003_2005,s2_760_2075,s5_47_57,Passenger Car,s2_11_28,Not Deployed,s2_97_208,s1_below_1,Female,s2_37_80,s3_141_159,s2_164_318,s4_160_220,s2_2_4
14533,s2_885_1695,s2_n103_99,s4_n40_7,s1_below_4282,s1_below_2,s1_below_2001,s2_760_2075,s3_17_37,Passenger Car,s2_11_28,Not Deployed,s2_97_208,s1_below_1,Female,s2_37_80,s3_141_159,s2_164_318,s4_160_220,s2_2_4
14534,s2_885_1695,s2_n103_99,s4_n40_7,s1_below_4282,s1_below_2,s1_below_2001,s2_760_2075,s3_17_37,Passenger Car,s3_28_48,Not Deployed,s2_97_208,s1_below_1,Female,s2_37_80,s3_141_159,s2_164_318,s2_40_80,s2_2_4
14535,s2_885_1695,s2_n103_99,s4_n40_7,s1_below_4282,s1_below_2,s2_2001_2003,s2_760_2075,s3_17_37,Passenger Car,s3_28_48,Not Deployed,s2_97_208,s1_below_1,Male,s3_80_96,s3_141_159,s2_164_318,s4_160_220,s2_2_4
14536,s3_1695_2555,s2_n103_99,s4_n40_7,s1_below_4282,s1_below_2,s1_below_2001,s2_760_2075,s3_17_37,Passenger Car,s4_48_64,Deployed,s2_97_208,s1_below_1,Male,s2_37_80,s4_159_169,s2_164_318,s3_80_160,s2_2_4
14537,s2_885_1695,s2_n103_99,s4_n40_7,s1_below_4282,s3_3_4,s1_below_2001,s2_760_2075,s3_17_37,Passenger Car,s3_28_48,Not Deployed,s2_97_208,s1_below_1,Male,s2_37_80,s3_141_159,s2_164_318,s3_80_160,s2_2_4
14538,s3_1695_2555,s2_n103_99,s5_7_up,s1_below_4282,s4_4_5,s1_below_2001,s2_760_2075,s5_47_57,Passenger Car,s2_11_28,Not Deployed,s2_97_208,s1_below_1,Male,s4_96_114,s4_159_169,s2_164_318,s6_260_up,s2_2_4
14539,s2_885_1695,s2_n103_99,s4_n40_7,s1_below_4282,s1_below_2,s1_below_2001,s2_760_2075,s3_17_37,Passenger Car,s5_64_76,Deployed,s2_97_208,s1_below_1,Female,s2_37_80,s3_141_159,s2_164_318,s4_160_220,s2_2_4
14540,s3_1695_2555,s2_n103_99,s4_n40_7,s1_below_4282,s3_3_4,s3_2003_2005,s2_760_2075,s3_17_37,Truck (<=6000 lbs.),s4_48_64,Deployed,s2_97_208,s1_below_1,Female,s2_37_80,s4_159_169,s2_164_318,s3_80_160,s2_2_4
14541,s2_885_1695,s2_n103_99,s4_n40_7,s1_below_4282,s4_4_5,s2_2001_2003,s2_760_2075,s4_37_47,Passenger Car,s3_28_48,Not Deployed,s2_97_208,s2_1_2,Male,s2_37_80,s3_141_159,s2_164_318,s3_80_160,s2_2_4
14542,s2_885_1695,s2_n103_99,s4_n40_7,s1_below_4282,s4_4_5,s1_below_2001,s2_760_2075,s4_37_47,Passenger Car,s3_28_48,Not Deployed,s2_97_208,s1_below_1,Female,s5_114_130,s3_141_159,s2_164_318,s3_80_160,s2_2_4
14543,s2_885_1695,s2_n103_99,s4_n40_7,s1_below_4282,s6_6_up,s2_2001_2003,s2_760_2075,s3_17_37,Passenger Car,s3_28_48,Deployed,s2_97_208,s1_below_1,Female,s2_37_80,s3_141_159,s2_164_318,s4_160_220,s2_2_4
14544,s2_885_1695,s2_n103_99,s4_n40_7,s1_below_4282,s2_2_3,s3_2003_2005,s2_760_2075,s4_37_47,Passenger Car,s3_28_48,Not Deployed,s2_97_208,s1_below_1,Male,s4_96_114,s3_141_159,s2_164_318,s3_80_160,s2_2_4
14545,s2_885_1695,s2_n103_99,s4_n40_7,s1_below_4282,s1_below_2,s1_below_2001,s2_760_2075,s3_17_37,Passenger Car,s2_11_28,Not Deployed,s2_97_208,s1_below_1,Female,s2_37_80,s3_141_159,s2_164_318,s4_160_220,s2_2_4
14546,s2_885_1695,s2_n103_99,s4_n40_7,s1_below_4282,s4_4_5,s1_below_2001,s2_760_2075,s3_17_37,Passenger Car,s3_28_48,Not Deployed,s2_97_208,s1_below_1,Male,s2_37_80,s3_141_159,s2_164_318,s3_80_160,s2_2_4
14547,s2_885_1695,s2_n103_99,s4_n40_7,s1_below_4282,s3_3_4,s1_below_2001,s2_760_2075,s3_17_37,Passenger Car,s4_48_64,Deployed,s2_97_208,s1_below_1,Female,s2_37_80,s3_141_159,s2_164_318,s4_160_220,s2_2_4
14548,s2_885_1695,s2_n103_99,s4_n40_7,s1_below_4282,s3_3_4,s2_2001_2003,s2_760_2075,s4_37_47,Passenger Car,s3_28_48,Not Deployed,s2_97_208,s1_below_1,Female,s2_37_80,s3_141_159,s2_164_318,s3_80_160,s2_2_4
14549,s3_1695_2555,s2_n103_99,s4_n40_7,s1_below_4282,s3_3_4,s2_2001_2003,s2_760_2075,s5_47_57,Truck (<=6000 lbs.),s3_28_48,Deployed,s2_97_208,s1_below_1,Male,s2_37_80,s4_159_169,s2_164_318,s3_80_160,s2_2_4
14550,s3_1695_2555,s2_n103_99,s5_7_up,s1_below_4282,s1_below_2,s2_2001_2003,s2_760_2075,s3_17_37,Truck (<=6000 lbs.),s3_28_48,Not Deployed,s2_97_208,s1_below_1,Male,s5_114_130,s3_141_159,s2_164_318,s6_260_up,s2_2_4
14551,s2_885_1695,s2_n103_99,s5_7_up,s1_below_4282,s2_2_3,s2_2001_2003,s2_760_2075,s5_47_57,Passenger Car,s4_48_64,Not Deployed,s2_97_208,s1_below_1,Female,s3_80_96,s3_141_159,s2_164_318,s6_260_up,s2_2_4
14552,s2_885_1695,s2_n103_99,s4_n40_7,s1_below_4282,s1_below_2,s2_2001_2003,s2_760_2075,s3_17_37,Passenger Car,s4_48_64,Deployed,s2_97_208,s1_below_1,Male,s3_80_96,s3_141_159,s2_164_318,s3_80_160,s2_2_4
14553,s2_885_1695,s2_n103_99,s4_n40_7,s1_below_4282,s3_3_4,s3_2003_2005,s2_760_2075,s3_17_37,Passenger Car,s2_11_28,Not Deployed,s2_97_208,s1_below_1,Male,s3_80_96,s3_141_159,s2_164_318,s3_80_160,s2_2_4
14554,s2_885_1695,s2_n103_99,s4_n40_7,s1_below_4282,s4_4_5,s2_2001_2003,s2_760_2075,s3_17_37,Passenger Car,s4_48_64,Deployed,s2_97_208,s1_below_1,Female,s2_37_80,s3_141_159,s2_164_318,s4_160_220,s2_2_4
14555,s2_885_1695,s2_n103_99,s4_n40_7,s1_below_4282,s4_4_5,s3_2003_2005,s2_760_2075,s3_17_37,Passenger Car,s3_28_48,Deployed,s2_97_208,s1_below_1,Female,s2_37_80,s3_141_159,s2_164_318,s3_80_160,s2_2_4
14556,s2_885_1695,s2_n103_99,s4_n40_7,s1_below_4282,s1_below_2,s2_2001_2003,s2_760_2075,s3_17_37,Passenger Car,s3_28_48,Not Deployed,s2_97_208,s1_below_1,Female,s3_80_96,s3_141_159,s2_164_318,s2_40_80,s2_2_4
14557,s2_885_1695,s2_n103_99,s4_n40_7,s1_below_4282,s4_4_5,s1_below_2001,s2_760_2075,s3_17_37,Passenger Car,s5_64_76,Deployed,s2_97_208,s1_below_1,Female,s2_37_80,s3_141_159,s2_164_318,s3_80_160,s2_2_4
14558,s2_885_1695,s2_n103_99,s4_n40_7,s1_below_4282,s4_4_5,s1_below_2001,s2_760_2075,s3_17_37,Passenger Car,s2_11_28,Deployed,s2_97_208,s1_below_1,Male,s2_37_80,s3_141_159,s2_164_318,s3_80_160,s2_2_4
14559,s2_885_1695,s2_n103_99,s4_n40_7,s1_below_4282,s1_below_2,s3_2003_2005,s2_760_2075,s3_17_37,Passenger Car,s3_28_48,Deployed,s2_97_208,s1_below_1,Female,s2_37_80,s3_141_159,s2_164_318,s2_40_80,s2_2_4
14560,s2_885_1695,s2_n103_99,s4_n40_7,s1_below_4282,s2_2_3,s1_below_2001,s2_760_2075,s3_17_37,Truck (<=6000 lbs.),s2_11_28,Deployed,s2_97_208,s1_below_1,Male,s2_37_80,s3_141_159,s2_164_318,s4_160_220,s2_2_4
14561,s2_885_1695,s2_n103_99,s5_7_up,s1_below_4282,s3_3_4,s3_2003_2005,s2_760_2075,s5_47_57,Passenger Car,s3_28_48,Not Deployed,s2_97_208,s1_below_1,Female,s2_37_80,s3_141_159,s2_164_318,s6_260_up,s2_2_4
14562,s2_885_1695,s2_n103_99,s5_7_up,s1_below_4282,s3_3_4,s2_2001_2003,s2_760_2075,s3_17_37,Passenger Car,s3_28_48,Not Deployed,s2_97_208,s1_below_1,Male,s2_37_80,s3_141_159,s2_164_318,s6_260_up,s2_2_4
14563,s2_885_1695,s2_n103_99,s4_n40_7,s1_below_4282,s3_3_4,s2_2001_2003,s2_760_2075,s3_17_37,Passenger Car,s3_28_48,Not Deployed,s2_97_208,s1_below_1,Female,s2_37_80,s3_141_159,s2_164_318,s4_160_220,s2_2_4
14564,s2_885_1695,s2_n103_99,s5_7_up,s1_below_4282,s2_2_3,s2_2001_2003,s3_2075_3730,s4_37_47,Passenger Car,s3_28_48,Not Deployed,s2_97_208,s1_below_1,Male,s6_130_up,s3_141_159,s2_164_318,s6_260_up,s2_2_4
14565,s2_885_1695,s2_n103_99,s4_n40_7,s1_below_4282,s4_4_5,s2_2001_2003,s3_2075_3730,s3_17_37,Passenger Car,s5_64_76,Deployed,s2_97_208,s4_3_4,Female,s2_37_80,s3_141_159,s2_164_318,s3_80_160,s2_2_4
14566,s2_885_1695,s2_n103_99,s4_n40_7,s1_below_4282,s1_below_2,s2_2001_2003,s2_760_2075,s3_17_37,Passenger Car,s2_11_28,Not Deployed,s2_97_208,s1_below_1,Male,s2_37_80,s3_141_159,s2_164_318,s2_40_80,s2_2_4
14567,s2_885_1695,s2_n103_99,s4_n40_7,s1_below_4282,s1_below_2,s3_2003_2005,s2_760_2075,s3_17_37,Passenger Car,s3_28_48,Deployed,s2_97_208,s1_below_1,Female,s3_80_96,s3_141_159,s2_164_318,s4_160_220,s2_2_4
14568,s2_885_1695,s2_n103_99,s4_n40_7,s1_below_4282,s3_3_4,s1_below_2001,s2_760_2075,s5_47_57,Passenger Car,s2_11_28,Not Deployed,s2_97_208,s1_below_1,Female,s2_37_80,s3_141_159,s2_164_318,s3_80_160,s2_2_4
14569,s2_885_1695,s2_n103_99,s4_n40_7,s1_below_4282,s1_below_2,s2_2001_2003,s3_2075_3730,s3_17_37,Passenger Car,s3_28_48,Not Deployed,s2_97_208,s1_below_1,Male,s2_37_80,s3_141_159,s2_164_318,s4_160_220,s2_2_4
14570,s3_1695_2555,s2_n103_99,s4_n40_7,s1_below_4282,s3_3_4,s1_below_2001,s2_760_2075,s3_17_37,Truck (<=6000 lbs.),s3_28_48,Deployed,s2_97_208,s1_below_1,Female,s2_37_80,s4_159_169,s2_164_318,s3_80_160,s3_4_5
14571,s3_1695_2555,s2_n103_99,s4_n40_7,s1_below_4282,s1_below_2,s2_2001_2003,s2_760_2075,s5_47_57,Truck (<=6000 lbs.),s3_28_48,Not Deployed,s2_97_208,s1_below_1,Female,s3_80_96,s3_141_159,s2_164_318,s2_40_80,s2_2_4
14572,s3_1695_2555,s2_n103_99,s4_n40_7,s1_below_4282,s6_6_up,s1_below_2001,s2_760_2075,s5_47_57,Truck (<=6000 lbs.),s3_28_48,Not Deployed,s2_97_208,s1_below_1,Male,s2_37_80,s3_141_159,s3_318_464,s3_80_160,s2_2_4
14573,s3_1695_2555,s2_n103_99,s4_n40_7,s1_below_4282,s3_3_4,s1_below_2001,s2_760_2075,s3_17_37,Truck (<=6000 lbs.),s3_28_48,Not Deployed,s2_97_208,s1_below_1,Female,s2_37_80,s4_159_169,s2_164_318,s3_80_160,s3_4_5
14574,s2_885_1695,s2_n103_99,s4_n40_7,s1_below_4282,s2_2_3,s1_below_2001,s2_760_2075,s4_37_47,Passenger Car,s4_48_64,Not Deployed,s2_97_208,s1_below_1,Female,s2_37_80,s3_141_159,s2_164_318,s4_160_220,s2_2_4
14575,s2_885_1695,s2_n103_99,s4_n40_7,s1_below_4282,s2_2_3,s3_2003_2005,s2_760_2075,s5_47_57,Passenger Car,s2_11_28,Deployed,s2_97_208,s1_below_1,Female,s2_37_80,s3_141_159,s2_164_318,s3_80_160,s2_2_4
14576,s2_885_1695,s2_n103_99,s4_n40_7,s1_below_4282,s2_2_3,s2_2001_2003,s2_760_2075,s1_below_7,Passenger Car,s4_48_64,Not Deployed,s2_97_208,s1_below_1,Male,s3_80_96,s3_141_159,s2_164_318,s4_160_220,s2_2_4
14577,s2_885_1695,s2_n103_99,s4_n40_7,s1_below_4282,s1_below_2,s2_2001_2003,s2_760_2075,s3_17_37,Passenger Car,s3_28_48,Not Deployed,s2_97_208,s1_below_1,Male,s2_37_80,s3_141_159,s2_164_318,s3_80_160,s2_2_4
14578,s3_1695_2555,s2_n103_99,s4_n40_7,s1_below_4282,s4_4_5,s1_below_2001,s2_760_2075,s3_17_37,Truck (<=6000 lbs.),s3_28_48,Deployed,s2_97_208,s1_below_1,Female,s2_37_80,s3_141_159,s2_164_318,s3_80_160,s2_2_4
14579,s2_885_1695,s2_n103_99,s4_n40_7,s1_below_4282,s3_3_4,s2_2001_2003,s2_760_2075,s3_17_37,Passenger Car,s4_48_64,Not Deployed,s2_97_208,s1_below_1,Female,s3_80_96,s3_141_159,s2_164_318,s4_160_220,s2_2_4
14580,s2_885_1695,s2_n103_99,s4_n40_7,s1_below_4282,s2_2_3,s3_2003_2005,s2_760_2075,s4_37_47,Passenger Car,s3_28_48,Deployed,s2_97_208,s1_below_1,Female,s2_37_80,s3_141_159,s2_164_318,s3_80_160,s2_2_4
14581,s2_885_1695,s2_n103_99,s4_n40_7,s1_below_4282,s1_below_2,s2_2001_2003,s2_760_2075,s3_17_37,Truck (<=6000 lbs.),s3_28_48,Not Deployed,s2_97_208,s1_below_1,Female,s2_37_80,s3_141_159,s2_164_318,s4_160_220,s2_2_4
14582,s4_2555_3715,s2_n103_99,s4_n40_7,s1_below_4282,s1_below_2,s2_2001_2003,s2_760_2075,s3_17_37,Truck (<=10000 lbs.),s3_28_48,Deployed,s2_97_208,s1_below_1,Male,s3_80_96,s5_169_179,s3_318_464,s4_160_220,s5_6_7
14583,s2_885_1695,s2_n103_99,s3_n81_n40,s1_below_4282,s4_4_5,s1_below_2001,s2_760_2075,s3_17_37,Passenger Car,s2_11_28,Deployed,s2_97_208,s1_below_1,Female,s2_37_80,s3_141_159,s2_164_318,s3_80_160,s2_2_4
14584,s2_885_1695,s2_n103_99,s4_n40_7,s1_below_4282,s4_4_5,s3_2003_2005,s2_760_2075,s3_17_37,Passenger Car,s4_48_64,Not Deployed,s2_97_208,s1_below_1,Female,s2_37_80,s3_141_159,s2_164_318,s4_160_220,s2_2_4
14585,s2_885_1695,s2_n103_99,s4_n40_7,s1_below_4282,s2_2_3,s1_below_2001,s2_760_2075,s1_below_7,Passenger Car,s3_28_48,Not Deployed,s2_97_208,s1_below_1,Male,s6_130_up,s3_141_159,s2_164_318,s2_40_80,s2_2_4
14586,s2_885_1695,s2_n103_99,s4_n40_7,s1_below_4282,s1_below_2,s2_2001_2003,s2_760_2075,s3_17_37,Passenger Car,s2_11_28,Not Deployed,s2_97_208,s1_below_1,Female,s2_37_80,s3_141_159,s2_164_318,s3_80_160,s2_2_4
14587,s3_1695_2555,s2_n103_99,s4_n40_7,s1_below_4282,s3_3_4,s1_below_2001,s3_2075_3730,s3_17_37,Truck (<=6000 lbs.),s3_28_48,Deployed,s2_97_208,s1_below_1,Female,s3_80_96,s3_141_159,s2_164_318,s3_80_160,s2_2_4
14588,s2_885_1695,s2_n103_99,s4_n40_7,s1_below_4282,s1_below_2,s2_2001_2003,s2_760_2075,s3_17_37,Passenger Car,s4_48_64,Deployed,s2_97_208,s1_below_1,Female,s3_80_96,s3_141_159,s2_164_318,s3_80_160,s2_2_4
14589,s2_885_1695,s2_n103_99,s4_n40_7,s1_below_4282,s1_below_2,s3_2003_2005,s2_760_2075,s3_17_37,Passenger Car,s2_11_28,Deployed,s2_97_208,s1_below_1,Male,s2_37_80,s3_141_159,s2_164_318,s3_80_160,s2_2_4
14590,s2_885_1695,s2_n103_99,s4_n40_7,s1_below_4282,s1_below_2,s1_below_2001,s2_760_2075,s3_17_37,Passenger Car,s4_48_64,Deployed,s2_97_208,s1_below_1,Female,s2_37_80,s3_141_159,s2_164_318,s4_160_220,s2_2_4
14591,s2_885_1695,s2_n103_99,s4_n40_7,s1_below_4282,s2_2_3,s2_2001_2003,s2_760_2075,s3_17_37,Passenger Car,s3_28_48,Deployed,s2_97_208,s1_below_1,Male,s3_80_96,s3_141_159,s2_164_318,s3_80_160,s2_2_4
14592,s2_885_1695,s2_n103_99,s4_n40_7,s1_below_4282,s1_below_2,s2_2001_2003,s2_760_2075,s3_17_37,Passenger Car,s2_11_28,Not Deployed,s2_97_208,s1_below_1,Female,s3_80_96,s3_141_159,s2_164_318,s3_80_160,s2_2_4
14593,s2_885_1695,s2_n103_99,s4_n40_7,s1_below_4282,s1_below_2,s2_2001_2003,s2_760_2075,s3_17_37,Passenger Car,s4_48_64,Not Deployed,s2_97_208,s1_below_1,Female,s2_37_80,s3_141_159,s2_164_318,s3_80_160,s2_2_4
14594,s2_885_1695,s2_n103_99,s4_n40_7,s1_below_4282,s4_4_5,s2_2001_2003,s2_760_2075,s3_17_37,Passenger Car,s3_28_48,Not Deployed,s2_97_208,s1_below_1,Female,s2_37_80,s3_141_159,s2_164_318,s3_80_160,s2_2_4
14595,s2_885_1695,s2_n103_99,s3_n81_n40,s1_below_4282,s1_below_2,s2_2001_2003,s2_760_2075,s3_17_37,Passenger Car,s5_64_76,Deployed,s2_97_208,s2_1_2,Male,s2_37_80,s3_141_159,s2_164_318,s2_40_80,s2_2_4
14596,s3_1695_2555,s2_n103_99,s4_n40_7,s1_below_4282,s3_3_4,s2_2001_2003,s2_760_2075,s4_37_47,Truck (<=6000 lbs.),s4_48_64,Not Deployed,s2_97_208,s1_below_1,Male,s6_130_up,s3_141_159,s2_164_318,s3_80_160,s2_2_4
14597,s2_885_1695,s2_n103_99,s3_n81_n40,s1_below_4282,s1_below_2,s3_2003_2005,s2_760_2075,s4_37_47,Passenger Car,s3_28_48,Deployed,s2_97_208,s5_4_5,Male,s4_96_114,s3_141_159,s2_164_318,s2_40_80,s2_2_4
14598,s3_1695_2555,s2_n103_99,s4_n40_7,s1_below_4282,s2_2_3,s3_2003_2005,s2_760_2075,s3_17_37,Truck (<=10000 lbs.),s3_28_48,Not Deployed,s2_97_208,s1_below_1,Male,s4_96_114,s5_169_179,s3_318_464,s3_80_160,s4_5_6
14599,s2_885_1695,s2_n103_99,s4_n40_7,s1_below_4282,s2_2_3,s2_2001_2003,s2_760_2075,s3_17_37,Passenger Car,s3_28_48,Not Deployed,s2_97_208,s1_below_1,Male,s3_80_96,s3_141_159,s2_164_318,s3_80_160,s2_2_4
14600,s2_885_1695,s2_n103_99,s4_n40_7,s1_below_4282,s4_4_5,s1_below_2001,s2_760_2075,s3_17_37,Passenger Car,s3_28_48,Not Deployed,s2_97_208,s2_1_2,Female,s3_80_96,s3_141_159,s2_164_318,s2_40_80,s2_2_4
14601,s2_885_1695,s2_n103_99,s4_n40_7,s1_below_4282,s1_below_2,s1_below_2001,s2_760_2075,s3_17_37,Passenger Car,s5_64_76,Deployed,s2_97_208,s1_below_1,Female,s2_37_80,s3_141_159,s2_164_318,s3_80_160,s2_2_4
14602,s2_885_1695,s2_n103_99,s3_n81_n40,s1_below_4282,s2_2_3,s1_below_2001,s2_760_2075,s3_17_37,Passenger Car,s2_11_28,Deployed,s2_97_208,s1_below_1,Male,s3_80_96,s3_141_159,s2_164_318,s3_80_160,s2_2_4
14603,s3_1695_2555,s2_n103_99,s4_n40_7,s1_below_4282,s3_3_4,s2_2001_2003,s2_760_2075,s3_17_37,Truck (<=10000 lbs.),s5_64_76,Deployed,s2_97_208,s2_1_2,Male,s4_96_114,s2_116_141,s3_318_464,s3_80_160,s3_4_5
14604,s4_2555_3715,s2_n103_99,s3_n81_n40,s1_below_4282,s1_below_2,s2_2001_2003,s2_760_2075,s5_47_57,Truck (<=10000 lbs.),s3_28_48,Deployed,s2_97_208,s4_3_4,Male,s3_80_96,s4_159_169,s3_318_464,s3_80_160,s5_6_7
14605,s2_885_1695,s2_n103_99,s4_n40_7,s1_below_4282,s1_below_2,s2_2001_2003,s3_2075_3730,s4_37_47,Passenger Car,s2_11_28,Deployed,s2_97_208,s3_2_3,Female,s2_37_80,s3_141_159,s2_164_318,s3_80_160,s2_2_4
14606,s3_1695_2555,s2_n103_99,s4_n40_7,s1_below_4282,s1_below_2,s1_below_2001,s2_760_2075,s3_17_37,Truck (<=6000 lbs.),s6_76_up,Not Deployed,s2_97_208,s5_4_5,Male,s3_80_96,s3_141_159,s2_164_318,s2_40_80,s2_2_4
14607,s2_885_1695,s2_n103_99,s4_n40_7,s1_below_4282,s3_3_4,s2_2001_2003,s3_2075_3730,s4_37_47,Passenger Car,s5_64_76,Not Deployed,s2_97_208,s1_below_1,Female,s2_37_80,s3_141_159,s2_164_318,s3_80_160,s2_2_4
14608,s3_1695_2555,s2_n103_99,s4_n40_7,s1_below_4282,s6_6_up,s1_below_2001,s2_760_2075,s4_37_47,Truck (<=10000 lbs.),s2_11_28,Deployed,s2_97_208,s1_below_1,Female,s2_37_80,s3_141_159,s2_164_318,s3_80_160,s2_2_4
14609,s3_1695_2555,s2_n103_99,s4_n40_7,s1_below_4282,s3_3_4,s2_2001_2003,s2_760_2075,s3_17_37,Truck (<=10000 lbs.),s4_48_64,Not Deployed,s2_97_208,s1_below_1,Male,s3_80_96,s4_159_169,s3_318_464,s3_80_160,s5_6_7
14610,s3_1695_2555,s2_n103_99,s4_n40_7,s1_below_4282,s1_below_2,s2_2001_2003,s2_760_2075,s3_17_37,Truck (<=6000 lbs.),s4_48_64,Deployed,s2_97_208,s1_below_1,Female,s2_37_80,s3_141_159,s2_164_318,s3_80_160,s2_2_4
14611,s2_885_1695,s2_n103_99,s5_7_up,s1_below_4282,s1_below_2,s3_2003_2005,s2_760_2075,s3_17_37,Passenger Car,s3_28_48,Deployed,s2_97_208,s1_below_1,Male,s4_96_114,s3_141_159,s2_164_318,s6_260_up,s2_2_4
14612,s3_1695_2555,s2_n103_99,s4_n40_7,s1_below_4282,s5_5_6,s2_2001_2003,s2_760_2075,s4_37_47,Truck (<=6000 lbs.),s3_28_48,Not Deployed,s2_97_208,s1_below_1,Male,s2_37_80,s4_159_169,s2_164_318,s4_160_220,s3_4_5
14613,s2_885_1695,s2_n103_99,s4_n40_7,s1_below_4282,s1_below_2,s1_below_2001,s2_760_2075,s3_17_37,Passenger Car,s3_28_48,Not Deployed,s2_97_208,s1_below_1,Female,s2_37_80,s3_141_159,s2_164_318,s3_80_160,s2_2_4
14614,s2_885_1695,s2_n103_99,s4_n40_7,s1_below_4282,s1_below_2,s2_2001_2003,s2_760_2075,s3_17_37,Passenger Car,s5_64_76,Not Deployed,s2_97_208,s1_below_1,Female,s2_37_80,s3_141_159,s2_164_318,s3_80_160,s2_2_4
14615,s3_1695_2555,s2_n103_99,s3_n81_n40,s2_4282_6970,s1_below_2,s2_2001_2003,s2_760_2075,s6_57_up,Truck (<=6000 lbs.),s4_48_64,Deployed,s2_97_208,s5_4_5,Male,s6_130_up,s3_141_159,s2_164_318,s3_80_160,s2_2_4
14616,s2_885_1695,s2_n103_99,s4_n40_7,s1_below_4282,s1_below_2,s1_below_2001,s2_760_2075,s4_37_47,Passenger Car,s2_11_28,Deployed,s2_97_208,s5_4_5,Female,s2_37_80,s3_141_159,s2_164_318,s2_40_80,s2_2_4
14617,s2_885_1695,s2_n103_99,s4_n40_7,s1_below_4282,s2_2_3,s2_2001_2003,s2_760_2075,s3_17_37,Passenger Car,s4_48_64,Not Deployed,s2_97_208,s1_below_1,Male,s2_37_80,s3_141_159,s2_164_318,s3_80_160,s2_2_4
14618,s3_1695_2555,s2_n103_99,s3_n81_n40,s1_below_4282,s1_below_2,s2_2001_2003,s2_760_2075,s4_37_47,Truck (<=10000 lbs.),s4_48_64,Deployed,s2_97_208,s1_below_1,Male,s3_80_96,s4_159_169,s2_164_318,s2_40_80,s3_4_5
14619,s4_2555_3715,s2_n103_99,s4_n40_7,s1_below_4282,s1_below_2,s2_2001_2003,s2_760_2075,s3_17_37,Truck (<=10000 lbs.),s3_28_48,Not Deployed,s2_97_208,s1_below_1,Male,s3_80_96,s5_169_179,s3_318_464,s3_80_160,s4_5_6
14620,s3_1695_2555,s2_n103_99,s4_n40_7,s1_below_4282,s4_4_5,s1_below_2001,s2_760_2075,s3_17_37,Truck (<=10000 lbs.),s3_28_48,Not Deployed,s2_97_208,s1_below_1,Male,s2_37_80,s5_169_179,s3_318_464,s3_80_160,s4_5_6
14621,s2_885_1695,s2_n103_99,s4_n40_7,s1_below_4282,s2_2_3,s2_2001_2003,s2_760_2075,s3_17_37,Passenger Car,s2_11_28,Not Deployed,s2_97_208,s1_below_1,Male,s2_37_80,s3_141_159,s2_164_318,s3_80_160,s2_2_4
14622,s3_1695_2555,s2_n103_99,s4_n40_7,s1_below_4282,s2_2_3,s1_below_2001,s2_760_2075,s4_37_47,Passenger Car,s5_64_76,Deployed,s2_97_208,s1_below_1,Female,s2_37_80,s3_141_159,s2_164_318,s4_160_220,s2_2_4
14623,s3_1695_2555,s2_n103_99,s4_n40_7,s1_below_4282,s3_3_4,s1_below_2001,s2_760_2075,s4_37_47,Truck (<=6000 lbs.),s3_28_48,Deployed,s2_97_208,s1_below_1,Female,s2_37_80,s4_159_169,s2_164_318,s3_80_160,s3_4_5
14624,s2_885_1695,s2_n103_99,s4_n40_7,s1_below_4282,s4_4_5,s1_below_2001,s2_760_2075,s4_37_47,Passenger Car,s3_28_48,Deployed,s2_97_208,s1_below_1,Female,s2_37_80,s3_141_159,s2_164_318,s3_80_160,s2_2_4
14625,s2_885_1695,s2_n103_99,s3_n81_n40,s1_below_4282,s2_2_3,s3_2003_2005,s2_760_2075,s4_37_47,Passenger Car,s2_11_28,Not Deployed,s2_97_208,s1_below_1,Female,s2_37_80,s3_141_159,s2_164_318,s3_80_160,s2_2_4
14626,s3_1695_2555,s2_n103_99,s4_n40_7,s1_below_4282,s1_below_2,s1_below_2001,s2_760_2075,s3_17_37,Truck (<=10000 lbs.),s2_11_28,Not Deployed,s2_97_208,s1_below_1,Male,s4_96_114,s4_159_169,s3_318_464,s3_80_160,s4_5_6
14627,s2_885_1695,s2_n103_99,s4_n40_7,s1_below_4282,s4_4_5,s2_2001_2003,s3_2075_3730,s3_17_37,Passenger Car,s3_28_48,Not Deployed,s2_97_208,s1_below_1,Male,s3_80_96,s3_141_159,s2_164_318,s3_80_160,s2_2_4
14628,s2_885_1695,s2_n103_99,s4_n40_7,s1_below_4282,s1_below_2,s3_2003_2005,s2_760_2075,s3_17_37,Passenger Car,s3_28_48,Not Deployed,s2_97_208,s1_below_1,Male,s3_80_96,s3_141_159,s2_164_318,s3_80_160,s2_2_4
14629,s2_885_1695,s2_n103_99,s4_n40_7,s1_below_4282,s2_2_3,s1_below_2001,s2_760_2075,s4_37_47,Passenger Car,s4_48_64,Deployed,s2_97_208,s1_below_1,Female,s2_37_80,s3_141_159,s2_164_318,s3_80_160,s2_2_4
14630,s3_1695_2555,s2_n103_99,s4_n40_7,s1_below_4282,s1_below_2,s3_2003_2005,s2_760_2075,s3_17_37,Truck (<=6000 lbs.),s4_48_64,Deployed,s2_97_208,s1_below_1,Male,s6_130_up,s2_116_141,s3_318_464,s3_80_160,s2_2_4
14631,s3_1695_2555,s2_n103_99,s3_n81_n40,s1_below_4282,s4_4_5,s3_2003_2005,s2_760_2075,s4_37_47,Truck (<=10000 lbs.),s3_28_48,Deployed,s2_97_208,s1_below_1,Male,s4_96_114,s3_141_159,s3_318_464,s3_80_160,s3_4_5
14632,s3_1695_2555,s2_n103_99,s4_n40_7,s1_below_4282,s4_4_5,s2_2001_2003,s2_760_2075,s3_17_37,Truck (<=6000 lbs.),s3_28_48,Not Deployed,s2_97_208,s1_below_1,Female,s2_37_80,s4_159_169,s2_164_318,s3_80_160,s3_4_5
14633,s3_1695_2555,s2_n103_99,s4_n40_7,s1_below_4282,s4_4_5,s2_2001_2003,s2_760_2075,s3_17_37,Truck (<=6000 lbs.),s2_11_28,Not Deployed,s2_97_208,s1_below_1,Female,s2_37_80,s4_159_169,s2_164_318,s3_80_160,s2_2_4
14634,s3_1695_2555,s2_n103_99,s4_n40_7,s1_below_4282,s1_below_2,s3_2003_2005,s2_760_2075,s3_17_37,Truck (<=6000 lbs.),s2_11_28,Deployed,s2_97_208,s1_below_1,Female,s2_37_80,s4_159_169,s2_164_318,s3_80_160,s2_2_4
14635,s2_885_1695,s2_n103_99,s4_n40_7,s1_below_4282,s1_below_2,s2_2001_2003,s2_760_2075,s3_17_37,Passenger Car,s2_11_28,Deployed,s2_97_208,s1_below_1,Female,s2_37_80,s3_141_159,s2_164_318,s3_80_160,s2_2_4
14636,s2_885_1695,s2_n103_99,s4_n40_7,s1_below_4282,s3_3_4,s2_2001_2003,s2_760_2075,s4_37_47,Passenger Car,s3_28_48,Not Deployed,s2_97_208,s1_below_1,Female,s2_37_80,s3_141_159,s2_164_318,s2_40_80,s2_2_4
14637,s2_885_1695,s2_n103_99,s4_n40_7,s1_below_4282,s1_below_2,s2_2001_2003,s3_2075_3730,s3_17_37,Truck (<=6000 lbs.),s2_11_28,Not Deployed,s2_97_208,s1_below_1,Male,s2_37_80,s2_116_141,s2_164_318,s4_160_220,s2_2_4
14638,s2_885_1695,s2_n103_99,s4_n40_7,s1_below_4282,s3_3_4,s2_2001_2003,s2_760_2075,s3_17_37,Passenger Car,s3_28_48,Not Deployed,s2_97_208,s1_below_1,Male,s2_37_80,s3_141_159,s2_164_318,s4_160_220,s2_2_4
14639,s2_885_1695,s2_n103_99,s4_n40_7,s1_below_4282,s4_4_5,s1_below_2001,s2_760_2075,s3_17_37,Passenger Car,s3_28_48,Not Deployed,s2_97_208,s1_below_1,Female,s2_37_80,s3_141_159,s2_164_318,s4_160_220,s2_2_4
14640,s2_885_1695,s2_n103_99,s4_n40_7,s1_below_4282,s4_4_5,s3_2003_2005,s2_760_2075,s4_37_47,Passenger Car,s3_28_48,Deployed,s2_97_208,s1_below_1,Female,s2_37_80,s3_141_159,s2_164_318,s3_80_160,s2_2_4
14641,s3_1695_2555,s2_n103_99,s4_n40_7,s1_below_4282,s1_below_2,s2_2001_2003,s2_760_2075,s4_37_47,Truck (<=6000 lbs.),s4_48_64,Not Deployed,s2_97_208,s3_2_3,Female,s4_96_114,s4_159_169,s2_164_318,s2_40_80,s2_2_4
14642,s2_885_1695,s2_n103_99,s3_n81_n40,s1_below_4282,s1_below_2,s3_2003_2005,s2_760_2075,s3_17_37,Passenger Car,s4_48_64,Deployed,s2_97_208,s5_4_5,Male,s2_37_80,s3_141_159,s2_164_318,s3_80_160,s2_2_4
14643,s2_885_1695,s2_n103_99,s4_n40_7,s1_below_4282,s5_5_6,s2_2001_2003,s2_760_2075,s4_37_47,Passenger Car,s4_48_64,Deployed,s2_97_208,s1_below_1,Male,s2_37_80,s3_141_159,s2_164_318,s3_80_160,s2_2_4
14644,s2_885_1695,s2_n103_99,s4_n40_7,s1_below_4282,s4_4_5,s2_2001_2003,s2_760_2075,s4_37_47,Passenger Car,s3_28_48,Deployed,s2_97_208,s2_1_2,Male,s2_37_80,s3_141_159,s2_164_318,s3_80_160,s2_2_4
14645,s4_2555_3715,s2_n103_99,s4_n40_7,s1_below_4282,s3_3_4,s1_below_2001,s2_760_2075,s3_17_37,Truck (<=10000 lbs.),s5_64_76,Not Deployed,s2_97_208,s1_below_1,Male,s2_37_80,s6_179_up,s3_318_464,s3_80_160,s4_5_6
14646,s2_885_1695,s2_n103_99,s5_7_up,s1_below_4282,s1_below_2,s2_2001_2003,s3_2075_3730,s4_37_47,Truck (<=6000 lbs.),s4_48_64,Not Deployed,s2_97_208,s1_below_1,Male,s3_80_96,s3_141_159,s3_318_464,s5_220_260,s2_2_4
14647,s3_1695_2555,s2_n103_99,s4_n40_7,s1_below_4282,s1_below_2,s2_2001_2003,s2_760_2075,s4_37_47,Truck (<=10000 lbs.),s3_28_48,Deployed,s2_97_208,s1_below_1,Female,s2_37_80,s3_141_159,s3_318_464,s3_80_160,s3_4_5
14648,s2_885_1695,s2_n103_99,s3_n81_n40,s1_below_4282,s3_3_4,s1_below_2001,s2_760_2075,s3_17_37,Truck (<=6000 lbs.),s3_28_48,Deployed,s2_97_208,s2_1_2,Male,s2_37_80,s3_141_159,s2_164_318,s3_80_160,s2_2_4
14649,s2_885_1695,s2_n103_99,s4_n40_7,s1_below_4282,s2_2_3,s2_2001_2003,s2_760_2075,s4_37_47,Passenger Car,s2_11_28,Not Deployed,s2_97_208,s1_below_1,Female,s3_80_96,s3_141_159,s2_164_318,s2_40_80,s2_2_4
14650,s2_885_1695,s2_n103_99,s4_n40_7,s1_below_4282,s1_below_2,s2_2001_2003,s2_760_2075,s3_17_37,Passenger Car,s2_11_28,Deployed,s2_97_208,s1_below_1,Female,s2_37_80,s3_141_159,s2_164_318,s3_80_160,s2_2_4
14651,s3_1695_2555,s2_n103_99,s4_n40_7,s1_below_4282,s2_2_3,s1_below_2001,s3_2075_3730,s4_37_47,Truck (<=6000 lbs.),s3_28_48,Not Deployed,s2_97_208,s1_below_1,Male,s3_80_96,s3_141_159,s3_318_464,s3_80_160,s3_4_5
14652,s3_1695_2555,s2_n103_99,s4_n40_7,s1_below_4282,s2_2_3,s2_2001_2003,s2_760_2075,s3_17_37,Truck (<=6000 lbs.),s4_48_64,Deployed,s2_97_208,s1_below_1,Female,s3_80_96,s3_141_159,s2_164_318,s3_80_160,s2_2_4
14653,s2_885_1695,s2_n103_99,s4_n40_7,s1_below_4282,s1_below_2,s1_below_2001,s2_760_2075,s3_17_37,Passenger Car,s2_11_28,Not Deployed,s2_97_208,s1_below_1,Female,s2_37_80,s3_141_159,s2_164_318,s3_80_160,s2_2_4
14654,s2_885_1695,s2_n103_99,s4_n40_7,s1_below_4282,s2_2_3,s2_2001_2003,s2_760_2075,s4_37_47,Passenger Car,s5_64_76,Deployed,s2_97_208,s1_below_1,Female,s2_37_80,s3_141_159,s2_164_318,s4_160_220,s2_2_4
14655,s2_885_1695,s2_n103_99,s4_n40_7,s1_below_4282,s1_below_2,s1_below_2001,s2_760_2075,s3_17_37,Passenger Car,s2_11_28,Not Deployed,s2_97_208,s1_below_1,Female,s2_37_80,s3_141_159,s2_164_318,s2_40_80,s2_2_4
14656,s2_885_1695,s2_n103_99,s4_n40_7,s1_below_4282,s2_2_3,s2_2001_2003,s2_760_2075,s3_17_37,Passenger Car,s2_11_28,Deployed,s2_97_208,s1_below_1,Female,s3_80_96,s3_141_159,s2_164_318,s3_80_160,s2_2_4
14657,s3_1695_2555,s2_n103_99,s4_n40_7,s1_below_4282,s1_below_2,s1_below_2001,s2_760_2075,s6_57_up,Truck (<=10000 lbs.),s3_28_48,Not Deployed,s2_97_208,s1_below_1,Female,s2_37_80,s4_159_169,s3_318_464,s3_80_160,s4_5_6
14658,s2_885_1695,s2_n103_99,s4_n40_7,s1_below_4282,s1_below_2,s2_2001_2003,s2_760_2075,s3_17_37,Passenger Car,s3_28_48,Deployed,s2_97_208,s3_2_3,Male,s3_80_96,s3_141_159,s2_164_318,s3_80_160,s2_2_4
14659,s2_885_1695,s2_n103_99,s4_n40_7,s1_below_4282,s1_below_2,s3_2003_2005,s2_760_2075,s3_17_37,Passenger Car,s3_28_48,Not Deployed,s2_97_208,s4_3_4,Male,s3_80_96,s3_141_159,s2_164_318,s2_40_80,s2_2_4
14660,s2_885_1695,s2_n103_99,s4_n40_7,s1_below_4282,s3_3_4,s2_2001_2003,s2_760_2075,s4_37_47,Passenger Car,s3_28_48,Deployed,s2_97_208,s1_below_1,Female,s3_80_96,s3_141_159,s2_164_318,s3_80_160,s2_2_4
14661,s3_1695_2555,s2_n103_99,s4_n40_7,s1_below_4282,s3_3_4,s1_below_2001,s2_760_2075,s4_37_47,Truck (<=10000 lbs.),s2_11_28,Deployed,s2_97_208,s2_1_2,Female,s2_37_80,s3_141_159,s2_164_318,s3_80_160,s2_2_4
14662,s3_1695_2555,s2_n103_99,s4_n40_7,s1_below_4282,s2_2_3,s3_2003_2005,s2_760_2075,s4_37_47,Truck (<=6000 lbs.),s3_28_48,Not Deployed,s2_97_208,s1_below_1,Female,s2_37_80,s4_159_169,s2_164_318,s2_40_80,s2_2_4
14663,s3_1695_2555,s2_n103_99,s4_n40_7,s1_below_4282,s2_2_3,s1_below_2001,s2_760_2075,s4_37_47,Truck (<=6000 lbs.),s3_28_48,Not Deployed,s2_97_208,s1_below_1,Male,s3_80_96,s3_141_159,s2_164_318,s2_40_80,s2_2_4
14664,s2_885_1695,s2_n103_99,s4_n40_7,s1_below_4282,s5_5_6,s2_2001_2003,s2_760_2075,s4_37_47,Passenger Car,s3_28_48,Not Deployed,s2_97_208,s1_below_1,Male,s3_80_96,s3_141_159,s2_164_318,s3_80_160,s2_2_4
14665,s4_2555_3715,s2_n103_99,s4_n40_7,s3_6970_up,s1_below_2,s1_below_2001,s3_2075_3730,s5_47_57,Truck (<=10000 lbs.),s3_28_48,Not Deployed,s2_97_208,s6_5_up,Male,s2_37_80,s5_169_179,s3_318_464,s5_220_260,s4_5_6
14666,s2_885_1695,s2_n103_99,s4_n40_7,s1_below_4282,s1_below_2,s1_below_2001,s2_760_2075,s6_57_up,Passenger Car,s4_48_64,Not Deployed,s2_97_208,s1_below_1,Female,s2_37_80,s3_141_159,s2_164_318,s3_80_160,s2_2_4
14667,s2_885_1695,s2_n103_99,s4_n40_7,s1_below_4282,s3_3_4,s1_below_2001,s2_760_2075,s3_17_37,Passenger Car,s2_11_28,Not Deployed,s2_97_208,s1_below_1,Female,s2_37_80,s3_141_159,s2_164_318,s2_40_80,s2_2_4
14668,s2_885_1695,s2_n103_99,s4_n40_7,s1_below_4282,s4_4_5,s1_below_2001,s2_760_2075,s3_17_37,Passenger Car,s2_11_28,Deployed,s2_97_208,s1_below_1,Female,s2_37_80,s3_141_159,s2_164_318,s4_160_220,s2_2_4
14669,s3_1695_2555,s2_n103_99,s4_n40_7,s1_below_4282,s2_2_3,s1_below_2001,s2_760_2075,s3_17_37,Truck (<=6000 lbs.),s3_28_48,Not Deployed,s2_97_208,s1_below_1,Male,s3_80_96,s3_141_159,s2_164_318,s2_40_80,s2_2_4
14670,s2_885_1695,s2_n103_99,s5_7_up,s1_below_4282,s1_below_2,s1_below_2001,s2_760_2075,s3_17_37,Passenger Car,s4_48_64,Not Deployed,s2_97_208,s1_below_1,Male,s3_80_96,s3_141_159,s2_164_318,s4_160_220,s2_2_4
14671,s3_1695_2555,s2_n103_99,s4_n40_7,s1_below_4282,s4_4_5,s1_below_2001,s2_760_2075,s3_17_37,Truck (<=10000 lbs.),s5_64_76,Not Deployed,s2_97_208,s1_below_1,Male,s3_80_96,s4_159_169,s3_318_464,s3_80_160,s4_5_6
14672,s4_2555_3715,s2_n103_99,s4_n40_7,s1_below_4282,s2_2_3,s1_below_2001,s2_760_2075,s4_37_47,Truck (<=10000 lbs.),s2_11_28,Not Deployed,s2_97_208,s1_below_1,Male,s2_37_80,s5_169_179,s3_318_464,s3_80_160,s5_6_7
14673,s3_1695_2555,s2_n103_99,s4_n40_7,s1_below_4282,s2_2_3,s2_2001_2003,s3_2075_3730,s4_37_47,Truck (<=6000 lbs.),s3_28_48,Not Deployed,s2_97_208,s2_1_2,Female,s2_37_80,s3_141_159,s2_164_318,s4_160_220,s2_2_4
14674,s2_885_1695,s2_n103_99,s5_7_up,s1_below_4282,s2_2_3,s1_below_2001,s2_760_2075,s4_37_47,Passenger Car,s3_28_48,Not Deployed,s2_97_208,s1_below_1,Female,s2_37_80,s3_141_159,s2_164_318,s6_260_up,s2_2_4
14675,s2_885_1695,s2_n103_99,s4_n40_7,s1_below_4282,s3_3_4,s2_2001_2003,s2_760_2075,s3_17_37,Truck (<=6000 lbs.),s5_64_76,Deployed,s2_97_208,s1_below_1,Male,s2_37_80,s3_141_159,s2_164_318,s3_80_160,s2_2_4
14676,s2_885_1695,s2_n103_99,s4_n40_7,s1_below_4282,s2_2_3,s3_2003_2005,s2_760_2075,s4_37_47,Passenger Car,s2_11_28,Not Deployed,s2_97_208,s1_below_1,Male,s2_37_80,s3_141_159,s2_164_318,s3_80_160,s2_2_4
14677,s2_885_1695,s2_n103_99,s4_n40_7,s1_below_4282,s1_below_2,s1_below_2001,s2_760_2075,s6_57_up,Passenger Car,s2_11_28,Deployed,s2_97_208,s1_below_1,Female,s2_37_80,s3_141_159,s2_164_318,s4_160_220,s2_2_4
14678,s3_1695_2555,s2_n103_99,s4_n40_7,s1_below_4282,s3_3_4,s3_2003_2005,s2_760_2075,s3_17_37,Truck (<=6000 lbs.),s4_48_64,Deployed,s2_97_208,s1_below_1,Male,s3_80_96,s4_159_169,s2_164_318,s3_80_160,s3_4_5
14679,s2_885_1695,s2_n103_99,s4_n40_7,s1_below_4282,s1_below_2,s1_below_2001,s2_760_2075,s4_37_47,Truck (<=6000 lbs.),s3_28_48,Deployed,s2_97_208,s3_2_3,Male,s5_114_130,s3_141_159,s2_164_318,s3_80_160,s2_2_4
14680,s3_1695_2555,s2_n103_99,s4_n40_7,s1_below_4282,s1_below_2,s2_2001_2003,s2_760_2075,s3_17_37,Truck (<=10000 lbs.),s3_28_48,Not Deployed,s2_97_208,s1_below_1,Female,s3_80_96,s4_159_169,s3_318_464,s3_80_160,s4_5_6
14681,s2_885_1695,s2_n103_99,s4_n40_7,s1_below_4282,s3_3_4,s2_2001_2003,s2_760_2075,s4_37_47,Passenger Car,s4_48_64,Not Deployed,s2_97_208,s1_below_1,Female,s2_37_80,s3_141_159,s2_164_318,s4_160_220,s2_2_4
14682,s3_1695_2555,s2_n103_99,s4_n40_7,s1_below_4282,s1_below_2,s2_2001_2003,s2_760_2075,s4_37_47,Truck (<=6000 lbs.),s4_48_64,Deployed,s2_97_208,s1_below_1,Male,s3_80_96,s4_159_169,s2_164_318,s3_80_160,s2_2_4
14683,s2_885_1695,s2_n103_99,s4_n40_7,s1_below_4282,s1_below_2,s1_below_2001,s2_760_2075,s3_17_37,Truck (<=6000 lbs.),s2_11_28,Not Deployed,s2_97_208,s1_below_1,Female,s2_37_80,s3_141_159,s3_318_464,s4_160_220,s2_2_4
14684,s3_1695_2555,s2_n103_99,s4_n40_7,s1_below_4282,s2_2_3,s2_2001_2003,s2_760_2075,s3_17_37,Truck (<=6000 lbs.),s5_64_76,Deployed,s2_97_208,s1_below_1,Female,s3_80_96,s3_141_159,s2_164_318,s3_80_160,s2_2_4
14685,s2_885_1695,s2_n103_99,s4_n40_7,s1_below_4282,s2_2_3,s3_2003_2005,s2_760_2075,s4_37_47,Passenger Car,s4_48_64,Deployed,s2_97_208,s1_below_1,Female,s6_130_up,s3_141_159,s2_164_318,s4_160_220,s2_2_4
14686,s3_1695_2555,s2_n103_99,s4_n40_7,s1_below_4282,s2_2_3,s1_below_2001,s2_760_2075,s4_37_47,Passenger Car,s4_48_64,Deployed,s2_97_208,s1_below_1,Male,s2_37_80,s3_141_159,s2_164_318,s3_80_160,s2_2_4
14687,s3_1695_2555,s2_n103_99,s4_n40_7,s1_below_4282,s3_3_4,s2_2001_2003,s2_760_2075,s3_17_37,Truck (<=6000 lbs.),s3_28_48,Deployed,s2_97_208,s1_below_1,Female,s2_37_80,s4_159_169,s2_164_318,s4_160_220,s3_4_5
14688,s4_2555_3715,s2_n103_99,s3_n81_n40,s1_below_4282,s1_below_2,s3_2003_2005,s2_760_2075,s6_57_up,Truck (<=10000 lbs.),s2_11_28,Deployed,s2_97_208,s5_4_5,Male,s3_80_96,s5_169_179,s3_318_464,s2_40_80,s4_5_6
14689,s2_885_1695,s2_n103_99,s4_n40_7,s1_below_4282,s3_3_4,s2_2001_2003,s2_760_2075,s3_17_37,Passenger Car,s2_11_28,Deployed,s2_97_208,s2_1_2,Female,s2_37_80,s3_141_159,s2_164_318,s6_260_up,s2_2_4
14690,s2_885_1695,s2_n103_99,s5_7_up,s1_below_4282,s2_2_3,s1_below_2001,s2_760_2075,s3_17_37,Passenger Car,s3_28_48,Not Deployed,s2_97_208,s1_below_1,Male,s3_80_96,s3_141_159,s2_164_318,s6_260_up,s2_2_4
14691,s3_1695_2555,s2_n103_99,s4_n40_7,s1_below_4282,s1_below_2,s2_2001_2003,s2_760_2075,s4_37_47,Truck (<=10000 lbs.),s3_28_48,Deployed,s2_97_208,s1_below_1,Male,s4_96_114,s4_159_169,s3_318_464,s3_80_160,s4_5_6
14692,s2_885_1695,s2_n103_99,s4_n40_7,s1_below_4282,s1_below_2,s1_below_2001,s2_760_2075,s3_17_37,Passenger Car,s6_76_up,Not Deployed,s2_97_208,s1_below_1,Male,s3_80_96,s3_141_159,s2_164_318,s3_80_160,s2_2_4
14693,s2_885_1695,s2_n103_99,s4_n40_7,s1_below_4282,s1_below_2,s2_2001_2003,s2_760_2075,s3_17_37,Passenger Car,s4_48_64,Not Deployed,s2_97_208,s1_below_1,Male,s3_80_96,s3_141_159,s2_164_318,s3_80_160,s2_2_4
14694,s2_885_1695,s2_n103_99,s4_n40_7,s1_below_4282,s1_below_2,s2_2001_2003,s3_2075_3730,s4_37_47,Passenger Car,s2_11_28,Not Deployed,s2_97_208,s1_below_1,Female,s2_37_80,s3_141_159,s2_164_318,s3_80_160,s2_2_4
14695,s3_1695_2555,s2_n103_99,s4_n40_7,s1_below_4282,s1_below_2,s2_2001_2003,s2_760_2075,s5_47_57,Truck (<=6000 lbs.),s2_11_28,Deployed,s2_97_208,s1_below_1,Male,s4_96_114,s3_141_159,s2_164_318,s3_80_160,s2_2_4
14696,s2_885_1695,s2_n103_99,s4_n40_7,s1_below_4282,s1_below_2,s2_2001_2003,s2_760_2075,s4_37_47,Passenger Car,s2_11_28,Not Deployed,s2_97_208,s1_below_1,Male,s2_37_80,s3_141_159,s2_164_318,s3_80_160,s2_2_4
14697,s2_885_1695,s2_n103_99,s3_n81_n40,s1_below_4282,s1_below_2,s1_below_2001,s2_760_2075,s3_17_37,Passenger Car,s2_11_28,Deployed,s2_97_208,s1_below_1,Male,s3_80_96,s3_141_159,s2_164_318,s3_80_160,s2_2_4
14698,s3_1695_2555,s2_n103_99,s4_n40_7,s1_below_4282,s4_4_5,s3_2003_2005,s2_760_2075,s4_37_47,Truck (<=6000 lbs.),s2_11_28,Deployed,s2_97_208,s1_below_1,Female,s2_37_80,s3_141_159,s2_164_318,s3_80_160,s2_2_4
14699,s2_885_1695,s2_n103_99,s4_n40_7,s1_below_4282,s1_below_2,s1_below_2001,s2_760_2075,s4_37_47,Passenger Car,s3_28_48,Not Deployed,s2_97_208,s1_below_1,Female,s2_37_80,s3_141_159,s2_164_318,s2_40_80,s2_2_4
14700,s2_885_1695,s2_n103_99,s4_n40_7,s1_below_4282,s3_3_4,s2_2001_2003,s2_760_2075,s4_37_47,Passenger Car,s2_11_28,Deployed,s2_97_208,s1_below_1,Male,s2_37_80,s3_141_159,s2_164_318,s3_80_160,s2_2_4
14701,s3_1695_2555,s2_n103_99,s4_n40_7,s1_below_4282,s1_below_2,s1_below_2001,s3_2075_3730,s6_57_up,Truck (<=6000 lbs.),s3_28_48,Not Deployed,s2_97_208,s1_below_1,Female,s2_37_80,s3_141_159,s2_164_318,s1_below_40,s2_2_4
14702,s3_1695_2555,s2_n103_99,s4_n40_7,s1_below_4282,s1_below_2,s1_below_2001,s2_760_2075,s3_17_37,Truck (<=6000 lbs.),s3_28_48,Not Deployed,s2_97_208,s1_below_1,Female,s2_37_80,s3_141_159,s2_164_318,s3_80_160,s2_2_4
14703,s2_885_1695,s2_n103_99,s4_n40_7,s1_below_4282,s2_2_3,s2_2001_2003,s2_760_2075,s3_17_37,Passenger Car,s4_48_64,Deployed,s2_97_208,s1_below_1,Male,s2_37_80,s3_141_159,s2_164_318,s3_80_160,s2_2_4
14704,s2_885_1695,s2_n103_99,s4_n40_7,s1_below_4282,s1_below_2,s2_2001_2003,s3_2075_3730,s4_37_47,Passenger Car,s3_28_48,Not Deployed,s2_97_208,s1_below_1,Female,s3_80_96,s3_141_159,s2_164_318,s3_80_160,s2_2_4
14705,s3_1695_2555,s2_n103_99,s4_n40_7,s1_below_4282,s1_below_2,s2_2001_2003,s2_760_2075,s4_37_47,Truck (<=10000 lbs.),s3_28_48,Not Deployed,s2_97_208,s1_below_1,Male,s5_114_130,s4_159_169,s3_318_464,s3_80_160,s4_5_6
14706,s2_885_1695,s2_n103_99,s4_n40_7,s1_below_4282,s1_below_2,s2_2001_2003,s2_760_2075,s3_17_37,Passenger Car,s3_28_48,Not Deployed,s2_97_208,s1_below_1,Male,s3_80_96,s3_141_159,s2_164_318,s3_80_160,s2_2_4
14707,s3_1695_2555,s2_n103_99,s4_n40_7,s1_below_4282,s1_below_2,s3_2003_2005,s3_2075_3730,s3_17_37,Truck (<=6000 lbs.),s3_28_48,Not Deployed,s2_97_208,s1_below_1,Female,s2_37_80,s3_141_159,s2_164_318,s4_160_220,s2_2_4
14708,s2_885_1695,s2_n103_99,s4_n40_7,s1_below_4282,s3_3_4,s2_2001_2003,s3_2075_3730,s3_17_37,Passenger Car,s4_48_64,Deployed,s2_97_208,s1_below_1,Male,s2_37_80,s3_141_159,s2_164_318,s3_80_160,s2_2_4
14709,s3_1695_2555,s2_n103_99,s4_n40_7,s1_below_4282,s3_3_4,s1_below_2001,s2_760_2075,s3_17_37,Truck (<=6000 lbs.),s3_28_48,Deployed,s2_97_208,s1_below_1,Female,s2_37_80,s4_159_169,s2_164_318,s3_80_160,s3_4_5
14710,s2_885_1695,s2_n103_99,s4_n40_7,s1_below_4282,s1_below_2,s3_2003_2005,s3_2075_3730,s3_17_37,Passenger Car,s3_28_48,Deployed,s2_97_208,s1_below_1,Female,s3_80_96,s3_141_159,s2_164_318,s3_80_160,s2_2_4
14711,s3_1695_2555,s2_n103_99,s4_n40_7,s1_below_4282,s1_below_2,s2_2001_2003,s3_2075_3730,s3_17_37,Truck (<=6000 lbs.),s2_11_28,Not Deployed,s2_97_208,s2_1_2,Female,s2_37_80,s3_141_159,s2_164_318,s3_80_160,s2_2_4
14712,s2_885_1695,s2_n103_99,s4_n40_7,s1_below_4282,s3_3_4,s2_2001_2003,s2_760_2075,s4_37_47,Truck (<=6000 lbs.),s4_48_64,Deployed,s2_97_208,s1_below_1,Female,s3_80_96,s3_141_159,s2_164_318,s3_80_160,s2_2_4
14713,s2_885_1695,s2_n103_99,s4_n40_7,s1_below_4282,s1_below_2,s2_2001_2003,s2_760_2075,s3_17_37,Passenger Car,s6_76_up,Not Deployed,s2_97_208,s1_below_1,Male,s2_37_80,s3_141_159,s2_164_318,s2_40_80,s2_2_4
14714,s2_885_1695,s2_n103_99,s4_n40_7,s1_below_4282,s4_4_5,s2_2001_2003,s2_760_2075,s3_17_37,Passenger Car,s4_48_64,Deployed,s2_97_208,s1_below_1,Male,s2_37_80,s3_141_159,s2_164_318,s3_80_160,s2_2_4
14715,s2_885_1695,s2_n103_99,s4_n40_7,s1_below_4282,s3_3_4,s2_2001_2003,s2_760_2075,s3_17_37,Truck (<=6000 lbs.),s3_28_48,Not Deployed,s2_97_208,s1_below_1,Male,s5_114_130,s2_116_141,s2_164_318,s3_80_160,s2_2_4
14716,s2_885_1695,s2_n103_99,s4_n40_7,s1_below_4282,s2_2_3,s2_2001_2003,s3_2075_3730,s4_37_47,Truck (<=6000 lbs.),s2_11_28,Deployed,s2_97_208,s1_below_1,Female,s2_37_80,s3_141_159,s3_318_464,s3_80_160,s2_2_4
14717,s3_1695_2555,s2_n103_99,s4_n40_7,s1_below_4282,s1_below_2,s2_2001_2003,s2_760_2075,s4_37_47,Truck (<=6000 lbs.),s3_28_48,Not Deployed,s2_97_208,s1_below_1,Female,s2_37_80,s4_159_169,s2_164_318,s3_80_160,s2_2_4
14718,s2_885_1695,s2_n103_99,s4_n40_7,s1_below_4282,s4_4_5,s1_below_2001,s2_760_2075,s3_17_37,Truck (<=6000 lbs.),s2_11_28,Not Deployed,s2_97_208,s1_below_1,Female,s2_37_80,s3_141_159,s2_164_318,s4_160_220,s2_2_4
14719,s2_885_1695,s2_n103_99,s4_n40_7,s1_below_4282,s1_below_2,s2_2001_2003,s2_760_2075,s3_17_37,Passenger Car,s5_64_76,Not Deployed,s2_97_208,s1_below_1,Male,s2_37_80,s3_141_159,s2_164_318,s4_160_220,s2_2_4
14720,s3_1695_2555,s2_n103_99,s4_n40_7,s1_below_4282,s2_2_3,s1_below_2001,s2_760_2075,s4_37_47,Truck (<=6000 lbs.),s3_28_48,Deployed,s2_97_208,s1_below_1,Male,s2_37_80,s3_141_159,s2_164_318,s3_80_160,s2_2_4
14721,s3_1695_2555,s2_n103_99,s4_n40_7,s1_below_4282,s4_4_5,s1_below_2001,s2_760_2075,s4_37_47,Truck (<=10000 lbs.),s2_11_28,Not Deployed,s2_97_208,s1_below_1,Male,s2_37_80,s4_159_169,s3_318_464,s3_80_160,s4_5_6
14722,s3_1695_2555,s2_n103_99,s4_n40_7,s1_below_4282,s2_2_3,s2_2001_2003,s2_760_2075,s4_37_47,Truck (<=6000 lbs.),s3_28_48,Deployed,s2_97_208,s1_below_1,Male,s3_80_96,s3_141_159,s3_318_464,s3_80_160,s3_4_5
14723,s4_2555_3715,s2_n103_99,s4_n40_7,s1_below_4282,s3_3_4,s3_2003_2005,s2_760_2075,s3_17_37,Truck (<=10000 lbs.),s3_28_48,Deployed,s2_97_208,s1_below_1,Male,s3_80_96,s5_169_179,s3_318_464,s3_80_160,s4_5_6
14724,s2_885_1695,s2_n103_99,s5_7_up,s1_below_4282,s3_3_4,s2_2001_2003,s2_760_2075,s4_37_47,Passenger Car,s3_28_48,Not Deployed,s2_97_208,s1_below_1,Female,s2_37_80,s3_141_159,s2_164_318,s6_260_up,s2_2_4
14725,s2_885_1695,s2_n103_99,s4_n40_7,s1_below_4282,s1_below_2,s1_below_2001,s2_760_2075,s4_37_47,Passenger Car,s2_11_28,Not Deployed,s2_97_208,s1_below_1,Female,s2_37_80,s3_141_159,s2_164_318,s2_40_80,s2_2_4
14726,s2_885_1695,s2_n103_99,s4_n40_7,s1_below_4282,s2_2_3,s1_below_2001,s2_760_2075,s4_37_47,Passenger Car,s2_11_28,Deployed,s2_97_208,s1_below_1,Male,s5_114_130,s3_141_159,s2_164_318,s4_160_220,s2_2_4
14727,s2_885_1695,s2_n103_99,s4_n40_7,s1_below_4282,s2_2_3,s1_below_2001,s2_760_2075,s3_17_37,Passenger Car,s2_11_28,Not Deployed,s2_97_208,s1_below_1,Female,s2_37_80,s3_141_159,s2_164_318,s4_160_220,s2_2_4
14728,s2_885_1695,s2_n103_99,s4_n40_7,s1_below_4282,s4_4_5,s2_2001_2003,s3_2075_3730,s6_57_up,Passenger Car,s5_64_76,Not Deployed,s2_97_208,s1_below_1,Female,s2_37_80,s3_141_159,s2_164_318,s2_40_80,s2_2_4
14729,s2_885_1695,s2_n103_99,s4_n40_7,s1_below_4282,s3_3_4,s3_2003_2005,s2_760_2075,s4_37_47,Passenger Car,s5_64_76,Deployed,s2_97_208,s1_below_1,Male,s4_96_114,s3_141_159,s2_164_318,s3_80_160,s2_2_4
14730,s2_885_1695,s2_n103_99,s4_n40_7,s1_below_4282,s3_3_4,s1_below_2001,s2_760_2075,s4_37_47,Passenger Car,s3_28_48,Not Deployed,s2_97_208,s1_below_1,Female,s2_37_80,s3_141_159,s2_164_318,s3_80_160,s2_2_4
14731,s3_1695_2555,s2_n103_99,s4_n40_7,s1_below_4282,s2_2_3,s2_2001_2003,s2_760_2075,s4_37_47,Truck (<=6000 lbs.),s3_28_48,Deployed,s2_97_208,s3_2_3,Female,s4_96_114,s3_141_159,s2_164_318,s3_80_160,s2_2_4
14732,s3_1695_2555,s2_n103_99,s4_n40_7,s1_below_4282,s5_5_6,s3_2003_2005,s2_760_2075,s4_37_47,Truck (<=6000 lbs.),s2_11_28,Deployed,s2_97_208,s1_below_1,Male,s2_37_80,s3_141_159,s2_164_318,s4_160_220,s2_2_4
14733,s2_885_1695,s2_n103_99,s4_n40_7,s1_below_4282,s3_3_4,s2_2001_2003,s2_760_2075,s4_37_47,Passenger Car,s2_11_28,Not Deployed,s2_97_208,s1_below_1,Female,s2_37_80,s3_141_159,s2_164_318,s4_160_220,s2_2_4
14734,s2_885_1695,s2_n103_99,s4_n40_7,s1_below_4282,s3_3_4,s1_below_2001,s2_760_2075,s4_37_47,Passenger Car,s2_11_28,Deployed,s2_97_208,s1_below_1,Female,s2_37_80,s3_141_159,s2_164_318,s2_40_80,s2_2_4
14735,s2_885_1695,s2_n103_99,s4_n40_7,s1_below_4282,s2_2_3,s3_2003_2005,s2_760_2075,s3_17_37,Passenger Car,s3_28_48,Deployed,s2_97_208,s1_below_1,Female,s2_37_80,s3_141_159,s2_164_318,s2_40_80,s2_2_4
14736,s3_1695_2555,s2_n103_99,s4_n40_7,s1_below_4282,s2_2_3,s2_2001_2003,s2_760_2075,s3_17_37,Passenger Car,s2_11_28,Deployed,s2_97_208,s2_1_2,Female,s2_37_80,s4_159_169,s2_164_318,s3_80_160,s2_2_4
14737,s2_885_1695,s2_n103_99,s4_n40_7,s1_below_4282,s4_4_5,s3_2003_2005,s3_2075_3730,s4_37_47,Passenger Car,s2_11_28,Not Deployed,s2_97_208,s1_below_1,Female,s2_37_80,s3_141_159,s2_164_318,s3_80_160,s2_2_4
14738,s2_885_1695,s2_n103_99,s4_n40_7,s1_below_4282,s1_below_2,s1_below_2001,s2_760_2075,s4_37_47,Passenger Car,s2_11_28,Not Deployed,s2_97_208,s1_below_1,Female,s2_37_80,s3_141_159,s2_164_318,s2_40_80,s2_2_4
14739,s3_1695_2555,s2_n103_99,s4_n40_7,s1_below_4282,s3_3_4,s3_2003_2005,s2_760_2075,s4_37_47,Passenger Car,s5_64_76,Deployed,s2_97_208,s1_below_1,Female,s2_37_80,s4_159_169,s2_164_318,s3_80_160,s2_2_4
14740,s2_885_1695,s2_n103_99,s4_n40_7,s1_below_4282,s4_4_5,s1_below_2001,s2_760_2075,s4_37_47,Passenger Car,s2_11_28,Deployed,s2_97_208,s1_below_1,Female,s2_37_80,s3_141_159,s2_164_318,s3_80_160,s2_2_4
14741,s3_1695_2555,s2_n103_99,s4_n40_7,s1_below_4282,s2_2_3,s2_2001_2003,s2_760_2075,s4_37_47,Truck (<=6000 lbs.),s5_64_76,Deployed,s2_97_208,s2_1_2,Female,s4_96_114,s4_159_169,s2_164_318,s3_80_160,s2_2_4
14742,s4_2555_3715,s2_n103_99,s4_n40_7,s1_below_4282,s4_4_5,s1_below_2001,s2_760_2075,s3_17_37,Truck (<=10000 lbs.),s3_28_48,Deployed,s2_97_208,s1_below_1,Male,s2_37_80,s5_169_179,s3_318_464,s3_80_160,s5_6_7
14743,s3_1695_2555,s2_n103_99,s4_n40_7,s1_below_4282,s1_below_2,s1_below_2001,s2_760_2075,s5_47_57,Truck (<=10000 lbs.),s4_48_64,Not Deployed,s2_97_208,s1_below_1,Male,s2_37_80,s5_169_179,s3_318_464,s4_160_220,s4_5_6
14744,s2_885_1695,s2_n103_99,s4_n40_7,s1_below_4282,s2_2_3,s2_2001_2003,s3_2075_3730,s4_37_47,Passenger Car,s3_28_48,Not Deployed,s2_97_208,s1_below_1,Female,s2_37_80,s3_141_159,s2_164_318,s3_80_160,s2_2_4
14745,s2_885_1695,s2_n103_99,s4_n40_7,s1_below_4282,s2_2_3,s1_below_2001,s2_760_2075,s4_37_47,Passenger Car,s2_11_28,Deployed,s2_97_208,s1_below_1,Male,s3_80_96,s3_141_159,s2_164_318,s3_80_160,s2_2_4
14746,s2_885_1695,s2_n103_99,s5_7_up,s1_below_4282,s2_2_3,s2_2001_2003,s2_760_2075,s3_17_37,Passenger Car,s4_48_64,Not Deployed,s2_97_208,s1_below_1,Male,s2_37_80,s3_141_159,s2_164_318,s6_260_up,s2_2_4
14747,s3_1695_2555,s2_n103_99,s4_n40_7,s1_below_4282,s1_below_2,s1_below_2001,s3_2075_3730,s3_17_37,Truck (<=6000 lbs.),s3_28_48,Not Deployed,s2_97_208,s1_below_1,Female,s2_37_80,s3_141_159,s2_164_318,s2_40_80,s2_2_4
14748,s3_1695_2555,s2_n103_99,s4_n40_7,s1_below_4282,s2_2_3,s1_below_2001,s2_760_2075,s3_17_37,Truck (<=10000 lbs.),s2_11_28,Deployed,s2_97_208,s1_below_1,Male,s6_130_up,s4_159_169,s3_318_464,s3_80_160,s4_5_6
14749,s2_885_1695,s2_n103_99,s4_n40_7,s1_below_4282,s2_2_3,s1_below_2001,s3_2075_3730,s3_17_37,Truck (<=6000 lbs.),s2_11_28,Deployed,s2_97_208,s2_1_2,Male,s3_80_96,s3_141_159,s2_164_318,s4_160_220,s2_2_4
14750,s3_1695_2555,s2_n103_99,s4_n40_7,s1_below_4282,s3_3_4,s1_below_2001,s2_760_2075,s5_47_57,Truck (<=10000 lbs.),s2_11_28,Not Deployed,s2_97_208,s1_below_1,Male,s2_37_80,s4_159_169,s2_164_318,s4_160_220,s3_4_5
14751,s2_885_1695,s2_n103_99,s4_n40_7,s1_below_4282,s3_3_4,s3_2003_2005,s3_2075_3730,s5_47_57,Passenger Car,s2_11_28,Not Deployed,s2_97_208,s1_below_1,Male,s4_96_114,s3_141_159,s2_164_318,s4_160_220,s2_2_4
14752,s2_885_1695,s2_n103_99,s4_n40_7,s1_below_4282,s4_4_5,s1_below_2001,s2_760_2075,s4_37_47,Passenger Car,s2_11_28,Deployed,s2_97_208,s1_below_1,Female,s2_37_80,s3_141_159,s2_164_318,s3_80_160,s2_2_4
14753,s2_885_1695,s2_n103_99,s5_7_up,s1_below_4282,s3_3_4,s2_2001_2003,s2_760_2075,s4_37_47,Passenger Car,s4_48_64,Not Deployed,s2_97_208,s1_below_1,Male,s6_130_up,s3_141_159,s2_164_318,s6_260_up,s2_2_4
14754,s2_885_1695,s2_n103_99,s4_n40_7,s1_below_4282,s1_below_2,s2_2001_2003,s2_760_2075,s3_17_37,Passenger Car,s5_64_76,Not Deployed,s2_97_208,s1_below_1,Female,s2_37_80,s3_141_159,s2_164_318,s3_80_160,s2_2_4
14755,s2_885_1695,s2_n103_99,s4_n40_7,s1_below_4282,s1_below_2,s1_below_2001,s2_760_2075,s3_17_37,Passenger Car,s2_11_28,Deployed,s2_97_208,s1_below_1,Female,s2_37_80,s3_141_159,s2_164_318,s3_80_160,s2_2_4
14756,s3_1695_2555,s2_n103_99,s4_n40_7,s1_below_4282,s3_3_4,s2_2001_2003,s2_760_2075,s4_37_47,Truck (<=6000 lbs.),s3_28_48,Not Deployed,s2_97_208,s1_below_1,Female,s3_80_96,s4_159_169,s2_164_318,s4_160_220,s2_2_4
14757,s2_885_1695,s2_n103_99,s4_n40_7,s1_below_4282,s2_2_3,s3_2003_2005,s2_760_2075,s3_17_37,Passenger Car,s2_11_28,Not Deployed,s2_97_208,s1_below_1,Male,s3_80_96,s3_141_159,s2_164_318,s3_80_160,s2_2_4
14758,s3_1695_2555,s2_n103_99,s4_n40_7,s1_below_4282,s3_3_4,s3_2003_2005,s3_2075_3730,s3_17_37,Truck (<=10000 lbs.),s3_28_48,Deployed,s2_97_208,s1_below_1,Male,s3_80_96,s4_159_169,s3_318_464,s4_160_220,s4_5_6
14759,s3_1695_2555,s2_n103_99,s4_n40_7,s1_below_4282,s2_2_3,s1_below_2001,s3_2075_3730,s3_17_37,Truck (<=10000 lbs.),s3_28_48,Not Deployed,s2_97_208,s1_below_1,Female,s2_37_80,s4_159_169,s3_318_464,s3_80_160,s4_5_6
14760,s2_885_1695,s2_n103_99,s4_n40_7,s1_below_4282,s4_4_5,s2_2001_2003,s2_760_2075,s3_17_37,Truck (<=6000 lbs.),s4_48_64,Deployed,s2_97_208,s1_below_1,Female,s2_37_80,s3_141_159,s2_164_318,s3_80_160,s2_2_4
14761,s4_2555_3715,s2_n103_99,s4_n40_7,s1_below_4282,s1_below_2,s2_2001_2003,s3_2075_3730,s3_17_37,Truck (<=10000 lbs.),s4_48_64,Deployed,s2_97_208,s1_below_1,Male,s2_37_80,s4_159_169,s3_318_464,s2_40_80,s4_5_6
14762,s2_885_1695,s2_n103_99,s4_n40_7,s1_below_4282,s2_2_3,s1_below_2001,s2_760_2075,s4_37_47,Passenger Car,s2_11_28,Not Deployed,s2_97_208,s1_below_1,Female,s2_37_80,s3_141_159,s2_164_318,s3_80_160,s2_2_4
14763,s3_1695_2555,s2_n103_99,s4_n40_7,s1_below_4282,s5_5_6,s2_2001_2003,s2_760_2075,s3_17_37,Truck (<=6000 lbs.),s3_28_48,Not Deployed,s2_97_208,s1_below_1,Female,s4_96_114,s3_141_159,s2_164_318,s4_160_220,s2_2_4
14764,s2_885_1695,s2_n103_99,s4_n40_7,s1_below_4282,s3_3_4,s1_below_2001,s2_760_2075,s4_37_47,Passenger Car,s3_28_48,Not Deployed,s2_97_208,s1_below_1,Female,s2_37_80,s3_141_159,s2_164_318,s3_80_160,s2_2_4
14765,s2_885_1695,s2_n103_99,s5_7_up,s1_below_4282,s3_3_4,s1_below_2001,s2_760_2075,s4_37_47,Truck (<=6000 lbs.),s3_28_48,Not Deployed,s2_97_208,s1_below_1,Female,s2_37_80,s3_141_159,s2_164_318,s6_260_up,s2_2_4
14766,s2_885_1695,s2_n103_99,s5_7_up,s1_below_4282,s3_3_4,s2_2001_2003,s2_760_2075,s4_37_47,Passenger Car,s2_11_28,Not Deployed,s2_97_208,s1_below_1,Female,s2_37_80,s3_141_159,s2_164_318,s6_260_up,s2_2_4
14767,s4_2555_3715,s2_n103_99,s4_n40_7,s1_below_4282,s4_4_5,s1_below_2001,s2_760_2075,s4_37_47,Truck (<=10000 lbs.),s3_28_48,Deployed,s2_97_208,s1_below_1,Male,s3_80_96,s5_169_179,s3_318_464,s3_80_160,s5_6_7
14768,s3_1695_2555,s2_n103_99,s5_7_up,s1_below_4282,s1_below_2,s1_below_2001,s2_760_2075,s3_17_37,Truck (<=10000 lbs.),s4_48_64,Not Deployed,s2_97_208,s2_1_2,Male,s3_80_96,s3_141_159,s2_164_318,s6_260_up,s2_2_4
14769,s3_1695_2555,s2_n103_99,s4_n40_7,s1_below_4282,s3_3_4,s1_below_2001,s3_2075_3730,s6_57_up,Truck (<=10000 lbs.),s3_28_48,Deployed,s2_97_208,s1_below_1,Female,s2_37_80,s3_141_159,s2_164_318,s4_160_220,s2_2_4
14770,s2_885_1695,s2_n103_99,s4_n40_7,s1_below_4282,s2_2_3,s2_2001_2003,s2_760_2075,s3_17_37,Passenger Car,s2_11_28,Deployed,s2_97_208,s1_below_1,Female,s2_37_80,s3_141_159,s2_164_318,s3_80_160,s2_2_4
14771,s2_885_1695,s2_n103_99,s4_n40_7,s1_below_4282,s3_3_4,s1_below_2001,s3_2075_3730,s3_17_37,Truck (<=6000 lbs.),s2_11_28,Deployed,s2_97_208,s3_2_3,Male,s2_37_80,s3_141_159,s2_164_318,s4_160_220,s2_2_4
14772,s2_885_1695,s2_n103_99,s4_n40_7,s1_below_4282,s4_4_5,s2_2001_2003,s2_760_2075,s4_37_47,Passenger Car,s2_11_28,Not Deployed,s2_97_208,s1_below_1,Female,s2_37_80,s3_141_159,s2_164_318,s4_160_220,s2_2_4
14773,s2_885_1695,s2_n103_99,s4_n40_7,s1_below_4282,s1_below_2,s1_below_2001,s3_2075_3730,s4_37_47,Passenger Car,s2_11_28,Deployed,s2_97_208,s1_below_1,Female,s2_37_80,s3_141_159,s2_164_318,s3_80_160,s2_2_4
14774,s3_1695_2555,s2_n103_99,s4_n40_7,s1_below_4282,s1_below_2,s1_below_2001,s2_760_2075,s4_37_47,Truck (<=10000 lbs.),s2_11_28,Not Deployed,s2_97_208,s1_below_1,Male,s3_80_96,s4_159_169,s3_318_464,s4_160_220,s4_5_6
14775,s2_885_1695,s2_n103_99,s4_n40_7,s1_below_4282,s5_5_6,s2_2001_2003,s2_760_2075,s4_37_47,Passenger Car,s2_11_28,Not Deployed,s2_97_208,s1_below_1,Female,s2_37_80,s3_141_159,s2_164_318,s3_80_160,s2_2_4
14776,s3_1695_2555,s2_n103_99,s4_n40_7,s1_below_4282,s2_2_3,s1_below_2001,s2_760_2075,s4_37_47,Passenger Car,s3_28_48,Deployed,s2_97_208,s1_below_1,Female,s2_37_80,s3_141_159,s2_164_318,s4_160_220,s2_2_4
14777,s2_885_1695,s2_n103_99,s4_n40_7,s1_below_4282,s1_below_2,s2_2001_2003,s2_760_2075,s3_17_37,Passenger Car,s3_28_48,Not Deployed,s2_97_208,s1_below_1,Male,s2_37_80,s3_141_159,s2_164_318,s4_160_220,s2_2_4
14778,s3_1695_2555,s2_n103_99,s5_7_up,s1_below_4282,s2_2_3,s1_below_2001,s3_2075_3730,s4_37_47,Truck (<=10000 lbs.),s3_28_48,Not Deployed,s2_97_208,s1_below_1,Female,s2_37_80,s3_141_159,s2_164_318,s6_260_up,s2_2_4
14779,s2_885_1695,s2_n103_99,s4_n40_7,s1_below_4282,s1_below_2,s2_2001_2003,s2_760_2075,s4_37_47,Passenger Car,s3_28_48,Deployed,s2_97_208,s1_below_1,Male,s2_37_80,s3_141_159,s2_164_318,s3_80_160,s2_2_4
14780,s2_885_1695,s2_n103_99,s5_7_up,s1_below_4282,s1_below_2,s2_2001_2003,s2_760_2075,s4_37_47,Passenger Car,s3_28_48,Deployed,s2_97_208,s1_below_1,Female,s2_37_80,s3_141_159,s2_164_318,s6_260_up,s2_2_4
14781,s2_885_1695,s2_n103_99,s4_n40_7,s1_below_4282,s1_below_2,s1_below_2001,s2_760_2075,s3_17_37,Passenger Car,s2_11_28,Not Deployed,s2_97_208,s1_below_1,Male,s2_37_80,s3_141_159,s2_164_318,s3_80_160,s2_2_4
14782,s2_885_1695,s2_n103_99,s4_n40_7,s1_below_4282,s3_3_4,s1_below_2001,s2_760_2075,s3_17_37,Passenger Car,s3_28_48,Not Deployed,s2_97_208,s1_below_1,Female,s2_37_80,s3_141_159,s2_164_318,s3_80_160,s2_2_4
14783,s2_885_1695,s2_n103_99,s4_n40_7,s1_below_4282,s1_below_2,s2_2001_2003,s2_760_2075,s3_17_37,Passenger Car,s4_48_64,Deployed,s2_97_208,s1_below_1,Female,s4_96_114,s3_141_159,s2_164_318,s3_80_160,s2_2_4
14784,s2_885_1695,s2_n103_99,s4_n40_7,s1_below_4282,s2_2_3,s2_2001_2003,s2_760_2075,s4_37_47,Passenger Car,s4_48_64,Deployed,s2_97_208,s1_below_1,Female,s2_37_80,s3_141_159,s2_164_318,s4_160_220,s2_2_4
14785,s2_885_1695,s2_n103_99,s4_n40_7,s1_below_4282,s5_5_6,s2_2001_2003,s2_760_2075,s4_37_47,Truck (<=6000 lbs.),s4_48_64,Not Deployed,s2_97_208,s1_below_1,Male,s4_96_114,s2_116_141,s2_164_318,s3_80_160,s2_2_4
14786,s4_2555_3715,s2_n103_99,s4_n40_7,s1_below_4282,s3_3_4,s3_2003_2005,s2_760_2075,s4_37_47,Truck (<=10000 lbs.),s3_28_48,Deployed,s2_97_208,s1_below_1,Male,s3_80_96,s5_169_179,s3_318_464,s4_160_220,s5_6_7
14787,s2_885_1695,s2_n103_99,s5_7_up,s1_below_4282,s5_5_6,s2_2001_2003,s2_760_2075,s4_37_47,Passenger Car,s5_64_76,Not Deployed,s2_97_208,s1_below_1,Female,s2_37_80,s3_141_159,s2_164_318,s6_260_up,s2_2_4
14788,s2_885_1695,s2_n103_99,s4_n40_7,s1_below_4282,s1_below_2,s2_2001_2003,s2_760_2075,s3_17_37,Truck (<=6000 lbs.),s4_48_64,Not Deployed,s2_97_208,s2_1_2,Male,s4_96_114,s3_141_159,s2_164_318,s4_160_220,s2_2_4
14789,s3_1695_2555,s2_n103_99,s5_7_up,s1_below_4282,s2_2_3,s1_below_2001,s2_760_2075,s5_47_57,Truck (<=10000 lbs.),s4_48_64,Not Deployed,s2_97_208,s1_below_1,Male,s3_80_96,s4_159_169,s3_318_464,s6_260_up,s4_5_6
14790,s2_885_1695,s2_n103_99,s4_n40_7,s1_below_4282,s1_below_2,s1_below_2001,s2_760_2075,s4_37_47,Truck (<=6000 lbs.),s2_11_28,Not Deployed,s2_97_208,s1_below_1,Male,s2_37_80,s3_141_159,s2_164_318,s2_40_80,s2_2_4
14791,s2_885_1695,s2_n103_99,s4_n40_7,s1_below_4282,s4_4_5,s1_below_2001,s2_760_2075,s4_37_47,Passenger Car,s6_76_up,Not Deployed,s2_97_208,s1_below_1,Female,s2_37_80,s3_141_159,s2_164_318,s4_160_220,s2_2_4
14792,s4_2555_3715,s2_n103_99,s4_n40_7,s1_below_4282,s2_2_3,s2_2001_2003,s2_760_2075,s4_37_47,Truck (<=10000 lbs.),s3_28_48,Deployed,s2_97_208,s1_below_1,Male,s4_96_114,s4_159_169,s3_318_464,s3_80_160,s4_5_6
14793,s2_885_1695,s2_n103_99,s4_n40_7,s1_below_4282,s4_4_5,s2_2001_2003,s2_760_2075,s3_17_37,Passenger Car,s3_28_48,Deployed,s2_97_208,s1_below_1,Female,s2_37_80,s3_141_159,s2_164_318,s3_80_160,s2_2_4
14794,s2_885_1695,s2_n103_99,s4_n40_7,s1_below_4282,s3_3_4,s1_below_2001,s2_760_2075,s4_37_47,Passenger Car,s3_28_48,Not Deployed,s2_97_208,s1_below_1,Male,s2_37_80,s3_141_159,s2_164_318,s4_160_220,s2_2_4
14795,s2_885_1695,s2_n103_99,s4_n40_7,s1_below_4282,s3_3_4,s2_2001_2003,s2_760_2075,s3_17_37,Passenger Car,s2_11_28,Not Deployed,s2_97_208,s1_below_1,Male,s4_96_114,s3_141_159,s2_164_318,s4_160_220,s2_2_4
14796,s3_1695_2555,s2_n103_99,s5_7_up,s1_below_4282,s2_2_3,s2_2001_2003,s2_760_2075,s4_37_47,Truck (<=6000 lbs.),s4_48_64,Not Deployed,s2_97_208,s1_below_1,Female,s2_37_80,s4_159_169,s2_164_318,s6_260_up,s3_4_5
14797,s2_885_1695,s2_n103_99,s4_n40_7,s1_below_4282,s2_2_3,s2_2001_2003,s3_2075_3730,s5_47_57,Passenger Car,s3_28_48,Deployed,s2_97_208,s3_2_3,Male,s3_80_96,s3_141_159,s2_164_318,s3_80_160,s2_2_4
14798,s2_885_1695,s2_n103_99,s4_n40_7,s1_below_4282,s1_below_2,s2_2001_2003,s2_760_2075,s3_17_37,Passenger Car,s2_11_28,Deployed,s2_97_208,s1_below_1,Female,s2_37_80,s3_141_159,s2_164_318,s2_40_80,s2_2_4
14799,s2_885_1695,s2_n103_99,s4_n40_7,s1_below_4282,s4_4_5,s2_2001_2003,s2_760_2075,s5_47_57,Truck (<=6000 lbs.),s4_48_64,Deployed,s2_97_208,s1_below_1,Male,s2_37_80,s3_141_159,s2_164_318,s3_80_160,s2_2_4
14800,s3_1695_2555,s2_n103_99,s4_n40_7,s1_below_4282,s2_2_3,s1_below_2001,s3_2075_3730,s4_37_47,Truck (<=10000 lbs.),s5_64_76,Deployed,s2_97_208,s1_below_1,Female,s3_80_96,s3_141_159,s2_164_318,s3_80_160,s2_2_4
14801,s3_1695_2555,s2_n103_99,s4_n40_7,s1_below_4282,s1_below_2,s3_2003_2005,s2_760_2075,s6_57_up,Truck (<=10000 lbs.),s3_28_48,Deployed,s2_97_208,s1_below_1,Male,s4_96_114,s4_159_169,s3_318_464,s3_80_160,s4_5_6
14802,s3_1695_2555,s2_n103_99,s4_n40_7,s1_below_4282,s3_3_4,s2_2001_2003,s2_760_2075,s4_37_47,Truck (<=10000 lbs.),s2_11_28,Not Deployed,s2_97_208,s1_below_1,Male,s2_37_80,s4_159_169,s2_164_318,s3_80_160,s3_4_5
14803,s2_885_1695,s2_n103_99,s4_n40_7,s1_below_4282,s6_6_up,s1_below_2001,s2_760_2075,s4_37_47,Passenger Car,s2_11_28,Not Deployed,s2_97_208,s1_below_1,Female,s2_37_80,s3_141_159,s2_164_318,s4_160_220,s2_2_4
14804,s3_1695_2555,s2_n103_99,s4_n40_7,s1_below_4282,s2_2_3,s1_below_2001,s2_760_2075,s3_17_37,Truck (<=6000 lbs.),s3_28_48,Not Deployed,s2_97_208,s1_below_1,Female,s2_37_80,s3_141_159,s2_164_318,s2_40_80,s2_2_4
14805,s2_885_1695,s2_n103_99,s4_n40_7,s1_below_4282,s4_4_5,s2_2001_2003,s2_760_2075,s4_37_47,Passenger Car,s2_11_28,Not Deployed,s2_97_208,s2_1_2,Female,s2_37_80,s3_141_159,s2_164_318,s4_160_220,s2_2_4
14806,s2_885_1695,s2_n103_99,s4_n40_7,s1_below_4282,s2_2_3,s1_below_2001,s2_760_2075,s4_37_47,Truck (<=6000 lbs.),s3_28_48,Deployed,s2_97_208,s1_below_1,Female,s4_96_114,s3_141_159,s2_164_318,s3_80_160,s2_2_4
14807,s2_885_1695,s2_n103_99,s4_n40_7,s1_below_4282,s6_6_up,s2_2001_2003,s3_2075_3730,s4_37_47,Passenger Car,s5_64_76,Deployed,s2_97_208,s1_below_1,Male,s2_37_80,s3_141_159,s2_164_318,s3_80_160,s2_2_4
14808,s2_885_1695,s2_n103_99,s4_n40_7,s1_below_4282,s2_2_3,s1_below_2001,s2_760_2075,s4_37_47,Truck (<=6000 lbs.),s3_28_48,Not Deployed,s2_97_208,s1_below_1,Male,s6_130_up,s3_141_159,s2_164_318,s3_80_160,s2_2_4
14809,s3_1695_2555,s2_n103_99,s4_n40_7,s1_below_4282,s2_2_3,s1_below_2001,s2_760_2075,s3_17_37,Truck (<=10000 lbs.),s5_64_76,Not Deployed,s2_97_208,s1_below_1,Female,s2_37_80,s4_159_169,s2_164_318,s3_80_160,s2_2_4
14810,s2_885_1695,s2_n103_99,s4_n40_7,s1_below_4282,s4_4_5,s3_2003_2005,s2_760_2075,s4_37_47,Passenger Car,s2_11_28,Not Deployed,s2_97_208,s1_below_1,Male,s3_80_96,s3_141_159,s2_164_318,s4_160_220,s2_2_4
14811,s2_885_1695,s2_n103_99,s4_n40_7,s1_below_4282,s1_below_2,s2_2001_2003,s2_760_2075,s3_17_37,Passenger Car,s4_48_64,Not Deployed,s2_97_208,s4_3_4,Male,s3_80_96,s3_141_159,s2_164_318,s3_80_160,s2_2_4
14812,s3_1695_2555,s2_n103_99,s5_7_up,s1_below_4282,s4_4_5,s1_below_2001,s2_760_2075,s5_47_57,Truck (<=6000 lbs.),s3_28_48,Not Deployed,s2_97_208,s1_below_1,Female,s2_37_80,s4_159_169,s2_164_318,s5_220_260,s2_2_4
14813,s2_885_1695,s2_n103_99,s4_n40_7,s1_below_4282,s1_below_2,s2_2001_2003,s2_760_2075,s4_37_47,Truck (<=6000 lbs.),s3_28_48,Not Deployed,s2_97_208,s1_below_1,Male,s4_96_114,s3_141_159,s2_164_318,s3_80_160,s2_2_4
14814,s3_1695_2555,s2_n103_99,s5_7_up,s1_below_4282,s1_below_2,s1_below_2001,s3_2075_3730,s5_47_57,Truck (<=6000 lbs.),s3_28_48,Not Deployed,s2_97_208,s1_below_1,Male,s3_80_96,s3_141_159,s3_318_464,s6_260_up,s4_5_6
14815,s2_885_1695,s2_n103_99,s4_n40_7,s1_below_4282,s1_below_2,s2_2001_2003,s2_760_2075,s3_17_37,Passenger Car,s3_28_48,Not Deployed,s2_97_208,s1_below_1,Female,s2_37_80,s3_141_159,s2_164_318,s4_160_220,s2_2_4
14816,s3_1695_2555,s2_n103_99,s4_n40_7,s1_below_4282,s4_4_5,s1_below_2001,s3_2075_3730,s4_37_47,Truck (<=6000 lbs.),s4_48_64,Not Deployed,s2_97_208,s1_below_1,Male,s3_80_96,s3_141_159,s2_164_318,s1_below_40,s2_2_4
14817,s2_885_1695,s2_n103_99,s4_n40_7,s1_below_4282,s4_4_5,s2_2001_2003,s2_760_2075,s5_47_57,Passenger Car,s2_11_28,Deployed,s2_97_208,s1_below_1,Male,s2_37_80,s3_141_159,s2_164_318,s3_80_160,s2_2_4
14818,s2_885_1695,s2_n103_99,s4_n40_7,s1_below_4282,s3_3_4,s2_2001_2003,s2_760_2075,s3_17_37,Passenger Car,s2_11_28,Not Deployed,s2_97_208,s1_below_1,Female,s3_80_96,s3_141_159,s2_164_318,s3_80_160,s2_2_4
14819,s3_1695_2555,s2_n103_99,s4_n40_7,s1_below_4282,s1_below_2,s1_below_2001,s2_760_2075,s3_17_37,Truck (<=6000 lbs.),s2_11_28,Not Deployed,s2_97_208,s1_below_1,Male,s2_37_80,s2_116_141,s2_164_318,s2_40_80,s2_2_4
14820,s4_2555_3715,s2_n103_99,s4_n40_7,s1_below_4282,s1_below_2,s2_2001_2003,s2_760_2075,s3_17_37,Truck (<=10000 lbs.),s3_28_48,Not Deployed,s2_97_208,s1_below_1,Female,s4_96_114,s3_141_159,s3_318_464,s3_80_160,s4_5_6
14821,s2_885_1695,s2_n103_99,s4_n40_7,s1_below_4282,s4_4_5,s2_2001_2003,s2_760_2075,s4_37_47,Passenger Car,s2_11_28,Not Deployed,s2_97_208,s1_below_1,Male,s2_37_80,s3_141_159,s2_164_318,s3_80_160,s2_2_4
14822,s2_885_1695,s2_n103_99,s4_n40_7,s1_below_4282,s5_5_6,s2_2001_2003,s2_760_2075,s4_37_47,Passenger Car,s4_48_64,Deployed,s2_97_208,s1_below_1,Male,s4_96_114,s3_141_159,s2_164_318,s3_80_160,s2_2_4
14823,s3_1695_2555,s2_n103_99,s4_n40_7,s1_below_4282,s1_below_2,s1_below_2001,s2_760_2075,s3_17_37,Truck (<=10000 lbs.),s3_28_48,Not Deployed,s2_97_208,s1_below_1,Female,s2_37_80,s4_159_169,s2_164_318,s3_80_160,s3_4_5
14824,s3_1695_2555,s2_n103_99,s4_n40_7,s1_below_4282,s3_3_4,s2_2001_2003,s2_760_2075,s3_17_37,Truck (<=6000 lbs.),s6_76_up,Not Deployed,s2_97_208,s1_below_1,Male,s2_37_80,s3_141_159,s2_164_318,s3_80_160,s2_2_4
14825,s2_885_1695,s2_n103_99,s4_n40_7,s1_below_4282,s2_2_3,s1_below_2001,s2_760_2075,s5_47_57,Truck (<=6000 lbs.),s3_28_48,Deployed,s2_97_208,s3_2_3,Male,s4_96_114,s3_141_159,s3_318_464,s3_80_160,s2_2_4
14826,s2_885_1695,s2_n103_99,s4_n40_7,s1_below_4282,s1_below_2,s2_2001_2003,s3_2075_3730,s3_17_37,Passenger Car,s3_28_48,Not Deployed,s2_97_208,s1_below_1,Male,s2_37_80,s3_141_159,s2_164_318,s4_160_220,s2_2_4
14827,s3_1695_2555,s2_n103_99,s4_n40_7,s1_below_4282,s1_below_2,s3_2003_2005,s2_760_2075,s6_57_up,Passenger Car,s5_64_76,Deployed,s2_97_208,s1_below_1,Male,s2_37_80,s4_159_169,s2_164_318,s3_80_160,s3_4_5
14828,s2_885_1695,s2_n103_99,s4_n40_7,s1_below_4282,s2_2_3,s3_2003_2005,s2_760_2075,s4_37_47,Passenger Car,s2_11_28,Deployed,s2_97_208,s1_below_1,Female,s3_80_96,s3_141_159,s2_164_318,s3_80_160,s2_2_4
14829,s2_885_1695,s2_n103_99,s3_n81_n40,s1_below_4282,s1_below_2,s3_2003_2005,s2_760_2075,s3_17_37,Truck (<=6000 lbs.),s3_28_48,Deployed,s2_97_208,s2_1_2,Male,s2_37_80,s3_141_159,s2_164_318,s3_80_160,s2_2_4
14830,s3_1695_2555,s2_n103_99,s5_7_up,s1_below_4282,s4_4_5,s2_2001_2003,s2_760_2075,s3_17_37,Truck (<=6000 lbs.),s2_11_28,Not Deployed,s2_97_208,s1_below_1,Male,s3_80_96,s4_159_169,s2_164_318,s6_260_up,s3_4_5
14831,s3_1695_2555,s2_n103_99,s4_n40_7,s1_below_4282,s4_4_5,s1_below_2001,s2_760_2075,s3_17_37,Truck (<=6000 lbs.),s6_76_up,Not Deployed,s2_97_208,s1_below_1,Male,s2_37_80,s4_159_169,s2_164_318,s3_80_160,s3_4_5
14832,s2_885_1695,s2_n103_99,s5_7_up,s1_below_4282,s2_2_3,s1_below_2001,s2_760_2075,s5_47_57,Truck (<=6000 lbs.),s4_48_64,Not Deployed,s2_97_208,s1_below_1,Female,s2_37_80,s2_116_141,s2_164_318,s4_160_220,s2_2_4
14833,s3_1695_2555,s2_n103_99,s5_7_up,s1_below_4282,s4_4_5,s1_below_2001,s2_760_2075,s4_37_47,Passenger Car,s5_64_76,Not Deployed,s2_97_208,s1_below_1,Male,s4_96_114,s3_141_159,s2_164_318,s4_160_220,s2_2_4
14834,s2_885_1695,s2_n103_99,s4_n40_7,s1_below_4282,s1_below_2,s1_below_2001,s2_760_2075,s3_17_37,Passenger Car,s2_11_28,Deployed,s2_97_208,s1_below_1,Female,s2_37_80,s3_141_159,s2_164_318,s3_80_160,s2_2_4
14835,s3_1695_2555,s2_n103_99,s4_n40_7,s1_below_4282,s4_4_5,s1_below_2001,s2_760_2075,s3_17_37,Truck (<=6000 lbs.),s3_28_48,Deployed,s2_97_208,s1_below_1,Female,s4_96_114,s4_159_169,s2_164_318,s3_80_160,s2_2_4
14836,s3_1695_2555,s2_n103_99,s4_n40_7,s1_below_4282,s1_below_2,s1_below_2001,s2_760_2075,s3_17_37,Truck (<=6000 lbs.),s5_64_76,Not Deployed,s2_97_208,s1_below_1,Female,s2_37_80,s3_141_159,s2_164_318,s3_80_160,s3_4_5
14837,s2_885_1695,s2_n103_99,s4_n40_7,s1_below_4282,s4_4_5,s1_below_2001,s2_760_2075,s3_17_37,Passenger Car,s4_48_64,Deployed,s2_97_208,s1_below_1,Male,s2_37_80,s3_141_159,s2_164_318,s3_80_160,s2_2_4
14838,s3_1695_2555,s2_n103_99,s5_7_up,s1_below_4282,s4_4_5,s3_2003_2005,s2_760_2075,s4_37_47,Truck (<=6000 lbs.),s2_11_28,Not Deployed,s2_97_208,s1_below_1,Male,s2_37_80,s4_159_169,s2_164_318,s6_260_up,s3_4_5
14839,s3_1695_2555,s2_n103_99,s4_n40_7,s1_below_4282,s1_below_2,s2_2001_2003,s2_760_2075,s5_47_57,Truck (<=6000 lbs.),s3_28_48,Deployed,s2_97_208,s1_below_1,Male,s3_80_96,s3_141_159,s2_164_318,s3_80_160,s2_2_4
14840,s2_885_1695,s2_n103_99,s2_n112_n81,s1_below_4282,s1_below_2,s2_2001_2003,s2_760_2075,s4_37_47,Passenger Car,s5_64_76,Deployed,s2_97_208,s4_3_4,Male,s3_80_96,s3_141_159,s2_164_318,s3_80_160,s2_2_4
14841,s3_1695_2555,s2_n103_99,s3_n81_n40,s1_below_4282,s1_below_2,s1_below_2001,s2_760_2075,s4_37_47,Truck (<=6000 lbs.),s4_48_64,Deployed,s2_97_208,s3_2_3,Female,s3_80_96,s3_141_159,s2_164_318,s3_80_160,s2_2_4
14842,s2_885_1695,s2_n103_99,s5_7_up,s1_below_4282,s4_4_5,s2_2001_2003,s2_760_2075,s4_37_47,Passenger Car,s4_48_64,Not Deployed,s2_97_208,s1_below_1,Male,s3_80_96,s3_141_159,s2_164_318,s6_260_up,s2_2_4
14843,s3_1695_2555,s2_n103_99,s4_n40_7,s1_below_4282,s1_below_2,s3_2003_2005,s2_760_2075,s3_17_37,Truck (<=10000 lbs.),s4_48_64,Not Deployed,s2_97_208,s1_below_1,Male,s4_96_114,s4_159_169,s3_318_464,s4_160_220,s4_5_6
14844,s3_1695_2555,s2_n103_99,s3_n81_n40,s1_below_4282,s1_below_2,s1_below_2001,s2_760_2075,s4_37_47,Truck (<=10000 lbs.),s3_28_48,Deployed,s2_97_208,s3_2_3,Female,s2_37_80,s4_159_169,s3_318_464,s3_80_160,s4_5_6
14845,s3_1695_2555,s2_n103_99,s3_n81_n40,s1_below_4282,s1_below_2,s1_below_2001,s3_2075_3730,s4_37_47,Truck (<=6000 lbs.),s4_48_64,Deployed,s2_97_208,s3_2_3,Female,s4_96_114,s3_141_159,s2_164_318,s3_80_160,s2_2_4
14846,s2_885_1695,s2_n103_99,s4_n40_7,s1_below_4282,s1_below_2,s2_2001_2003,s2_760_2075,s4_37_47,Passenger Car,s4_48_64,Not Deployed,s2_97_208,s1_below_1,Male,s2_37_80,s3_141_159,s2_164_318,s3_80_160,s2_2_4
14847,s3_1695_2555,s2_n103_99,s4_n40_7,s1_below_4282,s4_4_5,s1_below_2001,s2_760_2075,s4_37_47,Truck (<=6000 lbs.),s2_11_28,Not Deployed,s2_97_208,s1_below_1,Male,s5_114_130,s3_141_159,s2_164_318,s3_80_160,s2_2_4
14848,s3_1695_2555,s2_n103_99,s4_n40_7,s1_below_4282,s5_5_6,s2_2001_2003,s3_2075_3730,s5_47_57,Truck (<=6000 lbs.),s5_64_76,Not Deployed,s2_97_208,s1_below_1,Female,s2_37_80,s4_159_169,s2_164_318,s3_80_160,s2_2_4
14849,s2_885_1695,s2_n103_99,s5_7_up,s1_below_4282,s3_3_4,s1_below_2001,s2_760_2075,s3_17_37,Truck (<=6000 lbs.),s5_64_76,Not Deployed,s2_97_208,s1_below_1,Male,s3_80_96,s3_141_159,s2_164_318,s6_260_up,s2_2_4
14850,s2_885_1695,s2_n103_99,s4_n40_7,s1_below_4282,s4_4_5,s2_2001_2003,s2_760_2075,s4_37_47,Passenger Car,s2_11_28,Not Deployed,s2_97_208,s1_below_1,Female,s2_37_80,s3_141_159,s2_164_318,s4_160_220,s2_2_4
14851,s2_885_1695,s2_n103_99,s4_n40_7,s1_below_4282,s1_below_2,s3_2003_2005,s2_760_2075,s3_17_37,Passenger Car,s2_11_28,Deployed,s2_97_208,s1_below_1,Female,s2_37_80,s3_141_159,s2_164_318,s2_40_80,s2_2_4
14852,s2_885_1695,s2_n103_99,s4_n40_7,s1_below_4282,s4_4_5,s2_2001_2003,s3_2075_3730,s3_17_37,Passenger Car,s2_11_28,Deployed,s2_97_208,s1_below_1,Female,s2_37_80,s3_141_159,s2_164_318,s4_160_220,s2_2_4
14853,s4_2555_3715,s2_n103_99,s4_n40_7,s1_below_4282,s4_4_5,s1_below_2001,s2_760_2075,s3_17_37,Truck (<=10000 lbs.),s3_28_48,Not Deployed,s2_97_208,s1_below_1,Male,s3_80_96,s5_169_179,s3_318_464,s3_80_160,s5_6_7
14854,s4_2555_3715,s2_n103_99,s4_n40_7,s1_below_4282,s4_4_5,s2_2001_2003,s2_760_2075,s3_17_37,Truck (<=10000 lbs.),s3_28_48,Deployed,s2_97_208,s1_below_1,Male,s4_96_114,s5_169_179,s3_318_464,s3_80_160,s6_7_up
14855,s3_1695_2555,s2_n103_99,s4_n40_7,s1_below_4282,s2_2_3,s1_below_2001,s2_760_2075,s6_57_up,Truck (<=6000 lbs.),s4_48_64,Not Deployed,s2_97_208,s1_below_1,Male,s3_80_96,s3_141_159,s2_164_318,s3_80_160,s3_4_5
14856,s3_1695_2555,s2_n103_99,s5_7_up,s1_below_4282,s2_2_3,s2_2001_2003,s2_760_2075,s4_37_47,Truck (<=6000 lbs.),s4_48_64,Not Deployed,s2_97_208,s1_below_1,Female,s2_37_80,s3_141_159,s2_164_318,s6_260_up,s2_2_4
14857,s2_885_1695,s2_n103_99,s3_n81_n40,s1_below_4282,s1_below_2,s1_below_2001,s2_760_2075,s6_57_up,Passenger Car,s2_11_28,Deployed,s2_97_208,s1_below_1,Male,s3_80_96,s3_141_159,s2_164_318,s3_80_160,s2_2_4
14858,s2_885_1695,s2_n103_99,s4_n40_7,s1_below_4282,s1_below_2,s2_2001_2003,s2_760_2075,s3_17_37,Passenger Car,s2_11_28,Not Deployed,s2_97_208,s1_below_1,Male,s3_80_96,s3_141_159,s2_164_318,s3_80_160,s2_2_4
14859,s2_885_1695,s2_n103_99,s5_7_up,s1_below_4282,s3_3_4,s3_2003_2005,s2_760_2075,s3_17_37,Passenger Car,s5_64_76,Not Deployed,s2_97_208,s1_below_1,Male,s4_96_114,s3_141_159,s2_164_318,s6_260_up,s2_2_4
14860,s3_1695_2555,s2_n103_99,s4_n40_7,s1_below_4282,s2_2_3,s1_below_2001,s2_760_2075,s3_17_37,Truck (<=6000 lbs.),s3_28_48,Not Deployed,s2_97_208,s1_below_1,Male,s4_96_114,s4_159_169,s2_164_318,s2_40_80,s2_2_4
14861,s3_1695_2555,s2_n103_99,s4_n40_7,s1_below_4282,s4_4_5,s3_2003_2005,s2_760_2075,s3_17_37,Truck (<=6000 lbs.),s3_28_48,Not Deployed,s2_97_208,s1_below_1,Male,s3_80_96,s4_159_169,s2_164_318,s4_160_220,s3_4_5
14862,s2_885_1695,s2_n103_99,s5_7_up,s1_below_4282,s2_2_3,s3_2003_2005,s2_760_2075,s5_47_57,Passenger Car,s2_11_28,Not Deployed,s2_97_208,s3_2_3,Male,s2_37_80,s3_141_159,s2_164_318,s1_below_40,s2_2_4
14863,s3_1695_2555,s2_n103_99,s4_n40_7,s1_below_4282,s3_3_4,s2_2001_2003,s2_760_2075,s3_17_37,Truck (<=6000 lbs.),s2_11_28,Deployed,s2_97_208,s1_below_1,Female,s2_37_80,s4_159_169,s3_318_464,s4_160_220,s4_5_6
14864,s2_885_1695,s2_n103_99,s4_n40_7,s1_below_4282,s3_3_4,s1_below_2001,s2_760_2075,s3_17_37,Passenger Car,s3_28_48,Not Deployed,s2_97_208,s2_1_2,Female,s2_37_80,s3_141_159,s2_164_318,s3_80_160,s2_2_4
14865,s2_885_1695,s2_n103_99,s4_n40_7,s1_below_4282,s5_5_6,s2_2001_2003,s2_760_2075,s3_17_37,Passenger Car,s2_11_28,Deployed,s2_97_208,s1_below_1,Female,s2_37_80,s3_141_159,s2_164_318,s4_160_220,s2_2_4
14866,s2_885_1695,s2_n103_99,s4_n40_7,s1_below_4282,s1_below_2,s3_2003_2005,s2_760_2075,s4_37_47,Truck (<=6000 lbs.),s4_48_64,Not Deployed,s2_97_208,s1_below_1,Male,s3_80_96,s3_141_159,s3_318_464,s1_below_40,s2_2_4
14867,s2_885_1695,s2_n103_99,s3_n81_n40,s1_below_4282,s4_4_5,s2_2001_2003,s2_760_2075,s4_37_47,Passenger Car,s2_11_28,Deployed,s2_97_208,s1_below_1,Female,s2_37_80,s3_141_159,s2_164_318,s3_80_160,s2_2_4
14868,s2_885_1695,s2_n103_99,s4_n40_7,s1_below_4282,s2_2_3,s3_2003_2005,s2_760_2075,s6_57_up,Passenger Car,s2_11_28,Deployed,s2_97_208,s1_below_1,Male,s2_37_80,s3_141_159,s2_164_318,s3_80_160,s2_2_4
14869,s2_885_1695,s2_n103_99,s4_n40_7,s1_below_4282,s4_4_5,s1_below_2001,s3_2075_3730,s3_17_37,Passenger Car,s2_11_28,Not Deployed,s2_97_208,s1_below_1,Female,s2_37_80,s3_141_159,s2_164_318,s4_160_220,s2_2_4
14870,s3_1695_2555,s2_n103_99,s5_7_up,s1_below_4282,s2_2_3,s1_below_2001,s2_760_2075,s4_37_47,Truck (<=10000 lbs.),s2_11_28,Not Deployed,s2_97_208,s1_below_1,Female,s2_37_80,s4_159_169,s3_318_464,s6_260_up,s4_5_6
14871,s2_885_1695,s2_n103_99,s4_n40_7,s1_below_4282,s1_below_2,s3_2003_2005,s2_760_2075,s3_17_37,Passenger Car,s2_11_28,Deployed,s2_97_208,s1_below_1,Female,s2_37_80,s3_141_159,s2_164_318,s3_80_160,s2_2_4
14872,s2_885_1695,s2_n103_99,s4_n40_7,s1_below_4282,s1_below_2,s3_2003_2005,s2_760_2075,s3_17_37,Passenger Car,s2_11_28,Not Deployed,s2_97_208,s1_below_1,Female,s2_37_80,s3_141_159,s2_164_318,s2_40_80,s2_2_4
14873,s2_885_1695,s2_n103_99,s4_n40_7,s1_below_4282,s1_below_2,s3_2003_2005,s2_760_2075,s3_17_37,Passenger Car,s3_28_48,Not Deployed,s2_97_208,s1_below_1,Female,s3_80_96,s3_141_159,s2_164_318,s3_80_160,s2_2_4
14874,s2_885_1695,s2_n103_99,s4_n40_7,s1_below_4282,s1_below_2,s2_2001_2003,s2_760_2075,s4_37_47,Passenger Car,s3_28_48,Not Deployed,s2_97_208,s1_below_1,Male,s2_37_80,s3_141_159,s2_164_318,s2_40_80,s2_2_4
14875,s2_885_1695,s2_n103_99,s4_n40_7,s1_below_4282,s3_3_4,s2_2001_2003,s2_760_2075,s3_17_37,Passenger Car,s2_11_28,Deployed,s2_97_208,s1_below_1,Male,s2_37_80,s3_141_159,s2_164_318,s3_80_160,s2_2_4
14876,s4_2555_3715,s2_n103_99,s4_n40_7,s1_below_4282,s4_4_5,s2_2001_2003,s3_2075_3730,s4_37_47,Truck (<=10000 lbs.),s3_28_48,Not Deployed,s2_97_208,s1_below_1,Female,s2_37_80,s5_169_179,s2_164_318,s3_80_160,s3_4_5
14877,s3_1695_2555,s2_n103_99,s3_n81_n40,s1_below_4282,s4_4_5,s2_2001_2003,s2_760_2075,s3_17_37,Truck (<=10000 lbs.),s4_48_64,Deployed,s2_97_208,s1_below_1,Male,s4_96_114,s4_159_169,s3_318_464,s3_80_160,s4_5_6
14878,s2_885_1695,s2_n103_99,s5_7_up,s1_below_4282,s3_3_4,s1_below_2001,s3_2075_3730,s3_17_37,Passenger Car,s2_11_28,Not Deployed,s2_97_208,s1_below_1,Female,s2_37_80,s3_141_159,s2_164_318,s6_260_up,s2_2_4
14879,s2_885_1695,s2_n103_99,s5_7_up,s1_below_4282,s5_5_6,s2_2001_2003,s2_760_2075,s3_17_37,Passenger Car,s3_28_48,Not Deployed,s2_97_208,s1_below_1,Female,s2_37_80,s3_141_159,s2_164_318,s6_260_up,s2_2_4
14880,s2_885_1695,s2_n103_99,s4_n40_7,s1_below_4282,s2_2_3,s2_2001_2003,s2_760_2075,s6_57_up,Truck (<=6000 lbs.),s5_64_76,Deployed,s2_97_208,s2_1_2,Male,s2_37_80,s3_141_159,s2_164_318,s4_160_220,s2_2_4
14881,s2_885_1695,s2_n103_99,s5_7_up,s1_below_4282,s4_4_5,s3_2003_2005,s2_760_2075,s5_47_57,Passenger Car,s2_11_28,Not Deployed,s2_97_208,s1_below_1,Female,s2_37_80,s3_141_159,s2_164_318,s6_260_up,s2_2_4
14882,s3_1695_2555,s2_n103_99,s4_n40_7,s1_below_4282,s4_4_5,s2_2001_2003,s2_760_2075,s5_47_57,Truck (<=6000 lbs.),s3_28_48,Not Deployed,s2_97_208,s1_below_1,Male,s6_130_up,s3_141_159,s2_164_318,s3_80_160,s2_2_4
14883,s2_885_1695,s2_n103_99,s4_n40_7,s1_below_4282,s1_below_2,s1_below_2001,s3_2075_3730,s3_17_37,Passenger Car,s2_11_28,Not Deployed,s2_97_208,s1_below_1,Female,s2_37_80,s3_141_159,s2_164_318,s2_40_80,s2_2_4
14884,s2_885_1695,s2_n103_99,s5_7_up,s1_below_4282,s1_below_2,s2_2001_2003,s2_760_2075,s6_57_up,Passenger Car,s5_64_76,Not Deployed,s2_97_208,s2_1_2,Male,s5_114_130,s3_141_159,s2_164_318,s6_260_up,s2_2_4
14885,s3_1695_2555,s2_n103_99,s4_n40_7,s1_below_4282,s1_below_2,s1_below_2001,s2_760_2075,s5_47_57,Truck (<=6000 lbs.),s5_64_76,Not Deployed,s2_97_208,s1_below_1,Male,s3_80_96,s3_141_159,s3_318_464,s3_80_160,s3_4_5
14886,s2_885_1695,s2_n103_99,s4_n40_7,s1_below_4282,s1_below_2,s1_below_2001,s2_760_2075,s5_47_57,Passenger Car,s6_76_up,Deployed,s2_97_208,s1_below_1,Male,s2_37_80,s3_141_159,s2_164_318,s3_80_160,s2_2_4
14887,s2_885_1695,s2_n103_99,s4_n40_7,s1_below_4282,s1_below_2,s2_2001_2003,s2_760_2075,s6_57_up,Passenger Car,s5_64_76,Not Deployed,s2_97_208,s1_below_1,Male,s2_37_80,s3_141_159,s2_164_318,s3_80_160,s2_2_4
14888,s3_1695_2555,s2_n103_99,s4_n40_7,s1_below_4282,s4_4_5,s2_2001_2003,s2_760_2075,s4_37_47,Passenger Car,s3_28_48,Not Deployed,s2_97_208,s1_below_1,Male,s2_37_80,s3_141_159,s2_164_318,s3_80_160,s2_2_4
14889,s2_885_1695,s2_n103_99,s4_n40_7,s1_below_4282,s6_6_up,s2_2001_2003,s2_760_2075,s3_17_37,Passenger Car,s4_48_64,Deployed,s2_97_208,s1_below_1,Female,s2_37_80,s3_141_159,s2_164_318,s3_80_160,s2_2_4
14890,s2_885_1695,s2_n103_99,s3_n81_n40,s1_below_4282,s5_5_6,s2_2001_2003,s3_2075_3730,s3_17_37,Passenger Car,s3_28_48,Deployed,s2_97_208,s1_below_1,Female,s2_37_80,s3_141_159,s2_164_318,s3_80_160,s2_2_4
14891,s3_1695_2555,s2_n103_99,s4_n40_7,s1_below_4282,s4_4_5,s3_2003_2005,s2_760_2075,s3_17_37,Truck (<=10000 lbs.),s3_28_48,Not Deployed,s2_97_208,s2_1_2,Female,s2_37_80,s3_141_159,s3_318_464,s2_40_80,s3_4_5
14892,s2_885_1695,s2_n103_99,s4_n40_7,s1_below_4282,s4_4_5,s1_below_2001,s2_760_2075,s6_57_up,Passenger Car,s3_28_48,Deployed,s2_97_208,s1_below_1,Male,s4_96_114,s3_141_159,s2_164_318,s4_160_220,s2_2_4
14893,s3_1695_2555,s2_n103_99,s4_n40_7,s1_below_4282,s4_4_5,s1_below_2001,s2_760_2075,s4_37_47,Truck (<=6000 lbs.),s4_48_64,Deployed,s2_97_208,s1_below_1,Female,s2_37_80,s4_159_169,s2_164_318,s3_80_160,s3_4_5
14894,s2_885_1695,s2_n103_99,s4_n40_7,s1_below_4282,s2_2_3,s2_2001_2003,s2_760_2075,s3_17_37,Passenger Car,s2_11_28,Deployed,s2_97_208,s1_below_1,Male,s2_37_80,s3_141_159,s2_164_318,s3_80_160,s2_2_4
14895,s3_1695_2555,s2_n103_99,s4_n40_7,s1_below_4282,s6_6_up,s2_2001_2003,s3_2075_3730,s3_17_37,Truck (<=6000 lbs.),s3_28_48,Not Deployed,s2_97_208,s1_below_1,Female,s2_37_80,s3_141_159,s2_164_318,s3_80_160,s2_2_4
14896,s3_1695_2555,s2_n103_99,s4_n40_7,s1_below_4282,s1_below_2,s1_below_2001,s2_760_2075,s3_17_37,Truck (<=6000 lbs.),s4_48_64,Not Deployed,s2_97_208,s2_1_2,Female,s2_37_80,s4_159_169,s2_164_318,s3_80_160,s3_4_5
14897,s2_885_1695,s2_n103_99,s4_n40_7,s1_below_4282,s4_4_5,s2_2001_2003,s2_760_2075,s5_47_57,Passenger Car,s3_28_48,Not Deployed,s2_97_208,s1_below_1,Female,s2_37_80,s3_141_159,s2_164_318,s3_80_160,s2_2_4
14898,s2_885_1695,s2_n103_99,s5_7_up,s1_below_4282,s1_below_2,s3_2003_2005,s2_760_2075,s3_17_37,Passenger Car,s2_11_28,Not Deployed,s2_97_208,s1_below_1,Female,s2_37_80,s3_141_159,s2_164_318,s4_160_220,s2_2_4
14899,s2_885_1695,s2_n103_99,s4_n40_7,s1_below_4282,s4_4_5,s2_2001_2003,s2_760_2075,s3_17_37,Passenger Car,s4_48_64,Deployed,s2_97_208,s1_below_1,Male,s2_37_80,s3_141_159,s2_164_318,s4_160_220,s2_2_4
14900,s3_1695_2555,s2_n103_99,s4_n40_7,s1_below_4282,s4_4_5,s2_2001_2003,s2_760_2075,s3_17_37,Truck (<=10000 lbs.),s5_64_76,Not Deployed,s2_97_208,s1_below_1,Male,s2_37_80,s4_159_169,s3_318_464,s4_160_220,s4_5_6
14901,s2_885_1695,s2_n103_99,s4_n40_7,s1_below_4282,s5_5_6,s2_2001_2003,s2_760_2075,s3_17_37,Truck (<=6000 lbs.),s3_28_48,Deployed,s2_97_208,s1_below_1,Male,s2_37_80,s2_116_141,s2_164_318,s3_80_160,s2_2_4
14902,s2_885_1695,s2_n103_99,s5_7_up,s1_below_4282,s4_4_5,s2_2001_2003,s2_760_2075,s6_57_up,Truck (<=6000 lbs.),s3_28_48,Not Deployed,s2_97_208,s1_below_1,Male,s4_96_114,s3_141_159,s2_164_318,s6_260_up,s2_2_4
14903,s2_885_1695,s2_n103_99,s4_n40_7,s1_below_4282,s6_6_up,s1_below_2001,s2_760_2075,s3_17_37,Passenger Car,s5_64_76,Deployed,s2_97_208,s3_2_3,Female,s6_130_up,s3_141_159,s2_164_318,s3_80_160,s2_2_4
14904,s2_885_1695,s2_n103_99,s4_n40_7,s1_below_4282,s3_3_4,s2_2001_2003,s2_760_2075,s3_17_37,Passenger Car,s3_28_48,Deployed,s2_97_208,s1_below_1,Female,s2_37_80,s3_141_159,s2_164_318,s3_80_160,s2_2_4
14905,s2_885_1695,s2_n103_99,s4_n40_7,s1_below_4282,s4_4_5,s1_below_2001,s3_2075_3730,s5_47_57,Truck (<=6000 lbs.),s3_28_48,Not Deployed,s2_97_208,s1_below_1,Male,s3_80_96,s3_141_159,s2_164_318,s1_below_40,s2_2_4
14906,s2_885_1695,s2_n103_99,s4_n40_7,s1_below_4282,s1_below_2,s1_below_2001,s2_760_2075,s3_17_37,Passenger Car,s2_11_28,Not Deployed,s2_97_208,s2_1_2,Male,s2_37_80,s3_141_159,s2_164_318,s3_80_160,s2_2_4
14907,s2_885_1695,s2_n103_99,s4_n40_7,s1_below_4282,s1_below_2,s2_2001_2003,s2_760_2075,s3_17_37,Passenger Car,s2_11_28,Not Deployed,s2_97_208,s1_below_1,Male,s2_37_80,s3_141_159,s2_164_318,s2_40_80,s2_2_4
14908,s2_885_1695,s2_n103_99,s4_n40_7,s1_below_4282,s1_below_2,s2_2001_2003,s2_760_2075,s3_17_37,Truck (<=6000 lbs.),s4_48_64,Not Deployed,s2_97_208,s1_below_1,Female,s2_37_80,s3_141_159,s2_164_318,s3_80_160,s2_2_4
14909,s3_1695_2555,s2_n103_99,s4_n40_7,s1_below_4282,s3_3_4,s3_2003_2005,s2_760_2075,s3_17_37,Passenger Car,s2_11_28,Not Deployed,s2_97_208,s1_below_1,Male,s3_80_96,s3_141_159,s2_164_318,s3_80_160,s2_2_4
14910,s2_885_1695,s2_n103_99,s4_n40_7,s1_below_4282,s6_6_up,s2_2001_2003,s2_760_2075,s4_37_47,Passenger Car,s2_11_28,Not Deployed,s2_97_208,s1_below_1,Female,s2_37_80,s3_141_159,s2_164_318,s4_160_220,s2_2_4
14911,s3_1695_2555,s2_n103_99,s4_n40_7,s1_below_4282,s4_4_5,s2_2001_2003,s2_760_2075,s3_17_37,Truck (<=10000 lbs.),s3_28_48,Not Deployed,s2_97_208,s1_below_1,Male,s3_80_96,s5_169_179,s3_318_464,s3_80_160,s4_5_6
14912,s2_885_1695,s2_n103_99,s4_n40_7,s1_below_4282,s4_4_5,s2_2001_2003,s3_2075_3730,s3_17_37,Truck (<=6000 lbs.),s4_48_64,Not Deployed,s2_97_208,s1_below_1,Male,s2_37_80,s3_141_159,s2_164_318,s4_160_220,s2_2_4
14913,s3_1695_2555,s2_n103_99,s4_n40_7,s1_below_4282,s5_5_6,s2_2001_2003,s2_760_2075,s3_17_37,Truck (<=6000 lbs.),s5_64_76,Deployed,s2_97_208,s1_below_1,Male,s3_80_96,s4_159_169,s2_164_318,s3_80_160,s3_4_5
14914,s3_1695_2555,s2_n103_99,s4_n40_7,s1_below_4282,s6_6_up,s2_2001_2003,s2_760_2075,s3_17_37,Truck (<=10000 lbs.),s3_28_48,Not Deployed,s2_97_208,s1_below_1,Female,s2_37_80,s4_159_169,s2_164_318,s3_80_160,s2_2_4
14915,s2_885_1695,s2_n103_99,s4_n40_7,s1_below_4282,s4_4_5,s1_below_2001,s2_760_2075,s3_17_37,Passenger Car,s2_11_28,Deployed,s2_97_208,s1_below_1,Female,s2_37_80,s2_116_141,s2_164_318,s3_80_160,s2_2_4
14916,s2_885_1695,s2_n103_99,s4_n40_7,s1_below_4282,s6_6_up,s2_2001_2003,s2_760_2075,s3_17_37,Passenger Car,s2_11_28,Deployed,s2_97_208,s1_below_1,Female,s2_37_80,s3_141_159,s2_164_318,s3_80_160,s2_2_4
14917,s2_885_1695,s2_n103_99,s4_n40_7,s1_below_4282,s5_5_6,s2_2001_2003,s2_760_2075,s3_17_37,Passenger Car,s4_48_64,Not Deployed,s2_97_208,s1_below_1,Female,s2_37_80,s3_141_159,s2_164_318,s4_160_220,s2_2_4
14918,s2_885_1695,s2_n103_99,s4_n40_7,s1_below_4282,s3_3_4,s3_2003_2005,s2_760_2075,s3_17_37,Passenger Car,s2_11_28,Deployed,s2_97_208,s1_below_1,Female,s2_37_80,s3_141_159,s2_164_318,s3_80_160,s2_2_4
14919,s2_885_1695,s2_n103_99,s4_n40_7,s1_below_4282,s6_6_up,s3_2003_2005,s2_760_2075,s4_37_47,Passenger Car,s3_28_48,Deployed,s2_97_208,s1_below_1,Male,s2_37_80,s3_141_159,s2_164_318,s3_80_160,s2_2_4
14920,s2_885_1695,s2_n103_99,s4_n40_7,s1_below_4282,s6_6_up,s1_below_2001,s2_760_2075,s4_37_47,Passenger Car,s5_64_76,Deployed,s2_97_208,s1_below_1,Female,s2_37_80,s3_141_159,s2_164_318,s3_80_160,s2_2_4
14921,s3_1695_2555,s2_n103_99,s4_n40_7,s1_below_4282,s3_3_4,s3_2003_2005,s2_760_2075,s3_17_37,Truck (<=6000 lbs.),s3_28_48,Deployed,s2_97_208,s1_below_1,Male,s2_37_80,s3_141_159,s2_164_318,s3_80_160,s2_2_4
14922,s2_885_1695,s2_n103_99,s5_7_up,s1_below_4282,s6_6_up,s3_2003_2005,s2_760_2075,s3_17_37,Passenger Car,s4_48_64,Not Deployed,s2_97_208,s1_below_1,Male,s2_37_80,s3_141_159,s2_164_318,s6_260_up,s2_2_4
14923,s2_885_1695,s2_n103_99,s4_n40_7,s1_below_4282,s5_5_6,s3_2003_2005,s2_760_2075,s3_17_37,Passenger Car,s2_11_28,Deployed,s2_97_208,s1_below_1,Male,s3_80_96,s3_141_159,s2_164_318,s3_80_160,s2_2_4
14924,s2_885_1695,s2_n103_99,s4_n40_7,s1_below_4282,s6_6_up,s3_2003_2005,s2_760_2075,s3_17_37,Passenger Car,s2_11_28,Not Deployed,s2_97_208,s1_below_1,Female,s2_37_80,s3_141_159,s2_164_318,s4_160_220,s2_2_4
14925,s4_2555_3715,s2_n103_99,s4_n40_7,s1_below_4282,s1_below_2,s3_2003_2005,s2_760_2075,s6_57_up,Truck (<=10000 lbs.),s4_48_64,Not Deployed,s2_97_208,s1_below_1,Male,s5_114_130,s5_169_179,s3_318_464,s3_80_160,s4_5_6
14926,s2_885_1695,s2_n103_99,s4_n40_7,s1_below_4282,s4_4_5,s2_2001_2003,s3_2075_3730,s3_17_37,Truck (<=6000 lbs.),s3_28_48,Not Deployed,s2_97_208,s1_below_1,Male,s2_37_80,s3_141_159,s2_164_318,s4_160_220,s2_2_4
14927,s3_1695_2555,s2_n103_99,s4_n40_7,s1_below_4282,s4_4_5,s2_2001_2003,s2_760_2075,s3_17_37,Truck (<=10000 lbs.),s4_48_64,Not Deployed,s2_97_208,s1_below_1,Male,s3_80_96,s4_159_169,s2_164_318,s3_80_160,s3_4_5
14928,s3_1695_2555,s2_n103_99,s4_n40_7,s1_below_4282,s4_4_5,s2_2001_2003,s2_760_2075,s3_17_37,Truck (<=10000 lbs.),s2_11_28,Deployed,s2_97_208,s1_below_1,Male,s2_37_80,s4_159_169,s3_318_464,s3_80_160,s4_5_6
14929,s2_885_1695,s2_n103_99,s4_n40_7,s1_below_4282,s2_2_3,s3_2003_2005,s2_760_2075,s3_17_37,Passenger Car,s4_48_64,Deployed,s2_97_208,s1_below_1,Female,s2_37_80,s3_141_159,s2_164_318,s3_80_160,s2_2_4
14930,s2_885_1695,s2_n103_99,s4_n40_7,s1_below_4282,s3_3_4,s1_below_2001,s2_760_2075,s6_57_up,Passenger Car,s2_11_28,Deployed,s2_97_208,s1_below_1,Male,s3_80_96,s3_141_159,s2_164_318,s3_80_160,s2_2_4
14931,s2_885_1695,s2_n103_99,s4_n40_7,s1_below_4282,s6_6_up,s1_below_2001,s2_760_2075,s3_17_37,Passenger Car,s3_28_48,Not Deployed,s2_97_208,s2_1_2,Female,s2_37_80,s3_141_159,s2_164_318,s3_80_160,s2_2_4
14932,s2_885_1695,s2_n103_99,s4_n40_7,s1_below_4282,s1_below_2,s2_2001_2003,s2_760_2075,s3_17_37,Passenger Car,s3_28_48,Deployed,s2_97_208,s2_1_2,Female,s3_80_96,s3_141_159,s2_164_318,s2_40_80,s2_2_4
14933,s2_885_1695,s2_n103_99,s4_n40_7,s1_below_4282,s4_4_5,s3_2003_2005,s2_760_2075,s3_17_37,Passenger Car,s2_11_28,Deployed,s2_97_208,s1_below_1,Male,s2_37_80,s3_141_159,s2_164_318,s4_160_220,s2_2_4
14934,s2_885_1695,s2_n103_99,s4_n40_7,s1_below_4282,s1_below_2,s2_2001_2003,s1_below_760,s3_17_37,Truck (<=6000 lbs.),s3_28_48,Not Deployed,s2_97_208,s1_below_1,Female,s3_80_96,s3_141_159,s2_164_318,s2_40_80,s2_2_4
14935,s2_885_1695,s2_n103_99,s4_n40_7,s1_below_4282,s1_below_2,s2_2001_2003,s2_760_2075,s3_17_37,Passenger Car,s2_11_28,Deployed,s2_97_208,s1_below_1,Male,s2_37_80,s3_141_159,s2_164_318,s3_80_160,s2_2_4
14936,s3_1695_2555,s2_n103_99,s4_n40_7,s1_below_4282,s4_4_5,s2_2001_2003,s2_760_2075,s3_17_37,Truck (<=6000 lbs.),s2_11_28,Not Deployed,s2_97_208,s1_below_1,Male,s4_96_114,s4_159_169,s2_164_318,s4_160_220,s3_4_5
14937,s3_1695_2555,s2_n103_99,s4_n40_7,s1_below_4282,s6_6_up,s2_2001_2003,s2_760_2075,s3_17_37,Truck (<=6000 lbs.),s3_28_48,Deployed,s2_97_208,s1_below_1,Male,s2_37_80,s4_159_169,s2_164_318,s3_80_160,s3_4_5
14938,s2_885_1695,s2_n103_99,s4_n40_7,s1_below_4282,s1_below_2,s2_2001_2003,s2_760_2075,s6_57_up,Passenger Car,s2_11_28,Not Deployed,s2_97_208,s1_below_1,Female,s2_37_80,s3_141_159,s2_164_318,s2_40_80,s2_2_4
14939,s3_1695_2555,s2_n103_99,s4_n40_7,s1_below_4282,s5_5_6,s1_below_2001,s2_760_2075,s3_17_37,Truck (<=10000 lbs.),s3_28_48,Not Deployed,s2_97_208,s1_below_1,Female,s2_37_80,s2_116_141,s2_164_318,s3_80_160,s2_2_4
14940,s3_1695_2555,s2_n103_99,s4_n40_7,s1_below_4282,s3_3_4,s2_2001_2003,s2_760_2075,s3_17_37,Truck (<=6000 lbs.),s3_28_48,Deployed,s2_97_208,s1_below_1,Male,s2_37_80,s3_141_159,s2_164_318,s4_160_220,s2_2_4
14941,s2_885_1695,s2_n103_99,s3_n81_n40,s1_below_4282,s4_4_5,s2_2001_2003,s2_760_2075,s3_17_37,Truck (<=6000 lbs.),s2_11_28,Deployed,s2_97_208,s1_below_1,Female,s2_37_80,s3_141_159,s3_318_464,s3_80_160,s2_2_4
14942,s2_885_1695,s2_n103_99,s4_n40_7,s1_below_4282,s4_4_5,s2_2001_2003,s2_760_2075,s4_37_47,Passenger Car,s3_28_48,Not Deployed,s2_97_208,s1_below_1,Female,s2_37_80,s3_141_159,s2_164_318,s3_80_160,s2_2_4
14943,s2_885_1695,s2_n103_99,s4_n40_7,s1_below_4282,s1_below_2,s1_below_2001,s2_760_2075,s3_17_37,Passenger Car,s2_11_28,Deployed,s2_97_208,s2_1_2,Female,s2_37_80,s3_141_159,s2_164_318,s4_160_220,s2_2_4
14944,s2_885_1695,s2_n103_99,s4_n40_7,s1_below_4282,s4_4_5,s2_2001_2003,s3_2075_3730,s3_17_37,Passenger Car,s3_28_48,Deployed,s2_97_208,s1_below_1,Male,s2_37_80,s3_141_159,s2_164_318,s4_160_220,s2_2_4
14945,s3_1695_2555,s2_n103_99,s4_n40_7,s1_below_4282,s4_4_5,s2_2001_2003,s2_760_2075,s3_17_37,Passenger Car,s5_64_76,Deployed,s2_97_208,s3_2_3,Male,s6_130_up,s3_141_159,s2_164_318,s3_80_160,s2_2_4
14946,s2_885_1695,s2_n103_99,s4_n40_7,s1_below_4282,s6_6_up,s3_2003_2005,s2_760_2075,s3_17_37,Passenger Car,s2_11_28,Deployed,s2_97_208,s1_below_1,Female,s2_37_80,s3_141_159,s2_164_318,s3_80_160,s2_2_4
14947,s3_1695_2555,s2_n103_99,s4_n40_7,s1_below_4282,s4_4_5,s3_2003_2005,s2_760_2075,s3_17_37,Truck (<=6000 lbs.),s3_28_48,Not Deployed,s2_97_208,s1_below_1,Female,s2_37_80,s2_116_141,s2_164_318,s4_160_220,s2_2_4
14948,s2_885_1695,s2_n103_99,s4_n40_7,s1_below_4282,s6_6_up,s1_below_2001,s3_2075_3730,s3_17_37,Passenger Car,s2_11_28,Not Deployed,s2_97_208,s1_below_1,Female,s2_37_80,s3_141_159,s2_164_318,s3_80_160,s2_2_4
14949,s2_885_1695,s2_n103_99,s3_n81_n40,s1_below_4282,s6_6_up,s2_2001_2003,s2_760_2075,s3_17_37,Passenger Car,s2_11_28,Deployed,s2_97_208,s2_1_2,Male,s2_37_80,s3_141_159,s2_164_318,s3_80_160,s2_2_4
14950,s2_885_1695,s2_n103_99,s4_n40_7,s1_below_4282,s4_4_5,s1_below_2001,s2_760_2075,s3_17_37,Passenger Car,s6_76_up,Deployed,s2_97_208,s5_4_5,Female,s2_37_80,s3_141_159,s2_164_318,s3_80_160,s2_2_4
14951,s2_885_1695,s2_n103_99,s4_n40_7,s1_below_4282,s3_3_4,s2_2001_2003,s2_760_2075,s3_17_37,Passenger Car,s2_11_28,Deployed,s2_97_208,s2_1_2,Female,s2_37_80,s3_141_159,s2_164_318,s4_160_220,s2_2_4
14952,s3_1695_2555,s2_n103_99,s4_n40_7,s1_below_4282,s4_4_5,s3_2003_2005,s2_760_2075,s3_17_37,Truck (<=6000 lbs.),s3_28_48,Deployed,s2_97_208,s1_below_1,Female,s2_37_80,s3_141_159,s2_164_318,s3_80_160,s2_2_4
14953,s2_885_1695,s2_n103_99,s4_n40_7,s1_below_4282,s1_below_2,s2_2001_2003,s2_760_2075,s3_17_37,Passenger Car,s3_28_48,Not Deployed,s2_97_208,s1_below_1,Female,s2_37_80,s3_141_159,s2_164_318,s4_160_220,s2_2_4
14954,s2_885_1695,s2_n103_99,s3_n81_n40,s1_below_4282,s4_4_5,s1_below_2001,s2_760_2075,s4_37_47,Passenger Car,s3_28_48,Deployed,s2_97_208,s3_2_3,Male,s2_37_80,s3_141_159,s2_164_318,s3_80_160,s2_2_4
14955,s2_885_1695,s2_n103_99,s4_n40_7,s1_below_4282,s3_3_4,s1_below_2001,s2_760_2075,s3_17_37,Passenger Car,s4_48_64,Deployed,s2_97_208,s1_below_1,Female,s2_37_80,s3_141_159,s2_164_318,s3_80_160,s2_2_4
14956,s3_1695_2555,s2_n103_99,s4_n40_7,s1_below_4282,s1_below_2,s2_2001_2003,s2_760_2075,s3_17_37,Truck (<=6000 lbs.),s5_64_76,Deployed,s2_97_208,s1_below_1,Male,s2_37_80,s3_141_159,s2_164_318,s3_80_160,s2_2_4
14957,s2_885_1695,s2_n103_99,s4_n40_7,s1_below_4282,s6_6_up,s2_2001_2003,s3_2075_3730,s5_47_57,Passenger Car,s2_11_28,Not Deployed,s2_97_208,s3_2_3,Female,s3_80_96,s3_141_159,s2_164_318,s4_160_220,s2_2_4
14958,s2_885_1695,s2_n103_99,s4_n40_7,s1_below_4282,s1_below_2,s1_below_2001,s3_2075_3730,s3_17_37,Passenger Car,s2_11_28,Deployed,s2_97_208,s1_below_1,Male,s3_80_96,s3_141_159,s2_164_318,s3_80_160,s2_2_4
14959,s2_885_1695,s2_n103_99,s4_n40_7,s1_below_4282,s1_below_2,s1_below_2001,s2_760_2075,s3_17_37,Passenger Car,s3_28_48,Not Deployed,s2_97_208,s1_below_1,Female,s4_96_114,s3_141_159,s2_164_318,s2_40_80,s2_2_4
14960,s3_1695_2555,s2_n103_99,s4_n40_7,s1_below_4282,s1_below_2,s1_below_2001,s2_760_2075,s3_17_37,Truck (<=6000 lbs.),s3_28_48,Not Deployed,s2_97_208,s1_below_1,Female,s2_37_80,s4_159_169,s2_164_318,s3_80_160,s3_4_5
14961,s3_1695_2555,s2_n103_99,s4_n40_7,s1_below_4282,s2_2_3,s3_2003_2005,s2_760_2075,s4_37_47,Truck (<=6000 lbs.),s3_28_48,Not Deployed,s2_97_208,s1_below_1,Female,s2_37_80,s5_169_179,s2_164_318,s4_160_220,s2_2_4
14962,s2_885_1695,s2_n103_99,s4_n40_7,s1_below_4282,s4_4_5,s2_2001_2003,s2_760_2075,s3_17_37,Passenger Car,s2_11_28,Deployed,s2_97_208,s1_below_1,Male,s2_37_80,s3_141_159,s2_164_318,s3_80_160,s2_2_4
14963,s2_885_1695,s2_n103_99,s4_n40_7,s1_below_4282,s3_3_4,s1_below_2001,s2_760_2075,s3_17_37,Passenger Car,s5_64_76,Not Deployed,s2_97_208,s1_below_1,Female,s3_80_96,s3_141_159,s2_164_318,s2_40_80,s2_2_4
14964,s2_885_1695,s2_n103_99,s4_n40_7,s1_below_4282,s2_2_3,s2_2001_2003,s2_760_2075,s3_17_37,Truck (<=6000 lbs.),s4_48_64,Deployed,s2_97_208,s1_below_1,Female,s3_80_96,s3_141_159,s2_164_318,s3_80_160,s2_2_4
14965,s3_1695_2555,s2_n103_99,s5_7_up,s1_below_4282,s2_2_3,s2_2001_2003,s2_760_2075,s3_17_37,Truck (<=6000 lbs.),s3_28_48,Not Deployed,s2_97_208,s1_below_1,Female,s2_37_80,s3_141_159,s2_164_318,s4_160_220,s2_2_4
14966,s3_1695_2555,s2_n103_99,s4_n40_7,s1_below_4282,s2_2_3,s1_below_2001,s2_760_2075,s3_17_37,Truck (<=6000 lbs.),s4_48_64,Not Deployed,s2_97_208,s1_below_1,Male,s2_37_80,s4_159_169,s2_164_318,s3_80_160,s3_4_5
14967,s2_885_1695,s2_n103_99,s4_n40_7,s1_below_4282,s2_2_3,s2_2001_2003,s2_760_2075,s3_17_37,Passenger Car,s6_76_up,Deployed,s2_97_208,s1_below_1,Female,s2_37_80,s3_141_159,s2_164_318,s4_160_220,s2_2_4
14968,s2_885_1695,s2_n103_99,s4_n40_7,s1_below_4282,s1_below_2,s1_below_2001,s2_760_2075,s5_47_57,Passenger Car,s2_11_28,Deployed,s2_97_208,s5_4_5,Male,s2_37_80,s3_141_159,s2_164_318,s3_80_160,s2_2_4
14969,s2_885_1695,s2_n103_99,s4_n40_7,s1_below_4282,s1_below_2,s2_2001_2003,s2_760_2075,s5_47_57,Truck (<=6000 lbs.),s2_11_28,Deployed,s2_97_208,s4_3_4,Male,s2_37_80,s3_141_159,s3_318_464,s3_80_160,s2_2_4
14970,s2_885_1695,s2_n103_99,s3_n81_n40,s1_below_4282,s4_4_5,s1_below_2001,s2_760_2075,s4_37_47,Passenger Car,s2_11_28,Deployed,s2_97_208,s1_below_1,Male,s6_130_up,s3_141_159,s2_164_318,s3_80_160,s2_2_4
14971,s2_885_1695,s2_n103_99,s5_7_up,s1_below_4282,s2_2_3,s2_2001_2003,s2_760_2075,s4_37_47,Passenger Car,s6_76_up,Not Deployed,s2_97_208,s4_3_4,Male,s5_114_130,s3_141_159,s2_164_318,s6_260_up,s2_2_4
14972,s2_885_1695,s2_n103_99,s5_7_up,s1_below_4282,s4_4_5,s2_2001_2003,s2_760_2075,s4_37_47,Passenger Car,s4_48_64,Not Deployed,s2_97_208,s1_below_1,Female,s2_37_80,s3_141_159,s2_164_318,s6_260_up,s2_2_4
14973,s3_1695_2555,s2_n103_99,s5_7_up,s1_below_4282,s3_3_4,s2_2001_2003,s3_2075_3730,s3_17_37,Truck (<=6000 lbs.),s4_48_64,Not Deployed,s2_97_208,s1_below_1,Female,s2_37_80,s3_141_159,s2_164_318,s6_260_up,s2_2_4
14974,s2_885_1695,s2_n103_99,s4_n40_7,s1_below_4282,s1_below_2,s3_2003_2005,s2_760_2075,s6_57_up,Passenger Car,s3_28_48,Deployed,s2_97_208,s1_below_1,Male,s2_37_80,s3_141_159,s2_164_318,s3_80_160,s2_2_4
14975,s2_885_1695,s2_n103_99,s4_n40_7,s1_below_4282,s2_2_3,s3_2003_2005,s2_760_2075,s6_57_up,Passenger Car,s3_28_48,Not Deployed,s2_97_208,s1_below_1,Male,s2_37_80,s3_141_159,s2_164_318,s3_80_160,s2_2_4
14976,s2_885_1695,s2_n103_99,s4_n40_7,s1_below_4282,s1_below_2,s3_2003_2005,s2_760_2075,s3_17_37,Passenger Car,s2_11_28,Not Deployed,s2_97_208,s1_below_1,Female,s4_96_114,s3_141_159,s2_164_318,s4_160_220,s2_2_4
14977,s3_1695_2555,s2_n103_99,s4_n40_7,s1_below_4282,s2_2_3,s1_below_2001,s2_760_2075,s5_47_57,Truck (<=10000 lbs.),s3_28_48,Not Deployed,s2_97_208,s1_below_1,Female,s2_37_80,s3_141_159,s3_318_464,s4_160_220,s4_5_6
14978,s3_1695_2555,s2_n103_99,s4_n40_7,s1_below_4282,s1_below_2,s2_2001_2003,s2_760_2075,s4_37_47,Truck (<=6000 lbs.),s3_28_48,Not Deployed,s2_97_208,s1_below_1,Male,s2_37_80,s3_141_159,s3_318_464,s4_160_220,s2_2_4
14979,s2_885_1695,s2_n103_99,s5_7_up,s1_below_4282,s3_3_4,s3_2003_2005,s3_2075_3730,s6_57_up,Passenger Car,s2_11_28,Not Deployed,s2_97_208,s1_below_1,Female,s2_37_80,s3_141_159,s2_164_318,s6_260_up,s2_2_4
14980,s3_1695_2555,s2_n103_99,s4_n40_7,s1_below_4282,s1_below_2,s2_2001_2003,s2_760_2075,s3_17_37,Truck (<=6000 lbs.),s2_11_28,Deployed,s2_97_208,s1_below_1,Female,s2_37_80,s3_141_159,s2_164_318,s4_160_220,s2_2_4
14981,s3_1695_2555,s2_n103_99,s4_n40_7,s1_below_4282,s1_below_2,s2_2001_2003,s2_760_2075,s3_17_37,Truck (<=10000 lbs.),s3_28_48,Not Deployed,s2_97_208,s1_below_1,Male,s3_80_96,s4_159_169,s3_318_464,s3_80_160,s4_5_6
14982,s2_885_1695,s2_n103_99,s4_n40_7,s1_below_4282,s1_below_2,s2_2001_2003,s3_2075_3730,s3_17_37,Passenger Car,s4_48_64,Not Deployed,s2_97_208,s1_below_1,Female,s2_37_80,s3_141_159,s2_164_318,s4_160_220,s2_2_4
14983,s4_2555_3715,s2_n103_99,s4_n40_7,s1_below_4282,s1_below_2,s2_2001_2003,s2_760_2075,s3_17_37,Truck (<=10000 lbs.),s3_28_48,Not Deployed,s2_97_208,s1_below_1,Male,s3_80_96,s5_169_179,s3_318_464,s3_80_160,s5_6_7
14984,s3_1695_2555,s2_n103_99,s4_n40_7,s1_below_4282,s2_2_3,s3_2003_2005,s2_760_2075,s3_17_37,Truck (<=6000 lbs.),s2_11_28,Deployed,s2_97_208,s2_1_2,Male,s4_96_114,s3_141_159,s2_164_318,s3_80_160,s2_2_4
14985,s2_885_1695,s2_n103_99,s5_7_up,s1_below_4282,s4_4_5,s3_2003_2005,s2_760_2075,s6_57_up,Passenger Car,s3_28_48,Not Deployed,s2_97_208,s1_below_1,Male,s2_37_80,s3_141_159,s2_164_318,s6_260_up,s2_2_4
14986,s2_885_1695,s2_n103_99,s4_n40_7,s1_below_4282,s4_4_5,s1_below_2001,s3_2075_3730,s4_37_47,Passenger Car,s3_28_48,Deployed,s2_97_208,s3_2_3,Female,s3_80_96,s3_141_159,s2_164_318,s3_80_160,s2_2_4
14987,s2_885_1695,s2_n103_99,s5_7_up,s1_below_4282,s2_2_3,s1_below_2001,s2_760_2075,s6_57_up,Passenger Car,s3_28_48,Not Deployed,s2_97_208,s1_below_1,Male,s5_114_130,s3_141_159,s2_164_318,s6_260_up,s2_2_4
14988,s2_885_1695,s2_n103_99,s4_n40_7,s1_below_4282,s4_4_5,s1_below_2001,s2_760_2075,s4_37_47,Passenger Car,s2_11_28,Deployed,s2_97_208,s3_2_3,Male,s2_37_80,s3_141_159,s2_164_318,s3_80_160,s2_2_4
14989,s2_885_1695,s2_n103_99,s4_n40_7,s1_below_4282,s4_4_5,s3_2003_2005,s2_760_2075,s4_37_47,Passenger Car,s2_11_28,Deployed,s2_97_208,s1_below_1,Male,s2_37_80,s3_141_159,s2_164_318,s3_80_160,s2_2_4
14990,s2_885_1695,s2_n103_99,s4_n40_7,s1_below_4282,s3_3_4,s3_2003_2005,s2_760_2075,s4_37_47,Passenger Car,s3_28_48,Deployed,s2_97_208,s1_below_1,Male,s3_80_96,s3_141_159,s2_164_318,s4_160_220,s2_2_4
14991,s2_885_1695,s2_n103_99,s4_n40_7,s1_below_4282,s4_4_5,s2_2001_2003,s2_760_2075,s4_37_47,Passenger Car,s4_48_64,Not Deployed,s2_97_208,s1_below_1,Male,s3_80_96,s3_141_159,s2_164_318,s3_80_160,s2_2_4
14992,s2_885_1695,s2_n103_99,s4_n40_7,s1_below_4282,s1_below_2,s2_2001_2003,s2_760_2075,s3_17_37,Passenger Car,s2_11_28,Deployed,s2_97_208,s2_1_2,Female,s2_37_80,s3_141_159,s2_164_318,s4_160_220,s2_2_4
14993,s2_885_1695,s2_n103_99,s4_n40_7,s1_below_4282,s2_2_3,s1_below_2001,s3_2075_3730,s6_57_up,Passenger Car,s5_64_76,Not Deployed,s2_97_208,s1_below_1,Female,s3_80_96,s3_141_159,s2_164_318,s3_80_160,s2_2_4
14994,s2_885_1695,s2_n103_99,s4_n40_7,s1_below_4282,s1_below_2,s2_2001_2003,s2_760_2075,s3_17_37,Passenger Car,s2_11_28,Not Deployed,s2_97_208,s1_below_1,Male,s2_37_80,s3_141_159,s2_164_318,s3_80_160,s2_2_4
14995,s3_1695_2555,s2_n103_99,s4_n40_7,s1_below_4282,s2_2_3,s1_below_2001,s2_760_2075,s3_17_37,Truck (<=6000 lbs.),s2_11_28,Deployed,s2_97_208,s1_below_1,Male,s2_37_80,s3_141_159,s2_164_318,s2_40_80,s2_2_4
14996,s3_1695_2555,s2_n103_99,s4_n40_7,s1_below_4282,s1_below_2,s2_2001_2003,s2_760_2075,s3_17_37,Truck (<=6000 lbs.),s3_28_48,Not Deployed,s2_97_208,s1_below_1,Female,s2_37_80,s4_159_169,s2_164_318,s4_160_220,s3_4_5
14997,s2_885_1695,s2_n103_99,s4_n40_7,s1_below_4282,s3_3_4,s3_2003_2005,s2_760_2075,s3_17_37,Passenger Car,s2_11_28,Not Deployed,s2_97_208,s1_below_1,Female,s2_37_80,s3_141_159,s2_164_318,s4_160_220,s2_2_4
14998,s2_885_1695,s2_n103_99,s4_n40_7,s1_below_4282,s3_3_4,s1_below_2001,s2_760_2075,s3_17_37,Passenger Car,s2_11_28,Not Deployed,s2_97_208,s2_1_2,Male,s3_80_96,s2_116_141,s2_164_318,s4_160_220,s2_2_4
14999,s3_1695_2555,s2_n103_99,s4_n40_7,s1_below_4282,s3_3_4,s1_below_2001,s2_760_2075,s3_17_37,Truck (<=6000 lbs.),s3_28_48,Deployed,s2_97_208,s1_below_1,Female,s2_37_80,s3_141_159,s2_164_318,s3_80_160,s2_2_4
15000,s2_885_1695,s2_n103_99,s4_n40_7,s1_below_4282,s3_3_4,s3_2003_2005,s2_760_2075,s3_17_37,Passenger Car,s3_28_48,Not Deployed,s2_97_208,s1_below_1,Male,s2_37_80,s3_141_159,s2_164_318,s3_80_160,s2_2_4
15001,s2_885_1695,s2_n103_99,s4_n40_7,s1_below_4282,s1_below_2,s1_below_2001,s2_760_2075,s3_17_37,Passenger Car,s3_28_48,Not Deployed,s2_97_208,s1_below_1,Female,s2_37_80,s3_141_159,s2_164_318,s3_80_160,s2_2_4
15002,s2_885_1695,s2_n103_99,s4_n40_7,s1_below_4282,s1_below_2,s1_below_2001,s2_760_2075,s3_17_37,Passenger Car,s3_28_48,Not Deployed,s2_97_208,s1_below_1,Female,s3_80_96,s3_141_159,s2_164_318,s3_80_160,s2_2_4
15003,s2_885_1695,s2_n103_99,s4_n40_7,s1_below_4282,s3_3_4,s3_2003_2005,s2_760_2075,s3_17_37,Passenger Car,s3_28_48,Not Deployed,s2_97_208,s1_below_1,Male,s5_114_130,s3_141_159,s2_164_318,s3_80_160,s2_2_4
15004,s2_885_1695,s2_n103_99,s4_n40_7,s1_below_4282,s3_3_4,s2_2001_2003,s2_760_2075,s3_17_37,Truck (<=6000 lbs.),s3_28_48,Deployed,s2_97_208,s1_below_1,Female,s2_37_80,s3_141_159,s2_164_318,s3_80_160,s2_2_4
15005,s2_885_1695,s2_n103_99,s4_n40_7,s1_below_4282,s3_3_4,s1_below_2001,s2_760_2075,s3_17_37,Passenger Car,s6_76_up,Not Deployed,s2_97_208,s1_below_1,Male,s2_37_80,s3_141_159,s2_164_318,s4_160_220,s2_2_4
15006,s2_885_1695,s2_n103_99,s4_n40_7,s1_below_4282,s1_below_2,s3_2003_2005,s2_760_2075,s3_17_37,Passenger Car,s5_64_76,Not Deployed,s2_97_208,s1_below_1,Male,s3_80_96,s3_141_159,s2_164_318,s3_80_160,s2_2_4
15007,s2_885_1695,s2_n103_99,s4_n40_7,s1_below_4282,s3_3_4,s3_2003_2005,s2_760_2075,s3_17_37,Passenger Car,s3_28_48,Not Deployed,s2_97_208,s1_below_1,Female,s2_37_80,s3_141_159,s2_164_318,s3_80_160,s2_2_4
15008,s2_885_1695,s2_n103_99,s3_n81_n40,s1_below_4282,s1_below_2,s3_2003_2005,s2_760_2075,s6_57_up,Passenger Car,s3_28_48,Deployed,s2_97_208,s1_below_1,Male,s2_37_80,s3_141_159,s2_164_318,s3_80_160,s2_2_4
15009,s2_885_1695,s2_n103_99,s4_n40_7,s1_below_4282,s1_below_2,s1_below_2001,s2_760_2075,s6_57_up,Passenger Car,s2_11_28,Deployed,s2_97_208,s1_below_1,Male,s2_37_80,s3_141_159,s2_164_318,s3_80_160,s2_2_4
15010,s3_1695_2555,s2_n103_99,s4_n40_7,s1_below_4282,s1_below_2,s2_2001_2003,s2_760_2075,s3_17_37,Truck (<=6000 lbs.),s3_28_48,Not Deployed,s2_97_208,s1_below_1,Female,s2_37_80,s3_141_159,s2_164_318,s2_40_80,s2_2_4
15011,s2_885_1695,s2_n103_99,s5_7_up,s1_below_4282,s5_5_6,s2_2001_2003,s2_760_2075,s4_37_47,Truck (<=6000 lbs.),s3_28_48,Not Deployed,s2_97_208,s1_below_1,Male,s4_96_114,s3_141_159,s2_164_318,s6_260_up,s2_2_4
15012,s2_885_1695,s2_n103_99,s4_n40_7,s1_below_4282,s3_3_4,s1_below_2001,s2_760_2075,s6_57_up,Passenger Car,s3_28_48,Deployed,s2_97_208,s1_below_1,Female,s2_37_80,s3_141_159,s2_164_318,s3_80_160,s2_2_4
15013,s2_885_1695,s2_n103_99,s5_7_up,s1_below_4282,s3_3_4,s2_2001_2003,s2_760_2075,s3_17_37,Passenger Car,s2_11_28,Not Deployed,s2_97_208,s5_4_5,Female,s3_80_96,s3_141_159,s2_164_318,s5_220_260,s2_2_4
15014,s2_885_1695,s2_n103_99,s5_7_up,s1_below_4282,s3_3_4,s1_below_2001,s2_760_2075,s3_17_37,Passenger Car,s2_11_28,Not Deployed,s2_97_208,s1_below_1,Male,s2_37_80,s3_141_159,s2_164_318,s6_260_up,s2_2_4
15015,s3_1695_2555,s2_n103_99,s4_n40_7,s1_below_4282,s3_3_4,s3_2003_2005,s2_760_2075,s3_17_37,Truck (<=6000 lbs.),s4_48_64,Not Deployed,s2_97_208,s1_below_1,Female,s4_96_114,s4_159_169,s2_164_318,s4_160_220,s2_2_4
15016,s3_1695_2555,s2_n103_99,s4_n40_7,s1_below_4282,s2_2_3,s2_2001_2003,s2_760_2075,s3_17_37,Truck (<=10000 lbs.),s2_11_28,Deployed,s2_97_208,s1_below_1,Male,s3_80_96,s5_169_179,s3_318_464,s3_80_160,s4_5_6
15017,s3_1695_2555,s2_n103_99,s4_n40_7,s1_below_4282,s1_below_2,s3_2003_2005,s2_760_2075,s3_17_37,Truck (<=6000 lbs.),s2_11_28,Not Deployed,s2_97_208,s1_below_1,Female,s2_37_80,s3_141_159,s2_164_318,s3_80_160,s2_2_4
15018,s2_885_1695,s2_n103_99,s4_n40_7,s1_below_4282,s3_3_4,s3_2003_2005,s3_2075_3730,s3_17_37,Passenger Car,s2_11_28,Not Deployed,s2_97_208,s1_below_1,Female,s2_37_80,s3_141_159,s2_164_318,s2_40_80,s2_2_4
15019,s3_1695_2555,s2_n103_99,s5_7_up,s1_below_4282,s3_3_4,s2_2001_2003,s2_760_2075,s3_17_37,Truck (<=10000 lbs.),s3_28_48,Not Deployed,s2_97_208,s1_below_1,Male,s3_80_96,s3_141_159,s2_164_318,s6_260_up,s2_2_4
15020,s3_1695_2555,s2_n103_99,s4_n40_7,s1_below_4282,s3_3_4,s2_2001_2003,s2_760_2075,s3_17_37,Truck (<=6000 lbs.),s4_48_64,Not Deployed,s2_97_208,s1_below_1,Male,s2_37_80,s3_141_159,s2_164_318,s2_40_80,s2_2_4
15021,s2_885_1695,s2_n103_99,s4_n40_7,s1_below_4282,s1_below_2,s1_below_2001,s2_760_2075,s3_17_37,Passenger Car,s3_28_48,Not Deployed,s2_97_208,s1_below_1,Female,s2_37_80,s3_141_159,s2_164_318,s4_160_220,s2_2_4
15022,s3_1695_2555,s2_n103_99,s4_n40_7,s1_below_4282,s6_6_up,s1_below_2001,s3_2075_3730,s3_17_37,Truck (<=10000 lbs.),s3_28_48,Not Deployed,s2_97_208,s1_below_1,Male,s3_80_96,s4_159_169,s3_318_464,s3_80_160,s4_5_6
15023,s2_885_1695,s2_n103_99,s4_n40_7,s1_below_4282,s1_below_2,s1_below_2001,s2_760_2075,s3_17_37,Passenger Car,s4_48_64,Deployed,s2_97_208,s1_below_1,Male,s4_96_114,s3_141_159,s2_164_318,s3_80_160,s2_2_4
15024,s2_885_1695,s2_n103_99,s4_n40_7,s1_below_4282,s4_4_5,s2_2001_2003,s2_760_2075,s3_17_37,Passenger Car,s2_11_28,Deployed,s2_97_208,s3_2_3,Male,s2_37_80,s3_141_159,s2_164_318,s4_160_220,s2_2_4
15025,s2_885_1695,s2_n103_99,s4_n40_7,s1_below_4282,s1_below_2,s1_below_2001,s2_760_2075,s3_17_37,Truck (<=6000 lbs.),s3_28_48,Deployed,s2_97_208,s3_2_3,Male,s3_80_96,s2_116_141,s2_164_318,s3_80_160,s2_2_4
15026,s2_885_1695,s2_n103_99,s4_n40_7,s1_below_4282,s1_below_2,s3_2003_2005,s3_2075_3730,s3_17_37,Truck (<=6000 lbs.),s3_28_48,Not Deployed,s2_97_208,s1_below_1,Female,s2_37_80,s3_141_159,s3_318_464,s4_160_220,s2_2_4
15027,s2_885_1695,s2_n103_99,s4_n40_7,s1_below_4282,s4_4_5,s3_2003_2005,s2_760_2075,s3_17_37,Passenger Car,s2_11_28,Not Deployed,s2_97_208,s1_below_1,Male,s4_96_114,s3_141_159,s2_164_318,s4_160_220,s2_2_4
15028,s2_885_1695,s2_n103_99,s4_n40_7,s1_below_4282,s5_5_6,s1_below_2001,s2_760_2075,s3_17_37,Passenger Car,s2_11_28,Deployed,s2_97_208,s1_below_1,Male,s3_80_96,s3_141_159,s2_164_318,s4_160_220,s2_2_4
15029,s2_885_1695,s2_n103_99,s4_n40_7,s1_below_4282,s1_below_2,s1_below_2001,s2_760_2075,s3_17_37,Passenger Car,s3_28_48,Not Deployed,s2_97_208,s1_below_1,Male,s2_37_80,s3_141_159,s2_164_318,s2_40_80,s2_2_4
15030,s2_885_1695,s2_n103_99,s4_n40_7,s1_below_4282,s6_6_up,s2_2001_2003,s2_760_2075,s3_17_37,Passenger Car,s2_11_28,Deployed,s2_97_208,s3_2_3,Female,s2_37_80,s3_141_159,s2_164_318,s3_80_160,s2_2_4
15031,s2_885_1695,s2_n103_99,s4_n40_7,s1_below_4282,s1_below_2,s2_2001_2003,s2_760_2075,s3_17_37,Passenger Car,s2_11_28,Not Deployed,s2_97_208,s1_below_1,Female,s2_37_80,s3_141_159,s2_164_318,s2_40_80,s2_2_4
15032,s2_885_1695,s2_n103_99,s4_n40_7,s1_below_4282,s3_3_4,s2_2001_2003,s2_760_2075,s3_17_37,Passenger Car,s2_11_28,Not Deployed,s2_97_208,s1_below_1,Male,s2_37_80,s3_141_159,s2_164_318,s4_160_220,s2_2_4
15033,s2_885_1695,s2_n103_99,s4_n40_7,s1_below_4282,s3_3_4,s2_2001_2003,s2_760_2075,s3_17_37,Passenger Car,s3_28_48,Deployed,s2_97_208,s1_below_1,Female,s2_37_80,s3_141_159,s2_164_318,s3_80_160,s2_2_4
15034,s2_885_1695,s2_n103_99,s4_n40_7,s1_below_4282,s3_3_4,s1_below_2001,s2_760_2075,s3_17_37,Passenger Car,s3_28_48,Not Deployed,s2_97_208,s1_below_1,Female,s2_37_80,s3_141_159,s2_164_318,s4_160_220,s2_2_4
15035,s2_885_1695,s2_n103_99,s4_n40_7,s1_below_4282,s1_below_2,s3_2003_2005,s2_760_2075,s3_17_37,Passenger Car,s4_48_64,Not Deployed,s2_97_208,s1_below_1,Female,s2_37_80,s3_141_159,s2_164_318,s2_40_80,s2_2_4
15036,s2_885_1695,s2_n103_99,s4_n40_7,s1_below_4282,s1_below_2,s3_2003_2005,s2_760_2075,s3_17_37,Passenger Car,s2_11_28,Not Deployed,s2_97_208,s1_below_1,Female,s2_37_80,s3_141_159,s2_164_318,s3_80_160,s2_2_4
15037,s2_885_1695,s2_n103_99,s4_n40_7,s1_below_4282,s1_below_2,s2_2001_2003,s2_760_2075,s3_17_37,Passenger Car,s6_76_up,Not Deployed,s2_97_208,s1_below_1,Female,s2_37_80,s3_141_159,s2_164_318,s4_160_220,s2_2_4
15038,s2_885_1695,s2_n103_99,s3_n81_n40,s1_below_4282,s1_below_2,s2_2001_2003,s2_760_2075,s3_17_37,Passenger Car,s2_11_28,Deployed,s2_97_208,s1_below_1,Male,s2_37_80,s3_141_159,s2_164_318,s3_80_160,s2_2_4
15039,s2_885_1695,s2_n103_99,s4_n40_7,s1_below_4282,s4_4_5,s3_2003_2005,s2_760_2075,s3_17_37,Passenger Car,s2_11_28,Deployed,s2_97_208,s1_below_1,Female,s2_37_80,s3_141_159,s2_164_318,s3_80_160,s2_2_4
15040,s2_885_1695,s2_n103_99,s4_n40_7,s1_below_4282,s3_3_4,s2_2001_2003,s2_760_2075,s3_17_37,Passenger Car,s2_11_28,Deployed,s2_97_208,s1_below_1,Female,s2_37_80,s3_141_159,s2_164_318,s4_160_220,s2_2_4
15041,s3_1695_2555,s2_n103_99,s4_n40_7,s1_below_4282,s3_3_4,s1_below_2001,s2_760_2075,s4_37_47,Truck (<=6000 lbs.),s6_76_up,Deployed,s2_97_208,s2_1_2,Male,s2_37_80,s4_159_169,s2_164_318,s3_80_160,s3_4_5
15042,s2_885_1695,s2_n103_99,s4_n40_7,s1_below_4282,s1_below_2,s1_below_2001,s2_760_2075,s3_17_37,Passenger Car,s4_48_64,Not Deployed,s2_97_208,s1_below_1,Female,s3_80_96,s3_141_159,s2_164_318,s3_80_160,s2_2_4
15043,s2_885_1695,s2_n103_99,s5_7_up,s1_below_4282,s1_below_2,s1_below_2001,s2_760_2075,s5_47_57,Passenger Car,s3_28_48,Not Deployed,s2_97_208,s1_below_1,Male,s3_80_96,s3_141_159,s2_164_318,s6_260_up,s2_2_4
15044,s2_885_1695,s2_n103_99,s4_n40_7,s1_below_4282,s2_2_3,s1_below_2001,s2_760_2075,s4_37_47,Passenger Car,s2_11_28,Not Deployed,s2_97_208,s1_below_1,Male,s2_37_80,s3_141_159,s2_164_318,s3_80_160,s2_2_4
15045,s3_1695_2555,s2_n103_99,s4_n40_7,s1_below_4282,s1_below_2,s2_2001_2003,s2_760_2075,s5_47_57,Truck (<=6000 lbs.),s2_11_28,Deployed,s2_97_208,s1_below_1,Female,s3_80_96,s3_141_159,s3_318_464,s3_80_160,s3_4_5
15046,s2_885_1695,s2_n103_99,s4_n40_7,s1_below_4282,s1_below_2,s1_below_2001,s2_760_2075,s4_37_47,Truck (<=6000 lbs.),s3_28_48,Not Deployed,s2_97_208,s1_below_1,Female,s2_37_80,s3_141_159,s2_164_318,s4_160_220,s2_2_4
15047,s2_885_1695,s2_n103_99,s4_n40_7,s1_below_4282,s1_below_2,s1_below_2001,s2_760_2075,s4_37_47,Passenger Car,s3_28_48,Not Deployed,s2_97_208,s1_below_1,Male,s2_37_80,s3_141_159,s2_164_318,s3_80_160,s2_2_4
15048,s3_1695_2555,s2_n103_99,s4_n40_7,s1_below_4282,s1_below_2,s1_below_2001,s2_760_2075,s3_17_37,Truck (<=6000 lbs.),s4_48_64,Deployed,s2_97_208,s1_below_1,Female,s4_96_114,s3_141_159,s2_164_318,s3_80_160,s2_2_4
15049,s2_885_1695,s2_n103_99,s4_n40_7,s1_below_4282,s1_below_2,s1_below_2001,s2_760_2075,s3_17_37,Passenger Car,s3_28_48,Deployed,s2_97_208,s2_1_2,Male,s3_80_96,s3_141_159,s2_164_318,s3_80_160,s2_2_4
15050,s2_885_1695,s2_n103_99,s4_n40_7,s1_below_4282,s3_3_4,s2_2001_2003,s2_760_2075,s5_47_57,Truck (<=6000 lbs.),s3_28_48,Not Deployed,s2_97_208,s1_below_1,Female,s2_37_80,s3_141_159,s2_164_318,s3_80_160,s2_2_4
15051,s3_1695_2555,s2_n103_99,s4_n40_7,s1_below_4282,s1_below_2,s1_below_2001,s3_2075_3730,s3_17_37,Truck (<=10000 lbs.),s2_11_28,Not Deployed,s2_97_208,s1_below_1,Male,s3_80_96,s4_159_169,s3_318_464,s3_80_160,s4_5_6
15052,s2_885_1695,s2_n103_99,s4_n40_7,s1_below_4282,s1_below_2,s1_below_2001,s2_760_2075,s5_47_57,Passenger Car,s4_48_64,Not Deployed,s2_97_208,s1_below_1,Male,s3_80_96,s3_141_159,s2_164_318,s3_80_160,s2_2_4
15053,s2_885_1695,s2_n103_99,s4_n40_7,s1_below_4282,s1_below_2,s1_below_2001,s3_2075_3730,s5_47_57,Passenger Car,s3_28_48,Not Deployed,s2_97_208,s1_below_1,Male,s3_80_96,s3_141_159,s2_164_318,s3_80_160,s2_2_4
15054,s2_885_1695,s2_n103_99,s4_n40_7,s1_below_4282,s1_below_2,s1_below_2001,s2_760_2075,s1_below_7,Passenger Car,s2_11_28,Deployed,s2_97_208,s4_3_4,Female,s2_37_80,s3_141_159,s2_164_318,s2_40_80,s2_2_4
15055,s2_885_1695,s2_n103_99,s4_n40_7,s1_below_4282,s1_below_2,s2_2001_2003,s2_760_2075,s4_37_47,Passenger Car,s3_28_48,Deployed,s2_97_208,s3_2_3,Female,s2_37_80,s3_141_159,s2_164_318,s3_80_160,s2_2_4
15056,s2_885_1695,s2_n103_99,s4_n40_7,s1_below_4282,s1_below_2,s1_below_2001,s2_760_2075,s3_17_37,Passenger Car,s4_48_64,Deployed,s2_97_208,s2_1_2,Female,s2_37_80,s3_141_159,s2_164_318,s3_80_160,s2_2_4
15057,s3_1695_2555,s2_n103_99,s4_n40_7,s1_below_4282,s1_below_2,s1_below_2001,s2_760_2075,s4_37_47,Truck (<=6000 lbs.),s4_48_64,Not Deployed,s2_97_208,s1_below_1,Female,s4_96_114,s3_141_159,s2_164_318,s3_80_160,s2_2_4
15058,s3_1695_2555,s2_n103_99,s4_n40_7,s1_below_4282,s1_below_2,s1_below_2001,s2_760_2075,s1_below_7,Truck (<=10000 lbs.),s3_28_48,Not Deployed,s2_97_208,s1_below_1,Male,s4_96_114,s4_159_169,s3_318_464,s2_40_80,s4_5_6
15059,s2_885_1695,s2_n103_99,s4_n40_7,s1_below_4282,s1_below_2,s1_below_2001,s2_760_2075,s3_17_37,Truck (<=6000 lbs.),s4_48_64,Not Deployed,s2_97_208,s1_below_1,Female,s2_37_80,s3_141_159,s2_164_318,s3_80_160,s2_2_4
15060,s2_885_1695,s2_n103_99,s4_n40_7,s1_below_4282,s2_2_3,s2_2001_2003,s2_760_2075,s5_47_57,Passenger Car,s6_76_up,Deployed,s2_97_208,s1_below_1,Male,s2_37_80,s3_141_159,s2_164_318,s3_80_160,s2_2_4
15061,s2_885_1695,s2_n103_99,s4_n40_7,s1_below_4282,s1_below_2,s1_below_2001,s2_760_2075,s5_47_57,Passenger Car,s2_11_28,Deployed,s2_97_208,s2_1_2,Male,s3_80_96,s3_141_159,s2_164_318,s3_80_160,s2_2_4
15062,s3_1695_2555,s2_n103_99,s5_7_up,s1_below_4282,s1_below_2,s2_2001_2003,s2_760_2075,s3_17_37,Truck (<=10000 lbs.),s3_28_48,Not Deployed,s2_97_208,s1_below_1,Male,s4_96_114,s5_169_179,s2_164_318,s6_260_up,s3_4_5
15063,s2_885_1695,s2_n103_99,s5_7_up,s1_below_4282,s1_below_2,s2_2001_2003,s2_760_2075,s5_47_57,Truck (<=6000 lbs.),s4_48_64,Not Deployed,s2_97_208,s1_below_1,Male,s2_37_80,s3_141_159,s2_164_318,s6_260_up,s2_2_4
15064,s2_885_1695,s2_n103_99,s4_n40_7,s1_below_4282,s2_2_3,s1_below_2001,s2_760_2075,s3_17_37,Passenger Car,s4_48_64,Not Deployed,s2_97_208,s1_below_1,Female,s2_37_80,s3_141_159,s2_164_318,s3_80_160,s2_2_4
15065,s2_885_1695,s2_n103_99,s2_n112_n81,s1_below_4282,s1_below_2,s1_below_2001,s2_760_2075,s5_47_57,Passenger Car,s3_28_48,Deployed,s2_97_208,s6_5_up,Male,s3_80_96,s3_141_159,s2_164_318,s3_80_160,s2_2_4
15066,s3_1695_2555,s2_n103_99,s4_n40_7,s1_below_4282,s5_5_6,s1_below_2001,s2_760_2075,s3_17_37,Passenger Car,s3_28_48,Deployed,s2_97_208,s1_below_1,Male,s3_80_96,s4_159_169,s2_164_318,s4_160_220,s2_2_4
15067,s3_1695_2555,s2_n103_99,s4_n40_7,s1_below_4282,s3_3_4,s1_below_2001,s3_2075_3730,s3_17_37,Truck (<=6000 lbs.),s3_28_48,Deployed,s2_97_208,s1_below_1,Female,s2_37_80,s3_141_159,s2_164_318,s4_160_220,s2_2_4
15068,s3_1695_2555,s2_n103_99,s4_n40_7,s1_below_4282,s1_below_2,s1_below_2001,s2_760_2075,s3_17_37,Passenger Car,s3_28_48,Not Deployed,s2_97_208,s1_below_1,Female,s2_37_80,s3_141_159,s2_164_318,s3_80_160,s3_4_5
15069,s3_1695_2555,s2_n103_99,s4_n40_7,s1_below_4282,s1_below_2,s2_2001_2003,s2_760_2075,s3_17_37,Truck (<=6000 lbs.),s3_28_48,Not Deployed,s2_97_208,s1_below_1,Male,s2_37_80,s3_141_159,s2_164_318,s2_40_80,s2_2_4
15070,s2_885_1695,s2_n103_99,s4_n40_7,s1_below_4282,s2_2_3,s1_below_2001,s3_2075_3730,s3_17_37,Passenger Car,s4_48_64,Deployed,s2_97_208,s1_below_1,Male,s3_80_96,s3_141_159,s2_164_318,s3_80_160,s2_2_4
15071,s2_885_1695,s2_n103_99,s4_n40_7,s1_below_4282,s1_below_2,s2_2001_2003,s2_760_2075,s3_17_37,Passenger Car,s4_48_64,Not Deployed,s2_97_208,s1_below_1,Female,s2_37_80,s3_141_159,s2_164_318,s3_80_160,s2_2_4
15072,s3_1695_2555,s2_n103_99,s4_n40_7,s1_below_4282,s3_3_4,s2_2001_2003,s3_2075_3730,s3_17_37,Truck (<=10000 lbs.),s3_28_48,Not Deployed,s2_97_208,s1_below_1,Male,s6_130_up,s4_159_169,s3_318_464,s3_80_160,s4_5_6
15073,s2_885_1695,s2_n103_99,s4_n40_7,s1_below_4282,s2_2_3,s1_below_2001,s2_760_2075,s4_37_47,Passenger Car,s4_48_64,Not Deployed,s2_97_208,s1_below_1,Male,s3_80_96,s3_141_159,s2_164_318,s3_80_160,s2_2_4
15074,s3_1695_2555,s2_n103_99,s4_n40_7,s1_below_4282,s3_3_4,s1_below_2001,s2_760_2075,s3_17_37,Passenger Car,s3_28_48,Deployed,s2_97_208,s1_below_1,Male,s4_96_114,s4_159_169,s2_164_318,s3_80_160,s2_2_4
15075,s3_1695_2555,s2_n103_99,s4_n40_7,s1_below_4282,s3_3_4,s1_below_2001,s2_760_2075,s4_37_47,Passenger Car,s3_28_48,Not Deployed,s2_97_208,s1_below_1,Male,s4_96_114,s4_159_169,s2_164_318,s2_40_80,s3_4_5
15076,s2_885_1695,s2_n103_99,s4_n40_7,s1_below_4282,s2_2_3,s2_2001_2003,s2_760_2075,s5_47_57,Passenger Car,s4_48_64,Not Deployed,s2_97_208,s1_below_1,Male,s2_37_80,s3_141_159,s2_164_318,s2_40_80,s2_2_4
15077,s3_1695_2555,s2_n103_99,s4_n40_7,s1_below_4282,s1_below_2,s1_below_2001,s2_760_2075,s3_17_37,Truck (<=6000 lbs.),s4_48_64,Not Deployed,s2_97_208,s1_below_1,Male,s3_80_96,s4_159_169,s2_164_318,s4_160_220,s3_4_5
15078,s2_885_1695,s2_n103_99,s4_n40_7,s1_below_4282,s1_below_2,s1_below_2001,s2_760_2075,s3_17_37,Truck (<=6000 lbs.),s3_28_48,Deployed,s2_97_208,s1_below_1,Female,s2_37_80,s4_159_169,s2_164_318,s4_160_220,s3_4_5
15079,s2_885_1695,s2_n103_99,s4_n40_7,s1_below_4282,s1_below_2,s2_2001_2003,s2_760_2075,s4_37_47,Truck (<=6000 lbs.),s2_11_28,Deployed,s2_97_208,s3_2_3,Female,s2_37_80,s3_141_159,s2_164_318,s2_40_80,s2_2_4
15080,s2_885_1695,s2_n103_99,s5_7_up,s1_below_4282,s2_2_3,s1_below_2001,s2_760_2075,s5_47_57,Passenger Car,s2_11_28,Not Deployed,s2_97_208,s1_below_1,Female,s2_37_80,s3_141_159,s2_164_318,s6_260_up,s2_2_4
15081,s2_885_1695,s2_n103_99,s4_n40_7,s1_below_4282,s1_below_2,s2_2001_2003,s3_2075_3730,s5_47_57,Passenger Car,s5_64_76,Deployed,s2_97_208,s1_below_1,Male,s2_37_80,s3_141_159,s2_164_318,s3_80_160,s2_2_4
15082,s5_3715_up,s2_n103_99,s4_n40_7,s1_below_4282,s1_below_2,s2_2001_2003,s2_760_2075,s4_37_47,Truck (<=10000 lbs.),s4_48_64,Deployed,s2_97_208,s1_below_1,Male,s2_37_80,s5_169_179,s3_318_464,s3_80_160,s4_5_6
15083,s2_885_1695,s2_n103_99,s4_n40_7,s1_below_4282,s1_below_2,s1_below_2001,s2_760_2075,s4_37_47,Truck (<=6000 lbs.),s2_11_28,Deployed,s2_97_208,s2_1_2,Male,s2_37_80,s2_116_141,s2_164_318,s4_160_220,s2_2_4
15084,s2_885_1695,s2_n103_99,s4_n40_7,s1_below_4282,s4_4_5,s2_2001_2003,s2_760_2075,s4_37_47,Passenger Car,s2_11_28,Not Deployed,s2_97_208,s1_below_1,Female,s2_37_80,s3_141_159,s2_164_318,s3_80_160,s2_2_4
15085,s2_885_1695,s2_n103_99,s4_n40_7,s1_below_4282,s1_below_2,s1_below_2001,s2_760_2075,s3_17_37,Passenger Car,s3_28_48,Not Deployed,s2_97_208,s1_below_1,Female,s2_37_80,s3_141_159,s2_164_318,s4_160_220,s2_2_4
15086,s2_885_1695,s2_n103_99,s4_n40_7,s1_below_4282,s1_below_2,s1_below_2001,s2_760_2075,s4_37_47,Passenger Car,s2_11_28,Not Deployed,s2_97_208,s1_below_1,Male,s3_80_96,s3_141_159,s2_164_318,s3_80_160,s2_2_4
15087,s3_1695_2555,s2_n103_99,s4_n40_7,s1_below_4282,s3_3_4,s2_2001_2003,s2_760_2075,s3_17_37,Truck (<=6000 lbs.),s4_48_64,Not Deployed,s2_97_208,s1_below_1,Male,s4_96_114,s4_159_169,s2_164_318,s4_160_220,s2_2_4
15088,s2_885_1695,s2_n103_99,s4_n40_7,s1_below_4282,s2_2_3,s2_2001_2003,s2_760_2075,s3_17_37,Passenger Car,s2_11_28,Deployed,s2_97_208,s1_below_1,Male,s2_37_80,s3_141_159,s2_164_318,s3_80_160,s2_2_4
15089,s2_885_1695,s2_n103_99,s4_n40_7,s1_below_4282,s2_2_3,s2_2001_2003,s3_2075_3730,s4_37_47,Passenger Car,s2_11_28,Not Deployed,s2_97_208,s1_below_1,Female,s2_37_80,s3_141_159,s2_164_318,s4_160_220,s2_2_4
15090,s3_1695_2555,s2_n103_99,s4_n40_7,s1_below_4282,s2_2_3,s2_2001_2003,s2_760_2075,s3_17_37,Truck (<=6000 lbs.),s4_48_64,Not Deployed,s2_97_208,s1_below_1,Male,s5_114_130,s3_141_159,s2_164_318,s3_80_160,s2_2_4
15091,s2_885_1695,s2_n103_99,s4_n40_7,s1_below_4282,s1_below_2,s1_below_2001,s2_760_2075,s5_47_57,Passenger Car,s2_11_28,Deployed,s2_97_208,s2_1_2,Female,s2_37_80,s3_141_159,s2_164_318,s3_80_160,s2_2_4
15092,s3_1695_2555,s2_n103_99,s4_n40_7,s1_below_4282,s1_below_2,s2_2001_2003,s3_2075_3730,s3_17_37,Passenger Car,s3_28_48,Not Deployed,s2_97_208,s1_below_1,Male,s3_80_96,s4_159_169,s2_164_318,s6_260_up,s2_2_4
15093,s2_885_1695,s2_n103_99,s4_n40_7,s1_below_4282,s3_3_4,s2_2001_2003,s2_760_2075,s4_37_47,Passenger Car,s3_28_48,Not Deployed,s2_97_208,s1_below_1,Male,s3_80_96,s3_141_159,s2_164_318,s3_80_160,s2_2_4
15094,s2_885_1695,s2_n103_99,s4_n40_7,s1_below_4282,s1_below_2,s2_2001_2003,s2_760_2075,s3_17_37,Passenger Car,s2_11_28,Deployed,s2_97_208,s1_below_1,Female,s2_37_80,s3_141_159,s2_164_318,s2_40_80,s2_2_4
15095,s3_1695_2555,s2_n103_99,s4_n40_7,s1_below_4282,s1_below_2,s2_2001_2003,s2_760_2075,s4_37_47,Truck (<=6000 lbs.),s4_48_64,Not Deployed,s2_97_208,s1_below_1,Male,s5_114_130,s3_141_159,s2_164_318,s3_80_160,s2_2_4
15096,s2_885_1695,s2_n103_99,s4_n40_7,s1_below_4282,s1_below_2,s1_below_2001,s2_760_2075,s3_17_37,Passenger Car,s5_64_76,Not Deployed,s2_97_208,s1_below_1,Female,s2_37_80,s3_141_159,s2_164_318,s2_40_80,s2_2_4
15097,s2_885_1695,s2_n103_99,s4_n40_7,s1_below_4282,s1_below_2,s1_below_2001,s2_760_2075,s4_37_47,Passenger Car,s6_76_up,Not Deployed,s2_97_208,s1_below_1,Male,s2_37_80,s3_141_159,s2_164_318,s4_160_220,s2_2_4
15098,s2_885_1695,s2_n103_99,s4_n40_7,s1_below_4282,s1_below_2,s2_2001_2003,s2_760_2075,s4_37_47,Passenger Car,s4_48_64,Not Deployed,s2_97_208,s1_below_1,Female,s2_37_80,s3_141_159,s2_164_318,s3_80_160,s2_2_4
15099,s2_885_1695,s2_n103_99,s5_7_up,s1_below_4282,s1_below_2,s1_below_2001,s2_760_2075,s4_37_47,Passenger Car,s4_48_64,Not Deployed,s2_97_208,s1_below_1,Female,s2_37_80,s3_141_159,s2_164_318,s6_260_up,s2_2_4
15100,s2_885_1695,s2_n103_99,s4_n40_7,s1_below_4282,s4_4_5,s2_2001_2003,s2_760_2075,s4_37_47,Passenger Car,s2_11_28,Deployed,s2_97_208,s1_below_1,Male,s4_96_114,s3_141_159,s2_164_318,s3_80_160,s2_2_4
15101,s2_885_1695,s2_n103_99,s4_n40_7,s1_below_4282,s1_below_2,s1_below_2001,s2_760_2075,s5_47_57,Passenger Car,s5_64_76,Not Deployed,s2_97_208,s1_below_1,Female,s2_37_80,s3_141_159,s2_164_318,s4_160_220,s2_2_4
15102,s2_885_1695,s2_n103_99,s4_n40_7,s1_below_4282,s3_3_4,s2_2001_2003,s2_760_2075,s3_17_37,Truck (<=6000 lbs.),s4_48_64,Not Deployed,s2_97_208,s1_below_1,Female,s2_37_80,s3_141_159,s2_164_318,s4_160_220,s2_2_4
15103,s2_885_1695,s2_n103_99,s4_n40_7,s1_below_4282,s1_below_2,s2_2001_2003,s2_760_2075,s3_17_37,Passenger Car,s2_11_28,Not Deployed,s2_97_208,s1_below_1,Male,s2_37_80,s3_141_159,s2_164_318,s4_160_220,s2_2_4
15104,s2_885_1695,s2_n103_99,s4_n40_7,s1_below_4282,s1_below_2,s2_2001_2003,s2_760_2075,s3_17_37,Passenger Car,s5_64_76,Not Deployed,s2_97_208,s2_1_2,Female,s2_37_80,s3_141_159,s2_164_318,s3_80_160,s2_2_4
15105,s2_885_1695,s2_n103_99,s4_n40_7,s1_below_4282,s1_below_2,s1_below_2001,s2_760_2075,s3_17_37,Passenger Car,s2_11_28,Deployed,s2_97_208,s1_below_1,Female,s2_37_80,s3_141_159,s2_164_318,s3_80_160,s2_2_4
15106,s2_885_1695,s2_n103_99,s4_n40_7,s1_below_4282,s2_2_3,s1_below_2001,s2_760_2075,s3_17_37,Passenger Car,s4_48_64,Not Deployed,s2_97_208,s1_below_1,Female,s2_37_80,s3_141_159,s2_164_318,s4_160_220,s2_2_4
15107,s2_885_1695,s2_n103_99,s4_n40_7,s1_below_4282,s1_below_2,s3_2003_2005,s2_760_2075,s3_17_37,Passenger Car,s3_28_48,Deployed,s2_97_208,s1_below_1,Female,s2_37_80,s3_141_159,s2_164_318,s3_80_160,s2_2_4
15108,s2_885_1695,s2_n103_99,s4_n40_7,s1_below_4282,s2_2_3,s1_below_2001,s2_760_2075,s3_17_37,Passenger Car,s4_48_64,Not Deployed,s2_97_208,s1_below_1,Female,s2_37_80,s3_141_159,s2_164_318,s3_80_160,s2_2_4
15109,s2_885_1695,s2_n103_99,s4_n40_7,s1_below_4282,s1_below_2,s2_2001_2003,s2_760_2075,s4_37_47,Passenger Car,s3_28_48,Not Deployed,s2_97_208,s1_below_1,Female,s2_37_80,s3_141_159,s2_164_318,s3_80_160,s2_2_4
15110,s2_885_1695,s2_n103_99,s4_n40_7,s1_below_4282,s1_below_2,s2_2001_2003,s2_760_2075,s3_17_37,Passenger Car,s3_28_48,Not Deployed,s2_97_208,s2_1_2,Female,s2_37_80,s3_141_159,s2_164_318,s3_80_160,s2_2_4
15111,s2_885_1695,s2_n103_99,s4_n40_7,s1_below_4282,s1_below_2,s1_below_2001,s2_760_2075,s3_17_37,Passenger Car,s2_11_28,Deployed,s2_97_208,s1_below_1,Male,s2_37_80,s3_141_159,s2_164_318,s4_160_220,s2_2_4
15112,s2_885_1695,s2_n103_99,s4_n40_7,s1_below_4282,s1_below_2,s2_2001_2003,s2_760_2075,s5_47_57,Passenger Car,s5_64_76,Not Deployed,s2_97_208,s1_below_1,Female,s2_37_80,s3_141_159,s2_164_318,s4_160_220,s2_2_4
15113,s2_885_1695,s2_n103_99,s4_n40_7,s1_below_4282,s4_4_5,s3_2003_2005,s2_760_2075,s3_17_37,Passenger Car,s2_11_28,Not Deployed,s2_97_208,s1_below_1,Male,s2_37_80,s3_141_159,s2_164_318,s3_80_160,s2_2_4
15114,s3_1695_2555,s2_n103_99,s3_n81_n40,s1_below_4282,s1_below_2,s2_2001_2003,s2_760_2075,s4_37_47,Passenger Car,s6_76_up,Deployed,s2_97_208,s4_3_4,Female,s2_37_80,s4_159_169,s2_164_318,s3_80_160,s2_2_4
15115,s2_885_1695,s2_n103_99,s4_n40_7,s1_below_4282,s3_3_4,s2_2001_2003,s2_760_2075,s3_17_37,Passenger Car,s3_28_48,Deployed,s2_97_208,s1_below_1,Male,s2_37_80,s3_141_159,s2_164_318,s3_80_160,s2_2_4
15116,s3_1695_2555,s2_n103_99,s4_n40_7,s1_below_4282,s4_4_5,s1_below_2001,s2_760_2075,s5_47_57,Passenger Car,s2_11_28,Deployed,s2_97_208,s1_below_1,Male,s4_96_114,s3_141_159,s2_164_318,s3_80_160,s2_2_4
15117,s2_885_1695,s2_n103_99,s4_n40_7,s1_below_4282,s3_3_4,s1_below_2001,s2_760_2075,s4_37_47,Passenger Car,s6_76_up,Not Deployed,s2_97_208,s1_below_1,Female,s2_37_80,s3_141_159,s2_164_318,s3_80_160,s2_2_4
15118,s2_885_1695,s2_n103_99,s3_n81_n40,s1_below_4282,s5_5_6,s2_2001_2003,s2_760_2075,s5_47_57,Passenger Car,s3_28_48,Deployed,s2_97_208,s1_below_1,Male,s2_37_80,s3_141_159,s2_164_318,s3_80_160,s2_2_4
15119,s2_885_1695,s2_n103_99,s5_7_up,s1_below_4282,s5_5_6,s2_2001_2003,s2_760_2075,s5_47_57,Passenger Car,s2_11_28,Not Deployed,s2_97_208,s1_below_1,Male,s2_37_80,s3_141_159,s2_164_318,s5_220_260,s2_2_4
15120,s2_885_1695,s2_n103_99,s4_n40_7,s1_below_4282,s1_below_2,s1_below_2001,s2_760_2075,s4_37_47,Passenger Car,s3_28_48,Deployed,s2_97_208,s1_below_1,Female,s2_37_80,s3_141_159,s2_164_318,s3_80_160,s2_2_4
15121,s3_1695_2555,s2_n103_99,s4_n40_7,s1_below_4282,s1_below_2,s2_2001_2003,s2_760_2075,s1_below_7,Truck (<=6000 lbs.),s2_11_28,Not Deployed,s2_97_208,s1_below_1,Female,s2_37_80,s3_141_159,s2_164_318,s2_40_80,s2_2_4
15122,s2_885_1695,s2_n103_99,s4_n40_7,s1_below_4282,s1_below_2,s2_2001_2003,s2_760_2075,s3_17_37,Passenger Car,s4_48_64,Deployed,s2_97_208,s1_below_1,Female,s3_80_96,s3_141_159,s2_164_318,s3_80_160,s2_2_4
15123,s2_885_1695,s2_n103_99,s4_n40_7,s1_below_4282,s1_below_2,s2_2001_2003,s3_2075_3730,s4_37_47,Passenger Car,s2_11_28,Not Deployed,s2_97_208,s1_below_1,Male,s3_80_96,s3_141_159,s2_164_318,s2_40_80,s2_2_4
15124,s3_1695_2555,s2_n103_99,s4_n40_7,s1_below_4282,s2_2_3,s2_2001_2003,s2_760_2075,s4_37_47,Truck (<=6000 lbs.),s4_48_64,Not Deployed,s2_97_208,s1_below_1,Male,s2_37_80,s3_141_159,s2_164_318,s2_40_80,s2_2_4
15125,s2_885_1695,s2_n103_99,s4_n40_7,s1_below_4282,s2_2_3,s1_below_2001,s2_760_2075,s4_37_47,Passenger Car,s3_28_48,Deployed,s2_97_208,s2_1_2,Female,s2_37_80,s3_141_159,s2_164_318,s3_80_160,s2_2_4
15126,s2_885_1695,s2_n103_99,s4_n40_7,s1_below_4282,s1_below_2,s1_below_2001,s2_760_2075,s3_17_37,Passenger Car,s3_28_48,Deployed,s2_97_208,s1_below_1,Female,s2_37_80,s3_141_159,s2_164_318,s3_80_160,s2_2_4
15127,s3_1695_2555,s2_n103_99,s4_n40_7,s1_below_4282,s1_below_2,s2_2001_2003,s3_2075_3730,s4_37_47,Truck (<=6000 lbs.),s3_28_48,Not Deployed,s2_97_208,s1_below_1,Female,s3_80_96,s3_141_159,s2_164_318,s3_80_160,s2_2_4
15128,s2_885_1695,s2_n103_99,s4_n40_7,s1_below_4282,s1_below_2,s1_below_2001,s3_2075_3730,s3_17_37,Passenger Car,s3_28_48,Not Deployed,s2_97_208,s2_1_2,Female,s2_37_80,s3_141_159,s2_164_318,s2_40_80,s2_2_4
15129,s2_885_1695,s2_n103_99,s4_n40_7,s1_below_4282,s1_below_2,s1_below_2001,s2_760_2075,s4_37_47,Passenger Car,s3_28_48,Deployed,s2_97_208,s1_below_1,Male,s3_80_96,s3_141_159,s2_164_318,s3_80_160,s2_2_4
15130,s2_885_1695,s2_n103_99,s4_n40_7,s1_below_4282,s1_below_2,s1_below_2001,s2_760_2075,s4_37_47,Passenger Car,s3_28_48,Not Deployed,s2_97_208,s1_below_1,Female,s2_37_80,s3_141_159,s2_164_318,s3_80_160,s2_2_4
15131,s2_885_1695,s2_n103_99,s4_n40_7,s1_below_4282,s1_below_2,s1_below_2001,s2_760_2075,s4_37_47,Passenger Car,s2_11_28,Deployed,s2_97_208,s1_below_1,Male,s2_37_80,s3_141_159,s2_164_318,s3_80_160,s2_2_4
15132,s3_1695_2555,s2_n103_99,s4_n40_7,s1_below_4282,s3_3_4,s2_2001_2003,s2_760_2075,s4_37_47,Truck (<=6000 lbs.),s3_28_48,Not Deployed,s2_97_208,s1_below_1,Male,s2_37_80,s4_159_169,s2_164_318,s3_80_160,s3_4_5
15133,s3_1695_2555,s2_n103_99,s4_n40_7,s1_below_4282,s1_below_2,s1_below_2001,s2_760_2075,s3_17_37,Truck (<=6000 lbs.),s4_48_64,Deployed,s2_97_208,s3_2_3,Male,s4_96_114,s3_141_159,s2_164_318,s3_80_160,s2_2_4
15134,s2_885_1695,s2_n103_99,s4_n40_7,s1_below_4282,s2_2_3,s1_below_2001,s2_760_2075,s3_17_37,Passenger Car,s5_64_76,Deployed,s2_97_208,s1_below_1,Female,s2_37_80,s3_141_159,s2_164_318,s6_260_up,s2_2_4
15135,s2_885_1695,s2_n103_99,s4_n40_7,s1_below_4282,s1_below_2,s2_2001_2003,s2_760_2075,s4_37_47,Passenger Car,s3_28_48,Not Deployed,s2_97_208,s1_below_1,Female,s2_37_80,s3_141_159,s2_164_318,s3_80_160,s2_2_4
15136,s3_1695_2555,s2_n103_99,s4_n40_7,s1_below_4282,s2_2_3,s2_2001_2003,s2_760_2075,s3_17_37,Truck (<=6000 lbs.),s3_28_48,Deployed,s2_97_208,s1_below_1,Female,s2_37_80,s3_141_159,s2_164_318,s3_80_160,s2_2_4
15137,s2_885_1695,s2_n103_99,s4_n40_7,s1_below_4282,s1_below_2,s2_2001_2003,s2_760_2075,s4_37_47,Passenger Car,s2_11_28,Not Deployed,s2_97_208,s1_below_1,Female,s2_37_80,s3_141_159,s2_164_318,s3_80_160,s2_2_4
15138,s2_885_1695,s2_n103_99,s4_n40_7,s1_below_4282,s4_4_5,s2_2001_2003,s2_760_2075,s4_37_47,Passenger Car,s4_48_64,Not Deployed,s2_97_208,s1_below_1,Female,s2_37_80,s3_141_159,s2_164_318,s3_80_160,s2_2_4
15139,s2_885_1695,s2_n103_99,s4_n40_7,s1_below_4282,s3_3_4,s1_below_2001,s2_760_2075,s4_37_47,Passenger Car,s3_28_48,Not Deployed,s2_97_208,s1_below_1,Female,s2_37_80,s3_141_159,s2_164_318,s3_80_160,s2_2_4
15140,s2_885_1695,s2_n103_99,s4_n40_7,s1_below_4282,s1_below_2,s2_2001_2003,s2_760_2075,s3_17_37,Passenger Car,s2_11_28,Deployed,s2_97_208,s1_below_1,Male,s3_80_96,s3_141_159,s2_164_318,s2_40_80,s2_2_4
15141,s3_1695_2555,s2_n103_99,s4_n40_7,s1_below_4282,s1_below_2,s1_below_2001,s2_760_2075,s3_17_37,Truck (<=6000 lbs.),s2_11_28,Not Deployed,s2_97_208,s1_below_1,Female,s2_37_80,s3_141_159,s2_164_318,s3_80_160,s2_2_4
15142,s2_885_1695,s2_n103_99,s4_n40_7,s1_below_4282,s1_below_2,s1_below_2001,s3_2075_3730,s3_17_37,Passenger Car,s4_48_64,Deployed,s2_97_208,s2_1_2,Female,s2_37_80,s3_141_159,s2_164_318,s3_80_160,s2_2_4
15143,s3_1695_2555,s2_n103_99,s4_n40_7,s1_below_4282,s1_below_2,s1_below_2001,s3_2075_3730,s4_37_47,Truck (<=10000 lbs.),s3_28_48,Not Deployed,s2_97_208,s1_below_1,Male,s4_96_114,s4_159_169,s2_164_318,s3_80_160,s3_4_5
15144,s2_885_1695,s2_n103_99,s4_n40_7,s1_below_4282,s1_below_2,s1_below_2001,s2_760_2075,s3_17_37,Passenger Car,s2_11_28,Deployed,s2_97_208,s1_below_1,Female,s2_37_80,s3_141_159,s2_164_318,s3_80_160,s2_2_4
15145,s3_1695_2555,s2_n103_99,s4_n40_7,s1_below_4282,s5_5_6,s1_below_2001,s2_760_2075,s4_37_47,Truck (<=6000 lbs.),s2_11_28,Not Deployed,s2_97_208,s1_below_1,Female,s2_37_80,s3_141_159,s2_164_318,s4_160_220,s2_2_4
15146,s2_885_1695,s2_n103_99,s4_n40_7,s1_below_4282,s3_3_4,s2_2001_2003,s2_760_2075,s4_37_47,Passenger Car,s3_28_48,Not Deployed,s2_97_208,s1_below_1,Male,s3_80_96,s3_141_159,s2_164_318,s3_80_160,s2_2_4
15147,s3_1695_2555,s2_n103_99,s5_7_up,s1_below_4282,s1_below_2,s1_below_2001,s2_760_2075,s3_17_37,Truck (<=10000 lbs.),s4_48_64,Not Deployed,s2_97_208,s1_below_1,Male,s4_96_114,s4_159_169,s2_164_318,s5_220_260,s2_2_4
15148,s2_885_1695,s2_n103_99,s4_n40_7,s1_below_4282,s1_below_2,s2_2001_2003,s2_760_2075,s4_37_47,Passenger Car,s3_28_48,Not Deployed,s2_97_208,s1_below_1,Male,s3_80_96,s3_141_159,s2_164_318,s3_80_160,s2_2_4
15149,s2_885_1695,s2_n103_99,s4_n40_7,s1_below_4282,s1_below_2,s1_below_2001,s2_760_2075,s3_17_37,Passenger Car,s2_11_28,Deployed,s2_97_208,s2_1_2,Male,s3_80_96,s3_141_159,s2_164_318,s4_160_220,s2_2_4
15150,s2_885_1695,s2_n103_99,s4_n40_7,s1_below_4282,s1_below_2,s1_below_2001,s2_760_2075,s3_17_37,Passenger Car,s3_28_48,Deployed,s2_97_208,s1_below_1,Female,s2_37_80,s3_141_159,s2_164_318,s3_80_160,s2_2_4
15151,s3_1695_2555,s2_n103_99,s4_n40_7,s1_below_4282,s4_4_5,s1_below_2001,s2_760_2075,s4_37_47,Truck (<=10000 lbs.),s2_11_28,Not Deployed,s2_97_208,s1_below_1,Male,s2_37_80,s4_159_169,s3_318_464,s3_80_160,s4_5_6
15152,s2_885_1695,s2_n103_99,s4_n40_7,s1_below_4282,s3_3_4,s2_2001_2003,s2_760_2075,s4_37_47,Passenger Car,s3_28_48,Deployed,s2_97_208,s1_below_1,Female,s2_37_80,s3_141_159,s2_164_318,s3_80_160,s2_2_4
15153,s2_885_1695,s2_n103_99,s4_n40_7,s1_below_4282,s1_below_2,s2_2001_2003,s2_760_2075,s5_47_57,Passenger Car,s2_11_28,Deployed,s2_97_208,s1_below_1,Female,s4_96_114,s3_141_159,s2_164_318,s3_80_160,s2_2_4
15154,s2_885_1695,s2_n103_99,s4_n40_7,s1_below_4282,s3_3_4,s1_below_2001,s2_760_2075,s4_37_47,Truck (<=6000 lbs.),s3_28_48,Deployed,s2_97_208,s1_below_1,Male,s2_37_80,s3_141_159,s2_164_318,s3_80_160,s2_2_4
15155,s2_885_1695,s2_n103_99,s4_n40_7,s1_below_4282,s3_3_4,s2_2001_2003,s2_760_2075,s4_37_47,Passenger Car,s2_11_28,Deployed,s2_97_208,s1_below_1,Female,s2_37_80,s3_141_159,s2_164_318,s4_160_220,s2_2_4
15156,s4_2555_3715,s2_n103_99,s4_n40_7,s1_below_4282,s1_below_2,s2_2001_2003,s2_760_2075,s3_17_37,Truck (<=10000 lbs.),s3_28_48,Not Deployed,s2_97_208,s1_below_1,Female,s2_37_80,s5_169_179,s2_164_318,s3_80_160,s4_5_6
15157,s3_1695_2555,s2_n103_99,s4_n40_7,s1_below_4282,s1_below_2,s2_2001_2003,s2_760_2075,s4_37_47,Truck (<=6000 lbs.),s3_28_48,Deployed,s2_97_208,s1_below_1,Female,s3_80_96,s3_141_159,s2_164_318,s3_80_160,s2_2_4
15158,s2_885_1695,s2_n103_99,s4_n40_7,s1_below_4282,s1_below_2,s2_2001_2003,s2_760_2075,s3_17_37,Passenger Car,s3_28_48,Not Deployed,s2_97_208,s1_below_1,Male,s2_37_80,s3_141_159,s2_164_318,s2_40_80,s2_2_4
15159,s2_885_1695,s2_n103_99,s4_n40_7,s1_below_4282,s1_below_2,s2_2001_2003,s2_760_2075,s4_37_47,Passenger Car,s2_11_28,Deployed,s2_97_208,s1_below_1,Male,s3_80_96,s3_141_159,s2_164_318,s3_80_160,s2_2_4
15160,s2_885_1695,s2_n103_99,s4_n40_7,s1_below_4282,s1_below_2,s2_2001_2003,s2_760_2075,s3_17_37,Passenger Car,s2_11_28,Deployed,s2_97_208,s1_below_1,Female,s2_37_80,s3_141_159,s2_164_318,s3_80_160,s2_2_4
15161,s3_1695_2555,s2_n103_99,s4_n40_7,s1_below_4282,s1_below_2,s1_below_2001,s2_760_2075,s1_below_7,Truck (<=10000 lbs.),s3_28_48,Deployed,s2_97_208,s1_below_1,Male,s3_80_96,s5_169_179,s3_318_464,s3_80_160,s4_5_6
15162,s2_885_1695,s2_n103_99,s4_n40_7,s1_below_4282,s1_below_2,s1_below_2001,s2_760_2075,s4_37_47,Passenger Car,s3_28_48,Deployed,s2_97_208,s1_below_1,Male,s3_80_96,s3_141_159,s2_164_318,s3_80_160,s2_2_4
15163,s3_1695_2555,s2_n103_99,s4_n40_7,s1_below_4282,s1_below_2,s1_below_2001,s2_760_2075,s4_37_47,Truck (<=6000 lbs.),s3_28_48,Not Deployed,s2_97_208,s1_below_1,Female,s5_114_130,s3_141_159,s2_164_318,s2_40_80,s3_4_5
15164,s2_885_1695,s2_n103_99,s4_n40_7,s1_below_4282,s1_below_2,s2_2001_2003,s2_760_2075,s3_17_37,Truck (<=6000 lbs.),s2_11_28,Not Deployed,s2_97_208,s1_below_1,Male,s2_37_80,s3_141_159,s2_164_318,s3_80_160,s2_2_4
15165,s2_885_1695,s2_n103_99,s5_7_up,s1_below_4282,s1_below_2,s1_below_2001,s3_2075_3730,s3_17_37,Passenger Car,s3_28_48,Not Deployed,s2_97_208,s1_below_1,Female,s2_37_80,s3_141_159,s2_164_318,s6_260_up,s2_2_4
15166,s2_885_1695,s2_n103_99,s4_n40_7,s1_below_4282,s1_below_2,s1_below_2001,s2_760_2075,s3_17_37,Passenger Car,s4_48_64,Not Deployed,s2_97_208,s1_below_1,Female,s3_80_96,s3_141_159,s2_164_318,s3_80_160,s2_2_4
15167,s2_885_1695,s2_n103_99,s4_n40_7,s1_below_4282,s3_3_4,s2_2001_2003,s2_760_2075,s4_37_47,Truck (<=6000 lbs.),s4_48_64,Not Deployed,s2_97_208,s1_below_1,Female,s2_37_80,s3_141_159,s2_164_318,s3_80_160,s2_2_4
15168,s2_885_1695,s2_n103_99,s4_n40_7,s1_below_4282,s1_below_2,s2_2001_2003,s2_760_2075,s3_17_37,Passenger Car,s2_11_28,Not Deployed,s2_97_208,s1_below_1,Female,s2_37_80,s3_141_159,s2_164_318,s3_80_160,s2_2_4
15169,s3_1695_2555,s2_n103_99,s4_n40_7,s1_below_4282,s1_below_2,s1_below_2001,s2_760_2075,s3_17_37,Truck (<=6000 lbs.),s4_48_64,Not Deployed,s2_97_208,s1_below_1,Female,s2_37_80,s4_159_169,s2_164_318,s3_80_160,s2_2_4
15170,s3_1695_2555,s2_n103_99,s4_n40_7,s1_below_4282,s1_below_2,s1_below_2001,s2_760_2075,s3_17_37,Passenger Car,s2_11_28,Not Deployed,s2_97_208,s1_below_1,Male,s5_114_130,s3_141_159,s2_164_318,s3_80_160,s2_2_4
15171,s2_885_1695,s2_n103_99,s4_n40_7,s1_below_4282,s1_below_2,s2_2001_2003,s2_760_2075,s2_7_17,Passenger Car,s2_11_28,Deployed,s2_97_208,s1_below_1,Male,s3_80_96,s3_141_159,s2_164_318,s3_80_160,s2_2_4
15172,s3_1695_2555,s2_n103_99,s4_n40_7,s1_below_4282,s4_4_5,s1_below_2001,s2_760_2075,s4_37_47,Truck (<=6000 lbs.),s3_28_48,Not Deployed,s2_97_208,s1_below_1,Female,s2_37_80,s4_159_169,s2_164_318,s4_160_220,s2_2_4
15173,s2_885_1695,s2_n103_99,s4_n40_7,s1_below_4282,s1_below_2,s2_2001_2003,s3_2075_3730,s3_17_37,Passenger Car,s5_64_76,Deployed,s2_97_208,s1_below_1,Male,s2_37_80,s3_141_159,s2_164_318,s3_80_160,s2_2_4
15174,s2_885_1695,s2_n103_99,s4_n40_7,s1_below_4282,s1_below_2,s2_2001_2003,s2_760_2075,s3_17_37,Passenger Car,s2_11_28,Deployed,s2_97_208,s1_below_1,Male,s4_96_114,s3_141_159,s2_164_318,s3_80_160,s2_2_4
15175,s2_885_1695,s2_n103_99,s4_n40_7,s1_below_4282,s2_2_3,s1_below_2001,s2_760_2075,s3_17_37,Passenger Car,s3_28_48,Deployed,s2_97_208,s1_below_1,Male,s2_37_80,s3_141_159,s2_164_318,s3_80_160,s2_2_4
15176,s2_885_1695,s2_n103_99,s4_n40_7,s1_below_4282,s1_below_2,s1_below_2001,s2_760_2075,s3_17_37,Passenger Car,s2_11_28,Deployed,s2_97_208,s1_below_1,Male,s2_37_80,s3_141_159,s2_164_318,s3_80_160,s2_2_4
15177,s2_885_1695,s2_n103_99,s4_n40_7,s1_below_4282,s3_3_4,s1_below_2001,s2_760_2075,s3_17_37,Passenger Car,s2_11_28,Deployed,s2_97_208,s1_below_1,Male,s2_37_80,s3_141_159,s2_164_318,s3_80_160,s2_2_4
15178,s2_885_1695,s2_n103_99,s4_n40_7,s1_below_4282,s1_below_2,s2_2001_2003,s2_760_2075,s3_17_37,Passenger Car,s2_11_28,Deployed,s2_97_208,s5_4_5,Male,s3_80_96,s3_141_159,s2_164_318,s3_80_160,s2_2_4
15179,s3_1695_2555,s2_n103_99,s4_n40_7,s1_below_4282,s1_below_2,s1_below_2001,s3_2075_3730,s3_17_37,Truck (<=6000 lbs.),s3_28_48,Not Deployed,s2_97_208,s1_below_1,Female,s2_37_80,s3_141_159,s2_164_318,s3_80_160,s2_2_4
15180,s2_885_1695,s2_n103_99,s4_n40_7,s1_below_4282,s1_below_2,s1_below_2001,s2_760_2075,s3_17_37,Passenger Car,s4_48_64,Not Deployed,s2_97_208,s1_below_1,Female,s2_37_80,s3_141_159,s2_164_318,s3_80_160,s2_2_4
15181,s2_885_1695,s2_n103_99,s4_n40_7,s1_below_4282,s1_below_2,s2_2001_2003,s2_760_2075,s3_17_37,Passenger Car,s2_11_28,Deployed,s2_97_208,s1_below_1,Female,s2_37_80,s3_141_159,s2_164_318,s3_80_160,s2_2_4
15182,s3_1695_2555,s2_n103_99,s4_n40_7,s1_below_4282,s1_below_2,s2_2001_2003,s2_760_2075,s3_17_37,Passenger Car,s4_48_64,Not Deployed,s2_97_208,s1_below_1,Female,s2_37_80,s4_159_169,s2_164_318,s3_80_160,s2_2_4
15183,s2_885_1695,s2_n103_99,s4_n40_7,s1_below_4282,s1_below_2,s2_2001_2003,s2_760_2075,s3_17_37,Passenger Car,s2_11_28,Not Deployed,s2_97_208,s1_below_1,Male,s2_37_80,s3_141_159,s2_164_318,s3_80_160,s2_2_4
15184,s3_1695_2555,s2_n103_99,s4_n40_7,s1_below_4282,s5_5_6,s2_2001_2003,s2_760_2075,s3_17_37,Truck (<=6000 lbs.),s2_11_28,Deployed,s2_97_208,s1_below_1,Male,s3_80_96,s3_141_159,s2_164_318,s3_80_160,s2_2_4
15185,s2_885_1695,s2_n103_99,s4_n40_7,s1_below_4282,s2_2_3,s1_below_2001,s2_760_2075,s3_17_37,Passenger Car,s3_28_48,Deployed,s2_97_208,s4_3_4,Female,s2_37_80,s3_141_159,s2_164_318,s2_40_80,s2_2_4
15186,s2_885_1695,s2_n103_99,s4_n40_7,s1_below_4282,s5_5_6,s2_2001_2003,s2_760_2075,s3_17_37,Passenger Car,s4_48_64,Deployed,s2_97_208,s1_below_1,Female,s3_80_96,s3_141_159,s2_164_318,s3_80_160,s2_2_4
15187,s2_885_1695,s2_n103_99,s5_7_up,s1_below_4282,s3_3_4,s2_2001_2003,s3_2075_3730,s3_17_37,Passenger Car,s2_11_28,Not Deployed,s2_97_208,s4_3_4,Male,s2_37_80,s3_141_159,s2_164_318,s6_260_up,s2_2_4
15188,s2_885_1695,s2_n103_99,s4_n40_7,s1_below_4282,s1_below_2,s2_2001_2003,s2_760_2075,s3_17_37,Passenger Car,s2_11_28,Deployed,s2_97_208,s1_below_1,Female,s3_80_96,s3_141_159,s2_164_318,s4_160_220,s2_2_4
15189,s3_1695_2555,s2_n103_99,s4_n40_7,s1_below_4282,s1_below_2,s1_below_2001,s2_760_2075,s3_17_37,Truck (<=6000 lbs.),s3_28_48,Not Deployed,s2_97_208,s1_below_1,Male,s3_80_96,s3_141_159,s2_164_318,s3_80_160,s2_2_4
15190,s2_885_1695,s2_n103_99,s4_n40_7,s1_below_4282,s1_below_2,s1_below_2001,s2_760_2075,s3_17_37,Passenger Car,s5_64_76,Not Deployed,s2_97_208,s1_below_1,Female,s3_80_96,s3_141_159,s2_164_318,s3_80_160,s2_2_4
15191,s2_885_1695,s2_n103_99,s4_n40_7,s1_below_4282,s1_below_2,s3_2003_2005,s2_760_2075,s4_37_47,Passenger Car,s2_11_28,Deployed,s2_97_208,s1_below_1,Male,s3_80_96,s2_116_141,s2_164_318,s3_80_160,s2_2_4
15192,s2_885_1695,s2_n103_99,s4_n40_7,s1_below_4282,s1_below_2,s1_below_2001,s2_760_2075,s3_17_37,Passenger Car,s2_11_28,Deployed,s2_97_208,s1_below_1,Female,s2_37_80,s3_141_159,s2_164_318,s3_80_160,s2_2_4
15193,s2_885_1695,s2_n103_99,s4_n40_7,s1_below_4282,s2_2_3,s1_below_2001,s2_760_2075,s3_17_37,Passenger Car,s2_11_28,Not Deployed,s2_97_208,s1_below_1,Female,s2_37_80,s3_141_159,s2_164_318,s3_80_160,s2_2_4
15194,s3_1695_2555,s2_n103_99,s4_n40_7,s1_below_4282,s3_3_4,s2_2001_2003,s2_760_2075,s4_37_47,Truck (<=6000 lbs.),s6_76_up,Not Deployed,s2_97_208,s2_1_2,Male,s4_96_114,s3_141_159,s2_164_318,s3_80_160,s2_2_4
15195,s2_885_1695,s2_n103_99,s4_n40_7,s1_below_4282,s2_2_3,s2_2001_2003,s2_760_2075,s2_7_17,Passenger Car,s6_76_up,Deployed,s2_97_208,s1_below_1,Male,s3_80_96,s3_141_159,s2_164_318,s2_40_80,s2_2_4
15196,s2_885_1695,s2_n103_99,s4_n40_7,s1_below_4282,s1_below_2,s1_below_2001,s2_760_2075,s3_17_37,Passenger Car,s4_48_64,Not Deployed,s2_97_208,s1_below_1,Male,s3_80_96,s3_141_159,s2_164_318,s3_80_160,s2_2_4
15197,s3_1695_2555,s2_n103_99,s4_n40_7,s1_below_4282,s2_2_3,s1_below_2001,s2_760_2075,s3_17_37,Truck (<=6000 lbs.),s6_76_up,Not Deployed,s2_97_208,s1_below_1,Male,s3_80_96,s4_159_169,s2_164_318,s4_160_220,s3_4_5
15198,s2_885_1695,s2_n103_99,s4_n40_7,s1_below_4282,s2_2_3,s2_2001_2003,s2_760_2075,s3_17_37,Truck (<=6000 lbs.),s3_28_48,Deployed,s2_97_208,s1_below_1,Male,s3_80_96,s3_141_159,s3_318_464,s3_80_160,s3_4_5
15199,s2_885_1695,s2_n103_99,s4_n40_7,s1_below_4282,s4_4_5,s1_below_2001,s2_760_2075,s4_37_47,Passenger Car,s6_76_up,Deployed,s2_97_208,s1_below_1,Female,s2_37_80,s3_141_159,s2_164_318,s3_80_160,s2_2_4
15200,s2_885_1695,s2_n103_99,s4_n40_7,s1_below_4282,s1_below_2,s2_2001_2003,s2_760_2075,s3_17_37,Passenger Car,s3_28_48,Not Deployed,s2_97_208,s1_below_1,Female,s2_37_80,s3_141_159,s2_164_318,s3_80_160,s2_2_4
15201,s3_1695_2555,s2_n103_99,s4_n40_7,s1_below_4282,s1_below_2,s1_below_2001,s2_760_2075,s3_17_37,Truck (<=6000 lbs.),s3_28_48,Not Deployed,s2_97_208,s1_below_1,Male,s3_80_96,s3_141_159,s2_164_318,s3_80_160,s2_2_4
15202,s2_885_1695,s2_n103_99,s5_7_up,s1_below_4282,s1_below_2,s2_2001_2003,s2_760_2075,s3_17_37,Passenger Car,s2_11_28,Not Deployed,s2_97_208,s1_below_1,Female,s2_37_80,s3_141_159,s2_164_318,s4_160_220,s2_2_4
15203,s2_885_1695,s2_n103_99,s4_n40_7,s1_below_4282,s1_below_2,s2_2001_2003,s2_760_2075,s3_17_37,Passenger Car,s3_28_48,Not Deployed,s2_97_208,s1_below_1,Male,s2_37_80,s3_141_159,s2_164_318,s2_40_80,s2_2_4
15204,s3_1695_2555,s2_n103_99,s4_n40_7,s1_below_4282,s3_3_4,s1_below_2001,s2_760_2075,s4_37_47,Truck (<=6000 lbs.),s5_64_76,Deployed,s2_97_208,s1_below_1,Male,s3_80_96,s3_141_159,s2_164_318,s3_80_160,s2_2_4
15205,s2_885_1695,s2_n103_99,s4_n40_7,s1_below_4282,s1_below_2,s2_2001_2003,s2_760_2075,s3_17_37,Passenger Car,s3_28_48,Deployed,s2_97_208,s1_below_1,Female,s3_80_96,s3_141_159,s2_164_318,s3_80_160,s2_2_4
15206,s2_885_1695,s2_n103_99,s4_n40_7,s1_below_4282,s1_below_2,s1_below_2001,s2_760_2075,s3_17_37,Truck (<=6000 lbs.),s3_28_48,Not Deployed,s2_97_208,s1_below_1,Female,s2_37_80,s3_141_159,s2_164_318,s4_160_220,s2_2_4
15207,s2_885_1695,s2_n103_99,s4_n40_7,s1_below_4282,s1_below_2,s1_below_2001,s2_760_2075,s3_17_37,Passenger Car,s3_28_48,Deployed,s2_97_208,s1_below_1,Male,s4_96_114,s3_141_159,s2_164_318,s3_80_160,s2_2_4
15208,s2_885_1695,s2_n103_99,s4_n40_7,s1_below_4282,s1_below_2,s1_below_2001,s2_760_2075,s3_17_37,Passenger Car,s6_76_up,Not Deployed,s2_97_208,s1_below_1,Female,s2_37_80,s3_141_159,s2_164_318,s3_80_160,s2_2_4
15209,s3_1695_2555,s2_n103_99,s4_n40_7,s1_below_4282,s3_3_4,s2_2001_2003,s2_760_2075,s3_17_37,Passenger Car,s3_28_48,Deployed,s2_97_208,s1_below_1,Male,s4_96_114,s3_141_159,s2_164_318,s3_80_160,s2_2_4
15210,s3_1695_2555,s2_n103_99,s4_n40_7,s1_below_4282,s3_3_4,s2_2001_2003,s2_760_2075,s4_37_47,Truck (<=10000 lbs.),s6_76_up,Deployed,s2_97_208,s1_below_1,Male,s2_37_80,s5_169_179,s3_318_464,s3_80_160,s4_5_6
15211,s2_885_1695,s2_n103_99,s4_n40_7,s1_below_4282,s3_3_4,s2_2001_2003,s2_760_2075,s4_37_47,Passenger Car,s2_11_28,Deployed,s2_97_208,s1_below_1,Female,s2_37_80,s3_141_159,s2_164_318,s3_80_160,s2_2_4
15212,s2_885_1695,s2_n103_99,s4_n40_7,s1_below_4282,s1_below_2,s1_below_2001,s3_2075_3730,s3_17_37,Truck (<=6000 lbs.),s2_11_28,Deployed,s2_97_208,s1_below_1,Female,s2_37_80,s3_141_159,s2_164_318,s3_80_160,s2_2_4
15213,s2_885_1695,s2_n103_99,s4_n40_7,s1_below_4282,s1_below_2,s2_2001_2003,s2_760_2075,s4_37_47,Truck (<=6000 lbs.),s4_48_64,Deployed,s2_97_208,s1_below_1,Female,s2_37_80,s3_141_159,s2_164_318,s4_160_220,s2_2_4
15214,s2_885_1695,s2_n103_99,s4_n40_7,s1_below_4282,s1_below_2,s2_2001_2003,s2_760_2075,s3_17_37,Passenger Car,s3_28_48,Not Deployed,s2_97_208,s1_below_1,Male,s3_80_96,s3_141_159,s2_164_318,s3_80_160,s2_2_4
15215,s2_885_1695,s2_n103_99,s4_n40_7,s1_below_4282,s2_2_3,s2_2001_2003,s2_760_2075,s3_17_37,Passenger Car,s2_11_28,Deployed,s2_97_208,s1_below_1,Female,s2_37_80,s3_141_159,s2_164_318,s4_160_220,s2_2_4
15216,s2_885_1695,s2_n103_99,s4_n40_7,s1_below_4282,s3_3_4,s1_below_2001,s2_760_2075,s3_17_37,Passenger Car,s2_11_28,Deployed,s2_97_208,s1_below_1,Male,s5_114_130,s3_141_159,s2_164_318,s3_80_160,s2_2_4
15217,s2_885_1695,s2_n103_99,s4_n40_7,s1_below_4282,s1_below_2,s1_below_2001,s2_760_2075,s3_17_37,Passenger Car,s3_28_48,Not Deployed,s2_97_208,s1_below_1,Female,s2_37_80,s3_141_159,s2_164_318,s5_220_260,s2_2_4
15218,s2_885_1695,s2_n103_99,s4_n40_7,s1_below_4282,s3_3_4,s2_2001_2003,s2_760_2075,s4_37_47,Passenger Car,s5_64_76,Not Deployed,s2_97_208,s1_below_1,Female,s3_80_96,s3_141_159,s2_164_318,s4_160_220,s2_2_4
15219,s3_1695_2555,s2_n103_99,s4_n40_7,s1_below_4282,s1_below_2,s2_2001_2003,s3_2075_3730,s3_17_37,Truck (<=10000 lbs.),s3_28_48,Deployed,s2_97_208,s2_1_2,Male,s3_80_96,s4_159_169,s3_318_464,s3_80_160,s4_5_6
15220,s4_2555_3715,s2_n103_99,s4_n40_7,s1_below_4282,s3_3_4,s2_2001_2003,s2_760_2075,s3_17_37,Passenger Car,s2_11_28,Deployed,s2_97_208,s1_below_1,Male,s2_37_80,s3_141_159,s2_164_318,s3_80_160,s2_2_4
15221,s2_885_1695,s2_n103_99,s4_n40_7,s1_below_4282,s1_below_2,s2_2001_2003,s2_760_2075,s2_7_17,Passenger Car,s4_48_64,Not Deployed,s2_97_208,s1_below_1,Male,s3_80_96,s3_141_159,s2_164_318,s3_80_160,s2_2_4
15222,s2_885_1695,s2_n103_99,s4_n40_7,s1_below_4282,s1_below_2,s1_below_2001,s2_760_2075,s3_17_37,Passenger Car,s4_48_64,Deployed,s2_97_208,s2_1_2,Female,s4_96_114,s3_141_159,s2_164_318,s3_80_160,s2_2_4
15223,s2_885_1695,s2_n103_99,s4_n40_7,s1_below_4282,s1_below_2,s2_2001_2003,s2_760_2075,s3_17_37,Passenger Car,s3_28_48,Not Deployed,s2_97_208,s1_below_1,Male,s3_80_96,s3_141_159,s2_164_318,s3_80_160,s2_2_4
15224,s2_885_1695,s2_n103_99,s4_n40_7,s1_below_4282,s1_below_2,s2_2001_2003,s2_760_2075,s3_17_37,Passenger Car,s5_64_76,Deployed,s2_97_208,s1_below_1,Male,s2_37_80,s3_141_159,s2_164_318,s3_80_160,s2_2_4
15225,s2_885_1695,s2_n103_99,s4_n40_7,s1_below_4282,s1_below_2,s2_2001_2003,s2_760_2075,s3_17_37,Passenger Car,s2_11_28,Deployed,s2_97_208,s1_below_1,Male,s2_37_80,s3_141_159,s2_164_318,s3_80_160,s2_2_4
15226,s2_885_1695,s2_n103_99,s4_n40_7,s1_below_4282,s1_below_2,s2_2001_2003,s2_760_2075,s3_17_37,Passenger Car,s3_28_48,Deployed,s2_97_208,s1_below_1,Female,s2_37_80,s3_141_159,s2_164_318,s2_40_80,s2_2_4
15227,s2_885_1695,s2_n103_99,s4_n40_7,s1_below_4282,s1_below_2,s1_below_2001,s2_760_2075,s3_17_37,Passenger Car,s3_28_48,Not Deployed,s2_97_208,s1_below_1,Female,s2_37_80,s3_141_159,s2_164_318,s3_80_160,s2_2_4
15228,s2_885_1695,s2_n103_99,s4_n40_7,s1_below_4282,s3_3_4,s1_below_2001,s2_760_2075,s3_17_37,Passenger Car,s2_11_28,Not Deployed,s2_97_208,s1_below_1,Female,s2_37_80,s3_141_159,s2_164_318,s3_80_160,s2_2_4
15229,s2_885_1695,s2_n103_99,s4_n40_7,s1_below_4282,s1_below_2,s1_below_2001,s2_760_2075,s3_17_37,Passenger Car,s4_48_64,Not Deployed,s2_97_208,s1_below_1,Female,s3_80_96,s3_141_159,s2_164_318,s5_220_260,s2_2_4
15230,s2_885_1695,s2_n103_99,s4_n40_7,s1_below_4282,s1_below_2,s2_2001_2003,s2_760_2075,s3_17_37,Passenger Car,s3_28_48,Not Deployed,s2_97_208,s1_below_1,Male,s3_80_96,s3_141_159,s2_164_318,s3_80_160,s2_2_4
15231,s2_885_1695,s2_n103_99,s4_n40_7,s1_below_4282,s1_below_2,s1_below_2001,s2_760_2075,s3_17_37,Passenger Car,s2_11_28,Not Deployed,s2_97_208,s1_below_1,Male,s2_37_80,s3_141_159,s2_164_318,s2_40_80,s2_2_4
15232,s2_885_1695,s2_n103_99,s4_n40_7,s1_below_4282,s1_below_2,s2_2001_2003,s3_2075_3730,s3_17_37,Truck (<=6000 lbs.),s5_64_76,Deployed,s2_97_208,s2_1_2,Female,s3_80_96,s3_141_159,s2_164_318,s3_80_160,s2_2_4
15233,s2_885_1695,s2_n103_99,s4_n40_7,s1_below_4282,s1_below_2,s2_2001_2003,s2_760_2075,s3_17_37,Passenger Car,s3_28_48,Not Deployed,s2_97_208,s1_below_1,Male,s2_37_80,s3_141_159,s2_164_318,s4_160_220,s2_2_4
15234,s2_885_1695,s2_n103_99,s4_n40_7,s1_below_4282,s3_3_4,s2_2001_2003,s2_760_2075,s4_37_47,Passenger Car,s6_76_up,Not Deployed,s2_97_208,s1_below_1,Male,s3_80_96,s3_141_159,s2_164_318,s4_160_220,s2_2_4
15235,s2_885_1695,s2_n103_99,s4_n40_7,s1_below_4282,s3_3_4,s1_below_2001,s2_760_2075,s4_37_47,Passenger Car,s2_11_28,Not Deployed,s2_97_208,s1_below_1,Female,s3_80_96,s3_141_159,s2_164_318,s3_80_160,s2_2_4
15236,s2_885_1695,s2_n103_99,s4_n40_7,s1_below_4282,s1_below_2,s2_2001_2003,s2_760_2075,s3_17_37,Passenger Car,s4_48_64,Deployed,s2_97_208,s1_below_1,Female,s2_37_80,s3_141_159,s2_164_318,s3_80_160,s2_2_4
15237,s2_885_1695,s2_n103_99,s5_7_up,s1_below_4282,s3_3_4,s1_below_2001,s2_760_2075,s4_37_47,Passenger Car,s2_11_28,Not Deployed,s2_97_208,s1_below_1,Female,s2_37_80,s3_141_159,s2_164_318,s6_260_up,s2_2_4
15238,s2_885_1695,s2_n103_99,s4_n40_7,s1_below_4282,s1_below_2,s1_below_2001,s2_760_2075,s3_17_37,Passenger Car,s3_28_48,Not Deployed,s2_97_208,s1_below_1,Female,s2_37_80,s3_141_159,s2_164_318,s3_80_160,s2_2_4
15239,s2_885_1695,s2_n103_99,s4_n40_7,s1_below_4282,s3_3_4,s1_below_2001,s2_760_2075,s4_37_47,Passenger Car,s6_76_up,Not Deployed,s2_97_208,s1_below_1,Female,s2_37_80,s3_141_159,s2_164_318,s3_80_160,s2_2_4
15240,s3_1695_2555,s2_n103_99,s4_n40_7,s1_below_4282,s1_below_2,s1_below_2001,s2_760_2075,s4_37_47,Truck (<=6000 lbs.),s4_48_64,Not Deployed,s2_97_208,s1_below_1,Male,s5_114_130,s3_141_159,s3_318_464,s2_40_80,s3_4_5
15241,s3_1695_2555,s2_n103_99,s5_7_up,s1_below_4282,s1_below_2,s1_below_2001,s2_760_2075,s4_37_47,Truck (<=6000 lbs.),s3_28_48,Not Deployed,s2_97_208,s1_below_1,Female,s2_37_80,s4_159_169,s2_164_318,s6_260_up,s3_4_5
15242,s2_885_1695,s2_n103_99,s4_n40_7,s1_below_4282,s1_below_2,s1_below_2001,s3_2075_3730,s3_17_37,Passenger Car,s4_48_64,Deployed,s2_97_208,s3_2_3,Female,s2_37_80,s3_141_159,s2_164_318,s4_160_220,s2_2_4
15243,s2_885_1695,s2_n103_99,s4_n40_7,s1_below_4282,s4_4_5,s2_2001_2003,s2_760_2075,s3_17_37,Passenger Car,s4_48_64,Deployed,s2_97_208,s1_below_1,Female,s3_80_96,s3_141_159,s2_164_318,s3_80_160,s2_2_4
15244,s2_885_1695,s2_n103_99,s4_n40_7,s1_below_4282,s1_below_2,s2_2001_2003,s2_760_2075,s3_17_37,Passenger Car,s4_48_64,Deployed,s2_97_208,s1_below_1,Male,s2_37_80,s3_141_159,s2_164_318,s3_80_160,s2_2_4
15245,s2_885_1695,s2_n103_99,s4_n40_7,s1_below_4282,s3_3_4,s1_below_2001,s2_760_2075,s3_17_37,Truck (<=6000 lbs.),s3_28_48,Deployed,s2_97_208,s1_below_1,Female,s2_37_80,s3_141_159,s3_318_464,s3_80_160,s2_2_4
15246,s3_1695_2555,s2_n103_99,s4_n40_7,s1_below_4282,s3_3_4,s1_below_2001,s2_760_2075,s4_37_47,Truck (<=6000 lbs.),s3_28_48,Deployed,s2_97_208,s1_below_1,Female,s2_37_80,s3_141_159,s2_164_318,s3_80_160,s2_2_4
15247,s2_885_1695,s2_n103_99,s4_n40_7,s1_below_4282,s1_below_2,s1_below_2001,s2_760_2075,s3_17_37,Passenger Car,s3_28_48,Not Deployed,s2_97_208,s1_below_1,Female,s2_37_80,s3_141_159,s2_164_318,s3_80_160,s2_2_4
15248,s2_885_1695,s2_n103_99,s4_n40_7,s1_below_4282,s2_2_3,s1_below_2001,s2_760_2075,s3_17_37,Passenger Car,s2_11_28,Not Deployed,s2_97_208,s2_1_2,Female,s5_114_130,s3_141_159,s2_164_318,s3_80_160,s2_2_4
15249,s2_885_1695,s2_n103_99,s4_n40_7,s1_below_4282,s1_below_2,s2_2001_2003,s2_760_2075,s3_17_37,Passenger Car,s4_48_64,Deployed,s2_97_208,s1_below_1,Female,s2_37_80,s3_141_159,s2_164_318,s3_80_160,s2_2_4
15250,s2_885_1695,s2_n103_99,s4_n40_7,s1_below_4282,s1_below_2,s1_below_2001,s2_760_2075,s3_17_37,Passenger Car,s2_11_28,Not Deployed,s2_97_208,s1_below_1,Male,s2_37_80,s3_141_159,s2_164_318,s3_80_160,s2_2_4
15251,s3_1695_2555,s2_n103_99,s4_n40_7,s1_below_4282,s3_3_4,s2_2001_2003,s2_760_2075,s4_37_47,Truck (<=6000 lbs.),s4_48_64,Not Deployed,s2_97_208,s1_below_1,Male,s3_80_96,s3_141_159,s2_164_318,s4_160_220,s3_4_5
15252,s2_885_1695,s2_n103_99,s5_7_up,s1_below_4282,s3_3_4,s1_below_2001,s2_760_2075,s4_37_47,Truck (<=6000 lbs.),s4_48_64,Not Deployed,s2_97_208,s1_below_1,Male,s3_80_96,s3_141_159,s2_164_318,s6_260_up,s2_2_4
15253,s2_885_1695,s2_n103_99,s4_n40_7,s1_below_4282,s3_3_4,s1_below_2001,s2_760_2075,s3_17_37,Passenger Car,s6_76_up,Not Deployed,s2_97_208,s1_below_1,Male,s2_37_80,s3_141_159,s2_164_318,s3_80_160,s2_2_4
15254,s3_1695_2555,s2_n103_99,s4_n40_7,s1_below_4282,s1_below_2,s1_below_2001,s2_760_2075,s3_17_37,Truck (<=6000 lbs.),s4_48_64,Not Deployed,s2_97_208,s1_below_1,Female,s3_80_96,s3_141_159,s2_164_318,s1_below_40,s2_2_4
15255,s3_1695_2555,s2_n103_99,s4_n40_7,s1_below_4282,s1_below_2,s1_below_2001,s2_760_2075,s5_47_57,Truck (<=6000 lbs.),s3_28_48,Deployed,s2_97_208,s1_below_1,Male,s4_96_114,s3_141_159,s2_164_318,s3_80_160,s2_2_4
15256,s2_885_1695,s2_n103_99,s3_n81_n40,s1_below_4282,s1_below_2,s2_2001_2003,s2_760_2075,s5_47_57,Passenger Car,s2_11_28,Deployed,s2_97_208,s1_below_1,Female,s2_37_80,s3_141_159,s2_164_318,s3_80_160,s2_2_4
15257,s3_1695_2555,s2_n103_99,s4_n40_7,s1_below_4282,s1_below_2,s2_2001_2003,s2_760_2075,s3_17_37,Truck (<=6000 lbs.),s3_28_48,Deployed,s2_97_208,s2_1_2,Female,s3_80_96,s3_141_159,s2_164_318,s3_80_160,s2_2_4
15258,s3_1695_2555,s2_n103_99,s4_n40_7,s1_below_4282,s3_3_4,s2_2001_2003,s2_760_2075,s3_17_37,Truck (<=6000 lbs.),s3_28_48,Deployed,s2_97_208,s1_below_1,Male,s2_37_80,s3_141_159,s2_164_318,s3_80_160,s2_2_4
15259,s2_885_1695,s2_n103_99,s4_n40_7,s1_below_4282,s4_4_5,s2_2001_2003,s2_760_2075,s3_17_37,Truck (<=6000 lbs.),s4_48_64,Not Deployed,s2_97_208,s5_4_5,Male,s2_37_80,s3_141_159,s2_164_318,s4_160_220,s2_2_4
15260,s2_885_1695,s2_n103_99,s4_n40_7,s1_below_4282,s4_4_5,s1_below_2001,s3_2075_3730,s3_17_37,Passenger Car,s3_28_48,Deployed,s2_97_208,s1_below_1,Male,s3_80_96,s3_141_159,s2_164_318,s4_160_220,s2_2_4
15261,s3_1695_2555,s2_n103_99,s4_n40_7,s1_below_4282,s3_3_4,s1_below_2001,s2_760_2075,s3_17_37,Truck (<=10000 lbs.),s3_28_48,Not Deployed,s2_97_208,s2_1_2,Male,s2_37_80,s3_141_159,s2_164_318,s3_80_160,s2_2_4
15262,s2_885_1695,s2_n103_99,s4_n40_7,s1_below_4282,s1_below_2,s2_2001_2003,s2_760_2075,s3_17_37,Passenger Car,s2_11_28,Deployed,s2_97_208,s1_below_1,Male,s3_80_96,s3_141_159,s2_164_318,s2_40_80,s2_2_4
15263,s2_885_1695,s2_n103_99,s4_n40_7,s1_below_4282,s3_3_4,s2_2001_2003,s2_760_2075,s3_17_37,Passenger Car,s2_11_28,Deployed,s2_97_208,s2_1_2,Female,s3_80_96,s3_141_159,s2_164_318,s4_160_220,s2_2_4
15264,s2_885_1695,s2_n103_99,s4_n40_7,s1_below_4282,s2_2_3,s1_below_2001,s2_760_2075,s5_47_57,Truck (<=6000 lbs.),s3_28_48,Deployed,s2_97_208,s4_3_4,Male,s4_96_114,s3_141_159,s2_164_318,s4_160_220,s2_2_4
15265,s2_885_1695,s2_n103_99,s4_n40_7,s1_below_4282,s2_2_3,s1_below_2001,s3_2075_3730,s3_17_37,Passenger Car,s3_28_48,Deployed,s2_97_208,s1_below_1,Male,s2_37_80,s3_141_159,s2_164_318,s4_160_220,s2_2_4
15266,s3_1695_2555,s2_n103_99,s4_n40_7,s1_below_4282,s2_2_3,s2_2001_2003,s2_760_2075,s4_37_47,Truck (<=10000 lbs.),s3_28_48,Not Deployed,s2_97_208,s1_below_1,Female,s6_130_up,s3_141_159,s2_164_318,s3_80_160,s2_2_4
15267,s2_885_1695,s2_n103_99,s4_n40_7,s1_below_4282,s3_3_4,s1_below_2001,s2_760_2075,s3_17_37,Passenger Car,s2_11_28,Not Deployed,s2_97_208,s1_below_1,Male,s2_37_80,s3_141_159,s2_164_318,s3_80_160,s2_2_4
15268,s3_1695_2555,s2_n103_99,s4_n40_7,s1_below_4282,s3_3_4,s1_below_2001,s2_760_2075,s3_17_37,Truck (<=6000 lbs.),s3_28_48,Deployed,s2_97_208,s1_below_1,Male,s3_80_96,s3_141_159,s2_164_318,s3_80_160,s2_2_4
15269,s2_885_1695,s2_n103_99,s3_n81_n40,s1_below_4282,s3_3_4,s1_below_2001,s2_760_2075,s5_47_57,Passenger Car,s2_11_28,Not Deployed,s2_97_208,s6_5_up,Male,s2_37_80,s3_141_159,s2_164_318,s2_40_80,s2_2_4
15270,s2_885_1695,s2_n103_99,s4_n40_7,s1_below_4282,s3_3_4,s1_below_2001,s2_760_2075,s4_37_47,Passenger Car,s2_11_28,Deployed,s2_97_208,s3_2_3,Female,s4_96_114,s3_141_159,s2_164_318,s2_40_80,s2_2_4
15271,s2_885_1695,s2_n103_99,s5_7_up,s1_below_4282,s2_2_3,s2_2001_2003,s2_760_2075,s3_17_37,Passenger Car,s2_11_28,Not Deployed,s2_97_208,s1_below_1,Male,s3_80_96,s3_141_159,s2_164_318,s6_260_up,s2_2_4
15272,s2_885_1695,s2_n103_99,s3_n81_n40,s1_below_4282,s2_2_3,s2_2001_2003,s2_760_2075,s3_17_37,Passenger Car,s3_28_48,Deployed,s2_97_208,s4_3_4,Male,s2_37_80,s3_141_159,s2_164_318,s3_80_160,s2_2_4
15273,s3_1695_2555,s2_n103_99,s4_n40_7,s1_below_4282,s3_3_4,s1_below_2001,s2_760_2075,s3_17_37,Passenger Car,s5_64_76,Not Deployed,s2_97_208,s1_below_1,Male,s2_37_80,s4_159_169,s2_164_318,s3_80_160,s2_2_4
15274,s2_885_1695,s2_n103_99,s5_7_up,s1_below_4282,s3_3_4,s2_2001_2003,s2_760_2075,s5_47_57,Passenger Car,s2_11_28,Not Deployed,s2_97_208,s1_below_1,Female,s2_37_80,s3_141_159,s2_164_318,s6_260_up,s2_2_4
15275,s4_2555_3715,s2_n103_99,s3_n81_n40,s3_6970_up,s2_2_3,s1_below_2001,s3_2075_3730,s5_47_57,Truck (<=6000 lbs.),s2_11_28,Deployed,s2_97_208,s6_5_up,Male,s2_37_80,s4_159_169,s3_318_464,s3_80_160,s4_5_6
15276,s2_885_1695,s2_n103_99,s4_n40_7,s1_below_4282,s1_below_2,s2_2001_2003,s2_760_2075,s3_17_37,Passenger Car,s2_11_28,Deployed,s2_97_208,s1_below_1,Male,s2_37_80,s3_141_159,s2_164_318,s4_160_220,s2_2_4
15277,s2_885_1695,s2_n103_99,s3_n81_n40,s1_below_4282,s2_2_3,s1_below_2001,s2_760_2075,s3_17_37,Passenger Car,s3_28_48,Deployed,s2_97_208,s2_1_2,Female,s3_80_96,s3_141_159,s2_164_318,s3_80_160,s2_2_4
15278,s2_885_1695,s2_n103_99,s4_n40_7,s1_below_4282,s1_below_2,s2_2001_2003,s2_760_2075,s5_47_57,Passenger Car,s4_48_64,Deployed,s2_97_208,s3_2_3,Female,s3_80_96,s3_141_159,s2_164_318,s2_40_80,s2_2_4
15279,s3_1695_2555,s2_n103_99,s4_n40_7,s1_below_4282,s1_below_2,s1_below_2001,s2_760_2075,s3_17_37,Truck (<=6000 lbs.),s2_11_28,Deployed,s2_97_208,s1_below_1,Female,s2_37_80,s3_141_159,s2_164_318,s3_80_160,s2_2_4
15280,s2_885_1695,s2_n103_99,s4_n40_7,s1_below_4282,s2_2_3,s2_2001_2003,s2_760_2075,s3_17_37,Passenger Car,s3_28_48,Deployed,s2_97_208,s1_below_1,Male,s3_80_96,s3_141_159,s2_164_318,s4_160_220,s2_2_4
15281,s2_885_1695,s2_n103_99,s4_n40_7,s1_below_4282,s4_4_5,s2_2001_2003,s2_760_2075,s4_37_47,Passenger Car,s3_28_48,Deployed,s2_97_208,s1_below_1,Female,s2_37_80,s3_141_159,s2_164_318,s3_80_160,s2_2_4
15282,s2_885_1695,s2_n103_99,s4_n40_7,s1_below_4282,s1_below_2,s1_below_2001,s2_760_2075,s3_17_37,Passenger Car,s2_11_28,Deployed,s2_97_208,s1_below_1,Male,s2_37_80,s3_141_159,s2_164_318,s2_40_80,s2_2_4
15283,s2_885_1695,s2_n103_99,s5_7_up,s1_below_4282,s3_3_4,s1_below_2001,s2_760_2075,s5_47_57,Passenger Car,s4_48_64,Not Deployed,s2_97_208,s1_below_1,Female,s2_37_80,s3_141_159,s2_164_318,s6_260_up,s2_2_4
15284,s3_1695_2555,s2_n103_99,s4_n40_7,s1_below_4282,s6_6_up,s2_2001_2003,s2_760_2075,s3_17_37,Truck (<=6000 lbs.),s2_11_28,Deployed,s2_97_208,s2_1_2,Female,s2_37_80,s3_141_159,s2_164_318,s3_80_160,s2_2_4
15285,s2_885_1695,s2_n103_99,s4_n40_7,s1_below_4282,s5_5_6,s1_below_2001,s2_760_2075,s4_37_47,Passenger Car,s4_48_64,Deployed,s2_97_208,s1_below_1,Female,s2_37_80,s3_141_159,s2_164_318,s4_160_220,s2_2_4
15286,s2_885_1695,s2_n103_99,s4_n40_7,s1_below_4282,s2_2_3,s1_below_2001,s2_760_2075,s4_37_47,Passenger Car,s4_48_64,Not Deployed,s2_97_208,s1_below_1,Female,s4_96_114,s3_141_159,s2_164_318,s4_160_220,s2_2_4
15287,s2_885_1695,s2_n103_99,s4_n40_7,s1_below_4282,s3_3_4,s1_below_2001,s3_2075_3730,s5_47_57,Passenger Car,s6_76_up,Deployed,s2_97_208,s1_below_1,Male,s3_80_96,s3_141_159,s2_164_318,s3_80_160,s2_2_4
15288,s2_885_1695,s2_n103_99,s4_n40_7,s1_below_4282,s1_below_2,s2_2001_2003,s2_760_2075,s3_17_37,Passenger Car,s5_64_76,Deployed,s2_97_208,s1_below_1,Male,s2_37_80,s3_141_159,s2_164_318,s2_40_80,s2_2_4
15289,s3_1695_2555,s2_n103_99,s4_n40_7,s1_below_4282,s3_3_4,s2_2001_2003,s2_760_2075,s3_17_37,Truck (<=10000 lbs.),s5_64_76,Not Deployed,s2_97_208,s1_below_1,Male,s3_80_96,s3_141_159,s2_164_318,s3_80_160,s2_2_4
15290,s2_885_1695,s2_n103_99,s3_n81_n40,s1_below_4282,s2_2_3,s2_2001_2003,s3_2075_3730,s3_17_37,Passenger Car,s3_28_48,Deployed,s2_97_208,s2_1_2,Female,s2_37_80,s3_141_159,s2_164_318,s3_80_160,s2_2_4
15291,s2_885_1695,s2_n103_99,s4_n40_7,s1_below_4282,s3_3_4,s2_2001_2003,s2_760_2075,s3_17_37,Passenger Car,s3_28_48,Not Deployed,s2_97_208,s4_3_4,Male,s2_37_80,s3_141_159,s2_164_318,s2_40_80,s2_2_4
15292,s4_2555_3715,s2_n103_99,s5_7_up,s1_below_4282,s2_2_3,s2_2001_2003,s2_760_2075,s4_37_47,Truck (<=10000 lbs.),s3_28_48,Not Deployed,s2_97_208,s1_below_1,Male,s4_96_114,s3_141_159,s3_318_464,s6_260_up,s3_4_5
15293,s2_885_1695,s2_n103_99,s4_n40_7,s1_below_4282,s5_5_6,s2_2001_2003,s2_760_2075,s5_47_57,Passenger Car,s3_28_48,Deployed,s2_97_208,s1_below_1,Male,s3_80_96,s3_141_159,s2_164_318,s3_80_160,s2_2_4
15294,s3_1695_2555,s2_n103_99,s4_n40_7,s1_below_4282,s2_2_3,s2_2001_2003,s2_760_2075,s5_47_57,Truck (<=6000 lbs.),s3_28_48,Not Deployed,s2_97_208,s2_1_2,Female,s2_37_80,s3_141_159,s2_164_318,s4_160_220,s2_2_4
15295,s3_1695_2555,s2_n103_99,s4_n40_7,s1_below_4282,s3_3_4,s1_below_2001,s2_760_2075,s4_37_47,Truck (<=6000 lbs.),s4_48_64,Not Deployed,s2_97_208,s1_below_1,Female,s3_80_96,s3_141_159,s2_164_318,s3_80_160,s2_2_4
15296,s1_below_885,s2_n103_99,s5_7_up,s1_below_4282,s3_3_4,s2_2001_2003,s2_760_2075,s3_17_37,Truck (<=6000 lbs.),s3_28_48,Not Deployed,s2_97_208,s1_below_1,Male,s4_96_114,s3_141_159,s2_164_318,s6_260_up,s2_2_4
15297,s2_885_1695,s2_n103_99,s4_n40_7,s1_below_4282,s3_3_4,s1_below_2001,s3_2075_3730,s5_47_57,Passenger Car,s3_28_48,Deployed,s2_97_208,s1_below_1,Male,s2_37_80,s3_141_159,s2_164_318,s4_160_220,s2_2_4
15298,s3_1695_2555,s2_n103_99,s4_n40_7,s1_below_4282,s1_below_2,s1_below_2001,s2_760_2075,s5_47_57,Truck (<=6000 lbs.),s6_76_up,Not Deployed,s2_97_208,s1_below_1,Male,s3_80_96,s3_141_159,s2_164_318,s4_160_220,s3_4_5
15299,s2_885_1695,s2_n103_99,s4_n40_7,s1_below_4282,s3_3_4,s1_below_2001,s2_760_2075,s5_47_57,Passenger Car,s3_28_48,Deployed,s2_97_208,s1_below_1,Female,s2_37_80,s3_141_159,s2_164_318,s3_80_160,s2_2_4
15300,s3_1695_2555,s2_n103_99,s4_n40_7,s1_below_4282,s1_below_2,s2_2001_2003,s2_760_2075,s5_47_57,Passenger Car,s2_11_28,Deployed,s2_97_208,s1_below_1,Male,s2_37_80,s4_159_169,s2_164_318,s3_80_160,s2_2_4
15301,s2_885_1695,s2_n103_99,s5_7_up,s1_below_4282,s2_2_3,s1_below_2001,s2_760_2075,s5_47_57,Passenger Car,s3_28_48,Not Deployed,s2_97_208,s1_below_1,Female,s2_37_80,s3_141_159,s2_164_318,s6_260_up,s2_2_4
15302,s2_885_1695,s2_n103_99,s4_n40_7,s1_below_4282,s2_2_3,s2_2001_2003,s2_760_2075,s5_47_57,Passenger Car,s3_28_48,Not Deployed,s2_97_208,s1_below_1,Male,s3_80_96,s3_141_159,s2_164_318,s4_160_220,s2_2_4
15303,s2_885_1695,s2_n103_99,s4_n40_7,s1_below_4282,s2_2_3,s2_2001_2003,s2_760_2075,s4_37_47,Truck (<=6000 lbs.),s3_28_48,Not Deployed,s2_97_208,s1_below_1,Male,s3_80_96,s3_141_159,s2_164_318,s4_160_220,s2_2_4
15304,s2_885_1695,s2_n103_99,s5_7_up,s1_below_4282,s1_below_2,s2_2001_2003,s2_760_2075,s3_17_37,Passenger Car,s2_11_28,Not Deployed,s2_97_208,s1_below_1,Female,s2_37_80,s3_141_159,s2_164_318,s6_260_up,s2_2_4
15305,s2_885_1695,s2_n103_99,s4_n40_7,s1_below_4282,s1_below_2,s1_below_2001,s2_760_2075,s3_17_37,Passenger Car,s3_28_48,Deployed,s2_97_208,s1_below_1,Female,s2_37_80,s3_141_159,s2_164_318,s3_80_160,s2_2_4
15306,s2_885_1695,s2_n103_99,s4_n40_7,s1_below_4282,s2_2_3,s2_2001_2003,s2_760_2075,s4_37_47,Passenger Car,s3_28_48,Deployed,s2_97_208,s1_below_1,Male,s3_80_96,s3_141_159,s2_164_318,s3_80_160,s2_2_4
15307,s2_885_1695,s2_n103_99,s4_n40_7,s1_below_4282,s4_4_5,s2_2001_2003,s2_760_2075,s4_37_47,Passenger Car,s4_48_64,Deployed,s2_97_208,s1_below_1,Male,s2_37_80,s3_141_159,s2_164_318,s3_80_160,s2_2_4
15308,s2_885_1695,s2_n103_99,s4_n40_7,s1_below_4282,s3_3_4,s1_below_2001,s2_760_2075,s5_47_57,Passenger Car,s3_28_48,Deployed,s2_97_208,s1_below_1,Female,s2_37_80,s3_141_159,s2_164_318,s3_80_160,s2_2_4
15309,s2_885_1695,s2_n103_99,s4_n40_7,s1_below_4282,s1_below_2,s2_2001_2003,s2_760_2075,s5_47_57,Passenger Car,s4_48_64,Not Deployed,s2_97_208,s1_below_1,Female,s3_80_96,s3_141_159,s2_164_318,s3_80_160,s2_2_4
15310,s2_885_1695,s2_n103_99,s4_n40_7,s1_below_4282,s1_below_2,s1_below_2001,s2_760_2075,s3_17_37,Passenger Car,s2_11_28,Not Deployed,s2_97_208,s1_below_1,Male,s2_37_80,s3_141_159,s2_164_318,s4_160_220,s2_2_4
15311,s3_1695_2555,s2_n103_99,s5_7_up,s1_below_4282,s1_below_2,s1_below_2001,s2_760_2075,s3_17_37,Truck (<=6000 lbs.),s3_28_48,Not Deployed,s2_97_208,s1_below_1,Female,s2_37_80,s3_141_159,s2_164_318,s6_260_up,s2_2_4
15312,s2_885_1695,s2_n103_99,s4_n40_7,s1_below_4282,s1_below_2,s1_below_2001,s3_2075_3730,s4_37_47,Passenger Car,s4_48_64,Not Deployed,s2_97_208,s1_below_1,Female,s2_37_80,s3_141_159,s2_164_318,s3_80_160,s2_2_4
15313,s3_1695_2555,s2_n103_99,s4_n40_7,s1_below_4282,s6_6_up,s1_below_2001,s2_760_2075,s5_47_57,Truck (<=6000 lbs.),s3_28_48,Not Deployed,s2_97_208,s1_below_1,Female,s2_37_80,s3_141_159,s2_164_318,s3_80_160,s2_2_4
15314,s2_885_1695,s2_n103_99,s5_7_up,s1_below_4282,s3_3_4,s1_below_2001,s2_760_2075,s5_47_57,Passenger Car,s3_28_48,Not Deployed,s2_97_208,s1_below_1,Female,s2_37_80,s3_141_159,s2_164_318,s6_260_up,s2_2_4
15315,s2_885_1695,s2_n103_99,s3_n81_n40,s1_below_4282,s2_2_3,s1_below_2001,s2_760_2075,s3_17_37,Passenger Car,s2_11_28,Deployed,s2_97_208,s1_below_1,Male,s3_80_96,s3_141_159,s2_164_318,s3_80_160,s2_2_4
15316,s2_885_1695,s2_n103_99,s4_n40_7,s1_below_4282,s2_2_3,s2_2001_2003,s2_760_2075,s3_17_37,Truck (<=6000 lbs.),s4_48_64,Deployed,s2_97_208,s1_below_1,Male,s2_37_80,s3_141_159,s2_164_318,s3_80_160,s2_2_4
15317,s2_885_1695,s2_n103_99,s4_n40_7,s1_below_4282,s1_below_2,s1_below_2001,s2_760_2075,s3_17_37,Passenger Car,s3_28_48,Deployed,s2_97_208,s1_below_1,Male,s4_96_114,s3_141_159,s2_164_318,s3_80_160,s2_2_4
15318,s3_1695_2555,s2_n103_99,s5_7_up,s1_below_4282,s2_2_3,s1_below_2001,s2_760_2075,s5_47_57,Truck (<=6000 lbs.),s2_11_28,Not Deployed,s2_97_208,s1_below_1,Female,s3_80_96,s3_141_159,s2_164_318,s6_260_up,s2_2_4
15319,s4_2555_3715,s2_n103_99,s4_n40_7,s1_below_4282,s1_below_2,s2_2001_2003,s3_2075_3730,s5_47_57,Truck (<=10000 lbs.),s3_28_48,Not Deployed,s2_97_208,s3_2_3,Male,s4_96_114,s4_159_169,s3_318_464,s2_40_80,s4_5_6
15320,s3_1695_2555,s2_n103_99,s5_7_up,s1_below_4282,s3_3_4,s2_2001_2003,s2_760_2075,s5_47_57,Truck (<=6000 lbs.),s5_64_76,Not Deployed,s2_97_208,s1_below_1,Male,s2_37_80,s3_141_159,s2_164_318,s6_260_up,s2_2_4
15321,s2_885_1695,s2_n103_99,s3_n81_n40,s1_below_4282,s2_2_3,s2_2001_2003,s3_2075_3730,s3_17_37,Passenger Car,s2_11_28,Deployed,s2_97_208,s2_1_2,Female,s2_37_80,s3_141_159,s2_164_318,s3_80_160,s2_2_4
15322,s2_885_1695,s2_n103_99,s4_n40_7,s1_below_4282,s3_3_4,s1_below_2001,s2_760_2075,s3_17_37,Passenger Car,s3_28_48,Deployed,s2_97_208,s1_below_1,Male,s2_37_80,s3_141_159,s2_164_318,s3_80_160,s2_2_4
15323,s2_885_1695,s2_n103_99,s4_n40_7,s1_below_4282,s2_2_3,s1_below_2001,s3_2075_3730,s5_47_57,Passenger Car,s3_28_48,Deployed,s2_97_208,s1_below_1,Male,s3_80_96,s3_141_159,s2_164_318,s3_80_160,s2_2_4
15324,s2_885_1695,s2_n103_99,s4_n40_7,s1_below_4282,s4_4_5,s2_2001_2003,s2_760_2075,s4_37_47,Passenger Car,s4_48_64,Not Deployed,s2_97_208,s1_below_1,Female,s4_96_114,s3_141_159,s2_164_318,s4_160_220,s2_2_4
15325,s3_1695_2555,s2_n103_99,s4_n40_7,s1_below_4282,s1_below_2,s1_below_2001,s3_2075_3730,s5_47_57,Truck (<=10000 lbs.),s2_11_28,Not Deployed,s2_97_208,s2_1_2,Male,s3_80_96,s4_159_169,s3_318_464,s3_80_160,s4_5_6
15326,s3_1695_2555,s2_n103_99,s4_n40_7,s1_below_4282,s1_below_2,s2_2001_2003,s3_2075_3730,s5_47_57,Truck (<=10000 lbs.),s3_28_48,Deployed,s2_97_208,s1_below_1,Male,s3_80_96,s4_159_169,s3_318_464,s3_80_160,s4_5_6
15327,s2_885_1695,s2_n103_99,s4_n40_7,s1_below_4282,s4_4_5,s1_below_2001,s2_760_2075,s3_17_37,Truck (<=6000 lbs.),s3_28_48,Deployed,s2_97_208,s1_below_1,Male,s2_37_80,s3_141_159,s3_318_464,s3_80_160,s2_2_4
15328,s2_885_1695,s2_n103_99,s4_n40_7,s1_below_4282,s5_5_6,s2_2001_2003,s2_760_2075,s3_17_37,Passenger Car,s3_28_48,Not Deployed,s2_97_208,s1_below_1,Male,s4_96_114,s3_141_159,s2_164_318,s4_160_220,s2_2_4
15329,s2_885_1695,s2_n103_99,s4_n40_7,s1_below_4282,s3_3_4,s2_2001_2003,s2_760_2075,s4_37_47,Passenger Car,s5_64_76,Not Deployed,s2_97_208,s5_4_5,Male,s4_96_114,s3_141_159,s2_164_318,s4_160_220,s2_2_4
15330,s3_1695_2555,s2_n103_99,s5_7_up,s1_below_4282,s1_below_2,s1_below_2001,s2_760_2075,s5_47_57,Truck (<=10000 lbs.),s2_11_28,Not Deployed,s2_97_208,s4_3_4,Male,s2_37_80,s4_159_169,s3_318_464,s5_220_260,s4_5_6
15331,s2_885_1695,s2_n103_99,s4_n40_7,s1_below_4282,s2_2_3,s2_2001_2003,s2_760_2075,s5_47_57,Passenger Car,s2_11_28,Not Deployed,s2_97_208,s1_below_1,Male,s2_37_80,s3_141_159,s2_164_318,s3_80_160,s2_2_4
15332,s2_885_1695,s2_n103_99,s4_n40_7,s1_below_4282,s3_3_4,s2_2001_2003,s3_2075_3730,s5_47_57,Passenger Car,s4_48_64,Not Deployed,s2_97_208,s1_below_1,Male,s4_96_114,s3_141_159,s2_164_318,s3_80_160,s2_2_4
15333,s2_885_1695,s2_n103_99,s4_n40_7,s1_below_4282,s2_2_3,s2_2001_2003,s2_760_2075,s5_47_57,Passenger Car,s4_48_64,Deployed,s2_97_208,s1_below_1,Male,s4_96_114,s3_141_159,s2_164_318,s3_80_160,s2_2_4
15334,s2_885_1695,s2_n103_99,s4_n40_7,s1_below_4282,s3_3_4,s1_below_2001,s2_760_2075,s4_37_47,Passenger Car,s6_76_up,Deployed,s2_97_208,s5_4_5,Male,s2_37_80,s3_141_159,s2_164_318,s4_160_220,s2_2_4
15335,s2_885_1695,s2_n103_99,s4_n40_7,s1_below_4282,s2_2_3,s2_2001_2003,s2_760_2075,s3_17_37,Passenger Car,s3_28_48,Deployed,s2_97_208,s1_below_1,Male,s2_37_80,s3_141_159,s2_164_318,s4_160_220,s2_2_4
15336,s2_885_1695,s2_n103_99,s4_n40_7,s1_below_4282,s3_3_4,s2_2001_2003,s2_760_2075,s5_47_57,Passenger Car,s3_28_48,Deployed,s2_97_208,s1_below_1,Female,s3_80_96,s3_141_159,s2_164_318,s3_80_160,s2_2_4
15337,s3_1695_2555,s2_n103_99,s4_n40_7,s1_below_4282,s3_3_4,s2_2001_2003,s2_760_2075,s4_37_47,Truck (<=6000 lbs.),s3_28_48,Not Deployed,s2_97_208,s1_below_1,Female,s2_37_80,s3_141_159,s2_164_318,s3_80_160,s2_2_4
15338,s3_1695_2555,s2_n103_99,s4_n40_7,s1_below_4282,s1_below_2,s2_2001_2003,s3_2075_3730,s5_47_57,Truck (<=6000 lbs.),s6_76_up,Deployed,s2_97_208,s1_below_1,Female,s2_37_80,s4_159_169,s2_164_318,s3_80_160,s3_4_5
15339,s2_885_1695,s2_n103_99,s4_n40_7,s1_below_4282,s3_3_4,s2_2001_2003,s2_760_2075,s3_17_37,Passenger Car,s2_11_28,Not Deployed,s2_97_208,s1_below_1,Male,s3_80_96,s3_141_159,s2_164_318,s4_160_220,s2_2_4
15340,s3_1695_2555,s2_n103_99,s4_n40_7,s1_below_4282,s1_below_2,s2_2001_2003,s2_760_2075,s6_57_up,Truck (<=10000 lbs.),s3_28_48,Not Deployed,s2_97_208,s1_below_1,Male,s3_80_96,s4_159_169,s3_318_464,s5_220_260,s4_5_6
15341,s2_885_1695,s2_n103_99,s4_n40_7,s1_below_4282,s1_below_2,s2_2001_2003,s2_760_2075,s6_57_up,Passenger Car,s4_48_64,Deployed,s2_97_208,s3_2_3,Male,s2_37_80,s3_141_159,s2_164_318,s3_80_160,s2_2_4
15342,s2_885_1695,s2_n103_99,s4_n40_7,s1_below_4282,s1_below_2,s1_below_2001,s2_760_2075,s4_37_47,Truck (<=6000 lbs.),s3_28_48,Deployed,s2_97_208,s1_below_1,Female,s2_37_80,s3_141_159,s2_164_318,s3_80_160,s2_2_4
15343,s3_1695_2555,s2_n103_99,s4_n40_7,s1_below_4282,s2_2_3,s2_2001_2003,s2_760_2075,s3_17_37,Passenger Car,s3_28_48,Not Deployed,s2_97_208,s1_below_1,Female,s2_37_80,s3_141_159,s2_164_318,s4_160_220,s2_2_4
15344,s2_885_1695,s2_n103_99,s5_7_up,s1_below_4282,s1_below_2,s2_2001_2003,s3_2075_3730,s5_47_57,Truck (<=6000 lbs.),s3_28_48,Not Deployed,s2_97_208,s1_below_1,Male,s3_80_96,s3_141_159,s2_164_318,s4_160_220,s2_2_4
15345,s3_1695_2555,s2_n103_99,s4_n40_7,s1_below_4282,s1_below_2,s1_below_2001,s2_760_2075,s5_47_57,Truck (<=6000 lbs.),s2_11_28,Deployed,s2_97_208,s1_below_1,Male,s2_37_80,s3_141_159,s2_164_318,s3_80_160,s2_2_4
15346,s3_1695_2555,s2_n103_99,s4_n40_7,s1_below_4282,s1_below_2,s1_below_2001,s2_760_2075,s5_47_57,Passenger Car,s2_11_28,Deployed,s2_97_208,s1_below_1,Male,s2_37_80,s4_159_169,s2_164_318,s3_80_160,s2_2_4
15347,s2_885_1695,s2_n103_99,s4_n40_7,s1_below_4282,s4_4_5,s1_below_2001,s2_760_2075,s3_17_37,Truck (<=6000 lbs.),s3_28_48,Deployed,s2_97_208,s1_below_1,Female,s2_37_80,s3_141_159,s2_164_318,s3_80_160,s2_2_4
15348,s2_885_1695,s2_n103_99,s4_n40_7,s1_below_4282,s1_below_2,s1_below_2001,s2_760_2075,s5_47_57,Truck (<=6000 lbs.),s4_48_64,Deployed,s2_97_208,s1_below_1,Male,s5_114_130,s3_141_159,s2_164_318,s3_80_160,s2_2_4
15349,s3_1695_2555,s2_n103_99,s4_n40_7,s1_below_4282,s1_below_2,s2_2001_2003,s2_760_2075,s5_47_57,Truck (<=6000 lbs.),s2_11_28,Not Deployed,s2_97_208,s1_below_1,Male,s2_37_80,s4_159_169,s2_164_318,s6_260_up,s3_4_5
15350,s2_885_1695,s2_n103_99,s4_n40_7,s1_below_4282,s3_3_4,s2_2001_2003,s2_760_2075,s5_47_57,Passenger Car,s2_11_28,Deployed,s2_97_208,s1_below_1,Female,s2_37_80,s3_141_159,s2_164_318,s3_80_160,s2_2_4
15351,s2_885_1695,s2_n103_99,s4_n40_7,s1_below_4282,s4_4_5,s2_2001_2003,s2_760_2075,s3_17_37,Passenger Car,s2_11_28,Deployed,s2_97_208,s1_below_1,Female,s2_37_80,s3_141_159,s2_164_318,s3_80_160,s2_2_4
15352,s2_885_1695,s2_n103_99,s4_n40_7,s1_below_4282,s4_4_5,s1_below_2001,s2_760_2075,s4_37_47,Passenger Car,s2_11_28,Deployed,s2_97_208,s1_below_1,Female,s3_80_96,s3_141_159,s2_164_318,s4_160_220,s2_2_4
15353,s3_1695_2555,s2_n103_99,s4_n40_7,s1_below_4282,s1_below_2,s1_below_2001,s3_2075_3730,s6_57_up,Truck (<=6000 lbs.),s4_48_64,Not Deployed,s2_97_208,s2_1_2,Female,s2_37_80,s3_141_159,s2_164_318,s4_160_220,s2_2_4
15354,s2_885_1695,s2_n103_99,s4_n40_7,s1_below_4282,s5_5_6,s2_2001_2003,s2_760_2075,s3_17_37,Passenger Car,s2_11_28,Not Deployed,s2_97_208,s1_below_1,Female,s2_37_80,s3_141_159,s2_164_318,s3_80_160,s2_2_4
15355,s2_885_1695,s2_n103_99,s4_n40_7,s1_below_4282,s4_4_5,s1_below_2001,s2_760_2075,s3_17_37,Passenger Car,s2_11_28,Deployed,s2_97_208,s1_below_1,Female,s2_37_80,s3_141_159,s2_164_318,s3_80_160,s2_2_4
15356,s2_885_1695,s2_n103_99,s4_n40_7,s1_below_4282,s4_4_5,s1_below_2001,s2_760_2075,s5_47_57,Passenger Car,s3_28_48,Deployed,s2_97_208,s1_below_1,Male,s3_80_96,s4_159_169,s2_164_318,s3_80_160,s2_2_4
15357,s2_885_1695,s2_n103_99,s4_n40_7,s1_below_4282,s4_4_5,s2_2001_2003,s3_2075_3730,s5_47_57,Passenger Car,s3_28_48,Deployed,s2_97_208,s1_below_1,Male,s2_37_80,s3_141_159,s2_164_318,s3_80_160,s2_2_4
15358,s3_1695_2555,s2_n103_99,s4_n40_7,s1_below_4282,s1_below_2,s1_below_2001,s2_760_2075,s5_47_57,Truck (<=6000 lbs.),s5_64_76,Deployed,s2_97_208,s2_1_2,Male,s4_96_114,s3_141_159,s2_164_318,s2_40_80,s3_4_5
15359,s3_1695_2555,s2_n103_99,s3_n81_n40,s1_below_4282,s1_below_2,s2_2001_2003,s2_760_2075,s6_57_up,Truck (<=6000 lbs.),s4_48_64,Deployed,s2_97_208,s3_2_3,Female,s2_37_80,s3_141_159,s2_164_318,s3_80_160,s2_2_4
15360,s2_885_1695,s2_n103_99,s4_n40_7,s1_below_4282,s1_below_2,s2_2001_2003,s2_760_2075,s3_17_37,Passenger Car,s3_28_48,Deployed,s2_97_208,s2_1_2,Male,s3_80_96,s3_141_159,s2_164_318,s3_80_160,s2_2_4
15361,s2_885_1695,s2_n103_99,s4_n40_7,s1_below_4282,s4_4_5,s1_below_2001,s2_760_2075,s3_17_37,Passenger Car,s2_11_28,Deployed,s2_97_208,s1_below_1,Female,s3_80_96,s3_141_159,s2_164_318,s3_80_160,s2_2_4
15362,s2_885_1695,s2_n103_99,s4_n40_7,s1_below_4282,s2_2_3,s1_below_2001,s2_760_2075,s6_57_up,Truck (<=6000 lbs.),s4_48_64,Deployed,s2_97_208,s1_below_1,Male,s2_37_80,s3_141_159,s2_164_318,s4_160_220,s2_2_4
15363,s2_885_1695,s2_n103_99,s5_7_up,s1_below_4282,s3_3_4,s2_2001_2003,s3_2075_3730,s4_37_47,Passenger Car,s4_48_64,Not Deployed,s2_97_208,s1_below_1,Male,s3_80_96,s3_141_159,s2_164_318,s6_260_up,s2_2_4
15364,s2_885_1695,s2_n103_99,s5_7_up,s1_below_4282,s1_below_2,s2_2001_2003,s2_760_2075,s5_47_57,Passenger Car,s3_28_48,Not Deployed,s2_97_208,s1_below_1,Male,s4_96_114,s3_141_159,s2_164_318,s6_260_up,s2_2_4
15365,s2_885_1695,s2_n103_99,s4_n40_7,s1_below_4282,s1_below_2,s2_2001_2003,s2_760_2075,s5_47_57,Passenger Car,s3_28_48,Deployed,s2_97_208,s1_below_1,Male,s5_114_130,s3_141_159,s2_164_318,s3_80_160,s2_2_4
15366,s3_1695_2555,s2_n103_99,s4_n40_7,s1_below_4282,s2_2_3,s1_below_2001,s2_760_2075,s6_57_up,Truck (<=6000 lbs.),s2_11_28,Not Deployed,s2_97_208,s1_below_1,Male,s3_80_96,s3_141_159,s2_164_318,s3_80_160,s2_2_4
15367,s3_1695_2555,s2_n103_99,s4_n40_7,s1_below_4282,s3_3_4,s2_2001_2003,s2_760_2075,s3_17_37,Truck (<=10000 lbs.),s3_28_48,Not Deployed,s2_97_208,s1_below_1,Female,s2_37_80,s2_116_141,s3_318_464,s3_80_160,s3_4_5
15368,s2_885_1695,s2_n103_99,s4_n40_7,s1_below_4282,s3_3_4,s2_2001_2003,s3_2075_3730,s4_37_47,Truck (<=6000 lbs.),s3_28_48,Deployed,s2_97_208,s1_below_1,Female,s3_80_96,s3_141_159,s2_164_318,s3_80_160,s2_2_4
15369,s3_1695_2555,s2_n103_99,s4_n40_7,s1_below_4282,s5_5_6,s2_2001_2003,s2_760_2075,s4_37_47,Truck (<=6000 lbs.),s5_64_76,Not Deployed,s2_97_208,s1_below_1,Female,s3_80_96,s3_141_159,s2_164_318,s4_160_220,s2_2_4
15370,s2_885_1695,s2_n103_99,s4_n40_7,s1_below_4282,s2_2_3,s2_2001_2003,s3_2075_3730,s5_47_57,Passenger Car,s2_11_28,Not Deployed,s2_97_208,s1_below_1,Male,s3_80_96,s3_141_159,s2_164_318,s3_80_160,s2_2_4
15371,s3_1695_2555,s2_n103_99,s4_n40_7,s1_below_4282,s1_below_2,s2_2001_2003,s2_760_2075,s5_47_57,Truck (<=6000 lbs.),s2_11_28,Not Deployed,s2_97_208,s1_below_1,Male,s3_80_96,s3_141_159,s2_164_318,s4_160_220,s2_2_4
15372,s2_885_1695,s2_n103_99,s4_n40_7,s1_below_4282,s3_3_4,s1_below_2001,s2_760_2075,s6_57_up,Truck (<=6000 lbs.),s3_28_48,Not Deployed,s2_97_208,s1_below_1,Female,s2_37_80,s3_141_159,s2_164_318,s3_80_160,s2_2_4
15373,s2_885_1695,s2_n103_99,s4_n40_7,s1_below_4282,s1_below_2,s1_below_2001,s2_760_2075,s3_17_37,Passenger Car,s4_48_64,Deployed,s2_97_208,s1_below_1,Female,s2_37_80,s3_141_159,s2_164_318,s3_80_160,s2_2_4
15374,s3_1695_2555,s2_n103_99,s4_n40_7,s1_below_4282,s2_2_3,s1_below_2001,s2_760_2075,s4_37_47,Truck (<=6000 lbs.),s3_28_48,Deployed,s2_97_208,s1_below_1,Male,s4_96_114,s6_179_up,s3_318_464,s2_40_80,s4_5_6
15375,s2_885_1695,s2_n103_99,s4_n40_7,s1_below_4282,s1_below_2,s1_below_2001,s3_2075_3730,s6_57_up,Passenger Car,s2_11_28,Not Deployed,s2_97_208,s1_below_1,Female,s2_37_80,s3_141_159,s2_164_318,s4_160_220,s2_2_4
15376,s2_885_1695,s2_n103_99,s4_n40_7,s1_below_4282,s1_below_2,s1_below_2001,s2_760_2075,s5_47_57,Passenger Car,s4_48_64,Not Deployed,s2_97_208,s1_below_1,Male,s6_130_up,s3_141_159,s2_164_318,s3_80_160,s2_2_4
15377,s2_885_1695,s2_n103_99,s4_n40_7,s1_below_4282,s4_4_5,s1_below_2001,s2_760_2075,s3_17_37,Passenger Car,s3_28_48,Not Deployed,s2_97_208,s1_below_1,Female,s2_37_80,s3_141_159,s2_164_318,s3_80_160,s2_2_4
15378,s2_885_1695,s2_n103_99,s4_n40_7,s1_below_4282,s2_2_3,s1_below_2001,s2_760_2075,s5_47_57,Passenger Car,s3_28_48,Deployed,s2_97_208,s1_below_1,Male,s3_80_96,s3_141_159,s2_164_318,s3_80_160,s2_2_4
15379,s2_885_1695,s2_n103_99,s4_n40_7,s1_below_4282,s3_3_4,s1_below_2001,s2_760_2075,s4_37_47,Passenger Car,s3_28_48,Deployed,s2_97_208,s1_below_1,Female,s4_96_114,s3_141_159,s2_164_318,s4_160_220,s2_2_4
15380,s2_885_1695,s2_n103_99,s4_n40_7,s1_below_4282,s1_below_2,s2_2001_2003,s2_760_2075,s3_17_37,Passenger Car,s3_28_48,Deployed,s2_97_208,s1_below_1,Female,s3_80_96,s3_141_159,s2_164_318,s3_80_160,s2_2_4
15381,s2_885_1695,s2_n103_99,s4_n40_7,s1_below_4282,s1_below_2,s2_2001_2003,s2_760_2075,s4_37_47,Passenger Car,s3_28_48,Not Deployed,s2_97_208,s1_below_1,Female,s2_37_80,s3_141_159,s2_164_318,s4_160_220,s2_2_4
15382,s2_885_1695,s2_n103_99,s4_n40_7,s1_below_4282,s1_below_2,s1_below_2001,s2_760_2075,s5_47_57,Passenger Car,s4_48_64,Not Deployed,s2_97_208,s4_3_4,Male,s2_37_80,s3_141_159,s2_164_318,s2_40_80,s2_2_4
15383,s3_1695_2555,s2_n103_99,s4_n40_7,s1_below_4282,s1_below_2,s1_below_2001,s2_760_2075,s3_17_37,Passenger Car,s4_48_64,Not Deployed,s2_97_208,s1_below_1,Male,s2_37_80,s3_141_159,s2_164_318,s3_80_160,s2_2_4
15384,s2_885_1695,s2_n103_99,s4_n40_7,s1_below_4282,s1_below_2,s1_below_2001,s2_760_2075,s6_57_up,Passenger Car,s3_28_48,Deployed,s2_97_208,s1_below_1,Male,s2_37_80,s3_141_159,s2_164_318,s3_80_160,s2_2_4
15385,s2_885_1695,s2_n103_99,s4_n40_7,s1_below_4282,s1_below_2,s1_below_2001,s2_760_2075,s4_37_47,Truck (<=6000 lbs.),s2_11_28,Deployed,s2_97_208,s1_below_1,Female,s2_37_80,s4_159_169,s2_164_318,s3_80_160,s3_4_5
15386,s2_885_1695,s2_n103_99,s3_n81_n40,s1_below_4282,s1_below_2,s1_below_2001,s2_760_2075,s4_37_47,Truck (<=6000 lbs.),s2_11_28,Deployed,s2_97_208,s2_1_2,Male,s2_37_80,s2_116_141,s2_164_318,s3_80_160,s2_2_4
15387,s2_885_1695,s2_n103_99,s4_n40_7,s1_below_4282,s1_below_2,s1_below_2001,s2_760_2075,s4_37_47,Truck (<=6000 lbs.),s4_48_64,Deployed,s2_97_208,s1_below_1,Female,s2_37_80,s4_159_169,s2_164_318,s3_80_160,s2_2_4
15388,s3_1695_2555,s2_n103_99,s4_n40_7,s1_below_4282,s2_2_3,s2_2001_2003,s2_760_2075,s3_17_37,Passenger Car,s3_28_48,Not Deployed,s2_97_208,s1_below_1,Male,s3_80_96,s4_159_169,s2_164_318,s3_80_160,s2_2_4
15389,s2_885_1695,s2_n103_99,s4_n40_7,s1_below_4282,s3_3_4,s2_2001_2003,s3_2075_3730,s4_37_47,Truck (<=6000 lbs.),s5_64_76,Not Deployed,s2_97_208,s1_below_1,Male,s4_96_114,s3_141_159,s3_318_464,s5_220_260,s2_2_4
15390,s2_885_1695,s2_n103_99,s4_n40_7,s1_below_4282,s1_below_2,s2_2001_2003,s2_760_2075,s6_57_up,Passenger Car,s4_48_64,Deployed,s2_97_208,s1_below_1,Female,s2_37_80,s3_141_159,s2_164_318,s3_80_160,s2_2_4
15391,s3_1695_2555,s2_n103_99,s4_n40_7,s1_below_4282,s1_below_2,s2_2001_2003,s2_760_2075,s6_57_up,Truck (<=6000 lbs.),s3_28_48,Not Deployed,s2_97_208,s1_below_1,Male,s4_96_114,s4_159_169,s2_164_318,s3_80_160,s2_2_4
15392,s2_885_1695,s2_n103_99,s4_n40_7,s1_below_4282,s2_2_3,s2_2001_2003,s2_760_2075,s5_47_57,Passenger Car,s2_11_28,Not Deployed,s2_97_208,s1_below_1,Female,s2_37_80,s3_141_159,s2_164_318,s2_40_80,s2_2_4
15393,s3_1695_2555,s2_n103_99,s4_n40_7,s1_below_4282,s6_6_up,s2_2001_2003,s2_760_2075,s4_37_47,Truck (<=6000 lbs.),s2_11_28,Deployed,s2_97_208,s1_below_1,Male,s3_80_96,s3_141_159,s3_318_464,s3_80_160,s3_4_5
15394,s2_885_1695,s2_n103_99,s4_n40_7,s1_below_4282,s2_2_3,s1_below_2001,s3_2075_3730,s3_17_37,Passenger Car,s4_48_64,Not Deployed,s2_97_208,s1_below_1,Female,s2_37_80,s3_141_159,s2_164_318,s3_80_160,s2_2_4
15395,s2_885_1695,s2_n103_99,s4_n40_7,s1_below_4282,s4_4_5,s1_below_2001,s2_760_2075,s3_17_37,Passenger Car,s2_11_28,Deployed,s2_97_208,s1_below_1,Female,s2_37_80,s3_141_159,s2_164_318,s3_80_160,s2_2_4
15396,s2_885_1695,s2_n103_99,s5_7_up,s1_below_4282,s1_below_2,s1_below_2001,s2_760_2075,s3_17_37,Passenger Car,s2_11_28,Not Deployed,s2_97_208,s1_below_1,Male,s3_80_96,s3_141_159,s2_164_318,s6_260_up,s2_2_4
15397,s2_885_1695,s2_n103_99,s4_n40_7,s1_below_4282,s3_3_4,s1_below_2001,s2_760_2075,s3_17_37,Passenger Car,s3_28_48,Deployed,s2_97_208,s1_below_1,Male,s3_80_96,s3_141_159,s2_164_318,s3_80_160,s2_2_4
15398,s2_885_1695,s2_n103_99,s4_n40_7,s1_below_4282,s4_4_5,s2_2001_2003,s2_760_2075,s4_37_47,Passenger Car,s4_48_64,Deployed,s2_97_208,s3_2_3,Male,s3_80_96,s3_141_159,s2_164_318,s4_160_220,s2_2_4
15399,s3_1695_2555,s2_n103_99,s4_n40_7,s1_below_4282,s4_4_5,s2_2001_2003,s2_760_2075,s4_37_47,Passenger Car,s3_28_48,Deployed,s2_97_208,s2_1_2,Male,s4_96_114,s4_159_169,s2_164_318,s3_80_160,s2_2_4
15400,s2_885_1695,s2_n103_99,s4_n40_7,s1_below_4282,s2_2_3,s1_below_2001,s3_2075_3730,s6_57_up,Passenger Car,s2_11_28,Not Deployed,s2_97_208,s1_below_1,Female,s2_37_80,s3_141_159,s2_164_318,s4_160_220,s2_2_4
15401,s2_885_1695,s2_n103_99,s5_7_up,s1_below_4282,s1_below_2,s2_2001_2003,s2_760_2075,s6_57_up,Passenger Car,s3_28_48,Not Deployed,s2_97_208,s1_below_1,Female,s4_96_114,s3_141_159,s2_164_318,s6_260_up,s2_2_4
15402,s3_1695_2555,s2_n103_99,s4_n40_7,s1_below_4282,s1_below_2,s1_below_2001,s2_760_2075,s4_37_47,Truck (<=6000 lbs.),s3_28_48,Deployed,s2_97_208,s2_1_2,Female,s2_37_80,s4_159_169,s2_164_318,s3_80_160,s3_4_5
15403,s3_1695_2555,s2_n103_99,s3_n81_n40,s1_below_4282,s1_below_2,s1_below_2001,s2_760_2075,s6_57_up,Truck (<=10000 lbs.),s3_28_48,Deployed,s2_97_208,s2_1_2,Male,s3_80_96,s4_159_169,s3_318_464,s3_80_160,s4_5_6
15404,s2_885_1695,s2_n103_99,s4_n40_7,s1_below_4282,s1_below_2,s1_below_2001,s2_760_2075,s5_47_57,Passenger Car,s3_28_48,Not Deployed,s2_97_208,s3_2_3,Female,s2_37_80,s3_141_159,s2_164_318,s2_40_80,s2_2_4
15405,s2_885_1695,s2_n103_99,s5_7_up,s1_below_4282,s1_below_2,s2_2001_2003,s2_760_2075,s4_37_47,Passenger Car,s2_11_28,Not Deployed,s2_97_208,s3_2_3,Male,s2_37_80,s3_141_159,s2_164_318,s1_below_40,s2_2_4
15406,s4_2555_3715,s2_n103_99,s4_n40_7,s1_below_4282,s3_3_4,s2_2001_2003,s2_760_2075,s5_47_57,Truck (<=10000 lbs.),s4_48_64,Deployed,s2_97_208,s1_below_1,Female,s3_80_96,s5_169_179,s3_318_464,s3_80_160,s4_5_6
15407,s3_1695_2555,s2_n103_99,s4_n40_7,s1_below_4282,s1_below_2,s2_2001_2003,s2_760_2075,s3_17_37,Truck (<=6000 lbs.),s3_28_48,Not Deployed,s2_97_208,s1_below_1,Male,s2_37_80,s3_141_159,s2_164_318,s3_80_160,s2_2_4
15408,s4_2555_3715,s2_n103_99,s4_n40_7,s1_below_4282,s1_below_2,s2_2001_2003,s3_2075_3730,s3_17_37,Truck (<=10000 lbs.),s3_28_48,Not Deployed,s2_97_208,s1_below_1,Female,s2_37_80,s4_159_169,s3_318_464,s2_40_80,s4_5_6
15409,s2_885_1695,s2_n103_99,s4_n40_7,s1_below_4282,s4_4_5,s2_2001_2003,s2_760_2075,s4_37_47,Passenger Car,s2_11_28,Not Deployed,s2_97_208,s1_below_1,Female,s2_37_80,s3_141_159,s2_164_318,s3_80_160,s2_2_4
15410,s2_885_1695,s2_n103_99,s4_n40_7,s1_below_4282,s3_3_4,s1_below_2001,s2_760_2075,s6_57_up,Passenger Car,s3_28_48,Deployed,s2_97_208,s3_2_3,Male,s3_80_96,s3_141_159,s2_164_318,s3_80_160,s2_2_4
15411,s3_1695_2555,s2_n103_99,s4_n40_7,s1_below_4282,s3_3_4,s1_below_2001,s2_760_2075,s3_17_37,Passenger Car,s3_28_48,Deployed,s2_97_208,s1_below_1,Male,s2_37_80,s4_159_169,s2_164_318,s3_80_160,s2_2_4
15412,s2_885_1695,s2_n103_99,s4_n40_7,s1_below_4282,s1_below_2,s1_below_2001,s3_2075_3730,s1_below_7,Passenger Car,s5_64_76,Deployed,s2_97_208,s3_2_3,Male,s3_80_96,s3_141_159,s2_164_318,s2_40_80,s2_2_4
15413,s4_2555_3715,s2_n103_99,s4_n40_7,s1_below_4282,s3_3_4,s2_2001_2003,s2_760_2075,s4_37_47,Truck (<=10000 lbs.),s2_11_28,Not Deployed,s2_97_208,s1_below_1,Male,s4_96_114,s4_159_169,s3_318_464,s3_80_160,s4_5_6
15414,s3_1695_2555,s2_n103_99,s4_n40_7,s1_below_4282,s4_4_5,s1_below_2001,s2_760_2075,s4_37_47,Truck (<=6000 lbs.),s3_28_48,Deployed,s2_97_208,s1_below_1,Male,s3_80_96,s2_116_141,s2_164_318,s3_80_160,s2_2_4
15415,s3_1695_2555,s2_n103_99,s3_n81_n40,s1_below_4282,s1_below_2,s2_2001_2003,s2_760_2075,s5_47_57,Truck (<=6000 lbs.),s4_48_64,Deployed,s2_97_208,s3_2_3,Male,s2_37_80,s2_116_141,s2_164_318,s3_80_160,s2_2_4
15416,s2_885_1695,s2_n103_99,s4_n40_7,s1_below_4282,s3_3_4,s1_below_2001,s2_760_2075,s4_37_47,Truck (<=6000 lbs.),s6_76_up,Deployed,s2_97_208,s1_below_1,Male,s3_80_96,s3_141_159,s2_164_318,s3_80_160,s2_2_4
15417,s2_885_1695,s2_n103_99,s4_n40_7,s1_below_4282,s1_below_2,s1_below_2001,s2_760_2075,s3_17_37,Passenger Car,s2_11_28,Not Deployed,s2_97_208,s1_below_1,Female,s2_37_80,s3_141_159,s2_164_318,s2_40_80,s2_2_4
15418,s2_885_1695,s2_n103_99,s4_n40_7,s1_below_4282,s5_5_6,s2_2001_2003,s2_760_2075,s3_17_37,Passenger Car,s4_48_64,Deployed,s2_97_208,s1_below_1,Male,s3_80_96,s3_141_159,s2_164_318,s3_80_160,s2_2_4
15419,s2_885_1695,s2_n103_99,s4_n40_7,s1_below_4282,s4_4_5,s2_2001_2003,s2_760_2075,s4_37_47,Passenger Car,s2_11_28,Not Deployed,s2_97_208,s2_1_2,Female,s2_37_80,s3_141_159,s2_164_318,s3_80_160,s2_2_4
15420,s3_1695_2555,s2_n103_99,s5_7_up,s1_below_4282,s3_3_4,s2_2001_2003,s2_760_2075,s5_47_57,Truck (<=6000 lbs.),s3_28_48,Not Deployed,s2_97_208,s1_below_1,Female,s2_37_80,s2_116_141,s2_164_318,s6_260_up,s2_2_4
15421,s2_885_1695,s2_n103_99,s4_n40_7,s1_below_4282,s4_4_5,s1_below_2001,s2_760_2075,s3_17_37,Passenger Car,s2_11_28,Not Deployed,s2_97_208,s1_below_1,Female,s2_37_80,s3_141_159,s2_164_318,s3_80_160,s2_2_4
15422,s2_885_1695,s2_n103_99,s5_7_up,s1_below_4282,s3_3_4,s1_below_2001,s2_760_2075,s3_17_37,Passenger Car,s2_11_28,Not Deployed,s2_97_208,s1_below_1,Female,s2_37_80,s3_141_159,s2_164_318,s1_below_40,s2_2_4
15423,s2_885_1695,s2_n103_99,s4_n40_7,s1_below_4282,s1_below_2,s1_below_2001,s2_760_2075,s5_47_57,Passenger Car,s2_11_28,Deployed,s2_97_208,s1_below_1,Male,s3_80_96,s3_141_159,s2_164_318,s2_40_80,s2_2_4
15424,s2_885_1695,s2_n103_99,s4_n40_7,s1_below_4282,s4_4_5,s1_below_2001,s2_760_2075,s4_37_47,Passenger Car,s3_28_48,Not Deployed,s2_97_208,s3_2_3,Male,s2_37_80,s3_141_159,s2_164_318,s2_40_80,s2_2_4
15425,s3_1695_2555,s2_n103_99,s4_n40_7,s1_below_4282,s4_4_5,s2_2001_2003,s2_760_2075,s4_37_47,Truck (<=10000 lbs.),s4_48_64,Deployed,s2_97_208,s1_below_1,Female,s2_37_80,s3_141_159,s2_164_318,s3_80_160,s2_2_4
15426,s2_885_1695,s2_n103_99,s4_n40_7,s1_below_4282,s1_below_2,s1_below_2001,s2_760_2075,s5_47_57,Passenger Car,s2_11_28,Not Deployed,s2_97_208,s1_below_1,Male,s3_80_96,s3_141_159,s2_164_318,s2_40_80,s2_2_4
15427,s2_885_1695,s2_n103_99,s4_n40_7,s1_below_4282,s1_below_2,s2_2001_2003,s3_2075_3730,s3_17_37,Passenger Car,s5_64_76,Not Deployed,s2_97_208,s1_below_1,Male,s2_37_80,s3_141_159,s2_164_318,s3_80_160,s2_2_4
15428,s2_885_1695,s2_n103_99,s4_n40_7,s1_below_4282,s1_below_2,s2_2001_2003,s2_760_2075,s5_47_57,Passenger Car,s5_64_76,Not Deployed,s2_97_208,s4_3_4,Male,s2_37_80,s3_141_159,s2_164_318,s2_40_80,s2_2_4
15429,s3_1695_2555,s2_n103_99,s4_n40_7,s1_below_4282,s1_below_2,s2_2001_2003,s2_760_2075,s5_47_57,Truck (<=6000 lbs.),s3_28_48,Deployed,s2_97_208,s1_below_1,Male,s3_80_96,s4_159_169,s2_164_318,s3_80_160,s2_2_4
15430,s3_1695_2555,s2_n103_99,s4_n40_7,s1_below_4282,s1_below_2,s2_2001_2003,s2_760_2075,s5_47_57,Truck (<=10000 lbs.),s4_48_64,Not Deployed,s2_97_208,s1_below_1,Male,s2_37_80,s4_159_169,s2_164_318,s3_80_160,s3_4_5
15431,s2_885_1695,s2_n103_99,s4_n40_7,s1_below_4282,s2_2_3,s1_below_2001,s2_760_2075,s4_37_47,Passenger Car,s4_48_64,Not Deployed,s2_97_208,s1_below_1,Female,s2_37_80,s3_141_159,s2_164_318,s3_80_160,s2_2_4
15432,s2_885_1695,s2_n103_99,s4_n40_7,s1_below_4282,s2_2_3,s2_2001_2003,s2_760_2075,s5_47_57,Passenger Car,s6_76_up,Deployed,s2_97_208,s1_below_1,Male,s2_37_80,s3_141_159,s2_164_318,s4_160_220,s2_2_4
15433,s2_885_1695,s2_n103_99,s4_n40_7,s1_below_4282,s4_4_5,s1_below_2001,s2_760_2075,s5_47_57,Passenger Car,s6_76_up,Deployed,s2_97_208,s2_1_2,Male,s2_37_80,s3_141_159,s2_164_318,s3_80_160,s2_2_4
15434,s3_1695_2555,s2_n103_99,s4_n40_7,s1_below_4282,s3_3_4,s1_below_2001,s2_760_2075,s3_17_37,Passenger Car,s5_64_76,Not Deployed,s2_97_208,s1_below_1,Male,s3_80_96,s3_141_159,s2_164_318,s4_160_220,s2_2_4
15435,s3_1695_2555,s2_n103_99,s4_n40_7,s1_below_4282,s3_3_4,s2_2001_2003,s2_760_2075,s6_57_up,Truck (<=6000 lbs.),s3_28_48,Deployed,s2_97_208,s1_below_1,Female,s2_37_80,s3_141_159,s2_164_318,s3_80_160,s2_2_4
15436,s3_1695_2555,s2_n103_99,s4_n40_7,s1_below_4282,s5_5_6,s1_below_2001,s3_2075_3730,s4_37_47,Truck (<=10000 lbs.),s4_48_64,Not Deployed,s2_97_208,s1_below_1,Male,s3_80_96,s5_169_179,s3_318_464,s3_80_160,s4_5_6
15437,s2_885_1695,s2_n103_99,s5_7_up,s1_below_4282,s4_4_5,s1_below_2001,s2_760_2075,s4_37_47,Passenger Car,s3_28_48,Not Deployed,s2_97_208,s1_below_1,Male,s4_96_114,s3_141_159,s2_164_318,s6_260_up,s2_2_4
15438,s2_885_1695,s2_n103_99,s4_n40_7,s1_below_4282,s2_2_3,s2_2001_2003,s2_760_2075,s4_37_47,Passenger Car,s3_28_48,Not Deployed,s2_97_208,s1_below_1,Female,s2_37_80,s3_141_159,s2_164_318,s4_160_220,s2_2_4
15439,s2_885_1695,s2_n103_99,s4_n40_7,s1_below_4282,s2_2_3,s1_below_2001,s2_760_2075,s4_37_47,Passenger Car,s2_11_28,Deployed,s2_97_208,s1_below_1,Male,s3_80_96,s3_141_159,s2_164_318,s3_80_160,s2_2_4
15440,s3_1695_2555,s2_n103_99,s4_n40_7,s1_below_4282,s3_3_4,s2_2001_2003,s2_760_2075,s3_17_37,Truck (<=6000 lbs.),s2_11_28,Not Deployed,s2_97_208,s1_below_1,Female,s4_96_114,s4_159_169,s2_164_318,s3_80_160,s2_2_4
15441,s3_1695_2555,s2_n103_99,s4_n40_7,s1_below_4282,s1_below_2,s2_2001_2003,s2_760_2075,s5_47_57,Truck (<=6000 lbs.),s3_28_48,Deployed,s2_97_208,s1_below_1,Female,s2_37_80,s4_159_169,s2_164_318,s3_80_160,s3_4_5
15442,s2_885_1695,s2_n103_99,s4_n40_7,s1_below_4282,s2_2_3,s2_2001_2003,s3_2075_3730,s5_47_57,Passenger Car,s3_28_48,Not Deployed,s2_97_208,s1_below_1,Male,s2_37_80,s3_141_159,s2_164_318,s4_160_220,s2_2_4
15443,s3_1695_2555,s2_n103_99,s4_n40_7,s1_below_4282,s4_4_5,s2_2001_2003,s2_760_2075,s5_47_57,Truck (<=6000 lbs.),s4_48_64,Not Deployed,s2_97_208,s1_below_1,Female,s2_37_80,s3_141_159,s2_164_318,s3_80_160,s2_2_4
15444,s2_885_1695,s2_n103_99,s4_n40_7,s1_below_4282,s4_4_5,s2_2001_2003,s2_760_2075,s5_47_57,Passenger Car,s4_48_64,Deployed,s2_97_208,s1_below_1,Male,s4_96_114,s3_141_159,s2_164_318,s3_80_160,s2_2_4
15445,s2_885_1695,s2_n103_99,s4_n40_7,s1_below_4282,s3_3_4,s1_below_2001,s2_760_2075,s4_37_47,Passenger Car,s2_11_28,Deployed,s2_97_208,s1_below_1,Male,s2_37_80,s2_116_141,s2_164_318,s3_80_160,s2_2_4
15446,s3_1695_2555,s2_n103_99,s4_n40_7,s1_below_4282,s1_below_2,s2_2001_2003,s3_2075_3730,s4_37_47,Truck (<=10000 lbs.),s3_28_48,Deployed,s2_97_208,s1_below_1,Female,s3_80_96,s4_159_169,s3_318_464,s3_80_160,s4_5_6
15447,s2_885_1695,s2_n103_99,s4_n40_7,s1_below_4282,s4_4_5,s2_2001_2003,s2_760_2075,s3_17_37,Passenger Car,s2_11_28,Deployed,s2_97_208,s1_below_1,Female,s3_80_96,s3_141_159,s2_164_318,s2_40_80,s2_2_4
15448,s2_885_1695,s2_n103_99,s5_7_up,s1_below_4282,s2_2_3,s1_below_2001,s3_2075_3730,s4_37_47,Passenger Car,s2_11_28,Not Deployed,s2_97_208,s1_below_1,Female,s6_130_up,s3_141_159,s2_164_318,s5_220_260,s2_2_4
15449,s2_885_1695,s2_n103_99,s4_n40_7,s1_below_4282,s4_4_5,s1_below_2001,s2_760_2075,s3_17_37,Passenger Car,s2_11_28,Deployed,s2_97_208,s1_below_1,Male,s3_80_96,s2_116_141,s2_164_318,s4_160_220,s2_2_4
15450,s3_1695_2555,s2_n103_99,s4_n40_7,s1_below_4282,s1_below_2,s1_below_2001,s3_2075_3730,s5_47_57,Truck (<=10000 lbs.),s4_48_64,Not Deployed,s2_97_208,s1_below_1,Male,s6_130_up,s5_169_179,s3_318_464,s3_80_160,s4_5_6
15451,s2_885_1695,s2_n103_99,s5_7_up,s1_below_4282,s3_3_4,s2_2001_2003,s2_760_2075,s3_17_37,Passenger Car,s4_48_64,Not Deployed,s2_97_208,s1_below_1,Female,s3_80_96,s3_141_159,s2_164_318,s5_220_260,s2_2_4
15452,s2_885_1695,s2_n103_99,s4_n40_7,s1_below_4282,s3_3_4,s2_2001_2003,s3_2075_3730,s3_17_37,Passenger Car,s3_28_48,Deployed,s2_97_208,s1_below_1,Female,s2_37_80,s3_141_159,s2_164_318,s3_80_160,s2_2_4
15453,s2_885_1695,s2_n103_99,s4_n40_7,s1_below_4282,s1_below_2,s1_below_2001,s2_760_2075,s6_57_up,Passenger Car,s2_11_28,Not Deployed,s2_97_208,s1_below_1,Male,s2_37_80,s3_141_159,s2_164_318,s3_80_160,s2_2_4
15454,s3_1695_2555,s2_n103_99,s5_7_up,s1_below_4282,s1_below_2,s2_2001_2003,s2_760_2075,s6_57_up,Passenger Car,s3_28_48,Not Deployed,s2_97_208,s1_below_1,Male,s2_37_80,s4_159_169,s2_164_318,s6_260_up,s2_2_4
15455,s2_885_1695,s2_n103_99,s4_n40_7,s1_below_4282,s1_below_2,s1_below_2001,s2_760_2075,s4_37_47,Passenger Car,s2_11_28,Deployed,s2_97_208,s1_below_1,Female,s2_37_80,s3_141_159,s2_164_318,s3_80_160,s2_2_4
15456,s3_1695_2555,s2_n103_99,s5_7_up,s1_below_4282,s1_below_2,s1_below_2001,s2_760_2075,s6_57_up,Truck (<=6000 lbs.),s3_28_48,Not Deployed,s2_97_208,s1_below_1,Female,s3_80_96,s3_141_159,s2_164_318,s6_260_up,s3_4_5
15457,s2_885_1695,s2_n103_99,s4_n40_7,s1_below_4282,s5_5_6,s2_2001_2003,s2_760_2075,s3_17_37,Passenger Car,s2_11_28,Deployed,s2_97_208,s1_below_1,Male,s2_37_80,s3_141_159,s2_164_318,s3_80_160,s2_2_4
15458,s3_1695_2555,s2_n103_99,s4_n40_7,s1_below_4282,s4_4_5,s2_2001_2003,s2_760_2075,s3_17_37,Truck (<=10000 lbs.),s3_28_48,Deployed,s2_97_208,s1_below_1,Male,s4_96_114,s4_159_169,s3_318_464,s2_40_80,s4_5_6
15459,s2_885_1695,s2_n103_99,s4_n40_7,s1_below_4282,s4_4_5,s2_2001_2003,s2_760_2075,s4_37_47,Passenger Car,s3_28_48,Not Deployed,s2_97_208,s1_below_1,Female,s2_37_80,s3_141_159,s2_164_318,s2_40_80,s2_2_4
15460,s2_885_1695,s2_n103_99,s4_n40_7,s1_below_4282,s4_4_5,s2_2001_2003,s2_760_2075,s4_37_47,Passenger Car,s3_28_48,Deployed,s2_97_208,s2_1_2,Female,s4_96_114,s3_141_159,s2_164_318,s3_80_160,s2_2_4
15461,s2_885_1695,s2_n103_99,s4_n40_7,s1_below_4282,s1_below_2,s2_2001_2003,s2_760_2075,s5_47_57,Passenger Car,s4_48_64,Deployed,s2_97_208,s1_below_1,Female,s3_80_96,s3_141_159,s2_164_318,s3_80_160,s2_2_4
15462,s2_885_1695,s2_n103_99,s4_n40_7,s1_below_4282,s4_4_5,s1_below_2001,s2_760_2075,s3_17_37,Passenger Car,s2_11_28,Deployed,s2_97_208,s3_2_3,Male,s2_37_80,s3_141_159,s2_164_318,s3_80_160,s2_2_4
15463,s3_1695_2555,s2_n103_99,s4_n40_7,s1_below_4282,s1_below_2,s1_below_2001,s2_760_2075,s4_37_47,Truck (<=10000 lbs.),s2_11_28,Not Deployed,s2_97_208,s1_below_1,Male,s4_96_114,s5_169_179,s2_164_318,s4_160_220,s3_4_5
15464,s3_1695_2555,s2_n103_99,s4_n40_7,s1_below_4282,s3_3_4,s2_2001_2003,s3_2075_3730,s5_47_57,Passenger Car,s3_28_48,Deployed,s2_97_208,s1_below_1,Male,s4_96_114,s4_159_169,s2_164_318,s2_40_80,s2_2_4
15465,s2_885_1695,s2_n103_99,s4_n40_7,s1_below_4282,s4_4_5,s2_2001_2003,s2_760_2075,s3_17_37,Passenger Car,s2_11_28,Not Deployed,s2_97_208,s1_below_1,Male,s2_37_80,s3_141_159,s2_164_318,s3_80_160,s2_2_4
15466,s2_885_1695,s2_n103_99,s4_n40_7,s1_below_4282,s4_4_5,s1_below_2001,s2_760_2075,s3_17_37,Passenger Car,s4_48_64,Deployed,s2_97_208,s3_2_3,Male,s4_96_114,s3_141_159,s2_164_318,s3_80_160,s2_2_4
15467,s2_885_1695,s2_n103_99,s4_n40_7,s1_below_4282,s4_4_5,s2_2001_2003,s2_760_2075,s4_37_47,Passenger Car,s4_48_64,Deployed,s2_97_208,s1_below_1,Male,s4_96_114,s3_141_159,s2_164_318,s4_160_220,s2_2_4
15468,s2_885_1695,s2_n103_99,s4_n40_7,s1_below_4282,s3_3_4,s2_2001_2003,s2_760_2075,s4_37_47,Truck (<=6000 lbs.),s3_28_48,Not Deployed,s2_97_208,s1_below_1,Female,s3_80_96,s2_116_141,s2_164_318,s4_160_220,s2_2_4
15469,s2_885_1695,s2_n103_99,s4_n40_7,s1_below_4282,s1_below_2,s1_below_2001,s2_760_2075,s6_57_up,Truck (<=6000 lbs.),s3_28_48,Not Deployed,s2_97_208,s1_below_1,Male,s3_80_96,s3_141_159,s2_164_318,s4_160_220,s2_2_4
15470,s2_885_1695,s2_n103_99,s4_n40_7,s1_below_4282,s1_below_2,s1_below_2001,s2_760_2075,s6_57_up,Passenger Car,s4_48_64,Not Deployed,s2_97_208,s1_below_1,Female,s2_37_80,s3_141_159,s2_164_318,s3_80_160,s2_2_4
15471,s4_2555_3715,s2_n103_99,s4_n40_7,s1_below_4282,s3_3_4,s1_below_2001,s2_760_2075,s5_47_57,Truck (<=10000 lbs.),s3_28_48,Not Deployed,s2_97_208,s1_below_1,Male,s3_80_96,s5_169_179,s3_318_464,s3_80_160,s5_6_7
15472,s2_885_1695,s2_n103_99,s4_n40_7,s1_below_4282,s4_4_5,s2_2001_2003,s2_760_2075,s5_47_57,Passenger Car,s2_11_28,Deployed,s2_97_208,s1_below_1,Female,s2_37_80,s3_141_159,s2_164_318,s4_160_220,s2_2_4
15473,s3_1695_2555,s2_n103_99,s4_n40_7,s1_below_4282,s3_3_4,s2_2001_2003,s2_760_2075,s3_17_37,Truck (<=6000 lbs.),s3_28_48,Not Deployed,s2_97_208,s1_below_1,Female,s2_37_80,s3_141_159,s2_164_318,s3_80_160,s2_2_4
15474,s3_1695_2555,s2_n103_99,s4_n40_7,s1_below_4282,s1_below_2,s1_below_2001,s2_760_2075,s3_17_37,Truck (<=6000 lbs.),s3_28_48,Not Deployed,s2_97_208,s1_below_1,Female,s2_37_80,s3_141_159,s2_164_318,s3_80_160,s2_2_4
15475,s3_1695_2555,s2_n103_99,s4_n40_7,s1_below_4282,s4_4_5,s1_below_2001,s2_760_2075,s3_17_37,Truck (<=10000 lbs.),s2_11_28,Deployed,s2_97_208,s1_below_1,Female,s2_37_80,s3_141_159,s2_164_318,s3_80_160,s2_2_4
15476,s2_885_1695,s2_n103_99,s4_n40_7,s1_below_4282,s2_2_3,s2_2001_2003,s2_760_2075,s6_57_up,Passenger Car,s2_11_28,Deployed,s2_97_208,s2_1_2,Male,s2_37_80,s3_141_159,s2_164_318,s3_80_160,s2_2_4
15477,s2_885_1695,s2_n103_99,s4_n40_7,s1_below_4282,s1_below_2,s1_below_2001,s2_760_2075,s3_17_37,Passenger Car,s3_28_48,Not Deployed,s2_97_208,s1_below_1,Female,s3_80_96,s3_141_159,s2_164_318,s3_80_160,s2_2_4
15478,s3_1695_2555,s2_n103_99,s4_n40_7,s1_below_4282,s1_below_2,s1_below_2001,s2_760_2075,s5_47_57,Truck (<=6000 lbs.),s3_28_48,Not Deployed,s2_97_208,s1_below_1,Female,s2_37_80,s3_141_159,s2_164_318,s2_40_80,s2_2_4
15479,s3_1695_2555,s2_n103_99,s4_n40_7,s1_below_4282,s1_below_2,s2_2001_2003,s2_760_2075,s5_47_57,Passenger Car,s3_28_48,Deployed,s2_97_208,s1_below_1,Male,s2_37_80,s4_159_169,s2_164_318,s3_80_160,s2_2_4
15480,s4_2555_3715,s2_n103_99,s4_n40_7,s1_below_4282,s4_4_5,s1_below_2001,s2_760_2075,s4_37_47,Truck (<=10000 lbs.),s2_11_28,Deployed,s2_97_208,s1_below_1,Female,s2_37_80,s4_159_169,s3_318_464,s4_160_220,s5_6_7
15481,s2_885_1695,s2_n103_99,s4_n40_7,s1_below_4282,s1_below_2,s2_2001_2003,s2_760_2075,s5_47_57,Passenger Car,s3_28_48,Not Deployed,s2_97_208,s1_below_1,Female,s2_37_80,s3_141_159,s2_164_318,s3_80_160,s2_2_4
15482,s2_885_1695,s2_n103_99,s4_n40_7,s1_below_4282,s1_below_2,s1_below_2001,s2_760_2075,s5_47_57,Passenger Car,s2_11_28,Deployed,s2_97_208,s1_below_1,Female,s2_37_80,s3_141_159,s2_164_318,s3_80_160,s2_2_4
15483,s3_1695_2555,s2_n103_99,s4_n40_7,s1_below_4282,s3_3_4,s1_below_2001,s2_760_2075,s5_47_57,Truck (<=10000 lbs.),s3_28_48,Not Deployed,s2_97_208,s1_below_1,Male,s4_96_114,s5_169_179,s3_318_464,s3_80_160,s4_5_6
15484,s2_885_1695,s2_n103_99,s4_n40_7,s1_below_4282,s1_below_2,s1_below_2001,s2_760_2075,s5_47_57,Passenger Car,s3_28_48,Deployed,s2_97_208,s1_below_1,Female,s2_37_80,s3_141_159,s2_164_318,s4_160_220,s2_2_4
15485,s2_885_1695,s2_n103_99,s4_n40_7,s1_below_4282,s1_below_2,s1_below_2001,s2_760_2075,s4_37_47,Passenger Car,s3_28_48,Not Deployed,s2_97_208,s1_below_1,Male,s2_37_80,s3_141_159,s2_164_318,s2_40_80,s2_2_4
15486,s2_885_1695,s2_n103_99,s4_n40_7,s1_below_4282,s2_2_3,s1_below_2001,s2_760_2075,s4_37_47,Truck (<=6000 lbs.),s3_28_48,Not Deployed,s2_97_208,s1_below_1,Female,s2_37_80,s3_141_159,s2_164_318,s2_40_80,s2_2_4
15487,s3_1695_2555,s2_n103_99,s4_n40_7,s1_below_4282,s2_2_3,s1_below_2001,s2_760_2075,s3_17_37,Truck (<=6000 lbs.),s3_28_48,Not Deployed,s2_97_208,s1_below_1,Female,s2_37_80,s3_141_159,s2_164_318,s3_80_160,s2_2_4
15488,s2_885_1695,s2_n103_99,s4_n40_7,s1_below_4282,s4_4_5,s2_2001_2003,s3_2075_3730,s6_57_up,Truck (<=6000 lbs.),s5_64_76,Deployed,s2_97_208,s1_below_1,Male,s3_80_96,s3_141_159,s2_164_318,s3_80_160,s2_2_4
15489,s2_885_1695,s2_n103_99,s4_n40_7,s1_below_4282,s4_4_5,s1_below_2001,s3_2075_3730,s3_17_37,Truck (<=6000 lbs.),s2_11_28,Deployed,s2_97_208,s1_below_1,Female,s6_130_up,s3_141_159,s2_164_318,s2_40_80,s2_2_4
15490,s2_885_1695,s2_n103_99,s4_n40_7,s1_below_4282,s1_below_2,s1_below_2001,s2_760_2075,s4_37_47,Truck (<=6000 lbs.),s3_28_48,Not Deployed,s2_97_208,s1_below_1,Female,s2_37_80,s3_141_159,s2_164_318,s3_80_160,s2_2_4
15491,s2_885_1695,s2_n103_99,s3_n81_n40,s1_below_4282,s4_4_5,s1_below_2001,s2_760_2075,s3_17_37,Truck (<=6000 lbs.),s3_28_48,Deployed,s2_97_208,s1_below_1,Male,s3_80_96,s3_141_159,s2_164_318,s3_80_160,s2_2_4
15492,s2_885_1695,s2_n103_99,s4_n40_7,s1_below_4282,s3_3_4,s2_2001_2003,s2_760_2075,s4_37_47,Passenger Car,s2_11_28,Deployed,s2_97_208,s1_below_1,Male,s2_37_80,s3_141_159,s2_164_318,s3_80_160,s2_2_4
15493,s2_885_1695,s2_n103_99,s4_n40_7,s1_below_4282,s3_3_4,s1_below_2001,s2_760_2075,s4_37_47,Passenger Car,s2_11_28,Deployed,s2_97_208,s1_below_1,Male,s2_37_80,s3_141_159,s2_164_318,s3_80_160,s2_2_4
15494,s2_885_1695,s2_n103_99,s5_7_up,s1_below_4282,s3_3_4,s1_below_2001,s2_760_2075,s4_37_47,Passenger Car,s3_28_48,Not Deployed,s2_97_208,s1_below_1,Male,s3_80_96,s3_141_159,s2_164_318,s6_260_up,s2_2_4
15495,s2_885_1695,s2_n103_99,s4_n40_7,s1_below_4282,s4_4_5,s2_2001_2003,s2_760_2075,s3_17_37,Passenger Car,s3_28_48,Not Deployed,s2_97_208,s1_below_1,Male,s2_37_80,s3_141_159,s2_164_318,s4_160_220,s2_2_4
15496,s2_885_1695,s2_n103_99,s4_n40_7,s1_below_4282,s1_below_2,s1_below_2001,s2_760_2075,s3_17_37,Passenger Car,s3_28_48,Not Deployed,s2_97_208,s1_below_1,Female,s3_80_96,s3_141_159,s2_164_318,s2_40_80,s2_2_4
15497,s2_885_1695,s2_n103_99,s4_n40_7,s1_below_4282,s3_3_4,s2_2001_2003,s2_760_2075,s3_17_37,Passenger Car,s3_28_48,Deployed,s2_97_208,s1_below_1,Female,s2_37_80,s3_141_159,s2_164_318,s2_40_80,s2_2_4
15498,s2_885_1695,s2_n103_99,s4_n40_7,s1_below_4282,s1_below_2,s2_2001_2003,s2_760_2075,s3_17_37,Truck (<=6000 lbs.),s2_11_28,Not Deployed,s2_97_208,s1_below_1,Male,s2_37_80,s3_141_159,s2_164_318,s2_40_80,s2_2_4
15499,s2_885_1695,s2_n103_99,s4_n40_7,s1_below_4282,s1_below_2,s2_2001_2003,s2_760_2075,s3_17_37,Passenger Car,s3_28_48,Not Deployed,s2_97_208,s1_below_1,Male,s2_37_80,s3_141_159,s2_164_318,s3_80_160,s2_2_4
15500,s3_1695_2555,s2_n103_99,s4_n40_7,s1_below_4282,s4_4_5,s2_2001_2003,s2_760_2075,s3_17_37,Truck (<=10000 lbs.),s2_11_28,Deployed,s2_97_208,s1_below_1,Male,s2_37_80,s5_169_179,s3_318_464,s3_80_160,s5_6_7
15501,s2_885_1695,s2_n103_99,s4_n40_7,s1_below_4282,s5_5_6,s2_2001_2003,s2_760_2075,s6_57_up,Passenger Car,s5_64_76,Deployed,s2_97_208,s1_below_1,Female,s2_37_80,s3_141_159,s2_164_318,s3_80_160,s2_2_4
15502,s3_1695_2555,s2_n103_99,s4_n40_7,s1_below_4282,s1_below_2,s2_2001_2003,s2_760_2075,s3_17_37,Passenger Car,s5_64_76,Deployed,s2_97_208,s4_3_4,Male,s3_80_96,s4_159_169,s2_164_318,s3_80_160,s2_2_4
15503,s2_885_1695,s2_n103_99,s4_n40_7,s1_below_4282,s1_below_2,s1_below_2001,s2_760_2075,s3_17_37,Passenger Car,s5_64_76,Deployed,s2_97_208,s1_below_1,Female,s2_37_80,s3_141_159,s2_164_318,s3_80_160,s2_2_4
15504,s3_1695_2555,s2_n103_99,s4_n40_7,s1_below_4282,s1_below_2,s2_2001_2003,s2_760_2075,s3_17_37,Truck (<=10000 lbs.),s3_28_48,Not Deployed,s2_97_208,s1_below_1,Female,s2_37_80,s4_159_169,s3_318_464,s4_160_220,s4_5_6
15505,s2_885_1695,s2_n103_99,s4_n40_7,s1_below_4282,s2_2_3,s2_2001_2003,s2_760_2075,s3_17_37,Passenger Car,s4_48_64,Deployed,s2_97_208,s1_below_1,Male,s4_96_114,s3_141_159,s2_164_318,s2_40_80,s2_2_4
15506,s2_885_1695,s2_n103_99,s4_n40_7,s1_below_4282,s1_below_2,s1_below_2001,s2_760_2075,s3_17_37,Passenger Car,s2_11_28,Not Deployed,s2_97_208,s1_below_1,Female,s2_37_80,s3_141_159,s2_164_318,s3_80_160,s2_2_4
15507,s2_885_1695,s2_n103_99,s4_n40_7,s1_below_4282,s1_below_2,s2_2001_2003,s2_760_2075,s3_17_37,Passenger Car,s3_28_48,Not Deployed,s2_97_208,s1_below_1,Male,s3_80_96,s3_141_159,s2_164_318,s4_160_220,s2_2_4
15508,s2_885_1695,s2_n103_99,s4_n40_7,s1_below_4282,s1_below_2,s1_below_2001,s2_760_2075,s3_17_37,Truck (<=6000 lbs.),s3_28_48,Deployed,s2_97_208,s1_below_1,Female,s2_37_80,s3_141_159,s2_164_318,s3_80_160,s2_2_4
15509,s2_885_1695,s2_n103_99,s4_n40_7,s1_below_4282,s3_3_4,s2_2001_2003,s2_760_2075,s4_37_47,Passenger Car,s2_11_28,Deployed,s2_97_208,s1_below_1,Male,s2_37_80,s3_141_159,s2_164_318,s3_80_160,s2_2_4
15510,s3_1695_2555,s2_n103_99,s4_n40_7,s1_below_4282,s5_5_6,s1_below_2001,s2_760_2075,s3_17_37,Truck (<=6000 lbs.),s2_11_28,Not Deployed,s2_97_208,s1_below_1,Female,s2_37_80,s3_141_159,s2_164_318,s3_80_160,s2_2_4
15511,s3_1695_2555,s2_n103_99,s5_7_up,s1_below_4282,s5_5_6,s2_2001_2003,s3_2075_3730,s6_57_up,Passenger Car,s3_28_48,Not Deployed,s2_97_208,s1_below_1,Male,s3_80_96,s3_141_159,s2_164_318,s5_220_260,s2_2_4
15512,s2_885_1695,s2_n103_99,s4_n40_7,s1_below_4282,s3_3_4,s2_2001_2003,s2_760_2075,s4_37_47,Passenger Car,s2_11_28,Not Deployed,s2_97_208,s1_below_1,Male,s2_37_80,s3_141_159,s2_164_318,s3_80_160,s2_2_4
15513,s2_885_1695,s2_n103_99,s4_n40_7,s1_below_4282,s6_6_up,s1_below_2001,s2_760_2075,s3_17_37,Passenger Car,s4_48_64,Deployed,s2_97_208,s2_1_2,Female,s3_80_96,s3_141_159,s2_164_318,s3_80_160,s2_2_4
15514,s2_885_1695,s2_n103_99,s4_n40_7,s1_below_4282,s1_below_2,s1_below_2001,s2_760_2075,s3_17_37,Truck (<=6000 lbs.),s3_28_48,Not Deployed,s2_97_208,s1_below_1,Female,s6_130_up,s2_116_141,s2_164_318,s2_40_80,s2_2_4
15515,s3_1695_2555,s2_n103_99,s5_7_up,s1_below_4282,s1_below_2,s2_2001_2003,s2_760_2075,s3_17_37,Truck (<=10000 lbs.),s3_28_48,Not Deployed,s2_97_208,s1_below_1,Male,s2_37_80,s3_141_159,s2_164_318,s6_260_up,s2_2_4
15516,s2_885_1695,s2_n103_99,s4_n40_7,s1_below_4282,s3_3_4,s1_below_2001,s2_760_2075,s3_17_37,Truck (<=6000 lbs.),s3_28_48,Not Deployed,s2_97_208,s1_below_1,Male,s2_37_80,s3_141_159,s2_164_318,s2_40_80,s2_2_4
15517,s3_1695_2555,s2_n103_99,s4_n40_7,s1_below_4282,s2_2_3,s2_2001_2003,s2_760_2075,s3_17_37,Passenger Car,s3_28_48,Deployed,s2_97_208,s1_below_1,Male,s2_37_80,s4_159_169,s2_164_318,s3_80_160,s2_2_4
15518,s2_885_1695,s2_n103_99,s4_n40_7,s1_below_4282,s3_3_4,s1_below_2001,s2_760_2075,s4_37_47,Passenger Car,s4_48_64,Not Deployed,s2_97_208,s3_2_3,Female,s2_37_80,s3_141_159,s2_164_318,s3_80_160,s2_2_4
15519,s2_885_1695,s2_n103_99,s5_7_up,s1_below_4282,s3_3_4,s2_2001_2003,s4_3730_up,s4_37_47,Passenger Car,s3_28_48,Not Deployed,s2_97_208,s1_below_1,Female,s2_37_80,s3_141_159,s2_164_318,s4_160_220,s2_2_4
15520,s2_885_1695,s2_n103_99,s4_n40_7,s1_below_4282,s4_4_5,s2_2001_2003,s3_2075_3730,s3_17_37,Passenger Car,s4_48_64,Deployed,s2_97_208,s2_1_2,Male,s2_37_80,s3_141_159,s2_164_318,s3_80_160,s2_2_4
15521,s2_885_1695,s2_n103_99,s3_n81_n40,s2_4282_6970,s2_2_3,s2_2001_2003,s2_760_2075,s4_37_47,Passenger Car,s2_11_28,Deployed,s2_97_208,s6_5_up,Female,s2_37_80,s3_141_159,s2_164_318,s4_160_220,s2_2_4
15522,s2_885_1695,s2_n103_99,s5_7_up,s1_below_4282,s5_5_6,s2_2001_2003,s2_760_2075,s6_57_up,Passenger Car,s3_28_48,Deployed,s2_97_208,s3_2_3,Female,s2_37_80,s3_141_159,s2_164_318,s6_260_up,s2_2_4
15523,s2_885_1695,s2_n103_99,s4_n40_7,s1_below_4282,s3_3_4,s2_2001_2003,s2_760_2075,s4_37_47,Passenger Car,s6_76_up,Not Deployed,s2_97_208,s2_1_2,Male,s3_80_96,s3_141_159,s2_164_318,s3_80_160,s2_2_4
15524,s2_885_1695,s2_n103_99,s4_n40_7,s1_below_4282,s3_3_4,s2_2001_2003,s2_760_2075,s4_37_47,Passenger Car,s5_64_76,Deployed,s2_97_208,s1_below_1,Male,s2_37_80,s3_141_159,s2_164_318,s3_80_160,s2_2_4
15525,s2_885_1695,s2_n103_99,s4_n40_7,s1_below_4282,s2_2_3,s1_below_2001,s2_760_2075,s3_17_37,Truck (<=6000 lbs.),s6_76_up,Not Deployed,s2_97_208,s1_below_1,Female,s3_80_96,s3_141_159,s2_164_318,s3_80_160,s2_2_4
15526,s3_1695_2555,s2_n103_99,s4_n40_7,s1_below_4282,s2_2_3,s2_2001_2003,s2_760_2075,s3_17_37,Truck (<=6000 lbs.),s3_28_48,Not Deployed,s2_97_208,s1_below_1,Male,s3_80_96,s3_141_159,s3_318_464,s2_40_80,s2_2_4
15527,s2_885_1695,s2_n103_99,s4_n40_7,s1_below_4282,s2_2_3,s2_2001_2003,s2_760_2075,s4_37_47,Passenger Car,s2_11_28,Deployed,s2_97_208,s3_2_3,Female,s3_80_96,s3_141_159,s2_164_318,s4_160_220,s2_2_4
15528,s2_885_1695,s2_n103_99,s5_7_up,s1_below_4282,s3_3_4,s1_below_2001,s2_760_2075,s4_37_47,Passenger Car,s3_28_48,Not Deployed,s2_97_208,s1_below_1,Female,s2_37_80,s3_141_159,s2_164_318,s6_260_up,s2_2_4
15529,s2_885_1695,s2_n103_99,s3_n81_n40,s1_below_4282,s4_4_5,s1_below_2001,s2_760_2075,s6_57_up,Passenger Car,s2_11_28,Deployed,s2_97_208,s1_below_1,Male,s4_96_114,s3_141_159,s2_164_318,s3_80_160,s2_2_4
15530,s2_885_1695,s2_n103_99,s4_n40_7,s1_below_4282,s1_below_2,s1_below_2001,s2_760_2075,s3_17_37,Passenger Car,s3_28_48,Deployed,s2_97_208,s1_below_1,Male,s2_37_80,s3_141_159,s2_164_318,s3_80_160,s2_2_4
15531,s2_885_1695,s2_n103_99,s4_n40_7,s1_below_4282,s4_4_5,s1_below_2001,s2_760_2075,s6_57_up,Passenger Car,s4_48_64,Not Deployed,s2_97_208,s1_below_1,Male,s2_37_80,s3_141_159,s2_164_318,s2_40_80,s2_2_4
15532,s5_3715_up,s2_n103_99,s4_n40_7,s1_below_4282,s1_below_2,s2_2001_2003,s2_760_2075,s3_17_37,Truck (<=10000 lbs.),s2_11_28,Deployed,s2_97_208,s2_1_2,Male,s5_114_130,s3_141_159,s3_318_464,s3_80_160,s3_4_5
15533,s2_885_1695,s2_n103_99,s3_n81_n40,s1_below_4282,s4_4_5,s1_below_2001,s2_760_2075,s6_57_up,Passenger Car,s2_11_28,Deployed,s2_97_208,s1_below_1,Male,s3_80_96,s3_141_159,s2_164_318,s3_80_160,s2_2_4
15534,s2_885_1695,s2_n103_99,s4_n40_7,s1_below_4282,s3_3_4,s1_below_2001,s2_760_2075,s4_37_47,Passenger Car,s6_76_up,Deployed,s2_97_208,s1_below_1,Male,s2_37_80,s3_141_159,s2_164_318,s3_80_160,s2_2_4
15535,s2_885_1695,s2_n103_99,s3_n81_n40,s1_below_4282,s3_3_4,s2_2001_2003,s2_760_2075,s5_47_57,Passenger Car,s5_64_76,Deployed,s2_97_208,s4_3_4,Male,s3_80_96,s3_141_159,s2_164_318,s3_80_160,s2_2_4
15536,s2_885_1695,s2_n103_99,s4_n40_7,s1_below_4282,s2_2_3,s1_below_2001,s2_760_2075,s4_37_47,Truck (<=6000 lbs.),s3_28_48,Not Deployed,s2_97_208,s1_below_1,Female,s4_96_114,s3_141_159,s2_164_318,s4_160_220,s2_2_4
15537,s2_885_1695,s2_n103_99,s4_n40_7,s1_below_4282,s2_2_3,s1_below_2001,s2_760_2075,s4_37_47,Passenger Car,s3_28_48,Deployed,s2_97_208,s3_2_3,Male,s3_80_96,s3_141_159,s2_164_318,s3_80_160,s2_2_4
15538,s3_1695_2555,s2_n103_99,s4_n40_7,s1_below_4282,s4_4_5,s2_2001_2003,s2_760_2075,s3_17_37,Truck (<=6000 lbs.),s3_28_48,Not Deployed,s2_97_208,s2_1_2,Female,s2_37_80,s3_141_159,s2_164_318,s2_40_80,s2_2_4
15539,s2_885_1695,s2_n103_99,s4_n40_7,s1_below_4282,s1_below_2,s1_below_2001,s4_3730_up,s3_17_37,Passenger Car,s5_64_76,Not Deployed,s2_97_208,s3_2_3,Female,s2_37_80,s3_141_159,s2_164_318,s4_160_220,s2_2_4
15540,s3_1695_2555,s2_n103_99,s4_n40_7,s1_below_4282,s3_3_4,s3_2003_2005,s2_760_2075,s3_17_37,Truck (<=6000 lbs.),s4_48_64,Deployed,s2_97_208,s1_below_1,Female,s2_37_80,s3_141_159,s2_164_318,s3_80_160,s2_2_4
15541,s3_1695_2555,s2_n103_99,s4_n40_7,s1_below_4282,s3_3_4,s1_below_2001,s2_760_2075,s4_37_47,Truck (<=6000 lbs.),s3_28_48,Not Deployed,s2_97_208,s1_below_1,Male,s3_80_96,s3_141_159,s2_164_318,s3_80_160,s3_4_5
15542,s2_885_1695,s2_n103_99,s4_n40_7,s1_below_4282,s5_5_6,s2_2001_2003,s2_760_2075,s6_57_up,Passenger Car,s3_28_48,Deployed,s2_97_208,s1_below_1,Male,s2_37_80,s3_141_159,s2_164_318,s3_80_160,s2_2_4
15543,s2_885_1695,s2_n103_99,s5_7_up,s1_below_4282,s5_5_6,s2_2001_2003,s2_760_2075,s6_57_up,Passenger Car,s4_48_64,Not Deployed,s2_97_208,s1_below_1,Female,s3_80_96,s3_141_159,s2_164_318,s6_260_up,s2_2_4
15544,s2_885_1695,s2_n103_99,s4_n40_7,s1_below_4282,s2_2_3,s1_below_2001,s3_2075_3730,s4_37_47,Passenger Car,s2_11_28,Deployed,s2_97_208,s1_below_1,Male,s2_37_80,s3_141_159,s2_164_318,s3_80_160,s2_2_4
15545,s2_885_1695,s2_n103_99,s5_7_up,s1_below_4282,s3_3_4,s1_below_2001,s3_2075_3730,s4_37_47,Passenger Car,s3_28_48,Deployed,s2_97_208,s1_below_1,Female,s2_37_80,s3_141_159,s2_164_318,s6_260_up,s2_2_4
15546,s2_885_1695,s2_n103_99,s5_7_up,s1_below_4282,s1_below_2,s1_below_2001,s2_760_2075,s4_37_47,Truck (<=6000 lbs.),s4_48_64,Deployed,s2_97_208,s1_below_1,Female,s2_37_80,s5_169_179,s2_164_318,s6_260_up,s3_4_5
15547,s2_885_1695,s2_n103_99,s4_n40_7,s1_below_4282,s3_3_4,s1_below_2001,s2_760_2075,s4_37_47,Passenger Car,s2_11_28,Deployed,s2_97_208,s1_below_1,Male,s2_37_80,s3_141_159,s2_164_318,s3_80_160,s2_2_4
15548,s2_885_1695,s2_n103_99,s4_n40_7,s1_below_4282,s1_below_2,s1_below_2001,s3_2075_3730,s3_17_37,Passenger Car,s4_48_64,Deployed,s2_97_208,s1_below_1,Female,s4_96_114,s3_141_159,s2_164_318,s3_80_160,s2_2_4
15549,s2_885_1695,s2_n103_99,s4_n40_7,s1_below_4282,s4_4_5,s1_below_2001,s2_760_2075,s5_47_57,Passenger Car,s2_11_28,Deployed,s2_97_208,s1_below_1,Female,s2_37_80,s3_141_159,s2_164_318,s4_160_220,s2_2_4
15550,s2_885_1695,s2_n103_99,s4_n40_7,s1_below_4282,s3_3_4,s1_below_2001,s2_760_2075,s4_37_47,Passenger Car,s2_11_28,Deployed,s2_97_208,s2_1_2,Female,s2_37_80,s3_141_159,s2_164_318,s3_80_160,s2_2_4
15551,s3_1695_2555,s2_n103_99,s4_n40_7,s1_below_4282,s5_5_6,s2_2001_2003,s3_2075_3730,s5_47_57,Truck (<=10000 lbs.),s4_48_64,Deployed,s2_97_208,s1_below_1,Male,s5_114_130,s4_159_169,s3_318_464,s3_80_160,s4_5_6
15552,s3_1695_2555,s2_n103_99,s4_n40_7,s1_below_4282,s5_5_6,s2_2001_2003,s2_760_2075,s6_57_up,Truck (<=6000 lbs.),s3_28_48,Deployed,s2_97_208,s3_2_3,Male,s4_96_114,s3_141_159,s2_164_318,s3_80_160,s2_2_4
15553,s3_1695_2555,s2_n103_99,s4_n40_7,s1_below_4282,s3_3_4,s2_2001_2003,s2_760_2075,s5_47_57,Truck (<=6000 lbs.),s3_28_48,Deployed,s2_97_208,s3_2_3,Female,s2_37_80,s4_159_169,s2_164_318,s4_160_220,s3_4_5
15554,s2_885_1695,s2_n103_99,s4_n40_7,s1_below_4282,s4_4_5,s2_2001_2003,s2_760_2075,s5_47_57,Passenger Car,s4_48_64,Not Deployed,s2_97_208,s1_below_1,Female,s3_80_96,s3_141_159,s2_164_318,s6_260_up,s2_2_4
15555,s2_885_1695,s2_n103_99,s4_n40_7,s1_below_4282,s2_2_3,s2_2001_2003,s2_760_2075,s4_37_47,Passenger Car,s2_11_28,Deployed,s2_97_208,s1_below_1,Female,s2_37_80,s3_141_159,s2_164_318,s3_80_160,s2_2_4
15556,s3_1695_2555,s2_n103_99,s4_n40_7,s1_below_4282,s3_3_4,s1_below_2001,s2_760_2075,s4_37_47,Truck (<=6000 lbs.),s3_28_48,Deployed,s2_97_208,s1_below_1,Female,s2_37_80,s4_159_169,s2_164_318,s3_80_160,s3_4_5
15557,s2_885_1695,s2_n103_99,s5_7_up,s1_below_4282,s3_3_4,s1_below_2001,s2_760_2075,s4_37_47,Passenger Car,s4_48_64,Not Deployed,s2_97_208,s1_below_1,Male,s2_37_80,s3_141_159,s2_164_318,s6_260_up,s2_2_4
15558,s2_885_1695,s2_n103_99,s4_n40_7,s1_below_4282,s5_5_6,s2_2001_2003,s2_760_2075,s5_47_57,Passenger Car,s3_28_48,Deployed,s2_97_208,s1_below_1,Male,s3_80_96,s3_141_159,s2_164_318,s3_80_160,s2_2_4
15559,s2_885_1695,s2_n103_99,s4_n40_7,s1_below_4282,s1_below_2,s2_2001_2003,s2_760_2075,s3_17_37,Truck (<=6000 lbs.),s2_11_28,Deployed,s2_97_208,s1_below_1,Female,s3_80_96,s3_141_159,s2_164_318,s3_80_160,s2_2_4
15560,s2_885_1695,s2_n103_99,s5_7_up,s1_below_4282,s1_below_2,s3_2003_2005,s2_760_2075,s4_37_47,Passenger Car,s3_28_48,Deployed,s2_97_208,s1_below_1,Female,s2_37_80,s3_141_159,s2_164_318,s6_260_up,s2_2_4
15561,s3_1695_2555,s2_n103_99,s4_n40_7,s1_below_4282,s1_below_2,s2_2001_2003,s2_760_2075,s4_37_47,Truck (<=10000 lbs.),s2_11_28,Deployed,s2_97_208,s1_below_1,Male,s2_37_80,s4_159_169,s2_164_318,s3_80_160,s3_4_5
15562,s2_885_1695,s2_n103_99,s4_n40_7,s1_below_4282,s2_2_3,s2_2001_2003,s2_760_2075,s3_17_37,Passenger Car,s5_64_76,Not Deployed,s2_97_208,s1_below_1,Female,s2_37_80,s3_141_159,s2_164_318,s3_80_160,s2_2_4
15563,s2_885_1695,s2_n103_99,s5_7_up,s1_below_4282,s3_3_4,s2_2001_2003,s2_760_2075,s6_57_up,Passenger Car,s5_64_76,Not Deployed,s2_97_208,s1_below_1,Male,s2_37_80,s3_141_159,s2_164_318,s6_260_up,s2_2_4
15564,s3_1695_2555,s2_n103_99,s5_7_up,s1_below_4282,s1_below_2,s1_below_2001,s2_760_2075,s4_37_47,Passenger Car,s3_28_48,Not Deployed,s2_97_208,s1_below_1,Female,s2_37_80,s4_159_169,s2_164_318,s6_260_up,s3_4_5
15565,s2_885_1695,s2_n103_99,s4_n40_7,s1_below_4282,s2_2_3,s2_2001_2003,s2_760_2075,s3_17_37,Passenger Car,s2_11_28,Not Deployed,s2_97_208,s1_below_1,Male,s2_37_80,s3_141_159,s2_164_318,s3_80_160,s2_2_4
15566,s2_885_1695,s2_n103_99,s4_n40_7,s1_below_4282,s3_3_4,s2_2001_2003,s2_760_2075,s3_17_37,Passenger Car,s2_11_28,Deployed,s2_97_208,s3_2_3,Male,s2_37_80,s3_141_159,s2_164_318,s3_80_160,s2_2_4
15567,s2_885_1695,s2_n103_99,s4_n40_7,s1_below_4282,s2_2_3,s1_below_2001,s2_760_2075,s4_37_47,Passenger Car,s2_11_28,Deployed,s2_97_208,s1_below_1,Male,s2_37_80,s3_141_159,s2_164_318,s3_80_160,s2_2_4
15568,s2_885_1695,s2_n103_99,s5_7_up,s1_below_4282,s2_2_3,s1_below_2001,s2_760_2075,s4_37_47,Truck (<=6000 lbs.),s5_64_76,Not Deployed,s2_97_208,s1_below_1,Male,s3_80_96,s3_141_159,s2_164_318,s6_260_up,s2_2_4
15569,s2_885_1695,s2_n103_99,s4_n40_7,s1_below_4282,s1_below_2,s2_2001_2003,s2_760_2075,s4_37_47,Passenger Car,s5_64_76,Not Deployed,s2_97_208,s1_below_1,Female,s2_37_80,s3_141_159,s2_164_318,s4_160_220,s2_2_4
15570,s2_885_1695,s2_n103_99,s4_n40_7,s1_below_4282,s3_3_4,s1_below_2001,s2_760_2075,s6_57_up,Passenger Car,s3_28_48,Deployed,s2_97_208,s3_2_3,Male,s6_130_up,s3_141_159,s2_164_318,s3_80_160,s2_2_4
15571,s2_885_1695,s2_n103_99,s4_n40_7,s1_below_4282,s4_4_5,s1_below_2001,s2_760_2075,s3_17_37,Passenger Car,s5_64_76,Deployed,s2_97_208,s1_below_1,Female,s2_37_80,s3_141_159,s2_164_318,s3_80_160,s2_2_4
15572,s2_885_1695,s2_n103_99,s4_n40_7,s1_below_4282,s4_4_5,s3_2003_2005,s3_2075_3730,s3_17_37,Passenger Car,s6_76_up,Not Deployed,s2_97_208,s1_below_1,Male,s2_37_80,s3_141_159,s2_164_318,s3_80_160,s2_2_4
15573,s2_885_1695,s2_n103_99,s5_7_up,s1_below_4282,s1_below_2,s1_below_2001,s2_760_2075,s4_37_47,Passenger Car,s3_28_48,Not Deployed,s2_97_208,s1_below_1,Female,s2_37_80,s3_141_159,s2_164_318,s6_260_up,s2_2_4
15574,s2_885_1695,s2_n103_99,s4_n40_7,s1_below_4282,s2_2_3,s1_below_2001,s2_760_2075,s3_17_37,Passenger Car,s4_48_64,Not Deployed,s2_97_208,s1_below_1,Female,s2_37_80,s3_141_159,s2_164_318,s3_80_160,s2_2_4
15575,s2_885_1695,s2_n103_99,s4_n40_7,s1_below_4282,s4_4_5,s1_below_2001,s2_760_2075,s4_37_47,Truck (<=6000 lbs.),s2_11_28,Deployed,s2_97_208,s1_below_1,Female,s3_80_96,s3_141_159,s2_164_318,s3_80_160,s2_2_4
15576,s3_1695_2555,s2_n103_99,s5_7_up,s1_below_4282,s3_3_4,s2_2001_2003,s2_760_2075,s5_47_57,Truck (<=6000 lbs.),s4_48_64,Deployed,s2_97_208,s1_below_1,Female,s2_37_80,s3_141_159,s2_164_318,s6_260_up,s2_2_4
15577,s2_885_1695,s2_n103_99,s4_n40_7,s1_below_4282,s3_3_4,s1_below_2001,s2_760_2075,s4_37_47,Truck (<=6000 lbs.),s5_64_76,Deployed,s2_97_208,s1_below_1,Male,s2_37_80,s3_141_159,s2_164_318,s3_80_160,s2_2_4
15578,s2_885_1695,s2_n103_99,s4_n40_7,s1_below_4282,s2_2_3,s2_2001_2003,s2_760_2075,s4_37_47,Truck (<=6000 lbs.),s3_28_48,Not Deployed,s2_97_208,s1_below_1,Male,s2_37_80,s3_141_159,s2_164_318,s3_80_160,s2_2_4
15579,s2_885_1695,s2_n103_99,s4_n40_7,s1_below_4282,s3_3_4,s1_below_2001,s2_760_2075,s4_37_47,Passenger Car,s2_11_28,Deployed,s2_97_208,s1_below_1,Male,s2_37_80,s3_141_159,s2_164_318,s3_80_160,s2_2_4
15580,s2_885_1695,s2_n103_99,s4_n40_7,s1_below_4282,s1_below_2,s1_below_2001,s2_760_2075,s3_17_37,Passenger Car,s3_28_48,Deployed,s2_97_208,s1_below_1,Female,s2_37_80,s3_141_159,s2_164_318,s3_80_160,s2_2_4
15581,s3_1695_2555,s2_n103_99,s4_n40_7,s1_below_4282,s3_3_4,s1_below_2001,s2_760_2075,s3_17_37,Truck (<=6000 lbs.),s2_11_28,Not Deployed,s2_97_208,s1_below_1,Female,s2_37_80,s3_141_159,s2_164_318,s3_80_160,s2_2_4
15582,s2_885_1695,s2_n103_99,s4_n40_7,s1_below_4282,s5_5_6,s1_below_2001,s3_2075_3730,s4_37_47,Passenger Car,s3_28_48,Deployed,s2_97_208,s2_1_2,Male,s4_96_114,s3_141_159,s2_164_318,s3_80_160,s2_2_4
15583,s2_885_1695,s2_n103_99,s4_n40_7,s1_below_4282,s3_3_4,s1_below_2001,s2_760_2075,s3_17_37,Passenger Car,s2_11_28,Not Deployed,s2_97_208,s1_below_1,Female,s2_37_80,s3_141_159,s2_164_318,s3_80_160,s2_2_4
15584,s2_885_1695,s2_n103_99,s4_n40_7,s1_below_4282,s4_4_5,s1_below_2001,s2_760_2075,s4_37_47,Passenger Car,s3_28_48,Not Deployed,s2_97_208,s1_below_1,Male,s3_80_96,s3_141_159,s2_164_318,s3_80_160,s2_2_4
15585,s3_1695_2555,s2_n103_99,s5_7_up,s1_below_4282,s3_3_4,s2_2001_2003,s2_760_2075,s5_47_57,Truck (<=6000 lbs.),s4_48_64,Not Deployed,s2_97_208,s1_below_1,Male,s5_114_130,s3_141_159,s2_164_318,s6_260_up,s3_4_5
15586,s3_1695_2555,s2_n103_99,s4_n40_7,s1_below_4282,s4_4_5,s1_below_2001,s2_760_2075,s5_47_57,Truck (<=10000 lbs.),s4_48_64,Not Deployed,s2_97_208,s1_below_1,Male,s3_80_96,s3_141_159,s3_318_464,s6_260_up,s4_5_6
15587,s3_1695_2555,s2_n103_99,s4_n40_7,s1_below_4282,s5_5_6,s2_2001_2003,s3_2075_3730,s5_47_57,Truck (<=10000 lbs.),s3_28_48,Not Deployed,s2_97_208,s1_below_1,Male,s5_114_130,s4_159_169,s3_318_464,s3_80_160,s4_5_6
15588,s2_885_1695,s2_n103_99,s4_n40_7,s1_below_4282,s1_below_2,s1_below_2001,s3_2075_3730,s3_17_37,Passenger Car,s2_11_28,Not Deployed,s2_97_208,s1_below_1,Female,s2_37_80,s3_141_159,s2_164_318,s3_80_160,s2_2_4
15589,s4_2555_3715,s2_n103_99,s4_n40_7,s1_below_4282,s4_4_5,s1_below_2001,s2_760_2075,s2_7_17,Truck (<=10000 lbs.),s3_28_48,Deployed,s2_97_208,s1_below_1,Female,s2_37_80,s3_141_159,s2_164_318,s3_80_160,s2_2_4
15590,s2_885_1695,s2_n103_99,s4_n40_7,s1_below_4282,s5_5_6,s2_2001_2003,s3_2075_3730,s4_37_47,Passenger Car,s2_11_28,Deployed,s2_97_208,s1_below_1,Male,s2_37_80,s3_141_159,s2_164_318,s3_80_160,s2_2_4
15591,s2_885_1695,s2_n103_99,s4_n40_7,s1_below_4282,s6_6_up,s1_below_2001,s2_760_2075,s4_37_47,Passenger Car,s2_11_28,Not Deployed,s2_97_208,s1_below_1,Male,s3_80_96,s3_141_159,s2_164_318,s3_80_160,s2_2_4
15592,s3_1695_2555,s2_n103_99,s4_n40_7,s1_below_4282,s2_2_3,s2_2001_2003,s2_760_2075,s4_37_47,Truck (<=10000 lbs.),s3_28_48,Not Deployed,s2_97_208,s1_below_1,Male,s4_96_114,s4_159_169,s3_318_464,s3_80_160,s4_5_6
15593,s2_885_1695,s2_n103_99,s4_n40_7,s1_below_4282,s4_4_5,s1_below_2001,s2_760_2075,s4_37_47,Passenger Car,s4_48_64,Not Deployed,s2_97_208,s1_below_1,Male,s3_80_96,s3_141_159,s2_164_318,s3_80_160,s2_2_4
15594,s2_885_1695,s2_n103_99,s4_n40_7,s1_below_4282,s2_2_3,s1_below_2001,s2_760_2075,s3_17_37,Passenger Car,s3_28_48,Not Deployed,s2_97_208,s1_below_1,Male,s3_80_96,s3_141_159,s2_164_318,s3_80_160,s2_2_4
15595,s2_885_1695,s2_n103_99,s4_n40_7,s1_below_4282,s4_4_5,s2_2001_2003,s2_760_2075,s4_37_47,Truck (<=6000 lbs.),s3_28_48,Deployed,s2_97_208,s3_2_3,Male,s6_130_up,s3_141_159,s3_318_464,s3_80_160,s2_2_4
15596,s2_885_1695,s2_n103_99,s4_n40_7,s1_below_4282,s2_2_3,s1_below_2001,s2_760_2075,s2_7_17,Passenger Car,s2_11_28,Deployed,s2_97_208,s1_below_1,Female,s2_37_80,s3_141_159,s2_164_318,s3_80_160,s2_2_4
15597,s4_2555_3715,s2_n103_99,s4_n40_7,s1_below_4282,s1_below_2,s2_2001_2003,s2_760_2075,s3_17_37,Truck (<=6000 lbs.),s3_28_48,Not Deployed,s2_97_208,s1_below_1,Female,s4_96_114,s4_159_169,s2_164_318,s2_40_80,s2_2_4
15598,s2_885_1695,s2_n103_99,s4_n40_7,s1_below_4282,s1_below_2,s1_below_2001,s2_760_2075,s6_57_up,Passenger Car,s2_11_28,Deployed,s2_97_208,s1_below_1,Male,s2_37_80,s3_141_159,s2_164_318,s3_80_160,s2_2_4
15599,s2_885_1695,s2_n103_99,s4_n40_7,s1_below_4282,s1_below_2,s2_2001_2003,s2_760_2075,s4_37_47,Passenger Car,s2_11_28,Deployed,s2_97_208,s1_below_1,Female,s2_37_80,s3_141_159,s2_164_318,s3_80_160,s2_2_4
15600,s3_1695_2555,s2_n103_99,s4_n40_7,s1_below_4282,s2_2_3,s2_2001_2003,s2_760_2075,s5_47_57,Truck (<=6000 lbs.),s3_28_48,Not Deployed,s2_97_208,s1_below_1,Female,s2_37_80,s4_159_169,s2_164_318,s4_160_220,s3_4_5
15601,s2_885_1695,s2_n103_99,s4_n40_7,s1_below_4282,s1_below_2,s2_2001_2003,s2_760_2075,s3_17_37,Passenger Car,s3_28_48,Deployed,s2_97_208,s1_below_1,Female,s2_37_80,s3_141_159,s2_164_318,s3_80_160,s2_2_4
15602,s2_885_1695,s2_n103_99,s4_n40_7,s1_below_4282,s3_3_4,s1_below_2001,s2_760_2075,s3_17_37,Truck (<=6000 lbs.),s5_64_76,Not Deployed,s2_97_208,s1_below_1,Male,s4_96_114,s2_116_141,s2_164_318,s3_80_160,s2_2_4
15603,s4_2555_3715,s2_n103_99,s4_n40_7,s1_below_4282,s3_3_4,s2_2001_2003,s2_760_2075,s4_37_47,Truck (<=10000 lbs.),s3_28_48,Not Deployed,s2_97_208,s1_below_1,Male,s2_37_80,s6_179_up,s3_318_464,s4_160_220,s5_6_7
15604,s2_885_1695,s2_n103_99,s4_n40_7,s1_below_4282,s2_2_3,s1_below_2001,s2_760_2075,s5_47_57,Passenger Car,s3_28_48,Deployed,s2_97_208,s1_below_1,Female,s2_37_80,s3_141_159,s2_164_318,s3_80_160,s2_2_4
15605,s2_885_1695,s2_n103_99,s5_7_up,s1_below_4282,s2_2_3,s1_below_2001,s2_760_2075,s5_47_57,Passenger Car,s3_28_48,Not Deployed,s2_97_208,s1_below_1,Male,s2_37_80,s3_141_159,s2_164_318,s6_260_up,s2_2_4
15606,s2_885_1695,s2_n103_99,s4_n40_7,s1_below_4282,s5_5_6,s1_below_2001,s2_760_2075,s4_37_47,Truck (<=6000 lbs.),s4_48_64,Not Deployed,s2_97_208,s1_below_1,Male,s2_37_80,s2_116_141,s2_164_318,s3_80_160,s2_2_4
15607,s2_885_1695,s2_n103_99,s4_n40_7,s1_below_4282,s1_below_2,s1_below_2001,s2_760_2075,s4_37_47,Passenger Car,s2_11_28,Not Deployed,s2_97_208,s1_below_1,Female,s2_37_80,s3_141_159,s2_164_318,s3_80_160,s2_2_4
15608,s3_1695_2555,s2_n103_99,s4_n40_7,s1_below_4282,s2_2_3,s1_below_2001,s2_760_2075,s4_37_47,Passenger Car,s5_64_76,Not Deployed,s2_97_208,s1_below_1,Female,s2_37_80,s3_141_159,s2_164_318,s2_40_80,s2_2_4
15609,s3_1695_2555,s2_n103_99,s4_n40_7,s1_below_4282,s1_below_2,s2_2001_2003,s2_760_2075,s4_37_47,Truck (<=6000 lbs.),s3_28_48,Not Deployed,s2_97_208,s1_below_1,Male,s3_80_96,s3_141_159,s2_164_318,s3_80_160,s2_2_4
15610,s3_1695_2555,s2_n103_99,s3_n81_n40,s1_below_4282,s4_4_5,s2_2001_2003,s2_760_2075,s4_37_47,Truck (<=10000 lbs.),s3_28_48,Deployed,s2_97_208,s1_below_1,Male,s4_96_114,s4_159_169,s2_164_318,s3_80_160,s3_4_5
15611,s3_1695_2555,s2_n103_99,s4_n40_7,s1_below_4282,s1_below_2,s1_below_2001,s2_760_2075,s4_37_47,Truck (<=6000 lbs.),s2_11_28,Not Deployed,s2_97_208,s1_below_1,Female,s2_37_80,s3_141_159,s2_164_318,s3_80_160,s2_2_4
15612,s3_1695_2555,s2_n103_99,s4_n40_7,s1_below_4282,s2_2_3,s1_below_2001,s2_760_2075,s4_37_47,Truck (<=10000 lbs.),s4_48_64,Not Deployed,s2_97_208,s1_below_1,Female,s2_37_80,s5_169_179,s3_318_464,s3_80_160,s4_5_6
15613,s2_885_1695,s2_n103_99,s4_n40_7,s1_below_4282,s1_below_2,s2_2001_2003,s3_2075_3730,s3_17_37,Passenger Car,s2_11_28,Deployed,s2_97_208,s2_1_2,Male,s5_114_130,s3_141_159,s2_164_318,s4_160_220,s2_2_4
15614,s2_885_1695,s2_n103_99,s4_n40_7,s1_below_4282,s1_below_2,s2_2001_2003,s2_760_2075,s3_17_37,Passenger Car,s4_48_64,Deployed,s2_97_208,s1_below_1,Female,s2_37_80,s3_141_159,s2_164_318,s3_80_160,s2_2_4
15615,s2_885_1695,s2_n103_99,s4_n40_7,s1_below_4282,s3_3_4,s1_below_2001,s2_760_2075,s5_47_57,Passenger Car,s3_28_48,Deployed,s2_97_208,s1_below_1,Male,s3_80_96,s3_141_159,s2_164_318,s3_80_160,s2_2_4
15616,s2_885_1695,s2_n103_99,s4_n40_7,s1_below_4282,s4_4_5,s1_below_2001,s2_760_2075,s3_17_37,Passenger Car,s3_28_48,Not Deployed,s2_97_208,s1_below_1,Female,s2_37_80,s3_141_159,s2_164_318,s4_160_220,s2_2_4
15617,s3_1695_2555,s2_n103_99,s4_n40_7,s1_below_4282,s1_below_2,s2_2001_2003,s2_760_2075,s3_17_37,Truck (<=6000 lbs.),s3_28_48,Not Deployed,s2_97_208,s1_below_1,Male,s2_37_80,s3_141_159,s2_164_318,s2_40_80,s2_2_4
15618,s2_885_1695,s2_n103_99,s4_n40_7,s1_below_4282,s3_3_4,s2_2001_2003,s2_760_2075,s4_37_47,Passenger Car,s3_28_48,Deployed,s2_97_208,s1_below_1,Male,s3_80_96,s3_141_159,s2_164_318,s3_80_160,s2_2_4
15619,s4_2555_3715,s2_n103_99,s4_n40_7,s1_below_4282,s1_below_2,s1_below_2001,s2_760_2075,s3_17_37,Truck (<=6000 lbs.),s4_48_64,Not Deployed,s2_97_208,s1_below_1,Male,s3_80_96,s4_159_169,s3_318_464,s3_80_160,s4_5_6
15620,s2_885_1695,s2_n103_99,s4_n40_7,s1_below_4282,s5_5_6,s1_below_2001,s3_2075_3730,s5_47_57,Passenger Car,s4_48_64,Not Deployed,s2_97_208,s1_below_1,Male,s3_80_96,s3_141_159,s2_164_318,s4_160_220,s2_2_4
15621,s2_885_1695,s2_n103_99,s4_n40_7,s1_below_4282,s5_5_6,s2_2001_2003,s2_760_2075,s5_47_57,Truck (<=6000 lbs.),s2_11_28,Not Deployed,s2_97_208,s1_below_1,Female,s3_80_96,s3_141_159,s2_164_318,s3_80_160,s2_2_4
15622,s2_885_1695,s2_n103_99,s4_n40_7,s1_below_4282,s1_below_2,s2_2001_2003,s2_760_2075,s3_17_37,Passenger Car,s3_28_48,Deployed,s2_97_208,s1_below_1,Male,s5_114_130,s3_141_159,s2_164_318,s3_80_160,s2_2_4
15623,s2_885_1695,s2_n103_99,s4_n40_7,s1_below_4282,s2_2_3,s1_below_2001,s2_760_2075,s4_37_47,Passenger Car,s4_48_64,Deployed,s2_97_208,s1_below_1,Male,s3_80_96,s3_141_159,s2_164_318,s3_80_160,s2_2_4
15624,s2_885_1695,s2_n103_99,s3_n81_n40,s1_below_4282,s1_below_2,s1_below_2001,s2_760_2075,s5_47_57,Truck (<=6000 lbs.),s2_11_28,Deployed,s2_97_208,s3_2_3,Male,s3_80_96,s3_141_159,s2_164_318,s3_80_160,s2_2_4
15625,s2_885_1695,s2_n103_99,s4_n40_7,s1_below_4282,s3_3_4,s1_below_2001,s2_760_2075,s4_37_47,Passenger Car,s3_28_48,Deployed,s2_97_208,s1_below_1,Male,s2_37_80,s3_141_159,s2_164_318,s3_80_160,s2_2_4
15626,s2_885_1695,s2_n103_99,s4_n40_7,s1_below_4282,s1_below_2,s1_below_2001,s2_760_2075,s4_37_47,Passenger Car,s3_28_48,Deployed,s2_97_208,s1_below_1,Female,s4_96_114,s3_141_159,s2_164_318,s3_80_160,s2_2_4
15627,s3_1695_2555,s2_n103_99,s4_n40_7,s1_below_4282,s1_below_2,s1_below_2001,s2_760_2075,s4_37_47,Truck (<=6000 lbs.),s3_28_48,Deployed,s2_97_208,s1_below_1,Female,s3_80_96,s3_141_159,s2_164_318,s3_80_160,s2_2_4
15628,s3_1695_2555,s2_n103_99,s4_n40_7,s1_below_4282,s2_2_3,s1_below_2001,s2_760_2075,s3_17_37,Truck (<=10000 lbs.),s2_11_28,Deployed,s2_97_208,s1_below_1,Male,s4_96_114,s3_141_159,s3_318_464,s4_160_220,s4_5_6
15629,s2_885_1695,s2_n103_99,s4_n40_7,s1_below_4282,s4_4_5,s1_below_2001,s3_2075_3730,s4_37_47,Passenger Car,s3_28_48,Not Deployed,s2_97_208,s1_below_1,Female,s2_37_80,s3_141_159,s2_164_318,s3_80_160,s2_2_4
15630,s2_885_1695,s2_n103_99,s4_n40_7,s1_below_4282,s3_3_4,s2_2001_2003,s2_760_2075,s3_17_37,Passenger Car,s2_11_28,Deployed,s2_97_208,s1_below_1,Male,s3_80_96,s3_141_159,s2_164_318,s6_260_up,s2_2_4
15631,s2_885_1695,s2_n103_99,s4_n40_7,s1_below_4282,s3_3_4,s1_below_2001,s2_760_2075,s4_37_47,Passenger Car,s3_28_48,Deployed,s2_97_208,s1_below_1,Female,s2_37_80,s3_141_159,s2_164_318,s4_160_220,s2_2_4
15632,s2_885_1695,s2_n103_99,s4_n40_7,s1_below_4282,s1_below_2,s1_below_2001,s2_760_2075,s3_17_37,Passenger Car,s4_48_64,Not Deployed,s2_97_208,s3_2_3,Female,s2_37_80,s3_141_159,s2_164_318,s4_160_220,s2_2_4
15633,s2_885_1695,s2_n103_99,s4_n40_7,s1_below_4282,s3_3_4,s1_below_2001,s2_760_2075,s4_37_47,Passenger Car,s3_28_48,Deployed,s2_97_208,s1_below_1,Female,s4_96_114,s3_141_159,s2_164_318,s4_160_220,s2_2_4
15634,s3_1695_2555,s2_n103_99,s5_7_up,s1_below_4282,s6_6_up,s1_below_2001,s2_760_2075,s5_47_57,Truck (<=10000 lbs.),s3_28_48,Deployed,s2_97_208,s1_below_1,Male,s3_80_96,s2_116_141,s3_318_464,s1_below_40,s3_4_5
15635,s2_885_1695,s2_n103_99,s4_n40_7,s1_below_4282,s1_below_2,s2_2001_2003,s3_2075_3730,s3_17_37,Passenger Car,s4_48_64,Not Deployed,s2_97_208,s1_below_1,Female,s2_37_80,s3_141_159,s2_164_318,s3_80_160,s2_2_4
15636,s2_885_1695,s2_n103_99,s4_n40_7,s1_below_4282,s4_4_5,s2_2001_2003,s2_760_2075,s4_37_47,Passenger Car,s3_28_48,Deployed,s2_97_208,s2_1_2,Female,s4_96_114,s3_141_159,s2_164_318,s3_80_160,s2_2_4
15637,s3_1695_2555,s2_n103_99,s4_n40_7,s1_below_4282,s4_4_5,s1_below_2001,s2_760_2075,s4_37_47,Truck (<=6000 lbs.),s3_28_48,Deployed,s2_97_208,s1_below_1,Male,s4_96_114,s3_141_159,s2_164_318,s3_80_160,s2_2_4
15638,s3_1695_2555,s2_n103_99,s4_n40_7,s1_below_4282,s6_6_up,s2_2001_2003,s2_760_2075,s4_37_47,Passenger Car,s2_11_28,Not Deployed,s2_97_208,s1_below_1,Female,s2_37_80,s3_141_159,s2_164_318,s3_80_160,s2_2_4
15639,s3_1695_2555,s2_n103_99,s4_n40_7,s1_below_4282,s4_4_5,s2_2001_2003,s2_760_2075,s5_47_57,Truck (<=6000 lbs.),s3_28_48,Not Deployed,s2_97_208,s1_below_1,Male,s3_80_96,s4_159_169,s2_164_318,s3_80_160,s2_2_4
15640,s2_885_1695,s2_n103_99,s4_n40_7,s1_below_4282,s2_2_3,s1_below_2001,s2_760_2075,s3_17_37,Passenger Car,s2_11_28,Deployed,s2_97_208,s1_below_1,Male,s2_37_80,s3_141_159,s2_164_318,s3_80_160,s2_2_4
15641,s2_885_1695,s2_n103_99,s4_n40_7,s1_below_4282,s2_2_3,s2_2001_2003,s2_760_2075,s5_47_57,Passenger Car,s2_11_28,Deployed,s2_97_208,s1_below_1,Male,s2_37_80,s3_141_159,s2_164_318,s4_160_220,s2_2_4
15642,s2_885_1695,s2_n103_99,s4_n40_7,s1_below_4282,s4_4_5,s1_below_2001,s2_760_2075,s4_37_47,Passenger Car,s5_64_76,Deployed,s2_97_208,s2_1_2,Male,s2_37_80,s3_141_159,s2_164_318,s3_80_160,s2_2_4
15643,s2_885_1695,s2_n103_99,s4_n40_7,s1_below_4282,s4_4_5,s1_below_2001,s2_760_2075,s4_37_47,Passenger Car,s3_28_48,Not Deployed,s2_97_208,s1_below_1,Male,s2_37_80,s3_141_159,s2_164_318,s3_80_160,s2_2_4
15644,s2_885_1695,s2_n103_99,s4_n40_7,s1_below_4282,s5_5_6,s2_2001_2003,s3_2075_3730,s4_37_47,Passenger Car,s2_11_28,Not Deployed,s2_97_208,s1_below_1,Female,s2_37_80,s3_141_159,s2_164_318,s3_80_160,s2_2_4
15645,s2_885_1695,s2_n103_99,s5_7_up,s1_below_4282,s4_4_5,s2_2001_2003,s2_760_2075,s4_37_47,Passenger Car,s3_28_48,Not Deployed,s2_97_208,s1_below_1,Female,s2_37_80,s3_141_159,s2_164_318,s6_260_up,s2_2_4
15646,s2_885_1695,s2_n103_99,s4_n40_7,s1_below_4282,s6_6_up,s1_below_2001,s2_760_2075,s3_17_37,Truck (<=6000 lbs.),s2_11_28,Not Deployed,s2_97_208,s1_below_1,Male,s2_37_80,s2_116_141,s2_164_318,s3_80_160,s2_2_4
15647,s2_885_1695,s2_n103_99,s4_n40_7,s1_below_4282,s3_3_4,s2_2001_2003,s2_760_2075,s3_17_37,Passenger Car,s3_28_48,Not Deployed,s2_97_208,s1_below_1,Male,s2_37_80,s3_141_159,s2_164_318,s2_40_80,s2_2_4
15648,s2_885_1695,s2_n103_99,s4_n40_7,s1_below_4282,s2_2_3,s2_2001_2003,s2_760_2075,s5_47_57,Passenger Car,s2_11_28,Deployed,s2_97_208,s1_below_1,Female,s2_37_80,s3_141_159,s2_164_318,s3_80_160,s2_2_4
15649,s3_1695_2555,s2_n103_99,s4_n40_7,s1_below_4282,s4_4_5,s1_below_2001,s2_760_2075,s4_37_47,Truck (<=6000 lbs.),s3_28_48,Not Deployed,s2_97_208,s1_below_1,Female,s2_37_80,s4_159_169,s2_164_318,s4_160_220,s3_4_5
15650,s2_885_1695,s2_n103_99,s4_n40_7,s1_below_4282,s4_4_5,s1_below_2001,s2_760_2075,s4_37_47,Passenger Car,s2_11_28,Not Deployed,s2_97_208,s1_below_1,Female,s2_37_80,s3_141_159,s2_164_318,s3_80_160,s2_2_4
15651,s2_885_1695,s2_n103_99,s4_n40_7,s1_below_4282,s2_2_3,s1_below_2001,s2_760_2075,s4_37_47,Passenger Car,s2_11_28,Deployed,s2_97_208,s1_below_1,Male,s2_37_80,s3_141_159,s2_164_318,s3_80_160,s2_2_4
15652,s3_1695_2555,s2_n103_99,s4_n40_7,s1_below_4282,s3_3_4,s2_2001_2003,s2_760_2075,s3_17_37,Truck (<=6000 lbs.),s3_28_48,Not Deployed,s2_97_208,s1_below_1,Male,s2_37_80,s2_116_141,s2_164_318,s2_40_80,s2_2_4
15653,s3_1695_2555,s2_n103_99,s4_n40_7,s1_below_4282,s3_3_4,s2_2001_2003,s2_760_2075,s6_57_up,Truck (<=6000 lbs.),s3_28_48,Not Deployed,s2_97_208,s1_below_1,Male,s3_80_96,s4_159_169,s3_318_464,s3_80_160,s4_5_6
15654,s2_885_1695,s2_n103_99,s4_n40_7,s1_below_4282,s5_5_6,s3_2003_2005,s2_760_2075,s4_37_47,Passenger Car,s4_48_64,Deployed,s2_97_208,s1_below_1,Male,s4_96_114,s3_141_159,s2_164_318,s3_80_160,s2_2_4
15655,s3_1695_2555,s2_n103_99,s4_n40_7,s1_below_4282,s1_below_2,s1_below_2001,s3_2075_3730,s4_37_47,Truck (<=10000 lbs.),s3_28_48,Deployed,s2_97_208,s1_below_1,Male,s4_96_114,s4_159_169,s2_164_318,s3_80_160,s3_4_5
15656,s2_885_1695,s2_n103_99,s4_n40_7,s1_below_4282,s2_2_3,s2_2001_2003,s2_760_2075,s4_37_47,Passenger Car,s4_48_64,Not Deployed,s2_97_208,s1_below_1,Female,s4_96_114,s3_141_159,s2_164_318,s2_40_80,s2_2_4
15657,s3_1695_2555,s2_n103_99,s4_n40_7,s1_below_4282,s1_below_2,s1_below_2001,s2_760_2075,s4_37_47,Truck (<=6000 lbs.),s3_28_48,Not Deployed,s2_97_208,s1_below_1,Female,s2_37_80,s3_141_159,s2_164_318,s2_40_80,s2_2_4
15658,s3_1695_2555,s2_n103_99,s4_n40_7,s1_below_4282,s4_4_5,s2_2001_2003,s2_760_2075,s3_17_37,Truck (<=6000 lbs.),s3_28_48,Deployed,s2_97_208,s1_below_1,Female,s2_37_80,s3_141_159,s2_164_318,s3_80_160,s2_2_4
15659,s2_885_1695,s2_n103_99,s4_n40_7,s1_below_4282,s2_2_3,s1_below_2001,s2_760_2075,s4_37_47,Passenger Car,s4_48_64,Not Deployed,s2_97_208,s1_below_1,Female,s3_80_96,s3_141_159,s2_164_318,s3_80_160,s2_2_4
15660,s2_885_1695,s2_n103_99,s4_n40_7,s1_below_4282,s2_2_3,s1_below_2001,s2_760_2075,s4_37_47,Passenger Car,s3_28_48,Not Deployed,s2_97_208,s2_1_2,Female,s3_80_96,s3_141_159,s2_164_318,s4_160_220,s2_2_4
15661,s2_885_1695,s2_n103_99,s4_n40_7,s1_below_4282,s1_below_2,s2_2001_2003,s2_760_2075,s3_17_37,Passenger Car,s4_48_64,Deployed,s2_97_208,s2_1_2,Female,s2_37_80,s3_141_159,s2_164_318,s3_80_160,s2_2_4
15662,s3_1695_2555,s2_n103_99,s4_n40_7,s1_below_4282,s2_2_3,s3_2003_2005,s2_760_2075,s3_17_37,Truck (<=6000 lbs.),s3_28_48,Deployed,s2_97_208,s1_below_1,Female,s2_37_80,s3_141_159,s2_164_318,s3_80_160,s2_2_4
15663,s3_1695_2555,s2_n103_99,s4_n40_7,s1_below_4282,s5_5_6,s2_2001_2003,s2_760_2075,s4_37_47,Truck (<=10000 lbs.),s3_28_48,Deployed,s2_97_208,s1_below_1,Male,s2_37_80,s4_159_169,s3_318_464,s3_80_160,s4_5_6
15664,s2_885_1695,s2_n103_99,s5_7_up,s1_below_4282,s5_5_6,s3_2003_2005,s2_760_2075,s4_37_47,Passenger Car,s4_48_64,Not Deployed,s2_97_208,s1_below_1,Male,s3_80_96,s3_141_159,s2_164_318,s6_260_up,s2_2_4
15665,s2_885_1695,s2_n103_99,s4_n40_7,s1_below_4282,s5_5_6,s1_below_2001,s2_760_2075,s4_37_47,Truck (<=6000 lbs.),s2_11_28,Deployed,s2_97_208,s1_below_1,Male,s2_37_80,s3_141_159,s2_164_318,s3_80_160,s2_2_4
15666,s2_885_1695,s2_n103_99,s4_n40_7,s1_below_4282,s2_2_3,s1_below_2001,s3_2075_3730,s4_37_47,Truck (<=6000 lbs.),s4_48_64,Not Deployed,s2_97_208,s1_below_1,Female,s4_96_114,s3_141_159,s2_164_318,s4_160_220,s2_2_4
15667,s3_1695_2555,s2_n103_99,s5_7_up,s1_below_4282,s2_2_3,s1_below_2001,s2_760_2075,s6_57_up,Truck (<=6000 lbs.),s2_11_28,Not Deployed,s2_97_208,s1_below_1,Male,s4_96_114,s3_141_159,s2_164_318,s6_260_up,s2_2_4
15668,s2_885_1695,s2_n103_99,s4_n40_7,s1_below_4282,s3_3_4,s2_2001_2003,s2_760_2075,s4_37_47,Passenger Car,s2_11_28,Deployed,s2_97_208,s1_below_1,Female,s2_37_80,s3_141_159,s2_164_318,s4_160_220,s2_2_4
15669,s2_885_1695,s2_n103_99,s5_7_up,s1_below_4282,s2_2_3,s1_below_2001,s2_760_2075,s5_47_57,Truck (<=6000 lbs.),s2_11_28,Not Deployed,s2_97_208,s1_below_1,Male,s3_80_96,s3_141_159,s2_164_318,s6_260_up,s2_2_4
15670,s2_885_1695,s2_n103_99,s4_n40_7,s1_below_4282,s3_3_4,s1_below_2001,s2_760_2075,s3_17_37,Passenger Car,s4_48_64,Not Deployed,s2_97_208,s3_2_3,Female,s6_130_up,s3_141_159,s2_164_318,s4_160_220,s2_2_4
15671,s2_885_1695,s2_n103_99,s4_n40_7,s1_below_4282,s5_5_6,s1_below_2001,s2_760_2075,s5_47_57,Passenger Car,s2_11_28,Deployed,s2_97_208,s1_below_1,Male,s5_114_130,s3_141_159,s2_164_318,s4_160_220,s2_2_4
15672,s2_885_1695,s2_n103_99,s4_n40_7,s1_below_4282,s1_below_2,s1_below_2001,s2_760_2075,s3_17_37,Passenger Car,s2_11_28,Not Deployed,s2_97_208,s1_below_1,Male,s2_37_80,s3_141_159,s2_164_318,s2_40_80,s2_2_4
15673,s2_885_1695,s2_n103_99,s4_n40_7,s1_below_4282,s1_below_2,s2_2001_2003,s2_760_2075,s3_17_37,Passenger Car,s5_64_76,Not Deployed,s2_97_208,s1_below_1,Male,s3_80_96,s3_141_159,s2_164_318,s5_220_260,s2_2_4
15674,s3_1695_2555,s2_n103_99,s4_n40_7,s1_below_4282,s2_2_3,s2_2001_2003,s2_760_2075,s4_37_47,Truck (<=6000 lbs.),s2_11_28,Deployed,s2_97_208,s1_below_1,Male,s4_96_114,s3_141_159,s2_164_318,s2_40_80,s2_2_4
15675,s2_885_1695,s2_n103_99,s4_n40_7,s1_below_4282,s4_4_5,s2_2001_2003,s2_760_2075,s3_17_37,Passenger Car,s4_48_64,Not Deployed,s2_97_208,s1_below_1,Male,s2_37_80,s3_141_159,s2_164_318,s2_40_80,s2_2_4
15676,s2_885_1695,s2_n103_99,s5_7_up,s1_below_4282,s1_below_2,s1_below_2001,s2_760_2075,s5_47_57,Passenger Car,s3_28_48,Not Deployed,s2_97_208,s1_below_1,Male,s3_80_96,s3_141_159,s2_164_318,s6_260_up,s2_2_4
15677,s3_1695_2555,s2_n103_99,s5_7_up,s1_below_4282,s5_5_6,s1_below_2001,s2_760_2075,s4_37_47,Truck (<=6000 lbs.),s3_28_48,Deployed,s2_97_208,s1_below_1,Male,s2_37_80,s3_141_159,s2_164_318,s6_260_up,s2_2_4
15678,s4_2555_3715,s2_n103_99,s4_n40_7,s1_below_4282,s1_below_2,s1_below_2001,s2_760_2075,s5_47_57,Truck (<=10000 lbs.),s3_28_48,Not Deployed,s2_97_208,s1_below_1,Male,s4_96_114,s5_169_179,s3_318_464,s3_80_160,s6_7_up
15679,s4_2555_3715,s2_n103_99,s5_7_up,s1_below_4282,s2_2_3,s1_below_2001,s1_below_760,s3_17_37,Truck (<=10000 lbs.),s4_48_64,Not Deployed,s2_97_208,s1_below_1,Male,s4_96_114,s4_159_169,s3_318_464,s6_260_up,s4_5_6
15680,s2_885_1695,s2_n103_99,s4_n40_7,s1_below_4282,s4_4_5,s1_below_2001,s2_760_2075,s4_37_47,Passenger Car,s2_11_28,Deployed,s2_97_208,s1_below_1,Female,s2_37_80,s3_141_159,s2_164_318,s2_40_80,s2_2_4
15681,s3_1695_2555,s2_n103_99,s4_n40_7,s1_below_4282,s4_4_5,s2_2001_2003,s2_760_2075,s3_17_37,Truck (<=6000 lbs.),s2_11_28,Not Deployed,s2_97_208,s1_below_1,Male,s5_114_130,s4_159_169,s2_164_318,s3_80_160,s3_4_5
15682,s2_885_1695,s2_n103_99,s4_n40_7,s1_below_4282,s2_2_3,s2_2001_2003,s2_760_2075,s4_37_47,Passenger Car,s2_11_28,Deployed,s2_97_208,s1_below_1,Male,s2_37_80,s3_141_159,s2_164_318,s3_80_160,s2_2_4
15683,s2_885_1695,s2_n103_99,s4_n40_7,s1_below_4282,s2_2_3,s1_below_2001,s2_760_2075,s3_17_37,Passenger Car,s3_28_48,Not Deployed,s2_97_208,s3_2_3,Female,s2_37_80,s3_141_159,s2_164_318,s3_80_160,s2_2_4
15684,s3_1695_2555,s2_n103_99,s4_n40_7,s1_below_4282,s4_4_5,s2_2001_2003,s2_760_2075,s4_37_47,Truck (<=10000 lbs.),s3_28_48,Deployed,s2_97_208,s1_below_1,Male,s2_37_80,s4_159_169,s3_318_464,s3_80_160,s4_5_6
15685,s2_885_1695,s2_n103_99,s5_7_up,s1_below_4282,s4_4_5,s2_2001_2003,s2_760_2075,s4_37_47,Passenger Car,s3_28_48,Not Deployed,s2_97_208,s1_below_1,Female,s2_37_80,s3_141_159,s2_164_318,s6_260_up,s2_2_4
15686,s2_885_1695,s2_n103_99,s4_n40_7,s1_below_4282,s1_below_2,s2_2001_2003,s2_760_2075,s4_37_47,Passenger Car,s2_11_28,Not Deployed,s2_97_208,s1_below_1,Female,s2_37_80,s3_141_159,s2_164_318,s3_80_160,s2_2_4
15687,s3_1695_2555,s2_n103_99,s4_n40_7,s1_below_4282,s1_below_2,s1_below_2001,s2_760_2075,s3_17_37,Truck (<=6000 lbs.),s3_28_48,Deployed,s2_97_208,s1_below_1,Female,s2_37_80,s3_141_159,s2_164_318,s3_80_160,s2_2_4
15688,s3_1695_2555,s2_n103_99,s4_n40_7,s1_below_4282,s2_2_3,s1_below_2001,s2_760_2075,s3_17_37,Truck (<=6000 lbs.),s3_28_48,Not Deployed,s2_97_208,s1_below_1,Male,s5_114_130,s3_141_159,s2_164_318,s2_40_80,s2_2_4
15689,s3_1695_2555,s2_n103_99,s4_n40_7,s1_below_4282,s1_below_2,s2_2001_2003,s2_760_2075,s5_47_57,Truck (<=6000 lbs.),s2_11_28,Deployed,s2_97_208,s2_1_2,Male,s3_80_96,s3_141_159,s2_164_318,s3_80_160,s2_2_4
15690,s4_2555_3715,s2_n103_99,s4_n40_7,s1_below_4282,s1_below_2,s2_2001_2003,s2_760_2075,s5_47_57,Truck (<=6000 lbs.),s5_64_76,Deployed,s2_97_208,s1_below_1,Male,s4_96_114,s4_159_169,s2_164_318,s3_80_160,s2_2_4
15691,s3_1695_2555,s2_n103_99,s4_n40_7,s1_below_4282,s2_2_3,s1_below_2001,s2_760_2075,s5_47_57,Truck (<=6000 lbs.),s3_28_48,Not Deployed,s2_97_208,s3_2_3,Male,s3_80_96,s3_141_159,s2_164_318,s3_80_160,s2_2_4
15692,s2_885_1695,s2_n103_99,s3_n81_n40,s1_below_4282,s4_4_5,s2_2001_2003,s2_760_2075,s5_47_57,Passenger Car,s2_11_28,Deployed,s2_97_208,s3_2_3,Male,s5_114_130,s3_141_159,s2_164_318,s3_80_160,s2_2_4
15693,s2_885_1695,s2_n103_99,s4_n40_7,s1_below_4282,s4_4_5,s2_2001_2003,s2_760_2075,s5_47_57,Passenger Car,s2_11_28,Not Deployed,s2_97_208,s1_below_1,Female,s2_37_80,s3_141_159,s2_164_318,s3_80_160,s2_2_4
15694,s2_885_1695,s2_n103_99,s4_n40_7,s1_below_4282,s3_3_4,s2_2001_2003,s2_760_2075,s3_17_37,Passenger Car,s3_28_48,Not Deployed,s2_97_208,s1_below_1,Female,s2_37_80,s3_141_159,s2_164_318,s3_80_160,s2_2_4
15695,s3_1695_2555,s2_n103_99,s4_n40_7,s1_below_4282,s4_4_5,s2_2001_2003,s2_760_2075,s4_37_47,Truck (<=6000 lbs.),s2_11_28,Deployed,s2_97_208,s1_below_1,Female,s2_37_80,s3_141_159,s3_318_464,s3_80_160,s2_2_4
15696,s2_885_1695,s2_n103_99,s4_n40_7,s1_below_4282,s1_below_2,s2_2001_2003,s2_760_2075,s3_17_37,Passenger Car,s2_11_28,Not Deployed,s2_97_208,s1_below_1,Female,s3_80_96,s3_141_159,s2_164_318,s3_80_160,s2_2_4
15697,s2_885_1695,s2_n103_99,s4_n40_7,s1_below_4282,s2_2_3,s1_below_2001,s2_760_2075,s5_47_57,Passenger Car,s2_11_28,Deployed,s2_97_208,s1_below_1,Male,s3_80_96,s3_141_159,s2_164_318,s3_80_160,s2_2_4
15698,s2_885_1695,s2_n103_99,s4_n40_7,s1_below_4282,s3_3_4,s1_below_2001,s2_760_2075,s5_47_57,Passenger Car,s4_48_64,Deployed,s2_97_208,s3_2_3,Female,s4_96_114,s3_141_159,s2_164_318,s3_80_160,s2_2_4
15699,s3_1695_2555,s2_n103_99,s4_n40_7,s1_below_4282,s1_below_2,s1_below_2001,s2_760_2075,s4_37_47,Truck (<=10000 lbs.),s3_28_48,Deployed,s2_97_208,s1_below_1,Male,s5_114_130,s4_159_169,s3_318_464,s3_80_160,s4_5_6
15700,s2_885_1695,s2_n103_99,s4_n40_7,s1_below_4282,s3_3_4,s1_below_2001,s3_2075_3730,s5_47_57,Passenger Car,s2_11_28,Deployed,s2_97_208,s1_below_1,Female,s2_37_80,s3_141_159,s2_164_318,s6_260_up,s2_2_4
15701,s3_1695_2555,s2_n103_99,s4_n40_7,s1_below_4282,s5_5_6,s2_2001_2003,s2_760_2075,s4_37_47,Truck (<=6000 lbs.),s3_28_48,Deployed,s2_97_208,s1_below_1,Male,s4_96_114,s3_141_159,s3_318_464,s3_80_160,s2_2_4
15702,s3_1695_2555,s2_n103_99,s4_n40_7,s1_below_4282,s3_3_4,s2_2001_2003,s2_760_2075,s5_47_57,Truck (<=10000 lbs.),s3_28_48,Deployed,s2_97_208,s1_below_1,Male,s3_80_96,s4_159_169,s3_318_464,s3_80_160,s4_5_6
15703,s2_885_1695,s2_n103_99,s4_n40_7,s1_below_4282,s2_2_3,s1_below_2001,s2_760_2075,s3_17_37,Truck (<=6000 lbs.),s5_64_76,Not Deployed,s2_97_208,s1_below_1,Male,s4_96_114,s2_116_141,s2_164_318,s3_80_160,s2_2_4
15704,s2_885_1695,s2_n103_99,s4_n40_7,s1_below_4282,s1_below_2,s2_2001_2003,s2_760_2075,s4_37_47,Truck (<=6000 lbs.),s2_11_28,Deployed,s2_97_208,s5_4_5,Male,s5_114_130,s3_141_159,s2_164_318,s4_160_220,s2_2_4
15705,s2_885_1695,s2_n103_99,s4_n40_7,s1_below_4282,s2_2_3,s2_2001_2003,s2_760_2075,s4_37_47,Passenger Car,s3_28_48,Not Deployed,s2_97_208,s1_below_1,Female,s3_80_96,s3_141_159,s2_164_318,s3_80_160,s2_2_4
15706,s2_885_1695,s2_n103_99,s4_n40_7,s1_below_4282,s1_below_2,s2_2001_2003,s3_2075_3730,s3_17_37,Passenger Car,s2_11_28,Not Deployed,s2_97_208,s4_3_4,Female,s2_37_80,s3_141_159,s2_164_318,s3_80_160,s2_2_4
15707,s3_1695_2555,s2_n103_99,s4_n40_7,s1_below_4282,s1_below_2,s1_below_2001,s2_760_2075,s3_17_37,Truck (<=6000 lbs.),s4_48_64,Not Deployed,s2_97_208,s1_below_1,Male,s4_96_114,s2_116_141,s2_164_318,s3_80_160,s2_2_4
15708,s3_1695_2555,s2_n103_99,s4_n40_7,s1_below_4282,s1_below_2,s1_below_2001,s2_760_2075,s3_17_37,Truck (<=6000 lbs.),s4_48_64,Not Deployed,s2_97_208,s1_below_1,Male,s3_80_96,s3_141_159,s3_318_464,s4_160_220,s4_5_6
15709,s2_885_1695,s2_n103_99,s4_n40_7,s1_below_4282,s1_below_2,s1_below_2001,s2_760_2075,s4_37_47,Truck (<=6000 lbs.),s4_48_64,Not Deployed,s2_97_208,s1_below_1,Female,s2_37_80,s4_159_169,s2_164_318,s2_40_80,s3_4_5
15710,s2_885_1695,s2_n103_99,s4_n40_7,s1_below_4282,s2_2_3,s2_2001_2003,s2_760_2075,s3_17_37,Passenger Car,s6_76_up,Not Deployed,s2_97_208,s1_below_1,Male,s3_80_96,s3_141_159,s2_164_318,s3_80_160,s2_2_4
15711,s2_885_1695,s2_n103_99,s4_n40_7,s1_below_4282,s5_5_6,s1_below_2001,s2_760_2075,s4_37_47,Passenger Car,s2_11_28,Deployed,s2_97_208,s1_below_1,Female,s2_37_80,s3_141_159,s2_164_318,s3_80_160,s2_2_4
15712,s3_1695_2555,s2_n103_99,s4_n40_7,s1_below_4282,s3_3_4,s2_2001_2003,s2_760_2075,s5_47_57,Truck (<=10000 lbs.),s2_11_28,Deployed,s2_97_208,s1_below_1,Male,s4_96_114,s5_169_179,s3_318_464,s3_80_160,s4_5_6
15713,s2_885_1695,s2_n103_99,s4_n40_7,s1_below_4282,s4_4_5,s2_2001_2003,s2_760_2075,s5_47_57,Truck (<=6000 lbs.),s2_11_28,Deployed,s2_97_208,s2_1_2,Male,s2_37_80,s3_141_159,s2_164_318,s3_80_160,s2_2_4
15714,s2_885_1695,s2_n103_99,s5_7_up,s1_below_4282,s1_below_2,s1_below_2001,s2_760_2075,s4_37_47,Passenger Car,s2_11_28,Not Deployed,s2_97_208,s1_below_1,Female,s2_37_80,s3_141_159,s2_164_318,s6_260_up,s2_2_4
15715,s2_885_1695,s2_n103_99,s4_n40_7,s1_below_4282,s1_below_2,s2_2001_2003,s2_760_2075,s1_below_7,Passenger Car,s2_11_28,Not Deployed,s2_97_208,s1_below_1,Male,s4_96_114,s3_141_159,s2_164_318,s3_80_160,s2_2_4
15716,s2_885_1695,s2_n103_99,s4_n40_7,s1_below_4282,s1_below_2,s1_below_2001,s2_760_2075,s5_47_57,Passenger Car,s2_11_28,Deployed,s2_97_208,s1_below_1,Male,s2_37_80,s3_141_159,s2_164_318,s4_160_220,s2_2_4
15717,s2_885_1695,s2_n103_99,s4_n40_7,s1_below_4282,s1_below_2,s2_2001_2003,s2_760_2075,s5_47_57,Passenger Car,s3_28_48,Not Deployed,s2_97_208,s1_below_1,Female,s3_80_96,s3_141_159,s2_164_318,s4_160_220,s2_2_4
15718,s2_885_1695,s2_n103_99,s4_n40_7,s1_below_4282,s2_2_3,s2_2001_2003,s2_760_2075,s5_47_57,Passenger Car,s2_11_28,Deployed,s2_97_208,s1_below_1,Male,s3_80_96,s3_141_159,s2_164_318,s3_80_160,s2_2_4
15719,s2_885_1695,s2_n103_99,s4_n40_7,s1_below_4282,s4_4_5,s1_below_2001,s2_760_2075,s4_37_47,Passenger Car,s2_11_28,Deployed,s2_97_208,s1_below_1,Female,s2_37_80,s3_141_159,s2_164_318,s3_80_160,s2_2_4
15720,s2_885_1695,s2_n103_99,s4_n40_7,s1_below_4282,s2_2_3,s1_below_2001,s2_760_2075,s3_17_37,Truck (<=6000 lbs.),s4_48_64,Not Deployed,s2_97_208,s3_2_3,Female,s4_96_114,s4_159_169,s2_164_318,s2_40_80,s2_2_4
15721,s2_885_1695,s2_n103_99,s3_n81_n40,s1_below_4282,s1_below_2,s1_below_2001,s2_760_2075,s5_47_57,Passenger Car,s3_28_48,Deployed,s2_97_208,s3_2_3,Female,s6_130_up,s3_141_159,s2_164_318,s3_80_160,s2_2_4
15722,s2_885_1695,s2_n103_99,s5_7_up,s1_below_4282,s1_below_2,s3_2003_2005,s2_760_2075,s4_37_47,Passenger Car,s4_48_64,Not Deployed,s2_97_208,s1_below_1,Female,s2_37_80,s3_141_159,s2_164_318,s1_below_40,s2_2_4
15723,s3_1695_2555,s2_n103_99,s3_n81_n40,s1_below_4282,s4_4_5,s1_below_2001,s2_760_2075,s4_37_47,Truck (<=6000 lbs.),s2_11_28,Deployed,s2_97_208,s1_below_1,Female,s2_37_80,s3_141_159,s2_164_318,s3_80_160,s2_2_4
15724,s2_885_1695,s2_n103_99,s4_n40_7,s1_below_4282,s4_4_5,s2_2001_2003,s2_760_2075,s4_37_47,Passenger Car,s2_11_28,Not Deployed,s2_97_208,s1_below_1,Female,s2_37_80,s3_141_159,s2_164_318,s3_80_160,s2_2_4
15725,s3_1695_2555,s2_n103_99,s5_7_up,s1_below_4282,s4_4_5,s1_below_2001,s2_760_2075,s5_47_57,Truck (<=10000 lbs.),s4_48_64,Not Deployed,s2_97_208,s1_below_1,Male,s4_96_114,s3_141_159,s2_164_318,s6_260_up,s2_2_4
15726,s2_885_1695,s2_n103_99,s4_n40_7,s1_below_4282,s4_4_5,s1_below_2001,s2_760_2075,s3_17_37,Truck (<=6000 lbs.),s3_28_48,Deployed,s2_97_208,s1_below_1,Female,s2_37_80,s4_159_169,s2_164_318,s3_80_160,s3_4_5
15727,s2_885_1695,s2_n103_99,s4_n40_7,s1_below_4282,s3_3_4,s2_2001_2003,s2_760_2075,s3_17_37,Passenger Car,s3_28_48,Deployed,s2_97_208,s1_below_1,Male,s3_80_96,s3_141_159,s2_164_318,s3_80_160,s2_2_4
15728,s2_885_1695,s2_n103_99,s4_n40_7,s1_below_4282,s1_below_2,s2_2001_2003,s2_760_2075,s4_37_47,Passenger Car,s2_11_28,Deployed,s2_97_208,s1_below_1,Female,s2_37_80,s3_141_159,s2_164_318,s3_80_160,s2_2_4
15729,s2_885_1695,s2_n103_99,s4_n40_7,s1_below_4282,s1_below_2,s2_2001_2003,s2_760_2075,s4_37_47,Passenger Car,s2_11_28,Deployed,s2_97_208,s1_below_1,Female,s2_37_80,s3_141_159,s2_164_318,s3_80_160,s2_2_4
15730,s2_885_1695,s2_n103_99,s4_n40_7,s1_below_4282,s1_below_2,s2_2001_2003,s2_760_2075,s4_37_47,Truck (<=6000 lbs.),s2_11_28,Not Deployed,s2_97_208,s1_below_1,Female,s2_37_80,s3_141_159,s2_164_318,s2_40_80,s2_2_4
15731,s2_885_1695,s2_n103_99,s4_n40_7,s1_below_4282,s1_below_2,s1_below_2001,s3_2075_3730,s3_17_37,Passenger Car,s2_11_28,Deployed,s2_97_208,s1_below_1,Male,s2_37_80,s3_141_159,s2_164_318,s3_80_160,s2_2_4
15732,s2_885_1695,s2_n103_99,s4_n40_7,s1_below_4282,s3_3_4,s2_2001_2003,s2_760_2075,s5_47_57,Passenger Car,s3_28_48,Not Deployed,s2_97_208,s1_below_1,Female,s2_37_80,s3_141_159,s2_164_318,s3_80_160,s2_2_4
15733,s2_885_1695,s2_n103_99,s4_n40_7,s1_below_4282,s2_2_3,s2_2001_2003,s2_760_2075,s4_37_47,Passenger Car,s4_48_64,Deployed,s2_97_208,s1_below_1,Male,s3_80_96,s3_141_159,s2_164_318,s3_80_160,s2_2_4
15734,s3_1695_2555,s2_n103_99,s5_7_up,s1_below_4282,s3_3_4,s2_2001_2003,s2_760_2075,s5_47_57,Truck (<=6000 lbs.),s2_11_28,Deployed,s2_97_208,s1_below_1,Male,s2_37_80,s4_159_169,s2_164_318,s6_260_up,s3_4_5
15735,s2_885_1695,s2_n103_99,s1_below_n112,s1_below_4282,s1_below_2,s1_below_2001,s2_760_2075,s5_47_57,Truck (<=6000 lbs.),s5_64_76,Deployed,s2_97_208,s2_1_2,Male,s3_80_96,s2_116_141,s2_164_318,s3_80_160,s2_2_4
15736,s2_885_1695,s2_n103_99,s4_n40_7,s1_below_4282,s6_6_up,s1_below_2001,s3_2075_3730,s5_47_57,Passenger Car,s3_28_48,Deployed,s2_97_208,s1_below_1,Male,s3_80_96,s3_141_159,s2_164_318,s3_80_160,s2_2_4
15737,s2_885_1695,s2_n103_99,s4_n40_7,s1_below_4282,s2_2_3,s2_2001_2003,s2_760_2075,s6_57_up,Passenger Car,s3_28_48,Not Deployed,s2_97_208,s1_below_1,Female,s2_37_80,s3_141_159,s2_164_318,s4_160_220,s2_2_4
15738,s3_1695_2555,s2_n103_99,s4_n40_7,s1_below_4282,s3_3_4,s1_below_2001,s2_760_2075,s4_37_47,Truck (<=6000 lbs.),s4_48_64,Not Deployed,s2_97_208,s1_below_1,Male,s2_37_80,s4_159_169,s3_318_464,s3_80_160,s4_5_6
15739,s2_885_1695,s2_n103_99,s4_n40_7,s1_below_4282,s1_below_2,s1_below_2001,s2_760_2075,s3_17_37,Passenger Car,s2_11_28,Not Deployed,s2_97_208,s1_below_1,Female,s2_37_80,s3_141_159,s2_164_318,s3_80_160,s2_2_4
15740,s2_885_1695,s2_n103_99,s4_n40_7,s1_below_4282,s1_below_2,s1_below_2001,s2_760_2075,s4_37_47,Passenger Car,s5_64_76,Deployed,s2_97_208,s1_below_1,Male,s2_37_80,s3_141_159,s2_164_318,s3_80_160,s2_2_4
15741,s2_885_1695,s2_n103_99,s4_n40_7,s1_below_4282,s1_below_2,s2_2001_2003,s3_2075_3730,s5_47_57,Passenger Car,s2_11_28,Not Deployed,s2_97_208,s1_below_1,Female,s2_37_80,s3_141_159,s2_164_318,s2_40_80,s2_2_4
15742,s2_885_1695,s2_n103_99,s4_n40_7,s1_below_4282,s1_below_2,s1_below_2001,s2_760_2075,s3_17_37,Truck (<=6000 lbs.),s6_76_up,Not Deployed,s2_97_208,s1_below_1,Male,s4_96_114,s3_141_159,s2_164_318,s3_80_160,s2_2_4
15743,s2_885_1695,s2_n103_99,s4_n40_7,s1_below_4282,s1_below_2,s1_below_2001,s2_760_2075,s5_47_57,Truck (<=6000 lbs.),s4_48_64,Deployed,s2_97_208,s2_1_2,Female,s2_37_80,s3_141_159,s2_164_318,s3_80_160,s2_2_4
15744,s2_885_1695,s2_n103_99,s4_n40_7,s1_below_4282,s1_below_2,s1_below_2001,s2_760_2075,s1_below_7,Passenger Car,s4_48_64,Not Deployed,s2_97_208,s1_below_1,Male,s4_96_114,s3_141_159,s2_164_318,s2_40_80,s2_2_4
15745,s2_885_1695,s2_n103_99,s4_n40_7,s1_below_4282,s2_2_3,s1_below_2001,s2_760_2075,s3_17_37,Passenger Car,s2_11_28,Deployed,s2_97_208,s1_below_1,Male,s2_37_80,s3_141_159,s2_164_318,s3_80_160,s2_2_4
15746,s3_1695_2555,s2_n103_99,s4_n40_7,s1_below_4282,s1_below_2,s2_2001_2003,s2_760_2075,s4_37_47,Truck (<=10000 lbs.),s3_28_48,Not Deployed,s2_97_208,s1_below_1,Male,s4_96_114,s4_159_169,s3_318_464,s3_80_160,s4_5_6
15747,s2_885_1695,s2_n103_99,s3_n81_n40,s1_below_4282,s1_below_2,s1_below_2001,s2_760_2075,s3_17_37,Passenger Car,s6_76_up,Deployed,s2_97_208,s1_below_1,Male,s3_80_96,s3_141_159,s2_164_318,s3_80_160,s2_2_4
15748,s2_885_1695,s2_n103_99,s4_n40_7,s1_below_4282,s1_below_2,s2_2001_2003,s2_760_2075,s4_37_47,Passenger Car,s3_28_48,Not Deployed,s2_97_208,s1_below_1,Female,s5_114_130,s3_141_159,s2_164_318,s3_80_160,s2_2_4
15749,s2_885_1695,s2_n103_99,s4_n40_7,s1_below_4282,s3_3_4,s2_2001_2003,s2_760_2075,s5_47_57,Truck (<=6000 lbs.),s4_48_64,Not Deployed,s2_97_208,s1_below_1,Male,s6_130_up,s3_141_159,s3_318_464,s3_80_160,s2_2_4
15750,s3_1695_2555,s2_n103_99,s4_n40_7,s1_below_4282,s1_below_2,s2_2001_2003,s3_2075_3730,s4_37_47,Truck (<=10000 lbs.),s4_48_64,Deployed,s2_97_208,s1_below_1,Male,s5_114_130,s4_159_169,s3_318_464,s3_80_160,s4_5_6
15751,s2_885_1695,s2_n103_99,s4_n40_7,s1_below_4282,s1_below_2,s1_below_2001,s2_760_2075,s6_57_up,Passenger Car,s3_28_48,Deployed,s2_97_208,s1_below_1,Male,s2_37_80,s3_141_159,s2_164_318,s3_80_160,s2_2_4
15752,s2_885_1695,s2_n103_99,s4_n40_7,s1_below_4282,s2_2_3,s1_below_2001,s2_760_2075,s6_57_up,Passenger Car,s2_11_28,Not Deployed,s2_97_208,s1_below_1,Male,s2_37_80,s3_141_159,s2_164_318,s3_80_160,s2_2_4
15753,s2_885_1695,s2_n103_99,s4_n40_7,s1_below_4282,s1_below_2,s1_below_2001,s3_2075_3730,s3_17_37,Passenger Car,s3_28_48,Not Deployed,s2_97_208,s1_below_1,Female,s2_37_80,s3_141_159,s2_164_318,s3_80_160,s2_2_4
15754,s3_1695_2555,s2_n103_99,s4_n40_7,s1_below_4282,s1_below_2,s3_2003_2005,s2_760_2075,s3_17_37,Truck (<=6000 lbs.),s3_28_48,Deployed,s2_97_208,s1_below_1,Male,s3_80_96,s5_169_179,s2_164_318,s3_80_160,s3_4_5
15755,s3_1695_2555,s2_n103_99,s4_n40_7,s1_below_4282,s1_below_2,s1_below_2001,s3_2075_3730,s4_37_47,Truck (<=6000 lbs.),s3_28_48,Not Deployed,s2_97_208,s1_below_1,Female,s2_37_80,s3_141_159,s2_164_318,s4_160_220,s3_4_5
15756,s3_1695_2555,s2_n103_99,s4_n40_7,s1_below_4282,s2_2_3,s1_below_2001,s2_760_2075,s5_47_57,Truck (<=6000 lbs.),s6_76_up,Deployed,s2_97_208,s1_below_1,Female,s2_37_80,s4_159_169,s2_164_318,s4_160_220,s3_4_5
15757,s2_885_1695,s2_n103_99,s3_n81_n40,s1_below_4282,s1_below_2,s1_below_2001,s2_760_2075,s5_47_57,Passenger Car,s3_28_48,Deployed,s2_97_208,s1_below_1,Female,s3_80_96,s3_141_159,s2_164_318,s3_80_160,s2_2_4
15758,s2_885_1695,s2_n103_99,s5_7_up,s1_below_4282,s5_5_6,s1_below_2001,s2_760_2075,s5_47_57,Passenger Car,s2_11_28,Not Deployed,s2_97_208,s1_below_1,Female,s2_37_80,s3_141_159,s2_164_318,s6_260_up,s2_2_4
15759,s2_885_1695,s2_n103_99,s4_n40_7,s1_below_4282,s1_below_2,s1_below_2001,s2_760_2075,s3_17_37,Truck (<=6000 lbs.),s2_11_28,Not Deployed,s2_97_208,s1_below_1,Female,s3_80_96,s3_141_159,s2_164_318,s2_40_80,s2_2_4
15760,s3_1695_2555,s2_n103_99,s4_n40_7,s1_below_4282,s1_below_2,s1_below_2001,s2_760_2075,s6_57_up,Truck (<=10000 lbs.),s4_48_64,Deployed,s2_97_208,s1_below_1,Male,s3_80_96,s4_159_169,s3_318_464,s3_80_160,s4_5_6
15761,s2_885_1695,s2_n103_99,s5_7_up,s1_below_4282,s1_below_2,s1_below_2001,s2_760_2075,s6_57_up,Passenger Car,s3_28_48,Not Deployed,s2_97_208,s1_below_1,Female,s2_37_80,s3_141_159,s2_164_318,s6_260_up,s2_2_4
15762,s2_885_1695,s2_n103_99,s4_n40_7,s1_below_4282,s1_below_2,s1_below_2001,s2_760_2075,s5_47_57,Passenger Car,s2_11_28,Deployed,s2_97_208,s1_below_1,Male,s2_37_80,s3_141_159,s2_164_318,s3_80_160,s2_2_4
15763,s2_885_1695,s2_n103_99,s4_n40_7,s1_below_4282,s1_below_2,s2_2001_2003,s2_760_2075,s5_47_57,Passenger Car,s2_11_28,Deployed,s2_97_208,s1_below_1,Female,s3_80_96,s3_141_159,s2_164_318,s3_80_160,s2_2_4
15764,s2_885_1695,s2_n103_99,s4_n40_7,s1_below_4282,s2_2_3,s1_below_2001,s2_760_2075,s6_57_up,Passenger Car,s3_28_48,Deployed,s2_97_208,s1_below_1,Female,s2_37_80,s3_141_159,s2_164_318,s3_80_160,s2_2_4
15765,s2_885_1695,s2_n103_99,s5_7_up,s1_below_4282,s2_2_3,s2_2001_2003,s2_760_2075,s6_57_up,Passenger Car,s3_28_48,Not Deployed,s2_97_208,s1_below_1,Female,s3_80_96,s3_141_159,s2_164_318,s6_260_up,s2_2_4
15766,s2_885_1695,s2_n103_99,s4_n40_7,s1_below_4282,s3_3_4,s2_2001_2003,s2_760_2075,s3_17_37,Passenger Car,s3_28_48,Not Deployed,s2_97_208,s1_below_1,Female,s2_37_80,s3_141_159,s2_164_318,s4_160_220,s2_2_4
15767,s3_1695_2555,s2_n103_99,s4_n40_7,s1_below_4282,s6_6_up,s2_2001_2003,s2_760_2075,s4_37_47,Passenger Car,s5_64_76,Not Deployed,s2_97_208,s1_below_1,Female,s2_37_80,s3_141_159,s2_164_318,s3_80_160,s2_2_4
15768,s4_2555_3715,s2_n103_99,s4_n40_7,s1_below_4282,s1_below_2,s1_below_2001,s2_760_2075,s3_17_37,Truck (<=10000 lbs.),s3_28_48,Not Deployed,s2_97_208,s1_below_1,Female,s2_37_80,s5_169_179,s3_318_464,s3_80_160,s6_7_up
15769,s3_1695_2555,s2_n103_99,s4_n40_7,s1_below_4282,s3_3_4,s2_2001_2003,s2_760_2075,s5_47_57,Truck (<=10000 lbs.),s3_28_48,Not Deployed,s2_97_208,s1_below_1,Male,s3_80_96,s4_159_169,s3_318_464,s3_80_160,s4_5_6
15770,s2_885_1695,s2_n103_99,s4_n40_7,s1_below_4282,s1_below_2,s2_2001_2003,s2_760_2075,s3_17_37,Truck (<=6000 lbs.),s2_11_28,Deployed,s2_97_208,s2_1_2,Female,s2_37_80,s3_141_159,s2_164_318,s2_40_80,s2_2_4
15771,s4_2555_3715,s2_n103_99,s4_n40_7,s1_below_4282,s2_2_3,s1_below_2001,s2_760_2075,s5_47_57,Truck (<=10000 lbs.),s3_28_48,Not Deployed,s2_97_208,s1_below_1,Male,s3_80_96,s4_159_169,s3_318_464,s3_80_160,s4_5_6
15772,s2_885_1695,s2_n103_99,s4_n40_7,s1_below_4282,s1_below_2,s1_below_2001,s2_760_2075,s4_37_47,Truck (<=6000 lbs.),s5_64_76,Deployed,s2_97_208,s1_below_1,Male,s2_37_80,s2_116_141,s2_164_318,s3_80_160,s2_2_4
15773,s3_1695_2555,s2_n103_99,s4_n40_7,s1_below_4282,s3_3_4,s1_below_2001,s2_760_2075,s4_37_47,Truck (<=6000 lbs.),s3_28_48,Not Deployed,s2_97_208,s1_below_1,Female,s6_130_up,s3_141_159,s2_164_318,s4_160_220,s2_2_4
15774,s3_1695_2555,s2_n103_99,s4_n40_7,s1_below_4282,s3_3_4,s1_below_2001,s2_760_2075,s4_37_47,Truck (<=6000 lbs.),s5_64_76,Deployed,s2_97_208,s1_below_1,Male,s4_96_114,s4_159_169,s2_164_318,s3_80_160,s2_2_4
15775,s2_885_1695,s2_n103_99,s4_n40_7,s1_below_4282,s2_2_3,s1_below_2001,s2_760_2075,s5_47_57,Passenger Car,s3_28_48,Deployed,s2_97_208,s4_3_4,Female,s4_96_114,s3_141_159,s2_164_318,s3_80_160,s2_2_4
15776,s2_885_1695,s2_n103_99,s4_n40_7,s1_below_4282,s2_2_3,s1_below_2001,s2_760_2075,s4_37_47,Truck (<=6000 lbs.),s4_48_64,Not Deployed,s2_97_208,s1_below_1,Female,s4_96_114,s3_141_159,s2_164_318,s3_80_160,s2_2_4
15777,s2_885_1695,s2_n103_99,s4_n40_7,s1_below_4282,s1_below_2,s1_below_2001,s2_760_2075,s3_17_37,Passenger Car,s4_48_64,Deployed,s2_97_208,s1_below_1,Female,s4_96_114,s3_141_159,s2_164_318,s3_80_160,s2_2_4
15778,s3_1695_2555,s2_n103_99,s4_n40_7,s1_below_4282,s1_below_2,s2_2001_2003,s2_760_2075,s4_37_47,Truck (<=6000 lbs.),s4_48_64,Not Deployed,s2_97_208,s1_below_1,Female,s3_80_96,s3_141_159,s2_164_318,s3_80_160,s2_2_4
15779,s2_885_1695,s2_n103_99,s5_7_up,s1_below_4282,s3_3_4,s1_below_2001,s2_760_2075,s5_47_57,Truck (<=6000 lbs.),s3_28_48,Not Deployed,s2_97_208,s1_below_1,Female,s2_37_80,s3_141_159,s2_164_318,s6_260_up,s2_2_4
15780,s2_885_1695,s2_n103_99,s5_7_up,s1_below_4282,s1_below_2,s1_below_2001,s2_760_2075,s5_47_57,Passenger Car,s3_28_48,Not Deployed,s2_97_208,s1_below_1,Female,s2_37_80,s3_141_159,s2_164_318,s6_260_up,s2_2_4
15781,s2_885_1695,s2_n103_99,s4_n40_7,s1_below_4282,s1_below_2,s1_below_2001,s2_760_2075,s3_17_37,Passenger Car,s3_28_48,Deployed,s2_97_208,s2_1_2,Male,s4_96_114,s3_141_159,s2_164_318,s3_80_160,s2_2_4
15782,s2_885_1695,s2_n103_99,s4_n40_7,s1_below_4282,s2_2_3,s1_below_2001,s2_760_2075,s3_17_37,Passenger Car,s3_28_48,Not Deployed,s2_97_208,s1_below_1,Female,s3_80_96,s3_141_159,s2_164_318,s3_80_160,s2_2_4
15783,s2_885_1695,s2_n103_99,s4_n40_7,s1_below_4282,s2_2_3,s2_2001_2003,s2_760_2075,s5_47_57,Passenger Car,s5_64_76,Deployed,s2_97_208,s1_below_1,Female,s2_37_80,s3_141_159,s2_164_318,s3_80_160,s2_2_4
15784,s3_1695_2555,s2_n103_99,s4_n40_7,s2_4282_6970,s1_below_2,s1_below_2001,s2_760_2075,s4_37_47,Truck (<=10000 lbs.),s2_11_28,Deployed,s2_97_208,s3_2_3,Male,s3_80_96,s3_141_159,s2_164_318,s4_160_220,s2_2_4
15785,s2_885_1695,s2_n103_99,s3_n81_n40,s1_below_4282,s1_below_2,s2_2001_2003,s2_760_2075,s5_47_57,Passenger Car,s2_11_28,Deployed,s2_97_208,s2_1_2,Male,s2_37_80,s3_141_159,s2_164_318,s3_80_160,s2_2_4
15786,s3_1695_2555,s2_n103_99,s4_n40_7,s1_below_4282,s1_below_2,s2_2001_2003,s2_760_2075,s5_47_57,Truck (<=6000 lbs.),s3_28_48,Deployed,s2_97_208,s1_below_1,Female,s2_37_80,s3_141_159,s2_164_318,s3_80_160,s2_2_4
15787,s3_1695_2555,s2_n103_99,s4_n40_7,s1_below_4282,s3_3_4,s1_below_2001,s2_760_2075,s4_37_47,Truck (<=6000 lbs.),s4_48_64,Deployed,s2_97_208,s1_below_1,Female,s2_37_80,s3_141_159,s2_164_318,s3_80_160,s3_4_5
15788,s3_1695_2555,s2_n103_99,s3_n81_n40,s1_below_4282,s1_below_2,s2_2001_2003,s2_760_2075,s6_57_up,Truck (<=6000 lbs.),s3_28_48,Not Deployed,s2_97_208,s1_below_1,Female,s2_37_80,s3_141_159,s2_164_318,s3_80_160,s2_2_4
15789,s2_885_1695,s2_n103_99,s4_n40_7,s1_below_4282,s4_4_5,s2_2001_2003,s2_760_2075,s4_37_47,Passenger Car,s2_11_28,Not Deployed,s2_97_208,s1_below_1,Female,s3_80_96,s3_141_159,s2_164_318,s3_80_160,s2_2_4
15790,s2_885_1695,s2_n103_99,s4_n40_7,s1_below_4282,s1_below_2,s1_below_2001,s3_2075_3730,s5_47_57,Passenger Car,s2_11_28,Not Deployed,s2_97_208,s1_below_1,Female,s4_96_114,s3_141_159,s2_164_318,s4_160_220,s2_2_4
15791,s2_885_1695,s2_n103_99,s4_n40_7,s1_below_4282,s3_3_4,s1_below_2001,s2_760_2075,s4_37_47,Passenger Car,s2_11_28,Deployed,s2_97_208,s1_below_1,Male,s3_80_96,s3_141_159,s2_164_318,s4_160_220,s2_2_4
15792,s2_885_1695,s2_n103_99,s4_n40_7,s1_below_4282,s3_3_4,s1_below_2001,s2_760_2075,s3_17_37,Passenger Car,s3_28_48,Not Deployed,s2_97_208,s1_below_1,Male,s4_96_114,s3_141_159,s2_164_318,s2_40_80,s2_2_4
15793,s3_1695_2555,s2_n103_99,s4_n40_7,s1_below_4282,s3_3_4,s2_2001_2003,s2_760_2075,s4_37_47,Truck (<=10000 lbs.),s4_48_64,Not Deployed,s2_97_208,s1_below_1,Male,s3_80_96,s4_159_169,s3_318_464,s2_40_80,s4_5_6
15794,s3_1695_2555,s2_n103_99,s4_n40_7,s1_below_4282,s3_3_4,s1_below_2001,s3_2075_3730,s4_37_47,Truck (<=10000 lbs.),s4_48_64,Not Deployed,s2_97_208,s1_below_1,Male,s3_80_96,s4_159_169,s3_318_464,s3_80_160,s4_5_6
15795,s2_885_1695,s2_n103_99,s4_n40_7,s1_below_4282,s1_below_2,s1_below_2001,s2_760_2075,s6_57_up,Passenger Car,s3_28_48,Deployed,s2_97_208,s2_1_2,Male,s3_80_96,s3_141_159,s2_164_318,s2_40_80,s2_2_4
15796,s3_1695_2555,s2_n103_99,s4_n40_7,s1_below_4282,s1_below_2,s1_below_2001,s2_760_2075,s4_37_47,Truck (<=10000 lbs.),s4_48_64,Not Deployed,s2_97_208,s1_below_1,Male,s3_80_96,s4_159_169,s2_164_318,s3_80_160,s3_4_5
15797,s2_885_1695,s2_n103_99,s4_n40_7,s1_below_4282,s1_below_2,s2_2001_2003,s3_2075_3730,s4_37_47,Passenger Car,s4_48_64,Not Deployed,s2_97_208,s1_below_1,Female,s2_37_80,s3_141_159,s2_164_318,s3_80_160,s2_2_4
15798,s2_885_1695,s2_n103_99,s4_n40_7,s1_below_4282,s3_3_4,s2_2001_2003,s2_760_2075,s4_37_47,Passenger Car,s3_28_48,Deployed,s2_97_208,s1_below_1,Female,s2_37_80,s3_141_159,s2_164_318,s3_80_160,s2_2_4
15799,s3_1695_2555,s2_n103_99,s4_n40_7,s1_below_4282,s2_2_3,s1_below_2001,s2_760_2075,s4_37_47,Truck (<=10000 lbs.),s3_28_48,Not Deployed,s2_97_208,s1_below_1,Male,s3_80_96,s5_169_179,s3_318_464,s3_80_160,s4_5_6
15800,s2_885_1695,s2_n103_99,s4_n40_7,s1_below_4282,s3_3_4,s2_2001_2003,s2_760_2075,s5_47_57,Passenger Car,s2_11_28,Deployed,s2_97_208,s1_below_1,Female,s2_37_80,s3_141_159,s2_164_318,s3_80_160,s2_2_4
15801,s2_885_1695,s2_n103_99,s4_n40_7,s1_below_4282,s3_3_4,s1_below_2001,s2_760_2075,s5_47_57,Passenger Car,s2_11_28,Deployed,s2_97_208,s1_below_1,Female,s2_37_80,s3_141_159,s2_164_318,s4_160_220,s2_2_4
15802,s3_1695_2555,s2_n103_99,s4_n40_7,s1_below_4282,s1_below_2,s2_2001_2003,s2_760_2075,s4_37_47,Truck (<=10000 lbs.),s2_11_28,Deployed,s2_97_208,s2_1_2,Male,s2_37_80,s4_159_169,s3_318_464,s3_80_160,s4_5_6
15803,s3_1695_2555,s2_n103_99,s4_n40_7,s1_below_4282,s1_below_2,s1_below_2001,s3_2075_3730,s4_37_47,Truck (<=6000 lbs.),s3_28_48,Deployed,s2_97_208,s1_below_1,Female,s2_37_80,s4_159_169,s2_164_318,s3_80_160,s3_4_5
15804,s2_885_1695,s2_n103_99,s4_n40_7,s1_below_4282,s2_2_3,s1_below_2001,s2_760_2075,s3_17_37,Passenger Car,s3_28_48,Not Deployed,s2_97_208,s1_below_1,Female,s2_37_80,s3_141_159,s2_164_318,s4_160_220,s2_2_4
15805,s3_1695_2555,s2_n103_99,s4_n40_7,s1_below_4282,s4_4_5,s2_2001_2003,s2_760_2075,s4_37_47,Truck (<=6000 lbs.),s3_28_48,Not Deployed,s2_97_208,s1_below_1,Female,s2_37_80,s3_141_159,s3_318_464,s4_160_220,s2_2_4
15806,s4_2555_3715,s2_n103_99,s4_n40_7,s1_below_4282,s1_below_2,s2_2001_2003,s2_760_2075,s5_47_57,Truck (<=10000 lbs.),s3_28_48,Not Deployed,s2_97_208,s1_below_1,Male,s2_37_80,s5_169_179,s3_318_464,s5_220_260,s4_5_6
15807,s3_1695_2555,s2_n103_99,s4_n40_7,s1_below_4282,s1_below_2,s1_below_2001,s2_760_2075,s4_37_47,Truck (<=10000 lbs.),s5_64_76,Not Deployed,s2_97_208,s1_below_1,Male,s3_80_96,s5_169_179,s3_318_464,s3_80_160,s4_5_6
15808,s3_1695_2555,s2_n103_99,s5_7_up,s1_below_4282,s1_below_2,s1_below_2001,s2_760_2075,s5_47_57,Passenger Car,s5_64_76,Not Deployed,s2_97_208,s1_below_1,Female,s2_37_80,s3_141_159,s2_164_318,s6_260_up,s3_4_5
15809,s2_885_1695,s2_n103_99,s4_n40_7,s1_below_4282,s1_below_2,s1_below_2001,s2_760_2075,s5_47_57,Passenger Car,s2_11_28,Deployed,s2_97_208,s1_below_1,Female,s2_37_80,s3_141_159,s2_164_318,s3_80_160,s2_2_4
15810,s2_885_1695,s2_n103_99,s3_n81_n40,s1_below_4282,s1_below_2,s2_2001_2003,s3_2075_3730,s3_17_37,Truck (<=6000 lbs.),s6_76_up,Deployed,s2_97_208,s1_below_1,Male,s2_37_80,s3_141_159,s2_164_318,s3_80_160,s2_2_4
15811,s3_1695_2555,s2_n103_99,s4_n40_7,s1_below_4282,s1_below_2,s2_2001_2003,s2_760_2075,s5_47_57,Truck (<=10000 lbs.),s3_28_48,Deployed,s2_97_208,s1_below_1,Female,s4_96_114,s4_159_169,s3_318_464,s3_80_160,s4_5_6
15812,s2_885_1695,s2_n103_99,s4_n40_7,s1_below_4282,s1_below_2,s2_2001_2003,s2_760_2075,s6_57_up,Passenger Car,s2_11_28,Deployed,s2_97_208,s1_below_1,Female,s2_37_80,s3_141_159,s2_164_318,s3_80_160,s2_2_4
15813,s2_885_1695,s2_n103_99,s4_n40_7,s1_below_4282,s1_below_2,s2_2001_2003,s2_760_2075,s5_47_57,Passenger Car,s2_11_28,Deployed,s2_97_208,s4_3_4,Female,s2_37_80,s3_141_159,s2_164_318,s2_40_80,s2_2_4
15814,s2_885_1695,s2_n103_99,s4_n40_7,s1_below_4282,s6_6_up,s2_2001_2003,s2_760_2075,s5_47_57,Passenger Car,s4_48_64,Deployed,s2_97_208,s1_below_1,Male,s4_96_114,s3_141_159,s2_164_318,s2_40_80,s2_2_4
15815,s2_885_1695,s2_n103_99,s4_n40_7,s1_below_4282,s1_below_2,s1_below_2001,s2_760_2075,s5_47_57,Passenger Car,s6_76_up,Deployed,s2_97_208,s3_2_3,Female,s2_37_80,s3_141_159,s2_164_318,s2_40_80,s2_2_4
15816,s2_885_1695,s2_n103_99,s4_n40_7,s1_below_4282,s1_below_2,s2_2001_2003,s2_760_2075,s3_17_37,Passenger Car,s3_28_48,Not Deployed,s2_97_208,s1_below_1,Female,s2_37_80,s3_141_159,s2_164_318,s2_40_80,s2_2_4
15817,s3_1695_2555,s2_n103_99,s4_n40_7,s1_below_4282,s2_2_3,s1_below_2001,s2_760_2075,s5_47_57,Truck (<=10000 lbs.),s4_48_64,Deployed,s2_97_208,s5_4_5,Male,s2_37_80,s2_116_141,s3_318_464,s4_160_220,s3_4_5
15818,s3_1695_2555,s2_n103_99,s3_n81_n40,s1_below_4282,s4_4_5,s1_below_2001,s2_760_2075,s5_47_57,Passenger Car,s3_28_48,Deployed,s2_97_208,s1_below_1,Female,s2_37_80,s3_141_159,s2_164_318,s3_80_160,s2_2_4
15819,s2_885_1695,s2_n103_99,s4_n40_7,s1_below_4282,s1_below_2,s1_below_2001,s2_760_2075,s3_17_37,Passenger Car,s3_28_48,Not Deployed,s2_97_208,s1_below_1,Male,s3_80_96,s3_141_159,s2_164_318,s2_40_80,s2_2_4
15820,s3_1695_2555,s2_n103_99,s4_n40_7,s1_below_4282,s3_3_4,s1_below_2001,s2_760_2075,s4_37_47,Truck (<=6000 lbs.),s3_28_48,Not Deployed,s2_97_208,s1_below_1,Female,s3_80_96,s3_141_159,s2_164_318,s4_160_220,s2_2_4
15821,s3_1695_2555,s2_n103_99,s4_n40_7,s1_below_4282,s3_3_4,s2_2001_2003,s2_760_2075,s4_37_47,Truck (<=6000 lbs.),s4_48_64,Not Deployed,s2_97_208,s1_below_1,Female,s2_37_80,s3_141_159,s2_164_318,s3_80_160,s2_2_4
15822,s2_885_1695,s2_n103_99,s4_n40_7,s1_below_4282,s1_below_2,s1_below_2001,s2_760_2075,s4_37_47,Passenger Car,s2_11_28,Deployed,s2_97_208,s1_below_1,Male,s2_37_80,s3_141_159,s2_164_318,s3_80_160,s2_2_4
15823,s2_885_1695,s2_n103_99,s4_n40_7,s1_below_4282,s3_3_4,s2_2001_2003,s2_760_2075,s5_47_57,Truck (<=6000 lbs.),s4_48_64,Deployed,s2_97_208,s1_below_1,Female,s3_80_96,s3_141_159,s2_164_318,s3_80_160,s2_2_4
15824,s3_1695_2555,s2_n103_99,s4_n40_7,s1_below_4282,s1_below_2,s1_below_2001,s2_760_2075,s5_47_57,Truck (<=6000 lbs.),s5_64_76,Deployed,s2_97_208,s2_1_2,Male,s3_80_96,s5_169_179,s2_164_318,s3_80_160,s3_4_5
15825,s2_885_1695,s2_n103_99,s4_n40_7,s1_below_4282,s4_4_5,s1_below_2001,s2_760_2075,s4_37_47,Truck (<=6000 lbs.),s2_11_28,Not Deployed,s2_97_208,s1_below_1,Female,s2_37_80,s3_141_159,s2_164_318,s3_80_160,s2_2_4
15826,s2_885_1695,s2_n103_99,s4_n40_7,s1_below_4282,s2_2_3,s2_2001_2003,s2_760_2075,s5_47_57,Passenger Car,s3_28_48,Not Deployed,s2_97_208,s1_below_1,Female,s3_80_96,s3_141_159,s2_164_318,s3_80_160,s2_2_4
15827,s3_1695_2555,s2_n103_99,s4_n40_7,s1_below_4282,s1_below_2,s2_2001_2003,s2_760_2075,s4_37_47,Truck (<=10000 lbs.),s3_28_48,Not Deployed,s2_97_208,s1_below_1,Male,s3_80_96,s3_141_159,s3_318_464,s3_80_160,s3_4_5
15828,s2_885_1695,s2_n103_99,s4_n40_7,s1_below_4282,s6_6_up,s1_below_2001,s2_760_2075,s5_47_57,Passenger Car,s4_48_64,Deployed,s2_97_208,s2_1_2,Female,s3_80_96,s3_141_159,s2_164_318,s3_80_160,s2_2_4
15829,s2_885_1695,s2_n103_99,s4_n40_7,s1_below_4282,s3_3_4,s1_below_2001,s2_760_2075,s4_37_47,Passenger Car,s3_28_48,Deployed,s2_97_208,s1_below_1,Male,s3_80_96,s3_141_159,s2_164_318,s3_80_160,s2_2_4
15830,s3_1695_2555,s2_n103_99,s4_n40_7,s1_below_4282,s1_below_2,s1_below_2001,s2_760_2075,s3_17_37,Truck (<=10000 lbs.),s3_28_48,Not Deployed,s2_97_208,s1_below_1,Female,s2_37_80,s4_159_169,s3_318_464,s4_160_220,s4_5_6
15831,s3_1695_2555,s2_n103_99,s4_n40_7,s1_below_4282,s1_below_2,s2_2001_2003,s2_760_2075,s5_47_57,Truck (<=6000 lbs.),s3_28_48,Not Deployed,s2_97_208,s1_below_1,Female,s2_37_80,s3_141_159,s2_164_318,s3_80_160,s2_2_4
15832,s2_885_1695,s2_n103_99,s4_n40_7,s1_below_4282,s3_3_4,s2_2001_2003,s2_760_2075,s5_47_57,Passenger Car,s2_11_28,Deployed,s2_97_208,s1_below_1,Female,s2_37_80,s3_141_159,s2_164_318,s3_80_160,s2_2_4
15833,s3_1695_2555,s2_n103_99,s5_7_up,s1_below_4282,s1_below_2,s2_2001_2003,s2_760_2075,s6_57_up,Truck (<=6000 lbs.),s5_64_76,Not Deployed,s2_97_208,s3_2_3,Male,s2_37_80,s4_159_169,s2_164_318,s6_260_up,s3_4_5
15834,s3_1695_2555,s2_n103_99,s4_n40_7,s1_below_4282,s1_below_2,s1_below_2001,s2_760_2075,s5_47_57,Passenger Car,s6_76_up,Deployed,s3_208_up,s1_below_1,Male,s2_37_80,s3_141_159,s2_164_318,s3_80_160,s2_2_4
15835,s2_885_1695,s2_n103_99,s4_n40_7,s1_below_4282,s3_3_4,s2_2001_2003,s2_760_2075,s5_47_57,Passenger Car,s2_11_28,Deployed,s2_97_208,s1_below_1,Female,s2_37_80,s3_141_159,s2_164_318,s4_160_220,s2_2_4
15836,s2_885_1695,s2_n103_99,s5_7_up,s1_below_4282,s2_2_3,s1_below_2001,s2_760_2075,s4_37_47,Passenger Car,s3_28_48,Not Deployed,s2_97_208,s1_below_1,Female,s2_37_80,s3_141_159,s2_164_318,s6_260_up,s2_2_4
15837,s2_885_1695,s2_n103_99,s3_n81_n40,s1_below_4282,s4_4_5,s2_2001_2003,s2_760_2075,s6_57_up,Passenger Car,s2_11_28,Deployed,s2_97_208,s3_2_3,Male,s3_80_96,s3_141_159,s2_164_318,s3_80_160,s2_2_4
15838,s3_1695_2555,s2_n103_99,s4_n40_7,s1_below_4282,s3_3_4,s2_2001_2003,s2_760_2075,s6_57_up,Truck (<=6000 lbs.),s2_11_28,Deployed,s2_97_208,s1_below_1,Male,s4_96_114,s3_141_159,s3_318_464,s3_80_160,s3_4_5
15839,s2_885_1695,s2_n103_99,s5_7_up,s1_below_4282,s3_3_4,s1_below_2001,s2_760_2075,s6_57_up,Passenger Car,s2_11_28,Not Deployed,s2_97_208,s1_below_1,Female,s2_37_80,s3_141_159,s2_164_318,s6_260_up,s2_2_4
15840,s2_885_1695,s2_n103_99,s4_n40_7,s1_below_4282,s4_4_5,s2_2001_2003,s2_760_2075,s4_37_47,Passenger Car,s2_11_28,Not Deployed,s2_97_208,s1_below_1,Female,s2_37_80,s3_141_159,s2_164_318,s4_160_220,s2_2_4
15841,s2_885_1695,s2_n103_99,s4_n40_7,s1_below_4282,s1_below_2,s1_below_2001,s3_2075_3730,s3_17_37,Passenger Car,s2_11_28,Deployed,s2_97_208,s1_below_1,Female,s2_37_80,s3_141_159,s2_164_318,s3_80_160,s2_2_4
15842,s2_885_1695,s2_n103_99,s4_n40_7,s1_below_4282,s3_3_4,s1_below_2001,s2_760_2075,s3_17_37,Passenger Car,s4_48_64,Not Deployed,s2_97_208,s1_below_1,Female,s2_37_80,s3_141_159,s2_164_318,s3_80_160,s2_2_4
15843,s3_1695_2555,s2_n103_99,s4_n40_7,s1_below_4282,s3_3_4,s1_below_2001,s2_760_2075,s4_37_47,Truck (<=6000 lbs.),s3_28_48,Not Deployed,s2_97_208,s1_below_1,Male,s2_37_80,s3_141_159,s2_164_318,s3_80_160,s2_2_4
15844,s3_1695_2555,s2_n103_99,s4_n40_7,s1_below_4282,s2_2_3,s1_below_2001,s2_760_2075,s4_37_47,Truck (<=10000 lbs.),s3_28_48,Not Deployed,s2_97_208,s1_below_1,Male,s5_114_130,s5_169_179,s2_164_318,s4_160_220,s2_2_4
15845,s3_1695_2555,s2_n103_99,s4_n40_7,s1_below_4282,s1_below_2,s2_2001_2003,s2_760_2075,s3_17_37,Truck (<=6000 lbs.),s3_28_48,Not Deployed,s2_97_208,s2_1_2,Male,s2_37_80,s3_141_159,s3_318_464,s3_80_160,s3_4_5
15846,s2_885_1695,s2_n103_99,s5_7_up,s1_below_4282,s3_3_4,s1_below_2001,s2_760_2075,s4_37_47,Passenger Car,s2_11_28,Not Deployed,s2_97_208,s1_below_1,Female,s3_80_96,s3_141_159,s2_164_318,s4_160_220,s2_2_4
15847,s2_885_1695,s2_n103_99,s5_7_up,s1_below_4282,s3_3_4,s2_2001_2003,s2_760_2075,s6_57_up,Passenger Car,s2_11_28,Not Deployed,s2_97_208,s1_below_1,Male,s3_80_96,s3_141_159,s2_164_318,s6_260_up,s2_2_4
15848,s3_1695_2555,s2_n103_99,s4_n40_7,s1_below_4282,s3_3_4,s2_2001_2003,s2_760_2075,s4_37_47,Truck (<=6000 lbs.),s3_28_48,Not Deployed,s2_97_208,s1_below_1,Male,s3_80_96,s3_141_159,s3_318_464,s3_80_160,s2_2_4
15849,s3_1695_2555,s2_n103_99,s4_n40_7,s1_below_4282,s3_3_4,s2_2001_2003,s2_760_2075,s3_17_37,Truck (<=6000 lbs.),s3_28_48,Not Deployed,s2_97_208,s1_below_1,Female,s2_37_80,s3_141_159,s2_164_318,s3_80_160,s2_2_4
15850,s3_1695_2555,s2_n103_99,s3_n81_n40,s1_below_4282,s1_below_2,s1_below_2001,s2_760_2075,s3_17_37,Truck (<=6000 lbs.),s3_28_48,Deployed,s2_97_208,s1_below_1,Male,s4_96_114,s4_159_169,s2_164_318,s3_80_160,s3_4_5
15851,s2_885_1695,s2_n103_99,s4_n40_7,s1_below_4282,s3_3_4,s1_below_2001,s2_760_2075,s6_57_up,Passenger Car,s3_28_48,Not Deployed,s2_97_208,s1_below_1,Male,s3_80_96,s3_141_159,s2_164_318,s3_80_160,s2_2_4
15852,s3_1695_2555,s2_n103_99,s4_n40_7,s1_below_4282,s6_6_up,s2_2001_2003,s2_760_2075,s3_17_37,Truck (<=6000 lbs.),s3_28_48,Deployed,s2_97_208,s1_below_1,Male,s2_37_80,s2_116_141,s3_318_464,s4_160_220,s2_2_4
15853,s3_1695_2555,s2_n103_99,s4_n40_7,s1_below_4282,s1_below_2,s1_below_2001,s2_760_2075,s3_17_37,Truck (<=6000 lbs.),s3_28_48,Not Deployed,s2_97_208,s1_below_1,Male,s3_80_96,s4_159_169,s3_318_464,s2_40_80,s4_5_6
15854,s3_1695_2555,s2_n103_99,s4_n40_7,s1_below_4282,s3_3_4,s1_below_2001,s2_760_2075,s3_17_37,Passenger Car,s3_28_48,Deployed,s2_97_208,s3_2_3,Male,s4_96_114,s4_159_169,s2_164_318,s3_80_160,s2_2_4
15855,s2_885_1695,s2_n103_99,s4_n40_7,s1_below_4282,s2_2_3,s1_below_2001,s2_760_2075,s4_37_47,Passenger Car,s3_28_48,Deployed,s2_97_208,s2_1_2,Male,s2_37_80,s3_141_159,s2_164_318,s4_160_220,s2_2_4
15856,s2_885_1695,s2_n103_99,s4_n40_7,s1_below_4282,s2_2_3,s2_2001_2003,s2_760_2075,s3_17_37,Passenger Car,s2_11_28,Deployed,s2_97_208,s1_below_1,Female,s2_37_80,s3_141_159,s2_164_318,s3_80_160,s2_2_4
15857,s3_1695_2555,s2_n103_99,s4_n40_7,s1_below_4282,s4_4_5,s1_below_2001,s2_760_2075,s6_57_up,Truck (<=6000 lbs.),s3_28_48,Not Deployed,s2_97_208,s2_1_2,Female,s2_37_80,s3_141_159,s2_164_318,s3_80_160,s2_2_4
15858,s2_885_1695,s2_n103_99,s4_n40_7,s1_below_4282,s4_4_5,s1_below_2001,s2_760_2075,s6_57_up,Passenger Car,s2_11_28,Not Deployed,s2_97_208,s1_below_1,Female,s3_80_96,s3_141_159,s2_164_318,s3_80_160,s2_2_4
15859,s2_885_1695,s2_n103_99,s4_n40_7,s1_below_4282,s2_2_3,s1_below_2001,s2_760_2075,s4_37_47,Passenger Car,s3_28_48,Not Deployed,s2_97_208,s1_below_1,Female,s2_37_80,s3_141_159,s2_164_318,s4_160_220,s2_2_4
15860,s3_1695_2555,s2_n103_99,s4_n40_7,s1_below_4282,s4_4_5,s1_below_2001,s2_760_2075,s6_57_up,Truck (<=10000 lbs.),s3_28_48,Deployed,s2_97_208,s1_below_1,Male,s3_80_96,s4_159_169,s2_164_318,s3_80_160,s3_4_5
15861,s3_1695_2555,s2_n103_99,s5_7_up,s1_below_4282,s3_3_4,s1_below_2001,s2_760_2075,s6_57_up,Truck (<=6000 lbs.),s3_28_48,Not Deployed,s2_97_208,s3_2_3,Female,s2_37_80,s3_141_159,s2_164_318,s6_260_up,s2_2_4
15862,s3_1695_2555,s2_n103_99,s4_n40_7,s1_below_4282,s1_below_2,s2_2001_2003,s3_2075_3730,s3_17_37,Truck (<=6000 lbs.),s2_11_28,Not Deployed,s2_97_208,s1_below_1,Male,s3_80_96,s3_141_159,s2_164_318,s4_160_220,s2_2_4
15863,s2_885_1695,s2_n103_99,s4_n40_7,s1_below_4282,s2_2_3,s1_below_2001,s3_2075_3730,s5_47_57,Truck (<=6000 lbs.),s2_11_28,Deployed,s2_97_208,s3_2_3,Female,s2_37_80,s3_141_159,s2_164_318,s3_80_160,s2_2_4
15864,s2_885_1695,s2_n103_99,s5_7_up,s1_below_4282,s2_2_3,s1_below_2001,s2_760_2075,s6_57_up,Passenger Car,s3_28_48,Not Deployed,s2_97_208,s1_below_1,Male,s2_37_80,s3_141_159,s2_164_318,s6_260_up,s2_2_4
15865,s2_885_1695,s2_n103_99,s4_n40_7,s1_below_4282,s1_below_2,s1_below_2001,s2_760_2075,s4_37_47,Passenger Car,s4_48_64,Deployed,s2_97_208,s1_below_1,Female,s3_80_96,s3_141_159,s2_164_318,s3_80_160,s2_2_4
15866,s4_2555_3715,s2_n103_99,s4_n40_7,s1_below_4282,s2_2_3,s1_below_2001,s2_760_2075,s4_37_47,Passenger Car,s3_28_48,Not Deployed,s2_97_208,s1_below_1,Female,s2_37_80,s3_141_159,s2_164_318,s4_160_220,s2_2_4
15867,s2_885_1695,s2_n103_99,s5_7_up,s1_below_4282,s4_4_5,s2_2001_2003,s2_760_2075,s6_57_up,Passenger Car,s4_48_64,Not Deployed,s2_97_208,s1_below_1,Female,s2_37_80,s3_141_159,s2_164_318,s6_260_up,s2_2_4
15868,s2_885_1695,s2_n103_99,s4_n40_7,s1_below_4282,s4_4_5,s1_below_2001,s2_760_2075,s4_37_47,Passenger Car,s5_64_76,Not Deployed,s2_97_208,s2_1_2,Female,s2_37_80,s3_141_159,s2_164_318,s4_160_220,s2_2_4
15869,s2_885_1695,s2_n103_99,s4_n40_7,s1_below_4282,s4_4_5,s1_below_2001,s2_760_2075,s6_57_up,Passenger Car,s4_48_64,Deployed,s2_97_208,s1_below_1,Male,s2_37_80,s3_141_159,s2_164_318,s3_80_160,s2_2_4
15870,s2_885_1695,s2_n103_99,s4_n40_7,s1_below_4282,s2_2_3,s1_below_2001,s2_760_2075,s3_17_37,Passenger Car,s3_28_48,Not Deployed,s2_97_208,s1_below_1,Female,s2_37_80,s3_141_159,s2_164_318,s4_160_220,s2_2_4
15871,s2_885_1695,s2_n103_99,s4_n40_7,s1_below_4282,s1_below_2,s1_below_2001,s3_2075_3730,s3_17_37,Passenger Car,s2_11_28,Deployed,s2_97_208,s2_1_2,Female,s2_37_80,s3_141_159,s2_164_318,s3_80_160,s2_2_4
15872,s2_885_1695,s2_n103_99,s4_n40_7,s1_below_4282,s3_3_4,s1_below_2001,s2_760_2075,s3_17_37,Passenger Car,s2_11_28,Not Deployed,s2_97_208,s2_1_2,Female,s2_37_80,s3_141_159,s2_164_318,s4_160_220,s2_2_4
15873,s2_885_1695,s2_n103_99,s4_n40_7,s1_below_4282,s3_3_4,s1_below_2001,s2_760_2075,s3_17_37,Passenger Car,s2_11_28,Not Deployed,s2_97_208,s1_below_1,Female,s2_37_80,s3_141_159,s2_164_318,s4_160_220,s2_2_4
15874,s2_885_1695,s2_n103_99,s4_n40_7,s1_below_4282,s2_2_3,s2_2001_2003,s2_760_2075,s4_37_47,Passenger Car,s4_48_64,Not Deployed,s2_97_208,s3_2_3,Male,s3_80_96,s3_141_159,s2_164_318,s3_80_160,s2_2_4
15875,s2_885_1695,s2_n103_99,s4_n40_7,s1_below_4282,s1_below_2,s1_below_2001,s2_760_2075,s3_17_37,Passenger Car,s3_28_48,Deployed,s2_97_208,s1_below_1,Female,s3_80_96,s3_141_159,s2_164_318,s3_80_160,s2_2_4
15876,s3_1695_2555,s2_n103_99,s4_n40_7,s1_below_4282,s4_4_5,s1_below_2001,s2_760_2075,s3_17_37,Truck (<=6000 lbs.),s3_28_48,Deployed,s2_97_208,s1_below_1,Male,s2_37_80,s4_159_169,s2_164_318,s3_80_160,s3_4_5
15877,s2_885_1695,s2_n103_99,s5_7_up,s1_below_4282,s2_2_3,s1_below_2001,s2_760_2075,s4_37_47,Passenger Car,s3_28_48,Not Deployed,s2_97_208,s1_below_1,Female,s2_37_80,s3_141_159,s2_164_318,s6_260_up,s2_2_4
15878,s2_885_1695,s2_n103_99,s3_n81_n40,s1_below_4282,s2_2_3,s1_below_2001,s3_2075_3730,s6_57_up,Passenger Car,s3_28_48,Deployed,s2_97_208,s6_5_up,Female,s6_130_up,s3_141_159,s2_164_318,s4_160_220,s2_2_4
15879,s2_885_1695,s2_n103_99,s4_n40_7,s1_below_4282,s3_3_4,s1_below_2001,s2_760_2075,s4_37_47,Passenger Car,s3_28_48,Not Deployed,s2_97_208,s1_below_1,Female,s3_80_96,s3_141_159,s2_164_318,s4_160_220,s2_2_4
15880,s2_885_1695,s2_n103_99,s4_n40_7,s1_below_4282,s3_3_4,s1_below_2001,s2_760_2075,s4_37_47,Passenger Car,s3_28_48,Not Deployed,s2_97_208,s1_below_1,Male,s2_37_80,s3_141_159,s2_164_318,s4_160_220,s2_2_4
15881,s3_1695_2555,s2_n103_99,s4_n40_7,s1_below_4282,s3_3_4,s2_2001_2003,s2_760_2075,s4_37_47,Passenger Car,s4_48_64,Deployed,s2_97_208,s1_below_1,Male,s2_37_80,s3_141_159,s2_164_318,s3_80_160,s2_2_4
15882,s2_885_1695,s2_n103_99,s4_n40_7,s1_below_4282,s1_below_2,s1_below_2001,s2_760_2075,s3_17_37,Passenger Car,s2_11_28,Deployed,s2_97_208,s1_below_1,Male,s2_37_80,s3_141_159,s2_164_318,s4_160_220,s2_2_4
15883,s3_1695_2555,s2_n103_99,s5_7_up,s1_below_4282,s3_3_4,s2_2001_2003,s2_760_2075,s3_17_37,Truck (<=10000 lbs.),s2_11_28,Deployed,s2_97_208,s1_below_1,Female,s2_37_80,s4_159_169,s3_318_464,s4_160_220,s4_5_6
15884,s2_885_1695,s2_n103_99,s4_n40_7,s1_below_4282,s3_3_4,s1_below_2001,s2_760_2075,s3_17_37,Truck (<=6000 lbs.),s3_28_48,Deployed,s2_97_208,s1_below_1,Male,s3_80_96,s3_141_159,s2_164_318,s3_80_160,s2_2_4
15885,s3_1695_2555,s2_n103_99,s4_n40_7,s1_below_4282,s1_below_2,s1_below_2001,s2_760_2075,s4_37_47,Truck (<=10000 lbs.),s3_28_48,Not Deployed,s2_97_208,s1_below_1,Male,s2_37_80,s5_169_179,s3_318_464,s3_80_160,s5_6_7
15886,s2_885_1695,s2_n103_99,s4_n40_7,s1_below_4282,s2_2_3,s2_2001_2003,s2_760_2075,s4_37_47,Passenger Car,s3_28_48,Not Deployed,s2_97_208,s2_1_2,Male,s3_80_96,s3_141_159,s2_164_318,s2_40_80,s2_2_4
15887,s4_2555_3715,s2_n103_99,s4_n40_7,s1_below_4282,s4_4_5,s1_below_2001,s2_760_2075,s6_57_up,Truck (<=10000 lbs.),s6_76_up,Deployed,s2_97_208,s3_2_3,Male,s3_80_96,s5_169_179,s3_318_464,s3_80_160,s4_5_6
15888,s2_885_1695,s2_n103_99,s4_n40_7,s1_below_4282,s3_3_4,s1_below_2001,s3_2075_3730,s4_37_47,Passenger Car,s3_28_48,Deployed,s2_97_208,s1_below_1,Male,s4_96_114,s3_141_159,s2_164_318,s2_40_80,s2_2_4
15889,s2_885_1695,s2_n103_99,s5_7_up,s1_below_4282,s2_2_3,s1_below_2001,s3_2075_3730,s6_57_up,Truck (<=6000 lbs.),s2_11_28,Not Deployed,s2_97_208,s1_below_1,Female,s4_96_114,s2_116_141,s2_164_318,s4_160_220,s2_2_4
15890,s3_1695_2555,s2_n103_99,s4_n40_7,s1_below_4282,s3_3_4,s1_below_2001,s2_760_2075,s3_17_37,Truck (<=6000 lbs.),s3_28_48,Deployed,s2_97_208,s1_below_1,Male,s2_37_80,s2_116_141,s2_164_318,s3_80_160,s2_2_4
15891,s2_885_1695,s2_n103_99,s4_n40_7,s1_below_4282,s3_3_4,s1_below_2001,s3_2075_3730,s4_37_47,Truck (<=6000 lbs.),s2_11_28,Not Deployed,s2_97_208,s2_1_2,Male,s2_37_80,s2_116_141,s2_164_318,s3_80_160,s2_2_4
15892,s2_885_1695,s2_n103_99,s4_n40_7,s1_below_4282,s2_2_3,s1_below_2001,s2_760_2075,s3_17_37,Passenger Car,s2_11_28,Not Deployed,s2_97_208,s1_below_1,Female,s3_80_96,s3_141_159,s2_164_318,s4_160_220,s2_2_4
15893,s2_885_1695,s2_n103_99,s4_n40_7,s1_below_4282,s3_3_4,s2_2001_2003,s2_760_2075,s4_37_47,Truck (<=6000 lbs.),s3_28_48,Not Deployed,s2_97_208,s1_below_1,Female,s2_37_80,s3_141_159,s2_164_318,s4_160_220,s2_2_4
15894,s3_1695_2555,s2_n103_99,s4_n40_7,s1_below_4282,s4_4_5,s2_2001_2003,s2_760_2075,s3_17_37,Truck (<=10000 lbs.),s3_28_48,Not Deployed,s2_97_208,s1_below_1,Male,s2_37_80,s4_159_169,s3_318_464,s4_160_220,s4_5_6
15895,s2_885_1695,s2_n103_99,s4_n40_7,s1_below_4282,s1_below_2,s1_below_2001,s3_2075_3730,s3_17_37,Passenger Car,s4_48_64,Not Deployed,s2_97_208,s1_below_1,Male,s2_37_80,s3_141_159,s2_164_318,s3_80_160,s2_2_4
15896,s3_1695_2555,s2_n103_99,s4_n40_7,s1_below_4282,s3_3_4,s1_below_2001,s3_2075_3730,s3_17_37,Passenger Car,s6_76_up,Not Deployed,s2_97_208,s5_4_5,Female,s2_37_80,s3_141_159,s2_164_318,s2_40_80,s2_2_4
15897,s3_1695_2555,s2_n103_99,s4_n40_7,s1_below_4282,s1_below_2,s2_2001_2003,s2_760_2075,s3_17_37,Truck (<=10000 lbs.),s4_48_64,Not Deployed,s2_97_208,s1_below_1,Male,s2_37_80,s4_159_169,s2_164_318,s3_80_160,s3_4_5
15898,s2_885_1695,s2_n103_99,s4_n40_7,s1_below_4282,s4_4_5,s2_2001_2003,s2_760_2075,s6_57_up,Passenger Car,s3_28_48,Not Deployed,s2_97_208,s5_4_5,Male,s2_37_80,s3_141_159,s2_164_318,s6_260_up,s2_2_4
15899,s2_885_1695,s2_n103_99,s4_n40_7,s1_below_4282,s3_3_4,s2_2001_2003,s2_760_2075,s4_37_47,Passenger Car,s3_28_48,Not Deployed,s2_97_208,s1_below_1,Male,s3_80_96,s3_141_159,s2_164_318,s3_80_160,s2_2_4
15900,s2_885_1695,s2_n103_99,s4_n40_7,s1_below_4282,s3_3_4,s1_below_2001,s2_760_2075,s3_17_37,Truck (<=6000 lbs.),s3_28_48,Not Deployed,s2_97_208,s1_below_1,Male,s3_80_96,s3_141_159,s3_318_464,s3_80_160,s2_2_4
15901,s2_885_1695,s2_n103_99,s4_n40_7,s1_below_4282,s3_3_4,s2_2001_2003,s2_760_2075,s4_37_47,Passenger Car,s6_76_up,Deployed,s2_97_208,s1_below_1,Female,s2_37_80,s3_141_159,s2_164_318,s3_80_160,s2_2_4
15902,s2_885_1695,s2_n103_99,s4_n40_7,s1_below_4282,s3_3_4,s1_below_2001,s2_760_2075,s3_17_37,Passenger Car,s3_28_48,Not Deployed,s2_97_208,s1_below_1,Female,s2_37_80,s3_141_159,s2_164_318,s4_160_220,s2_2_4
15903,s2_885_1695,s2_n103_99,s4_n40_7,s1_below_4282,s3_3_4,s1_below_2001,s3_2075_3730,s6_57_up,Passenger Car,s3_28_48,Not Deployed,s2_97_208,s3_2_3,Male,s2_37_80,s3_141_159,s2_164_318,s1_below_40,s2_2_4
15904,s2_885_1695,s2_n103_99,s4_n40_7,s1_below_4282,s1_below_2,s1_below_2001,s2_760_2075,s3_17_37,Passenger Car,s2_11_28,Deployed,s2_97_208,s1_below_1,Male,s2_37_80,s3_141_159,s2_164_318,s3_80_160,s2_2_4
15905,s3_1695_2555,s2_n103_99,s4_n40_7,s1_below_4282,s3_3_4,s1_below_2001,s2_760_2075,s4_37_47,Truck (<=10000 lbs.),s2_11_28,Not Deployed,s2_97_208,s2_1_2,Female,s2_37_80,s4_159_169,s3_318_464,s3_80_160,s4_5_6
15906,s2_885_1695,s2_n103_99,s4_n40_7,s1_below_4282,s3_3_4,s1_below_2001,s2_760_2075,s3_17_37,Passenger Car,s3_28_48,Not Deployed,s2_97_208,s5_4_5,Male,s2_37_80,s3_141_159,s2_164_318,s2_40_80,s2_2_4
15907,s2_885_1695,s2_n103_99,s4_n40_7,s1_below_4282,s2_2_3,s1_below_2001,s2_760_2075,s5_47_57,Passenger Car,s3_28_48,Deployed,s2_97_208,s1_below_1,Female,s2_37_80,s3_141_159,s2_164_318,s3_80_160,s2_2_4
15908,s3_1695_2555,s2_n103_99,s4_n40_7,s1_below_4282,s3_3_4,s1_below_2001,s2_760_2075,s4_37_47,Truck (<=10000 lbs.),s3_28_48,Deployed,s2_97_208,s1_below_1,Male,s4_96_114,s3_141_159,s2_164_318,s4_160_220,s2_2_4
15909,s2_885_1695,s2_n103_99,s4_n40_7,s1_below_4282,s2_2_3,s1_below_2001,s2_760_2075,s3_17_37,Passenger Car,s4_48_64,Deployed,s2_97_208,s1_below_1,Male,s4_96_114,s3_141_159,s2_164_318,s3_80_160,s2_2_4
15910,s2_885_1695,s2_n103_99,s4_n40_7,s1_below_4282,s3_3_4,s2_2001_2003,s2_760_2075,s3_17_37,Passenger Car,s2_11_28,Deployed,s2_97_208,s1_below_1,Male,s2_37_80,s3_141_159,s2_164_318,s3_80_160,s2_2_4
15911,s2_885_1695,s2_n103_99,s4_n40_7,s1_below_4282,s3_3_4,s2_2001_2003,s2_760_2075,s3_17_37,Passenger Car,s5_64_76,Not Deployed,s2_97_208,s1_below_1,Male,s2_37_80,s3_141_159,s2_164_318,s4_160_220,s2_2_4
15912,s2_885_1695,s2_n103_99,s5_7_up,s1_below_4282,s3_3_4,s2_2001_2003,s2_760_2075,s6_57_up,Truck (<=6000 lbs.),s3_28_48,Not Deployed,s2_97_208,s1_below_1,Male,s6_130_up,s3_141_159,s2_164_318,s6_260_up,s2_2_4
15913,s4_2555_3715,s2_n103_99,s4_n40_7,s1_below_4282,s3_3_4,s3_2003_2005,s2_760_2075,s3_17_37,Truck (<=10000 lbs.),s4_48_64,Not Deployed,s2_97_208,s1_below_1,Male,s3_80_96,s5_169_179,s2_164_318,s3_80_160,s3_4_5
15914,s3_1695_2555,s2_n103_99,s4_n40_7,s1_below_4282,s3_3_4,s1_below_2001,s2_760_2075,s6_57_up,Truck (<=10000 lbs.),s3_28_48,Not Deployed,s2_97_208,s1_below_1,Male,s4_96_114,s3_141_159,s2_164_318,s3_80_160,s2_2_4
15915,s2_885_1695,s2_n103_99,s4_n40_7,s1_below_4282,s3_3_4,s1_below_2001,s2_760_2075,s3_17_37,Passenger Car,s3_28_48,Deployed,s2_97_208,s1_below_1,Female,s2_37_80,s3_141_159,s2_164_318,s3_80_160,s2_2_4
15916,s2_885_1695,s2_n103_99,s3_n81_n40,s1_below_4282,s1_below_2,s2_2001_2003,s3_2075_3730,s4_37_47,Passenger Car,s2_11_28,Deployed,s2_97_208,s1_below_1,Male,s2_37_80,s3_141_159,s2_164_318,s3_80_160,s2_2_4
15917,s2_885_1695,s2_n103_99,s5_7_up,s1_below_4282,s3_3_4,s1_below_2001,s4_3730_up,s6_57_up,Truck (<=6000 lbs.),s3_28_48,Not Deployed,s2_97_208,s1_below_1,Male,s3_80_96,s3_141_159,s2_164_318,s6_260_up,s2_2_4
15918,s3_1695_2555,s2_n103_99,s4_n40_7,s1_below_4282,s2_2_3,s1_below_2001,s2_760_2075,s3_17_37,Truck (<=10000 lbs.),s4_48_64,Not Deployed,s2_97_208,s1_below_1,Female,s2_37_80,s4_159_169,s2_164_318,s3_80_160,s3_4_5
15919,s2_885_1695,s2_n103_99,s4_n40_7,s1_below_4282,s2_2_3,s2_2001_2003,s2_760_2075,s6_57_up,Passenger Car,s3_28_48,Deployed,s2_97_208,s1_below_1,Male,s3_80_96,s3_141_159,s2_164_318,s3_80_160,s2_2_4
15920,s2_885_1695,s2_n103_99,s4_n40_7,s1_below_4282,s4_4_5,s1_below_2001,s2_760_2075,s6_57_up,Passenger Car,s2_11_28,Not Deployed,s2_97_208,s1_below_1,Female,s2_37_80,s3_141_159,s2_164_318,s3_80_160,s2_2_4
15921,s2_885_1695,s2_n103_99,s4_n40_7,s1_below_4282,s2_2_3,s1_below_2001,s2_760_2075,s4_37_47,Passenger Car,s2_11_28,Deployed,s2_97_208,s1_below_1,Female,s2_37_80,s3_141_159,s2_164_318,s3_80_160,s2_2_4
15922,s2_885_1695,s2_n103_99,s4_n40_7,s1_below_4282,s1_below_2,s1_below_2001,s2_760_2075,s4_37_47,Passenger Car,s4_48_64,Not Deployed,s2_97_208,s3_2_3,Female,s2_37_80,s3_141_159,s2_164_318,s3_80_160,s2_2_4
15923,s2_885_1695,s2_n103_99,s4_n40_7,s1_below_4282,s2_2_3,s1_below_2001,s3_2075_3730,s6_57_up,Passenger Car,s3_28_48,Deployed,s2_97_208,s1_below_1,Female,s2_37_80,s3_141_159,s2_164_318,s4_160_220,s2_2_4
15924,s3_1695_2555,s2_n103_99,s4_n40_7,s1_below_4282,s1_below_2,s1_below_2001,s2_760_2075,s4_37_47,Truck (<=6000 lbs.),s4_48_64,Deployed,s2_97_208,s1_below_1,Female,s3_80_96,s4_159_169,s2_164_318,s4_160_220,s2_2_4
15925,s2_885_1695,s2_n103_99,s4_n40_7,s1_below_4282,s3_3_4,s1_below_2001,s2_760_2075,s3_17_37,Passenger Car,s4_48_64,Deployed,s2_97_208,s1_below_1,Female,s2_37_80,s3_141_159,s2_164_318,s3_80_160,s2_2_4
15926,s2_885_1695,s2_n103_99,s4_n40_7,s1_below_4282,s2_2_3,s2_2001_2003,s3_2075_3730,s4_37_47,Truck (<=6000 lbs.),s4_48_64,Not Deployed,s2_97_208,s1_below_1,Female,s2_37_80,s3_141_159,s2_164_318,s3_80_160,s2_2_4
15927,s3_1695_2555,s2_n103_99,s4_n40_7,s1_below_4282,s2_2_3,s1_below_2001,s2_760_2075,s4_37_47,Truck (<=6000 lbs.),s3_28_48,Not Deployed,s2_97_208,s1_below_1,Female,s2_37_80,s4_159_169,s2_164_318,s5_220_260,s3_4_5
15928,s2_885_1695,s2_n103_99,s4_n40_7,s1_below_4282,s3_3_4,s2_2001_2003,s2_760_2075,s5_47_57,Passenger Car,s4_48_64,Deployed,s2_97_208,s1_below_1,Female,s2_37_80,s3_141_159,s2_164_318,s3_80_160,s2_2_4
15929,s3_1695_2555,s2_n103_99,s4_n40_7,s1_below_4282,s3_3_4,s2_2001_2003,s2_760_2075,s4_37_47,Truck (<=6000 lbs.),s3_28_48,Deployed,s2_97_208,s1_below_1,Female,s2_37_80,s6_179_up,s2_164_318,s3_80_160,s3_4_5
15930,s2_885_1695,s2_n103_99,s4_n40_7,s1_below_4282,s3_3_4,s1_below_2001,s2_760_2075,s4_37_47,Truck (<=6000 lbs.),s3_28_48,Deployed,s2_97_208,s1_below_1,Male,s3_80_96,s3_141_159,s2_164_318,s3_80_160,s2_2_4
15931,s3_1695_2555,s2_n103_99,s4_n40_7,s1_below_4282,s2_2_3,s1_below_2001,s2_760_2075,s4_37_47,Truck (<=10000 lbs.),s3_28_48,Deployed,s2_97_208,s2_1_2,Female,s5_114_130,s4_159_169,s2_164_318,s3_80_160,s3_4_5
15932,s3_1695_2555,s2_n103_99,s4_n40_7,s1_below_4282,s1_below_2,s2_2001_2003,s3_2075_3730,s3_17_37,Truck (<=10000 lbs.),s3_28_48,Not Deployed,s2_97_208,s1_below_1,Male,s3_80_96,s5_169_179,s3_318_464,s3_80_160,s4_5_6
15933,s3_1695_2555,s2_n103_99,s5_7_up,s1_below_4282,s1_below_2,s1_below_2001,s3_2075_3730,s3_17_37,Truck (<=6000 lbs.),s3_28_48,Not Deployed,s2_97_208,s1_below_1,Female,s5_114_130,s3_141_159,s2_164_318,s6_260_up,s2_2_4
15934,s2_885_1695,s2_n103_99,s4_n40_7,s1_below_4282,s3_3_4,s1_below_2001,s3_2075_3730,s3_17_37,Passenger Car,s2_11_28,Not Deployed,s2_97_208,s1_below_1,Male,s3_80_96,s3_141_159,s2_164_318,s4_160_220,s2_2_4
15935,s3_1695_2555,s2_n103_99,s4_n40_7,s1_below_4282,s3_3_4,s1_below_2001,s2_760_2075,s3_17_37,Truck (<=10000 lbs.),s3_28_48,Not Deployed,s2_97_208,s1_below_1,Male,s3_80_96,s4_159_169,s3_318_464,s3_80_160,s4_5_6
15936,s3_1695_2555,s2_n103_99,s4_n40_7,s1_below_4282,s3_3_4,s1_below_2001,s3_2075_3730,s3_17_37,Truck (<=10000 lbs.),s2_11_28,Not Deployed,s2_97_208,s1_below_1,Male,s2_37_80,s4_159_169,s3_318_464,s3_80_160,s4_5_6
15937,s2_885_1695,s2_n103_99,s4_n40_7,s1_below_4282,s3_3_4,s1_below_2001,s2_760_2075,s3_17_37,Passenger Car,s4_48_64,Not Deployed,s2_97_208,s1_below_1,Male,s2_37_80,s3_141_159,s2_164_318,s3_80_160,s2_2_4
15938,s2_885_1695,s2_n103_99,s4_n40_7,s1_below_4282,s2_2_3,s1_below_2001,s3_2075_3730,s4_37_47,Passenger Car,s3_28_48,Deployed,s2_97_208,s1_below_1,Female,s3_80_96,s3_141_159,s2_164_318,s4_160_220,s2_2_4
15939,s2_885_1695,s2_n103_99,s4_n40_7,s1_below_4282,s3_3_4,s1_below_2001,s2_760_2075,s4_37_47,Passenger Car,s2_11_28,Deployed,s2_97_208,s2_1_2,Female,s2_37_80,s3_141_159,s2_164_318,s4_160_220,s2_2_4
15940,s3_1695_2555,s2_n103_99,s4_n40_7,s1_below_4282,s4_4_5,s2_2001_2003,s2_760_2075,s3_17_37,Truck (<=10000 lbs.),s4_48_64,Deployed,s2_97_208,s1_below_1,Male,s2_37_80,s4_159_169,s3_318_464,s3_80_160,s4_5_6
15941,s2_885_1695,s2_n103_99,s4_n40_7,s1_below_4282,s4_4_5,s2_2001_2003,s2_760_2075,s6_57_up,Passenger Car,s2_11_28,Deployed,s2_97_208,s1_below_1,Male,s2_37_80,s3_141_159,s2_164_318,s3_80_160,s2_2_4
15942,s3_1695_2555,s2_n103_99,s4_n40_7,s1_below_4282,s1_below_2,s1_below_2001,s2_760_2075,s3_17_37,Truck (<=6000 lbs.),s3_28_48,Not Deployed,s2_97_208,s1_below_1,Female,s2_37_80,s3_141_159,s2_164_318,s4_160_220,s2_2_4
15943,s3_1695_2555,s2_n103_99,s4_n40_7,s1_below_4282,s3_3_4,s2_2001_2003,s2_760_2075,s4_37_47,Truck (<=6000 lbs.),s3_28_48,Not Deployed,s2_97_208,s1_below_1,Female,s4_96_114,s3_141_159,s2_164_318,s3_80_160,s2_2_4
15944,s2_885_1695,s2_n103_99,s3_n81_n40,s1_below_4282,s2_2_3,s1_below_2001,s2_760_2075,s6_57_up,Truck (<=6000 lbs.),s3_28_48,Deployed,s2_97_208,s2_1_2,Female,s6_130_up,s3_141_159,s2_164_318,s3_80_160,s2_2_4
15945,s3_1695_2555,s2_n103_99,s4_n40_7,s1_below_4282,s1_below_2,s2_2001_2003,s2_760_2075,s5_47_57,Truck (<=6000 lbs.),s3_28_48,Deployed,s2_97_208,s1_below_1,Male,s4_96_114,s3_141_159,s3_318_464,s3_80_160,s3_4_5
15946,s2_885_1695,s2_n103_99,s4_n40_7,s1_below_4282,s4_4_5,s2_2001_2003,s2_760_2075,s6_57_up,Passenger Car,s3_28_48,Not Deployed,s2_97_208,s1_below_1,Female,s2_37_80,s3_141_159,s2_164_318,s3_80_160,s2_2_4
15947,s2_885_1695,s2_n103_99,s4_n40_7,s1_below_4282,s1_below_2,s2_2001_2003,s2_760_2075,s3_17_37,Passenger Car,s6_76_up,Not Deployed,s2_97_208,s1_below_1,Female,s2_37_80,s3_141_159,s2_164_318,s2_40_80,s2_2_4
15948,s2_885_1695,s2_n103_99,s4_n40_7,s1_below_4282,s1_below_2,s1_below_2001,s2_760_2075,s3_17_37,Passenger Car,s3_28_48,Not Deployed,s2_97_208,s1_below_1,Female,s4_96_114,s3_141_159,s2_164_318,s3_80_160,s2_2_4
15949,s2_885_1695,s2_n103_99,s4_n40_7,s1_below_4282,s3_3_4,s2_2001_2003,s2_760_2075,s4_37_47,Truck (<=6000 lbs.),s3_28_48,Not Deployed,s2_97_208,s1_below_1,Male,s5_114_130,s2_116_141,s2_164_318,s3_80_160,s2_2_4
15950,s3_1695_2555,s2_n103_99,s4_n40_7,s1_below_4282,s1_below_2,s2_2001_2003,s2_760_2075,s4_37_47,Truck (<=10000 lbs.),s2_11_28,Deployed,s2_97_208,s1_below_1,Male,s2_37_80,s4_159_169,s3_318_464,s3_80_160,s4_5_6
15951,s2_885_1695,s2_n103_99,s3_n81_n40,s1_below_4282,s3_3_4,s1_below_2001,s2_760_2075,s6_57_up,Passenger Car,s3_28_48,Deployed,s2_97_208,s3_2_3,Female,s2_37_80,s3_141_159,s2_164_318,s3_80_160,s2_2_4
15952,s2_885_1695,s2_n103_99,s4_n40_7,s1_below_4282,s2_2_3,s1_below_2001,s2_760_2075,s3_17_37,Passenger Car,s3_28_48,Not Deployed,s2_97_208,s1_below_1,Female,s2_37_80,s3_141_159,s2_164_318,s2_40_80,s2_2_4
15953,s2_885_1695,s2_n103_99,s4_n40_7,s1_below_4282,s3_3_4,s1_below_2001,s2_760_2075,s6_57_up,Passenger Car,s2_11_28,Not Deployed,s2_97_208,s1_below_1,Male,s2_37_80,s3_141_159,s2_164_318,s1_below_40,s2_2_4
15954,s2_885_1695,s2_n103_99,s4_n40_7,s1_below_4282,s3_3_4,s1_below_2001,s2_760_2075,s6_57_up,Passenger Car,s3_28_48,Deployed,s2_97_208,s2_1_2,Male,s2_37_80,s3_141_159,s2_164_318,s3_80_160,s2_2_4
15955,s3_1695_2555,s2_n103_99,s4_n40_7,s1_below_4282,s5_5_6,s1_below_2001,s2_760_2075,s4_37_47,Truck (<=10000 lbs.),s4_48_64,Not Deployed,s2_97_208,s1_below_1,Female,s2_37_80,s5_169_179,s2_164_318,s4_160_220,s3_4_5
15956,s2_885_1695,s2_n103_99,s4_n40_7,s1_below_4282,s3_3_4,s1_below_2001,s2_760_2075,s3_17_37,Passenger Car,s2_11_28,Deployed,s2_97_208,s1_below_1,Male,s2_37_80,s3_141_159,s2_164_318,s3_80_160,s2_2_4
15957,s2_885_1695,s2_n103_99,s4_n40_7,s1_below_4282,s1_below_2,s1_below_2001,s2_760_2075,s3_17_37,Passenger Car,s4_48_64,Deployed,s2_97_208,s2_1_2,Female,s2_37_80,s3_141_159,s2_164_318,s4_160_220,s2_2_4
15958,s2_885_1695,s2_n103_99,s4_n40_7,s1_below_4282,s2_2_3,s2_2001_2003,s2_760_2075,s3_17_37,Truck (<=6000 lbs.),s3_28_48,Deployed,s2_97_208,s1_below_1,Male,s2_37_80,s3_141_159,s2_164_318,s3_80_160,s2_2_4
15959,s2_885_1695,s2_n103_99,s5_7_up,s1_below_4282,s2_2_3,s2_2001_2003,s3_2075_3730,s6_57_up,Passenger Car,s4_48_64,Not Deployed,s2_97_208,s1_below_1,Female,s2_37_80,s3_141_159,s2_164_318,s6_260_up,s2_2_4
15960,s2_885_1695,s2_n103_99,s4_n40_7,s1_below_4282,s3_3_4,s2_2001_2003,s2_760_2075,s3_17_37,Passenger Car,s3_28_48,Not Deployed,s2_97_208,s1_below_1,Female,s2_37_80,s3_141_159,s2_164_318,s3_80_160,s2_2_4
15961,s2_885_1695,s2_n103_99,s4_n40_7,s1_below_4282,s3_3_4,s1_below_2001,s2_760_2075,s3_17_37,Passenger Car,s6_76_up,Not Deployed,s2_97_208,s1_below_1,Male,s4_96_114,s3_141_159,s2_164_318,s1_below_40,s2_2_4
15962,s2_885_1695,s2_n103_99,s4_n40_7,s1_below_4282,s3_3_4,s2_2001_2003,s2_760_2075,s6_57_up,Passenger Car,s3_28_48,Not Deployed,s2_97_208,s1_below_1,Male,s3_80_96,s3_141_159,s2_164_318,s3_80_160,s2_2_4
15963,s2_885_1695,s2_n103_99,s4_n40_7,s1_below_4282,s3_3_4,s2_2001_2003,s2_760_2075,s3_17_37,Passenger Car,s4_48_64,Not Deployed,s2_97_208,s1_below_1,Female,s4_96_114,s3_141_159,s2_164_318,s3_80_160,s2_2_4
15964,s2_885_1695,s2_n103_99,s5_7_up,s1_below_4282,s3_3_4,s1_below_2001,s3_2075_3730,s6_57_up,Passenger Car,s3_28_48,Not Deployed,s2_97_208,s1_below_1,Female,s2_37_80,s3_141_159,s2_164_318,s6_260_up,s2_2_4
15965,s2_885_1695,s2_n103_99,s4_n40_7,s1_below_4282,s2_2_3,s2_2001_2003,s2_760_2075,s4_37_47,Truck (<=6000 lbs.),s5_64_76,Not Deployed,s2_97_208,s1_below_1,Male,s3_80_96,s2_116_141,s2_164_318,s3_80_160,s2_2_4
15966,s2_885_1695,s2_n103_99,s4_n40_7,s1_below_4282,s6_6_up,s1_below_2001,s2_760_2075,s4_37_47,Truck (<=6000 lbs.),s5_64_76,Deployed,s2_97_208,s1_below_1,Female,s2_37_80,s3_141_159,s2_164_318,s3_80_160,s2_2_4
15967,s2_885_1695,s2_n103_99,s5_7_up,s1_below_4282,s3_3_4,s3_2003_2005,s2_760_2075,s4_37_47,Passenger Car,s4_48_64,Deployed,s2_97_208,s2_1_2,Female,s2_37_80,s3_141_159,s2_164_318,s6_260_up,s2_2_4
15968,s2_885_1695,s2_n103_99,s4_n40_7,s1_below_4282,s1_below_2,s2_2001_2003,s2_760_2075,s4_37_47,Truck (<=6000 lbs.),s2_11_28,Not Deployed,s2_97_208,s1_below_1,Female,s2_37_80,s3_141_159,s2_164_318,s2_40_80,s2_2_4
15969,s2_885_1695,s2_n103_99,s4_n40_7,s1_below_4282,s2_2_3,s1_below_2001,s2_760_2075,s4_37_47,Passenger Car,s3_28_48,Deployed,s2_97_208,s1_below_1,Female,s2_37_80,s3_141_159,s2_164_318,s3_80_160,s2_2_4
15970,s2_885_1695,s2_n103_99,s4_n40_7,s1_below_4282,s3_3_4,s2_2001_2003,s3_2075_3730,s4_37_47,Passenger Car,s2_11_28,Not Deployed,s2_97_208,s1_below_1,Female,s2_37_80,s3_141_159,s2_164_318,s3_80_160,s2_2_4
15971,s3_1695_2555,s2_n103_99,s4_n40_7,s1_below_4282,s3_3_4,s2_2001_2003,s2_760_2075,s3_17_37,Truck (<=6000 lbs.),s4_48_64,Not Deployed,s2_97_208,s1_below_1,Female,s3_80_96,s3_141_159,s2_164_318,s3_80_160,s2_2_4
15972,s3_1695_2555,s2_n103_99,s4_n40_7,s1_below_4282,s5_5_6,s1_below_2001,s3_2075_3730,s4_37_47,Truck (<=10000 lbs.),s4_48_64,Not Deployed,s2_97_208,s1_below_1,Male,s3_80_96,s4_159_169,s3_318_464,s3_80_160,s4_5_6
15973,s3_1695_2555,s2_n103_99,s5_7_up,s1_below_4282,s2_2_3,s2_2001_2003,s2_760_2075,s6_57_up,Passenger Car,s4_48_64,Not Deployed,s2_97_208,s1_below_1,Male,s4_96_114,s3_141_159,s2_164_318,s6_260_up,s2_2_4
15974,s2_885_1695,s2_n103_99,s4_n40_7,s1_below_4282,s2_2_3,s1_below_2001,s2_760_2075,s4_37_47,Truck (<=6000 lbs.),s2_11_28,Deployed,s2_97_208,s1_below_1,Female,s2_37_80,s3_141_159,s2_164_318,s3_80_160,s2_2_4
15975,s2_885_1695,s2_n103_99,s4_n40_7,s1_below_4282,s2_2_3,s2_2001_2003,s2_760_2075,s4_37_47,Passenger Car,s3_28_48,Not Deployed,s2_97_208,s1_below_1,Male,s3_80_96,s3_141_159,s2_164_318,s3_80_160,s2_2_4
15976,s3_1695_2555,s2_n103_99,s4_n40_7,s1_below_4282,s3_3_4,s1_below_2001,s2_760_2075,s3_17_37,Truck (<=6000 lbs.),s4_48_64,Deployed,s2_97_208,s1_below_1,Male,s3_80_96,s4_159_169,s2_164_318,s3_80_160,s3_4_5
15977,s3_1695_2555,s2_n103_99,s3_n81_n40,s1_below_4282,s2_2_3,s1_below_2001,s3_2075_3730,s3_17_37,Truck (<=10000 lbs.),s3_28_48,Deployed,s2_97_208,s3_2_3,Male,s5_114_130,s3_141_159,s3_318_464,s3_80_160,s4_5_6
15978,s2_885_1695,s2_n103_99,s3_n81_n40,s1_below_4282,s3_3_4,s2_2001_2003,s2_760_2075,s6_57_up,Passenger Car,s3_28_48,Deployed,s2_97_208,s3_2_3,Male,s4_96_114,s3_141_159,s2_164_318,s3_80_160,s2_2_4
15979,s2_885_1695,s2_n103_99,s4_n40_7,s1_below_4282,s2_2_3,s1_below_2001,s2_760_2075,s4_37_47,Passenger Car,s2_11_28,Not Deployed,s2_97_208,s1_below_1,Male,s2_37_80,s3_141_159,s2_164_318,s3_80_160,s2_2_4
15980,s3_1695_2555,s2_n103_99,s4_n40_7,s1_below_4282,s4_4_5,s1_below_2001,s2_760_2075,s3_17_37,Passenger Car,s3_28_48,Not Deployed,s2_97_208,s1_below_1,Male,s5_114_130,s4_159_169,s2_164_318,s3_80_160,s3_4_5
15981,s3_1695_2555,s2_n103_99,s4_n40_7,s1_below_4282,s3_3_4,s2_2001_2003,s2_760_2075,s4_37_47,Truck (<=6000 lbs.),s2_11_28,Deployed,s2_97_208,s1_below_1,Male,s4_96_114,s3_141_159,s2_164_318,s3_80_160,s2_2_4
15982,s3_1695_2555,s2_n103_99,s5_7_up,s1_below_4282,s6_6_up,s2_2001_2003,s2_760_2075,s4_37_47,Truck (<=6000 lbs.),s4_48_64,Not Deployed,s2_97_208,s1_below_1,Male,s3_80_96,s4_159_169,s2_164_318,s6_260_up,s2_2_4
15983,s2_885_1695,s2_n103_99,s4_n40_7,s1_below_4282,s4_4_5,s1_below_2001,s3_2075_3730,s4_37_47,Passenger Car,s2_11_28,Deployed,s2_97_208,s1_below_1,Female,s2_37_80,s3_141_159,s2_164_318,s3_80_160,s2_2_4
15984,s2_885_1695,s2_n103_99,s4_n40_7,s1_below_4282,s2_2_3,s1_below_2001,s2_760_2075,s4_37_47,Passenger Car,s2_11_28,Deployed,s2_97_208,s1_below_1,Female,s3_80_96,s3_141_159,s2_164_318,s3_80_160,s2_2_4
15985,s2_885_1695,s2_n103_99,s4_n40_7,s1_below_4282,s2_2_3,s1_below_2001,s2_760_2075,s3_17_37,Passenger Car,s3_28_48,Deployed,s2_97_208,s1_below_1,Female,s3_80_96,s3_141_159,s2_164_318,s3_80_160,s2_2_4
15986,s2_885_1695,s2_n103_99,s4_n40_7,s1_below_4282,s2_2_3,s1_below_2001,s2_760_2075,s3_17_37,Passenger Car,s4_48_64,Deployed,s2_97_208,s2_1_2,Female,s2_37_80,s3_141_159,s2_164_318,s2_40_80,s2_2_4
15987,s2_885_1695,s2_n103_99,s4_n40_7,s1_below_4282,s3_3_4,s2_2001_2003,s2_760_2075,s4_37_47,Passenger Car,s2_11_28,Deployed,s2_97_208,s1_below_1,Female,s5_114_130,s3_141_159,s2_164_318,s3_80_160,s2_2_4
15988,s2_885_1695,s2_n103_99,s4_n40_7,s1_below_4282,s2_2_3,s2_2001_2003,s3_2075_3730,s3_17_37,Passenger Car,s3_28_48,Not Deployed,s2_97_208,s1_below_1,Female,s2_37_80,s3_141_159,s2_164_318,s4_160_220,s2_2_4
15989,s2_885_1695,s2_n103_99,s4_n40_7,s1_below_4282,s3_3_4,s2_2001_2003,s2_760_2075,s3_17_37,Passenger Car,s2_11_28,Deployed,s2_97_208,s1_below_1,Male,s2_37_80,s3_141_159,s2_164_318,s3_80_160,s2_2_4
15990,s2_885_1695,s2_n103_99,s4_n40_7,s1_below_4282,s4_4_5,s1_below_2001,s2_760_2075,s3_17_37,Truck (<=6000 lbs.),s2_11_28,Not Deployed,s2_97_208,s1_below_1,Male,s2_37_80,s3_141_159,s2_164_318,s3_80_160,s2_2_4
15991,s3_1695_2555,s2_n103_99,s4_n40_7,s1_below_4282,s1_below_2,s1_below_2001,s2_760_2075,s3_17_37,Truck (<=6000 lbs.),s3_28_48,Not Deployed,s2_97_208,s1_below_1,Female,s3_80_96,s3_141_159,s2_164_318,s2_40_80,s2_2_4
15992,s3_1695_2555,s2_n103_99,s4_n40_7,s1_below_4282,s5_5_6,s1_below_2001,s2_760_2075,s3_17_37,Passenger Car,s2_11_28,Deployed,s2_97_208,s1_below_1,Male,s2_37_80,s4_159_169,s2_164_318,s3_80_160,s2_2_4
15993,s2_885_1695,s2_n103_99,s4_n40_7,s1_below_4282,s1_below_2,s1_below_2001,s3_2075_3730,s3_17_37,Passenger Car,s5_64_76,Not Deployed,s2_97_208,s1_below_1,Male,s3_80_96,s3_141_159,s2_164_318,s3_80_160,s2_2_4
15994,s3_1695_2555,s2_n103_99,s4_n40_7,s1_below_4282,s1_below_2,s2_2001_2003,s2_760_2075,s3_17_37,Truck (<=6000 lbs.),s4_48_64,Not Deployed,s2_97_208,s1_below_1,Male,s3_80_96,s3_141_159,s2_164_318,s2_40_80,s2_2_4
15995,s2_885_1695,s2_n103_99,s4_n40_7,s1_below_4282,s1_below_2,s1_below_2001,s2_760_2075,s3_17_37,Passenger Car,s4_48_64,Deployed,s2_97_208,s2_1_2,Male,s2_37_80,s3_141_159,s2_164_318,s3_80_160,s2_2_4
15996,s2_885_1695,s2_n103_99,s4_n40_7,s1_below_4282,s1_below_2,s1_below_2001,s2_760_2075,s3_17_37,Passenger Car,s2_11_28,Not Deployed,s2_97_208,s1_below_1,Male,s3_80_96,s3_141_159,s2_164_318,s3_80_160,s2_2_4
15997,s3_1695_2555,s2_n103_99,s4_n40_7,s1_below_4282,s4_4_5,s1_below_2001,s2_760_2075,s3_17_37,Truck (<=6000 lbs.),s2_11_28,Deployed,s2_97_208,s2_1_2,Male,s3_80_96,s3_141_159,s2_164_318,s1_below_40,s2_2_4
15998,s2_885_1695,s2_n103_99,s5_7_up,s1_below_4282,s3_3_4,s2_2001_2003,s3_2075_3730,s5_47_57,Passenger Car,s2_11_28,Not Deployed,s2_97_208,s1_below_1,Female,s2_37_80,s3_141_159,s2_164_318,s6_260_up,s2_2_4
15999,s2_885_1695,s2_n103_99,s4_n40_7,s1_below_4282,s1_below_2,s1_below_2001,s2_760_2075,s3_17_37,Passenger Car,s2_11_28,Not Deployed,s2_97_208,s1_below_1,Male,s2_37_80,s3_141_159,s2_164_318,s4_160_220,s2_2_4
16000,s2_885_1695,s2_n103_99,s4_n40_7,s1_below_4282,s1_below_2,s2_2001_2003,s2_760_2075,s3_17_37,Passenger Car,s4_48_64,Deployed,s2_97_208,s1_below_1,Male,s4_96_114,s3_141_159,s2_164_318,s3_80_160,s2_2_4
16001,s2_885_1695,s2_n103_99,s4_n40_7,s1_below_4282,s1_below_2,s1_below_2001,s2_760_2075,s3_17_37,Truck (<=6000 lbs.),s3_28_48,Deployed,s2_97_208,s1_below_1,Male,s3_80_96,s3_141_159,s2_164_318,s3_80_160,s2_2_4
16002,s2_885_1695,s2_n103_99,s4_n40_7,s1_below_4282,s1_below_2,s1_below_2001,s2_760_2075,s3_17_37,Passenger Car,s3_28_48,Not Deployed,s2_97_208,s1_below_1,Male,s3_80_96,s3_141_159,s2_164_318,s3_80_160,s2_2_4
16003,s2_885_1695,s2_n103_99,s4_n40_7,s1_below_4282,s1_below_2,s2_2001_2003,s2_760_2075,s3_17_37,Passenger Car,s3_28_48,Deployed,s2_97_208,s1_below_1,Female,s2_37_80,s3_141_159,s2_164_318,s3_80_160,s2_2_4
16004,s3_1695_2555,s2_n103_99,s4_n40_7,s1_below_4282,s3_3_4,s2_2001_2003,s2_760_2075,s3_17_37,Truck (<=6000 lbs.),s3_28_48,Deployed,s2_97_208,s1_below_1,Male,s3_80_96,s3_141_159,s3_318_464,s4_160_220,s2_2_4
16005,s3_1695_2555,s2_n103_99,s5_7_up,s1_below_4282,s1_below_2,s2_2001_2003,s2_760_2075,s4_37_47,Truck (<=10000 lbs.),s4_48_64,Not Deployed,s2_97_208,s1_below_1,Male,s2_37_80,s4_159_169,s3_318_464,s6_260_up,s4_5_6
16006,s2_885_1695,s2_n103_99,s4_n40_7,s1_below_4282,s3_3_4,s1_below_2001,s2_760_2075,s5_47_57,Passenger Car,s3_28_48,Not Deployed,s2_97_208,s1_below_1,Male,s3_80_96,s3_141_159,s2_164_318,s3_80_160,s2_2_4
16007,s2_885_1695,s2_n103_99,s4_n40_7,s1_below_4282,s1_below_2,s1_below_2001,s2_760_2075,s3_17_37,Passenger Car,s2_11_28,Deployed,s2_97_208,s1_below_1,Female,s2_37_80,s3_141_159,s2_164_318,s4_160_220,s2_2_4
16008,s2_885_1695,s2_n103_99,s4_n40_7,s1_below_4282,s2_2_3,s2_2001_2003,s2_760_2075,s3_17_37,Passenger Car,s2_11_28,Deployed,s2_97_208,s1_below_1,Female,s3_80_96,s3_141_159,s2_164_318,s3_80_160,s2_2_4
16009,s2_885_1695,s2_n103_99,s4_n40_7,s1_below_4282,s4_4_5,s1_below_2001,s2_760_2075,s3_17_37,Passenger Car,s2_11_28,Deployed,s2_97_208,s1_below_1,Male,s2_37_80,s3_141_159,s2_164_318,s3_80_160,s2_2_4
16010,s2_885_1695,s2_n103_99,s4_n40_7,s1_below_4282,s4_4_5,s1_below_2001,s2_760_2075,s3_17_37,Passenger Car,s2_11_28,Deployed,s2_97_208,s1_below_1,Male,s2_37_80,s3_141_159,s2_164_318,s3_80_160,s2_2_4
16011,s2_885_1695,s2_n103_99,s3_n81_n40,s1_below_4282,s2_2_3,s1_below_2001,s2_760_2075,s3_17_37,Passenger Car,s2_11_28,Deployed,s2_97_208,s1_below_1,Male,s2_37_80,s3_141_159,s2_164_318,s3_80_160,s2_2_4
16012,s2_885_1695,s2_n103_99,s4_n40_7,s1_below_4282,s3_3_4,s1_below_2001,s2_760_2075,s3_17_37,Passenger Car,s3_28_48,Not Deployed,s2_97_208,s1_below_1,Male,s2_37_80,s3_141_159,s2_164_318,s2_40_80,s2_2_4
16013,s2_885_1695,s2_n103_99,s3_n81_n40,s1_below_4282,s3_3_4,s1_below_2001,s2_760_2075,s3_17_37,Passenger Car,s3_28_48,Deployed,s2_97_208,s3_2_3,Female,s3_80_96,s3_141_159,s2_164_318,s3_80_160,s2_2_4
16014,s3_1695_2555,s2_n103_99,s4_n40_7,s1_below_4282,s3_3_4,s1_below_2001,s2_760_2075,s3_17_37,Truck (<=6000 lbs.),s3_28_48,Not Deployed,s2_97_208,s1_below_1,Male,s2_37_80,s3_141_159,s2_164_318,s3_80_160,s2_2_4
16015,s2_885_1695,s2_n103_99,s4_n40_7,s1_below_4282,s4_4_5,s2_2001_2003,s2_760_2075,s3_17_37,Passenger Car,s3_28_48,Deployed,s2_97_208,s1_below_1,Female,s2_37_80,s3_141_159,s2_164_318,s3_80_160,s2_2_4
16016,s3_1695_2555,s2_n103_99,s4_n40_7,s1_below_4282,s1_below_2,s1_below_2001,s2_760_2075,s3_17_37,Passenger Car,s3_28_48,Deployed,s2_97_208,s1_below_1,Male,s4_96_114,s3_141_159,s2_164_318,s3_80_160,s2_2_4
16017,s2_885_1695,s2_n103_99,s4_n40_7,s1_below_4282,s1_below_2,s2_2001_2003,s2_760_2075,s3_17_37,Passenger Car,s2_11_28,Deployed,s2_97_208,s1_below_1,Female,s2_37_80,s3_141_159,s2_164_318,s3_80_160,s2_2_4
16018,s3_1695_2555,s2_n103_99,s3_n81_n40,s1_below_4282,s1_below_2,s1_below_2001,s2_760_2075,s3_17_37,Truck (<=10000 lbs.),s2_11_28,Deployed,s2_97_208,s2_1_2,Male,s2_37_80,s4_159_169,s2_164_318,s3_80_160,s3_4_5
16019,s3_1695_2555,s2_n103_99,s4_n40_7,s1_below_4282,s4_4_5,s1_below_2001,s2_760_2075,s3_17_37,Truck (<=10000 lbs.),s2_11_28,Deployed,s2_97_208,s1_below_1,Male,s4_96_114,s4_159_169,s2_164_318,s3_80_160,s3_4_5
16020,s2_885_1695,s2_n103_99,s4_n40_7,s1_below_4282,s1_below_2,s2_2001_2003,s2_760_2075,s4_37_47,Passenger Car,s2_11_28,Not Deployed,s2_97_208,s1_below_1,Female,s2_37_80,s3_141_159,s2_164_318,s2_40_80,s2_2_4
16021,s2_885_1695,s2_n103_99,s4_n40_7,s1_below_4282,s1_below_2,s1_below_2001,s2_760_2075,s5_47_57,Passenger Car,s3_28_48,Not Deployed,s2_97_208,s5_4_5,Female,s2_37_80,s3_141_159,s2_164_318,s4_160_220,s2_2_4
16022,s2_885_1695,s2_n103_99,s4_n40_7,s1_below_4282,s1_below_2,s1_below_2001,s2_760_2075,s1_below_7,Passenger Car,s3_28_48,Not Deployed,s2_97_208,s1_below_1,Female,s3_80_96,s3_141_159,s2_164_318,s3_80_160,s2_2_4
16023,s2_885_1695,s2_n103_99,s4_n40_7,s1_below_4282,s3_3_4,s1_below_2001,s3_2075_3730,s5_47_57,Passenger Car,s2_11_28,Deployed,s2_97_208,s2_1_2,Female,s2_37_80,s3_141_159,s2_164_318,s3_80_160,s2_2_4
16024,s2_885_1695,s2_n103_99,s4_n40_7,s1_below_4282,s3_3_4,s1_below_2001,s2_760_2075,s4_37_47,Passenger Car,s2_11_28,Not Deployed,s2_97_208,s1_below_1,Female,s2_37_80,s3_141_159,s2_164_318,s3_80_160,s2_2_4
16025,s3_1695_2555,s2_n103_99,s5_7_up,s1_below_4282,s5_5_6,s2_2001_2003,s2_760_2075,s4_37_47,Truck (<=10000 lbs.),s3_28_48,Not Deployed,s2_97_208,s1_below_1,Male,s2_37_80,s5_169_179,s3_318_464,s6_260_up,s4_5_6
16026,s3_1695_2555,s2_n103_99,s4_n40_7,s1_below_4282,s2_2_3,s1_below_2001,s2_760_2075,s4_37_47,Truck (<=6000 lbs.),s5_64_76,Not Deployed,s2_97_208,s1_below_1,Male,s2_37_80,s3_141_159,s2_164_318,s3_80_160,s2_2_4
16027,s2_885_1695,s2_n103_99,s4_n40_7,s1_below_4282,s3_3_4,s1_below_2001,s2_760_2075,s3_17_37,Passenger Car,s2_11_28,Not Deployed,s2_97_208,s1_below_1,Female,s2_37_80,s3_141_159,s2_164_318,s4_160_220,s2_2_4
16028,s2_885_1695,s2_n103_99,s4_n40_7,s1_below_4282,s3_3_4,s1_below_2001,s2_760_2075,s3_17_37,Passenger Car,s4_48_64,Not Deployed,s2_97_208,s1_below_1,Female,s2_37_80,s3_141_159,s2_164_318,s4_160_220,s2_2_4
16029,s2_885_1695,s2_n103_99,s4_n40_7,s1_below_4282,s3_3_4,s1_below_2001,s2_760_2075,s3_17_37,Passenger Car,s2_11_28,Deployed,s2_97_208,s2_1_2,Male,s2_37_80,s3_141_159,s2_164_318,s2_40_80,s2_2_4
16030,s3_1695_2555,s2_n103_99,s4_n40_7,s1_below_4282,s1_below_2,s1_below_2001,s2_760_2075,s5_47_57,Truck (<=6000 lbs.),s3_28_48,Not Deployed,s2_97_208,s3_2_3,Female,s4_96_114,s3_141_159,s2_164_318,s3_80_160,s2_2_4
16031,s2_885_1695,s2_n103_99,s4_n40_7,s1_below_4282,s2_2_3,s1_below_2001,s2_760_2075,s3_17_37,Passenger Car,s4_48_64,Not Deployed,s2_97_208,s1_below_1,Female,s2_37_80,s3_141_159,s2_164_318,s2_40_80,s2_2_4
16032,s2_885_1695,s2_n103_99,s5_7_up,s1_below_4282,s3_3_4,s1_below_2001,s2_760_2075,s3_17_37,Passenger Car,s4_48_64,Not Deployed,s2_97_208,s1_below_1,Female,s5_114_130,s3_141_159,s2_164_318,s6_260_up,s2_2_4
16033,s2_885_1695,s2_n103_99,s4_n40_7,s1_below_4282,s3_3_4,s2_2001_2003,s2_760_2075,s3_17_37,Passenger Car,s4_48_64,Not Deployed,s2_97_208,s2_1_2,Female,s4_96_114,s3_141_159,s2_164_318,s3_80_160,s2_2_4
16034,s2_885_1695,s2_n103_99,s4_n40_7,s1_below_4282,s3_3_4,s2_2001_2003,s2_760_2075,s3_17_37,Passenger Car,s4_48_64,Deployed,s2_97_208,s1_below_1,Female,s2_37_80,s3_141_159,s2_164_318,s3_80_160,s2_2_4
16035,s3_1695_2555,s2_n103_99,s4_n40_7,s1_below_4282,s4_4_5,s2_2001_2003,s2_760_2075,s4_37_47,Truck (<=6000 lbs.),s2_11_28,Deployed,s2_97_208,s1_below_1,Female,s2_37_80,s3_141_159,s2_164_318,s3_80_160,s3_4_5
16036,s2_885_1695,s2_n103_99,s4_n40_7,s1_below_4282,s3_3_4,s1_below_2001,s3_2075_3730,s3_17_37,Passenger Car,s2_11_28,Not Deployed,s2_97_208,s2_1_2,Male,s3_80_96,s3_141_159,s2_164_318,s4_160_220,s2_2_4
16037,s2_885_1695,s2_n103_99,s4_n40_7,s1_below_4282,s1_below_2,s1_below_2001,s2_760_2075,s3_17_37,Passenger Car,s4_48_64,Deployed,s2_97_208,s3_2_3,Male,s2_37_80,s3_141_159,s2_164_318,s2_40_80,s2_2_4
16038,s2_885_1695,s2_n103_99,s4_n40_7,s1_below_4282,s4_4_5,s1_below_2001,s2_760_2075,s4_37_47,Passenger Car,s2_11_28,Deployed,s2_97_208,s2_1_2,Female,s3_80_96,s3_141_159,s2_164_318,s3_80_160,s2_2_4
16039,s2_885_1695,s2_n103_99,s5_7_up,s1_below_4282,s3_3_4,s2_2001_2003,s2_760_2075,s5_47_57,Passenger Car,s4_48_64,Not Deployed,s2_97_208,s1_below_1,Male,s4_96_114,s3_141_159,s2_164_318,s4_160_220,s2_2_4
16040,s2_885_1695,s2_n103_99,s4_n40_7,s1_below_4282,s3_3_4,s2_2001_2003,s2_760_2075,s3_17_37,Truck (<=6000 lbs.),s4_48_64,Not Deployed,s2_97_208,s1_below_1,Female,s2_37_80,s3_141_159,s2_164_318,s2_40_80,s2_2_4
16041,s2_885_1695,s2_n103_99,s4_n40_7,s1_below_4282,s2_2_3,s2_2001_2003,s2_760_2075,s5_47_57,Passenger Car,s3_28_48,Not Deployed,s2_97_208,s1_below_1,Male,s2_37_80,s3_141_159,s2_164_318,s5_220_260,s2_2_4
16042,s2_885_1695,s2_n103_99,s4_n40_7,s1_below_4282,s2_2_3,s1_below_2001,s2_760_2075,s3_17_37,Passenger Car,s6_76_up,Deployed,s2_97_208,s1_below_1,Male,s2_37_80,s3_141_159,s2_164_318,s2_40_80,s2_2_4
16043,s4_2555_3715,s2_n103_99,s4_n40_7,s1_below_4282,s1_below_2,s2_2001_2003,s2_760_2075,s6_57_up,Truck (<=10000 lbs.),s3_28_48,Not Deployed,s2_97_208,s1_below_1,Male,s3_80_96,s5_169_179,s2_164_318,s3_80_160,s3_4_5
16044,s2_885_1695,s2_n103_99,s5_7_up,s1_below_4282,s1_below_2,s2_2001_2003,s2_760_2075,s3_17_37,Truck (<=6000 lbs.),s4_48_64,Not Deployed,s2_97_208,s1_below_1,Male,s2_37_80,s3_141_159,s2_164_318,s6_260_up,s2_2_4
16045,s2_885_1695,s2_n103_99,s4_n40_7,s1_below_4282,s3_3_4,s2_2001_2003,s2_760_2075,s3_17_37,Passenger Car,s2_11_28,Not Deployed,s2_97_208,s1_below_1,Female,s2_37_80,s3_141_159,s2_164_318,s4_160_220,s2_2_4
16046,s2_885_1695,s2_n103_99,s4_n40_7,s1_below_4282,s1_below_2,s2_2001_2003,s2_760_2075,s3_17_37,Passenger Car,s3_28_48,Deployed,s2_97_208,s2_1_2,Female,s3_80_96,s3_141_159,s2_164_318,s4_160_220,s2_2_4
16047,s2_885_1695,s2_n103_99,s5_7_up,s1_below_4282,s1_below_2,s1_below_2001,s3_2075_3730,s3_17_37,Passenger Car,s3_28_48,Not Deployed,s2_97_208,s1_below_1,Male,s2_37_80,s3_141_159,s2_164_318,s6_260_up,s2_2_4
16048,s2_885_1695,s2_n103_99,s5_7_up,s1_below_4282,s2_2_3,s2_2001_2003,s2_760_2075,s4_37_47,Passenger Car,s3_28_48,Not Deployed,s2_97_208,s1_below_1,Male,s2_37_80,s3_141_159,s2_164_318,s6_260_up,s2_2_4
16049,s2_885_1695,s2_n103_99,s5_7_up,s1_below_4282,s1_below_2,s2_2001_2003,s2_760_2075,s4_37_47,Passenger Car,s2_11_28,Not Deployed,s2_97_208,s1_below_1,Male,s3_80_96,s3_141_159,s2_164_318,s6_260_up,s2_2_4
16050,s2_885_1695,s2_n103_99,s4_n40_7,s1_below_4282,s1_below_2,s2_2001_2003,s2_760_2075,s3_17_37,Passenger Car,s3_28_48,Deployed,s2_97_208,s1_below_1,Female,s5_114_130,s3_141_159,s2_164_318,s3_80_160,s2_2_4
16051,s2_885_1695,s2_n103_99,s4_n40_7,s1_below_4282,s1_below_2,s1_below_2001,s2_760_2075,s1_below_7,Passenger Car,s6_76_up,Not Deployed,s2_97_208,s1_below_1,Male,s2_37_80,s3_141_159,s2_164_318,s1_below_40,s2_2_4
16052,s2_885_1695,s2_n103_99,s5_7_up,s1_below_4282,s5_5_6,s2_2001_2003,s2_760_2075,s3_17_37,Passenger Car,s2_11_28,Not Deployed,s2_97_208,s1_below_1,Female,s2_37_80,s3_141_159,s2_164_318,s6_260_up,s2_2_4
16053,s3_1695_2555,s2_n103_99,s3_n81_n40,s1_below_4282,s1_below_2,s2_2001_2003,s2_760_2075,s3_17_37,Truck (<=6000 lbs.),s3_28_48,Deployed,s2_97_208,s1_below_1,Female,s3_80_96,s4_159_169,s2_164_318,s3_80_160,s3_4_5
16054,s2_885_1695,s2_n103_99,s4_n40_7,s1_below_4282,s3_3_4,s2_2001_2003,s2_760_2075,s3_17_37,Passenger Car,s5_64_76,Deployed,s2_97_208,s1_below_1,Female,s2_37_80,s3_141_159,s2_164_318,s4_160_220,s2_2_4
16055,s3_1695_2555,s2_n103_99,s4_n40_7,s1_below_4282,s1_below_2,s2_2001_2003,s2_760_2075,s4_37_47,Truck (<=6000 lbs.),s5_64_76,Deployed,s2_97_208,s4_3_4,Male,s3_80_96,s5_169_179,s2_164_318,s3_80_160,s2_2_4
16056,s2_885_1695,s2_n103_99,s4_n40_7,s1_below_4282,s1_below_2,s1_below_2001,s2_760_2075,s3_17_37,Passenger Car,s4_48_64,Deployed,s2_97_208,s1_below_1,Female,s2_37_80,s3_141_159,s2_164_318,s3_80_160,s2_2_4
16057,s2_885_1695,s2_n103_99,s4_n40_7,s1_below_4282,s3_3_4,s1_below_2001,s2_760_2075,s3_17_37,Passenger Car,s4_48_64,Not Deployed,s2_97_208,s1_below_1,Male,s3_80_96,s3_141_159,s2_164_318,s3_80_160,s2_2_4
16058,s2_885_1695,s2_n103_99,s4_n40_7,s1_below_4282,s3_3_4,s2_2001_2003,s2_760_2075,s4_37_47,Passenger Car,s3_28_48,Not Deployed,s2_97_208,s1_below_1,Female,s4_96_114,s3_141_159,s2_164_318,s4_160_220,s2_2_4
16059,s2_885_1695,s2_n103_99,s4_n40_7,s1_below_4282,s3_3_4,s2_2001_2003,s2_760_2075,s3_17_37,Passenger Car,s3_28_48,Not Deployed,s2_97_208,s1_below_1,Female,s2_37_80,s3_141_159,s2_164_318,s3_80_160,s2_2_4
16060,s2_885_1695,s2_n103_99,s5_7_up,s1_below_4282,s3_3_4,s2_2001_2003,s2_760_2075,s3_17_37,Passenger Car,s3_28_48,Not Deployed,s2_97_208,s1_below_1,Female,s2_37_80,s3_141_159,s2_164_318,s6_260_up,s2_2_4
16061,s3_1695_2555,s2_n103_99,s5_7_up,s1_below_4282,s4_4_5,s1_below_2001,s2_760_2075,s4_37_47,Truck (<=10000 lbs.),s4_48_64,Not Deployed,s2_97_208,s1_below_1,Male,s4_96_114,s4_159_169,s3_318_464,s4_160_220,s4_5_6
16062,s2_885_1695,s2_n103_99,s4_n40_7,s1_below_4282,s2_2_3,s2_2001_2003,s2_760_2075,s5_47_57,Passenger Car,s4_48_64,Deployed,s2_97_208,s1_below_1,Male,s5_114_130,s3_141_159,s2_164_318,s3_80_160,s2_2_4
16063,s2_885_1695,s2_n103_99,s5_7_up,s1_below_4282,s2_2_3,s2_2001_2003,s2_760_2075,s5_47_57,Passenger Car,s3_28_48,Not Deployed,s2_97_208,s1_below_1,Male,s4_96_114,s3_141_159,s2_164_318,s6_260_up,s2_2_4
16064,s2_885_1695,s2_n103_99,s4_n40_7,s1_below_4282,s1_below_2,s1_below_2001,s2_760_2075,s4_37_47,Passenger Car,s4_48_64,Deployed,s2_97_208,s1_below_1,Male,s2_37_80,s3_141_159,s2_164_318,s3_80_160,s2_2_4
16065,s3_1695_2555,s2_n103_99,s4_n40_7,s1_below_4282,s1_below_2,s1_below_2001,s2_760_2075,s4_37_47,Truck (<=6000 lbs.),s4_48_64,Not Deployed,s2_97_208,s1_below_1,Male,s3_80_96,s4_159_169,s2_164_318,s2_40_80,s2_2_4
16066,s2_885_1695,s2_n103_99,s4_n40_7,s1_below_4282,s6_6_up,s1_below_2001,s2_760_2075,s4_37_47,Passenger Car,s3_28_48,Not Deployed,s2_97_208,s1_below_1,Male,s4_96_114,s3_141_159,s2_164_318,s3_80_160,s2_2_4
16067,s3_1695_2555,s2_n103_99,s4_n40_7,s1_below_4282,s3_3_4,s2_2001_2003,s2_760_2075,s3_17_37,Truck (<=6000 lbs.),s2_11_28,Not Deployed,s2_97_208,s1_below_1,Male,s3_80_96,s5_169_179,s2_164_318,s4_160_220,s3_4_5
16068,s3_1695_2555,s2_n103_99,s4_n40_7,s1_below_4282,s2_2_3,s1_below_2001,s2_760_2075,s3_17_37,Passenger Car,s2_11_28,Not Deployed,s2_97_208,s1_below_1,Male,s2_37_80,s4_159_169,s2_164_318,s1_below_40,s2_2_4
16069,s3_1695_2555,s2_n103_99,s4_n40_7,s1_below_4282,s1_below_2,s1_below_2001,s2_760_2075,s4_37_47,Truck (<=10000 lbs.),s3_28_48,Not Deployed,s2_97_208,s1_below_1,Male,s5_114_130,s5_169_179,s3_318_464,s3_80_160,s4_5_6
16070,s2_885_1695,s2_n103_99,s4_n40_7,s1_below_4282,s2_2_3,s1_below_2001,s2_760_2075,s3_17_37,Passenger Car,s3_28_48,Deployed,s2_97_208,s1_below_1,Female,s2_37_80,s3_141_159,s2_164_318,s3_80_160,s2_2_4
16071,s4_2555_3715,s2_n103_99,s4_n40_7,s1_below_4282,s3_3_4,s2_2001_2003,s2_760_2075,s4_37_47,Truck (<=10000 lbs.),s3_28_48,Not Deployed,s2_97_208,s1_below_1,Female,s2_37_80,s6_179_up,s2_164_318,s4_160_220,s4_5_6
16072,s4_2555_3715,s2_n103_99,s4_n40_7,s1_below_4282,s5_5_6,s1_below_2001,s2_760_2075,s4_37_47,Truck (<=10000 lbs.),s3_28_48,Not Deployed,s2_97_208,s1_below_1,Male,s5_114_130,s5_169_179,s3_318_464,s3_80_160,s5_6_7
16073,s2_885_1695,s2_n103_99,s4_n40_7,s1_below_4282,s1_below_2,s1_below_2001,s2_760_2075,s3_17_37,Passenger Car,s2_11_28,Deployed,s2_97_208,s1_below_1,Female,s2_37_80,s3_141_159,s2_164_318,s4_160_220,s2_2_4
16074,s3_1695_2555,s2_n103_99,s4_n40_7,s1_below_4282,s2_2_3,s2_2001_2003,s2_760_2075,s4_37_47,Truck (<=6000 lbs.),s2_11_28,Not Deployed,s2_97_208,s1_below_1,Female,s2_37_80,s4_159_169,s2_164_318,s4_160_220,s3_4_5
16075,s2_885_1695,s2_n103_99,s4_n40_7,s1_below_4282,s4_4_5,s1_below_2001,s2_760_2075,s3_17_37,Passenger Car,s3_28_48,Not Deployed,s2_97_208,s1_below_1,Male,s3_80_96,s3_141_159,s2_164_318,s3_80_160,s2_2_4
16076,s2_885_1695,s2_n103_99,s4_n40_7,s1_below_4282,s1_below_2,s1_below_2001,s2_760_2075,s3_17_37,Truck (<=6000 lbs.),s5_64_76,Deployed,s2_97_208,s3_2_3,Female,s2_37_80,s3_141_159,s2_164_318,s3_80_160,s2_2_4
16077,s3_1695_2555,s2_n103_99,s4_n40_7,s1_below_4282,s1_below_2,s1_below_2001,s2_760_2075,s4_37_47,Truck (<=10000 lbs.),s2_11_28,Not Deployed,s2_97_208,s1_below_1,Female,s2_37_80,s3_141_159,s2_164_318,s3_80_160,s2_2_4
16078,s2_885_1695,s2_n103_99,s4_n40_7,s1_below_4282,s1_below_2,s1_below_2001,s2_760_2075,s3_17_37,Passenger Car,s3_28_48,Deployed,s2_97_208,s2_1_2,Female,s2_37_80,s3_141_159,s2_164_318,s3_80_160,s2_2_4
16079,s2_885_1695,s2_n103_99,s4_n40_7,s1_below_4282,s1_below_2,s1_below_2001,s2_760_2075,s4_37_47,Passenger Car,s3_28_48,Not Deployed,s2_97_208,s1_below_1,Male,s3_80_96,s3_141_159,s2_164_318,s3_80_160,s2_2_4
16080,s3_1695_2555,s2_n103_99,s4_n40_7,s1_below_4282,s4_4_5,s1_below_2001,s2_760_2075,s4_37_47,Truck (<=6000 lbs.),s2_11_28,Deployed,s2_97_208,s1_below_1,Male,s2_37_80,s3_141_159,s2_164_318,s3_80_160,s2_2_4
16081,s2_885_1695,s2_n103_99,s4_n40_7,s1_below_4282,s2_2_3,s2_2001_2003,s2_760_2075,s3_17_37,Passenger Car,s4_48_64,Deployed,s2_97_208,s1_below_1,Male,s6_130_up,s3_141_159,s2_164_318,s4_160_220,s2_2_4
16082,s2_885_1695,s2_n103_99,s5_7_up,s1_below_4282,s1_below_2,s1_below_2001,s3_2075_3730,s3_17_37,Passenger Car,s5_64_76,Not Deployed,s2_97_208,s1_below_1,Female,s2_37_80,s3_141_159,s2_164_318,s6_260_up,s2_2_4
16083,s3_1695_2555,s2_n103_99,s4_n40_7,s1_below_4282,s2_2_3,s1_below_2001,s2_760_2075,s4_37_47,Truck (<=10000 lbs.),s2_11_28,Not Deployed,s2_97_208,s1_below_1,Male,s3_80_96,s4_159_169,s3_318_464,s3_80_160,s4_5_6
16084,s4_2555_3715,s2_n103_99,s4_n40_7,s1_below_4282,s4_4_5,s2_2001_2003,s2_760_2075,s3_17_37,Truck (<=10000 lbs.),s3_28_48,Deployed,s2_97_208,s1_below_1,Male,s3_80_96,s4_159_169,s3_318_464,s3_80_160,s4_5_6
16085,s3_1695_2555,s2_n103_99,s4_n40_7,s1_below_4282,s4_4_5,s2_2001_2003,s2_760_2075,s3_17_37,Passenger Car,s3_28_48,Not Deployed,s2_97_208,s1_below_1,Male,s3_80_96,s4_159_169,s2_164_318,s2_40_80,s2_2_4
16086,s2_885_1695,s2_n103_99,s4_n40_7,s1_below_4282,s1_below_2,s1_below_2001,s2_760_2075,s6_57_up,Truck (<=6000 lbs.),s2_11_28,Not Deployed,s2_97_208,s1_below_1,Female,s2_37_80,s3_141_159,s2_164_318,s2_40_80,s2_2_4
16087,s2_885_1695,s2_n103_99,s5_7_up,s1_below_4282,s1_below_2,s2_2001_2003,s2_760_2075,s3_17_37,Passenger Car,s5_64_76,Not Deployed,s2_97_208,s1_below_1,Male,s2_37_80,s3_141_159,s2_164_318,s6_260_up,s2_2_4
16088,s3_1695_2555,s2_n103_99,s3_n81_n40,s1_below_4282,s2_2_3,s2_2001_2003,s2_760_2075,s4_37_47,Truck (<=10000 lbs.),s2_11_28,Deployed,s2_97_208,s1_below_1,Male,s4_96_114,s4_159_169,s2_164_318,s3_80_160,s3_4_5
16089,s2_885_1695,s2_n103_99,s4_n40_7,s1_below_4282,s3_3_4,s2_2001_2003,s2_760_2075,s3_17_37,Passenger Car,s2_11_28,Deployed,s2_97_208,s1_below_1,Male,s4_96_114,s3_141_159,s2_164_318,s3_80_160,s2_2_4
16090,s2_885_1695,s2_n103_99,s3_n81_n40,s1_below_4282,s1_below_2,s1_below_2001,s2_760_2075,s6_57_up,Passenger Car,s3_28_48,Deployed,s2_97_208,s2_1_2,Female,s2_37_80,s3_141_159,s2_164_318,s3_80_160,s2_2_4
16091,s3_1695_2555,s2_n103_99,s4_n40_7,s1_below_4282,s1_below_2,s1_below_2001,s2_760_2075,s5_47_57,Truck (<=6000 lbs.),s3_28_48,Not Deployed,s2_97_208,s1_below_1,Male,s4_96_114,s3_141_159,s2_164_318,s4_160_220,s2_2_4
16092,s2_885_1695,s2_n103_99,s4_n40_7,s1_below_4282,s1_below_2,s1_below_2001,s2_760_2075,s3_17_37,Passenger Car,s2_11_28,Not Deployed,s2_97_208,s1_below_1,Male,s3_80_96,s3_141_159,s2_164_318,s2_40_80,s2_2_4
16093,s2_885_1695,s2_n103_99,s4_n40_7,s1_below_4282,s1_below_2,s2_2001_2003,s2_760_2075,s4_37_47,Passenger Car,s2_11_28,Deployed,s2_97_208,s1_below_1,Female,s2_37_80,s3_141_159,s2_164_318,s3_80_160,s2_2_4
16094,s3_1695_2555,s2_n103_99,s5_7_up,s1_below_4282,s1_below_2,s2_2001_2003,s2_760_2075,s3_17_37,Truck (<=6000 lbs.),s4_48_64,Not Deployed,s2_97_208,s1_below_1,Female,s2_37_80,s3_141_159,s2_164_318,s4_160_220,s2_2_4
16095,s2_885_1695,s2_n103_99,s4_n40_7,s1_below_4282,s2_2_3,s2_2001_2003,s2_760_2075,s3_17_37,Passenger Car,s3_28_48,Not Deployed,s2_97_208,s1_below_1,Female,s2_37_80,s3_141_159,s2_164_318,s4_160_220,s2_2_4
16096,s3_1695_2555,s2_n103_99,s4_n40_7,s1_below_4282,s1_below_2,s2_2001_2003,s2_760_2075,s6_57_up,Truck (<=6000 lbs.),s3_28_48,Deployed,s2_97_208,s1_below_1,Female,s2_37_80,s3_141_159,s2_164_318,s2_40_80,s2_2_4
16097,s2_885_1695,s2_n103_99,s4_n40_7,s1_below_4282,s1_below_2,s1_below_2001,s2_760_2075,s3_17_37,Passenger Car,s6_76_up,Deployed,s2_97_208,s2_1_2,Male,s3_80_96,s3_141_159,s2_164_318,s3_80_160,s2_2_4
16098,s3_1695_2555,s2_n103_99,s4_n40_7,s1_below_4282,s3_3_4,s2_2001_2003,s2_760_2075,s3_17_37,Truck (<=6000 lbs.),s3_28_48,Not Deployed,s2_97_208,s1_below_1,Female,s2_37_80,s2_116_141,s2_164_318,s4_160_220,s2_2_4
16099,s2_885_1695,s2_n103_99,s5_7_up,s1_below_4282,s3_3_4,s3_2003_2005,s3_2075_3730,s4_37_47,Passenger Car,s3_28_48,Not Deployed,s2_97_208,s1_below_1,Female,s3_80_96,s3_141_159,s2_164_318,s6_260_up,s2_2_4
16100,s3_1695_2555,s2_n103_99,s4_n40_7,s1_below_4282,s1_below_2,s2_2001_2003,s2_760_2075,s4_37_47,Passenger Car,s3_28_48,Deployed,s2_97_208,s1_below_1,Male,s4_96_114,s4_159_169,s2_164_318,s3_80_160,s2_2_4
16101,s2_885_1695,s2_n103_99,s4_n40_7,s1_below_4282,s3_3_4,s2_2001_2003,s2_760_2075,s5_47_57,Truck (<=6000 lbs.),s3_28_48,Deployed,s2_97_208,s1_below_1,Female,s2_37_80,s3_141_159,s2_164_318,s3_80_160,s2_2_4
16102,s3_1695_2555,s2_n103_99,s4_n40_7,s1_below_4282,s1_below_2,s2_2001_2003,s2_760_2075,s5_47_57,Truck (<=10000 lbs.),s6_76_up,Not Deployed,s2_97_208,s1_below_1,Male,s2_37_80,s5_169_179,s3_318_464,s4_160_220,s4_5_6
16103,s2_885_1695,s2_n103_99,s4_n40_7,s1_below_4282,s1_below_2,s1_below_2001,s3_2075_3730,s5_47_57,Passenger Car,s4_48_64,Deployed,s2_97_208,s1_below_1,Female,s2_37_80,s3_141_159,s2_164_318,s3_80_160,s2_2_4
16104,s2_885_1695,s2_n103_99,s4_n40_7,s1_below_4282,s1_below_2,s1_below_2001,s2_760_2075,s3_17_37,Passenger Car,s4_48_64,Not Deployed,s2_97_208,s1_below_1,Female,s4_96_114,s3_141_159,s2_164_318,s3_80_160,s2_2_4
16105,s2_885_1695,s2_n103_99,s4_n40_7,s1_below_4282,s3_3_4,s2_2001_2003,s2_760_2075,s3_17_37,Truck (<=6000 lbs.),s2_11_28,Not Deployed,s2_97_208,s1_below_1,Male,s2_37_80,s3_141_159,s2_164_318,s2_40_80,s2_2_4
16106,s2_885_1695,s2_n103_99,s4_n40_7,s1_below_4282,s3_3_4,s1_below_2001,s2_760_2075,s3_17_37,Passenger Car,s2_11_28,Deployed,s2_97_208,s1_below_1,Female,s2_37_80,s3_141_159,s2_164_318,s2_40_80,s2_2_4
16107,s2_885_1695,s2_n103_99,s4_n40_7,s1_below_4282,s1_below_2,s1_below_2001,s2_760_2075,s3_17_37,Passenger Car,s2_11_28,Deployed,s2_97_208,s1_below_1,Male,s2_37_80,s3_141_159,s2_164_318,s3_80_160,s2_2_4
16108,s2_885_1695,s2_n103_99,s4_n40_7,s1_below_4282,s1_below_2,s2_2001_2003,s2_760_2075,s5_47_57,Truck (<=6000 lbs.),s4_48_64,Deployed,s2_97_208,s2_1_2,Male,s5_114_130,s2_116_141,s2_164_318,s4_160_220,s2_2_4
16109,s2_885_1695,s2_n103_99,s4_n40_7,s1_below_4282,s3_3_4,s1_below_2001,s2_760_2075,s3_17_37,Truck (<=6000 lbs.),s2_11_28,Deployed,s2_97_208,s1_below_1,Male,s2_37_80,s3_141_159,s2_164_318,s4_160_220,s2_2_4
16110,s2_885_1695,s2_n103_99,s4_n40_7,s1_below_4282,s2_2_3,s2_2001_2003,s2_760_2075,s3_17_37,Passenger Car,s4_48_64,Not Deployed,s2_97_208,s1_below_1,Female,s2_37_80,s3_141_159,s2_164_318,s2_40_80,s2_2_4
16111,s2_885_1695,s2_n103_99,s4_n40_7,s1_below_4282,s2_2_3,s1_below_2001,s2_760_2075,s4_37_47,Truck (<=6000 lbs.),s3_28_48,Deployed,s2_97_208,s1_below_1,Male,s3_80_96,s4_159_169,s2_164_318,s4_160_220,s2_2_4
16112,s2_885_1695,s2_n103_99,s4_n40_7,s1_below_4282,s2_2_3,s1_below_2001,s2_760_2075,s4_37_47,Passenger Car,s3_28_48,Deployed,s2_97_208,s1_below_1,Female,s2_37_80,s3_141_159,s2_164_318,s4_160_220,s2_2_4
16113,s3_1695_2555,s2_n103_99,s4_n40_7,s1_below_4282,s4_4_5,s2_2001_2003,s2_760_2075,s4_37_47,Truck (<=6000 lbs.),s2_11_28,Not Deployed,s2_97_208,s1_below_1,Female,s2_37_80,s3_141_159,s2_164_318,s4_160_220,s2_2_4
16114,s3_1695_2555,s2_n103_99,s4_n40_7,s1_below_4282,s1_below_2,s2_2001_2003,s2_760_2075,s3_17_37,Truck (<=6000 lbs.),s4_48_64,Not Deployed,s2_97_208,s2_1_2,Male,s2_37_80,s4_159_169,s2_164_318,s3_80_160,s3_4_5
16115,s3_1695_2555,s2_n103_99,s4_n40_7,s1_below_4282,s1_below_2,s2_2001_2003,s2_760_2075,s4_37_47,Truck (<=10000 lbs.),s2_11_28,Not Deployed,s2_97_208,s1_below_1,Male,s3_80_96,s4_159_169,s2_164_318,s3_80_160,s3_4_5
16116,s2_885_1695,s2_n103_99,s4_n40_7,s1_below_4282,s3_3_4,s1_below_2001,s2_760_2075,s3_17_37,Passenger Car,s2_11_28,Deployed,s2_97_208,s1_below_1,Female,s2_37_80,s3_141_159,s2_164_318,s3_80_160,s2_2_4
16117,s2_885_1695,s2_n103_99,s4_n40_7,s1_below_4282,s3_3_4,s2_2001_2003,s2_760_2075,s4_37_47,Passenger Car,s2_11_28,Not Deployed,s2_97_208,s1_below_1,Female,s2_37_80,s3_141_159,s2_164_318,s3_80_160,s2_2_4
16118,s3_1695_2555,s2_n103_99,s4_n40_7,s1_below_4282,s2_2_3,s2_2001_2003,s2_760_2075,s4_37_47,Passenger Car,s4_48_64,Not Deployed,s2_97_208,s1_below_1,Male,s2_37_80,s3_141_159,s2_164_318,s4_160_220,s2_2_4
16119,s2_885_1695,s2_n103_99,s4_n40_7,s1_below_4282,s1_below_2,s2_2001_2003,s2_760_2075,s3_17_37,Passenger Car,s3_28_48,Deployed,s2_97_208,s1_below_1,Male,s3_80_96,s3_141_159,s2_164_318,s3_80_160,s2_2_4
16120,s3_1695_2555,s2_n103_99,s3_n81_n40,s1_below_4282,s3_3_4,s2_2001_2003,s2_760_2075,s4_37_47,Truck (<=6000 lbs.),s3_28_48,Deployed,s2_97_208,s1_below_1,Female,s2_37_80,s4_159_169,s2_164_318,s3_80_160,s2_2_4
16121,s2_885_1695,s2_n103_99,s4_n40_7,s1_below_4282,s2_2_3,s2_2001_2003,s2_760_2075,s4_37_47,Truck (<=6000 lbs.),s4_48_64,Deployed,s2_97_208,s1_below_1,Female,s2_37_80,s3_141_159,s2_164_318,s3_80_160,s2_2_4
16122,s3_1695_2555,s2_n103_99,s4_n40_7,s1_below_4282,s2_2_3,s1_below_2001,s2_760_2075,s3_17_37,Truck (<=6000 lbs.),s3_28_48,Not Deployed,s2_97_208,s1_below_1,Female,s2_37_80,s4_159_169,s2_164_318,s2_40_80,s3_4_5
16123,s3_1695_2555,s2_n103_99,s4_n40_7,s1_below_4282,s1_below_2,s2_2001_2003,s2_760_2075,s3_17_37,Truck (<=6000 lbs.),s4_48_64,Not Deployed,s2_97_208,s1_below_1,Male,s3_80_96,s3_141_159,s2_164_318,s3_80_160,s2_2_4
16124,s2_885_1695,s2_n103_99,s4_n40_7,s1_below_4282,s1_below_2,s2_2001_2003,s2_760_2075,s4_37_47,Passenger Car,s2_11_28,Not Deployed,s2_97_208,s1_below_1,Female,s2_37_80,s3_141_159,s2_164_318,s3_80_160,s2_2_4
16125,s2_885_1695,s2_n103_99,s4_n40_7,s1_below_4282,s1_below_2,s1_below_2001,s2_760_2075,s3_17_37,Passenger Car,s2_11_28,Not Deployed,s2_97_208,s1_below_1,Female,s2_37_80,s3_141_159,s2_164_318,s4_160_220,s2_2_4
16126,s2_885_1695,s2_n103_99,s4_n40_7,s1_below_4282,s1_below_2,s2_2001_2003,s2_760_2075,s3_17_37,Passenger Car,s4_48_64,Not Deployed,s2_97_208,s1_below_1,Female,s2_37_80,s3_141_159,s2_164_318,s3_80_160,s2_2_4
16127,s3_1695_2555,s2_n103_99,s4_n40_7,s1_below_4282,s1_below_2,s2_2001_2003,s2_760_2075,s4_37_47,Truck (<=10000 lbs.),s3_28_48,Not Deployed,s2_97_208,s1_below_1,Female,s2_37_80,s4_159_169,s3_318_464,s3_80_160,s4_5_6
16128,s3_1695_2555,s2_n103_99,s4_n40_7,s1_below_4282,s3_3_4,s2_2001_2003,s2_760_2075,s3_17_37,Passenger Car,s4_48_64,Not Deployed,s2_97_208,s1_below_1,Male,s4_96_114,s3_141_159,s2_164_318,s6_260_up,s2_2_4
16129,s2_885_1695,s2_n103_99,s4_n40_7,s1_below_4282,s3_3_4,s1_below_2001,s2_760_2075,s4_37_47,Truck (<=6000 lbs.),s2_11_28,Not Deployed,s2_97_208,s1_below_1,Female,s2_37_80,s3_141_159,s2_164_318,s4_160_220,s2_2_4
16130,s2_885_1695,s2_n103_99,s4_n40_7,s1_below_4282,s2_2_3,s2_2001_2003,s2_760_2075,s4_37_47,Passenger Car,s4_48_64,Not Deployed,s2_97_208,s1_below_1,Female,s2_37_80,s3_141_159,s2_164_318,s2_40_80,s2_2_4
16131,s3_1695_2555,s2_n103_99,s4_n40_7,s1_below_4282,s1_below_2,s1_below_2001,s2_760_2075,s3_17_37,Truck (<=6000 lbs.),s5_64_76,Not Deployed,s2_97_208,s1_below_1,Male,s3_80_96,s3_141_159,s2_164_318,s4_160_220,s2_2_4
16132,s2_885_1695,s2_n103_99,s3_n81_n40,s1_below_4282,s4_4_5,s2_2001_2003,s2_760_2075,s4_37_47,Truck (<=6000 lbs.),s3_28_48,Deployed,s2_97_208,s4_3_4,Female,s4_96_114,s3_141_159,s2_164_318,s3_80_160,s2_2_4
16133,s2_885_1695,s2_n103_99,s3_n81_n40,s1_below_4282,s4_4_5,s1_below_2001,s2_760_2075,s4_37_47,Passenger Car,s2_11_28,Deployed,s2_97_208,s5_4_5,Female,s2_37_80,s3_141_159,s2_164_318,s3_80_160,s2_2_4
16134,s2_885_1695,s2_n103_99,s4_n40_7,s1_below_4282,s1_below_2,s2_2001_2003,s2_760_2075,s4_37_47,Passenger Car,s4_48_64,Not Deployed,s2_97_208,s1_below_1,Male,s4_96_114,s3_141_159,s2_164_318,s3_80_160,s2_2_4
16135,s4_2555_3715,s2_n103_99,s4_n40_7,s1_below_4282,s1_below_2,s1_below_2001,s3_2075_3730,s3_17_37,Truck (<=10000 lbs.),s3_28_48,Not Deployed,s2_97_208,s1_below_1,Female,s2_37_80,s4_159_169,s2_164_318,s3_80_160,s3_4_5
16136,s2_885_1695,s2_n103_99,s4_n40_7,s1_below_4282,s2_2_3,s1_below_2001,s2_760_2075,s3_17_37,Passenger Car,s4_48_64,Deployed,s2_97_208,s3_2_3,Male,s3_80_96,s3_141_159,s2_164_318,s4_160_220,s2_2_4
16137,s3_1695_2555,s2_n103_99,s4_n40_7,s1_below_4282,s4_4_5,s1_below_2001,s2_760_2075,s4_37_47,Truck (<=6000 lbs.),s4_48_64,Deployed,s2_97_208,s2_1_2,Female,s2_37_80,s4_159_169,s2_164_318,s4_160_220,s3_4_5
16138,s2_885_1695,s2_n103_99,s4_n40_7,s1_below_4282,s1_below_2,s1_below_2001,s2_760_2075,s3_17_37,Passenger Car,s2_11_28,Deployed,s2_97_208,s1_below_1,Female,s2_37_80,s3_141_159,s2_164_318,s3_80_160,s2_2_4
16139,s2_885_1695,s2_n103_99,s4_n40_7,s1_below_4282,s1_below_2,s1_below_2001,s3_2075_3730,s6_57_up,Truck (<=6000 lbs.),s3_28_48,Deployed,s2_97_208,s2_1_2,Male,s3_80_96,s3_141_159,s3_318_464,s3_80_160,s2_2_4
16140,s2_885_1695,s2_n103_99,s4_n40_7,s1_below_4282,s3_3_4,s1_below_2001,s2_760_2075,s3_17_37,Passenger Car,s2_11_28,Deployed,s2_97_208,s2_1_2,Male,s2_37_80,s3_141_159,s2_164_318,s4_160_220,s2_2_4
16141,s2_885_1695,s2_n103_99,s4_n40_7,s1_below_4282,s4_4_5,s1_below_2001,s3_2075_3730,s5_47_57,Passenger Car,s2_11_28,Not Deployed,s2_97_208,s1_below_1,Male,s2_37_80,s3_141_159,s2_164_318,s3_80_160,s2_2_4
16142,s2_885_1695,s2_n103_99,s4_n40_7,s1_below_4282,s3_3_4,s2_2001_2003,s2_760_2075,s4_37_47,Passenger Car,s4_48_64,Deployed,s2_97_208,s1_below_1,Female,s2_37_80,s3_141_159,s2_164_318,s4_160_220,s2_2_4
16143,s2_885_1695,s2_n103_99,s5_7_up,s1_below_4282,s1_below_2,s1_below_2001,s2_760_2075,s3_17_37,Passenger Car,s3_28_48,Not Deployed,s2_97_208,s1_below_1,Female,s3_80_96,s3_141_159,s2_164_318,s3_80_160,s2_2_4
16144,s3_1695_2555,s2_n103_99,s4_n40_7,s1_below_4282,s2_2_3,s1_below_2001,s2_760_2075,s3_17_37,Truck (<=6000 lbs.),s2_11_28,Not Deployed,s2_97_208,s1_below_1,Male,s2_37_80,s2_116_141,s2_164_318,s4_160_220,s2_2_4
16145,s3_1695_2555,s2_n103_99,s4_n40_7,s1_below_4282,s2_2_3,s2_2001_2003,s2_760_2075,s3_17_37,Truck (<=6000 lbs.),s3_28_48,Not Deployed,s2_97_208,s1_below_1,Male,s3_80_96,s3_141_159,s2_164_318,s3_80_160,s2_2_4
16146,s3_1695_2555,s2_n103_99,s4_n40_7,s1_below_4282,s3_3_4,s1_below_2001,s2_760_2075,s3_17_37,Truck (<=10000 lbs.),s3_28_48,Deployed,s2_97_208,s1_below_1,Male,s2_37_80,s4_159_169,s2_164_318,s3_80_160,s2_2_4
16147,s3_1695_2555,s2_n103_99,s4_n40_7,s1_below_4282,s1_below_2,s1_below_2001,s2_760_2075,s3_17_37,Truck (<=6000 lbs.),s3_28_48,Not Deployed,s2_97_208,s1_below_1,Male,s4_96_114,s3_141_159,s2_164_318,s4_160_220,s2_2_4
16148,s2_885_1695,s2_n103_99,s4_n40_7,s1_below_4282,s5_5_6,s2_2001_2003,s2_760_2075,s3_17_37,Passenger Car,s6_76_up,Deployed,s2_97_208,s5_4_5,Male,s4_96_114,s3_141_159,s2_164_318,s3_80_160,s2_2_4
16149,s2_885_1695,s2_n103_99,s4_n40_7,s1_below_4282,s2_2_3,s2_2001_2003,s2_760_2075,s3_17_37,Passenger Car,s2_11_28,Not Deployed,s2_97_208,s1_below_1,Male,s4_96_114,s3_141_159,s2_164_318,s3_80_160,s2_2_4
16150,s3_1695_2555,s2_n103_99,s4_n40_7,s1_below_4282,s2_2_3,s1_below_2001,s2_760_2075,s4_37_47,Truck (<=10000 lbs.),s4_48_64,Not Deployed,s2_97_208,s1_below_1,Male,s5_114_130,s4_159_169,s2_164_318,s4_160_220,s3_4_5
16151,s2_885_1695,s2_n103_99,s4_n40_7,s1_below_4282,s1_below_2,s1_below_2001,s2_760_2075,s3_17_37,Passenger Car,s2_11_28,Deployed,s2_97_208,s1_below_1,Male,s3_80_96,s3_141_159,s2_164_318,s3_80_160,s2_2_4
16152,s3_1695_2555,s2_n103_99,s4_n40_7,s1_below_4282,s1_below_2,s1_below_2001,s2_760_2075,s3_17_37,Truck (<=10000 lbs.),s3_28_48,Deployed,s2_97_208,s1_below_1,Female,s2_37_80,s4_159_169,s3_318_464,s3_80_160,s4_5_6
16153,s3_1695_2555,s2_n103_99,s4_n40_7,s1_below_4282,s4_4_5,s1_below_2001,s2_760_2075,s4_37_47,Truck (<=6000 lbs.),s2_11_28,Not Deployed,s2_97_208,s1_below_1,Female,s2_37_80,s3_141_159,s2_164_318,s2_40_80,s2_2_4
16154,s3_1695_2555,s2_n103_99,s5_7_up,s1_below_4282,s2_2_3,s1_below_2001,s2_760_2075,s4_37_47,Truck (<=10000 lbs.),s3_28_48,Not Deployed,s2_97_208,s1_below_1,Male,s3_80_96,s4_159_169,s3_318_464,s6_260_up,s4_5_6
16155,s3_1695_2555,s2_n103_99,s4_n40_7,s1_below_4282,s5_5_6,s1_below_2001,s2_760_2075,s4_37_47,Truck (<=10000 lbs.),s4_48_64,Not Deployed,s2_97_208,s1_below_1,Female,s2_37_80,s4_159_169,s3_318_464,s3_80_160,s4_5_6
16156,s2_885_1695,s2_n103_99,s4_n40_7,s1_below_4282,s2_2_3,s1_below_2001,s2_760_2075,s3_17_37,Passenger Car,s2_11_28,Not Deployed,s2_97_208,s1_below_1,Female,s2_37_80,s3_141_159,s2_164_318,s3_80_160,s2_2_4
16157,s2_885_1695,s2_n103_99,s4_n40_7,s1_below_4282,s2_2_3,s1_below_2001,s2_760_2075,s4_37_47,Passenger Car,s2_11_28,Deployed,s2_97_208,s5_4_5,Female,s2_37_80,s3_141_159,s2_164_318,s4_160_220,s2_2_4
16158,s4_2555_3715,s2_n103_99,s4_n40_7,s1_below_4282,s1_below_2,s2_2001_2003,s2_760_2075,s5_47_57,Truck (<=10000 lbs.),s5_64_76,Deployed,s2_97_208,s1_below_1,Male,s6_130_up,s5_169_179,s3_318_464,s3_80_160,s4_5_6
16159,s3_1695_2555,s2_n103_99,s4_n40_7,s1_below_4282,s3_3_4,s2_2001_2003,s2_760_2075,s4_37_47,Truck (<=6000 lbs.),s2_11_28,Deployed,s2_97_208,s1_below_1,Female,s2_37_80,s3_141_159,s2_164_318,s4_160_220,s2_2_4
16160,s3_1695_2555,s2_n103_99,s4_n40_7,s1_below_4282,s3_3_4,s1_below_2001,s2_760_2075,s4_37_47,Truck (<=6000 lbs.),s4_48_64,Not Deployed,s2_97_208,s1_below_1,Female,s2_37_80,s3_141_159,s2_164_318,s4_160_220,s2_2_4
16161,s2_885_1695,s2_n103_99,s4_n40_7,s1_below_4282,s2_2_3,s1_below_2001,s2_760_2075,s6_57_up,Passenger Car,s2_11_28,Deployed,s2_97_208,s1_below_1,Male,s3_80_96,s3_141_159,s2_164_318,s3_80_160,s2_2_4
16162,s2_885_1695,s2_n103_99,s4_n40_7,s1_below_4282,s3_3_4,s1_below_2001,s2_760_2075,s4_37_47,Passenger Car,s2_11_28,Deployed,s2_97_208,s1_below_1,Female,s2_37_80,s3_141_159,s2_164_318,s3_80_160,s2_2_4
16163,s2_885_1695,s2_n103_99,s4_n40_7,s1_below_4282,s3_3_4,s2_2001_2003,s2_760_2075,s3_17_37,Passenger Car,s2_11_28,Not Deployed,s2_97_208,s1_below_1,Female,s2_37_80,s3_141_159,s2_164_318,s3_80_160,s2_2_4
16164,s2_885_1695,s2_n103_99,s4_n40_7,s1_below_4282,s4_4_5,s2_2001_2003,s3_2075_3730,s4_37_47,Passenger Car,s2_11_28,Deployed,s2_97_208,s1_below_1,Female,s2_37_80,s3_141_159,s2_164_318,s4_160_220,s2_2_4
16165,s4_2555_3715,s2_n103_99,s4_n40_7,s1_below_4282,s3_3_4,s1_below_2001,s2_760_2075,s4_37_47,Truck (<=10000 lbs.),s4_48_64,Not Deployed,s2_97_208,s1_below_1,Male,s4_96_114,s5_169_179,s3_318_464,s3_80_160,s5_6_7
16166,s3_1695_2555,s2_n103_99,s5_7_up,s1_below_4282,s3_3_4,s2_2001_2003,s2_760_2075,s4_37_47,Truck (<=10000 lbs.),s3_28_48,Not Deployed,s2_97_208,s1_below_1,Male,s3_80_96,s5_169_179,s3_318_464,s6_260_up,s4_5_6
16167,s2_885_1695,s2_n103_99,s4_n40_7,s1_below_4282,s5_5_6,s1_below_2001,s2_760_2075,s4_37_47,Passenger Car,s2_11_28,Deployed,s2_97_208,s1_below_1,Female,s2_37_80,s3_141_159,s2_164_318,s4_160_220,s2_2_4
16168,s2_885_1695,s2_n103_99,s4_n40_7,s1_below_4282,s2_2_3,s1_below_2001,s2_760_2075,s6_57_up,Passenger Car,s4_48_64,Not Deployed,s2_97_208,s1_below_1,Male,s4_96_114,s3_141_159,s2_164_318,s3_80_160,s2_2_4
16169,s2_885_1695,s2_n103_99,s4_n40_7,s1_below_4282,s2_2_3,s2_2001_2003,s2_760_2075,s3_17_37,Passenger Car,s3_28_48,Deployed,s2_97_208,s1_below_1,Male,s2_37_80,s3_141_159,s2_164_318,s3_80_160,s2_2_4
16170,s4_2555_3715,s2_n103_99,s4_n40_7,s1_below_4282,s1_below_2,s1_below_2001,s2_760_2075,s4_37_47,Truck (<=10000 lbs.),s3_28_48,Not Deployed,s2_97_208,s1_below_1,Male,s2_37_80,s4_159_169,s3_318_464,s3_80_160,s4_5_6
16171,s3_1695_2555,s2_n103_99,s4_n40_7,s1_below_4282,s1_below_2,s1_below_2001,s3_2075_3730,s4_37_47,Truck (<=10000 lbs.),s4_48_64,Not Deployed,s2_97_208,s1_below_1,Male,s3_80_96,s4_159_169,s3_318_464,s3_80_160,s4_5_6
16172,s3_1695_2555,s2_n103_99,s5_7_up,s1_below_4282,s4_4_5,s1_below_2001,s2_760_2075,s4_37_47,Truck (<=6000 lbs.),s3_28_48,Deployed,s2_97_208,s2_1_2,Female,s2_37_80,s4_159_169,s2_164_318,s6_260_up,s3_4_5
16173,s2_885_1695,s2_n103_99,s3_n81_n40,s1_below_4282,s2_2_3,s2_2001_2003,s2_760_2075,s4_37_47,Truck (<=6000 lbs.),s3_28_48,Deployed,s2_97_208,s1_below_1,Female,s2_37_80,s3_141_159,s2_164_318,s2_40_80,s2_2_4
16174,s2_885_1695,s2_n103_99,s4_n40_7,s1_below_4282,s3_3_4,s2_2001_2003,s2_760_2075,s4_37_47,Passenger Car,s2_11_28,Not Deployed,s2_97_208,s1_below_1,Male,s2_37_80,s3_141_159,s2_164_318,s3_80_160,s2_2_4
16175,s2_885_1695,s2_n103_99,s4_n40_7,s1_below_4282,s3_3_4,s1_below_2001,s2_760_2075,s4_37_47,Passenger Car,s3_28_48,Deployed,s2_97_208,s1_below_1,Male,s4_96_114,s3_141_159,s2_164_318,s3_80_160,s2_2_4
16176,s2_885_1695,s2_n103_99,s4_n40_7,s1_below_4282,s3_3_4,s2_2001_2003,s2_760_2075,s3_17_37,Passenger Car,s3_28_48,Not Deployed,s2_97_208,s1_below_1,Female,s5_114_130,s3_141_159,s2_164_318,s2_40_80,s2_2_4
16177,s2_885_1695,s2_n103_99,s4_n40_7,s1_below_4282,s4_4_5,s2_2001_2003,s3_2075_3730,s3_17_37,Passenger Car,s2_11_28,Not Deployed,s2_97_208,s1_below_1,Male,s2_37_80,s3_141_159,s2_164_318,s3_80_160,s2_2_4
16178,s2_885_1695,s2_n103_99,s4_n40_7,s1_below_4282,s1_below_2,s2_2001_2003,s2_760_2075,s3_17_37,Truck (<=6000 lbs.),s6_76_up,Not Deployed,s2_97_208,s2_1_2,Male,s2_37_80,s3_141_159,s3_318_464,s3_80_160,s2_2_4
16179,s2_885_1695,s2_n103_99,s4_n40_7,s1_below_4282,s2_2_3,s2_2001_2003,s2_760_2075,s3_17_37,Passenger Car,s2_11_28,Deployed,s2_97_208,s1_below_1,Male,s2_37_80,s3_141_159,s2_164_318,s2_40_80,s2_2_4
16180,s2_885_1695,s2_n103_99,s5_7_up,s1_below_4282,s4_4_5,s2_2001_2003,s2_760_2075,s4_37_47,Truck (<=6000 lbs.),s4_48_64,Not Deployed,s2_97_208,s1_below_1,Male,s2_37_80,s3_141_159,s2_164_318,s6_260_up,s2_2_4
16181,s2_885_1695,s2_n103_99,s4_n40_7,s1_below_4282,s3_3_4,s2_2001_2003,s2_760_2075,s5_47_57,Passenger Car,s3_28_48,Deployed,s2_97_208,s1_below_1,Male,s3_80_96,s3_141_159,s2_164_318,s3_80_160,s2_2_4
16182,s2_885_1695,s2_n103_99,s4_n40_7,s1_below_4282,s1_below_2,s2_2001_2003,s2_760_2075,s3_17_37,Truck (<=6000 lbs.),s2_11_28,Not Deployed,s2_97_208,s1_below_1,Female,s2_37_80,s3_141_159,s2_164_318,s3_80_160,s2_2_4
16183,s3_1695_2555,s2_n103_99,s4_n40_7,s1_below_4282,s1_below_2,s1_below_2001,s2_760_2075,s5_47_57,Truck (<=10000 lbs.),s3_28_48,Deployed,s2_97_208,s1_below_1,Male,s3_80_96,s4_159_169,s3_318_464,s3_80_160,s4_5_6
16184,s2_885_1695,s2_n103_99,s4_n40_7,s1_below_4282,s2_2_3,s1_below_2001,s2_760_2075,s5_47_57,Passenger Car,s3_28_48,Deployed,s2_97_208,s3_2_3,Female,s3_80_96,s3_141_159,s2_164_318,s3_80_160,s2_2_4
16185,s2_885_1695,s2_n103_99,s4_n40_7,s1_below_4282,s4_4_5,s1_below_2001,s2_760_2075,s3_17_37,Passenger Car,s2_11_28,Deployed,s2_97_208,s3_2_3,Male,s5_114_130,s3_141_159,s2_164_318,s4_160_220,s2_2_4
16186,s2_885_1695,s2_n103_99,s4_n40_7,s1_below_4282,s5_5_6,s1_below_2001,s2_760_2075,s4_37_47,Passenger Car,s2_11_28,Not Deployed,s2_97_208,s1_below_1,Female,s2_37_80,s3_141_159,s2_164_318,s4_160_220,s2_2_4
16187,s2_885_1695,s2_n103_99,s4_n40_7,s1_below_4282,s1_below_2,s1_below_2001,s2_760_2075,s3_17_37,Truck (<=6000 lbs.),s6_76_up,Deployed,s2_97_208,s1_below_1,Female,s2_37_80,s3_141_159,s3_318_464,s2_40_80,s2_2_4
16188,s2_885_1695,s2_n103_99,s5_7_up,s1_below_4282,s1_below_2,s2_2001_2003,s3_2075_3730,s4_37_47,Passenger Car,s4_48_64,Not Deployed,s2_97_208,s1_below_1,Female,s3_80_96,s3_141_159,s2_164_318,s6_260_up,s2_2_4
16189,s2_885_1695,s2_n103_99,s4_n40_7,s1_below_4282,s1_below_2,s1_below_2001,s2_760_2075,s3_17_37,Passenger Car,s5_64_76,Not Deployed,s2_97_208,s1_below_1,Female,s2_37_80,s3_141_159,s2_164_318,s6_260_up,s2_2_4
16190,s2_885_1695,s2_n103_99,s4_n40_7,s1_below_4282,s2_2_3,s1_below_2001,s2_760_2075,s4_37_47,Passenger Car,s4_48_64,Not Deployed,s2_97_208,s1_below_1,Male,s3_80_96,s4_159_169,s2_164_318,s2_40_80,s2_2_4
16191,s2_885_1695,s2_n103_99,s4_n40_7,s1_below_4282,s1_below_2,s2_2001_2003,s3_2075_3730,s3_17_37,Passenger Car,s2_11_28,Not Deployed,s2_97_208,s1_below_1,Female,s2_37_80,s3_141_159,s2_164_318,s3_80_160,s2_2_4
16192,s4_2555_3715,s2_n103_99,s4_n40_7,s1_below_4282,s4_4_5,s2_2001_2003,s2_760_2075,s3_17_37,Truck (<=10000 lbs.),s3_28_48,Not Deployed,s2_97_208,s1_below_1,Male,s5_114_130,s5_169_179,s3_318_464,s3_80_160,s5_6_7
16193,s2_885_1695,s2_n103_99,s4_n40_7,s1_below_4282,s5_5_6,s2_2001_2003,s2_760_2075,s3_17_37,Truck (<=6000 lbs.),s2_11_28,Deployed,s2_97_208,s1_below_1,Male,s2_37_80,s3_141_159,s2_164_318,s3_80_160,s2_2_4
16194,s2_885_1695,s2_n103_99,s2_n112_n81,s3_6970_up,s2_2_3,s1_below_2001,s3_2075_3730,s6_57_up,Passenger Car,s6_76_up,Deployed,s2_97_208,s3_2_3,Female,s2_37_80,s3_141_159,s2_164_318,s3_80_160,s2_2_4
16195,s3_1695_2555,s2_n103_99,s4_n40_7,s1_below_4282,s1_below_2,s1_below_2001,s2_760_2075,s3_17_37,Truck (<=6000 lbs.),s2_11_28,Not Deployed,s2_97_208,s1_below_1,Female,s2_37_80,s4_159_169,s2_164_318,s3_80_160,s3_4_5
16196,s2_885_1695,s2_n103_99,s4_n40_7,s1_below_4282,s1_below_2,s1_below_2001,s2_760_2075,s3_17_37,Passenger Car,s3_28_48,Not Deployed,s2_97_208,s1_below_1,Male,s3_80_96,s3_141_159,s2_164_318,s3_80_160,s2_2_4
16197,s2_885_1695,s2_n103_99,s4_n40_7,s1_below_4282,s5_5_6,s1_below_2001,s2_760_2075,s4_37_47,Passenger Car,s6_76_up,Deployed,s2_97_208,s1_below_1,Female,s2_37_80,s3_141_159,s2_164_318,s4_160_220,s2_2_4
16198,s2_885_1695,s2_n103_99,s3_n81_n40,s1_below_4282,s2_2_3,s1_below_2001,s2_760_2075,s4_37_47,Passenger Car,s3_28_48,Deployed,s2_97_208,s3_2_3,Male,s3_80_96,s3_141_159,s2_164_318,s3_80_160,s2_2_4
16199,s2_885_1695,s2_n103_99,s5_7_up,s1_below_4282,s4_4_5,s2_2001_2003,s2_760_2075,s4_37_47,Passenger Car,s2_11_28,Not Deployed,s2_97_208,s1_below_1,Male,s2_37_80,s3_141_159,s2_164_318,s6_260_up,s2_2_4
16200,s2_885_1695,s2_n103_99,s3_n81_n40,s1_below_4282,s4_4_5,s2_2001_2003,s2_760_2075,s4_37_47,Passenger Car,s3_28_48,Deployed,s2_97_208,s1_below_1,Female,s2_37_80,s3_141_159,s2_164_318,s3_80_160,s2_2_4
16201,s2_885_1695,s2_n103_99,s4_n40_7,s1_below_4282,s1_below_2,s1_below_2001,s2_760_2075,s5_47_57,Passenger Car,s5_64_76,Not Deployed,s2_97_208,s1_below_1,Female,s2_37_80,s3_141_159,s2_164_318,s1_below_40,s2_2_4
16202,s2_885_1695,s2_n103_99,s4_n40_7,s1_below_4282,s2_2_3,s2_2001_2003,s2_760_2075,s3_17_37,Passenger Car,s3_28_48,Deployed,s2_97_208,s1_below_1,Female,s2_37_80,s3_141_159,s2_164_318,s3_80_160,s2_2_4
16203,s3_1695_2555,s2_n103_99,s4_n40_7,s1_below_4282,s4_4_5,s1_below_2001,s2_760_2075,s3_17_37,Truck (<=6000 lbs.),s2_11_28,Deployed,s2_97_208,s1_below_1,Male,s2_37_80,s4_159_169,s2_164_318,s3_80_160,s3_4_5
16204,s2_885_1695,s2_n103_99,s4_n40_7,s1_below_4282,s1_below_2,s2_2001_2003,s2_760_2075,s3_17_37,Passenger Car,s4_48_64,Not Deployed,s2_97_208,s1_below_1,Female,s3_80_96,s3_141_159,s2_164_318,s2_40_80,s2_2_4
16205,s2_885_1695,s2_n103_99,s4_n40_7,s1_below_4282,s4_4_5,s1_below_2001,s3_2075_3730,s4_37_47,Passenger Car,s5_64_76,Not Deployed,s2_97_208,s1_below_1,Female,s2_37_80,s3_141_159,s2_164_318,s2_40_80,s2_2_4
16206,s2_885_1695,s2_n103_99,s5_7_up,s1_below_4282,s4_4_5,s1_below_2001,s2_760_2075,s4_37_47,Passenger Car,s2_11_28,Not Deployed,s2_97_208,s1_below_1,Female,s2_37_80,s3_141_159,s2_164_318,s3_80_160,s2_2_4
16207,s3_1695_2555,s2_n103_99,s4_n40_7,s1_below_4282,s4_4_5,s1_below_2001,s2_760_2075,s4_37_47,Passenger Car,s5_64_76,Not Deployed,s2_97_208,s1_below_1,Male,s4_96_114,s3_141_159,s2_164_318,s3_80_160,s2_2_4
16208,s3_1695_2555,s2_n103_99,s3_n81_n40,s1_below_4282,s4_4_5,s1_below_2001,s2_760_2075,s5_47_57,Truck (<=6000 lbs.),s2_11_28,Deployed,s2_97_208,s1_below_1,Male,s4_96_114,s4_159_169,s3_318_464,s3_80_160,s4_5_6
16209,s2_885_1695,s2_n103_99,s5_7_up,s1_below_4282,s4_4_5,s1_below_2001,s2_760_2075,s5_47_57,Truck (<=6000 lbs.),s5_64_76,Not Deployed,s2_97_208,s2_1_2,Male,s3_80_96,s3_141_159,s3_318_464,s6_260_up,s2_2_4
16210,s2_885_1695,s2_n103_99,s4_n40_7,s1_below_4282,s4_4_5,s2_2001_2003,s2_760_2075,s3_17_37,Passenger Car,s2_11_28,Not Deployed,s2_97_208,s1_below_1,Female,s2_37_80,s3_141_159,s2_164_318,s3_80_160,s2_2_4
16211,s3_1695_2555,s2_n103_99,s4_n40_7,s1_below_4282,s5_5_6,s1_below_2001,s2_760_2075,s3_17_37,Truck (<=6000 lbs.),s3_28_48,Not Deployed,s2_97_208,s1_below_1,Female,s2_37_80,s4_159_169,s2_164_318,s4_160_220,s2_2_4
16212,s2_885_1695,s2_n103_99,s4_n40_7,s1_below_4282,s4_4_5,s2_2001_2003,s2_760_2075,s3_17_37,Passenger Car,s2_11_28,Deployed,s2_97_208,s3_2_3,Male,s6_130_up,s3_141_159,s2_164_318,s3_80_160,s2_2_4
16213,s3_1695_2555,s2_n103_99,s5_7_up,s1_below_4282,s4_4_5,s1_below_2001,s2_760_2075,s3_17_37,Truck (<=6000 lbs.),s4_48_64,Not Deployed,s2_97_208,s1_below_1,Female,s2_37_80,s4_159_169,s2_164_318,s6_260_up,s3_4_5
16214,s2_885_1695,s2_n103_99,s4_n40_7,s1_below_4282,s1_below_2,s1_below_2001,s2_760_2075,s5_47_57,Passenger Car,s2_11_28,Deployed,s2_97_208,s1_below_1,Female,s5_114_130,s3_141_159,s2_164_318,s3_80_160,s2_2_4
16215,s2_885_1695,s2_n103_99,s4_n40_7,s1_below_4282,s4_4_5,s2_2001_2003,s2_760_2075,s3_17_37,Passenger Car,s2_11_28,Not Deployed,s2_97_208,s1_below_1,Male,s2_37_80,s3_141_159,s2_164_318,s3_80_160,s2_2_4
16216,s2_885_1695,s2_n103_99,s4_n40_7,s1_below_4282,s1_below_2,s2_2001_2003,s2_760_2075,s4_37_47,Passenger Car,s2_11_28,Not Deployed,s2_97_208,s1_below_1,Female,s3_80_96,s3_141_159,s2_164_318,s5_220_260,s2_2_4
16217,s3_1695_2555,s2_n103_99,s4_n40_7,s1_below_4282,s2_2_3,s1_below_2001,s3_2075_3730,s5_47_57,Truck (<=10000 lbs.),s4_48_64,Not Deployed,s2_97_208,s2_1_2,Male,s3_80_96,s5_169_179,s3_318_464,s2_40_80,s4_5_6
16218,s2_885_1695,s2_n103_99,s4_n40_7,s1_below_4282,s1_below_2,s1_below_2001,s2_760_2075,s3_17_37,Passenger Car,s2_11_28,Not Deployed,s2_97_208,s1_below_1,Male,s4_96_114,s3_141_159,s2_164_318,s3_80_160,s2_2_4
16219,s2_885_1695,s2_n103_99,s4_n40_7,s1_below_4282,s1_below_2,s1_below_2001,s3_2075_3730,s5_47_57,Truck (<=6000 lbs.),s2_11_28,Deployed,s2_97_208,s2_1_2,Male,s3_80_96,s3_141_159,s3_318_464,s2_40_80,s2_2_4
16220,s3_1695_2555,s2_n103_99,s4_n40_7,s1_below_4282,s1_below_2,s2_2001_2003,s2_760_2075,s5_47_57,Truck (<=10000 lbs.),s5_64_76,Deployed,s2_97_208,s1_below_1,Male,s2_37_80,s5_169_179,s3_318_464,s4_160_220,s4_5_6
16221,s3_1695_2555,s2_n103_99,s4_n40_7,s1_below_4282,s1_below_2,s1_below_2001,s2_760_2075,s3_17_37,Truck (<=10000 lbs.),s4_48_64,Not Deployed,s2_97_208,s1_below_1,Male,s3_80_96,s4_159_169,s3_318_464,s4_160_220,s4_5_6
16222,s3_1695_2555,s2_n103_99,s4_n40_7,s1_below_4282,s2_2_3,s1_below_2001,s2_760_2075,s3_17_37,Truck (<=6000 lbs.),s3_28_48,Not Deployed,s2_97_208,s1_below_1,Female,s2_37_80,s3_141_159,s2_164_318,s3_80_160,s3_4_5
16223,s3_1695_2555,s2_n103_99,s4_n40_7,s1_below_4282,s1_below_2,s1_below_2001,s2_760_2075,s4_37_47,Truck (<=10000 lbs.),s3_28_48,Deployed,s2_97_208,s5_4_5,Male,s2_37_80,s5_169_179,s3_318_464,s3_80_160,s4_5_6
16224,s3_1695_2555,s2_n103_99,s4_n40_7,s1_below_4282,s1_below_2,s2_2001_2003,s2_760_2075,s5_47_57,Truck (<=10000 lbs.),s3_28_48,Not Deployed,s2_97_208,s1_below_1,Female,s2_37_80,s3_141_159,s2_164_318,s2_40_80,s2_2_4
16225,s2_885_1695,s2_n103_99,s4_n40_7,s1_below_4282,s2_2_3,s1_below_2001,s3_2075_3730,s6_57_up,Truck (<=6000 lbs.),s2_11_28,Deployed,s2_97_208,s1_below_1,Male,s5_114_130,s3_141_159,s2_164_318,s3_80_160,s2_2_4
16226,s3_1695_2555,s2_n103_99,s4_n40_7,s1_below_4282,s6_6_up,s2_2001_2003,s2_760_2075,s3_17_37,Truck (<=10000 lbs.),s3_28_48,Not Deployed,s2_97_208,s1_below_1,Male,s3_80_96,s4_159_169,s3_318_464,s3_80_160,s4_5_6
16227,s2_885_1695,s2_n103_99,s5_7_up,s1_below_4282,s4_4_5,s2_2001_2003,s3_2075_3730,s3_17_37,Passenger Car,s3_28_48,Not Deployed,s2_97_208,s1_below_1,Female,s2_37_80,s3_141_159,s2_164_318,s6_260_up,s2_2_4
16228,s2_885_1695,s2_n103_99,s4_n40_7,s1_below_4282,s1_below_2,s2_2001_2003,s2_760_2075,s3_17_37,Passenger Car,s2_11_28,Not Deployed,s2_97_208,s1_below_1,Female,s2_37_80,s3_141_159,s2_164_318,s3_80_160,s2_2_4
16229,s2_885_1695,s2_n103_99,s4_n40_7,s1_below_4282,s5_5_6,s1_below_2001,s2_760_2075,s6_57_up,Passenger Car,s6_76_up,Not Deployed,s2_97_208,s1_below_1,Female,s2_37_80,s3_141_159,s2_164_318,s3_80_160,s2_2_4
16230,s3_1695_2555,s2_n103_99,s4_n40_7,s1_below_4282,s4_4_5,s2_2001_2003,s2_760_2075,s3_17_37,Truck (<=10000 lbs.),s4_48_64,Deployed,s2_97_208,s2_1_2,Male,s4_96_114,s4_159_169,s3_318_464,s3_80_160,s5_6_7
16231,s2_885_1695,s2_n103_99,s4_n40_7,s1_below_4282,s1_below_2,s2_2001_2003,s2_760_2075,s3_17_37,Passenger Car,s3_28_48,Deployed,s2_97_208,s4_3_4,Female,s2_37_80,s3_141_159,s2_164_318,s3_80_160,s2_2_4
16232,s2_885_1695,s2_n103_99,s4_n40_7,s1_below_4282,s4_4_5,s1_below_2001,s2_760_2075,s3_17_37,Passenger Car,s2_11_28,Deployed,s2_97_208,s1_below_1,Female,s2_37_80,s3_141_159,s2_164_318,s4_160_220,s2_2_4
16233,s2_885_1695,s2_n103_99,s4_n40_7,s1_below_4282,s3_3_4,s1_below_2001,s2_760_2075,s4_37_47,Passenger Car,s2_11_28,Deployed,s2_97_208,s2_1_2,Female,s2_37_80,s3_141_159,s2_164_318,s3_80_160,s2_2_4
16234,s2_885_1695,s2_n103_99,s4_n40_7,s1_below_4282,s4_4_5,s1_below_2001,s2_760_2075,s3_17_37,Passenger Car,s2_11_28,Deployed,s2_97_208,s1_below_1,Male,s2_37_80,s3_141_159,s2_164_318,s3_80_160,s2_2_4
16235,s2_885_1695,s2_n103_99,s4_n40_7,s1_below_4282,s4_4_5,s2_2001_2003,s2_760_2075,s3_17_37,Truck (<=6000 lbs.),s2_11_28,Not Deployed,s2_97_208,s1_below_1,Male,s2_37_80,s2_116_141,s2_164_318,s4_160_220,s2_2_4
16236,s2_885_1695,s2_n103_99,s4_n40_7,s1_below_4282,s4_4_5,s2_2001_2003,s2_760_2075,s3_17_37,Passenger Car,s4_48_64,Not Deployed,s2_97_208,s1_below_1,Female,s2_37_80,s3_141_159,s2_164_318,s4_160_220,s2_2_4
16237,s2_885_1695,s2_n103_99,s4_n40_7,s1_below_4282,s5_5_6,s2_2001_2003,s2_760_2075,s6_57_up,Passenger Car,s2_11_28,Not Deployed,s2_97_208,s1_below_1,Male,s2_37_80,s3_141_159,s2_164_318,s3_80_160,s2_2_4
16238,s3_1695_2555,s2_n103_99,s4_n40_7,s1_below_4282,s4_4_5,s2_2001_2003,s2_760_2075,s3_17_37,Truck (<=6000 lbs.),s5_64_76,Deployed,s2_97_208,s1_below_1,Male,s2_37_80,s4_159_169,s2_164_318,s4_160_220,s3_4_5
16239,s2_885_1695,s2_n103_99,s4_n40_7,s1_below_4282,s2_2_3,s1_below_2001,s2_760_2075,s3_17_37,Passenger Car,s4_48_64,Deployed,s2_97_208,s1_below_1,Female,s2_37_80,s3_141_159,s2_164_318,s3_80_160,s2_2_4
16240,s3_1695_2555,s2_n103_99,s4_n40_7,s1_below_4282,s3_3_4,s2_2001_2003,s2_760_2075,s5_47_57,Truck (<=6000 lbs.),s2_11_28,Not Deployed,s2_97_208,s3_2_3,Female,s2_37_80,s3_141_159,s2_164_318,s4_160_220,s2_2_4
16241,s2_885_1695,s2_n103_99,s4_n40_7,s1_below_4282,s3_3_4,s2_2001_2003,s2_760_2075,s3_17_37,Passenger Car,s2_11_28,Not Deployed,s2_97_208,s1_below_1,Female,s2_37_80,s3_141_159,s2_164_318,s3_80_160,s2_2_4
16242,s2_885_1695,s2_n103_99,s4_n40_7,s1_below_4282,s1_below_2,s2_2001_2003,s2_760_2075,s3_17_37,Passenger Car,s3_28_48,Not Deployed,s2_97_208,s2_1_2,Male,s2_37_80,s3_141_159,s2_164_318,s2_40_80,s2_2_4
16243,s3_1695_2555,s2_n103_99,s4_n40_7,s1_below_4282,s5_5_6,s2_2001_2003,s2_760_2075,s3_17_37,Truck (<=6000 lbs.),s4_48_64,Deployed,s2_97_208,s1_below_1,Female,s2_37_80,s3_141_159,s2_164_318,s3_80_160,s2_2_4
16244,s3_1695_2555,s2_n103_99,s5_7_up,s1_below_4282,s4_4_5,s2_2001_2003,s2_760_2075,s3_17_37,Truck (<=10000 lbs.),s2_11_28,Not Deployed,s2_97_208,s1_below_1,Female,s2_37_80,s4_159_169,s2_164_318,s6_260_up,s3_4_5
16245,s2_885_1695,s2_n103_99,s4_n40_7,s1_below_4282,s6_6_up,s1_below_2001,s2_760_2075,s3_17_37,Passenger Car,s3_28_48,Not Deployed,s2_97_208,s1_below_1,Female,s3_80_96,s3_141_159,s2_164_318,s5_220_260,s2_2_4
16246,s2_885_1695,s2_n103_99,s4_n40_7,s1_below_4282,s4_4_5,s1_below_2001,s2_760_2075,s3_17_37,Passenger Car,s2_11_28,Deployed,s2_97_208,s1_below_1,Male,s2_37_80,s3_141_159,s2_164_318,s3_80_160,s2_2_4
16247,s3_1695_2555,s2_n103_99,s4_n40_7,s1_below_4282,s4_4_5,s1_below_2001,s2_760_2075,s3_17_37,Truck (<=6000 lbs.),s2_11_28,Not Deployed,s2_97_208,s2_1_2,Female,s2_37_80,s3_141_159,s2_164_318,s3_80_160,s2_2_4
16248,s3_1695_2555,s2_n103_99,s4_n40_7,s1_below_4282,s6_6_up,s1_below_2001,s2_760_2075,s4_37_47,Truck (<=6000 lbs.),s3_28_48,Not Deployed,s2_97_208,s1_below_1,Male,s3_80_96,s3_141_159,s2_164_318,s3_80_160,s2_2_4
16249,s3_1695_2555,s2_n103_99,s4_n40_7,s1_below_4282,s4_4_5,s1_below_2001,s2_760_2075,s3_17_37,Truck (<=6000 lbs.),s5_64_76,Not Deployed,s2_97_208,s1_below_1,Female,s2_37_80,s3_141_159,s2_164_318,s3_80_160,s2_2_4
16250,s2_885_1695,s2_n103_99,s3_n81_n40,s1_below_4282,s6_6_up,s1_below_2001,s2_760_2075,s3_17_37,Passenger Car,s4_48_64,Deployed,s2_97_208,s3_2_3,Male,s3_80_96,s3_141_159,s2_164_318,s3_80_160,s2_2_4
16251,s2_885_1695,s2_n103_99,s4_n40_7,s1_below_4282,s3_3_4,s1_below_2001,s2_760_2075,s3_17_37,Passenger Car,s3_28_48,Deployed,s2_97_208,s2_1_2,Male,s3_80_96,s3_141_159,s2_164_318,s3_80_160,s2_2_4
16252,s3_1695_2555,s2_n103_99,s3_n81_n40,s1_below_4282,s5_5_6,s1_below_2001,s2_760_2075,s6_57_up,Truck (<=10000 lbs.),s6_76_up,Deployed,s2_97_208,s1_below_1,Male,s4_96_114,s5_169_179,s3_318_464,s3_80_160,s4_5_6
16253,s3_1695_2555,s2_n103_99,s4_n40_7,s1_below_4282,s4_4_5,s2_2001_2003,s2_760_2075,s3_17_37,Passenger Car,s3_28_48,Not Deployed,s2_97_208,s1_below_1,Male,s4_96_114,s3_141_159,s2_164_318,s2_40_80,s2_2_4
16254,s4_2555_3715,s2_n103_99,s4_n40_7,s1_below_4282,s4_4_5,s2_2001_2003,s2_760_2075,s5_47_57,Truck (<=6000 lbs.),s4_48_64,Deployed,s2_97_208,s1_below_1,Female,s3_80_96,s4_159_169,s2_164_318,s3_80_160,s2_2_4
16255,s2_885_1695,s2_n103_99,s4_n40_7,s1_below_4282,s6_6_up,s2_2001_2003,s2_760_2075,s3_17_37,Passenger Car,s2_11_28,Deployed,s2_97_208,s1_below_1,Male,s2_37_80,s3_141_159,s2_164_318,s2_40_80,s2_2_4
16256,s2_885_1695,s2_n103_99,s4_n40_7,s1_below_4282,s5_5_6,s2_2001_2003,s2_760_2075,s6_57_up,Passenger Car,s4_48_64,Not Deployed,s2_97_208,s1_below_1,Female,s2_37_80,s3_141_159,s2_164_318,s3_80_160,s2_2_4
16257,s2_885_1695,s2_n103_99,s3_n81_n40,s1_below_4282,s4_4_5,s2_2001_2003,s2_760_2075,s6_57_up,Passenger Car,s2_11_28,Deployed,s2_97_208,s1_below_1,Female,s2_37_80,s3_141_159,s2_164_318,s3_80_160,s2_2_4
16258,s3_1695_2555,s2_n103_99,s4_n40_7,s1_below_4282,s5_5_6,s2_2001_2003,s2_760_2075,s3_17_37,Truck (<=10000 lbs.),s4_48_64,Deployed,s2_97_208,s1_below_1,Male,s3_80_96,s3_141_159,s2_164_318,s3_80_160,s2_2_4
16259,s3_1695_2555,s2_n103_99,s4_n40_7,s1_below_4282,s6_6_up,s1_below_2001,s2_760_2075,s3_17_37,Truck (<=6000 lbs.),s2_11_28,Not Deployed,s2_97_208,s1_below_1,Male,s2_37_80,s4_159_169,s2_164_318,s4_160_220,s3_4_5
16260,s2_885_1695,s2_n103_99,s4_n40_7,s1_below_4282,s3_3_4,s2_2001_2003,s2_760_2075,s6_57_up,Passenger Car,s3_28_48,Deployed,s2_97_208,s1_below_1,Male,s2_37_80,s3_141_159,s2_164_318,s3_80_160,s2_2_4
16261,s3_1695_2555,s2_n103_99,s4_n40_7,s1_below_4282,s4_4_5,s1_below_2001,s2_760_2075,s4_37_47,Truck (<=10000 lbs.),s3_28_48,Deployed,s2_97_208,s1_below_1,Female,s2_37_80,s4_159_169,s2_164_318,s3_80_160,s3_4_5
16262,s2_885_1695,s2_n103_99,s3_n81_n40,s1_below_4282,s3_3_4,s1_below_2001,s2_760_2075,s5_47_57,Passenger Car,s5_64_76,Deployed,s2_97_208,s3_2_3,Female,s2_37_80,s3_141_159,s2_164_318,s3_80_160,s2_2_4
16263,s4_2555_3715,s2_n103_99,s4_n40_7,s1_below_4282,s6_6_up,s2_2001_2003,s2_760_2075,s3_17_37,Truck (<=10000 lbs.),s2_11_28,Deployed,s2_97_208,s1_below_1,Male,s2_37_80,s4_159_169,s2_164_318,s3_80_160,s3_4_5
16264,s2_885_1695,s2_n103_99,s4_n40_7,s1_below_4282,s4_4_5,s1_below_2001,s2_760_2075,s6_57_up,Passenger Car,s3_28_48,Not Deployed,s2_97_208,s1_below_1,Female,s2_37_80,s3_141_159,s2_164_318,s3_80_160,s2_2_4
16265,s2_885_1695,s2_n103_99,s5_7_up,s1_below_4282,s4_4_5,s2_2001_2003,s2_760_2075,s6_57_up,Passenger Car,s2_11_28,Not Deployed,s2_97_208,s1_below_1,Male,s2_37_80,s3_141_159,s2_164_318,s6_260_up,s2_2_4
16266,s4_2555_3715,s2_n103_99,s4_n40_7,s1_below_4282,s5_5_6,s2_2001_2003,s2_760_2075,s3_17_37,Truck (<=10000 lbs.),s5_64_76,Not Deployed,s2_97_208,s1_below_1,Male,s3_80_96,s5_169_179,s2_164_318,s4_160_220,s4_5_6
16267,s3_1695_2555,s2_n103_99,s4_n40_7,s1_below_4282,s4_4_5,s1_below_2001,s3_2075_3730,s3_17_37,Passenger Car,s5_64_76,Not Deployed,s2_97_208,s2_1_2,Male,s3_80_96,s3_141_159,s2_164_318,s2_40_80,s2_2_4
16268,s2_885_1695,s2_n103_99,s4_n40_7,s1_below_4282,s1_below_2,s2_2001_2003,s2_760_2075,s3_17_37,Passenger Car,s2_11_28,Deployed,s2_97_208,s1_below_1,Male,s2_37_80,s3_141_159,s2_164_318,s3_80_160,s2_2_4
16269,s2_885_1695,s2_n103_99,s4_n40_7,s1_below_4282,s3_3_4,s1_below_2001,s2_760_2075,s3_17_37,Passenger Car,s2_11_28,Deployed,s2_97_208,s3_2_3,Female,s2_37_80,s3_141_159,s2_164_318,s3_80_160,s2_2_4
16270,s3_1695_2555,s2_n103_99,s4_n40_7,s1_below_4282,s1_below_2,s2_2001_2003,s2_760_2075,s5_47_57,Truck (<=6000 lbs.),s4_48_64,Deployed,s2_97_208,s2_1_2,Male,s3_80_96,s4_159_169,s3_318_464,s4_160_220,s4_5_6
16271,s2_885_1695,s2_n103_99,s4_n40_7,s1_below_4282,s5_5_6,s1_below_2001,s2_760_2075,s3_17_37,Passenger Car,s4_48_64,Not Deployed,s2_97_208,s1_below_1,Female,s2_37_80,s3_141_159,s2_164_318,s3_80_160,s2_2_4
16272,s2_885_1695,s2_n103_99,s4_n40_7,s1_below_4282,s4_4_5,s2_2001_2003,s2_760_2075,s3_17_37,Passenger Car,s4_48_64,Deployed,s2_97_208,s1_below_1,Male,s4_96_114,s3_141_159,s2_164_318,s3_80_160,s2_2_4
16273,s2_885_1695,s2_n103_99,s4_n40_7,s1_below_4282,s4_4_5,s1_below_2001,s2_760_2075,s3_17_37,Passenger Car,s3_28_48,Deployed,s2_97_208,s1_below_1,Female,s2_37_80,s3_141_159,s2_164_318,s3_80_160,s2_2_4
16274,s2_885_1695,s2_n103_99,s4_n40_7,s1_below_4282,s4_4_5,s1_below_2001,s2_760_2075,s3_17_37,Passenger Car,s2_11_28,Not Deployed,s2_97_208,s1_below_1,Female,s2_37_80,s3_141_159,s2_164_318,s2_40_80,s2_2_4
16275,s2_885_1695,s2_n103_99,s4_n40_7,s1_below_4282,s1_below_2,s2_2001_2003,s2_760_2075,s3_17_37,Passenger Car,s3_28_48,Not Deployed,s2_97_208,s1_below_1,Female,s2_37_80,s3_141_159,s2_164_318,s4_160_220,s2_2_4
16276,s3_1695_2555,s2_n103_99,s4_n40_7,s1_below_4282,s4_4_5,s1_below_2001,s2_760_2075,s5_47_57,Truck (<=10000 lbs.),s2_11_28,Not Deployed,s2_97_208,s1_below_1,Male,s2_37_80,s5_169_179,s2_164_318,s3_80_160,s3_4_5
16277,s2_885_1695,s2_n103_99,s3_n81_n40,s1_below_4282,s4_4_5,s2_2001_2003,s2_760_2075,s3_17_37,Truck (<=6000 lbs.),s2_11_28,Deployed,s2_97_208,s1_below_1,Male,s3_80_96,s2_116_141,s2_164_318,s4_160_220,s2_2_4
16278,s3_1695_2555,s2_n103_99,s4_n40_7,s1_below_4282,s1_below_2,s1_below_2001,s2_760_2075,s3_17_37,Truck (<=6000 lbs.),s3_28_48,Not Deployed,s2_97_208,s1_below_1,Male,s4_96_114,s3_141_159,s3_318_464,s2_40_80,s2_2_4
16279,s2_885_1695,s2_n103_99,s4_n40_7,s1_below_4282,s6_6_up,s1_below_2001,s2_760_2075,s3_17_37,Passenger Car,s2_11_28,Deployed,s2_97_208,s1_below_1,Female,s2_37_80,s3_141_159,s2_164_318,s4_160_220,s2_2_4
16280,s2_885_1695,s2_n103_99,s4_n40_7,s1_below_4282,s4_4_5,s1_below_2001,s2_760_2075,s3_17_37,Passenger Car,s4_48_64,Not Deployed,s2_97_208,s1_below_1,Male,s3_80_96,s3_141_159,s2_164_318,s3_80_160,s2_2_4
16281,s2_885_1695,s2_n103_99,s4_n40_7,s1_below_4282,s6_6_up,s1_below_2001,s2_760_2075,s3_17_37,Truck (<=6000 lbs.),s2_11_28,Not Deployed,s2_97_208,s1_below_1,Male,s2_37_80,s3_141_159,s2_164_318,s3_80_160,s2_2_4
16282,s2_885_1695,s2_n103_99,s5_7_up,s1_below_4282,s6_6_up,s2_2001_2003,s2_760_2075,s3_17_37,Passenger Car,s5_64_76,Not Deployed,s2_97_208,s1_below_1,Female,s2_37_80,s3_141_159,s2_164_318,s6_260_up,s2_2_4
16283,s2_885_1695,s2_n103_99,s4_n40_7,s1_below_4282,s6_6_up,s2_2001_2003,s2_760_2075,s3_17_37,Passenger Car,s2_11_28,Deployed,s2_97_208,s1_below_1,Female,s2_37_80,s3_141_159,s2_164_318,s3_80_160,s2_2_4
16284,s2_885_1695,s2_n103_99,s4_n40_7,s1_below_4282,s1_below_2,s2_2001_2003,s2_760_2075,s5_47_57,Passenger Car,s3_28_48,Deployed,s2_97_208,s3_2_3,Female,s2_37_80,s3_141_159,s2_164_318,s3_80_160,s2_2_4
16285,s2_885_1695,s2_n103_99,s5_7_up,s1_below_4282,s3_3_4,s1_below_2001,s2_760_2075,s6_57_up,Passenger Car,s2_11_28,Not Deployed,s2_97_208,s1_below_1,Male,s3_80_96,s3_141_159,s2_164_318,s5_220_260,s2_2_4
16286,s2_885_1695,s2_n103_99,s4_n40_7,s1_below_4282,s5_5_6,s1_below_2001,s2_760_2075,s1_below_7,Passenger Car,s3_28_48,Deployed,s2_97_208,s1_below_1,Male,s2_37_80,s3_141_159,s2_164_318,s4_160_220,s2_2_4
16287,s2_885_1695,s2_n103_99,s4_n40_7,s1_below_4282,s3_3_4,s1_below_2001,s2_760_2075,s3_17_37,Truck (<=6000 lbs.),s4_48_64,Deployed,s2_97_208,s2_1_2,Male,s2_37_80,s2_116_141,s2_164_318,s3_80_160,s2_2_4
16288,s2_885_1695,s2_n103_99,s4_n40_7,s1_below_4282,s1_below_2,s1_below_2001,s2_760_2075,s3_17_37,Passenger Car,s5_64_76,Not Deployed,s2_97_208,s1_below_1,Female,s2_37_80,s3_141_159,s2_164_318,s3_80_160,s2_2_4
16289,s2_885_1695,s2_n103_99,s4_n40_7,s1_below_4282,s3_3_4,s2_2001_2003,s2_760_2075,s3_17_37,Passenger Car,s3_28_48,Deployed,s2_97_208,s1_below_1,Female,s3_80_96,s3_141_159,s2_164_318,s2_40_80,s2_2_4
16290,s2_885_1695,s2_n103_99,s4_n40_7,s1_below_4282,s1_below_2,s2_2001_2003,s2_760_2075,s3_17_37,Truck (<=6000 lbs.),s3_28_48,Deployed,s2_97_208,s6_5_up,Male,s3_80_96,s2_116_141,s2_164_318,s3_80_160,s2_2_4
16291,s2_885_1695,s2_n103_99,s4_n40_7,s1_below_4282,s1_below_2,s2_2001_2003,s2_760_2075,s4_37_47,Truck (<=6000 lbs.),s3_28_48,Deployed,s2_97_208,s1_below_1,Male,s3_80_96,s3_141_159,s2_164_318,s3_80_160,s2_2_4
16292,s4_2555_3715,s2_n103_99,s4_n40_7,s1_below_4282,s1_below_2,s2_2001_2003,s2_760_2075,s4_37_47,Truck (<=10000 lbs.),s3_28_48,Deployed,s2_97_208,s1_below_1,Male,s3_80_96,s5_169_179,s3_318_464,s3_80_160,s5_6_7
16293,s3_1695_2555,s2_n103_99,s4_n40_7,s1_below_4282,s1_below_2,s1_below_2001,s3_2075_3730,s3_17_37,Truck (<=6000 lbs.),s4_48_64,Deployed,s2_97_208,s1_below_1,Female,s2_37_80,s4_159_169,s2_164_318,s4_160_220,s3_4_5
16294,s3_1695_2555,s2_n103_99,s4_n40_7,s1_below_4282,s3_3_4,s1_below_2001,s2_760_2075,s3_17_37,Truck (<=10000 lbs.),s3_28_48,Deployed,s2_97_208,s1_below_1,Male,s5_114_130,s4_159_169,s3_318_464,s3_80_160,s5_6_7
16295,s3_1695_2555,s2_n103_99,s4_n40_7,s1_below_4282,s4_4_5,s2_2001_2003,s2_760_2075,s6_57_up,Truck (<=10000 lbs.),s3_28_48,Not Deployed,s2_97_208,s1_below_1,Male,s2_37_80,s4_159_169,s2_164_318,s4_160_220,s3_4_5
16296,s2_885_1695,s2_n103_99,s5_7_up,s1_below_4282,s2_2_3,s2_2001_2003,s2_760_2075,s6_57_up,Truck (<=6000 lbs.),s2_11_28,Deployed,s2_97_208,s1_below_1,Female,s2_37_80,s3_141_159,s2_164_318,s6_260_up,s2_2_4
16297,s2_885_1695,s2_n103_99,s4_n40_7,s1_below_4282,s1_below_2,s1_below_2001,s2_760_2075,s3_17_37,Passenger Car,s3_28_48,Not Deployed,s2_97_208,s1_below_1,Male,s3_80_96,s3_141_159,s2_164_318,s4_160_220,s2_2_4
16298,s2_885_1695,s2_n103_99,s4_n40_7,s1_below_4282,s1_below_2,s1_below_2001,s2_760_2075,s3_17_37,Passenger Car,s3_28_48,Not Deployed,s2_97_208,s1_below_1,Female,s2_37_80,s3_141_159,s2_164_318,s3_80_160,s2_2_4
16299,s3_1695_2555,s2_n103_99,s4_n40_7,s1_below_4282,s3_3_4,s1_below_2001,s2_760_2075,s3_17_37,Truck (<=6000 lbs.),s3_28_48,Deployed,s2_97_208,s1_below_1,Female,s2_37_80,s3_141_159,s3_318_464,s3_80_160,s2_2_4
16300,s3_1695_2555,s2_n103_99,s4_n40_7,s1_below_4282,s3_3_4,s1_below_2001,s2_760_2075,s3_17_37,Truck (<=6000 lbs.),s2_11_28,Not Deployed,s2_97_208,s2_1_2,Male,s4_96_114,s3_141_159,s2_164_318,s1_below_40,s2_2_4
16301,s2_885_1695,s2_n103_99,s4_n40_7,s1_below_4282,s2_2_3,s1_below_2001,s2_760_2075,s3_17_37,Passenger Car,s3_28_48,Not Deployed,s2_97_208,s1_below_1,Male,s3_80_96,s3_141_159,s2_164_318,s3_80_160,s2_2_4
16302,s2_885_1695,s2_n103_99,s4_n40_7,s1_below_4282,s4_4_5,s2_2001_2003,s2_760_2075,s4_37_47,Passenger Car,s4_48_64,Not Deployed,s2_97_208,s1_below_1,Male,s2_37_80,s3_141_159,s2_164_318,s4_160_220,s2_2_4
16303,s2_885_1695,s2_n103_99,s4_n40_7,s1_below_4282,s1_below_2,s1_below_2001,s3_2075_3730,s3_17_37,Passenger Car,s2_11_28,Not Deployed,s2_97_208,s1_below_1,Female,s2_37_80,s3_141_159,s2_164_318,s3_80_160,s2_2_4
16304,s2_885_1695,s2_n103_99,s5_7_up,s1_below_4282,s1_below_2,s2_2001_2003,s2_760_2075,s3_17_37,Passenger Car,s4_48_64,Not Deployed,s2_97_208,s1_below_1,Male,s2_37_80,s3_141_159,s2_164_318,s3_80_160,s2_2_4
16305,s3_1695_2555,s2_n103_99,s4_n40_7,s1_below_4282,s4_4_5,s1_below_2001,s2_760_2075,s3_17_37,Truck (<=6000 lbs.),s3_28_48,Not Deployed,s2_97_208,s1_below_1,Female,s2_37_80,s3_141_159,s2_164_318,s4_160_220,s2_2_4
16306,s2_885_1695,s2_n103_99,s4_n40_7,s1_below_4282,s1_below_2,s2_2001_2003,s2_760_2075,s3_17_37,Passenger Car,s3_28_48,Deployed,s2_97_208,s1_below_1,Female,s2_37_80,s3_141_159,s2_164_318,s4_160_220,s2_2_4
16307,s2_885_1695,s2_n103_99,s4_n40_7,s1_below_4282,s5_5_6,s1_below_2001,s2_760_2075,s3_17_37,Passenger Car,s3_28_48,Not Deployed,s2_97_208,s1_below_1,Male,s4_96_114,s3_141_159,s2_164_318,s4_160_220,s2_2_4
16308,s2_885_1695,s2_n103_99,s4_n40_7,s1_below_4282,s3_3_4,s2_2001_2003,s2_760_2075,s3_17_37,Passenger Car,s2_11_28,Not Deployed,s2_97_208,s1_below_1,Male,s3_80_96,s3_141_159,s2_164_318,s4_160_220,s2_2_4
16309,s3_1695_2555,s2_n103_99,s4_n40_7,s1_below_4282,s2_2_3,s2_2001_2003,s3_2075_3730,s3_17_37,Truck (<=6000 lbs.),s3_28_48,Deployed,s2_97_208,s1_below_1,Male,s2_37_80,s4_159_169,s2_164_318,s3_80_160,s2_2_4
16310,s2_885_1695,s2_n103_99,s4_n40_7,s1_below_4282,s4_4_5,s1_below_2001,s2_760_2075,s3_17_37,Passenger Car,s3_28_48,Not Deployed,s2_97_208,s1_below_1,Female,s4_96_114,s3_141_159,s2_164_318,s4_160_220,s2_2_4
16311,s2_885_1695,s2_n103_99,s4_n40_7,s1_below_4282,s1_below_2,s2_2001_2003,s2_760_2075,s3_17_37,Passenger Car,s4_48_64,Not Deployed,s2_97_208,s1_below_1,Male,s2_37_80,s3_141_159,s2_164_318,s3_80_160,s2_2_4
16312,s2_885_1695,s2_n103_99,s4_n40_7,s1_below_4282,s1_below_2,s1_below_2001,s2_760_2075,s3_17_37,Passenger Car,s2_11_28,Not Deployed,s2_97_208,s1_below_1,Male,s3_80_96,s3_141_159,s2_164_318,s4_160_220,s2_2_4
16313,s2_885_1695,s2_n103_99,s4_n40_7,s1_below_4282,s1_below_2,s2_2001_2003,s2_760_2075,s6_57_up,Truck (<=6000 lbs.),s2_11_28,Not Deployed,s2_97_208,s1_below_1,Male,s3_80_96,s3_141_159,s2_164_318,s3_80_160,s2_2_4
16314,s2_885_1695,s2_n103_99,s4_n40_7,s1_below_4282,s4_4_5,s1_below_2001,s2_760_2075,s3_17_37,Passenger Car,s4_48_64,Not Deployed,s2_97_208,s1_below_1,Female,s2_37_80,s3_141_159,s2_164_318,s3_80_160,s2_2_4
16315,s2_885_1695,s2_n103_99,s4_n40_7,s1_below_4282,s1_below_2,s1_below_2001,s2_760_2075,s3_17_37,Truck (<=6000 lbs.),s4_48_64,Not Deployed,s2_97_208,s1_below_1,Male,s3_80_96,s3_141_159,s2_164_318,s4_160_220,s2_2_4
16316,s2_885_1695,s2_n103_99,s4_n40_7,s1_below_4282,s1_below_2,s2_2001_2003,s2_760_2075,s3_17_37,Passenger Car,s2_11_28,Not Deployed,s2_97_208,s1_below_1,Male,s2_37_80,s3_141_159,s2_164_318,s4_160_220,s2_2_4
16317,s2_885_1695,s2_n103_99,s4_n40_7,s1_below_4282,s4_4_5,s2_2001_2003,s2_760_2075,s3_17_37,Passenger Car,s4_48_64,Deployed,s2_97_208,s1_below_1,Female,s2_37_80,s3_141_159,s2_164_318,s3_80_160,s2_2_4
16318,s2_885_1695,s2_n103_99,s4_n40_7,s1_below_4282,s3_3_4,s2_2001_2003,s2_760_2075,s3_17_37,Passenger Car,s2_11_28,Deployed,s2_97_208,s1_below_1,Female,s2_37_80,s3_141_159,s2_164_318,s3_80_160,s2_2_4
16319,s2_885_1695,s2_n103_99,s4_n40_7,s1_below_4282,s2_2_3,s2_2001_2003,s2_760_2075,s3_17_37,Passenger Car,s2_11_28,Not Deployed,s2_97_208,s1_below_1,Female,s2_37_80,s3_141_159,s2_164_318,s1_below_40,s2_2_4
16320,s2_885_1695,s2_n103_99,s4_n40_7,s1_below_4282,s1_below_2,s1_below_2001,s2_760_2075,s5_47_57,Passenger Car,s2_11_28,Not Deployed,s2_97_208,s1_below_1,Female,s2_37_80,s3_141_159,s2_164_318,s3_80_160,s2_2_4
16321,s3_1695_2555,s2_n103_99,s4_n40_7,s1_below_4282,s4_4_5,s2_2001_2003,s2_760_2075,s6_57_up,Truck (<=6000 lbs.),s4_48_64,Deployed,s2_97_208,s1_below_1,Male,s3_80_96,s4_159_169,s2_164_318,s3_80_160,s3_4_5
16322,s2_885_1695,s2_n103_99,s4_n40_7,s1_below_4282,s1_below_2,s1_below_2001,s2_760_2075,s5_47_57,Passenger Car,s3_28_48,Deployed,s2_97_208,s2_1_2,Male,s3_80_96,s3_141_159,s2_164_318,s3_80_160,s2_2_4
16323,s2_885_1695,s2_n103_99,s5_7_up,s1_below_4282,s1_below_2,s1_below_2001,s2_760_2075,s4_37_47,Passenger Car,s3_28_48,Not Deployed,s2_97_208,s1_below_1,Female,s4_96_114,s3_141_159,s2_164_318,s6_260_up,s2_2_4
16324,s2_885_1695,s2_n103_99,s4_n40_7,s1_below_4282,s2_2_3,s1_below_2001,s2_760_2075,s4_37_47,Truck (<=6000 lbs.),s3_28_48,Not Deployed,s2_97_208,s1_below_1,Female,s2_37_80,s3_141_159,s2_164_318,s4_160_220,s2_2_4
16325,s2_885_1695,s2_n103_99,s4_n40_7,s1_below_4282,s2_2_3,s1_below_2001,s2_760_2075,s4_37_47,Passenger Car,s2_11_28,Deployed,s2_97_208,s1_below_1,Male,s2_37_80,s3_141_159,s2_164_318,s3_80_160,s2_2_4
16326,s2_885_1695,s2_n103_99,s4_n40_7,s1_below_4282,s2_2_3,s2_2001_2003,s2_760_2075,s3_17_37,Passenger Car,s3_28_48,Not Deployed,s2_97_208,s1_below_1,Female,s2_37_80,s3_141_159,s2_164_318,s3_80_160,s2_2_4
16327,s2_885_1695,s2_n103_99,s5_7_up,s1_below_4282,s1_below_2,s1_below_2001,s2_760_2075,s3_17_37,Passenger Car,s3_28_48,Not Deployed,s2_97_208,s1_below_1,Female,s2_37_80,s3_141_159,s2_164_318,s4_160_220,s2_2_4
16328,s2_885_1695,s2_n103_99,s4_n40_7,s1_below_4282,s1_below_2,s1_below_2001,s2_760_2075,s4_37_47,Passenger Car,s2_11_28,Deployed,s2_97_208,s1_below_1,Male,s2_37_80,s3_141_159,s2_164_318,s3_80_160,s2_2_4
16329,s2_885_1695,s2_n103_99,s5_7_up,s1_below_4282,s1_below_2,s2_2001_2003,s2_760_2075,s3_17_37,Passenger Car,s2_11_28,Not Deployed,s2_97_208,s1_below_1,Female,s2_37_80,s2_116_141,s2_164_318,s6_260_up,s2_2_4
16330,s3_1695_2555,s2_n103_99,s5_7_up,s1_below_4282,s1_below_2,s2_2001_2003,s2_760_2075,s4_37_47,Truck (<=10000 lbs.),s3_28_48,Not Deployed,s2_97_208,s1_below_1,Male,s5_114_130,s4_159_169,s3_318_464,s6_260_up,s4_5_6
16331,s2_885_1695,s2_n103_99,s4_n40_7,s1_below_4282,s1_below_2,s1_below_2001,s2_760_2075,s5_47_57,Passenger Car,s4_48_64,Deployed,s2_97_208,s1_below_1,Male,s2_37_80,s3_141_159,s2_164_318,s3_80_160,s2_2_4
16332,s3_1695_2555,s2_n103_99,s4_n40_7,s1_below_4282,s1_below_2,s1_below_2001,s2_760_2075,s1_below_7,Truck (<=6000 lbs.),s4_48_64,Not Deployed,s2_97_208,s1_below_1,Female,s3_80_96,s3_141_159,s2_164_318,s2_40_80,s2_2_4
16333,s2_885_1695,s2_n103_99,s4_n40_7,s1_below_4282,s1_below_2,s1_below_2001,s2_760_2075,s4_37_47,Passenger Car,s4_48_64,Not Deployed,s2_97_208,s3_2_3,Female,s3_80_96,s3_141_159,s2_164_318,s2_40_80,s2_2_4
16334,s3_1695_2555,s2_n103_99,s4_n40_7,s1_below_4282,s1_below_2,s1_below_2001,s2_760_2075,s5_47_57,Truck (<=6000 lbs.),s4_48_64,Not Deployed,s2_97_208,s1_below_1,Female,s2_37_80,s3_141_159,s2_164_318,s3_80_160,s2_2_4
16335,s3_1695_2555,s2_n103_99,s4_n40_7,s1_below_4282,s3_3_4,s2_2001_2003,s2_760_2075,s4_37_47,Truck (<=6000 lbs.),s4_48_64,Not Deployed,s2_97_208,s3_2_3,Male,s4_96_114,s3_141_159,s2_164_318,s4_160_220,s2_2_4
16336,s2_885_1695,s2_n103_99,s5_7_up,s1_below_4282,s1_below_2,s2_2001_2003,s2_760_2075,s5_47_57,Passenger Car,s3_28_48,Not Deployed,s2_97_208,s1_below_1,Female,s2_37_80,s3_141_159,s2_164_318,s6_260_up,s2_2_4
16337,s2_885_1695,s2_n103_99,s4_n40_7,s1_below_4282,s3_3_4,s1_below_2001,s2_760_2075,s3_17_37,Passenger Car,s2_11_28,Deployed,s2_97_208,s1_below_1,Male,s4_96_114,s3_141_159,s2_164_318,s3_80_160,s2_2_4
16338,s3_1695_2555,s2_n103_99,s4_n40_7,s1_below_4282,s1_below_2,s1_below_2001,s2_760_2075,s5_47_57,Truck (<=6000 lbs.),s5_64_76,Deployed,s2_97_208,s1_below_1,Female,s2_37_80,s3_141_159,s2_164_318,s3_80_160,s2_2_4
16339,s2_885_1695,s2_n103_99,s4_n40_7,s1_below_4282,s2_2_3,s1_below_2001,s2_760_2075,s3_17_37,Passenger Car,s2_11_28,Not Deployed,s2_97_208,s1_below_1,Male,s2_37_80,s3_141_159,s2_164_318,s3_80_160,s2_2_4
16340,s3_1695_2555,s2_n103_99,s4_n40_7,s1_below_4282,s1_below_2,s1_below_2001,s2_760_2075,s3_17_37,Truck (<=6000 lbs.),s3_28_48,Not Deployed,s2_97_208,s1_below_1,Female,s3_80_96,s4_159_169,s2_164_318,s3_80_160,s3_4_5
16341,s2_885_1695,s2_n103_99,s5_7_up,s1_below_4282,s1_below_2,s1_below_2001,s2_760_2075,s4_37_47,Passenger Car,s4_48_64,Not Deployed,s2_97_208,s1_below_1,Male,s4_96_114,s3_141_159,s2_164_318,s6_260_up,s2_2_4
16342,s2_885_1695,s2_n103_99,s4_n40_7,s1_below_4282,s1_below_2,s1_below_2001,s2_760_2075,s4_37_47,Truck (<=6000 lbs.),s3_28_48,Deployed,s2_97_208,s1_below_1,Female,s2_37_80,s3_141_159,s2_164_318,s3_80_160,s2_2_4
16343,s2_885_1695,s2_n103_99,s4_n40_7,s1_below_4282,s1_below_2,s1_below_2001,s2_760_2075,s3_17_37,Passenger Car,s2_11_28,Not Deployed,s2_97_208,s1_below_1,Male,s4_96_114,s3_141_159,s2_164_318,s3_80_160,s2_2_4
16344,s3_1695_2555,s2_n103_99,s4_n40_7,s1_below_4282,s1_below_2,s1_below_2001,s2_760_2075,s3_17_37,Truck (<=6000 lbs.),s4_48_64,Deployed,s2_97_208,s4_3_4,Male,s4_96_114,s4_159_169,s2_164_318,s2_40_80,s2_2_4
16345,s2_885_1695,s2_n103_99,s5_7_up,s1_below_4282,s1_below_2,s1_below_2001,s2_760_2075,s3_17_37,Passenger Car,s5_64_76,Not Deployed,s2_97_208,s1_below_1,Female,s2_37_80,s3_141_159,s2_164_318,s6_260_up,s2_2_4
16346,s3_1695_2555,s2_n103_99,s4_n40_7,s1_below_4282,s5_5_6,s2_2001_2003,s2_760_2075,s3_17_37,Passenger Car,s3_28_48,Deployed,s2_97_208,s1_below_1,Male,s3_80_96,s4_159_169,s2_164_318,s3_80_160,s2_2_4
16347,s3_1695_2555,s2_n103_99,s4_n40_7,s1_below_4282,s2_2_3,s1_below_2001,s2_760_2075,s3_17_37,Passenger Car,s2_11_28,Not Deployed,s2_97_208,s1_below_1,Male,s3_80_96,s4_159_169,s2_164_318,s2_40_80,s2_2_4
16348,s2_885_1695,s2_n103_99,s4_n40_7,s1_below_4282,s1_below_2,s2_2001_2003,s2_760_2075,s3_17_37,Passenger Car,s2_11_28,Not Deployed,s2_97_208,s1_below_1,Male,s3_80_96,s3_141_159,s2_164_318,s2_40_80,s2_2_4
16349,s2_885_1695,s2_n103_99,s4_n40_7,s1_below_4282,s1_below_2,s1_below_2001,s2_760_2075,s3_17_37,Passenger Car,s2_11_28,Deployed,s2_97_208,s1_below_1,Male,s2_37_80,s4_159_169,s2_164_318,s3_80_160,s2_2_4
16350,s3_1695_2555,s2_n103_99,s5_7_up,s1_below_4282,s2_2_3,s1_below_2001,s2_760_2075,s5_47_57,Passenger Car,s5_64_76,Not Deployed,s2_97_208,s1_below_1,Male,s2_37_80,s3_141_159,s2_164_318,s6_260_up,s2_2_4
16351,s3_1695_2555,s2_n103_99,s5_7_up,s1_below_4282,s1_below_2,s1_below_2001,s2_760_2075,s3_17_37,Passenger Car,s3_28_48,Deployed,s2_97_208,s1_below_1,Male,s2_37_80,s4_159_169,s2_164_318,s3_80_160,s2_2_4
16352,s3_1695_2555,s2_n103_99,s3_n81_n40,s1_below_4282,s1_below_2,s1_below_2001,s2_760_2075,s3_17_37,Truck (<=6000 lbs.),s3_28_48,Not Deployed,s2_97_208,s1_below_1,Female,s5_114_130,s3_141_159,s2_164_318,s3_80_160,s2_2_4
16353,s2_885_1695,s2_n103_99,s4_n40_7,s1_below_4282,s1_below_2,s2_2001_2003,s2_760_2075,s3_17_37,Passenger Car,s3_28_48,Deployed,s2_97_208,s2_1_2,Male,s3_80_96,s3_141_159,s2_164_318,s3_80_160,s2_2_4
16354,s2_885_1695,s2_n103_99,s4_n40_7,s1_below_4282,s1_below_2,s1_below_2001,s2_760_2075,s3_17_37,Passenger Car,s2_11_28,Deployed,s2_97_208,s1_below_1,Female,s4_96_114,s3_141_159,s2_164_318,s3_80_160,s2_2_4
16355,s2_885_1695,s2_n103_99,s4_n40_7,s1_below_4282,s3_3_4,s2_2001_2003,s2_760_2075,s3_17_37,Passenger Car,s4_48_64,Deployed,s2_97_208,s2_1_2,Female,s2_37_80,s3_141_159,s2_164_318,s3_80_160,s2_2_4
16356,s4_2555_3715,s2_n103_99,s4_n40_7,s1_below_4282,s2_2_3,s2_2001_2003,s2_760_2075,s3_17_37,Passenger Car,s2_11_28,Deployed,s2_97_208,s1_below_1,Male,s3_80_96,s3_141_159,s2_164_318,s3_80_160,s2_2_4
16357,s2_885_1695,s2_n103_99,s4_n40_7,s1_below_4282,s5_5_6,s1_below_2001,s2_760_2075,s3_17_37,Passenger Car,s3_28_48,Deployed,s2_97_208,s1_below_1,Male,s2_37_80,s3_141_159,s2_164_318,s3_80_160,s2_2_4
16358,s2_885_1695,s2_n103_99,s4_n40_7,s1_below_4282,s2_2_3,s1_below_2001,s2_760_2075,s4_37_47,Passenger Car,s4_48_64,Not Deployed,s2_97_208,s1_below_1,Male,s5_114_130,s3_141_159,s2_164_318,s3_80_160,s2_2_4
16359,s2_885_1695,s2_n103_99,s4_n40_7,s1_below_4282,s5_5_6,s1_below_2001,s3_2075_3730,s4_37_47,Passenger Car,s2_11_28,Deployed,s2_97_208,s1_below_1,Female,s2_37_80,s3_141_159,s2_164_318,s4_160_220,s2_2_4
16360,s2_885_1695,s2_n103_99,s4_n40_7,s1_below_4282,s1_below_2,s1_below_2001,s2_760_2075,s4_37_47,Passenger Car,s4_48_64,Not Deployed,s2_97_208,s1_below_1,Female,s2_37_80,s3_141_159,s2_164_318,s4_160_220,s2_2_4
16361,s2_885_1695,s2_n103_99,s4_n40_7,s1_below_4282,s1_below_2,s1_below_2001,s2_760_2075,s4_37_47,Passenger Car,s4_48_64,Deployed,s2_97_208,s1_below_1,Female,s2_37_80,s3_141_159,s2_164_318,s3_80_160,s2_2_4
16362,s2_885_1695,s2_n103_99,s4_n40_7,s1_below_4282,s1_below_2,s1_below_2001,s2_760_2075,s4_37_47,Passenger Car,s4_48_64,Not Deployed,s2_97_208,s3_2_3,Female,s6_130_up,s3_141_159,s2_164_318,s3_80_160,s2_2_4
16363,s2_885_1695,s2_n103_99,s4_n40_7,s1_below_4282,s5_5_6,s1_below_2001,s2_760_2075,s5_47_57,Passenger Car,s2_11_28,Not Deployed,s2_97_208,s2_1_2,Female,s2_37_80,s3_141_159,s2_164_318,s2_40_80,s2_2_4
16364,s2_885_1695,s2_n103_99,s4_n40_7,s1_below_4282,s4_4_5,s1_below_2001,s2_760_2075,s5_47_57,Passenger Car,s6_76_up,Not Deployed,s2_97_208,s1_below_1,Female,s2_37_80,s3_141_159,s2_164_318,s4_160_220,s2_2_4
16365,s2_885_1695,s2_n103_99,s4_n40_7,s1_below_4282,s1_below_2,s1_below_2001,s2_760_2075,s5_47_57,Passenger Car,s2_11_28,Not Deployed,s2_97_208,s1_below_1,Female,s2_37_80,s3_141_159,s2_164_318,s3_80_160,s2_2_4
16366,s3_1695_2555,s2_n103_99,s4_n40_7,s1_below_4282,s1_below_2,s2_2001_2003,s2_760_2075,s4_37_47,Truck (<=6000 lbs.),s3_28_48,Not Deployed,s2_97_208,s1_below_1,Male,s2_37_80,s3_141_159,s2_164_318,s4_160_220,s2_2_4
16367,s3_1695_2555,s2_n103_99,s4_n40_7,s1_below_4282,s1_below_2,s2_2001_2003,s2_760_2075,s4_37_47,Truck (<=10000 lbs.),s4_48_64,Deployed,s2_97_208,s1_below_1,Male,s6_130_up,s5_169_179,s3_318_464,s3_80_160,s5_6_7
16368,s5_3715_up,s2_n103_99,s4_n40_7,s1_below_4282,s1_below_2,s2_2001_2003,s3_2075_3730,s4_37_47,Truck (<=10000 lbs.),s3_28_48,Not Deployed,s2_97_208,s1_below_1,Male,s2_37_80,s5_169_179,s3_318_464,s2_40_80,s5_6_7
16369,s2_885_1695,s2_n103_99,s4_n40_7,s1_below_4282,s2_2_3,s2_2001_2003,s3_2075_3730,s4_37_47,Passenger Car,s6_76_up,Not Deployed,s2_97_208,s1_below_1,Male,s4_96_114,s3_141_159,s2_164_318,s4_160_220,s2_2_4
16370,s2_885_1695,s2_n103_99,s4_n40_7,s1_below_4282,s1_below_2,s1_below_2001,s2_760_2075,s4_37_47,Passenger Car,s2_11_28,Not Deployed,s2_97_208,s1_below_1,Male,s2_37_80,s3_141_159,s2_164_318,s3_80_160,s2_2_4
16371,s3_1695_2555,s2_n103_99,s4_n40_7,s1_below_4282,s1_below_2,s2_2001_2003,s2_760_2075,s3_17_37,Truck (<=6000 lbs.),s3_28_48,Deployed,s2_97_208,s1_below_1,Female,s2_37_80,s4_159_169,s2_164_318,s3_80_160,s3_4_5
16372,s3_1695_2555,s2_n103_99,s4_n40_7,s1_below_4282,s5_5_6,s1_below_2001,s2_760_2075,s4_37_47,Passenger Car,s5_64_76,Not Deployed,s2_97_208,s1_below_1,Female,s2_37_80,s6_179_up,s2_164_318,s4_160_220,s3_4_5
16373,s2_885_1695,s2_n103_99,s4_n40_7,s1_below_4282,s1_below_2,s1_below_2001,s2_760_2075,s4_37_47,Passenger Car,s2_11_28,Deployed,s2_97_208,s5_4_5,Female,s2_37_80,s3_141_159,s2_164_318,s3_80_160,s2_2_4
16374,s2_885_1695,s2_n103_99,s4_n40_7,s1_below_4282,s1_below_2,s1_below_2001,s2_760_2075,s3_17_37,Passenger Car,s2_11_28,Deployed,s2_97_208,s1_below_1,Female,s2_37_80,s3_141_159,s2_164_318,s3_80_160,s2_2_4
16375,s2_885_1695,s2_n103_99,s4_n40_7,s1_below_4282,s3_3_4,s1_below_2001,s2_760_2075,s3_17_37,Passenger Car,s6_76_up,Deployed,s2_97_208,s3_2_3,Male,s4_96_114,s3_141_159,s2_164_318,s4_160_220,s2_2_4
16376,s2_885_1695,s2_n103_99,s4_n40_7,s1_below_4282,s1_below_2,s1_below_2001,s2_760_2075,s4_37_47,Truck (<=6000 lbs.),s2_11_28,Not Deployed,s2_97_208,s1_below_1,Male,s2_37_80,s3_141_159,s2_164_318,s4_160_220,s2_2_4
16377,s2_885_1695,s2_n103_99,s3_n81_n40,s1_below_4282,s1_below_2,s2_2001_2003,s2_760_2075,s5_47_57,Passenger Car,s2_11_28,Deployed,s2_97_208,s1_below_1,Female,s2_37_80,s3_141_159,s2_164_318,s3_80_160,s2_2_4
16378,s3_1695_2555,s2_n103_99,s4_n40_7,s1_below_4282,s1_below_2,s1_below_2001,s2_760_2075,s4_37_47,Truck (<=6000 lbs.),s3_28_48,Deployed,s2_97_208,s1_below_1,Female,s2_37_80,s3_141_159,s2_164_318,s3_80_160,s3_4_5
16379,s3_1695_2555,s2_n103_99,s4_n40_7,s1_below_4282,s1_below_2,s1_below_2001,s2_760_2075,s4_37_47,Truck (<=6000 lbs.),s3_28_48,Deployed,s2_97_208,s1_below_1,Female,s3_80_96,s3_141_159,s2_164_318,s3_80_160,s2_2_4
16380,s2_885_1695,s2_n103_99,s4_n40_7,s1_below_4282,s2_2_3,s1_below_2001,s2_760_2075,s4_37_47,Passenger Car,s2_11_28,Deployed,s2_97_208,s1_below_1,Male,s2_37_80,s3_141_159,s2_164_318,s3_80_160,s2_2_4
16381,s2_885_1695,s2_n103_99,s3_n81_n40,s1_below_4282,s1_below_2,s1_below_2001,s2_760_2075,s4_37_47,Passenger Car,s6_76_up,Deployed,s2_97_208,s6_5_up,Female,s2_37_80,s3_141_159,s2_164_318,s3_80_160,s2_2_4
16382,s2_885_1695,s2_n103_99,s4_n40_7,s1_below_4282,s1_below_2,s1_below_2001,s2_760_2075,s3_17_37,Passenger Car,s2_11_28,Not Deployed,s2_97_208,s1_below_1,Male,s3_80_96,s3_141_159,s2_164_318,s2_40_80,s2_2_4
16383,s2_885_1695,s2_n103_99,s4_n40_7,s1_below_4282,s1_below_2,s1_below_2001,s2_760_2075,s4_37_47,Passenger Car,s4_48_64,Deployed,s2_97_208,s1_below_1,Female,s3_80_96,s3_141_159,s2_164_318,s3_80_160,s2_2_4
16384,s2_885_1695,s2_n103_99,s4_n40_7,s1_below_4282,s4_4_5,s1_below_2001,s2_760_2075,s4_37_47,Truck (<=6000 lbs.),s4_48_64,Not Deployed,s2_97_208,s1_below_1,Female,s2_37_80,s3_141_159,s2_164_318,s3_80_160,s2_2_4
16385,s2_885_1695,s2_n103_99,s4_n40_7,s1_below_4282,s1_below_2,s2_2001_2003,s2_760_2075,s4_37_47,Passenger Car,s2_11_28,Deployed,s2_97_208,s1_below_1,Male,s2_37_80,s3_141_159,s2_164_318,s3_80_160,s2_2_4
16386,s2_885_1695,s2_n103_99,s4_n40_7,s1_below_4282,s2_2_3,s2_2001_2003,s3_2075_3730,s3_17_37,Passenger Car,s3_28_48,Deployed,s2_97_208,s1_below_1,Female,s4_96_114,s3_141_159,s2_164_318,s3_80_160,s2_2_4
16387,s2_885_1695,s2_n103_99,s4_n40_7,s1_below_4282,s1_below_2,s1_below_2001,s2_760_2075,s4_37_47,Passenger Car,s4_48_64,Deployed,s2_97_208,s1_below_1,Female,s2_37_80,s3_141_159,s2_164_318,s3_80_160,s2_2_4
16388,s2_885_1695,s2_n103_99,s4_n40_7,s1_below_4282,s1_below_2,s2_2001_2003,s2_760_2075,s4_37_47,Passenger Car,s2_11_28,Not Deployed,s2_97_208,s1_below_1,Female,s2_37_80,s3_141_159,s2_164_318,s3_80_160,s2_2_4
16389,s2_885_1695,s2_n103_99,s4_n40_7,s1_below_4282,s1_below_2,s2_2001_2003,s2_760_2075,s4_37_47,Passenger Car,s4_48_64,Deployed,s2_97_208,s1_below_1,Female,s2_37_80,s3_141_159,s2_164_318,s3_80_160,s2_2_4
16390,s2_885_1695,s2_n103_99,s4_n40_7,s1_below_4282,s1_below_2,s1_below_2001,s2_760_2075,s4_37_47,Passenger Car,s3_28_48,Deployed,s2_97_208,s1_below_1,Female,s2_37_80,s3_141_159,s2_164_318,s3_80_160,s2_2_4
16391,s2_885_1695,s2_n103_99,s4_n40_7,s1_below_4282,s1_below_2,s2_2001_2003,s2_760_2075,s3_17_37,Passenger Car,s2_11_28,Not Deployed,s2_97_208,s1_below_1,Female,s2_37_80,s3_141_159,s2_164_318,s2_40_80,s2_2_4
16392,s2_885_1695,s2_n103_99,s4_n40_7,s1_below_4282,s1_below_2,s1_below_2001,s2_760_2075,s3_17_37,Passenger Car,s5_64_76,Not Deployed,s2_97_208,s1_below_1,Male,s2_37_80,s3_141_159,s2_164_318,s3_80_160,s2_2_4
16393,s2_885_1695,s2_n103_99,s4_n40_7,s1_below_4282,s1_below_2,s1_below_2001,s2_760_2075,s3_17_37,Passenger Car,s2_11_28,Not Deployed,s2_97_208,s1_below_1,Female,s2_37_80,s3_141_159,s2_164_318,s3_80_160,s2_2_4
16394,s2_885_1695,s2_n103_99,s4_n40_7,s1_below_4282,s1_below_2,s1_below_2001,s2_760_2075,s3_17_37,Passenger Car,s3_28_48,Not Deployed,s2_97_208,s1_below_1,Male,s3_80_96,s3_141_159,s2_164_318,s4_160_220,s2_2_4
16395,s2_885_1695,s2_n103_99,s4_n40_7,s1_below_4282,s1_below_2,s1_below_2001,s3_2075_3730,s4_37_47,Passenger Car,s4_48_64,Deployed,s2_97_208,s1_below_1,Female,s2_37_80,s3_141_159,s2_164_318,s3_80_160,s2_2_4
16396,s2_885_1695,s2_n103_99,s4_n40_7,s1_below_4282,s1_below_2,s1_below_2001,s2_760_2075,s3_17_37,Passenger Car,s4_48_64,Not Deployed,s2_97_208,s1_below_1,Male,s2_37_80,s3_141_159,s2_164_318,s3_80_160,s2_2_4
16397,s3_1695_2555,s2_n103_99,s4_n40_7,s1_below_4282,s1_below_2,s1_below_2001,s2_760_2075,s4_37_47,Truck (<=6000 lbs.),s3_28_48,Not Deployed,s2_97_208,s1_below_1,Female,s2_37_80,s4_159_169,s2_164_318,s3_80_160,s3_4_5
16398,s2_885_1695,s2_n103_99,s4_n40_7,s1_below_4282,s1_below_2,s2_2001_2003,s2_760_2075,s4_37_47,Passenger Car,s3_28_48,Deployed,s2_97_208,s1_below_1,Female,s2_37_80,s3_141_159,s2_164_318,s4_160_220,s2_2_4
16399,s2_885_1695,s2_n103_99,s4_n40_7,s1_below_4282,s1_below_2,s1_below_2001,s2_760_2075,s4_37_47,Passenger Car,s3_28_48,Deployed,s2_97_208,s1_below_1,Female,s2_37_80,s3_141_159,s2_164_318,s3_80_160,s2_2_4
16400,s3_1695_2555,s2_n103_99,s4_n40_7,s1_below_4282,s1_below_2,s1_below_2001,s3_2075_3730,s4_37_47,Truck (<=10000 lbs.),s4_48_64,Deployed,s2_97_208,s1_below_1,Female,s2_37_80,s3_141_159,s2_164_318,s2_40_80,s2_2_4
16401,s2_885_1695,s2_n103_99,s4_n40_7,s1_below_4282,s1_below_2,s1_below_2001,s2_760_2075,s3_17_37,Passenger Car,s2_11_28,Deployed,s2_97_208,s1_below_1,Female,s2_37_80,s3_141_159,s2_164_318,s3_80_160,s2_2_4
16402,s3_1695_2555,s2_n103_99,s4_n40_7,s1_below_4282,s1_below_2,s1_below_2001,s2_760_2075,s2_7_17,Truck (<=10000 lbs.),s3_28_48,Deployed,s2_97_208,s1_below_1,Male,s2_37_80,s5_169_179,s3_318_464,s3_80_160,s4_5_6
16403,s3_1695_2555,s2_n103_99,s4_n40_7,s1_below_4282,s1_below_2,s2_2001_2003,s2_760_2075,s3_17_37,Passenger Car,s3_28_48,Not Deployed,s2_97_208,s1_below_1,Female,s3_80_96,s4_159_169,s2_164_318,s3_80_160,s2_2_4
16404,s2_885_1695,s2_n103_99,s4_n40_7,s1_below_4282,s3_3_4,s2_2001_2003,s2_760_2075,s5_47_57,Passenger Car,s3_28_48,Deployed,s2_97_208,s1_below_1,Female,s2_37_80,s3_141_159,s2_164_318,s4_160_220,s2_2_4
16405,s2_885_1695,s2_n103_99,s4_n40_7,s1_below_4282,s1_below_2,s2_2001_2003,s2_760_2075,s5_47_57,Passenger Car,s2_11_28,Not Deployed,s2_97_208,s1_below_1,Female,s2_37_80,s3_141_159,s2_164_318,s4_160_220,s2_2_4
16406,s2_885_1695,s2_n103_99,s4_n40_7,s1_below_4282,s1_below_2,s2_2001_2003,s2_760_2075,s4_37_47,Truck (<=6000 lbs.),s3_28_48,Not Deployed,s2_97_208,s1_below_1,Female,s2_37_80,s3_141_159,s2_164_318,s4_160_220,s2_2_4
16407,s2_885_1695,s2_n103_99,s4_n40_7,s1_below_4282,s1_below_2,s1_below_2001,s2_760_2075,s4_37_47,Passenger Car,s6_76_up,Not Deployed,s2_97_208,s1_below_1,Male,s3_80_96,s3_141_159,s2_164_318,s3_80_160,s2_2_4
16408,s2_885_1695,s2_n103_99,s5_7_up,s1_below_4282,s1_below_2,s1_below_2001,s2_760_2075,s4_37_47,Passenger Car,s2_11_28,Not Deployed,s2_97_208,s1_below_1,Female,s4_96_114,s3_141_159,s2_164_318,s6_260_up,s2_2_4
16409,s2_885_1695,s2_n103_99,s4_n40_7,s1_below_4282,s1_below_2,s2_2001_2003,s2_760_2075,s4_37_47,Passenger Car,s2_11_28,Not Deployed,s2_97_208,s1_below_1,Male,s2_37_80,s3_141_159,s2_164_318,s3_80_160,s2_2_4
16410,s3_1695_2555,s2_n103_99,s5_7_up,s1_below_4282,s3_3_4,s2_2001_2003,s2_760_2075,s4_37_47,Truck (<=10000 lbs.),s3_28_48,Not Deployed,s2_97_208,s1_below_1,Female,s2_37_80,s3_141_159,s2_164_318,s6_260_up,s2_2_4
16411,s2_885_1695,s2_n103_99,s4_n40_7,s1_below_4282,s1_below_2,s1_below_2001,s2_760_2075,s3_17_37,Passenger Car,s3_28_48,Deployed,s2_97_208,s2_1_2,Female,s3_80_96,s3_141_159,s2_164_318,s4_160_220,s2_2_4
16412,s2_885_1695,s2_n103_99,s4_n40_7,s1_below_4282,s1_below_2,s2_2001_2003,s2_760_2075,s3_17_37,Passenger Car,s4_48_64,Deployed,s2_97_208,s2_1_2,Female,s2_37_80,s3_141_159,s2_164_318,s3_80_160,s2_2_4
16413,s2_885_1695,s2_n103_99,s4_n40_7,s1_below_4282,s4_4_5,s1_below_2001,s2_760_2075,s3_17_37,Passenger Car,s2_11_28,Not Deployed,s2_97_208,s1_below_1,Male,s2_37_80,s3_141_159,s2_164_318,s4_160_220,s2_2_4
16414,s2_885_1695,s2_n103_99,s4_n40_7,s1_below_4282,s1_below_2,s1_below_2001,s2_760_2075,s3_17_37,Passenger Car,s2_11_28,Not Deployed,s2_97_208,s1_below_1,Male,s4_96_114,s3_141_159,s2_164_318,s3_80_160,s2_2_4
16415,s2_885_1695,s2_n103_99,s4_n40_7,s1_below_4282,s6_6_up,s1_below_2001,s2_760_2075,s4_37_47,Passenger Car,s4_48_64,Not Deployed,s2_97_208,s1_below_1,Female,s3_80_96,s3_141_159,s2_164_318,s4_160_220,s2_2_4
16416,s2_885_1695,s2_n103_99,s4_n40_7,s1_below_4282,s2_2_3,s1_below_2001,s2_760_2075,s5_47_57,Passenger Car,s3_28_48,Deployed,s2_97_208,s1_below_1,Female,s2_37_80,s3_141_159,s2_164_318,s3_80_160,s2_2_4
16417,s3_1695_2555,s2_n103_99,s4_n40_7,s1_below_4282,s1_below_2,s1_below_2001,s2_760_2075,s3_17_37,Passenger Car,s4_48_64,Not Deployed,s1_below_97,s1_below_1,Male,s3_80_96,s4_159_169,s2_164_318,s4_160_220,s3_4_5
16418,s2_885_1695,s2_n103_99,s4_n40_7,s1_below_4282,s5_5_6,s1_below_2001,s2_760_2075,s4_37_47,Passenger Car,s2_11_28,Deployed,s2_97_208,s1_below_1,Male,s6_130_up,s3_141_159,s2_164_318,s5_220_260,s2_2_4
16419,s3_1695_2555,s2_n103_99,s4_n40_7,s1_below_4282,s1_below_2,s1_below_2001,s2_760_2075,s4_37_47,Truck (<=6000 lbs.),s3_28_48,Deployed,s2_97_208,s1_below_1,Female,s3_80_96,s4_159_169,s2_164_318,s3_80_160,s2_2_4
16420,s2_885_1695,s2_n103_99,s4_n40_7,s1_below_4282,s2_2_3,s1_below_2001,s2_760_2075,s3_17_37,Passenger Car,s2_11_28,Deployed,s2_97_208,s1_below_1,Male,s3_80_96,s3_141_159,s2_164_318,s3_80_160,s2_2_4
16421,s2_885_1695,s2_n103_99,s4_n40_7,s1_below_4282,s1_below_2,s1_below_2001,s2_760_2075,s3_17_37,Passenger Car,s2_11_28,Deployed,s2_97_208,s1_below_1,Male,s2_37_80,s3_141_159,s2_164_318,s4_160_220,s2_2_4
16422,s2_885_1695,s2_n103_99,s4_n40_7,s1_below_4282,s1_below_2,s2_2001_2003,s2_760_2075,s4_37_47,Passenger Car,s3_28_48,Deployed,s2_97_208,s1_below_1,Male,s2_37_80,s3_141_159,s2_164_318,s3_80_160,s2_2_4
16423,s2_885_1695,s2_n103_99,s4_n40_7,s1_below_4282,s1_below_2,s1_below_2001,s2_760_2075,s3_17_37,Truck (<=6000 lbs.),s2_11_28,Deployed,s2_97_208,s1_below_1,Male,s3_80_96,s3_141_159,s2_164_318,s4_160_220,s2_2_4
16424,s2_885_1695,s2_n103_99,s4_n40_7,s1_below_4282,s1_below_2,s1_below_2001,s2_760_2075,s3_17_37,Passenger Car,s3_28_48,Deployed,s2_97_208,s1_below_1,Male,s4_96_114,s3_141_159,s2_164_318,s3_80_160,s2_2_4
16425,s2_885_1695,s2_n103_99,s4_n40_7,s1_below_4282,s2_2_3,s1_below_2001,s3_2075_3730,s5_47_57,Passenger Car,s3_28_48,Deployed,s2_97_208,s3_2_3,Female,s2_37_80,s3_141_159,s2_164_318,s2_40_80,s2_2_4
16426,s2_885_1695,s2_n103_99,s4_n40_7,s1_below_4282,s1_below_2,s2_2001_2003,s3_2075_3730,s4_37_47,Passenger Car,s3_28_48,Deployed,s2_97_208,s1_below_1,Female,s3_80_96,s3_141_159,s2_164_318,s4_160_220,s2_2_4
16427,s2_885_1695,s2_n103_99,s4_n40_7,s1_below_4282,s1_below_2,s1_below_2001,s3_2075_3730,s4_37_47,Passenger Car,s3_28_48,Deployed,s2_97_208,s1_below_1,Female,s2_37_80,s3_141_159,s2_164_318,s4_160_220,s2_2_4
16428,s3_1695_2555,s2_n103_99,s4_n40_7,s1_below_4282,s3_3_4,s1_below_2001,s2_760_2075,s3_17_37,Truck (<=6000 lbs.),s3_28_48,Not Deployed,s2_97_208,s1_below_1,Male,s4_96_114,s3_141_159,s2_164_318,s4_160_220,s2_2_4
16429,s2_885_1695,s2_n103_99,s3_n81_n40,s1_below_4282,s3_3_4,s1_below_2001,s2_760_2075,s4_37_47,Passenger Car,s3_28_48,Deployed,s2_97_208,s1_below_1,Male,s4_96_114,s3_141_159,s2_164_318,s3_80_160,s2_2_4
16430,s2_885_1695,s2_n103_99,s4_n40_7,s1_below_4282,s1_below_2,s1_below_2001,s2_760_2075,s3_17_37,Passenger Car,s2_11_28,Not Deployed,s2_97_208,s1_below_1,Male,s2_37_80,s3_141_159,s2_164_318,s3_80_160,s2_2_4
16431,s2_885_1695,s2_n103_99,s4_n40_7,s1_below_4282,s1_below_2,s1_below_2001,s2_760_2075,s3_17_37,Passenger Car,s5_64_76,Not Deployed,s2_97_208,s2_1_2,Male,s2_37_80,s3_141_159,s2_164_318,s2_40_80,s2_2_4
16432,s2_885_1695,s2_n103_99,s4_n40_7,s1_below_4282,s4_4_5,s1_below_2001,s2_760_2075,s4_37_47,Passenger Car,s5_64_76,Not Deployed,s2_97_208,s1_below_1,Male,s3_80_96,s3_141_159,s2_164_318,s3_80_160,s2_2_4
16433,s2_885_1695,s2_n103_99,s4_n40_7,s1_below_4282,s1_below_2,s1_below_2001,s2_760_2075,s3_17_37,Passenger Car,s4_48_64,Not Deployed,s2_97_208,s1_below_1,Female,s3_80_96,s3_141_159,s2_164_318,s4_160_220,s2_2_4
16434,s3_1695_2555,s2_n103_99,s4_n40_7,s1_below_4282,s3_3_4,s1_below_2001,s2_760_2075,s3_17_37,Truck (<=6000 lbs.),s4_48_64,Not Deployed,s2_97_208,s1_below_1,Male,s4_96_114,s3_141_159,s2_164_318,s4_160_220,s3_4_5
16435,s2_885_1695,s2_n103_99,s5_7_up,s1_below_4282,s3_3_4,s1_below_2001,s2_760_2075,s3_17_37,Truck (<=6000 lbs.),s4_48_64,Deployed,s2_97_208,s1_below_1,Female,s2_37_80,s3_141_159,s2_164_318,s6_260_up,s2_2_4
16436,s2_885_1695,s2_n103_99,s4_n40_7,s1_below_4282,s1_below_2,s2_2001_2003,s2_760_2075,s3_17_37,Passenger Car,s4_48_64,Not Deployed,s2_97_208,s1_below_1,Male,s2_37_80,s3_141_159,s2_164_318,s3_80_160,s2_2_4
16437,s2_885_1695,s2_n103_99,s5_7_up,s1_below_4282,s1_below_2,s1_below_2001,s2_760_2075,s3_17_37,Passenger Car,s3_28_48,Not Deployed,s2_97_208,s1_below_1,Male,s2_37_80,s3_141_159,s2_164_318,s6_260_up,s2_2_4
16438,s2_885_1695,s2_n103_99,s4_n40_7,s1_below_4282,s1_below_2,s1_below_2001,s2_760_2075,s3_17_37,Passenger Car,s3_28_48,Not Deployed,s2_97_208,s1_below_1,Male,s3_80_96,s3_141_159,s2_164_318,s4_160_220,s2_2_4
16439,s2_885_1695,s2_n103_99,s3_n81_n40,s1_below_4282,s3_3_4,s1_below_2001,s2_760_2075,s4_37_47,Passenger Car,s2_11_28,Deployed,s2_97_208,s1_below_1,Female,s2_37_80,s3_141_159,s2_164_318,s3_80_160,s2_2_4
16440,s3_1695_2555,s2_n103_99,s4_n40_7,s1_below_4282,s1_below_2,s1_below_2001,s2_760_2075,s3_17_37,Truck (<=6000 lbs.),s3_28_48,Deployed,s2_97_208,s1_below_1,Male,s3_80_96,s3_141_159,s2_164_318,s3_80_160,s2_2_4
16441,s2_885_1695,s2_n103_99,s4_n40_7,s1_below_4282,s1_below_2,s2_2001_2003,s2_760_2075,s4_37_47,Passenger Car,s3_28_48,Not Deployed,s2_97_208,s1_below_1,Female,s2_37_80,s3_141_159,s2_164_318,s2_40_80,s2_2_4
16442,s3_1695_2555,s2_n103_99,s4_n40_7,s1_below_4282,s3_3_4,s2_2001_2003,s2_760_2075,s4_37_47,Truck (<=6000 lbs.),s3_28_48,Deployed,s2_97_208,s1_below_1,Male,s3_80_96,s3_141_159,s2_164_318,s3_80_160,s2_2_4
16443,s2_885_1695,s2_n103_99,s4_n40_7,s1_below_4282,s3_3_4,s1_below_2001,s2_760_2075,s4_37_47,Passenger Car,s4_48_64,Deployed,s2_97_208,s1_below_1,Female,s2_37_80,s3_141_159,s2_164_318,s3_80_160,s2_2_4
16444,s2_885_1695,s2_n103_99,s4_n40_7,s1_below_4282,s1_below_2,s2_2001_2003,s2_760_2075,s3_17_37,Passenger Car,s2_11_28,Not Deployed,s2_97_208,s1_below_1,Female,s3_80_96,s3_141_159,s2_164_318,s2_40_80,s2_2_4
16445,s4_2555_3715,s2_n103_99,s4_n40_7,s1_below_4282,s4_4_5,s2_2001_2003,s2_760_2075,s4_37_47,Truck (<=10000 lbs.),s2_11_28,Not Deployed,s2_97_208,s1_below_1,Male,s2_37_80,s3_141_159,s3_318_464,s4_160_220,s3_4_5
16446,s2_885_1695,s2_n103_99,s4_n40_7,s1_below_4282,s3_3_4,s1_below_2001,s2_760_2075,s4_37_47,Passenger Car,s3_28_48,Deployed,s2_97_208,s1_below_1,Female,s2_37_80,s3_141_159,s2_164_318,s3_80_160,s2_2_4
16447,s2_885_1695,s2_n103_99,s4_n40_7,s1_below_4282,s4_4_5,s1_below_2001,s2_760_2075,s4_37_47,Passenger Car,s2_11_28,Deployed,s2_97_208,s1_below_1,Male,s2_37_80,s3_141_159,s2_164_318,s3_80_160,s2_2_4
16448,s2_885_1695,s2_n103_99,s4_n40_7,s1_below_4282,s3_3_4,s1_below_2001,s2_760_2075,s3_17_37,Truck (<=6000 lbs.),s3_28_48,Not Deployed,s2_97_208,s1_below_1,Male,s6_130_up,s3_141_159,s2_164_318,s4_160_220,s2_2_4
16449,s2_885_1695,s2_n103_99,s4_n40_7,s1_below_4282,s1_below_2,s1_below_2001,s2_760_2075,s3_17_37,Passenger Car,s3_28_48,Deployed,s2_97_208,s1_below_1,Female,s2_37_80,s3_141_159,s2_164_318,s3_80_160,s2_2_4
16450,s2_885_1695,s2_n103_99,s4_n40_7,s1_below_4282,s1_below_2,s1_below_2001,s2_760_2075,s3_17_37,Passenger Car,s3_28_48,Not Deployed,s2_97_208,s1_below_1,Male,s3_80_96,s3_141_159,s2_164_318,s2_40_80,s2_2_4
16451,s2_885_1695,s2_n103_99,s4_n40_7,s1_below_4282,s1_below_2,s1_below_2001,s2_760_2075,s3_17_37,Passenger Car,s6_76_up,Not Deployed,s2_97_208,s1_below_1,Female,s2_37_80,s3_141_159,s2_164_318,s3_80_160,s2_2_4
16452,s2_885_1695,s2_n103_99,s4_n40_7,s1_below_4282,s3_3_4,s1_below_2001,s2_760_2075,s4_37_47,Passenger Car,s3_28_48,Not Deployed,s2_97_208,s1_below_1,Male,s3_80_96,s3_141_159,s2_164_318,s3_80_160,s2_2_4
16453,s2_885_1695,s2_n103_99,s4_n40_7,s1_below_4282,s1_below_2,s2_2001_2003,s2_760_2075,s3_17_37,Passenger Car,s2_11_28,Deployed,s2_97_208,s1_below_1,Male,s2_37_80,s3_141_159,s2_164_318,s3_80_160,s2_2_4
16454,s2_885_1695,s2_n103_99,s4_n40_7,s1_below_4282,s2_2_3,s1_below_2001,s2_760_2075,s3_17_37,Passenger Car,s2_11_28,Deployed,s2_97_208,s1_below_1,Female,s2_37_80,s3_141_159,s2_164_318,s3_80_160,s2_2_4
16455,s2_885_1695,s2_n103_99,s4_n40_7,s1_below_4282,s1_below_2,s1_below_2001,s2_760_2075,s3_17_37,Passenger Car,s4_48_64,Not Deployed,s2_97_208,s1_below_1,Female,s2_37_80,s3_141_159,s2_164_318,s3_80_160,s2_2_4
16456,s2_885_1695,s2_n103_99,s4_n40_7,s1_below_4282,s1_below_2,s1_below_2001,s2_760_2075,s3_17_37,Truck (<=6000 lbs.),s3_28_48,Not Deployed,s2_97_208,s1_below_1,Female,s2_37_80,s3_141_159,s3_318_464,s3_80_160,s2_2_4
16457,s2_885_1695,s2_n103_99,s4_n40_7,s1_below_4282,s1_below_2,s1_below_2001,s2_760_2075,s3_17_37,Passenger Car,s3_28_48,Not Deployed,s2_97_208,s1_below_1,Male,s2_37_80,s3_141_159,s2_164_318,s3_80_160,s2_2_4
16458,s2_885_1695,s2_n103_99,s4_n40_7,s1_below_4282,s2_2_3,s2_2001_2003,s2_760_2075,s5_47_57,Passenger Car,s3_28_48,Not Deployed,s2_97_208,s1_below_1,Female,s2_37_80,s3_141_159,s2_164_318,s3_80_160,s2_2_4
16459,s2_885_1695,s2_n103_99,s4_n40_7,s1_below_4282,s4_4_5,s2_2001_2003,s2_760_2075,s4_37_47,Passenger Car,s3_28_48,Deployed,s2_97_208,s1_below_1,Female,s3_80_96,s3_141_159,s2_164_318,s3_80_160,s2_2_4
16460,s3_1695_2555,s2_n103_99,s4_n40_7,s1_below_4282,s3_3_4,s1_below_2001,s2_760_2075,s4_37_47,Truck (<=6000 lbs.),s3_28_48,Not Deployed,s2_97_208,s1_below_1,Female,s3_80_96,s3_141_159,s2_164_318,s3_80_160,s2_2_4
16461,s3_1695_2555,s2_n103_99,s3_n81_n40,s1_below_4282,s1_below_2,s2_2001_2003,s2_760_2075,s3_17_37,Passenger Car,s3_28_48,Deployed,s2_97_208,s2_1_2,Male,s4_96_114,s4_159_169,s2_164_318,s3_80_160,s2_2_4
16462,s2_885_1695,s2_n103_99,s4_n40_7,s1_below_4282,s1_below_2,s2_2001_2003,s2_760_2075,s3_17_37,Passenger Car,s2_11_28,Not Deployed,s2_97_208,s1_below_1,Male,s2_37_80,s3_141_159,s2_164_318,s4_160_220,s2_2_4
16463,s2_885_1695,s2_n103_99,s4_n40_7,s1_below_4282,s2_2_3,s2_2001_2003,s2_760_2075,s3_17_37,Passenger Car,s3_28_48,Deployed,s2_97_208,s1_below_1,Male,s4_96_114,s3_141_159,s2_164_318,s3_80_160,s2_2_4
16464,s2_885_1695,s2_n103_99,s4_n40_7,s1_below_4282,s1_below_2,s1_below_2001,s2_760_2075,s3_17_37,Passenger Car,s4_48_64,Deployed,s2_97_208,s1_below_1,Female,s2_37_80,s3_141_159,s2_164_318,s3_80_160,s2_2_4
16465,s2_885_1695,s2_n103_99,s5_7_up,s1_below_4282,s3_3_4,s1_below_2001,s2_760_2075,s3_17_37,Passenger Car,s5_64_76,Not Deployed,s2_97_208,s1_below_1,Male,s3_80_96,s3_141_159,s2_164_318,s6_260_up,s2_2_4
16466,s2_885_1695,s2_n103_99,s5_7_up,s1_below_4282,s6_6_up,s1_below_2001,s2_760_2075,s4_37_47,Passenger Car,s2_11_28,Not Deployed,s2_97_208,s1_below_1,Female,s2_37_80,s3_141_159,s2_164_318,s5_220_260,s2_2_4
16467,s1_below_885,s2_n103_99,s4_n40_7,s1_below_4282,s1_below_2,s2_2001_2003,s2_760_2075,s3_17_37,Passenger Car,s6_76_up,Deployed,s2_97_208,s1_below_1,Male,s2_37_80,s3_141_159,s2_164_318,s3_80_160,s2_2_4
16468,s2_885_1695,s2_n103_99,s4_n40_7,s1_below_4282,s1_below_2,s1_below_2001,s2_760_2075,s1_below_7,Passenger Car,s4_48_64,Not Deployed,s2_97_208,s1_below_1,Female,s2_37_80,s3_141_159,s2_164_318,s3_80_160,s2_2_4
16469,s2_885_1695,s2_n103_99,s5_7_up,s1_below_4282,s1_below_2,s2_2001_2003,s2_760_2075,s3_17_37,Passenger Car,s4_48_64,Not Deployed,s2_97_208,s1_below_1,Female,s3_80_96,s3_141_159,s2_164_318,s6_260_up,s2_2_4
16470,s2_885_1695,s2_n103_99,s4_n40_7,s1_below_4282,s1_below_2,s2_2001_2003,s2_760_2075,s3_17_37,Passenger Car,s2_11_28,Not Deployed,s2_97_208,s1_below_1,Female,s2_37_80,s3_141_159,s2_164_318,s3_80_160,s2_2_4
16471,s2_885_1695,s2_n103_99,s4_n40_7,s1_below_4282,s1_below_2,s1_below_2001,s2_760_2075,s3_17_37,Truck (<=6000 lbs.),s3_28_48,Deployed,s2_97_208,s1_below_1,Male,s2_37_80,s3_141_159,s2_164_318,s3_80_160,s2_2_4
16472,s3_1695_2555,s2_n103_99,s4_n40_7,s1_below_4282,s1_below_2,s2_2001_2003,s2_760_2075,s3_17_37,Truck (<=10000 lbs.),s3_28_48,Not Deployed,s2_97_208,s1_below_1,Male,s2_37_80,s5_169_179,s3_318_464,s3_80_160,s4_5_6
16473,s2_885_1695,s2_n103_99,s4_n40_7,s1_below_4282,s2_2_3,s2_2001_2003,s2_760_2075,s3_17_37,Passenger Car,s3_28_48,Not Deployed,s2_97_208,s1_below_1,Female,s2_37_80,s3_141_159,s2_164_318,s3_80_160,s2_2_4
16474,s3_1695_2555,s2_n103_99,s4_n40_7,s1_below_4282,s1_below_2,s2_2001_2003,s2_760_2075,s3_17_37,Truck (<=6000 lbs.),s3_28_48,Not Deployed,s2_97_208,s1_below_1,Female,s2_37_80,s4_159_169,s2_164_318,s3_80_160,s2_2_4
16475,s3_1695_2555,s2_n103_99,s4_n40_7,s1_below_4282,s3_3_4,s2_2001_2003,s2_760_2075,s3_17_37,Truck (<=6000 lbs.),s3_28_48,Deployed,s2_97_208,s1_below_1,Female,s2_37_80,s4_159_169,s2_164_318,s3_80_160,s3_4_5
16476,s3_1695_2555,s2_n103_99,s4_n40_7,s1_below_4282,s3_3_4,s1_below_2001,s2_760_2075,s3_17_37,Passenger Car,s4_48_64,Not Deployed,s2_97_208,s1_below_1,Male,s6_130_up,s3_141_159,s2_164_318,s3_80_160,s2_2_4
16477,s2_885_1695,s2_n103_99,s4_n40_7,s1_below_4282,s3_3_4,s1_below_2001,s2_760_2075,s4_37_47,Passenger Car,s4_48_64,Deployed,s2_97_208,s1_below_1,Female,s2_37_80,s3_141_159,s2_164_318,s3_80_160,s2_2_4
16478,s2_885_1695,s2_n103_99,s4_n40_7,s1_below_4282,s1_below_2,s2_2001_2003,s2_760_2075,s4_37_47,Passenger Car,s2_11_28,Not Deployed,s2_97_208,s1_below_1,Female,s2_37_80,s3_141_159,s2_164_318,s3_80_160,s2_2_4
16479,s2_885_1695,s2_n103_99,s4_n40_7,s1_below_4282,s1_below_2,s2_2001_2003,s2_760_2075,s3_17_37,Passenger Car,s2_11_28,Deployed,s2_97_208,s1_below_1,Female,s2_37_80,s3_141_159,s2_164_318,s3_80_160,s2_2_4
16480,s3_1695_2555,s2_n103_99,s4_n40_7,s1_below_4282,s3_3_4,s1_below_2001,s3_2075_3730,s4_37_47,Truck (<=6000 lbs.),s3_28_48,Deployed,s2_97_208,s1_below_1,Male,s3_80_96,s3_141_159,s3_318_464,s3_80_160,s3_4_5
16481,s2_885_1695,s2_n103_99,s4_n40_7,s1_below_4282,s2_2_3,s2_2001_2003,s2_760_2075,s4_37_47,Passenger Car,s4_48_64,Deployed,s2_97_208,s1_below_1,Male,s3_80_96,s3_141_159,s2_164_318,s3_80_160,s2_2_4
16482,s3_1695_2555,s2_n103_99,s4_n40_7,s1_below_4282,s3_3_4,s1_below_2001,s3_2075_3730,s4_37_47,Passenger Car,s3_28_48,Deployed,s2_97_208,s1_below_1,Male,s3_80_96,s3_141_159,s2_164_318,s4_160_220,s2_2_4
16483,s2_885_1695,s2_n103_99,s4_n40_7,s1_below_4282,s3_3_4,s1_below_2001,s2_760_2075,s4_37_47,Passenger Car,s3_28_48,Not Deployed,s2_97_208,s1_below_1,Female,s2_37_80,s3_141_159,s2_164_318,s3_80_160,s2_2_4
16484,s4_2555_3715,s2_n103_99,s4_n40_7,s1_below_4282,s1_below_2,s1_below_2001,s2_760_2075,s5_47_57,Truck (<=10000 lbs.),s4_48_64,Deployed,s2_97_208,s1_below_1,Male,s2_37_80,s5_169_179,s3_318_464,s3_80_160,s4_5_6
16485,s2_885_1695,s2_n103_99,s4_n40_7,s1_below_4282,s3_3_4,s1_below_2001,s2_760_2075,s5_47_57,Passenger Car,s3_28_48,Not Deployed,s2_97_208,s1_below_1,Female,s2_37_80,s3_141_159,s2_164_318,s3_80_160,s2_2_4
16486,s2_885_1695,s2_n103_99,s4_n40_7,s1_below_4282,s1_below_2,s1_below_2001,s3_2075_3730,s3_17_37,Passenger Car,s2_11_28,Deployed,s2_97_208,s1_below_1,Female,s2_37_80,s3_141_159,s2_164_318,s3_80_160,s2_2_4
16487,s2_885_1695,s2_n103_99,s3_n81_n40,s1_below_4282,s3_3_4,s1_below_2001,s3_2075_3730,s5_47_57,Passenger Car,s4_48_64,Deployed,s2_97_208,s5_4_5,Male,s2_37_80,s3_141_159,s2_164_318,s3_80_160,s2_2_4
16488,s2_885_1695,s2_n103_99,s4_n40_7,s1_below_4282,s2_2_3,s1_below_2001,s2_760_2075,s1_below_7,Passenger Car,s5_64_76,Not Deployed,s2_97_208,s1_below_1,Female,s2_37_80,s3_141_159,s2_164_318,s2_40_80,s2_2_4
16489,s3_1695_2555,s2_n103_99,s4_n40_7,s1_below_4282,s2_2_3,s2_2001_2003,s2_760_2075,s3_17_37,Truck (<=6000 lbs.),s2_11_28,Not Deployed,s2_97_208,s1_below_1,Male,s2_37_80,s3_141_159,s2_164_318,s3_80_160,s2_2_4
16490,s2_885_1695,s2_n103_99,s4_n40_7,s1_below_4282,s1_below_2,s1_below_2001,s3_2075_3730,s3_17_37,Passenger Car,s3_28_48,Deployed,s2_97_208,s1_below_1,Female,s2_37_80,s3_141_159,s2_164_318,s3_80_160,s2_2_4
16491,s2_885_1695,s2_n103_99,s5_7_up,s1_below_4282,s4_4_5,s1_below_2001,s2_760_2075,s5_47_57,Passenger Car,s2_11_28,Not Deployed,s2_97_208,s1_below_1,Female,s2_37_80,s3_141_159,s2_164_318,s6_260_up,s2_2_4
16492,s2_885_1695,s2_n103_99,s4_n40_7,s1_below_4282,s3_3_4,s1_below_2001,s2_760_2075,s3_17_37,Passenger Car,s3_28_48,Deployed,s2_97_208,s1_below_1,Male,s2_37_80,s3_141_159,s2_164_318,s4_160_220,s2_2_4
16493,s2_885_1695,s2_n103_99,s4_n40_7,s1_below_4282,s4_4_5,s2_2001_2003,s2_760_2075,s4_37_47,Passenger Car,s3_28_48,Deployed,s2_97_208,s1_below_1,Female,s2_37_80,s3_141_159,s2_164_318,s3_80_160,s2_2_4
16494,s2_885_1695,s2_n103_99,s4_n40_7,s1_below_4282,s2_2_3,s1_below_2001,s2_760_2075,s5_47_57,Passenger Car,s4_48_64,Deployed,s2_97_208,s1_below_1,Male,s4_96_114,s3_141_159,s2_164_318,s2_40_80,s2_2_4
16495,s2_885_1695,s2_n103_99,s5_7_up,s1_below_4282,s1_below_2,s2_2001_2003,s2_760_2075,s5_47_57,Passenger Car,s3_28_48,Not Deployed,s2_97_208,s1_below_1,Male,s5_114_130,s3_141_159,s2_164_318,s6_260_up,s2_2_4
16496,s2_885_1695,s2_n103_99,s4_n40_7,s1_below_4282,s2_2_3,s1_below_2001,s2_760_2075,s5_47_57,Passenger Car,s4_48_64,Deployed,s2_97_208,s1_below_1,Female,s3_80_96,s3_141_159,s2_164_318,s3_80_160,s2_2_4
16497,s2_885_1695,s2_n103_99,s4_n40_7,s1_below_4282,s2_2_3,s1_below_2001,s2_760_2075,s5_47_57,Truck (<=10000 lbs.),s2_11_28,Not Deployed,s2_97_208,s1_below_1,Male,s3_80_96,s5_169_179,s3_318_464,s3_80_160,s4_5_6
16498,s2_885_1695,s2_n103_99,s4_n40_7,s1_below_4282,s4_4_5,s1_below_2001,s2_760_2075,s3_17_37,Passenger Car,s4_48_64,Not Deployed,s2_97_208,s1_below_1,Female,s3_80_96,s3_141_159,s2_164_318,s4_160_220,s2_2_4
16499,s3_1695_2555,s2_n103_99,s4_n40_7,s1_below_4282,s3_3_4,s1_below_2001,s2_760_2075,s3_17_37,Truck (<=6000 lbs.),s2_11_28,Deployed,s2_97_208,s2_1_2,Female,s3_80_96,s3_141_159,s3_318_464,s3_80_160,s3_4_5
16500,s2_885_1695,s2_n103_99,s3_n81_n40,s1_below_4282,s3_3_4,s1_below_2001,s2_760_2075,s5_47_57,Passenger Car,s3_28_48,Deployed,s2_97_208,s5_4_5,Male,s2_37_80,s3_141_159,s2_164_318,s3_80_160,s2_2_4
16501,s3_1695_2555,s2_n103_99,s5_7_up,s1_below_4282,s3_3_4,s1_below_2001,s2_760_2075,s5_47_57,Passenger Car,s3_28_48,Not Deployed,s2_97_208,s1_below_1,Male,s3_80_96,s3_141_159,s2_164_318,s6_260_up,s2_2_4
16502,s3_1695_2555,s2_n103_99,s4_n40_7,s1_below_4282,s2_2_3,s1_below_2001,s2_760_2075,s3_17_37,Truck (<=6000 lbs.),s3_28_48,Not Deployed,s2_97_208,s1_below_1,Female,s2_37_80,s3_141_159,s2_164_318,s2_40_80,s2_2_4
16503,s2_885_1695,s2_n103_99,s4_n40_7,s1_below_4282,s3_3_4,s1_below_2001,s2_760_2075,s5_47_57,Truck (<=6000 lbs.),s3_28_48,Deployed,s2_97_208,s1_below_1,Female,s2_37_80,s3_141_159,s2_164_318,s3_80_160,s2_2_4
16504,s2_885_1695,s2_n103_99,s4_n40_7,s1_below_4282,s6_6_up,s1_below_2001,s2_760_2075,s5_47_57,Passenger Car,s3_28_48,Deployed,s2_97_208,s1_below_1,Female,s3_80_96,s3_141_159,s2_164_318,s3_80_160,s2_2_4
16505,s3_1695_2555,s2_n103_99,s4_n40_7,s1_below_4282,s3_3_4,s2_2001_2003,s3_2075_3730,s4_37_47,Truck (<=10000 lbs.),s3_28_48,Deployed,s2_97_208,s1_below_1,Male,s3_80_96,s5_169_179,s3_318_464,s3_80_160,s4_5_6
16506,s4_2555_3715,s2_n103_99,s4_n40_7,s1_below_4282,s1_below_2,s1_below_2001,s2_760_2075,s4_37_47,Truck (<=10000 lbs.),s3_28_48,Deployed,s2_97_208,s1_below_1,Male,s3_80_96,s4_159_169,s3_318_464,s3_80_160,s4_5_6
16507,s4_2555_3715,s2_n103_99,s3_n81_n40,s1_below_4282,s4_4_5,s1_below_2001,s2_760_2075,s5_47_57,Truck (<=10000 lbs.),s3_28_48,Deployed,s2_97_208,s5_4_5,Male,s3_80_96,s4_159_169,s3_318_464,s3_80_160,s4_5_6
16508,s2_885_1695,s2_n103_99,s4_n40_7,s1_below_4282,s3_3_4,s1_below_2001,s2_760_2075,s5_47_57,Passenger Car,s4_48_64,Not Deployed,s2_97_208,s1_below_1,Female,s2_37_80,s3_141_159,s2_164_318,s2_40_80,s2_2_4
16509,s3_1695_2555,s2_n103_99,s4_n40_7,s1_below_4282,s2_2_3,s1_below_2001,s2_760_2075,s5_47_57,Truck (<=6000 lbs.),s2_11_28,Not Deployed,s2_97_208,s1_below_1,Female,s2_37_80,s3_141_159,s2_164_318,s3_80_160,s2_2_4
16510,s3_1695_2555,s2_n103_99,s4_n40_7,s1_below_4282,s2_2_3,s1_below_2001,s2_760_2075,s4_37_47,Truck (<=10000 lbs.),s5_64_76,Not Deployed,s2_97_208,s1_below_1,Male,s3_80_96,s4_159_169,s2_164_318,s4_160_220,s3_4_5
16511,s2_885_1695,s2_n103_99,s4_n40_7,s1_below_4282,s3_3_4,s1_below_2001,s2_760_2075,s4_37_47,Passenger Car,s4_48_64,Deployed,s2_97_208,s1_below_1,Female,s2_37_80,s3_141_159,s2_164_318,s4_160_220,s2_2_4
16512,s2_885_1695,s2_n103_99,s4_n40_7,s1_below_4282,s2_2_3,s1_below_2001,s2_760_2075,s5_47_57,Passenger Car,s4_48_64,Not Deployed,s2_97_208,s1_below_1,Female,s2_37_80,s3_141_159,s2_164_318,s4_160_220,s2_2_4
16513,s2_885_1695,s2_n103_99,s4_n40_7,s1_below_4282,s3_3_4,s2_2001_2003,s2_760_2075,s5_47_57,Passenger Car,s2_11_28,Not Deployed,s2_97_208,s1_below_1,Female,s2_37_80,s3_141_159,s2_164_318,s3_80_160,s2_2_4
16514,s3_1695_2555,s2_n103_99,s4_n40_7,s1_below_4282,s1_below_2,s1_below_2001,s2_760_2075,s3_17_37,Passenger Car,s4_48_64,Not Deployed,s2_97_208,s1_below_1,Female,s3_80_96,s3_141_159,s2_164_318,s2_40_80,s2_2_4
16515,s2_885_1695,s2_n103_99,s4_n40_7,s1_below_4282,s1_below_2,s1_below_2001,s2_760_2075,s3_17_37,Passenger Car,s3_28_48,Not Deployed,s2_97_208,s1_below_1,Female,s3_80_96,s3_141_159,s2_164_318,s3_80_160,s2_2_4
16516,s2_885_1695,s2_n103_99,s4_n40_7,s1_below_4282,s3_3_4,s1_below_2001,s2_760_2075,s3_17_37,Passenger Car,s2_11_28,Deployed,s2_97_208,s4_3_4,Female,s2_37_80,s3_141_159,s2_164_318,s3_80_160,s2_2_4
16517,s2_885_1695,s2_n103_99,s4_n40_7,s1_below_4282,s2_2_3,s1_below_2001,s2_760_2075,s3_17_37,Passenger Car,s3_28_48,Not Deployed,s2_97_208,s1_below_1,Female,s2_37_80,s3_141_159,s2_164_318,s3_80_160,s2_2_4
16518,s2_885_1695,s2_n103_99,s4_n40_7,s1_below_4282,s3_3_4,s1_below_2001,s2_760_2075,s4_37_47,Passenger Car,s2_11_28,Deployed,s2_97_208,s1_below_1,Male,s4_96_114,s3_141_159,s2_164_318,s3_80_160,s2_2_4
16519,s3_1695_2555,s2_n103_99,s4_n40_7,s1_below_4282,s1_below_2,s2_2001_2003,s2_760_2075,s5_47_57,Passenger Car,s4_48_64,Not Deployed,s2_97_208,s1_below_1,Male,s4_96_114,s3_141_159,s2_164_318,s4_160_220,s2_2_4
16520,s3_1695_2555,s2_n103_99,s4_n40_7,s1_below_4282,s4_4_5,s1_below_2001,s2_760_2075,s5_47_57,Passenger Car,s3_28_48,Deployed,s2_97_208,s1_below_1,Female,s2_37_80,s3_141_159,s2_164_318,s3_80_160,s2_2_4
16521,s2_885_1695,s2_n103_99,s5_7_up,s1_below_4282,s3_3_4,s1_below_2001,s2_760_2075,s6_57_up,Passenger Car,s3_28_48,Deployed,s2_97_208,s1_below_1,Female,s2_37_80,s3_141_159,s2_164_318,s6_260_up,s2_2_4
16522,s2_885_1695,s2_n103_99,s4_n40_7,s1_below_4282,s2_2_3,s2_2001_2003,s2_760_2075,s5_47_57,Truck (<=6000 lbs.),s4_48_64,Not Deployed,s2_97_208,s1_below_1,Male,s2_37_80,s3_141_159,s2_164_318,s3_80_160,s2_2_4
16523,s2_885_1695,s2_n103_99,s4_n40_7,s1_below_4282,s3_3_4,s1_below_2001,s2_760_2075,s5_47_57,Passenger Car,s4_48_64,Deployed,s2_97_208,s1_below_1,Male,s2_37_80,s3_141_159,s2_164_318,s3_80_160,s2_2_4
16524,s2_885_1695,s2_n103_99,s5_7_up,s1_below_4282,s4_4_5,s2_2001_2003,s3_2075_3730,s3_17_37,Passenger Car,s4_48_64,Deployed,s2_97_208,s1_below_1,Female,s2_37_80,s3_141_159,s2_164_318,s6_260_up,s2_2_4
16525,s2_885_1695,s2_n103_99,s5_7_up,s1_below_4282,s3_3_4,s1_below_2001,s2_760_2075,s5_47_57,Passenger Car,s2_11_28,Not Deployed,s2_97_208,s1_below_1,Male,s3_80_96,s3_141_159,s2_164_318,s6_260_up,s2_2_4
16526,s2_885_1695,s2_n103_99,s4_n40_7,s1_below_4282,s3_3_4,s1_below_2001,s2_760_2075,s3_17_37,Passenger Car,s3_28_48,Deployed,s2_97_208,s1_below_1,Male,s2_37_80,s3_141_159,s2_164_318,s3_80_160,s2_2_4
16527,s3_1695_2555,s2_n103_99,s4_n40_7,s1_below_4282,s5_5_6,s1_below_2001,s2_760_2075,s5_47_57,Passenger Car,s4_48_64,Not Deployed,s2_97_208,s1_below_1,Male,s4_96_114,s3_141_159,s2_164_318,s2_40_80,s2_2_4
16528,s2_885_1695,s2_n103_99,s5_7_up,s1_below_4282,s1_below_2,s1_below_2001,s2_760_2075,s5_47_57,Passenger Car,s3_28_48,Deployed,s2_97_208,s1_below_1,Female,s2_37_80,s3_141_159,s2_164_318,s6_260_up,s2_2_4
16529,s2_885_1695,s2_n103_99,s4_n40_7,s1_below_4282,s1_below_2,s1_below_2001,s3_2075_3730,s5_47_57,Truck (<=6000 lbs.),s6_76_up,Deployed,s2_97_208,s5_4_5,Male,s2_37_80,s3_141_159,s2_164_318,s1_below_40,s2_2_4
16530,s3_1695_2555,s2_n103_99,s4_n40_7,s1_below_4282,s2_2_3,s1_below_2001,s2_760_2075,s3_17_37,Truck (<=6000 lbs.),s3_28_48,Not Deployed,s2_97_208,s1_below_1,Male,s2_37_80,s3_141_159,s2_164_318,s3_80_160,s2_2_4
16531,s2_885_1695,s2_n103_99,s4_n40_7,s1_below_4282,s1_below_2,s2_2001_2003,s2_760_2075,s5_47_57,Passenger Car,s2_11_28,Not Deployed,s2_97_208,s5_4_5,Female,s2_37_80,s3_141_159,s2_164_318,s1_below_40,s2_2_4
16532,s2_885_1695,s2_n103_99,s4_n40_7,s1_below_4282,s1_below_2,s1_below_2001,s3_2075_3730,s5_47_57,Truck (<=6000 lbs.),s2_11_28,Not Deployed,s2_97_208,s1_below_1,Male,s2_37_80,s3_141_159,s3_318_464,s3_80_160,s2_2_4
16533,s3_1695_2555,s2_n103_99,s4_n40_7,s1_below_4282,s1_below_2,s1_below_2001,s2_760_2075,s4_37_47,Truck (<=6000 lbs.),s2_11_28,Deployed,s2_97_208,s1_below_1,Female,s2_37_80,s3_141_159,s2_164_318,s3_80_160,s2_2_4
16534,s3_1695_2555,s2_n103_99,s4_n40_7,s1_below_4282,s4_4_5,s1_below_2001,s2_760_2075,s3_17_37,Passenger Car,s3_28_48,Not Deployed,s2_97_208,s1_below_1,Female,s4_96_114,s4_159_169,s2_164_318,s2_40_80,s3_4_5
16535,s2_885_1695,s2_n103_99,s5_7_up,s1_below_4282,s2_2_3,s1_below_2001,s3_2075_3730,s6_57_up,Truck (<=6000 lbs.),s2_11_28,Not Deployed,s2_97_208,s1_below_1,Male,s4_96_114,s3_141_159,s2_164_318,s6_260_up,s2_2_4
16536,s2_885_1695,s2_n103_99,s4_n40_7,s1_below_4282,s2_2_3,s1_below_2001,s2_760_2075,s6_57_up,Passenger Car,s3_28_48,Not Deployed,s2_97_208,s1_below_1,Female,s2_37_80,s3_141_159,s2_164_318,s3_80_160,s2_2_4
16537,s3_1695_2555,s2_n103_99,s4_n40_7,s1_below_4282,s1_below_2,s1_below_2001,s3_2075_3730,s5_47_57,Truck (<=10000 lbs.),s3_28_48,Deployed,s2_97_208,s1_below_1,Male,s4_96_114,s5_169_179,s3_318_464,s3_80_160,s4_5_6
16538,s2_885_1695,s2_n103_99,s4_n40_7,s1_below_4282,s4_4_5,s1_below_2001,s2_760_2075,s4_37_47,Passenger Car,s2_11_28,Deployed,s2_97_208,s1_below_1,Female,s3_80_96,s3_141_159,s2_164_318,s3_80_160,s2_2_4
16539,s2_885_1695,s2_n103_99,s4_n40_7,s1_below_4282,s1_below_2,s1_below_2001,s2_760_2075,s6_57_up,Passenger Car,s3_28_48,Deployed,s2_97_208,s1_below_1,Male,s6_130_up,s3_141_159,s2_164_318,s3_80_160,s2_2_4
16540,s4_2555_3715,s2_n103_99,s4_n40_7,s1_below_4282,s1_below_2,s1_below_2001,s2_760_2075,s5_47_57,Truck (<=10000 lbs.),s3_28_48,Not Deployed,s2_97_208,s1_below_1,Male,s3_80_96,s5_169_179,s3_318_464,s6_260_up,s4_5_6
16541,s3_1695_2555,s2_n103_99,s4_n40_7,s1_below_4282,s2_2_3,s1_below_2001,s2_760_2075,s3_17_37,Truck (<=6000 lbs.),s3_28_48,Not Deployed,s2_97_208,s1_below_1,Female,s2_37_80,s3_141_159,s2_164_318,s4_160_220,s2_2_4
16542,s3_1695_2555,s2_n103_99,s4_n40_7,s1_below_4282,s2_2_3,s1_below_2001,s2_760_2075,s6_57_up,Truck (<=6000 lbs.),s3_28_48,Deployed,s2_97_208,s2_1_2,Male,s5_114_130,s3_141_159,s2_164_318,s3_80_160,s2_2_4
16543,s3_1695_2555,s2_n103_99,s4_n40_7,s1_below_4282,s3_3_4,s1_below_2001,s2_760_2075,s3_17_37,Truck (<=6000 lbs.),s3_28_48,Not Deployed,s2_97_208,s1_below_1,Female,s2_37_80,s3_141_159,s2_164_318,s2_40_80,s2_2_4
16544,s3_1695_2555,s2_n103_99,s4_n40_7,s1_below_4282,s3_3_4,s2_2001_2003,s2_760_2075,s6_57_up,Truck (<=6000 lbs.),s3_28_48,Not Deployed,s2_97_208,s1_below_1,Female,s3_80_96,s3_141_159,s2_164_318,s1_below_40,s2_2_4
16545,s2_885_1695,s2_n103_99,s5_7_up,s1_below_4282,s1_below_2,s1_below_2001,s2_760_2075,s6_57_up,Passenger Car,s3_28_48,Not Deployed,s2_97_208,s5_4_5,Female,s6_130_up,s3_141_159,s2_164_318,s6_260_up,s2_2_4
16546,s3_1695_2555,s2_n103_99,s4_n40_7,s1_below_4282,s1_below_2,s1_below_2001,s2_760_2075,s4_37_47,Truck (<=6000 lbs.),s5_64_76,Deployed,s2_97_208,s2_1_2,Male,s6_130_up,s3_141_159,s2_164_318,s4_160_220,s2_2_4
16547,s2_885_1695,s2_n103_99,s3_n81_n40,s1_below_4282,s1_below_2,s2_2001_2003,s2_760_2075,s5_47_57,Passenger Car,s6_76_up,Deployed,s2_97_208,s5_4_5,Male,s5_114_130,s3_141_159,s2_164_318,s3_80_160,s2_2_4
16548,s2_885_1695,s2_n103_99,s4_n40_7,s1_below_4282,s1_below_2,s1_below_2001,s2_760_2075,s6_57_up,Passenger Car,s2_11_28,Not Deployed,s2_97_208,s1_below_1,Male,s2_37_80,s3_141_159,s2_164_318,s3_80_160,s2_2_4
16549,s2_885_1695,s2_n103_99,s4_n40_7,s1_below_4282,s1_below_2,s2_2001_2003,s3_2075_3730,s6_57_up,Passenger Car,s3_28_48,Not Deployed,s2_97_208,s1_below_1,Male,s4_96_114,s3_141_159,s2_164_318,s6_260_up,s2_2_4
16550,s2_885_1695,s2_n103_99,s4_n40_7,s1_below_4282,s1_below_2,s1_below_2001,s2_760_2075,s5_47_57,Passenger Car,s2_11_28,Deployed,s2_97_208,s1_below_1,Female,s2_37_80,s3_141_159,s2_164_318,s3_80_160,s2_2_4
16551,s2_885_1695,s2_n103_99,s4_n40_7,s1_below_4282,s1_below_2,s1_below_2001,s2_760_2075,s6_57_up,Passenger Car,s3_28_48,Not Deployed,s2_97_208,s1_below_1,Female,s2_37_80,s3_141_159,s2_164_318,s3_80_160,s2_2_4
16552,s2_885_1695,s2_n103_99,s4_n40_7,s1_below_4282,s2_2_3,s1_below_2001,s2_760_2075,s3_17_37,Passenger Car,s3_28_48,Not Deployed,s2_97_208,s1_below_1,Female,s3_80_96,s3_141_159,s2_164_318,s3_80_160,s2_2_4
16553,s3_1695_2555,s2_n103_99,s4_n40_7,s1_below_4282,s1_below_2,s1_below_2001,s2_760_2075,s5_47_57,Truck (<=6000 lbs.),s2_11_28,Not Deployed,s2_97_208,s1_below_1,Female,s2_37_80,s4_159_169,s2_164_318,s4_160_220,s2_2_4
16554,s2_885_1695,s2_n103_99,s3_n81_n40,s1_below_4282,s4_4_5,s1_below_2001,s2_760_2075,s3_17_37,Passenger Car,s2_11_28,Deployed,s2_97_208,s3_2_3,Male,s3_80_96,s3_141_159,s2_164_318,s3_80_160,s2_2_4
16555,s2_885_1695,s2_n103_99,s4_n40_7,s1_below_4282,s3_3_4,s1_below_2001,s2_760_2075,s3_17_37,Passenger Car,s2_11_28,Deployed,s2_97_208,s1_below_1,Male,s2_37_80,s3_141_159,s2_164_318,s2_40_80,s2_2_4
16556,s2_885_1695,s2_n103_99,s5_7_up,s1_below_4282,s2_2_3,s2_2001_2003,s3_2075_3730,s6_57_up,Truck (<=6000 lbs.),s5_64_76,Not Deployed,s2_97_208,s5_4_5,Male,s2_37_80,s3_141_159,s2_164_318,s6_260_up,s2_2_4
16557,s3_1695_2555,s2_n103_99,s4_n40_7,s1_below_4282,s1_below_2,s1_below_2001,s2_760_2075,s4_37_47,Truck (<=6000 lbs.),s3_28_48,Deployed,s2_97_208,s1_below_1,Female,s5_114_130,s3_141_159,s2_164_318,s2_40_80,s2_2_4
16558,s2_885_1695,s2_n103_99,s5_7_up,s1_below_4282,s2_2_3,s1_below_2001,s2_760_2075,s4_37_47,Passenger Car,s2_11_28,Not Deployed,s2_97_208,s1_below_1,Female,s3_80_96,s3_141_159,s2_164_318,s5_220_260,s2_2_4
16559,s4_2555_3715,s2_n103_99,s4_n40_7,s1_below_4282,s1_below_2,s1_below_2001,s2_760_2075,s5_47_57,Truck (<=10000 lbs.),s3_28_48,Not Deployed,s2_97_208,s1_below_1,Male,s2_37_80,s5_169_179,s3_318_464,s3_80_160,s5_6_7
16560,s2_885_1695,s2_n103_99,s4_n40_7,s1_below_4282,s1_below_2,s1_below_2001,s2_760_2075,s5_47_57,Passenger Car,s2_11_28,Deployed,s2_97_208,s2_1_2,Female,s2_37_80,s3_141_159,s2_164_318,s4_160_220,s2_2_4
16561,s2_885_1695,s2_n103_99,s5_7_up,s1_below_4282,s2_2_3,s1_below_2001,s2_760_2075,s6_57_up,Truck (<=6000 lbs.),s3_28_48,Deployed,s2_97_208,s2_1_2,Male,s2_37_80,s3_141_159,s3_318_464,s6_260_up,s2_2_4
16562,s2_885_1695,s2_n103_99,s4_n40_7,s1_below_4282,s2_2_3,s1_below_2001,s2_760_2075,s4_37_47,Passenger Car,s2_11_28,Deployed,s2_97_208,s1_below_1,Female,s2_37_80,s3_141_159,s2_164_318,s3_80_160,s2_2_4
16563,s2_885_1695,s2_n103_99,s4_n40_7,s1_below_4282,s1_below_2,s1_below_2001,s2_760_2075,s5_47_57,Passenger Car,s4_48_64,Not Deployed,s2_97_208,s1_below_1,Female,s2_37_80,s4_159_169,s2_164_318,s4_160_220,s2_2_4
16564,s2_885_1695,s2_n103_99,s4_n40_7,s1_below_4282,s3_3_4,s1_below_2001,s2_760_2075,s4_37_47,Passenger Car,s3_28_48,Not Deployed,s2_97_208,s1_below_1,Female,s2_37_80,s3_141_159,s2_164_318,s3_80_160,s2_2_4
16565,s2_885_1695,s2_n103_99,s4_n40_7,s1_below_4282,s1_below_2,s1_below_2001,s2_760_2075,s4_37_47,Passenger Car,s3_28_48,Deployed,s2_97_208,s1_below_1,Male,s2_37_80,s3_141_159,s2_164_318,s3_80_160,s2_2_4
16566,s3_1695_2555,s2_n103_99,s4_n40_7,s1_below_4282,s4_4_5,s1_below_2001,s2_760_2075,s3_17_37,Passenger Car,s6_76_up,Deployed,s2_97_208,s1_below_1,Male,s2_37_80,s3_141_159,s2_164_318,s3_80_160,s2_2_4
16567,s2_885_1695,s2_n103_99,s4_n40_7,s1_below_4282,s4_4_5,s1_below_2001,s2_760_2075,s3_17_37,Passenger Car,s2_11_28,Deployed,s2_97_208,s1_below_1,Male,s4_96_114,s3_141_159,s2_164_318,s3_80_160,s2_2_4
16568,s2_885_1695,s2_n103_99,s5_7_up,s1_below_4282,s1_below_2,s1_below_2001,s2_760_2075,s4_37_47,Passenger Car,s4_48_64,Not Deployed,s2_97_208,s1_below_1,Female,s2_37_80,s4_159_169,s2_164_318,s6_260_up,s2_2_4
16569,s2_885_1695,s2_n103_99,s5_7_up,s1_below_4282,s3_3_4,s2_2001_2003,s2_760_2075,s3_17_37,Passenger Car,s4_48_64,Not Deployed,s2_97_208,s1_below_1,Female,s4_96_114,s3_141_159,s2_164_318,s6_260_up,s2_2_4
16570,s3_1695_2555,s2_n103_99,s5_7_up,s1_below_4282,s1_below_2,s1_below_2001,s2_760_2075,s6_57_up,Truck (<=6000 lbs.),s3_28_48,Not Deployed,s2_97_208,s1_below_1,Female,s2_37_80,s4_159_169,s2_164_318,s6_260_up,s3_4_5
16571,s3_1695_2555,s2_n103_99,s4_n40_7,s1_below_4282,s1_below_2,s1_below_2001,s2_760_2075,s5_47_57,Truck (<=6000 lbs.),s2_11_28,Deployed,s2_97_208,s1_below_1,Male,s4_96_114,s3_141_159,s2_164_318,s3_80_160,s2_2_4
16572,s2_885_1695,s2_n103_99,s4_n40_7,s1_below_4282,s2_2_3,s2_2001_2003,s2_760_2075,s3_17_37,Passenger Car,s2_11_28,Not Deployed,s2_97_208,s1_below_1,Female,s4_96_114,s3_141_159,s2_164_318,s3_80_160,s2_2_4
16573,s2_885_1695,s2_n103_99,s4_n40_7,s1_below_4282,s1_below_2,s1_below_2001,s2_760_2075,s5_47_57,Truck (<=6000 lbs.),s3_28_48,Deployed,s2_97_208,s1_below_1,Female,s2_37_80,s3_141_159,s2_164_318,s3_80_160,s2_2_4
16574,s2_885_1695,s2_n103_99,s4_n40_7,s1_below_4282,s4_4_5,s1_below_2001,s2_760_2075,s3_17_37,Passenger Car,s2_11_28,Not Deployed,s2_97_208,s1_below_1,Female,s2_37_80,s3_141_159,s2_164_318,s3_80_160,s2_2_4
16575,s2_885_1695,s2_n103_99,s4_n40_7,s1_below_4282,s1_below_2,s1_below_2001,s2_760_2075,s5_47_57,Passenger Car,s4_48_64,Deployed,s2_97_208,s2_1_2,Female,s4_96_114,s3_141_159,s2_164_318,s3_80_160,s2_2_4
16576,s3_1695_2555,s2_n103_99,s5_7_up,s1_below_4282,s3_3_4,s1_below_2001,s2_760_2075,s3_17_37,Passenger Car,s3_28_48,Not Deployed,s2_97_208,s1_below_1,Male,s3_80_96,s4_159_169,s2_164_318,s6_260_up,s2_2_4
16577,s4_2555_3715,s2_n103_99,s4_n40_7,s1_below_4282,s1_below_2,s1_below_2001,s2_760_2075,s5_47_57,Truck (<=10000 lbs.),s2_11_28,Not Deployed,s2_97_208,s1_below_1,Male,s5_114_130,s4_159_169,s3_318_464,s4_160_220,s4_5_6
16578,s3_1695_2555,s2_n103_99,s3_n81_n40,s1_below_4282,s1_below_2,s2_2001_2003,s2_760_2075,s5_47_57,Truck (<=6000 lbs.),s3_28_48,Deployed,s2_97_208,s2_1_2,Male,s2_37_80,s3_141_159,s2_164_318,s3_80_160,s2_2_4
16579,s2_885_1695,s2_n103_99,s4_n40_7,s1_below_4282,s3_3_4,s1_below_2001,s2_760_2075,s3_17_37,Passenger Car,s4_48_64,Deployed,s2_97_208,s1_below_1,Female,s3_80_96,s3_141_159,s2_164_318,s3_80_160,s2_2_4
16580,s3_1695_2555,s2_n103_99,s4_n40_7,s1_below_4282,s1_below_2,s1_below_2001,s2_760_2075,s4_37_47,Truck (<=10000 lbs.),s4_48_64,Not Deployed,s2_97_208,s1_below_1,Female,s2_37_80,s4_159_169,s2_164_318,s3_80_160,s3_4_5
16581,s2_885_1695,s2_n103_99,s4_n40_7,s1_below_4282,s4_4_5,s1_below_2001,s2_760_2075,s4_37_47,Passenger Car,s3_28_48,Not Deployed,s2_97_208,s1_below_1,Female,s2_37_80,s3_141_159,s2_164_318,s5_220_260,s2_2_4
16582,s2_885_1695,s2_n103_99,s4_n40_7,s1_below_4282,s3_3_4,s1_below_2001,s3_2075_3730,s3_17_37,Passenger Car,s3_28_48,Deployed,s2_97_208,s3_2_3,Female,s2_37_80,s3_141_159,s2_164_318,s4_160_220,s2_2_4
16583,s3_1695_2555,s2_n103_99,s4_n40_7,s1_below_4282,s3_3_4,s1_below_2001,s2_760_2075,s3_17_37,Truck (<=10000 lbs.),s3_28_48,Not Deployed,s2_97_208,s1_below_1,Female,s2_37_80,s4_159_169,s3_318_464,s2_40_80,s4_5_6
16584,s2_885_1695,s2_n103_99,s4_n40_7,s1_below_4282,s3_3_4,s1_below_2001,s2_760_2075,s3_17_37,Passenger Car,s3_28_48,Deployed,s2_97_208,s5_4_5,Female,s2_37_80,s3_141_159,s2_164_318,s3_80_160,s2_2_4
16585,s2_885_1695,s2_n103_99,s4_n40_7,s1_below_4282,s1_below_2,s1_below_2001,s2_760_2075,s3_17_37,Passenger Car,s3_28_48,Not Deployed,s2_97_208,s1_below_1,Female,s2_37_80,s3_141_159,s2_164_318,s2_40_80,s2_2_4
16586,s2_885_1695,s2_n103_99,s4_n40_7,s1_below_4282,s3_3_4,s1_below_2001,s2_760_2075,s3_17_37,Passenger Car,s3_28_48,Deployed,s2_97_208,s1_below_1,Female,s2_37_80,s3_141_159,s2_164_318,s3_80_160,s2_2_4
16587,s2_885_1695,s2_n103_99,s4_n40_7,s1_below_4282,s3_3_4,s2_2001_2003,s2_760_2075,s3_17_37,Passenger Car,s3_28_48,Deployed,s2_97_208,s1_below_1,Female,s2_37_80,s3_141_159,s2_164_318,s3_80_160,s2_2_4
16588,s3_1695_2555,s2_n103_99,s4_n40_7,s1_below_4282,s4_4_5,s1_below_2001,s2_760_2075,s4_37_47,Truck (<=6000 lbs.),s4_48_64,Not Deployed,s2_97_208,s1_below_1,Female,s2_37_80,s4_159_169,s2_164_318,s3_80_160,s2_2_4
16589,s3_1695_2555,s2_n103_99,s4_n40_7,s1_below_4282,s2_2_3,s1_below_2001,s2_760_2075,s3_17_37,Passenger Car,s4_48_64,Deployed,s2_97_208,s1_below_1,Male,s3_80_96,s3_141_159,s2_164_318,s3_80_160,s2_2_4
16590,s2_885_1695,s2_n103_99,s5_7_up,s1_below_4282,s2_2_3,s2_2001_2003,s2_760_2075,s6_57_up,Passenger Car,s2_11_28,Not Deployed,s2_97_208,s1_below_1,Female,s2_37_80,s3_141_159,s2_164_318,s6_260_up,s2_2_4
16591,s2_885_1695,s2_n103_99,s4_n40_7,s1_below_4282,s1_below_2,s1_below_2001,s2_760_2075,s3_17_37,Passenger Car,s3_28_48,Deployed,s2_97_208,s1_below_1,Female,s4_96_114,s3_141_159,s2_164_318,s3_80_160,s2_2_4
16592,s2_885_1695,s2_n103_99,s3_n81_n40,s1_below_4282,s1_below_2,s2_2001_2003,s2_760_2075,s4_37_47,Passenger Car,s3_28_48,Deployed,s2_97_208,s3_2_3,Female,s2_37_80,s3_141_159,s2_164_318,s3_80_160,s2_2_4
16593,s2_885_1695,s2_n103_99,s3_n81_n40,s1_below_4282,s4_4_5,s2_2001_2003,s2_760_2075,s3_17_37,Passenger Car,s2_11_28,Deployed,s2_97_208,s3_2_3,Male,s3_80_96,s3_141_159,s2_164_318,s3_80_160,s2_2_4
16594,s3_1695_2555,s2_n103_99,s4_n40_7,s1_below_4282,s4_4_5,s2_2001_2003,s2_760_2075,s3_17_37,Passenger Car,s2_11_28,Deployed,s2_97_208,s3_2_3,Female,s3_80_96,s3_141_159,s2_164_318,s2_40_80,s2_2_4
16595,s2_885_1695,s2_n103_99,s4_n40_7,s1_below_4282,s3_3_4,s1_below_2001,s2_760_2075,s5_47_57,Passenger Car,s6_76_up,Deployed,s2_97_208,s1_below_1,Male,s3_80_96,s3_141_159,s2_164_318,s3_80_160,s2_2_4
16596,s2_885_1695,s2_n103_99,s4_n40_7,s1_below_4282,s3_3_4,s1_below_2001,s2_760_2075,s4_37_47,Passenger Car,s4_48_64,Deployed,s2_97_208,s1_below_1,Male,s5_114_130,s3_141_159,s2_164_318,s3_80_160,s2_2_4
16597,s2_885_1695,s2_n103_99,s4_n40_7,s1_below_4282,s4_4_5,s1_below_2001,s2_760_2075,s4_37_47,Passenger Car,s3_28_48,Deployed,s2_97_208,s1_below_1,Female,s2_37_80,s3_141_159,s2_164_318,s4_160_220,s2_2_4
16598,s2_885_1695,s2_n103_99,s5_7_up,s1_below_4282,s1_below_2,s1_below_2001,s2_760_2075,s6_57_up,Truck (<=6000 lbs.),s2_11_28,Not Deployed,s2_97_208,s1_below_1,Male,s2_37_80,s2_116_141,s2_164_318,s4_160_220,s2_2_4
16599,s3_1695_2555,s2_n103_99,s4_n40_7,s1_below_4282,s1_below_2,s2_2001_2003,s2_760_2075,s3_17_37,Truck (<=10000 lbs.),s3_28_48,Not Deployed,s2_97_208,s1_below_1,Male,s2_37_80,s4_159_169,s3_318_464,s4_160_220,s4_5_6
16600,s3_1695_2555,s2_n103_99,s4_n40_7,s1_below_4282,s3_3_4,s1_below_2001,s2_760_2075,s4_37_47,Truck (<=6000 lbs.),s4_48_64,Not Deployed,s2_97_208,s1_below_1,Female,s3_80_96,s2_116_141,s2_164_318,s4_160_220,s2_2_4
16601,s3_1695_2555,s2_n103_99,s4_n40_7,s1_below_4282,s2_2_3,s1_below_2001,s2_760_2075,s6_57_up,Truck (<=10000 lbs.),s3_28_48,Not Deployed,s2_97_208,s1_below_1,Male,s5_114_130,s4_159_169,s3_318_464,s3_80_160,s4_5_6
16602,s3_1695_2555,s2_n103_99,s4_n40_7,s1_below_4282,s4_4_5,s1_below_2001,s2_760_2075,s4_37_47,Truck (<=10000 lbs.),s2_11_28,Deployed,s2_97_208,s1_below_1,Female,s2_37_80,s3_141_159,s2_164_318,s3_80_160,s2_2_4
16603,s2_885_1695,s2_n103_99,s4_n40_7,s1_below_4282,s2_2_3,s1_below_2001,s2_760_2075,s6_57_up,Passenger Car,s2_11_28,Deployed,s2_97_208,s1_below_1,Male,s2_37_80,s3_141_159,s2_164_318,s3_80_160,s2_2_4
16604,s3_1695_2555,s2_n103_99,s4_n40_7,s1_below_4282,s3_3_4,s1_below_2001,s2_760_2075,s3_17_37,Truck (<=6000 lbs.),s4_48_64,Deployed,s2_97_208,s4_3_4,Male,s2_37_80,s2_116_141,s2_164_318,s3_80_160,s2_2_4
16605,s3_1695_2555,s2_n103_99,s4_n40_7,s1_below_4282,s3_3_4,s1_below_2001,s2_760_2075,s3_17_37,Truck (<=6000 lbs.),s3_28_48,Not Deployed,s2_97_208,s1_below_1,Female,s2_37_80,s3_141_159,s2_164_318,s4_160_220,s2_2_4
16606,s2_885_1695,s2_n103_99,s4_n40_7,s1_below_4282,s2_2_3,s2_2001_2003,s2_760_2075,s6_57_up,Truck (<=6000 lbs.),s3_28_48,Not Deployed,s2_97_208,s1_below_1,Female,s2_37_80,s4_159_169,s2_164_318,s3_80_160,s3_4_5
16607,s3_1695_2555,s2_n103_99,s4_n40_7,s1_below_4282,s3_3_4,s1_below_2001,s2_760_2075,s6_57_up,Truck (<=10000 lbs.),s5_64_76,Not Deployed,s2_97_208,s1_below_1,Male,s4_96_114,s4_159_169,s3_318_464,s3_80_160,s4_5_6
16608,s2_885_1695,s2_n103_99,s4_n40_7,s1_below_4282,s1_below_2,s2_2001_2003,s2_760_2075,s5_47_57,Passenger Car,s4_48_64,Deployed,s2_97_208,s1_below_1,Male,s3_80_96,s3_141_159,s2_164_318,s3_80_160,s2_2_4
16609,s3_1695_2555,s2_n103_99,s5_7_up,s1_below_4282,s4_4_5,s2_2001_2003,s3_2075_3730,s4_37_47,Truck (<=6000 lbs.),s4_48_64,Not Deployed,s2_97_208,s1_below_1,Female,s3_80_96,s3_141_159,s2_164_318,s6_260_up,s2_2_4
16610,s2_885_1695,s2_n103_99,s4_n40_7,s1_below_4282,s1_below_2,s2_2001_2003,s2_760_2075,s4_37_47,Passenger Car,s2_11_28,Not Deployed,s2_97_208,s1_below_1,Female,s3_80_96,s3_141_159,s2_164_318,s3_80_160,s2_2_4
16611,s3_1695_2555,s2_n103_99,s5_7_up,s1_below_4282,s1_below_2,s1_below_2001,s3_2075_3730,s4_37_47,Truck (<=6000 lbs.),s5_64_76,Not Deployed,s2_97_208,s5_4_5,Female,s2_37_80,s3_141_159,s2_164_318,s6_260_up,s3_4_5
16612,s2_885_1695,s2_n103_99,s4_n40_7,s1_below_4282,s2_2_3,s1_below_2001,s2_760_2075,s4_37_47,Passenger Car,s2_11_28,Not Deployed,s2_97_208,s1_below_1,Male,s3_80_96,s3_141_159,s2_164_318,s3_80_160,s2_2_4
16613,s2_885_1695,s2_n103_99,s4_n40_7,s1_below_4282,s1_below_2,s1_below_2001,s2_760_2075,s4_37_47,Passenger Car,s3_28_48,Not Deployed,s2_97_208,s1_below_1,Male,s2_37_80,s3_141_159,s2_164_318,s3_80_160,s2_2_4
16614,s2_885_1695,s2_n103_99,s4_n40_7,s1_below_4282,s1_below_2,s2_2001_2003,s2_760_2075,s5_47_57,Passenger Car,s2_11_28,Deployed,s2_97_208,s1_below_1,Male,s2_37_80,s3_141_159,s2_164_318,s3_80_160,s2_2_4
16615,s3_1695_2555,s2_n103_99,s4_n40_7,s1_below_4282,s4_4_5,s2_2001_2003,s2_760_2075,s5_47_57,Passenger Car,s5_64_76,Not Deployed,s2_97_208,s2_1_2,Male,s2_37_80,s3_141_159,s2_164_318,s3_80_160,s2_2_4
16616,s2_885_1695,s2_n103_99,s4_n40_7,s1_below_4282,s4_4_5,s2_2001_2003,s3_2075_3730,s4_37_47,Passenger Car,s4_48_64,Deployed,s2_97_208,s1_below_1,Female,s2_37_80,s3_141_159,s2_164_318,s3_80_160,s2_2_4
16617,s3_1695_2555,s2_n103_99,s4_n40_7,s1_below_4282,s3_3_4,s2_2001_2003,s2_760_2075,s3_17_37,Truck (<=6000 lbs.),s3_28_48,Not Deployed,s2_97_208,s1_below_1,Female,s2_37_80,s3_141_159,s2_164_318,s3_80_160,s2_2_4
16618,s3_1695_2555,s2_n103_99,s4_n40_7,s1_below_4282,s4_4_5,s2_2001_2003,s3_2075_3730,s4_37_47,Truck (<=10000 lbs.),s5_64_76,Not Deployed,s2_97_208,s1_below_1,Male,s3_80_96,s4_159_169,s3_318_464,s4_160_220,s4_5_6
16619,s3_1695_2555,s2_n103_99,s3_n81_n40,s1_below_4282,s3_3_4,s1_below_2001,s2_760_2075,s4_37_47,Truck (<=6000 lbs.),s4_48_64,Deployed,s2_97_208,s3_2_3,Male,s3_80_96,s4_159_169,s2_164_318,s3_80_160,s3_4_5
16620,s3_1695_2555,s2_n103_99,s4_n40_7,s1_below_4282,s3_3_4,s2_2001_2003,s3_2075_3730,s3_17_37,Truck (<=6000 lbs.),s5_64_76,Deployed,s2_97_208,s1_below_1,Female,s4_96_114,s3_141_159,s2_164_318,s4_160_220,s2_2_4
16621,s2_885_1695,s2_n103_99,s4_n40_7,s1_below_4282,s1_below_2,s1_below_2001,s2_760_2075,s5_47_57,Passenger Car,s3_28_48,Not Deployed,s2_97_208,s1_below_1,Female,s2_37_80,s3_141_159,s2_164_318,s3_80_160,s2_2_4
16622,s2_885_1695,s2_n103_99,s3_n81_n40,s1_below_4282,s1_below_2,s1_below_2001,s2_760_2075,s5_47_57,Passenger Car,s2_11_28,Deployed,s2_97_208,s5_4_5,Female,s2_37_80,s3_141_159,s2_164_318,s2_40_80,s2_2_4
16623,s2_885_1695,s2_n103_99,s4_n40_7,s1_below_4282,s3_3_4,s1_below_2001,s2_760_2075,s4_37_47,Passenger Car,s3_28_48,Not Deployed,s2_97_208,s1_below_1,Male,s2_37_80,s3_141_159,s2_164_318,s4_160_220,s2_2_4
16624,s2_885_1695,s2_n103_99,s4_n40_7,s1_below_4282,s2_2_3,s1_below_2001,s3_2075_3730,s6_57_up,Truck (<=6000 lbs.),s3_28_48,Deployed,s2_97_208,s1_below_1,Male,s2_37_80,s2_116_141,s2_164_318,s3_80_160,s2_2_4
16625,s2_885_1695,s2_n103_99,s4_n40_7,s1_below_4282,s1_below_2,s1_below_2001,s2_760_2075,s5_47_57,Passenger Car,s3_28_48,Deployed,s2_97_208,s1_below_1,Female,s2_37_80,s3_141_159,s2_164_318,s3_80_160,s2_2_4
16626,s3_1695_2555,s2_n103_99,s4_n40_7,s1_below_4282,s4_4_5,s2_2001_2003,s3_2075_3730,s4_37_47,Truck (<=6000 lbs.),s3_28_48,Deployed,s2_97_208,s1_below_1,Male,s3_80_96,s4_159_169,s2_164_318,s3_80_160,s3_4_5
16627,s2_885_1695,s2_n103_99,s5_7_up,s1_below_4282,s2_2_3,s2_2001_2003,s2_760_2075,s3_17_37,Passenger Car,s4_48_64,Not Deployed,s2_97_208,s1_below_1,Female,s2_37_80,s3_141_159,s2_164_318,s6_260_up,s2_2_4
16628,s2_885_1695,s2_n103_99,s3_n81_n40,s1_below_4282,s1_below_2,s1_below_2001,s2_760_2075,s5_47_57,Passenger Car,s4_48_64,Deployed,s2_97_208,s5_4_5,Male,s3_80_96,s3_141_159,s2_164_318,s3_80_160,s2_2_4
16629,s2_885_1695,s2_n103_99,s4_n40_7,s1_below_4282,s4_4_5,s2_2001_2003,s2_760_2075,s4_37_47,Passenger Car,s3_28_48,Deployed,s2_97_208,s3_2_3,Male,s4_96_114,s3_141_159,s2_164_318,s3_80_160,s2_2_4
16630,s2_885_1695,s2_n103_99,s4_n40_7,s1_below_4282,s1_below_2,s1_below_2001,s2_760_2075,s5_47_57,Passenger Car,s5_64_76,Deployed,s2_97_208,s1_below_1,Female,s2_37_80,s3_141_159,s2_164_318,s2_40_80,s2_2_4
16631,s3_1695_2555,s2_n103_99,s4_n40_7,s1_below_4282,s1_below_2,s1_below_2001,s3_2075_3730,s5_47_57,Truck (<=10000 lbs.),s3_28_48,Not Deployed,s2_97_208,s1_below_1,Male,s4_96_114,s4_159_169,s2_164_318,s3_80_160,s3_4_5
16632,s3_1695_2555,s2_n103_99,s4_n40_7,s1_below_4282,s1_below_2,s1_below_2001,s2_760_2075,s5_47_57,Truck (<=6000 lbs.),s2_11_28,Not Deployed,s2_97_208,s1_below_1,Male,s2_37_80,s3_141_159,s2_164_318,s3_80_160,s2_2_4
16633,s2_885_1695,s2_n103_99,s4_n40_7,s1_below_4282,s1_below_2,s1_below_2001,s2_760_2075,s3_17_37,Passenger Car,s3_28_48,Not Deployed,s2_97_208,s1_below_1,Female,s2_37_80,s3_141_159,s2_164_318,s3_80_160,s2_2_4
16634,s2_885_1695,s2_n103_99,s4_n40_7,s1_below_4282,s3_3_4,s1_below_2001,s2_760_2075,s3_17_37,Passenger Car,s3_28_48,Deployed,s2_97_208,s1_below_1,Female,s2_37_80,s3_141_159,s2_164_318,s3_80_160,s2_2_4
16635,s2_885_1695,s2_n103_99,s4_n40_7,s1_below_4282,s3_3_4,s1_below_2001,s3_2075_3730,s4_37_47,Passenger Car,s2_11_28,Not Deployed,s2_97_208,s3_2_3,Female,s2_37_80,s3_141_159,s2_164_318,s2_40_80,s2_2_4
16636,s2_885_1695,s2_n103_99,s4_n40_7,s1_below_4282,s2_2_3,s2_2001_2003,s2_760_2075,s3_17_37,Passenger Car,s2_11_28,Deployed,s2_97_208,s1_below_1,Male,s3_80_96,s3_141_159,s2_164_318,s3_80_160,s2_2_4
16637,s2_885_1695,s2_n103_99,s4_n40_7,s1_below_4282,s2_2_3,s1_below_2001,s2_760_2075,s3_17_37,Passenger Car,s3_28_48,Not Deployed,s2_97_208,s1_below_1,Male,s2_37_80,s3_141_159,s2_164_318,s2_40_80,s2_2_4
16638,s2_885_1695,s2_n103_99,s4_n40_7,s1_below_4282,s2_2_3,s1_below_2001,s2_760_2075,s4_37_47,Truck (<=6000 lbs.),s2_11_28,Not Deployed,s2_97_208,s1_below_1,Male,s3_80_96,s3_141_159,s2_164_318,s2_40_80,s2_2_4
16639,s3_1695_2555,s2_n103_99,s4_n40_7,s1_below_4282,s2_2_3,s1_below_2001,s2_760_2075,s3_17_37,Truck (<=6000 lbs.),s6_76_up,Not Deployed,s2_97_208,s1_below_1,Male,s2_37_80,s4_159_169,s3_318_464,s2_40_80,s4_5_6
16640,s3_1695_2555,s2_n103_99,s4_n40_7,s1_below_4282,s1_below_2,s1_below_2001,s2_760_2075,s3_17_37,Truck (<=6000 lbs.),s4_48_64,Not Deployed,s2_97_208,s1_below_1,Male,s2_37_80,s3_141_159,s2_164_318,s3_80_160,s2_2_4
16641,s3_1695_2555,s2_n103_99,s4_n40_7,s1_below_4282,s4_4_5,s1_below_2001,s2_760_2075,s4_37_47,Truck (<=6000 lbs.),s4_48_64,Deployed,s2_97_208,s1_below_1,Female,s2_37_80,s4_159_169,s2_164_318,s3_80_160,s3_4_5
16642,s3_1695_2555,s2_n103_99,s4_n40_7,s1_below_4282,s1_below_2,s1_below_2001,s2_760_2075,s5_47_57,Truck (<=10000 lbs.),s4_48_64,Deployed,s2_97_208,s1_below_1,Male,s3_80_96,s5_169_179,s3_318_464,s3_80_160,s4_5_6
16643,s4_2555_3715,s2_n103_99,s4_n40_7,s1_below_4282,s1_below_2,s2_2001_2003,s2_760_2075,s5_47_57,Truck (<=10000 lbs.),s3_28_48,Not Deployed,s2_97_208,s1_below_1,Male,s3_80_96,s5_169_179,s3_318_464,s3_80_160,s6_7_up
16644,s3_1695_2555,s2_n103_99,s5_7_up,s1_below_4282,s2_2_3,s1_below_2001,s2_760_2075,s6_57_up,Truck (<=6000 lbs.),s3_28_48,Not Deployed,s2_97_208,s1_below_1,Male,s3_80_96,s4_159_169,s2_164_318,s6_260_up,s3_4_5
16645,s2_885_1695,s2_n103_99,s4_n40_7,s1_below_4282,s1_below_2,s2_2001_2003,s2_760_2075,s4_37_47,Passenger Car,s3_28_48,Deployed,s2_97_208,s1_below_1,Female,s2_37_80,s3_141_159,s2_164_318,s3_80_160,s2_2_4
16646,s2_885_1695,s2_n103_99,s4_n40_7,s1_below_4282,s1_below_2,s1_below_2001,s2_760_2075,s5_47_57,Passenger Car,s2_11_28,Not Deployed,s2_97_208,s1_below_1,Female,s2_37_80,s3_141_159,s2_164_318,s3_80_160,s2_2_4
16647,s3_1695_2555,s2_n103_99,s4_n40_7,s1_below_4282,s3_3_4,s2_2001_2003,s2_760_2075,s3_17_37,Passenger Car,s3_28_48,Deployed,s2_97_208,s1_below_1,Male,s2_37_80,s3_141_159,s2_164_318,s3_80_160,s2_2_4
16648,s2_885_1695,s2_n103_99,s4_n40_7,s1_below_4282,s1_below_2,s1_below_2001,s2_760_2075,s3_17_37,Passenger Car,s2_11_28,Deployed,s2_97_208,s1_below_1,Female,s2_37_80,s3_141_159,s2_164_318,s3_80_160,s2_2_4
16649,s3_1695_2555,s2_n103_99,s4_n40_7,s1_below_4282,s4_4_5,s1_below_2001,s2_760_2075,s3_17_37,Passenger Car,s3_28_48,Not Deployed,s2_97_208,s2_1_2,Male,s3_80_96,s4_159_169,s2_164_318,s3_80_160,s2_2_4
16650,s3_1695_2555,s2_n103_99,s4_n40_7,s1_below_4282,s1_below_2,s1_below_2001,s2_760_2075,s5_47_57,Truck (<=10000 lbs.),s4_48_64,Deployed,s2_97_208,s1_below_1,Male,s2_37_80,s4_159_169,s3_318_464,s3_80_160,s4_5_6
16651,s2_885_1695,s2_n103_99,s4_n40_7,s1_below_4282,s2_2_3,s1_below_2001,s2_760_2075,s5_47_57,Passenger Car,s6_76_up,Deployed,s2_97_208,s1_below_1,Male,s2_37_80,s3_141_159,s2_164_318,s3_80_160,s2_2_4
16652,s2_885_1695,s2_n103_99,s4_n40_7,s1_below_4282,s4_4_5,s1_below_2001,s2_760_2075,s3_17_37,Passenger Car,s3_28_48,Not Deployed,s2_97_208,s1_below_1,Female,s2_37_80,s3_141_159,s2_164_318,s2_40_80,s2_2_4
16653,s2_885_1695,s2_n103_99,s4_n40_7,s1_below_4282,s1_below_2,s1_below_2001,s2_760_2075,s4_37_47,Passenger Car,s3_28_48,Deployed,s2_97_208,s1_below_1,Female,s2_37_80,s3_141_159,s2_164_318,s3_80_160,s2_2_4
16654,s2_885_1695,s2_n103_99,s4_n40_7,s1_below_4282,s1_below_2,s1_below_2001,s2_760_2075,s4_37_47,Passenger Car,s3_28_48,Deployed,s2_97_208,s1_below_1,Female,s2_37_80,s3_141_159,s2_164_318,s3_80_160,s2_2_4
16655,s2_885_1695,s2_n103_99,s4_n40_7,s1_below_4282,s3_3_4,s1_below_2001,s2_760_2075,s3_17_37,Passenger Car,s3_28_48,Deployed,s2_97_208,s1_below_1,Male,s4_96_114,s3_141_159,s2_164_318,s4_160_220,s2_2_4
16656,s3_1695_2555,s2_n103_99,s4_n40_7,s1_below_4282,s3_3_4,s2_2001_2003,s2_760_2075,s3_17_37,Truck (<=10000 lbs.),s3_28_48,Not Deployed,s2_97_208,s1_below_1,Male,s3_80_96,s4_159_169,s3_318_464,s3_80_160,s4_5_6
16657,s3_1695_2555,s2_n103_99,s4_n40_7,s1_below_4282,s3_3_4,s1_below_2001,s2_760_2075,s3_17_37,Truck (<=10000 lbs.),s2_11_28,Deployed,s2_97_208,s1_below_1,Male,s2_37_80,s4_159_169,s3_318_464,s3_80_160,s5_6_7
16658,s2_885_1695,s2_n103_99,s4_n40_7,s1_below_4282,s1_below_2,s1_below_2001,s2_760_2075,s3_17_37,Passenger Car,s5_64_76,Deployed,s2_97_208,s1_below_1,Male,s3_80_96,s3_141_159,s2_164_318,s4_160_220,s2_2_4
16659,s2_885_1695,s2_n103_99,s4_n40_7,s1_below_4282,s1_below_2,s2_2001_2003,s2_760_2075,s3_17_37,Passenger Car,s4_48_64,Not Deployed,s2_97_208,s1_below_1,Female,s2_37_80,s3_141_159,s2_164_318,s2_40_80,s2_2_4
16660,s2_885_1695,s2_n103_99,s4_n40_7,s1_below_4282,s3_3_4,s1_below_2001,s2_760_2075,s3_17_37,Passenger Car,s2_11_28,Not Deployed,s2_97_208,s1_below_1,Female,s2_37_80,s3_141_159,s2_164_318,s3_80_160,s2_2_4
16661,s2_885_1695,s2_n103_99,s4_n40_7,s1_below_4282,s2_2_3,s1_below_2001,s2_760_2075,s3_17_37,Passenger Car,s3_28_48,Deployed,s2_97_208,s1_below_1,Male,s3_80_96,s3_141_159,s2_164_318,s3_80_160,s2_2_4
16662,s2_885_1695,s2_n103_99,s4_n40_7,s1_below_4282,s1_below_2,s1_below_2001,s2_760_2075,s3_17_37,Passenger Car,s3_28_48,Not Deployed,s2_97_208,s1_below_1,Male,s2_37_80,s3_141_159,s2_164_318,s3_80_160,s2_2_4
16663,s2_885_1695,s2_n103_99,s4_n40_7,s1_below_4282,s2_2_3,s1_below_2001,s2_760_2075,s4_37_47,Passenger Car,s3_28_48,Not Deployed,s2_97_208,s1_below_1,Female,s2_37_80,s3_141_159,s2_164_318,s3_80_160,s2_2_4
16664,s2_885_1695,s2_n103_99,s4_n40_7,s1_below_4282,s4_4_5,s1_below_2001,s2_760_2075,s3_17_37,Truck (<=6000 lbs.),s3_28_48,Not Deployed,s2_97_208,s1_below_1,Male,s3_80_96,s2_116_141,s2_164_318,s4_160_220,s2_2_4
16665,s2_885_1695,s2_n103_99,s5_7_up,s1_below_4282,s3_3_4,s2_2001_2003,s2_760_2075,s4_37_47,Passenger Car,s3_28_48,Deployed,s2_97_208,s1_below_1,Male,s3_80_96,s3_141_159,s2_164_318,s6_260_up,s2_2_4
16666,s2_885_1695,s2_n103_99,s4_n40_7,s1_below_4282,s4_4_5,s1_below_2001,s2_760_2075,s3_17_37,Passenger Car,s3_28_48,Not Deployed,s2_97_208,s1_below_1,Female,s3_80_96,s3_141_159,s2_164_318,s4_160_220,s2_2_4
16667,s2_885_1695,s2_n103_99,s4_n40_7,s1_below_4282,s1_below_2,s2_2001_2003,s2_760_2075,s3_17_37,Passenger Car,s3_28_48,Not Deployed,s2_97_208,s1_below_1,Female,s2_37_80,s3_141_159,s2_164_318,s3_80_160,s2_2_4
16668,s3_1695_2555,s2_n103_99,s4_n40_7,s1_below_4282,s3_3_4,s1_below_2001,s2_760_2075,s4_37_47,Truck (<=6000 lbs.),s3_28_48,Deployed,s2_97_208,s1_below_1,Male,s3_80_96,s3_141_159,s3_318_464,s3_80_160,s2_2_4
16669,s2_885_1695,s2_n103_99,s5_7_up,s1_below_4282,s3_3_4,s2_2001_2003,s2_760_2075,s4_37_47,Passenger Car,s3_28_48,Not Deployed,s2_97_208,s1_below_1,Female,s2_37_80,s3_141_159,s2_164_318,s6_260_up,s2_2_4
16670,s2_885_1695,s2_n103_99,s4_n40_7,s1_below_4282,s4_4_5,s1_below_2001,s2_760_2075,s3_17_37,Truck (<=6000 lbs.),s3_28_48,Not Deployed,s2_97_208,s1_below_1,Male,s2_37_80,s3_141_159,s2_164_318,s4_160_220,s2_2_4
16671,s2_885_1695,s2_n103_99,s4_n40_7,s1_below_4282,s4_4_5,s1_below_2001,s2_760_2075,s3_17_37,Passenger Car,s3_28_48,Not Deployed,s2_97_208,s1_below_1,Male,s2_37_80,s3_141_159,s2_164_318,s2_40_80,s2_2_4
16672,s2_885_1695,s2_n103_99,s4_n40_7,s1_below_4282,s3_3_4,s1_below_2001,s2_760_2075,s3_17_37,Truck (<=6000 lbs.),s3_28_48,Deployed,s2_97_208,s1_below_1,Female,s2_37_80,s3_141_159,s3_318_464,s3_80_160,s2_2_4
16673,s2_885_1695,s2_n103_99,s4_n40_7,s1_below_4282,s4_4_5,s2_2001_2003,s2_760_2075,s3_17_37,Passenger Car,s2_11_28,Deployed,s2_97_208,s1_below_1,Female,s2_37_80,s4_159_169,s2_164_318,s3_80_160,s2_2_4
16674,s3_1695_2555,s2_n103_99,s4_n40_7,s1_below_4282,s1_below_2,s1_below_2001,s2_760_2075,s3_17_37,Truck (<=10000 lbs.),s3_28_48,Not Deployed,s2_97_208,s1_below_1,Male,s4_96_114,s4_159_169,s3_318_464,s3_80_160,s5_6_7
16675,s2_885_1695,s2_n103_99,s4_n40_7,s1_below_4282,s6_6_up,s1_below_2001,s2_760_2075,s3_17_37,Passenger Car,s3_28_48,Deployed,s2_97_208,s1_below_1,Male,s3_80_96,s3_141_159,s2_164_318,s3_80_160,s2_2_4
16676,s2_885_1695,s2_n103_99,s4_n40_7,s1_below_4282,s6_6_up,s2_2001_2003,s2_760_2075,s3_17_37,Passenger Car,s3_28_48,Not Deployed,s2_97_208,s1_below_1,Female,s2_37_80,s3_141_159,s2_164_318,s4_160_220,s2_2_4
16677,s3_1695_2555,s2_n103_99,s4_n40_7,s1_below_4282,s2_2_3,s2_2001_2003,s2_760_2075,s3_17_37,Truck (<=10000 lbs.),s3_28_48,Not Deployed,s2_97_208,s2_1_2,Male,s2_37_80,s5_169_179,s3_318_464,s2_40_80,s4_5_6
16678,s2_885_1695,s2_n103_99,s4_n40_7,s1_below_4282,s4_4_5,s1_below_2001,s2_760_2075,s3_17_37,Passenger Car,s3_28_48,Deployed,s2_97_208,s1_below_1,Male,s5_114_130,s3_141_159,s2_164_318,s4_160_220,s2_2_4
16679,s3_1695_2555,s2_n103_99,s4_n40_7,s1_below_4282,s3_3_4,s2_2001_2003,s2_760_2075,s3_17_37,Truck (<=10000 lbs.),s3_28_48,Deployed,s2_97_208,s1_below_1,Female,s2_37_80,s4_159_169,s2_164_318,s3_80_160,s3_4_5
16680,s3_1695_2555,s2_n103_99,s4_n40_7,s1_below_4282,s6_6_up,s2_2001_2003,s2_760_2075,s4_37_47,Truck (<=6000 lbs.),s2_11_28,Deployed,s2_97_208,s1_below_1,Male,s3_80_96,s3_141_159,s2_164_318,s3_80_160,s2_2_4
16681,s2_885_1695,s2_n103_99,s3_n81_n40,s1_below_4282,s2_2_3,s1_below_2001,s2_760_2075,s3_17_37,Truck (<=6000 lbs.),s3_28_48,Deployed,s2_97_208,s1_below_1,Male,s2_37_80,s3_141_159,s3_318_464,s2_40_80,s2_2_4
16682,s2_885_1695,s2_n103_99,s5_7_up,s1_below_4282,s6_6_up,s2_2001_2003,s2_760_2075,s3_17_37,Passenger Car,s3_28_48,Not Deployed,s2_97_208,s1_below_1,Female,s2_37_80,s3_141_159,s2_164_318,s6_260_up,s2_2_4
16683,s2_885_1695,s2_n103_99,s4_n40_7,s1_below_4282,s3_3_4,s1_below_2001,s2_760_2075,s3_17_37,Passenger Car,s2_11_28,Deployed,s2_97_208,s3_2_3,Male,s3_80_96,s3_141_159,s2_164_318,s2_40_80,s2_2_4
16684,s2_885_1695,s2_n103_99,s4_n40_7,s1_below_4282,s5_5_6,s1_below_2001,s2_760_2075,s4_37_47,Passenger Car,s3_28_48,Deployed,s2_97_208,s1_below_1,Female,s3_80_96,s3_141_159,s2_164_318,s3_80_160,s2_2_4
16685,s2_885_1695,s2_n103_99,s4_n40_7,s1_below_4282,s5_5_6,s2_2001_2003,s2_760_2075,s4_37_47,Passenger Car,s4_48_64,Not Deployed,s2_97_208,s1_below_1,Male,s4_96_114,s3_141_159,s2_164_318,s3_80_160,s2_2_4
16686,s2_885_1695,s2_n103_99,s5_7_up,s1_below_4282,s6_6_up,s1_below_2001,s2_760_2075,s4_37_47,Passenger Car,s2_11_28,Not Deployed,s2_97_208,s1_below_1,Male,s6_130_up,s3_141_159,s2_164_318,s6_260_up,s2_2_4
16687,s3_1695_2555,s2_n103_99,s4_n40_7,s1_below_4282,s5_5_6,s1_below_2001,s2_760_2075,s4_37_47,Truck (<=10000 lbs.),s2_11_28,Deployed,s2_97_208,s2_1_2,Male,s4_96_114,s5_169_179,s3_318_464,s3_80_160,s5_6_7
16688,s2_885_1695,s2_n103_99,s4_n40_7,s1_below_4282,s1_below_2,s1_below_2001,s2_760_2075,s4_37_47,Passenger Car,s3_28_48,Deployed,s2_97_208,s1_below_1,Female,s4_96_114,s3_141_159,s2_164_318,s3_80_160,s2_2_4
16689,s2_885_1695,s2_n103_99,s4_n40_7,s1_below_4282,s1_below_2,s1_below_2001,s2_760_2075,s3_17_37,Passenger Car,s2_11_28,Deployed,s2_97_208,s1_below_1,Female,s2_37_80,s3_141_159,s2_164_318,s4_160_220,s2_2_4
16690,s3_1695_2555,s2_n103_99,s4_n40_7,s1_below_4282,s4_4_5,s2_2001_2003,s2_760_2075,s6_57_up,Passenger Car,s5_64_76,Not Deployed,s2_97_208,s1_below_1,Male,s3_80_96,s3_141_159,s2_164_318,s4_160_220,s2_2_4
16691,s2_885_1695,s2_n103_99,s4_n40_7,s1_below_4282,s6_6_up,s1_below_2001,s2_760_2075,s3_17_37,Passenger Car,s4_48_64,Not Deployed,s2_97_208,s1_below_1,Male,s2_37_80,s3_141_159,s2_164_318,s3_80_160,s2_2_4
16692,s2_885_1695,s2_n103_99,s4_n40_7,s1_below_4282,s4_4_5,s2_2001_2003,s2_760_2075,s3_17_37,Passenger Car,s4_48_64,Not Deployed,s2_97_208,s1_below_1,Female,s2_37_80,s3_141_159,s2_164_318,s4_160_220,s2_2_4
16693,s2_885_1695,s2_n103_99,s4_n40_7,s1_below_4282,s1_below_2,s1_below_2001,s2_760_2075,s3_17_37,Passenger Car,s3_28_48,Not Deployed,s2_97_208,s1_below_1,Female,s6_130_up,s3_141_159,s2_164_318,s3_80_160,s2_2_4
16694,s2_885_1695,s2_n103_99,s4_n40_7,s1_below_4282,s5_5_6,s2_2001_2003,s2_760_2075,s6_57_up,Passenger Car,s3_28_48,Deployed,s2_97_208,s1_below_1,Female,s2_37_80,s3_141_159,s2_164_318,s3_80_160,s2_2_4
16695,s2_885_1695,s2_n103_99,s5_7_up,s1_below_4282,s3_3_4,s2_2001_2003,s2_760_2075,s4_37_47,Passenger Car,s4_48_64,Not Deployed,s2_97_208,s1_below_1,Female,s2_37_80,s3_141_159,s2_164_318,s4_160_220,s2_2_4
16696,s2_885_1695,s2_n103_99,s4_n40_7,s1_below_4282,s5_5_6,s1_below_2001,s2_760_2075,s4_37_47,Passenger Car,s2_11_28,Deployed,s2_97_208,s1_below_1,Male,s3_80_96,s3_141_159,s2_164_318,s3_80_160,s2_2_4
16697,s2_885_1695,s2_n103_99,s4_n40_7,s1_below_4282,s1_below_2,s1_below_2001,s3_2075_3730,s4_37_47,Passenger Car,s2_11_28,Not Deployed,s2_97_208,s2_1_2,Female,s2_37_80,s3_141_159,s2_164_318,s2_40_80,s2_2_4
16698,s2_885_1695,s2_n103_99,s4_n40_7,s1_below_4282,s1_below_2,s1_below_2001,s2_760_2075,s3_17_37,Passenger Car,s3_28_48,Deployed,s2_97_208,s1_below_1,Female,s3_80_96,s3_141_159,s2_164_318,s4_160_220,s2_2_4
16699,s2_885_1695,s2_n103_99,s4_n40_7,s1_below_4282,s5_5_6,s2_2001_2003,s2_760_2075,s3_17_37,Truck (<=6000 lbs.),s2_11_28,Not Deployed,s2_97_208,s2_1_2,Male,s3_80_96,s3_141_159,s2_164_318,s4_160_220,s2_2_4
16700,s3_1695_2555,s2_n103_99,s4_n40_7,s1_below_4282,s6_6_up,s2_2001_2003,s3_2075_3730,s4_37_47,Truck (<=10000 lbs.),s2_11_28,Not Deployed,s2_97_208,s1_below_1,Male,s3_80_96,s4_159_169,s2_164_318,s4_160_220,s3_4_5
16701,s2_885_1695,s2_n103_99,s4_n40_7,s1_below_4282,s4_4_5,s1_below_2001,s2_760_2075,s4_37_47,Passenger Car,s4_48_64,Not Deployed,s2_97_208,s1_below_1,Female,s3_80_96,s3_141_159,s2_164_318,s3_80_160,s2_2_4
16702,s2_885_1695,s2_n103_99,s4_n40_7,s1_below_4282,s4_4_5,s1_below_2001,s2_760_2075,s6_57_up,Passenger Car,s2_11_28,Deployed,s2_97_208,s1_below_1,Male,s3_80_96,s3_141_159,s2_164_318,s4_160_220,s2_2_4
16703,s3_1695_2555,s2_n103_99,s4_n40_7,s1_below_4282,s3_3_4,s1_below_2001,s2_760_2075,s3_17_37,Truck (<=10000 lbs.),s2_11_28,Not Deployed,s2_97_208,s1_below_1,Female,s2_37_80,s3_141_159,s3_318_464,s4_160_220,s3_4_5
16704,s3_1695_2555,s2_n103_99,s4_n40_7,s1_below_4282,s4_4_5,s1_below_2001,s2_760_2075,s3_17_37,Truck (<=10000 lbs.),s3_28_48,Deployed,s2_97_208,s2_1_2,Male,s2_37_80,s4_159_169,s2_164_318,s4_160_220,s3_4_5
16705,s2_885_1695,s2_n103_99,s4_n40_7,s1_below_4282,s4_4_5,s1_below_2001,s2_760_2075,s3_17_37,Truck (<=6000 lbs.),s2_11_28,Deployed,s2_97_208,s1_below_1,Male,s2_37_80,s4_159_169,s2_164_318,s2_40_80,s2_2_4
16706,s2_885_1695,s2_n103_99,s4_n40_7,s1_below_4282,s1_below_2,s1_below_2001,s3_2075_3730,s3_17_37,Passenger Car,s5_64_76,Not Deployed,s2_97_208,s1_below_1,Male,s3_80_96,s3_141_159,s2_164_318,s2_40_80,s2_2_4
16707,s2_885_1695,s2_n103_99,s4_n40_7,s1_below_4282,s6_6_up,s2_2001_2003,s3_2075_3730,s4_37_47,Passenger Car,s3_28_48,Deployed,s2_97_208,s1_below_1,Male,s2_37_80,s3_141_159,s2_164_318,s3_80_160,s2_2_4
16708,s3_1695_2555,s2_n103_99,s3_n81_n40,s1_below_4282,s6_6_up,s2_2001_2003,s2_760_2075,s6_57_up,Passenger Car,s3_28_48,Deployed,s2_97_208,s3_2_3,Male,s3_80_96,s3_141_159,s2_164_318,s3_80_160,s2_2_4
16709,s3_1695_2555,s2_n103_99,s4_n40_7,s1_below_4282,s6_6_up,s1_below_2001,s2_760_2075,s6_57_up,Passenger Car,s4_48_64,Deployed,s2_97_208,s1_below_1,Male,s4_96_114,s4_159_169,s2_164_318,s4_160_220,s3_4_5
16710,s2_885_1695,s2_n103_99,s4_n40_7,s1_below_4282,s5_5_6,s2_2001_2003,s2_760_2075,s3_17_37,Passenger Car,s2_11_28,Deployed,s2_97_208,s1_below_1,Female,s3_80_96,s3_141_159,s2_164_318,s3_80_160,s2_2_4
16711,s2_885_1695,s2_n103_99,s4_n40_7,s1_below_4282,s3_3_4,s1_below_2001,s2_760_2075,s6_57_up,Passenger Car,s2_11_28,Deployed,s2_97_208,s2_1_2,Male,s3_80_96,s3_141_159,s2_164_318,s3_80_160,s2_2_4
16712,s2_885_1695,s2_n103_99,s4_n40_7,s1_below_4282,s4_4_5,s1_below_2001,s2_760_2075,s3_17_37,Passenger Car,s3_28_48,Deployed,s2_97_208,s2_1_2,Female,s3_80_96,s3_141_159,s2_164_318,s3_80_160,s2_2_4
16713,s2_885_1695,s2_n103_99,s4_n40_7,s1_below_4282,s6_6_up,s1_below_2001,s2_760_2075,s4_37_47,Passenger Car,s2_11_28,Deployed,s2_97_208,s2_1_2,Female,s2_37_80,s3_141_159,s2_164_318,s3_80_160,s2_2_4
16714,s3_1695_2555,s2_n103_99,s4_n40_7,s1_below_4282,s6_6_up,s1_below_2001,s3_2075_3730,s6_57_up,Truck (<=6000 lbs.),s3_28_48,Not Deployed,s2_97_208,s1_below_1,Male,s2_37_80,s4_159_169,s3_318_464,s3_80_160,s4_5_6
16715,s3_1695_2555,s2_n103_99,s4_n40_7,s1_below_4282,s4_4_5,s1_below_2001,s3_2075_3730,s4_37_47,Truck (<=10000 lbs.),s3_28_48,Not Deployed,s2_97_208,s1_below_1,Male,s3_80_96,s4_159_169,s2_164_318,s4_160_220,s2_2_4
16716,s2_885_1695,s2_n103_99,s4_n40_7,s1_below_4282,s6_6_up,s1_below_2001,s2_760_2075,s4_37_47,Passenger Car,s2_11_28,Deployed,s2_97_208,s1_below_1,Female,s2_37_80,s3_141_159,s2_164_318,s3_80_160,s2_2_4
16717,s2_885_1695,s2_n103_99,s4_n40_7,s1_below_4282,s1_below_2,s2_2001_2003,s2_760_2075,s3_17_37,Passenger Car,s2_11_28,Not Deployed,s2_97_208,s1_below_1,Male,s2_37_80,s3_141_159,s2_164_318,s3_80_160,s2_2_4
16718,s2_885_1695,s2_n103_99,s4_n40_7,s1_below_4282,s1_below_2,s2_2001_2003,s3_2075_3730,s3_17_37,Truck (<=6000 lbs.),s3_28_48,Deployed,s2_97_208,s1_below_1,Female,s2_37_80,s4_159_169,s2_164_318,s3_80_160,s2_2_4
16719,s2_885_1695,s2_n103_99,s4_n40_7,s1_below_4282,s1_below_2,s1_below_2001,s2_760_2075,s3_17_37,Passenger Car,s2_11_28,Not Deployed,s2_97_208,s1_below_1,Male,s2_37_80,s3_141_159,s2_164_318,s3_80_160,s2_2_4
16720,s3_1695_2555,s2_n103_99,s5_7_up,s1_below_4282,s5_5_6,s2_2001_2003,s2_760_2075,s5_47_57,Truck (<=6000 lbs.),s3_28_48,Not Deployed,s2_97_208,s1_below_1,Female,s2_37_80,s4_159_169,s2_164_318,s6_260_up,s2_2_4
16721,s2_885_1695,s2_n103_99,s5_7_up,s1_below_4282,s1_below_2,s2_2001_2003,s3_2075_3730,s3_17_37,Passenger Car,s3_28_48,Not Deployed,s2_97_208,s1_below_1,Female,s2_37_80,s3_141_159,s2_164_318,s6_260_up,s2_2_4
16722,s2_885_1695,s2_n103_99,s4_n40_7,s1_below_4282,s1_below_2,s1_below_2001,s3_2075_3730,s3_17_37,Passenger Car,s2_11_28,Not Deployed,s2_97_208,s1_below_1,Male,s3_80_96,s3_141_159,s2_164_318,s3_80_160,s2_2_4
16723,s2_885_1695,s2_n103_99,s4_n40_7,s1_below_4282,s4_4_5,s2_2001_2003,s2_760_2075,s4_37_47,Passenger Car,s6_76_up,Deployed,s2_97_208,s1_below_1,Male,s2_37_80,s3_141_159,s2_164_318,s3_80_160,s2_2_4
16724,s2_885_1695,s2_n103_99,s4_n40_7,s1_below_4282,s3_3_4,s1_below_2001,s2_760_2075,s4_37_47,Passenger Car,s3_28_48,Deployed,s2_97_208,s1_below_1,Male,s2_37_80,s3_141_159,s2_164_318,s3_80_160,s2_2_4
16725,s2_885_1695,s2_n103_99,s4_n40_7,s1_below_4282,s3_3_4,s1_below_2001,s2_760_2075,s5_47_57,Passenger Car,s3_28_48,Deployed,s2_97_208,s1_below_1,Female,s2_37_80,s3_141_159,s2_164_318,s3_80_160,s2_2_4
16726,s3_1695_2555,s2_n103_99,s4_n40_7,s1_below_4282,s4_4_5,s1_below_2001,s2_760_2075,s4_37_47,Truck (<=6000 lbs.),s3_28_48,Deployed,s2_97_208,s4_3_4,Male,s3_80_96,s3_141_159,s2_164_318,s4_160_220,s2_2_4
16727,s2_885_1695,s2_n103_99,s4_n40_7,s1_below_4282,s4_4_5,s2_2001_2003,s3_2075_3730,s4_37_47,Passenger Car,s2_11_28,Deployed,s2_97_208,s1_below_1,Male,s4_96_114,s3_141_159,s2_164_318,s3_80_160,s2_2_4
16728,s2_885_1695,s2_n103_99,s4_n40_7,s1_below_4282,s2_2_3,s1_below_2001,s2_760_2075,s4_37_47,Passenger Car,s2_11_28,Deployed,s2_97_208,s1_below_1,Male,s2_37_80,s3_141_159,s2_164_318,s3_80_160,s2_2_4
16729,s2_885_1695,s2_n103_99,s4_n40_7,s1_below_4282,s1_below_2,s2_2001_2003,s2_760_2075,s3_17_37,Passenger Car,s6_76_up,Deployed,s2_97_208,s2_1_2,Male,s2_37_80,s3_141_159,s2_164_318,s3_80_160,s2_2_4
16730,s2_885_1695,s2_n103_99,s4_n40_7,s1_below_4282,s3_3_4,s1_below_2001,s2_760_2075,s4_37_47,Passenger Car,s2_11_28,Deployed,s2_97_208,s1_below_1,Male,s3_80_96,s3_141_159,s2_164_318,s3_80_160,s2_2_4
16731,s2_885_1695,s2_n103_99,s4_n40_7,s1_below_4282,s3_3_4,s1_below_2001,s2_760_2075,s4_37_47,Passenger Car,s2_11_28,Deployed,s2_97_208,s1_below_1,Female,s2_37_80,s3_141_159,s2_164_318,s4_160_220,s2_2_4
16732,s2_885_1695,s2_n103_99,s3_n81_n40,s1_below_4282,s4_4_5,s2_2001_2003,s2_760_2075,s3_17_37,Passenger Car,s3_28_48,Deployed,s2_97_208,s1_below_1,Female,s3_80_96,s3_141_159,s2_164_318,s3_80_160,s2_2_4
16733,s2_885_1695,s2_n103_99,s4_n40_7,s1_below_4282,s5_5_6,s2_2001_2003,s2_760_2075,s4_37_47,Passenger Car,s3_28_48,Deployed,s2_97_208,s5_4_5,Male,s5_114_130,s3_141_159,s2_164_318,s3_80_160,s2_2_4
16734,s3_1695_2555,s2_n103_99,s4_n40_7,s1_below_4282,s1_below_2,s2_2001_2003,s2_760_2075,s3_17_37,Truck (<=6000 lbs.),s2_11_28,Deployed,s2_97_208,s1_below_1,Female,s2_37_80,s3_141_159,s2_164_318,s3_80_160,s2_2_4
16735,s3_1695_2555,s2_n103_99,s4_n40_7,s1_below_4282,s1_below_2,s2_2001_2003,s3_2075_3730,s3_17_37,Truck (<=10000 lbs.),s3_28_48,Not Deployed,s2_97_208,s1_below_1,Male,s2_37_80,s3_141_159,s2_164_318,s2_40_80,s2_2_4
16736,s3_1695_2555,s2_n103_99,s4_n40_7,s1_below_4282,s3_3_4,s2_2001_2003,s2_760_2075,s3_17_37,Truck (<=10000 lbs.),s2_11_28,Deployed,s2_97_208,s1_below_1,Female,s2_37_80,s4_159_169,s2_164_318,s3_80_160,s3_4_5
16737,s2_885_1695,s2_n103_99,s3_n81_n40,s1_below_4282,s1_below_2,s2_2001_2003,s3_2075_3730,s5_47_57,Truck (<=6000 lbs.),s3_28_48,Deployed,s2_97_208,s6_5_up,Male,s2_37_80,s3_141_159,s2_164_318,s3_80_160,s2_2_4
16738,s2_885_1695,s2_n103_99,s4_n40_7,s1_below_4282,s4_4_5,s2_2001_2003,s2_760_2075,s4_37_47,Passenger Car,s2_11_28,Deployed,s2_97_208,s1_below_1,Female,s2_37_80,s3_141_159,s2_164_318,s4_160_220,s2_2_4
16739,s3_1695_2555,s2_n103_99,s4_n40_7,s1_below_4282,s2_2_3,s1_below_2001,s2_760_2075,s4_37_47,Truck (<=6000 lbs.),s3_28_48,Not Deployed,s2_97_208,s1_below_1,Female,s2_37_80,s3_141_159,s2_164_318,s3_80_160,s2_2_4
16740,s2_885_1695,s2_n103_99,s4_n40_7,s1_below_4282,s1_below_2,s1_below_2001,s2_760_2075,s3_17_37,Passenger Car,s3_28_48,Not Deployed,s2_97_208,s1_below_1,Female,s2_37_80,s3_141_159,s2_164_318,s5_220_260,s2_2_4
16741,s2_885_1695,s2_n103_99,s4_n40_7,s1_below_4282,s3_3_4,s1_below_2001,s2_760_2075,s5_47_57,Passenger Car,s2_11_28,Deployed,s2_97_208,s1_below_1,Female,s2_37_80,s3_141_159,s2_164_318,s2_40_80,s2_2_4
16742,s3_1695_2555,s2_n103_99,s4_n40_7,s1_below_4282,s4_4_5,s1_below_2001,s3_2075_3730,s4_37_47,Truck (<=10000 lbs.),s2_11_28,Not Deployed,s2_97_208,s1_below_1,Male,s2_37_80,s5_169_179,s3_318_464,s2_40_80,s4_5_6
16743,s2_885_1695,s2_n103_99,s4_n40_7,s1_below_4282,s1_below_2,s2_2001_2003,s2_760_2075,s4_37_47,Truck (<=6000 lbs.),s2_11_28,Not Deployed,s2_97_208,s1_below_1,Male,s2_37_80,s3_141_159,s3_318_464,s4_160_220,s2_2_4
16744,s4_2555_3715,s2_n103_99,s4_n40_7,s1_below_4282,s4_4_5,s1_below_2001,s2_760_2075,s4_37_47,Truck (<=10000 lbs.),s2_11_28,Not Deployed,s2_97_208,s1_below_1,Male,s2_37_80,s5_169_179,s3_318_464,s3_80_160,s5_6_7
16745,s2_885_1695,s2_n103_99,s4_n40_7,s1_below_4282,s3_3_4,s1_below_2001,s3_2075_3730,s4_37_47,Passenger Car,s4_48_64,Not Deployed,s2_97_208,s1_below_1,Female,s2_37_80,s3_141_159,s2_164_318,s4_160_220,s2_2_4
16746,s2_885_1695,s2_n103_99,s4_n40_7,s1_below_4282,s1_below_2,s1_below_2001,s2_760_2075,s5_47_57,Passenger Car,s5_64_76,Not Deployed,s2_97_208,s1_below_1,Female,s2_37_80,s3_141_159,s2_164_318,s3_80_160,s2_2_4
16747,s2_885_1695,s2_n103_99,s4_n40_7,s1_below_4282,s3_3_4,s1_below_2001,s2_760_2075,s4_37_47,Truck (<=6000 lbs.),s4_48_64,Not Deployed,s2_97_208,s1_below_1,Female,s2_37_80,s2_116_141,s2_164_318,s3_80_160,s2_2_4
16748,s2_885_1695,s2_n103_99,s4_n40_7,s1_below_4282,s1_below_2,s1_below_2001,s2_760_2075,s3_17_37,Passenger Car,s3_28_48,Not Deployed,s2_97_208,s1_below_1,Male,s5_114_130,s3_141_159,s2_164_318,s3_80_160,s2_2_4
16749,s2_885_1695,s2_n103_99,s4_n40_7,s1_below_4282,s1_below_2,s1_below_2001,s2_760_2075,s4_37_47,Truck (<=6000 lbs.),s3_28_48,Not Deployed,s2_97_208,s1_below_1,Female,s2_37_80,s3_141_159,s2_164_318,s3_80_160,s2_2_4
16750,s2_885_1695,s2_n103_99,s4_n40_7,s1_below_4282,s1_below_2,s1_below_2001,s3_2075_3730,s3_17_37,Passenger Car,s2_11_28,Not Deployed,s2_97_208,s4_3_4,Male,s3_80_96,s3_141_159,s2_164_318,s2_40_80,s2_2_4
16751,s3_1695_2555,s2_n103_99,s4_n40_7,s1_below_4282,s4_4_5,s1_below_2001,s2_760_2075,s4_37_47,Truck (<=6000 lbs.),s3_28_48,Deployed,s2_97_208,s1_below_1,Female,s2_37_80,s4_159_169,s2_164_318,s3_80_160,s3_4_5
16752,s2_885_1695,s2_n103_99,s4_n40_7,s1_below_4282,s1_below_2,s1_below_2001,s2_760_2075,s4_37_47,Passenger Car,s4_48_64,Not Deployed,s2_97_208,s1_below_1,Female,s2_37_80,s3_141_159,s2_164_318,s3_80_160,s2_2_4
16753,s2_885_1695,s2_n103_99,s4_n40_7,s1_below_4282,s3_3_4,s1_below_2001,s2_760_2075,s3_17_37,Truck (<=6000 lbs.),s3_28_48,Not Deployed,s2_97_208,s1_below_1,Male,s3_80_96,s3_141_159,s3_318_464,s4_160_220,s2_2_4
16754,s3_1695_2555,s2_n103_99,s4_n40_7,s1_below_4282,s1_below_2,s1_below_2001,s2_760_2075,s4_37_47,Truck (<=10000 lbs.),s3_28_48,Deployed,s2_97_208,s1_below_1,Male,s3_80_96,s5_169_179,s3_318_464,s3_80_160,s4_5_6
16755,s2_885_1695,s2_n103_99,s4_n40_7,s1_below_4282,s3_3_4,s1_below_2001,s2_760_2075,s3_17_37,Passenger Car,s2_11_28,Not Deployed,s2_97_208,s1_below_1,Female,s2_37_80,s3_141_159,s2_164_318,s4_160_220,s2_2_4
16756,s2_885_1695,s2_n103_99,s4_n40_7,s1_below_4282,s1_below_2,s1_below_2001,s2_760_2075,s5_47_57,Passenger Car,s6_76_up,Deployed,s2_97_208,s3_2_3,Female,s2_37_80,s3_141_159,s2_164_318,s4_160_220,s2_2_4
16757,s2_885_1695,s2_n103_99,s4_n40_7,s1_below_4282,s3_3_4,s2_2001_2003,s2_760_2075,s4_37_47,Passenger Car,s3_28_48,Deployed,s2_97_208,s1_below_1,Female,s2_37_80,s3_141_159,s2_164_318,s3_80_160,s2_2_4
16758,s3_1695_2555,s2_n103_99,s3_n81_n40,s1_below_4282,s1_below_2,s1_below_2001,s2_760_2075,s4_37_47,Truck (<=10000 lbs.),s3_28_48,Deployed,s2_97_208,s2_1_2,Male,s3_80_96,s4_159_169,s2_164_318,s3_80_160,s3_4_5
16759,s3_1695_2555,s2_n103_99,s4_n40_7,s1_below_4282,s2_2_3,s1_below_2001,s2_760_2075,s4_37_47,Truck (<=10000 lbs.),s3_28_48,Deployed,s2_97_208,s1_below_1,Male,s2_37_80,s4_159_169,s3_318_464,s3_80_160,s4_5_6
16760,s2_885_1695,s2_n103_99,s4_n40_7,s1_below_4282,s6_6_up,s1_below_2001,s2_760_2075,s4_37_47,Passenger Car,s4_48_64,Deployed,s2_97_208,s2_1_2,Female,s2_37_80,s3_141_159,s2_164_318,s3_80_160,s2_2_4
16761,s2_885_1695,s2_n103_99,s4_n40_7,s1_below_4282,s3_3_4,s1_below_2001,s2_760_2075,s4_37_47,Passenger Car,s2_11_28,Not Deployed,s2_97_208,s1_below_1,Male,s3_80_96,s3_141_159,s2_164_318,s2_40_80,s2_2_4
16762,s4_2555_3715,s2_n103_99,s4_n40_7,s1_below_4282,s4_4_5,s1_below_2001,s2_760_2075,s4_37_47,Truck (<=10000 lbs.),s3_28_48,Not Deployed,s2_97_208,s1_below_1,Male,s3_80_96,s5_169_179,s3_318_464,s3_80_160,s5_6_7
16763,s2_885_1695,s2_n103_99,s5_7_up,s1_below_4282,s3_3_4,s2_2001_2003,s3_2075_3730,s4_37_47,Passenger Car,s3_28_48,Not Deployed,s2_97_208,s1_below_1,Male,s3_80_96,s3_141_159,s2_164_318,s6_260_up,s2_2_4
16764,s2_885_1695,s2_n103_99,s4_n40_7,s1_below_4282,s5_5_6,s1_below_2001,s2_760_2075,s4_37_47,Passenger Car,s2_11_28,Deployed,s2_97_208,s1_below_1,Female,s2_37_80,s3_141_159,s2_164_318,s3_80_160,s2_2_4
16765,s2_885_1695,s2_n103_99,s4_n40_7,s1_below_4282,s2_2_3,s1_below_2001,s2_760_2075,s4_37_47,Passenger Car,s6_76_up,Deployed,s2_97_208,s1_below_1,Male,s2_37_80,s3_141_159,s2_164_318,s4_160_220,s2_2_4
16766,s2_885_1695,s2_n103_99,s4_n40_7,s1_below_4282,s5_5_6,s2_2001_2003,s2_760_2075,s4_37_47,Passenger Car,s2_11_28,Deployed,s2_97_208,s1_below_1,Female,s2_37_80,s3_141_159,s2_164_318,s4_160_220,s2_2_4
16767,s2_885_1695,s2_n103_99,s4_n40_7,s1_below_4282,s4_4_5,s1_below_2001,s2_760_2075,s3_17_37,Passenger Car,s2_11_28,Not Deployed,s2_97_208,s1_below_1,Female,s2_37_80,s3_141_159,s2_164_318,s3_80_160,s2_2_4
16768,s2_885_1695,s2_n103_99,s4_n40_7,s1_below_4282,s2_2_3,s2_2001_2003,s2_760_2075,s4_37_47,Passenger Car,s2_11_28,Deployed,s2_97_208,s1_below_1,Female,s3_80_96,s3_141_159,s2_164_318,s3_80_160,s2_2_4
16769,s2_885_1695,s2_n103_99,s4_n40_7,s1_below_4282,s3_3_4,s2_2001_2003,s2_760_2075,s4_37_47,Passenger Car,s2_11_28,Deployed,s2_97_208,s5_4_5,Male,s2_37_80,s3_141_159,s2_164_318,s4_160_220,s2_2_4
16770,s2_885_1695,s2_n103_99,s4_n40_7,s1_below_4282,s3_3_4,s1_below_2001,s2_760_2075,s4_37_47,Truck (<=6000 lbs.),s3_28_48,Deployed,s2_97_208,s1_below_1,Male,s4_96_114,s3_141_159,s2_164_318,s3_80_160,s2_2_4
16771,s3_1695_2555,s2_n103_99,s5_7_up,s1_below_4282,s3_3_4,s1_below_2001,s2_760_2075,s4_37_47,Truck (<=6000 lbs.),s3_28_48,Not Deployed,s2_97_208,s1_below_1,Male,s6_130_up,s4_159_169,s2_164_318,s6_260_up,s3_4_5
16772,s2_885_1695,s2_n103_99,s4_n40_7,s1_below_4282,s4_4_5,s1_below_2001,s3_2075_3730,s1_below_7,Passenger Car,s2_11_28,Deployed,s2_97_208,s1_below_1,Female,s2_37_80,s3_141_159,s2_164_318,s3_80_160,s2_2_4
16773,s2_885_1695,s2_n103_99,s4_n40_7,s1_below_4282,s3_3_4,s1_below_2001,s2_760_2075,s4_37_47,Passenger Car,s4_48_64,Not Deployed,s2_97_208,s1_below_1,Female,s2_37_80,s3_141_159,s2_164_318,s2_40_80,s2_2_4
16774,s2_885_1695,s2_n103_99,s4_n40_7,s1_below_4282,s2_2_3,s1_below_2001,s2_760_2075,s4_37_47,Passenger Car,s3_28_48,Deployed,s2_97_208,s1_below_1,Female,s2_37_80,s3_141_159,s2_164_318,s2_40_80,s2_2_4
16775,s2_885_1695,s2_n103_99,s4_n40_7,s1_below_4282,s2_2_3,s2_2001_2003,s2_760_2075,s4_37_47,Passenger Car,s2_11_28,Not Deployed,s2_97_208,s3_2_3,Male,s2_37_80,s3_141_159,s2_164_318,s2_40_80,s2_2_4
16776,s3_1695_2555,s2_n103_99,s4_n40_7,s1_below_4282,s2_2_3,s1_below_2001,s2_760_2075,s4_37_47,Passenger Car,s4_48_64,Deployed,s2_97_208,s1_below_1,Male,s2_37_80,s3_141_159,s2_164_318,s3_80_160,s2_2_4
16777,s2_885_1695,s2_n103_99,s4_n40_7,s1_below_4282,s1_below_2,s2_2001_2003,s2_760_2075,s5_47_57,Truck (<=10000 lbs.),s2_11_28,Deployed,s2_97_208,s1_below_1,Male,s2_37_80,s4_159_169,s3_318_464,s3_80_160,s5_6_7
16778,s3_1695_2555,s2_n103_99,s4_n40_7,s1_below_4282,s2_2_3,s1_below_2001,s2_760_2075,s4_37_47,Truck (<=6000 lbs.),s5_64_76,Deployed,s2_97_208,s1_below_1,Male,s3_80_96,s4_159_169,s2_164_318,s3_80_160,s3_4_5
16779,s2_885_1695,s2_n103_99,s4_n40_7,s1_below_4282,s1_below_2,s1_below_2001,s3_2075_3730,s4_37_47,Passenger Car,s3_28_48,Not Deployed,s2_97_208,s1_below_1,Male,s2_37_80,s3_141_159,s2_164_318,s4_160_220,s2_2_4
16780,s2_885_1695,s2_n103_99,s4_n40_7,s1_below_4282,s1_below_2,s1_below_2001,s2_760_2075,s4_37_47,Passenger Car,s3_28_48,Not Deployed,s2_97_208,s2_1_2,Female,s2_37_80,s3_141_159,s2_164_318,s2_40_80,s2_2_4
16781,s2_885_1695,s2_n103_99,s5_7_up,s1_below_4282,s4_4_5,s1_below_2001,s2_760_2075,s3_17_37,Passenger Car,s3_28_48,Not Deployed,s2_97_208,s1_below_1,Female,s2_37_80,s3_141_159,s2_164_318,s6_260_up,s2_2_4
16782,s2_885_1695,s2_n103_99,s4_n40_7,s1_below_4282,s5_5_6,s1_below_2001,s2_760_2075,s4_37_47,Passenger Car,s3_28_48,Not Deployed,s2_97_208,s1_below_1,Female,s2_37_80,s3_141_159,s2_164_318,s4_160_220,s2_2_4
16783,s3_1695_2555,s2_n103_99,s4_n40_7,s1_below_4282,s4_4_5,s1_below_2001,s2_760_2075,s4_37_47,Passenger Car,s2_11_28,Deployed,s2_97_208,s3_2_3,Male,s2_37_80,s4_159_169,s2_164_318,s3_80_160,s2_2_4
16784,s2_885_1695,s2_n103_99,s4_n40_7,s1_below_4282,s1_below_2,s1_below_2001,s2_760_2075,s3_17_37,Passenger Car,s3_28_48,Deployed,s2_97_208,s3_2_3,Female,s2_37_80,s3_141_159,s2_164_318,s3_80_160,s2_2_4
16785,s2_885_1695,s2_n103_99,s4_n40_7,s1_below_4282,s2_2_3,s2_2001_2003,s2_760_2075,s5_47_57,Passenger Car,s2_11_28,Not Deployed,s2_97_208,s1_below_1,Male,s2_37_80,s3_141_159,s2_164_318,s3_80_160,s2_2_4
16786,s2_885_1695,s2_n103_99,s4_n40_7,s1_below_4282,s1_below_2,s2_2001_2003,s2_760_2075,s3_17_37,Passenger Car,s3_28_48,Not Deployed,s2_97_208,s1_below_1,Female,s2_37_80,s2_116_141,s2_164_318,s1_below_40,s2_2_4
16787,s2_885_1695,s2_n103_99,s4_n40_7,s1_below_4282,s1_below_2,s2_2001_2003,s2_760_2075,s4_37_47,Passenger Car,s3_28_48,Deployed,s2_97_208,s1_below_1,Female,s2_37_80,s3_141_159,s2_164_318,s3_80_160,s2_2_4
16788,s4_2555_3715,s2_n103_99,s4_n40_7,s1_below_4282,s4_4_5,s1_below_2001,s2_760_2075,s4_37_47,Truck (<=6000 lbs.),s3_28_48,Not Deployed,s2_97_208,s1_below_1,Male,s3_80_96,s3_141_159,s3_318_464,s3_80_160,s4_5_6
16789,s2_885_1695,s2_n103_99,s4_n40_7,s1_below_4282,s3_3_4,s1_below_2001,s2_760_2075,s3_17_37,Passenger Car,s2_11_28,Not Deployed,s2_97_208,s1_below_1,Male,s2_37_80,s3_141_159,s2_164_318,s3_80_160,s2_2_4
16790,s2_885_1695,s2_n103_99,s5_7_up,s1_below_4282,s1_below_2,s2_2001_2003,s2_760_2075,s4_37_47,Passenger Car,s4_48_64,Not Deployed,s2_97_208,s1_below_1,Male,s4_96_114,s3_141_159,s2_164_318,s6_260_up,s2_2_4
16791,s2_885_1695,s2_n103_99,s4_n40_7,s1_below_4282,s1_below_2,s1_below_2001,s2_760_2075,s3_17_37,Passenger Car,s2_11_28,Not Deployed,s2_97_208,s2_1_2,Female,s2_37_80,s3_141_159,s2_164_318,s2_40_80,s2_2_4
16792,s2_885_1695,s2_n103_99,s4_n40_7,s1_below_4282,s4_4_5,s2_2001_2003,s2_760_2075,s3_17_37,Passenger Car,s3_28_48,Deployed,s2_97_208,s1_below_1,Male,s3_80_96,s3_141_159,s2_164_318,s4_160_220,s2_2_4
16793,s2_885_1695,s2_n103_99,s5_7_up,s1_below_4282,s5_5_6,s2_2001_2003,s2_760_2075,s4_37_47,Passenger Car,s2_11_28,Not Deployed,s2_97_208,s1_below_1,Male,s3_80_96,s3_141_159,s2_164_318,s6_260_up,s2_2_4
16794,s3_1695_2555,s2_n103_99,s4_n40_7,s1_below_4282,s3_3_4,s1_below_2001,s2_760_2075,s3_17_37,Truck (<=10000 lbs.),s3_28_48,Not Deployed,s2_97_208,s1_below_1,Male,s2_37_80,s5_169_179,s3_318_464,s3_80_160,s4_5_6
16795,s2_885_1695,s2_n103_99,s4_n40_7,s1_below_4282,s1_below_2,s1_below_2001,s2_760_2075,s4_37_47,Truck (<=6000 lbs.),s4_48_64,Deployed,s2_97_208,s3_2_3,Male,s3_80_96,s2_116_141,s2_164_318,s3_80_160,s2_2_4
16796,s2_885_1695,s2_n103_99,s4_n40_7,s1_below_4282,s6_6_up,s1_below_2001,s2_760_2075,s3_17_37,Truck (<=6000 lbs.),s2_11_28,Deployed,s2_97_208,s1_below_1,Female,s2_37_80,s3_141_159,s2_164_318,s3_80_160,s2_2_4
16797,s2_885_1695,s2_n103_99,s4_n40_7,s1_below_4282,s3_3_4,s2_2001_2003,s2_760_2075,s4_37_47,Passenger Car,s3_28_48,Not Deployed,s2_97_208,s1_below_1,Female,s2_37_80,s3_141_159,s2_164_318,s2_40_80,s2_2_4
16798,s3_1695_2555,s2_n103_99,s4_n40_7,s1_below_4282,s1_below_2,s1_below_2001,s2_760_2075,s4_37_47,Truck (<=10000 lbs.),s2_11_28,Not Deployed,s2_97_208,s1_below_1,Male,s2_37_80,s4_159_169,s3_318_464,s3_80_160,s4_5_6
16799,s4_2555_3715,s2_n103_99,s4_n40_7,s1_below_4282,s4_4_5,s2_2001_2003,s2_760_2075,s4_37_47,Truck (<=10000 lbs.),s3_28_48,Not Deployed,s2_97_208,s1_below_1,Male,s4_96_114,s5_169_179,s3_318_464,s3_80_160,s5_6_7
16800,s2_885_1695,s2_n103_99,s4_n40_7,s1_below_4282,s5_5_6,s1_below_2001,s2_760_2075,s3_17_37,Passenger Car,s4_48_64,Not Deployed,s2_97_208,s1_below_1,Male,s3_80_96,s3_141_159,s2_164_318,s3_80_160,s2_2_4
16801,s3_1695_2555,s2_n103_99,s4_n40_7,s1_below_4282,s1_below_2,s2_2001_2003,s2_760_2075,s4_37_47,Truck (<=10000 lbs.),s4_48_64,Deployed,s2_97_208,s1_below_1,Male,s3_80_96,s5_169_179,s3_318_464,s3_80_160,s4_5_6
16802,s2_885_1695,s2_n103_99,s4_n40_7,s1_below_4282,s3_3_4,s1_below_2001,s3_2075_3730,s4_37_47,Passenger Car,s2_11_28,Not Deployed,s2_97_208,s1_below_1,Female,s2_37_80,s3_141_159,s2_164_318,s3_80_160,s2_2_4
16803,s2_885_1695,s2_n103_99,s4_n40_7,s1_below_4282,s1_below_2,s2_2001_2003,s2_760_2075,s4_37_47,Passenger Car,s3_28_48,Not Deployed,s2_97_208,s1_below_1,Male,s4_96_114,s3_141_159,s2_164_318,s3_80_160,s2_2_4
16804,s2_885_1695,s2_n103_99,s4_n40_7,s1_below_4282,s3_3_4,s1_below_2001,s2_760_2075,s3_17_37,Passenger Car,s3_28_48,Deployed,s2_97_208,s2_1_2,Male,s2_37_80,s3_141_159,s2_164_318,s2_40_80,s2_2_4
16805,s3_1695_2555,s2_n103_99,s5_7_up,s1_below_4282,s4_4_5,s1_below_2001,s2_760_2075,s6_57_up,Truck (<=6000 lbs.),s4_48_64,Not Deployed,s2_97_208,s1_below_1,Male,s2_37_80,s4_159_169,s2_164_318,s6_260_up,s2_2_4
16806,s2_885_1695,s2_n103_99,s4_n40_7,s1_below_4282,s1_below_2,s1_below_2001,s2_760_2075,s3_17_37,Passenger Car,s2_11_28,Not Deployed,s2_97_208,s1_below_1,Female,s2_37_80,s3_141_159,s2_164_318,s2_40_80,s2_2_4
16807,s5_3715_up,s2_n103_99,s4_n40_7,s1_below_4282,s1_below_2,s2_2001_2003,s2_760_2075,s4_37_47,Truck (<=10000 lbs.),s3_28_48,Not Deployed,s2_97_208,s1_below_1,Female,s2_37_80,s5_169_179,s3_318_464,s3_80_160,s5_6_7
16808,s2_885_1695,s2_n103_99,s4_n40_7,s1_below_4282,s1_below_2,s1_below_2001,s4_3730_up,s4_37_47,Passenger Car,s3_28_48,Deployed,s2_97_208,s2_1_2,Female,s2_37_80,s3_141_159,s2_164_318,s4_160_220,s2_2_4
16809,s2_885_1695,s2_n103_99,s4_n40_7,s1_below_4282,s4_4_5,s1_below_2001,s2_760_2075,s4_37_47,Passenger Car,s2_11_28,Not Deployed,s2_97_208,s1_below_1,Male,s2_37_80,s3_141_159,s2_164_318,s3_80_160,s2_2_4
16810,s3_1695_2555,s2_n103_99,s4_n40_7,s1_below_4282,s3_3_4,s2_2001_2003,s2_760_2075,s5_47_57,Truck (<=6000 lbs.),s3_28_48,Deployed,s2_97_208,s1_below_1,Female,s2_37_80,s3_141_159,s2_164_318,s3_80_160,s2_2_4
16811,s2_885_1695,s2_n103_99,s3_n81_n40,s2_4282_6970,s3_3_4,s1_below_2001,s2_760_2075,s3_17_37,Truck (<=6000 lbs.),s3_28_48,Deployed,s2_97_208,s3_2_3,Male,s3_80_96,s2_116_141,s2_164_318,s3_80_160,s2_2_4
16812,s3_1695_2555,s2_n103_99,s4_n40_7,s1_below_4282,s1_below_2,s1_below_2001,s2_760_2075,s4_37_47,Truck (<=6000 lbs.),s5_64_76,Deployed,s2_97_208,s2_1_2,Female,s2_37_80,s3_141_159,s2_164_318,s3_80_160,s2_2_4
16813,s2_885_1695,s2_n103_99,s5_7_up,s1_below_4282,s1_below_2,s1_below_2001,s2_760_2075,s3_17_37,Passenger Car,s5_64_76,Not Deployed,s2_97_208,s1_below_1,Male,s2_37_80,s3_141_159,s2_164_318,s6_260_up,s2_2_4
16814,s3_1695_2555,s2_n103_99,s4_n40_7,s1_below_4282,s1_below_2,s1_below_2001,s3_2075_3730,s5_47_57,Truck (<=10000 lbs.),s4_48_64,Not Deployed,s2_97_208,s1_below_1,Female,s3_80_96,s5_169_179,s3_318_464,s3_80_160,s4_5_6
16815,s2_885_1695,s2_n103_99,s4_n40_7,s1_below_4282,s4_4_5,s1_below_2001,s2_760_2075,s3_17_37,Passenger Car,s3_28_48,Not Deployed,s2_97_208,s1_below_1,Female,s2_37_80,s3_141_159,s2_164_318,s3_80_160,s2_2_4
16816,s2_885_1695,s2_n103_99,s4_n40_7,s1_below_4282,s4_4_5,s2_2001_2003,s2_760_2075,s4_37_47,Passenger Car,s3_28_48,Not Deployed,s2_97_208,s1_below_1,Male,s3_80_96,s3_141_159,s2_164_318,s3_80_160,s2_2_4
16817,s2_885_1695,s2_n103_99,s5_7_up,s1_below_4282,s2_2_3,s1_below_2001,s2_760_2075,s4_37_47,Passenger Car,s2_11_28,Not Deployed,s2_97_208,s1_below_1,Male,s4_96_114,s3_141_159,s2_164_318,s6_260_up,s2_2_4
16818,s3_1695_2555,s2_n103_99,s4_n40_7,s1_below_4282,s5_5_6,s2_2001_2003,s2_760_2075,s4_37_47,Truck (<=6000 lbs.),s4_48_64,Not Deployed,s2_97_208,s1_below_1,Female,s2_37_80,s4_159_169,s2_164_318,s4_160_220,s3_4_5
16819,s3_1695_2555,s2_n103_99,s4_n40_7,s1_below_4282,s5_5_6,s1_below_2001,s2_760_2075,s5_47_57,Truck (<=10000 lbs.),s2_11_28,Deployed,s2_97_208,s1_below_1,Male,s3_80_96,s4_159_169,s3_318_464,s3_80_160,s4_5_6
16820,s2_885_1695,s2_n103_99,s4_n40_7,s1_below_4282,s1_below_2,s1_below_2001,s2_760_2075,s3_17_37,Passenger Car,s2_11_28,Deployed,s2_97_208,s1_below_1,Male,s3_80_96,s3_141_159,s2_164_318,s3_80_160,s2_2_4
16821,s2_885_1695,s2_n103_99,s3_n81_n40,s1_below_4282,s1_below_2,s1_below_2001,s2_760_2075,s4_37_47,Passenger Car,s3_28_48,Deployed,s2_97_208,s3_2_3,Female,s2_37_80,s3_141_159,s2_164_318,s3_80_160,s2_2_4
16822,s2_885_1695,s2_n103_99,s3_n81_n40,s1_below_4282,s1_below_2,s2_2001_2003,s2_760_2075,s3_17_37,Passenger Car,s3_28_48,Deployed,s2_97_208,s3_2_3,Female,s2_37_80,s3_141_159,s2_164_318,s3_80_160,s2_2_4
16823,s2_885_1695,s2_n103_99,s4_n40_7,s1_below_4282,s3_3_4,s1_below_2001,s2_760_2075,s4_37_47,Passenger Car,s2_11_28,Not Deployed,s2_97_208,s1_below_1,Female,s2_37_80,s3_141_159,s2_164_318,s3_80_160,s2_2_4
16824,s2_885_1695,s2_n103_99,s4_n40_7,s1_below_4282,s1_below_2,s2_2001_2003,s2_760_2075,s3_17_37,Passenger Car,s4_48_64,Not Deployed,s2_97_208,s1_below_1,Male,s2_37_80,s3_141_159,s2_164_318,s3_80_160,s2_2_4
16825,s2_885_1695,s2_n103_99,s5_7_up,s1_below_4282,s2_2_3,s1_below_2001,s2_760_2075,s3_17_37,Passenger Car,s4_48_64,Not Deployed,s2_97_208,s4_3_4,Female,s2_37_80,s3_141_159,s2_164_318,s1_below_40,s2_2_4
16826,s3_1695_2555,s2_n103_99,s4_n40_7,s1_below_4282,s2_2_3,s2_2001_2003,s3_2075_3730,s5_47_57,Passenger Car,s3_28_48,Deployed,s2_97_208,s1_below_1,Male,s2_37_80,s3_141_159,s2_164_318,s3_80_160,s2_2_4
16827,s4_2555_3715,s2_n103_99,s5_7_up,s1_below_4282,s2_2_3,s2_2001_2003,s2_760_2075,s5_47_57,Truck (<=10000 lbs.),s3_28_48,Not Deployed,s2_97_208,s1_below_1,Male,s4_96_114,s5_169_179,s3_318_464,s6_260_up,s4_5_6
16828,s2_885_1695,s2_n103_99,s4_n40_7,s1_below_4282,s3_3_4,s1_below_2001,s2_760_2075,s4_37_47,Passenger Car,s3_28_48,Not Deployed,s2_97_208,s1_below_1,Male,s3_80_96,s3_141_159,s2_164_318,s2_40_80,s2_2_4
16829,s2_885_1695,s2_n103_99,s4_n40_7,s1_below_4282,s1_below_2,s2_2001_2003,s2_760_2075,s3_17_37,Passenger Car,s3_28_48,Not Deployed,s2_97_208,s1_below_1,Male,s3_80_96,s3_141_159,s2_164_318,s4_160_220,s2_2_4
16830,s3_1695_2555,s2_n103_99,s4_n40_7,s1_below_4282,s4_4_5,s1_below_2001,s2_760_2075,s4_37_47,Truck (<=6000 lbs.),s2_11_28,Not Deployed,s2_97_208,s1_below_1,Female,s2_37_80,s3_141_159,s2_164_318,s4_160_220,s2_2_4
16831,s3_1695_2555,s2_n103_99,s4_n40_7,s1_below_4282,s3_3_4,s2_2001_2003,s2_760_2075,s5_47_57,Truck (<=10000 lbs.),s2_11_28,Not Deployed,s2_97_208,s4_3_4,Male,s2_37_80,s4_159_169,s2_164_318,s3_80_160,s3_4_5
16832,s3_1695_2555,s2_n103_99,s5_7_up,s1_below_4282,s1_below_2,s1_below_2001,s2_760_2075,s3_17_37,Truck (<=6000 lbs.),s3_28_48,Not Deployed,s2_97_208,s1_below_1,Male,s3_80_96,s3_141_159,s3_318_464,s6_260_up,s3_4_5
16833,s2_885_1695,s2_n103_99,s4_n40_7,s1_below_4282,s2_2_3,s2_2001_2003,s2_760_2075,s4_37_47,Passenger Car,s2_11_28,Deployed,s2_97_208,s1_below_1,Female,s2_37_80,s3_141_159,s2_164_318,s3_80_160,s2_2_4
16834,s2_885_1695,s2_n103_99,s4_n40_7,s1_below_4282,s4_4_5,s2_2001_2003,s2_760_2075,s4_37_47,Passenger Car,s2_11_28,Deployed,s2_97_208,s1_below_1,Male,s2_37_80,s3_141_159,s2_164_318,s3_80_160,s2_2_4
16835,s3_1695_2555,s2_n103_99,s5_7_up,s1_below_4282,s1_below_2,s1_below_2001,s2_760_2075,s4_37_47,Truck (<=6000 lbs.),s2_11_28,Not Deployed,s2_97_208,s1_below_1,Male,s4_96_114,s3_141_159,s2_164_318,s5_220_260,s2_2_4
16836,s3_1695_2555,s2_n103_99,s4_n40_7,s1_below_4282,s1_below_2,s1_below_2001,s2_760_2075,s4_37_47,Truck (<=6000 lbs.),s2_11_28,Not Deployed,s2_97_208,s1_below_1,Female,s2_37_80,s3_141_159,s2_164_318,s3_80_160,s2_2_4
16837,s2_885_1695,s2_n103_99,s4_n40_7,s1_below_4282,s4_4_5,s2_2001_2003,s2_760_2075,s5_47_57,Passenger Car,s3_28_48,Not Deployed,s2_97_208,s1_below_1,Female,s2_37_80,s3_141_159,s2_164_318,s3_80_160,s2_2_4
16838,s3_1695_2555,s2_n103_99,s4_n40_7,s1_below_4282,s1_below_2,s1_below_2001,s2_760_2075,s3_17_37,Passenger Car,s3_28_48,Deployed,s2_97_208,s1_below_1,Male,s2_37_80,s4_159_169,s2_164_318,s3_80_160,s2_2_4
16839,s2_885_1695,s2_n103_99,s4_n40_7,s1_below_4282,s2_2_3,s1_below_2001,s2_760_2075,s5_47_57,Passenger Car,s2_11_28,Not Deployed,s2_97_208,s1_below_1,Female,s2_37_80,s3_141_159,s2_164_318,s2_40_80,s2_2_4
16840,s3_1695_2555,s2_n103_99,s4_n40_7,s1_below_4282,s3_3_4,s1_below_2001,s2_760_2075,s4_37_47,Truck (<=6000 lbs.),s4_48_64,Not Deployed,s2_97_208,s2_1_2,Male,s3_80_96,s4_159_169,s2_164_318,s2_40_80,s3_4_5
16841,s2_885_1695,s2_n103_99,s4_n40_7,s1_below_4282,s1_below_2,s2_2001_2003,s2_760_2075,s4_37_47,Truck (<=6000 lbs.),s3_28_48,Deployed,s2_97_208,s3_2_3,Female,s2_37_80,s3_141_159,s2_164_318,s3_80_160,s2_2_4
16842,s2_885_1695,s2_n103_99,s4_n40_7,s1_below_4282,s2_2_3,s2_2001_2003,s2_760_2075,s4_37_47,Passenger Car,s4_48_64,Not Deployed,s2_97_208,s1_below_1,Female,s2_37_80,s3_141_159,s2_164_318,s2_40_80,s2_2_4
16843,s2_885_1695,s2_n103_99,s4_n40_7,s1_below_4282,s5_5_6,s2_2001_2003,s2_760_2075,s4_37_47,Passenger Car,s3_28_48,Deployed,s2_97_208,s1_below_1,Female,s2_37_80,s3_141_159,s2_164_318,s4_160_220,s2_2_4
16844,s2_885_1695,s2_n103_99,s4_n40_7,s1_below_4282,s4_4_5,s1_below_2001,s2_760_2075,s3_17_37,Passenger Car,s4_48_64,Deployed,s2_97_208,s1_below_1,Female,s2_37_80,s3_141_159,s2_164_318,s3_80_160,s2_2_4
16845,s3_1695_2555,s2_n103_99,s4_n40_7,s1_below_4282,s1_below_2,s1_below_2001,s2_760_2075,s1_below_7,Passenger Car,s2_11_28,Not Deployed,s2_97_208,s1_below_1,Female,s2_37_80,s3_141_159,s2_164_318,s5_220_260,s2_2_4
16846,s2_885_1695,s2_n103_99,s4_n40_7,s1_below_4282,s2_2_3,s1_below_2001,s3_2075_3730,s6_57_up,Passenger Car,s3_28_48,Not Deployed,s2_97_208,s1_below_1,Female,s2_37_80,s3_141_159,s2_164_318,s3_80_160,s2_2_4
16847,s2_885_1695,s2_n103_99,s3_n81_n40,s1_below_4282,s1_below_2,s1_below_2001,s2_760_2075,s3_17_37,Passenger Car,s2_11_28,Deployed,s2_97_208,s3_2_3,Female,s2_37_80,s3_141_159,s2_164_318,s3_80_160,s2_2_4
16848,s2_885_1695,s2_n103_99,s4_n40_7,s1_below_4282,s3_3_4,s1_below_2001,s2_760_2075,s5_47_57,Passenger Car,s2_11_28,Deployed,s2_97_208,s1_below_1,Female,s2_37_80,s3_141_159,s2_164_318,s3_80_160,s2_2_4
16849,s2_885_1695,s2_n103_99,s4_n40_7,s1_below_4282,s1_below_2,s1_below_2001,s2_760_2075,s3_17_37,Passenger Car,s4_48_64,Not Deployed,s2_97_208,s1_below_1,Female,s2_37_80,s3_141_159,s2_164_318,s3_80_160,s2_2_4
16850,s2_885_1695,s2_n103_99,s4_n40_7,s1_below_4282,s3_3_4,s1_below_2001,s3_2075_3730,s5_47_57,Passenger Car,s4_48_64,Not Deployed,s2_97_208,s1_below_1,Female,s3_80_96,s3_141_159,s2_164_318,s4_160_220,s2_2_4
16851,s2_885_1695,s2_n103_99,s4_n40_7,s1_below_4282,s1_below_2,s1_below_2001,s2_760_2075,s4_37_47,Truck (<=6000 lbs.),s3_28_48,Deployed,s2_97_208,s3_2_3,Female,s2_37_80,s3_141_159,s2_164_318,s3_80_160,s2_2_4
16852,s3_1695_2555,s2_n103_99,s4_n40_7,s1_below_4282,s1_below_2,s1_below_2001,s2_760_2075,s6_57_up,Truck (<=10000 lbs.),s4_48_64,Not Deployed,s2_97_208,s1_below_1,Male,s3_80_96,s4_159_169,s3_318_464,s3_80_160,s4_5_6
16853,s2_885_1695,s2_n103_99,s4_n40_7,s1_below_4282,s4_4_5,s1_below_2001,s2_760_2075,s4_37_47,Passenger Car,s3_28_48,Not Deployed,s2_97_208,s1_below_1,Female,s2_37_80,s3_141_159,s2_164_318,s3_80_160,s2_2_4
16854,s2_885_1695,s2_n103_99,s4_n40_7,s1_below_4282,s2_2_3,s1_below_2001,s2_760_2075,s6_57_up,Passenger Car,s3_28_48,Not Deployed,s2_97_208,s1_below_1,Female,s5_114_130,s3_141_159,s2_164_318,s3_80_160,s2_2_4
16855,s2_885_1695,s2_n103_99,s4_n40_7,s1_below_4282,s2_2_3,s1_below_2001,s2_760_2075,s3_17_37,Passenger Car,s2_11_28,Not Deployed,s2_97_208,s1_below_1,Male,s2_37_80,s3_141_159,s2_164_318,s4_160_220,s2_2_4
16856,s2_885_1695,s2_n103_99,s4_n40_7,s1_below_4282,s1_below_2,s1_below_2001,s2_760_2075,s4_37_47,Passenger Car,s3_28_48,Not Deployed,s2_97_208,s1_below_1,Male,s3_80_96,s3_141_159,s2_164_318,s3_80_160,s2_2_4
16857,s2_885_1695,s2_n103_99,s4_n40_7,s1_below_4282,s1_below_2,s1_below_2001,s2_760_2075,s6_57_up,Passenger Car,s2_11_28,Deployed,s2_97_208,s1_below_1,Male,s2_37_80,s3_141_159,s2_164_318,s3_80_160,s2_2_4
16858,s3_1695_2555,s2_n103_99,s5_7_up,s1_below_4282,s2_2_3,s1_below_2001,s2_760_2075,s4_37_47,Truck (<=10000 lbs.),s4_48_64,Not Deployed,s2_97_208,s1_below_1,Female,s2_37_80,s4_159_169,s2_164_318,s6_260_up,s3_4_5
16859,s2_885_1695,s2_n103_99,s3_n81_n40,s1_below_4282,s1_below_2,s1_below_2001,s2_760_2075,s4_37_47,Passenger Car,s2_11_28,Deployed,s2_97_208,s1_below_1,Female,s2_37_80,s3_141_159,s2_164_318,s3_80_160,s2_2_4
16860,s3_1695_2555,s2_n103_99,s4_n40_7,s1_below_4282,s2_2_3,s1_below_2001,s2_760_2075,s6_57_up,Truck (<=10000 lbs.),s3_28_48,Not Deployed,s2_97_208,s2_1_2,Male,s3_80_96,s4_159_169,s2_164_318,s3_80_160,s3_4_5
16861,s3_1695_2555,s2_n103_99,s4_n40_7,s1_below_4282,s1_below_2,s2_2001_2003,s2_760_2075,s4_37_47,Truck (<=10000 lbs.),s6_76_up,Not Deployed,s2_97_208,s1_below_1,Male,s3_80_96,s4_159_169,s3_318_464,s3_80_160,s4_5_6
16862,s2_885_1695,s2_n103_99,s3_n81_n40,s1_below_4282,s1_below_2,s1_below_2001,s2_760_2075,s3_17_37,Passenger Car,s2_11_28,Deployed,s2_97_208,s1_below_1,Male,s2_37_80,s3_141_159,s2_164_318,s3_80_160,s2_2_4
16863,s2_885_1695,s2_n103_99,s4_n40_7,s1_below_4282,s1_below_2,s1_below_2001,s2_760_2075,s4_37_47,Passenger Car,s6_76_up,Not Deployed,s2_97_208,s1_below_1,Male,s3_80_96,s3_141_159,s2_164_318,s3_80_160,s2_2_4
16864,s2_885_1695,s2_n103_99,s4_n40_7,s1_below_4282,s1_below_2,s1_below_2001,s2_760_2075,s3_17_37,Passenger Car,s2_11_28,Deployed,s2_97_208,s1_below_1,Female,s2_37_80,s3_141_159,s2_164_318,s3_80_160,s2_2_4
16865,s2_885_1695,s2_n103_99,s4_n40_7,s1_below_4282,s3_3_4,s2_2001_2003,s2_760_2075,s5_47_57,Passenger Car,s2_11_28,Deployed,s2_97_208,s1_below_1,Female,s3_80_96,s3_141_159,s2_164_318,s3_80_160,s2_2_4
16866,s3_1695_2555,s2_n103_99,s4_n40_7,s1_below_4282,s1_below_2,s1_below_2001,s2_760_2075,s3_17_37,Truck (<=6000 lbs.),s4_48_64,Not Deployed,s2_97_208,s1_below_1,Female,s2_37_80,s3_141_159,s2_164_318,s3_80_160,s2_2_4
16867,s3_1695_2555,s2_n103_99,s4_n40_7,s1_below_4282,s1_below_2,s1_below_2001,s2_760_2075,s4_37_47,Truck (<=6000 lbs.),s2_11_28,Not Deployed,s2_97_208,s1_below_1,Female,s3_80_96,s4_159_169,s2_164_318,s3_80_160,s2_2_4
16868,s2_885_1695,s2_n103_99,s4_n40_7,s1_below_4282,s3_3_4,s2_2001_2003,s2_760_2075,s5_47_57,Passenger Car,s3_28_48,Deployed,s2_97_208,s1_below_1,Male,s2_37_80,s3_141_159,s2_164_318,s3_80_160,s2_2_4
16869,s3_1695_2555,s2_n103_99,s4_n40_7,s1_below_4282,s1_below_2,s2_2001_2003,s2_760_2075,s4_37_47,Truck (<=10000 lbs.),s3_28_48,Deployed,s2_97_208,s1_below_1,Male,s2_37_80,s4_159_169,s3_318_464,s3_80_160,s4_5_6
16870,s2_885_1695,s2_n103_99,s5_7_up,s1_below_4282,s3_3_4,s1_below_2001,s2_760_2075,s5_47_57,Truck (<=6000 lbs.),s3_28_48,Not Deployed,s2_97_208,s1_below_1,Female,s3_80_96,s3_141_159,s2_164_318,s6_260_up,s2_2_4
16871,s2_885_1695,s2_n103_99,s4_n40_7,s1_below_4282,s1_below_2,s1_below_2001,s2_760_2075,s3_17_37,Passenger Car,s4_48_64,Not Deployed,s2_97_208,s1_below_1,Female,s2_37_80,s3_141_159,s2_164_318,s2_40_80,s2_2_4
16872,s2_885_1695,s2_n103_99,s4_n40_7,s1_below_4282,s1_below_2,s1_below_2001,s2_760_2075,s6_57_up,Passenger Car,s2_11_28,Not Deployed,s2_97_208,s1_below_1,Female,s3_80_96,s3_141_159,s2_164_318,s3_80_160,s2_2_4
16873,s2_885_1695,s2_n103_99,s4_n40_7,s1_below_4282,s2_2_3,s1_below_2001,s2_760_2075,s3_17_37,Passenger Car,s5_64_76,Not Deployed,s2_97_208,s1_below_1,Female,s2_37_80,s3_141_159,s2_164_318,s4_160_220,s2_2_4
16874,s2_885_1695,s2_n103_99,s4_n40_7,s1_below_4282,s1_below_2,s1_below_2001,s2_760_2075,s3_17_37,Passenger Car,s2_11_28,Deployed,s2_97_208,s1_below_1,Male,s2_37_80,s3_141_159,s2_164_318,s3_80_160,s2_2_4
16875,s3_1695_2555,s2_n103_99,s4_n40_7,s1_below_4282,s1_below_2,s2_2001_2003,s2_760_2075,s3_17_37,Passenger Car,s4_48_64,Deployed,s2_97_208,s1_below_1,Male,s3_80_96,s4_159_169,s2_164_318,s2_40_80,s2_2_4
16876,s2_885_1695,s2_n103_99,s4_n40_7,s1_below_4282,s1_below_2,s2_2001_2003,s3_2075_3730,s4_37_47,Passenger Car,s2_11_28,Not Deployed,s2_97_208,s1_below_1,Female,s2_37_80,s3_141_159,s2_164_318,s2_40_80,s2_2_4
16877,s3_1695_2555,s2_n103_99,s4_n40_7,s1_below_4282,s2_2_3,s1_below_2001,s2_760_2075,s3_17_37,Truck (<=6000 lbs.),s4_48_64,Not Deployed,s2_97_208,s1_below_1,Male,s3_80_96,s3_141_159,s2_164_318,s3_80_160,s2_2_4
16878,s3_1695_2555,s2_n103_99,s4_n40_7,s1_below_4282,s1_below_2,s2_2001_2003,s3_2075_3730,s3_17_37,Passenger Car,s4_48_64,Not Deployed,s2_97_208,s1_below_1,Female,s2_37_80,s3_141_159,s2_164_318,s3_80_160,s2_2_4
16879,s2_885_1695,s2_n103_99,s5_7_up,s1_below_4282,s1_below_2,s1_below_2001,s2_760_2075,s6_57_up,Truck (<=6000 lbs.),s2_11_28,Not Deployed,s2_97_208,s1_below_1,Male,s2_37_80,s3_141_159,s3_318_464,s6_260_up,s2_2_4
16880,s2_885_1695,s2_n103_99,s4_n40_7,s1_below_4282,s2_2_3,s1_below_2001,s3_2075_3730,s5_47_57,Truck (<=6000 lbs.),s2_11_28,Deployed,s2_97_208,s1_below_1,Female,s2_37_80,s3_141_159,s2_164_318,s6_260_up,s2_2_4
16881,s3_1695_2555,s2_n103_99,s3_n81_n40,s1_below_4282,s3_3_4,s1_below_2001,s2_760_2075,s4_37_47,Truck (<=6000 lbs.),s3_28_48,Deployed,s2_97_208,s1_below_1,Female,s3_80_96,s3_141_159,s2_164_318,s2_40_80,s2_2_4
16882,s2_885_1695,s2_n103_99,s4_n40_7,s1_below_4282,s4_4_5,s1_below_2001,s2_760_2075,s3_17_37,Passenger Car,s3_28_48,Not Deployed,s2_97_208,s2_1_2,Female,s2_37_80,s3_141_159,s2_164_318,s3_80_160,s2_2_4
16883,s2_885_1695,s2_n103_99,s4_n40_7,s1_below_4282,s1_below_2,s1_below_2001,s2_760_2075,s4_37_47,Passenger Car,s2_11_28,Not Deployed,s2_97_208,s1_below_1,Female,s5_114_130,s3_141_159,s2_164_318,s3_80_160,s2_2_4
16884,s3_1695_2555,s2_n103_99,s4_n40_7,s1_below_4282,s1_below_2,s2_2001_2003,s2_760_2075,s6_57_up,Truck (<=10000 lbs.),s3_28_48,Not Deployed,s2_97_208,s1_below_1,Male,s3_80_96,s3_141_159,s3_318_464,s3_80_160,s3_4_5
16885,s2_885_1695,s2_n103_99,s4_n40_7,s1_below_4282,s1_below_2,s2_2001_2003,s2_760_2075,s5_47_57,Passenger Car,s2_11_28,Deployed,s2_97_208,s2_1_2,Female,s2_37_80,s3_141_159,s2_164_318,s3_80_160,s2_2_4
16886,s3_1695_2555,s2_n103_99,s4_n40_7,s1_below_4282,s3_3_4,s2_2001_2003,s2_760_2075,s4_37_47,Truck (<=6000 lbs.),s3_28_48,Deployed,s2_97_208,s1_below_1,Female,s5_114_130,s3_141_159,s2_164_318,s3_80_160,s2_2_4
16887,s2_885_1695,s2_n103_99,s4_n40_7,s1_below_4282,s1_below_2,s1_below_2001,s2_760_2075,s4_37_47,Passenger Car,s2_11_28,Deployed,s2_97_208,s1_below_1,Female,s2_37_80,s3_141_159,s2_164_318,s3_80_160,s2_2_4
16888,s2_885_1695,s2_n103_99,s4_n40_7,s1_below_4282,s1_below_2,s1_below_2001,s3_2075_3730,s4_37_47,Passenger Car,s3_28_48,Not Deployed,s2_97_208,s1_below_1,Female,s2_37_80,s3_141_159,s2_164_318,s2_40_80,s2_2_4
16889,s3_1695_2555,s2_n103_99,s4_n40_7,s1_below_4282,s1_below_2,s1_below_2001,s2_760_2075,s3_17_37,Truck (<=10000 lbs.),s4_48_64,Deployed,s2_97_208,s1_below_1,Female,s6_130_up,s4_159_169,s2_164_318,s4_160_220,s3_4_5
16890,s3_1695_2555,s2_n103_99,s4_n40_7,s1_below_4282,s1_below_2,s2_2001_2003,s3_2075_3730,s3_17_37,Truck (<=6000 lbs.),s3_28_48,Deployed,s2_97_208,s1_below_1,Female,s2_37_80,s4_159_169,s2_164_318,s3_80_160,s3_4_5
16891,s2_885_1695,s2_n103_99,s4_n40_7,s1_below_4282,s3_3_4,s2_2001_2003,s2_760_2075,s4_37_47,Passenger Car,s5_64_76,Not Deployed,s2_97_208,s1_below_1,Female,s2_37_80,s3_141_159,s2_164_318,s3_80_160,s2_2_4
16892,s2_885_1695,s2_n103_99,s4_n40_7,s1_below_4282,s1_below_2,s1_below_2001,s2_760_2075,s4_37_47,Passenger Car,s4_48_64,Not Deployed,s2_97_208,s1_below_1,Female,s2_37_80,s3_141_159,s2_164_318,s4_160_220,s2_2_4
16893,s3_1695_2555,s2_n103_99,s4_n40_7,s1_below_4282,s3_3_4,s1_below_2001,s3_2075_3730,s4_37_47,Truck (<=10000 lbs.),s3_28_48,Deployed,s2_97_208,s1_below_1,Female,s2_37_80,s4_159_169,s3_318_464,s3_80_160,s4_5_6
16894,s3_1695_2555,s2_n103_99,s4_n40_7,s1_below_4282,s1_below_2,s2_2001_2003,s2_760_2075,s4_37_47,Passenger Car,s4_48_64,Not Deployed,s2_97_208,s1_below_1,Male,s3_80_96,s3_141_159,s2_164_318,s4_160_220,s2_2_4
16895,s3_1695_2555,s2_n103_99,s4_n40_7,s1_below_4282,s3_3_4,s2_2001_2003,s2_760_2075,s5_47_57,Truck (<=6000 lbs.),s4_48_64,Not Deployed,s2_97_208,s1_below_1,Female,s2_37_80,s3_141_159,s2_164_318,s4_160_220,s2_2_4
16896,s2_885_1695,s2_n103_99,s4_n40_7,s1_below_4282,s4_4_5,s1_below_2001,s2_760_2075,s5_47_57,Truck (<=6000 lbs.),s3_28_48,Deployed,s2_97_208,s1_below_1,Female,s4_96_114,s3_141_159,s2_164_318,s3_80_160,s2_2_4
16897,s2_885_1695,s2_n103_99,s4_n40_7,s1_below_4282,s1_below_2,s1_below_2001,s2_760_2075,s4_37_47,Passenger Car,s2_11_28,Not Deployed,s2_97_208,s1_below_1,Female,s2_37_80,s3_141_159,s2_164_318,s3_80_160,s2_2_4
16898,s3_1695_2555,s2_n103_99,s4_n40_7,s1_below_4282,s1_below_2,s1_below_2001,s2_760_2075,s3_17_37,Truck (<=10000 lbs.),s3_28_48,Deployed,s2_97_208,s1_below_1,Male,s4_96_114,s3_141_159,s2_164_318,s3_80_160,s2_2_4
16899,s3_1695_2555,s2_n103_99,s4_n40_7,s1_below_4282,s4_4_5,s2_2001_2003,s2_760_2075,s3_17_37,Truck (<=10000 lbs.),s3_28_48,Not Deployed,s2_97_208,s1_below_1,Male,s3_80_96,s4_159_169,s2_164_318,s3_80_160,s3_4_5
16900,s3_1695_2555,s2_n103_99,s4_n40_7,s1_below_4282,s5_5_6,s1_below_2001,s2_760_2075,s5_47_57,Truck (<=10000 lbs.),s3_28_48,Deployed,s2_97_208,s1_below_1,Male,s4_96_114,s4_159_169,s3_318_464,s2_40_80,s4_5_6
16901,s2_885_1695,s2_n103_99,s4_n40_7,s1_below_4282,s2_2_3,s1_below_2001,s2_760_2075,s3_17_37,Passenger Car,s4_48_64,Not Deployed,s2_97_208,s1_below_1,Female,s2_37_80,s3_141_159,s2_164_318,s3_80_160,s2_2_4
16902,s2_885_1695,s2_n103_99,s5_7_up,s1_below_4282,s1_below_2,s2_2001_2003,s2_760_2075,s4_37_47,Passenger Car,s3_28_48,Not Deployed,s2_97_208,s1_below_1,Male,s4_96_114,s3_141_159,s2_164_318,s6_260_up,s2_2_4
16903,s2_885_1695,s2_n103_99,s4_n40_7,s1_below_4282,s1_below_2,s1_below_2001,s2_760_2075,s4_37_47,Passenger Car,s3_28_48,Not Deployed,s2_97_208,s1_below_1,Female,s2_37_80,s3_141_159,s2_164_318,s3_80_160,s2_2_4
16904,s2_885_1695,s2_n103_99,s4_n40_7,s1_below_4282,s1_below_2,s2_2001_2003,s2_760_2075,s5_47_57,Passenger Car,s2_11_28,Not Deployed,s2_97_208,s3_2_3,Female,s2_37_80,s3_141_159,s2_164_318,s2_40_80,s2_2_4
16905,s2_885_1695,s2_n103_99,s4_n40_7,s1_below_4282,s1_below_2,s1_below_2001,s2_760_2075,s4_37_47,Passenger Car,s3_28_48,Deployed,s2_97_208,s1_below_1,Male,s2_37_80,s3_141_159,s2_164_318,s3_80_160,s2_2_4
16906,s2_885_1695,s2_n103_99,s4_n40_7,s1_below_4282,s1_below_2,s1_below_2001,s2_760_2075,s5_47_57,Passenger Car,s4_48_64,Not Deployed,s2_97_208,s3_2_3,Male,s3_80_96,s3_141_159,s2_164_318,s2_40_80,s2_2_4
16907,s2_885_1695,s2_n103_99,s4_n40_7,s1_below_4282,s1_below_2,s2_2001_2003,s2_760_2075,s4_37_47,Passenger Car,s2_11_28,Not Deployed,s2_97_208,s1_below_1,Male,s2_37_80,s3_141_159,s2_164_318,s3_80_160,s2_2_4
16908,s2_885_1695,s2_n103_99,s4_n40_7,s1_below_4282,s1_below_2,s1_below_2001,s2_760_2075,s5_47_57,Truck (<=6000 lbs.),s4_48_64,Deployed,s2_97_208,s1_below_1,Female,s2_37_80,s3_141_159,s2_164_318,s3_80_160,s2_2_4
16909,s2_885_1695,s2_n103_99,s4_n40_7,s1_below_4282,s3_3_4,s1_below_2001,s2_760_2075,s5_47_57,Truck (<=6000 lbs.),s4_48_64,Not Deployed,s2_97_208,s1_below_1,Male,s3_80_96,s3_141_159,s2_164_318,s6_260_up,s2_2_4
16910,s2_885_1695,s2_n103_99,s4_n40_7,s1_below_4282,s3_3_4,s1_below_2001,s2_760_2075,s4_37_47,Truck (<=6000 lbs.),s2_11_28,Deployed,s2_97_208,s1_below_1,Female,s2_37_80,s3_141_159,s2_164_318,s4_160_220,s2_2_4
16911,s2_885_1695,s2_n103_99,s4_n40_7,s1_below_4282,s3_3_4,s1_below_2001,s2_760_2075,s4_37_47,Passenger Car,s2_11_28,Not Deployed,s2_97_208,s1_below_1,Male,s2_37_80,s3_141_159,s2_164_318,s3_80_160,s2_2_4
16912,s2_885_1695,s2_n103_99,s4_n40_7,s1_below_4282,s1_below_2,s1_below_2001,s2_760_2075,s3_17_37,Passenger Car,s2_11_28,Deployed,s2_97_208,s2_1_2,Female,s2_37_80,s3_141_159,s2_164_318,s3_80_160,s2_2_4
16913,s2_885_1695,s2_n103_99,s4_n40_7,s1_below_4282,s1_below_2,s1_below_2001,s2_760_2075,s5_47_57,Passenger Car,s2_11_28,Deployed,s2_97_208,s3_2_3,Male,s2_37_80,s3_141_159,s2_164_318,s3_80_160,s2_2_4
16914,s2_885_1695,s2_n103_99,s4_n40_7,s1_below_4282,s1_below_2,s1_below_2001,s2_760_2075,s6_57_up,Passenger Car,s2_11_28,Not Deployed,s2_97_208,s1_below_1,Female,s3_80_96,s3_141_159,s2_164_318,s3_80_160,s2_2_4
16915,s2_885_1695,s2_n103_99,s4_n40_7,s1_below_4282,s2_2_3,s1_below_2001,s2_760_2075,s5_47_57,Passenger Car,s3_28_48,Deployed,s2_97_208,s1_below_1,Female,s2_37_80,s3_141_159,s2_164_318,s4_160_220,s2_2_4
16916,s2_885_1695,s2_n103_99,s3_n81_n40,s1_below_4282,s1_below_2,s1_below_2001,s2_760_2075,s5_47_57,Truck (<=6000 lbs.),s2_11_28,Deployed,s2_97_208,s3_2_3,Male,s3_80_96,s3_141_159,s2_164_318,s3_80_160,s2_2_4
16917,s2_885_1695,s2_n103_99,s4_n40_7,s1_below_4282,s2_2_3,s2_2001_2003,s2_760_2075,s5_47_57,Passenger Car,s3_28_48,Not Deployed,s2_97_208,s1_below_1,Female,s3_80_96,s3_141_159,s2_164_318,s3_80_160,s2_2_4
16918,s2_885_1695,s2_n103_99,s4_n40_7,s1_below_4282,s2_2_3,s1_below_2001,s2_760_2075,s6_57_up,Passenger Car,s3_28_48,Deployed,s2_97_208,s2_1_2,Female,s3_80_96,s3_141_159,s2_164_318,s4_160_220,s2_2_4
16919,s3_1695_2555,s2_n103_99,s5_7_up,s1_below_4282,s1_below_2,s1_below_2001,s2_760_2075,s4_37_47,Passenger Car,s3_28_48,Not Deployed,s2_97_208,s1_below_1,Female,s2_37_80,s4_159_169,s2_164_318,s6_260_up,s2_2_4
16920,s2_885_1695,s2_n103_99,s3_n81_n40,s1_below_4282,s1_below_2,s1_below_2001,s2_760_2075,s5_47_57,Passenger Car,s2_11_28,Deployed,s2_97_208,s1_below_1,Male,s2_37_80,s3_141_159,s2_164_318,s3_80_160,s2_2_4
16921,s3_1695_2555,s2_n103_99,s4_n40_7,s1_below_4282,s2_2_3,s1_below_2001,s2_760_2075,s5_47_57,Truck (<=10000 lbs.),s2_11_28,Not Deployed,s2_97_208,s1_below_1,Male,s2_37_80,s4_159_169,s2_164_318,s3_80_160,s3_4_5
16922,s2_885_1695,s2_n103_99,s4_n40_7,s1_below_4282,s3_3_4,s1_below_2001,s2_760_2075,s4_37_47,Truck (<=6000 lbs.),s4_48_64,Deployed,s2_97_208,s1_below_1,Male,s5_114_130,s3_141_159,s2_164_318,s3_80_160,s2_2_4
16923,s3_1695_2555,s2_n103_99,s4_n40_7,s1_below_4282,s3_3_4,s2_2001_2003,s2_760_2075,s4_37_47,Truck (<=10000 lbs.),s4_48_64,Not Deployed,s2_97_208,s1_below_1,Male,s3_80_96,s4_159_169,s3_318_464,s4_160_220,s4_5_6
16924,s2_885_1695,s2_n103_99,s4_n40_7,s1_below_4282,s1_below_2,s1_below_2001,s2_760_2075,s3_17_37,Passenger Car,s6_76_up,Deployed,s2_97_208,s2_1_2,Male,s3_80_96,s3_141_159,s2_164_318,s3_80_160,s2_2_4
16925,s2_885_1695,s2_n103_99,s4_n40_7,s1_below_4282,s1_below_2,s1_below_2001,s2_760_2075,s3_17_37,Truck (<=6000 lbs.),s3_28_48,Deployed,s2_97_208,s1_below_1,Female,s2_37_80,s3_141_159,s2_164_318,s3_80_160,s2_2_4
16926,s2_885_1695,s2_n103_99,s4_n40_7,s1_below_4282,s1_below_2,s1_below_2001,s2_760_2075,s3_17_37,Passenger Car,s2_11_28,Not Deployed,s2_97_208,s1_below_1,Female,s2_37_80,s3_141_159,s2_164_318,s3_80_160,s2_2_4
16927,s3_1695_2555,s2_n103_99,s3_n81_n40,s1_below_4282,s1_below_2,s1_below_2001,s2_760_2075,s4_37_47,Truck (<=6000 lbs.),s3_28_48,Deployed,s2_97_208,s1_below_1,Male,s2_37_80,s3_141_159,s2_164_318,s3_80_160,s2_2_4
16928,s2_885_1695,s2_n103_99,s3_n81_n40,s1_below_4282,s1_below_2,s1_below_2001,s2_760_2075,s4_37_47,Passenger Car,s3_28_48,Deployed,s2_97_208,s3_2_3,Female,s2_37_80,s3_141_159,s2_164_318,s3_80_160,s2_2_4
16929,s2_885_1695,s2_n103_99,s4_n40_7,s1_below_4282,s1_below_2,s1_below_2001,s2_760_2075,s4_37_47,Passenger Car,s2_11_28,Not Deployed,s2_97_208,s1_below_1,Male,s2_37_80,s3_141_159,s2_164_318,s2_40_80,s2_2_4
16930,s3_1695_2555,s2_n103_99,s4_n40_7,s1_below_4282,s1_below_2,s1_below_2001,s2_760_2075,s5_47_57,Truck (<=6000 lbs.),s3_28_48,Not Deployed,s2_97_208,s1_below_1,Male,s2_37_80,s3_141_159,s2_164_318,s2_40_80,s2_2_4
16931,s2_885_1695,s2_n103_99,s4_n40_7,s1_below_4282,s1_below_2,s1_below_2001,s2_760_2075,s5_47_57,Passenger Car,s3_28_48,Not Deployed,s2_97_208,s1_below_1,Female,s2_37_80,s3_141_159,s2_164_318,s3_80_160,s2_2_4
16932,s3_1695_2555,s2_n103_99,s5_7_up,s1_below_4282,s1_below_2,s1_below_2001,s2_760_2075,s4_37_47,Truck (<=10000 lbs.),s3_28_48,Not Deployed,s2_97_208,s1_below_1,Male,s2_37_80,s4_159_169,s2_164_318,s6_260_up,s3_4_5
16933,s2_885_1695,s2_n103_99,s4_n40_7,s1_below_4282,s1_below_2,s1_below_2001,s3_2075_3730,s4_37_47,Passenger Car,s2_11_28,Not Deployed,s2_97_208,s1_below_1,Male,s4_96_114,s3_141_159,s2_164_318,s3_80_160,s2_2_4
16934,s2_885_1695,s2_n103_99,s4_n40_7,s1_below_4282,s1_below_2,s1_below_2001,s2_760_2075,s5_47_57,Passenger Car,s3_28_48,Deployed,s2_97_208,s1_below_1,Male,s3_80_96,s3_141_159,s2_164_318,s3_80_160,s2_2_4
16935,s2_885_1695,s2_n103_99,s4_n40_7,s1_below_4282,s2_2_3,s2_2001_2003,s2_760_2075,s5_47_57,Passenger Car,s2_11_28,Deployed,s2_97_208,s3_2_3,Female,s2_37_80,s3_141_159,s2_164_318,s3_80_160,s2_2_4
16936,s2_885_1695,s2_n103_99,s3_n81_n40,s1_below_4282,s1_below_2,s1_below_2001,s2_760_2075,s6_57_up,Passenger Car,s4_48_64,Deployed,s2_97_208,s4_3_4,Female,s2_37_80,s3_141_159,s2_164_318,s3_80_160,s2_2_4
16937,s2_885_1695,s2_n103_99,s5_7_up,s1_below_4282,s2_2_3,s1_below_2001,s2_760_2075,s3_17_37,Passenger Car,s3_28_48,Not Deployed,s2_97_208,s1_below_1,Male,s3_80_96,s3_141_159,s2_164_318,s6_260_up,s2_2_4
16938,s3_1695_2555,s2_n103_99,s4_n40_7,s1_below_4282,s3_3_4,s1_below_2001,s3_2075_3730,s4_37_47,Truck (<=10000 lbs.),s3_28_48,Not Deployed,s2_97_208,s1_below_1,Female,s5_114_130,s4_159_169,s3_318_464,s3_80_160,s4_5_6
16939,s3_1695_2555,s2_n103_99,s4_n40_7,s1_below_4282,s2_2_3,s2_2001_2003,s2_760_2075,s3_17_37,Truck (<=10000 lbs.),s2_11_28,Not Deployed,s2_97_208,s1_below_1,Male,s3_80_96,s4_159_169,s2_164_318,s3_80_160,s3_4_5
16940,s3_1695_2555,s2_n103_99,s4_n40_7,s1_below_4282,s3_3_4,s1_below_2001,s2_760_2075,s6_57_up,Truck (<=10000 lbs.),s4_48_64,Not Deployed,s2_97_208,s3_2_3,Female,s2_37_80,s4_159_169,s2_164_318,s3_80_160,s3_4_5
16941,s2_885_1695,s2_n103_99,s4_n40_7,s1_below_4282,s1_below_2,s1_below_2001,s2_760_2075,s4_37_47,Passenger Car,s3_28_48,Deployed,s2_97_208,s1_below_1,Male,s3_80_96,s3_141_159,s2_164_318,s3_80_160,s2_2_4
16942,s2_885_1695,s2_n103_99,s4_n40_7,s1_below_4282,s1_below_2,s1_below_2001,s2_760_2075,s3_17_37,Passenger Car,s2_11_28,Deployed,s2_97_208,s1_below_1,Female,s4_96_114,s3_141_159,s2_164_318,s3_80_160,s2_2_4
16943,s2_885_1695,s2_n103_99,s4_n40_7,s1_below_4282,s1_below_2,s2_2001_2003,s2_760_2075,s3_17_37,Passenger Car,s3_28_48,Not Deployed,s2_97_208,s1_below_1,Female,s2_37_80,s3_141_159,s2_164_318,s3_80_160,s2_2_4
16944,s3_1695_2555,s2_n103_99,s4_n40_7,s1_below_4282,s3_3_4,s2_2001_2003,s2_760_2075,s3_17_37,Truck (<=10000 lbs.),s5_64_76,Not Deployed,s2_97_208,s1_below_1,Male,s4_96_114,s4_159_169,s2_164_318,s3_80_160,s3_4_5
16945,s3_1695_2555,s2_n103_99,s3_n81_n40,s1_below_4282,s1_below_2,s1_below_2001,s2_760_2075,s5_47_57,Truck (<=10000 lbs.),s3_28_48,Deployed,s2_97_208,s2_1_2,Male,s2_37_80,s4_159_169,s3_318_464,s3_80_160,s4_5_6
16946,s3_1695_2555,s2_n103_99,s5_7_up,s1_below_4282,s2_2_3,s2_2001_2003,s2_760_2075,s6_57_up,Truck (<=6000 lbs.),s3_28_48,Not Deployed,s2_97_208,s1_below_1,Male,s3_80_96,s3_141_159,s2_164_318,s6_260_up,s2_2_4
16947,s3_1695_2555,s2_n103_99,s4_n40_7,s1_below_4282,s3_3_4,s2_2001_2003,s2_760_2075,s3_17_37,Passenger Car,s5_64_76,Not Deployed,s2_97_208,s1_below_1,Male,s3_80_96,s3_141_159,s2_164_318,s4_160_220,s2_2_4
16948,s2_885_1695,s2_n103_99,s4_n40_7,s1_below_4282,s1_below_2,s2_2001_2003,s2_760_2075,s3_17_37,Truck (<=6000 lbs.),s3_28_48,Not Deployed,s2_97_208,s2_1_2,Male,s3_80_96,s3_141_159,s3_318_464,s2_40_80,s2_2_4
16949,s2_885_1695,s2_n103_99,s4_n40_7,s1_below_4282,s3_3_4,s1_below_2001,s2_760_2075,s4_37_47,Truck (<=6000 lbs.),s3_28_48,Deployed,s2_97_208,s1_below_1,Male,s2_37_80,s3_141_159,s2_164_318,s3_80_160,s2_2_4
16950,s2_885_1695,s2_n103_99,s4_n40_7,s1_below_4282,s3_3_4,s2_2001_2003,s2_760_2075,s4_37_47,Passenger Car,s2_11_28,Not Deployed,s2_97_208,s1_below_1,Female,s2_37_80,s3_141_159,s2_164_318,s3_80_160,s2_2_4
16951,s2_885_1695,s2_n103_99,s4_n40_7,s1_below_4282,s4_4_5,s1_below_2001,s2_760_2075,s6_57_up,Passenger Car,s2_11_28,Not Deployed,s2_97_208,s1_below_1,Male,s4_96_114,s3_141_159,s2_164_318,s4_160_220,s2_2_4
16952,s3_1695_2555,s2_n103_99,s4_n40_7,s1_below_4282,s3_3_4,s1_below_2001,s2_760_2075,s3_17_37,Truck (<=10000 lbs.),s2_11_28,Not Deployed,s2_97_208,s1_below_1,Male,s2_37_80,s5_169_179,s3_318_464,s3_80_160,s4_5_6
16953,s2_885_1695,s2_n103_99,s4_n40_7,s1_below_4282,s4_4_5,s2_2001_2003,s2_760_2075,s6_57_up,Passenger Car,s3_28_48,Deployed,s2_97_208,s1_below_1,Male,s4_96_114,s3_141_159,s2_164_318,s4_160_220,s2_2_4
16954,s3_1695_2555,s2_n103_99,s4_n40_7,s1_below_4282,s3_3_4,s1_below_2001,s2_760_2075,s3_17_37,Truck (<=10000 lbs.),s2_11_28,Not Deployed,s2_97_208,s1_below_1,Male,s4_96_114,s5_169_179,s3_318_464,s3_80_160,s4_5_6
16955,s2_885_1695,s2_n103_99,s4_n40_7,s1_below_4282,s2_2_3,s1_below_2001,s2_760_2075,s6_57_up,Passenger Car,s2_11_28,Deployed,s2_97_208,s1_below_1,Female,s2_37_80,s3_141_159,s2_164_318,s4_160_220,s2_2_4
16956,s2_885_1695,s2_n103_99,s4_n40_7,s1_below_4282,s4_4_5,s2_2001_2003,s2_760_2075,s6_57_up,Truck (<=6000 lbs.),s2_11_28,Deployed,s2_97_208,s1_below_1,Male,s3_80_96,s3_141_159,s2_164_318,s3_80_160,s2_2_4
16957,s2_885_1695,s2_n103_99,s5_7_up,s1_below_4282,s2_2_3,s2_2001_2003,s2_760_2075,s3_17_37,Passenger Car,s3_28_48,Deployed,s2_97_208,s1_below_1,Female,s3_80_96,s3_141_159,s2_164_318,s6_260_up,s2_2_4
16958,s2_885_1695,s2_n103_99,s4_n40_7,s1_below_4282,s2_2_3,s1_below_2001,s2_760_2075,s4_37_47,Truck (<=6000 lbs.),s2_11_28,Not Deployed,s2_97_208,s3_2_3,Male,s2_37_80,s2_116_141,s2_164_318,s4_160_220,s2_2_4
16959,s3_1695_2555,s2_n103_99,s5_7_up,s1_below_4282,s3_3_4,s2_2001_2003,s2_760_2075,s3_17_37,Truck (<=10000 lbs.),s3_28_48,Not Deployed,s2_97_208,s1_below_1,Female,s2_37_80,s3_141_159,s2_164_318,s6_260_up,s2_2_4
16960,s2_885_1695,s2_n103_99,s5_7_up,s1_below_4282,s3_3_4,s1_below_2001,s2_760_2075,s4_37_47,Truck (<=6000 lbs.),s3_28_48,Not Deployed,s2_97_208,s1_below_1,Female,s2_37_80,s3_141_159,s2_164_318,s6_260_up,s2_2_4
16961,s2_885_1695,s2_n103_99,s5_7_up,s1_below_4282,s3_3_4,s2_2001_2003,s2_760_2075,s6_57_up,Passenger Car,s2_11_28,Not Deployed,s2_97_208,s1_below_1,Female,s2_37_80,s3_141_159,s2_164_318,s6_260_up,s2_2_4
16962,s2_885_1695,s2_n103_99,s4_n40_7,s1_below_4282,s3_3_4,s1_below_2001,s2_760_2075,s3_17_37,Passenger Car,s2_11_28,Deployed,s2_97_208,s1_below_1,Male,s2_37_80,s3_141_159,s2_164_318,s4_160_220,s2_2_4
16963,s2_885_1695,s2_n103_99,s3_n81_n40,s1_below_4282,s3_3_4,s2_2001_2003,s3_2075_3730,s3_17_37,Passenger Car,s2_11_28,Deployed,s2_97_208,s1_below_1,Female,s2_37_80,s3_141_159,s2_164_318,s3_80_160,s2_2_4
16964,s4_2555_3715,s2_n103_99,s4_n40_7,s1_below_4282,s1_below_2,s1_below_2001,s2_760_2075,s3_17_37,Truck (<=10000 lbs.),s3_28_48,Not Deployed,s2_97_208,s2_1_2,Male,s3_80_96,s5_169_179,s3_318_464,s4_160_220,s5_6_7
16965,s3_1695_2555,s2_n103_99,s4_n40_7,s1_below_4282,s3_3_4,s1_below_2001,s2_760_2075,s4_37_47,Truck (<=6000 lbs.),s3_28_48,Deployed,s2_97_208,s1_below_1,Male,s3_80_96,s3_141_159,s3_318_464,s3_80_160,s3_4_5
16966,s2_885_1695,s2_n103_99,s4_n40_7,s1_below_4282,s2_2_3,s2_2001_2003,s2_760_2075,s4_37_47,Truck (<=6000 lbs.),s2_11_28,Not Deployed,s2_97_208,s2_1_2,Male,s2_37_80,s4_159_169,s2_164_318,s3_80_160,s2_2_4
16967,s2_885_1695,s2_n103_99,s4_n40_7,s1_below_4282,s3_3_4,s1_below_2001,s2_760_2075,s3_17_37,Truck (<=6000 lbs.),s2_11_28,Deployed,s2_97_208,s1_below_1,Female,s2_37_80,s3_141_159,s2_164_318,s4_160_220,s2_2_4
16968,s2_885_1695,s2_n103_99,s4_n40_7,s1_below_4282,s4_4_5,s1_below_2001,s2_760_2075,s3_17_37,Passenger Car,s2_11_28,Deployed,s2_97_208,s1_below_1,Female,s2_37_80,s3_141_159,s2_164_318,s3_80_160,s2_2_4
16969,s2_885_1695,s2_n103_99,s4_n40_7,s1_below_4282,s2_2_3,s2_2001_2003,s2_760_2075,s3_17_37,Passenger Car,s4_48_64,Deployed,s2_97_208,s1_below_1,Female,s4_96_114,s3_141_159,s2_164_318,s3_80_160,s2_2_4
16970,s2_885_1695,s2_n103_99,s4_n40_7,s1_below_4282,s1_below_2,s2_2001_2003,s2_760_2075,s4_37_47,Passenger Car,s2_11_28,Deployed,s2_97_208,s1_below_1,Female,s2_37_80,s3_141_159,s2_164_318,s3_80_160,s2_2_4
16971,s3_1695_2555,s2_n103_99,s4_n40_7,s1_below_4282,s3_3_4,s1_below_2001,s2_760_2075,s3_17_37,Truck (<=10000 lbs.),s3_28_48,Not Deployed,s2_97_208,s1_below_1,Male,s2_37_80,s4_159_169,s2_164_318,s4_160_220,s3_4_5
16972,s2_885_1695,s2_n103_99,s4_n40_7,s1_below_4282,s3_3_4,s1_below_2001,s2_760_2075,s4_37_47,Passenger Car,s4_48_64,Not Deployed,s2_97_208,s1_below_1,Female,s3_80_96,s3_141_159,s2_164_318,s2_40_80,s2_2_4
16973,s2_885_1695,s2_n103_99,s4_n40_7,s1_below_4282,s2_2_3,s1_below_2001,s2_760_2075,s4_37_47,Passenger Car,s2_11_28,Deployed,s2_97_208,s1_below_1,Female,s2_37_80,s3_141_159,s2_164_318,s3_80_160,s2_2_4
16974,s3_1695_2555,s2_n103_99,s4_n40_7,s1_below_4282,s1_below_2,s1_below_2001,s2_760_2075,s3_17_37,Truck (<=10000 lbs.),s2_11_28,Not Deployed,s2_97_208,s4_3_4,Male,s2_37_80,s4_159_169,s3_318_464,s2_40_80,s5_6_7
16975,s2_885_1695,s2_n103_99,s4_n40_7,s1_below_4282,s1_below_2,s1_below_2001,s2_760_2075,s4_37_47,Passenger Car,s3_28_48,Deployed,s2_97_208,s1_below_1,Male,s2_37_80,s3_141_159,s2_164_318,s3_80_160,s2_2_4
16976,s3_1695_2555,s2_n103_99,s5_7_up,s1_below_4282,s3_3_4,s2_2001_2003,s2_760_2075,s3_17_37,Truck (<=10000 lbs.),s2_11_28,Not Deployed,s2_97_208,s1_below_1,Male,s2_37_80,s5_169_179,s3_318_464,s5_220_260,s4_5_6
16977,s2_885_1695,s2_n103_99,s4_n40_7,s1_below_4282,s3_3_4,s2_2001_2003,s2_760_2075,s3_17_37,Passenger Car,s4_48_64,Deployed,s2_97_208,s2_1_2,Male,s4_96_114,s3_141_159,s2_164_318,s3_80_160,s2_2_4
16978,s2_885_1695,s2_n103_99,s4_n40_7,s1_below_4282,s3_3_4,s1_below_2001,s2_760_2075,s4_37_47,Passenger Car,s2_11_28,Deployed,s2_97_208,s2_1_2,Female,s2_37_80,s3_141_159,s2_164_318,s3_80_160,s2_2_4
16979,s3_1695_2555,s2_n103_99,s4_n40_7,s1_below_4282,s3_3_4,s2_2001_2003,s2_760_2075,s3_17_37,Truck (<=10000 lbs.),s4_48_64,Deployed,s2_97_208,s1_below_1,Male,s3_80_96,s2_116_141,s3_318_464,s3_80_160,s3_4_5
16980,s2_885_1695,s2_n103_99,s4_n40_7,s1_below_4282,s3_3_4,s1_below_2001,s2_760_2075,s3_17_37,Passenger Car,s3_28_48,Deployed,s2_97_208,s1_below_1,Male,s2_37_80,s3_141_159,s2_164_318,s3_80_160,s2_2_4
16981,s3_1695_2555,s2_n103_99,s4_n40_7,s1_below_4282,s2_2_3,s1_below_2001,s2_760_2075,s4_37_47,Truck (<=10000 lbs.),s3_28_48,Not Deployed,s2_97_208,s1_below_1,Female,s2_37_80,s2_116_141,s3_318_464,s3_80_160,s3_4_5
16982,s2_885_1695,s2_n103_99,s4_n40_7,s1_below_4282,s3_3_4,s1_below_2001,s2_760_2075,s4_37_47,Passenger Car,s2_11_28,Deployed,s2_97_208,s1_below_1,Female,s2_37_80,s3_141_159,s2_164_318,s4_160_220,s2_2_4
16983,s2_885_1695,s2_n103_99,s4_n40_7,s1_below_4282,s2_2_3,s1_below_2001,s2_760_2075,s4_37_47,Passenger Car,s3_28_48,Not Deployed,s2_97_208,s1_below_1,Female,s2_37_80,s3_141_159,s2_164_318,s3_80_160,s2_2_4
16984,s3_1695_2555,s2_n103_99,s4_n40_7,s1_below_4282,s2_2_3,s1_below_2001,s2_760_2075,s4_37_47,Truck (<=10000 lbs.),s3_28_48,Not Deployed,s2_97_208,s1_below_1,Female,s2_37_80,s4_159_169,s2_164_318,s3_80_160,s3_4_5
16985,s2_885_1695,s2_n103_99,s5_7_up,s1_below_4282,s4_4_5,s1_below_2001,s3_2075_3730,s6_57_up,Passenger Car,s3_28_48,Not Deployed,s2_97_208,s2_1_2,Female,s3_80_96,s3_141_159,s2_164_318,s1_below_40,s2_2_4
16986,s2_885_1695,s2_n103_99,s4_n40_7,s1_below_4282,s1_below_2,s1_below_2001,s2_760_2075,s3_17_37,Passenger Car,s2_11_28,Deployed,s2_97_208,s1_below_1,Female,s2_37_80,s3_141_159,s2_164_318,s3_80_160,s2_2_4
16987,s3_1695_2555,s2_n103_99,s4_n40_7,s1_below_4282,s3_3_4,s2_2001_2003,s2_760_2075,s6_57_up,Truck (<=10000 lbs.),s4_48_64,Not Deployed,s2_97_208,s3_2_3,Female,s2_37_80,s4_159_169,s2_164_318,s3_80_160,s3_4_5
16988,s3_1695_2555,s2_n103_99,s4_n40_7,s1_below_4282,s1_below_2,s1_below_2001,s2_760_2075,s4_37_47,Truck (<=10000 lbs.),s2_11_28,Not Deployed,s2_97_208,s1_below_1,Female,s2_37_80,s3_141_159,s2_164_318,s3_80_160,s2_2_4
16989,s2_885_1695,s2_n103_99,s4_n40_7,s1_below_4282,s3_3_4,s1_below_2001,s2_760_2075,s4_37_47,Passenger Car,s2_11_28,Deployed,s2_97_208,s1_below_1,Female,s2_37_80,s3_141_159,s2_164_318,s3_80_160,s2_2_4
16990,s3_1695_2555,s2_n103_99,s4_n40_7,s1_below_4282,s1_below_2,s1_below_2001,s2_760_2075,s4_37_47,Truck (<=10000 lbs.),s4_48_64,Not Deployed,s2_97_208,s1_below_1,Female,s3_80_96,s4_159_169,s2_164_318,s4_160_220,s3_4_5
16991,s2_885_1695,s2_n103_99,s5_7_up,s1_below_4282,s4_4_5,s1_below_2001,s2_760_2075,s6_57_up,Passenger Car,s3_28_48,Deployed,s2_97_208,s1_below_1,Male,s4_96_114,s3_141_159,s2_164_318,s6_260_up,s2_2_4
16992,s2_885_1695,s2_n103_99,s4_n40_7,s1_below_4282,s3_3_4,s1_below_2001,s2_760_2075,s6_57_up,Truck (<=6000 lbs.),s2_11_28,Not Deployed,s2_97_208,s1_below_1,Female,s2_37_80,s3_141_159,s2_164_318,s3_80_160,s2_2_4
16993,s3_1695_2555,s2_n103_99,s4_n40_7,s1_below_4282,s3_3_4,s1_below_2001,s2_760_2075,s6_57_up,Truck (<=6000 lbs.),s4_48_64,Deployed,s2_97_208,s1_below_1,Male,s3_80_96,s4_159_169,s2_164_318,s3_80_160,s3_4_5
16994,s2_885_1695,s2_n103_99,s4_n40_7,s1_below_4282,s3_3_4,s1_below_2001,s2_760_2075,s3_17_37,Passenger Car,s2_11_28,Deployed,s2_97_208,s1_below_1,Male,s3_80_96,s3_141_159,s2_164_318,s3_80_160,s2_2_4
16995,s2_885_1695,s2_n103_99,s4_n40_7,s1_below_4282,s2_2_3,s1_below_2001,s2_760_2075,s3_17_37,Passenger Car,s2_11_28,Not Deployed,s2_97_208,s1_below_1,Female,s2_37_80,s3_141_159,s2_164_318,s3_80_160,s2_2_4
16996,s2_885_1695,s2_n103_99,s4_n40_7,s1_below_4282,s3_3_4,s1_below_2001,s3_2075_3730,s6_57_up,Passenger Car,s2_11_28,Deployed,s2_97_208,s1_below_1,Female,s2_37_80,s3_141_159,s2_164_318,s4_160_220,s2_2_4
16997,s2_885_1695,s2_n103_99,s5_7_up,s1_below_4282,s3_3_4,s2_2001_2003,s2_760_2075,s6_57_up,Passenger Car,s3_28_48,Not Deployed,s2_97_208,s1_below_1,Female,s2_37_80,s3_141_159,s2_164_318,s6_260_up,s2_2_4
16998,s2_885_1695,s2_n103_99,s4_n40_7,s1_below_4282,s4_4_5,s1_below_2001,s2_760_2075,s3_17_37,Passenger Car,s2_11_28,Deployed,s2_97_208,s1_below_1,Male,s3_80_96,s3_141_159,s2_164_318,s3_80_160,s2_2_4
16999,s2_885_1695,s2_n103_99,s4_n40_7,s1_below_4282,s1_below_2,s2_2001_2003,s2_760_2075,s4_37_47,Passenger Car,s3_28_48,Not Deployed,s2_97_208,s1_below_1,Female,s2_37_80,s3_141_159,s2_164_318,s3_80_160,s2_2_4
17000,s2_885_1695,s2_n103_99,s4_n40_7,s1_below_4282,s1_below_2,s1_below_2001,s2_760_2075,s3_17_37,Passenger Car,s4_48_64,Not Deployed,s2_97_208,s1_below_1,Female,s2_37_80,s3_141_159,s2_164_318,s4_160_220,s2_2_4
17001,s2_885_1695,s2_n103_99,s4_n40_7,s1_below_4282,s2_2_3,s1_below_2001,s2_760_2075,s3_17_37,Passenger Car,s2_11_28,Deployed,s2_97_208,s1_below_1,Male,s4_96_114,s3_141_159,s2_164_318,s4_160_220,s2_2_4
17002,s3_1695_2555,s2_n103_99,s4_n40_7,s1_below_4282,s2_2_3,s1_below_2001,s2_760_2075,s3_17_37,Truck (<=10000 lbs.),s4_48_64,Not Deployed,s2_97_208,s1_below_1,Male,s2_37_80,s4_159_169,s3_318_464,s4_160_220,s4_5_6
17003,s2_885_1695,s2_n103_99,s4_n40_7,s1_below_4282,s2_2_3,s1_below_2001,s2_760_2075,s3_17_37,Passenger Car,s2_11_28,Deployed,s2_97_208,s1_below_1,Female,s3_80_96,s3_141_159,s2_164_318,s3_80_160,s2_2_4
17004,s2_885_1695,s2_n103_99,s4_n40_7,s1_below_4282,s4_4_5,s1_below_2001,s2_760_2075,s4_37_47,Passenger Car,s4_48_64,Not Deployed,s2_97_208,s1_below_1,Female,s2_37_80,s3_141_159,s2_164_318,s3_80_160,s2_2_4
17005,s3_1695_2555,s2_n103_99,s4_n40_7,s1_below_4282,s2_2_3,s1_below_2001,s2_760_2075,s4_37_47,Truck (<=10000 lbs.),s3_28_48,Deployed,s2_97_208,s1_below_1,Male,s2_37_80,s5_169_179,s2_164_318,s3_80_160,s3_4_5
17006,s2_885_1695,s2_n103_99,s4_n40_7,s1_below_4282,s3_3_4,s1_below_2001,s2_760_2075,s3_17_37,Passenger Car,s2_11_28,Deployed,s2_97_208,s1_below_1,Male,s3_80_96,s3_141_159,s2_164_318,s4_160_220,s2_2_4
17007,s2_885_1695,s2_n103_99,s4_n40_7,s1_below_4282,s3_3_4,s2_2001_2003,s2_760_2075,s6_57_up,Passenger Car,s4_48_64,Deployed,s2_97_208,s1_below_1,Female,s2_37_80,s3_141_159,s2_164_318,s3_80_160,s2_2_4
17008,s2_885_1695,s2_n103_99,s4_n40_7,s1_below_4282,s2_2_3,s1_below_2001,s2_760_2075,s4_37_47,Passenger Car,s2_11_28,Not Deployed,s2_97_208,s1_below_1,Female,s2_37_80,s3_141_159,s2_164_318,s3_80_160,s2_2_4
17009,s2_885_1695,s2_n103_99,s5_7_up,s1_below_4282,s5_5_6,s1_below_2001,s4_3730_up,s6_57_up,Passenger Car,s3_28_48,Deployed,s2_97_208,s1_below_1,Male,s2_37_80,s3_141_159,s2_164_318,s6_260_up,s2_2_4
17010,s2_885_1695,s2_n103_99,s4_n40_7,s1_below_4282,s2_2_3,s1_below_2001,s3_2075_3730,s4_37_47,Passenger Car,s2_11_28,Deployed,s2_97_208,s1_below_1,Female,s2_37_80,s3_141_159,s2_164_318,s3_80_160,s2_2_4
17011,s2_885_1695,s2_n103_99,s4_n40_7,s1_below_4282,s2_2_3,s1_below_2001,s2_760_2075,s3_17_37,Passenger Car,s2_11_28,Deployed,s2_97_208,s1_below_1,Male,s4_96_114,s3_141_159,s2_164_318,s4_160_220,s2_2_4
17012,s2_885_1695,s2_n103_99,s4_n40_7,s1_below_4282,s3_3_4,s2_2001_2003,s2_760_2075,s4_37_47,Passenger Car,s3_28_48,Deployed,s2_97_208,s1_below_1,Female,s3_80_96,s3_141_159,s2_164_318,s3_80_160,s2_2_4
17013,s2_885_1695,s2_n103_99,s4_n40_7,s1_below_4282,s2_2_3,s2_2001_2003,s2_760_2075,s3_17_37,Passenger Car,s3_28_48,Deployed,s2_97_208,s1_below_1,Male,s2_37_80,s3_141_159,s2_164_318,s3_80_160,s2_2_4
17014,s3_1695_2555,s2_n103_99,s5_7_up,s1_below_4282,s4_4_5,s1_below_2001,s2_760_2075,s6_57_up,Truck (<=10000 lbs.),s2_11_28,Not Deployed,s2_97_208,s1_below_1,Male,s3_80_96,s3_141_159,s3_318_464,s6_260_up,s3_4_5
17015,s2_885_1695,s2_n103_99,s4_n40_7,s1_below_4282,s4_4_5,s2_2001_2003,s2_760_2075,s6_57_up,Passenger Car,s3_28_48,Not Deployed,s2_97_208,s1_below_1,Male,s2_37_80,s3_141_159,s2_164_318,s3_80_160,s2_2_4
17016,s2_885_1695,s2_n103_99,s4_n40_7,s1_below_4282,s5_5_6,s1_below_2001,s3_2075_3730,s4_37_47,Passenger Car,s2_11_28,Deployed,s2_97_208,s1_below_1,Male,s2_37_80,s3_141_159,s2_164_318,s3_80_160,s2_2_4
17017,s4_2555_3715,s2_n103_99,s4_n40_7,s1_below_4282,s4_4_5,s2_2001_2003,s2_760_2075,s3_17_37,Truck (<=10000 lbs.),s2_11_28,Deployed,s2_97_208,s1_below_1,Male,s3_80_96,s3_141_159,s3_318_464,s2_40_80,s4_5_6
17018,s3_1695_2555,s2_n103_99,s4_n40_7,s1_below_4282,s1_below_2,s2_2001_2003,s2_760_2075,s1_below_7,Truck (<=10000 lbs.),s4_48_64,Not Deployed,s2_97_208,s1_below_1,Male,s4_96_114,s4_159_169,s2_164_318,s3_80_160,s3_4_5
17019,s2_885_1695,s2_n103_99,s4_n40_7,s1_below_4282,s3_3_4,s2_2001_2003,s2_760_2075,s3_17_37,Passenger Car,s3_28_48,Deployed,s2_97_208,s1_below_1,Male,s3_80_96,s3_141_159,s2_164_318,s3_80_160,s2_2_4
17020,s2_885_1695,s2_n103_99,s5_7_up,s1_below_4282,s3_3_4,s1_below_2001,s3_2075_3730,s6_57_up,Passenger Car,s2_11_28,Deployed,s2_97_208,s2_1_2,Female,s2_37_80,s3_141_159,s2_164_318,s6_260_up,s2_2_4
17021,s4_2555_3715,s2_n103_99,s3_n81_n40,s1_below_4282,s2_2_3,s1_below_2001,s2_760_2075,s4_37_47,Truck (<=10000 lbs.),s2_11_28,Deployed,s2_97_208,s1_below_1,Male,s2_37_80,s4_159_169,s3_318_464,s3_80_160,s4_5_6
17022,s2_885_1695,s2_n103_99,s4_n40_7,s1_below_4282,s3_3_4,s1_below_2001,s2_760_2075,s3_17_37,Passenger Car,s3_28_48,Not Deployed,s2_97_208,s1_below_1,Male,s3_80_96,s3_141_159,s2_164_318,s3_80_160,s2_2_4
17023,s2_885_1695,s2_n103_99,s4_n40_7,s1_below_4282,s3_3_4,s2_2001_2003,s2_760_2075,s4_37_47,Truck (<=6000 lbs.),s3_28_48,Deployed,s2_97_208,s1_below_1,Female,s2_37_80,s3_141_159,s2_164_318,s2_40_80,s2_2_4
17024,s2_885_1695,s2_n103_99,s3_n81_n40,s1_below_4282,s3_3_4,s1_below_2001,s2_760_2075,s5_47_57,Passenger Car,s2_11_28,Deployed,s2_97_208,s3_2_3,Female,s2_37_80,s3_141_159,s2_164_318,s3_80_160,s2_2_4
17025,s2_885_1695,s2_n103_99,s4_n40_7,s1_below_4282,s4_4_5,s1_below_2001,s3_2075_3730,s3_17_37,Passenger Car,s4_48_64,Deployed,s2_97_208,s1_below_1,Male,s2_37_80,s3_141_159,s2_164_318,s3_80_160,s2_2_4
17026,s2_885_1695,s2_n103_99,s4_n40_7,s1_below_4282,s2_2_3,s1_below_2001,s2_760_2075,s3_17_37,Passenger Car,s2_11_28,Not Deployed,s2_97_208,s1_below_1,Female,s2_37_80,s3_141_159,s2_164_318,s3_80_160,s2_2_4
17027,s2_885_1695,s2_n103_99,s5_7_up,s1_below_4282,s1_below_2,s1_below_2001,s2_760_2075,s5_47_57,Passenger Car,s2_11_28,Not Deployed,s2_97_208,s1_below_1,Female,s2_37_80,s3_141_159,s2_164_318,s6_260_up,s2_2_4
17028,s2_885_1695,s2_n103_99,s4_n40_7,s1_below_4282,s1_below_2,s2_2001_2003,s2_760_2075,s3_17_37,Passenger Car,s4_48_64,Deployed,s2_97_208,s1_below_1,Female,s5_114_130,s3_141_159,s2_164_318,s3_80_160,s2_2_4
17029,s2_885_1695,s2_n103_99,s4_n40_7,s1_below_4282,s1_below_2,s1_below_2001,s2_760_2075,s3_17_37,Passenger Car,s3_28_48,Deployed,s2_97_208,s1_below_1,Female,s2_37_80,s3_141_159,s2_164_318,s3_80_160,s2_2_4
17030,s2_885_1695,s2_n103_99,s4_n40_7,s1_below_4282,s1_below_2,s2_2001_2003,s2_760_2075,s3_17_37,Passenger Car,s3_28_48,Deployed,s2_97_208,s1_below_1,Male,s4_96_114,s3_141_159,s2_164_318,s3_80_160,s2_2_4
17031,s3_1695_2555,s2_n103_99,s4_n40_7,s1_below_4282,s1_below_2,s1_below_2001,s2_760_2075,s3_17_37,Passenger Car,s5_64_76,Deployed,s2_97_208,s1_below_1,Male,s3_80_96,s4_159_169,s2_164_318,s3_80_160,s3_4_5
17032,s2_885_1695,s2_n103_99,s4_n40_7,s1_below_4282,s1_below_2,s2_2001_2003,s2_760_2075,s5_47_57,Passenger Car,s5_64_76,Not Deployed,s2_97_208,s1_below_1,Male,s3_80_96,s3_141_159,s2_164_318,s4_160_220,s2_2_4
17033,s2_885_1695,s2_n103_99,s4_n40_7,s1_below_4282,s3_3_4,s1_below_2001,s2_760_2075,s3_17_37,Truck (<=6000 lbs.),s2_11_28,Not Deployed,s2_97_208,s3_2_3,Male,s2_37_80,s3_141_159,s2_164_318,s2_40_80,s2_2_4
17034,s2_885_1695,s2_n103_99,s5_7_up,s1_below_4282,s1_below_2,s2_2001_2003,s2_760_2075,s5_47_57,Passenger Car,s4_48_64,Not Deployed,s2_97_208,s1_below_1,Male,s2_37_80,s3_141_159,s2_164_318,s6_260_up,s2_2_4
17035,s2_885_1695,s2_n103_99,s4_n40_7,s1_below_4282,s4_4_5,s1_below_2001,s3_2075_3730,s3_17_37,Passenger Car,s2_11_28,Not Deployed,s2_97_208,s1_below_1,Female,s2_37_80,s3_141_159,s2_164_318,s4_160_220,s2_2_4
17036,s3_1695_2555,s2_n103_99,s4_n40_7,s1_below_4282,s4_4_5,s1_below_2001,s2_760_2075,s5_47_57,Passenger Car,s4_48_64,Not Deployed,s2_97_208,s1_below_1,Male,s4_96_114,s3_141_159,s2_164_318,s3_80_160,s2_2_4
17037,s3_1695_2555,s2_n103_99,s4_n40_7,s1_below_4282,s1_below_2,s1_below_2001,s2_760_2075,s3_17_37,Truck (<=6000 lbs.),s3_28_48,Not Deployed,s2_97_208,s1_below_1,Female,s2_37_80,s4_159_169,s2_164_318,s2_40_80,s2_2_4
17038,s2_885_1695,s2_n103_99,s5_7_up,s1_below_4282,s2_2_3,s2_2001_2003,s2_760_2075,s3_17_37,Passenger Car,s3_28_48,Not Deployed,s2_97_208,s1_below_1,Female,s3_80_96,s3_141_159,s2_164_318,s4_160_220,s2_2_4
17039,s2_885_1695,s2_n103_99,s4_n40_7,s1_below_4282,s5_5_6,s1_below_2001,s2_760_2075,s3_17_37,Passenger Car,s2_11_28,Not Deployed,s2_97_208,s1_below_1,Female,s2_37_80,s3_141_159,s2_164_318,s3_80_160,s2_2_4
17040,s2_885_1695,s2_n103_99,s4_n40_7,s1_below_4282,s4_4_5,s1_below_2001,s2_760_2075,s3_17_37,Passenger Car,s3_28_48,Not Deployed,s2_97_208,s1_below_1,Female,s2_37_80,s3_141_159,s2_164_318,s5_220_260,s2_2_4
17041,s2_885_1695,s2_n103_99,s4_n40_7,s1_below_4282,s2_2_3,s1_below_2001,s2_760_2075,s3_17_37,Passenger Car,s2_11_28,Deployed,s2_97_208,s1_below_1,Male,s2_37_80,s3_141_159,s2_164_318,s3_80_160,s2_2_4
17042,s2_885_1695,s2_n103_99,s4_n40_7,s1_below_4282,s1_below_2,s2_2001_2003,s2_760_2075,s3_17_37,Passenger Car,s4_48_64,Not Deployed,s2_97_208,s1_below_1,Female,s2_37_80,s3_141_159,s2_164_318,s3_80_160,s2_2_4
17043,s2_885_1695,s2_n103_99,s4_n40_7,s1_below_4282,s1_below_2,s1_below_2001,s2_760_2075,s3_17_37,Passenger Car,s3_28_48,Deployed,s2_97_208,s1_below_1,Female,s4_96_114,s3_141_159,s2_164_318,s3_80_160,s2_2_4
17044,s2_885_1695,s2_n103_99,s4_n40_7,s1_below_4282,s1_below_2,s1_below_2001,s2_760_2075,s3_17_37,Passenger Car,s2_11_28,Deployed,s2_97_208,s1_below_1,Male,s2_37_80,s3_141_159,s2_164_318,s3_80_160,s2_2_4
17045,s3_1695_2555,s2_n103_99,s4_n40_7,s1_below_4282,s1_below_2,s1_below_2001,s2_760_2075,s3_17_37,Truck (<=10000 lbs.),s3_28_48,Deployed,s2_97_208,s1_below_1,Male,s2_37_80,s5_169_179,s3_318_464,s3_80_160,s4_5_6
17046,s2_885_1695,s2_n103_99,s4_n40_7,s1_below_4282,s1_below_2,s1_below_2001,s2_760_2075,s5_47_57,Passenger Car,s4_48_64,Deployed,s2_97_208,s1_below_1,Male,s3_80_96,s3_141_159,s2_164_318,s3_80_160,s2_2_4
17047,s2_885_1695,s2_n103_99,s3_n81_n40,s1_below_4282,s1_below_2,s1_below_2001,s2_760_2075,s3_17_37,Passenger Car,s3_28_48,Deployed,s2_97_208,s2_1_2,Male,s2_37_80,s3_141_159,s2_164_318,s3_80_160,s2_2_4
17048,s2_885_1695,s2_n103_99,s4_n40_7,s1_below_4282,s3_3_4,s1_below_2001,s2_760_2075,s5_47_57,Passenger Car,s4_48_64,Not Deployed,s2_97_208,s1_below_1,Female,s2_37_80,s3_141_159,s2_164_318,s4_160_220,s2_2_4
17049,s2_885_1695,s2_n103_99,s4_n40_7,s1_below_4282,s2_2_3,s1_below_2001,s2_760_2075,s3_17_37,Passenger Car,s5_64_76,Not Deployed,s2_97_208,s3_2_3,Male,s3_80_96,s3_141_159,s2_164_318,s3_80_160,s2_2_4
17050,s2_885_1695,s2_n103_99,s4_n40_7,s1_below_4282,s1_below_2,s1_below_2001,s2_760_2075,s3_17_37,Truck (<=6000 lbs.),s3_28_48,Not Deployed,s2_97_208,s1_below_1,Female,s3_80_96,s3_141_159,s2_164_318,s3_80_160,s2_2_4
17051,s3_1695_2555,s2_n103_99,s4_n40_7,s1_below_4282,s3_3_4,s1_below_2001,s2_760_2075,s4_37_47,Truck (<=6000 lbs.),s4_48_64,Deployed,s2_97_208,s2_1_2,Female,s2_37_80,s3_141_159,s2_164_318,s4_160_220,s2_2_4
17052,s2_885_1695,s2_n103_99,s4_n40_7,s1_below_4282,s2_2_3,s1_below_2001,s2_760_2075,s5_47_57,Passenger Car,s3_28_48,Deployed,s2_97_208,s2_1_2,Female,s2_37_80,s3_141_159,s2_164_318,s3_80_160,s2_2_4
17053,s2_885_1695,s2_n103_99,s4_n40_7,s1_below_4282,s2_2_3,s1_below_2001,s2_760_2075,s5_47_57,Passenger Car,s4_48_64,Deployed,s2_97_208,s2_1_2,Male,s2_37_80,s3_141_159,s2_164_318,s6_260_up,s2_2_4
17054,s2_885_1695,s2_n103_99,s4_n40_7,s1_below_4282,s4_4_5,s1_below_2001,s2_760_2075,s3_17_37,Passenger Car,s2_11_28,Deployed,s2_97_208,s2_1_2,Female,s2_37_80,s3_141_159,s2_164_318,s3_80_160,s2_2_4
17055,s2_885_1695,s2_n103_99,s4_n40_7,s1_below_4282,s2_2_3,s1_below_2001,s2_760_2075,s3_17_37,Passenger Car,s3_28_48,Not Deployed,s2_97_208,s1_below_1,Female,s4_96_114,s3_141_159,s2_164_318,s2_40_80,s2_2_4
17056,s3_1695_2555,s2_n103_99,s4_n40_7,s1_below_4282,s4_4_5,s1_below_2001,s2_760_2075,s4_37_47,Truck (<=6000 lbs.),s3_28_48,Not Deployed,s2_97_208,s1_below_1,Female,s2_37_80,s4_159_169,s2_164_318,s3_80_160,s3_4_5
17057,s3_1695_2555,s2_n103_99,s4_n40_7,s1_below_4282,s1_below_2,s2_2001_2003,s2_760_2075,s3_17_37,Truck (<=6000 lbs.),s3_28_48,Not Deployed,s2_97_208,s1_below_1,Male,s3_80_96,s4_159_169,s2_164_318,s2_40_80,s3_4_5
17058,s2_885_1695,s2_n103_99,s4_n40_7,s1_below_4282,s3_3_4,s1_below_2001,s2_760_2075,s4_37_47,Passenger Car,s2_11_28,Not Deployed,s2_97_208,s1_below_1,Female,s2_37_80,s3_141_159,s2_164_318,s3_80_160,s2_2_4
17059,s3_1695_2555,s2_n103_99,s5_7_up,s1_below_4282,s2_2_3,s1_below_2001,s2_760_2075,s5_47_57,Passenger Car,s2_11_28,Not Deployed,s2_97_208,s1_below_1,Male,s4_96_114,s4_159_169,s2_164_318,s6_260_up,s2_2_4
17060,s2_885_1695,s2_n103_99,s4_n40_7,s1_below_4282,s1_below_2,s1_below_2001,s2_760_2075,s4_37_47,Passenger Car,s4_48_64,Deployed,s2_97_208,s1_below_1,Female,s4_96_114,s3_141_159,s2_164_318,s3_80_160,s2_2_4
17061,s2_885_1695,s2_n103_99,s4_n40_7,s1_below_4282,s3_3_4,s2_2001_2003,s2_760_2075,s3_17_37,Passenger Car,s5_64_76,Deployed,s2_97_208,s3_2_3,Male,s3_80_96,s3_141_159,s2_164_318,s3_80_160,s2_2_4
17062,s2_885_1695,s2_n103_99,s4_n40_7,s1_below_4282,s1_below_2,s1_below_2001,s2_760_2075,s4_37_47,Passenger Car,s2_11_28,Deployed,s2_97_208,s3_2_3,Female,s2_37_80,s3_141_159,s2_164_318,s3_80_160,s2_2_4
17063,s2_885_1695,s2_n103_99,s4_n40_7,s1_below_4282,s1_below_2,s1_below_2001,s2_760_2075,s3_17_37,Passenger Car,s2_11_28,Deployed,s2_97_208,s2_1_2,Male,s3_80_96,s3_141_159,s2_164_318,s3_80_160,s2_2_4
17064,s3_1695_2555,s2_n103_99,s5_7_up,s1_below_4282,s3_3_4,s2_2001_2003,s2_760_2075,s4_37_47,Truck (<=6000 lbs.),s2_11_28,Not Deployed,s2_97_208,s1_below_1,Female,s3_80_96,s3_141_159,s3_318_464,s5_220_260,s3_4_5
17065,s2_885_1695,s2_n103_99,s4_n40_7,s1_below_4282,s2_2_3,s1_below_2001,s2_760_2075,s3_17_37,Passenger Car,s2_11_28,Not Deployed,s2_97_208,s1_below_1,Female,s2_37_80,s3_141_159,s2_164_318,s3_80_160,s2_2_4
17066,s2_885_1695,s2_n103_99,s4_n40_7,s1_below_4282,s6_6_up,s1_below_2001,s2_760_2075,s3_17_37,Passenger Car,s3_28_48,Deployed,s2_97_208,s1_below_1,Male,s3_80_96,s3_141_159,s2_164_318,s3_80_160,s2_2_4
17067,s2_885_1695,s2_n103_99,s4_n40_7,s1_below_4282,s6_6_up,s1_below_2001,s3_2075_3730,s4_37_47,Passenger Car,s2_11_28,Not Deployed,s2_97_208,s2_1_2,Female,s2_37_80,s3_141_159,s2_164_318,s4_160_220,s2_2_4
17068,s3_1695_2555,s2_n103_99,s4_n40_7,s1_below_4282,s6_6_up,s1_below_2001,s2_760_2075,s4_37_47,Passenger Car,s3_28_48,Deployed,s2_97_208,s1_below_1,Female,s2_37_80,s3_141_159,s2_164_318,s3_80_160,s2_2_4
17069,s3_1695_2555,s2_n103_99,s4_n40_7,s1_below_4282,s1_below_2,s1_below_2001,s2_760_2075,s3_17_37,Truck (<=6000 lbs.),s3_28_48,Not Deployed,s2_97_208,s1_below_1,Female,s2_37_80,s4_159_169,s2_164_318,s2_40_80,s3_4_5
17070,s3_1695_2555,s2_n103_99,s4_n40_7,s1_below_4282,s3_3_4,s2_2001_2003,s2_760_2075,s3_17_37,Truck (<=6000 lbs.),s2_11_28,Deployed,s2_97_208,s1_below_1,Male,s2_37_80,s3_141_159,s2_164_318,s3_80_160,s2_2_4
17071,s2_885_1695,s2_n103_99,s4_n40_7,s1_below_4282,s1_below_2,s1_below_2001,s2_760_2075,s3_17_37,Passenger Car,s4_48_64,Not Deployed,s2_97_208,s1_below_1,Male,s3_80_96,s3_141_159,s2_164_318,s4_160_220,s2_2_4
17072,s3_1695_2555,s2_n103_99,s4_n40_7,s1_below_4282,s3_3_4,s2_2001_2003,s2_760_2075,s3_17_37,Truck (<=6000 lbs.),s2_11_28,Not Deployed,s2_97_208,s1_below_1,Female,s2_37_80,s6_179_up,s2_164_318,s3_80_160,s2_2_4
17073,s3_1695_2555,s2_n103_99,s4_n40_7,s1_below_4282,s1_below_2,s1_below_2001,s2_760_2075,s4_37_47,Truck (<=6000 lbs.),s2_11_28,Deployed,s2_97_208,s1_below_1,Female,s6_130_up,s3_141_159,s2_164_318,s4_160_220,s2_2_4
17074,s3_1695_2555,s2_n103_99,s4_n40_7,s1_below_4282,s1_below_2,s1_below_2001,s2_760_2075,s3_17_37,Truck (<=10000 lbs.),s2_11_28,Deployed,s2_97_208,s2_1_2,Male,s3_80_96,s4_159_169,s2_164_318,s3_80_160,s3_4_5
17075,s3_1695_2555,s2_n103_99,s4_n40_7,s1_below_4282,s1_below_2,s2_2001_2003,s2_760_2075,s3_17_37,Truck (<=6000 lbs.),s3_28_48,Not Deployed,s2_97_208,s1_below_1,Male,s3_80_96,s3_141_159,s2_164_318,s2_40_80,s2_2_4
17076,s2_885_1695,s2_n103_99,s4_n40_7,s1_below_4282,s1_below_2,s1_below_2001,s3_2075_3730,s3_17_37,Truck (<=6000 lbs.),s3_28_48,Deployed,s2_97_208,s1_below_1,Male,s2_37_80,s5_169_179,s2_164_318,s3_80_160,s3_4_5
17077,s2_885_1695,s2_n103_99,s4_n40_7,s1_below_4282,s2_2_3,s1_below_2001,s2_760_2075,s3_17_37,Passenger Car,s2_11_28,Not Deployed,s2_97_208,s1_below_1,Female,s2_37_80,s3_141_159,s2_164_318,s3_80_160,s2_2_4
17078,s2_885_1695,s2_n103_99,s4_n40_7,s1_below_4282,s1_below_2,s1_below_2001,s2_760_2075,s5_47_57,Truck (<=6000 lbs.),s3_28_48,Deployed,s2_97_208,s1_below_1,Male,s4_96_114,s3_141_159,s2_164_318,s3_80_160,s2_2_4
17079,s2_885_1695,s2_n103_99,s4_n40_7,s1_below_4282,s4_4_5,s2_2001_2003,s2_760_2075,s3_17_37,Passenger Car,s3_28_48,Deployed,s2_97_208,s1_below_1,Male,s4_96_114,s3_141_159,s2_164_318,s3_80_160,s2_2_4
17080,s2_885_1695,s2_n103_99,s5_7_up,s1_below_4282,s3_3_4,s1_below_2001,s2_760_2075,s3_17_37,Passenger Car,s2_11_28,Deployed,s2_97_208,s1_below_1,Male,s5_114_130,s3_141_159,s2_164_318,s6_260_up,s2_2_4
17081,s2_885_1695,s2_n103_99,s4_n40_7,s1_below_4282,s1_below_2,s1_below_2001,s2_760_2075,s3_17_37,Passenger Car,s2_11_28,Not Deployed,s2_97_208,s1_below_1,Female,s2_37_80,s3_141_159,s2_164_318,s3_80_160,s2_2_4
17082,s2_885_1695,s2_n103_99,s4_n40_7,s1_below_4282,s2_2_3,s2_2001_2003,s2_760_2075,s3_17_37,Passenger Car,s2_11_28,Not Deployed,s2_97_208,s1_below_1,Male,s2_37_80,s3_141_159,s2_164_318,s3_80_160,s2_2_4
17083,s2_885_1695,s2_n103_99,s4_n40_7,s1_below_4282,s4_4_5,s2_2001_2003,s2_760_2075,s3_17_37,Truck (<=6000 lbs.),s2_11_28,Deployed,s2_97_208,s1_below_1,Female,s5_114_130,s3_141_159,s2_164_318,s4_160_220,s2_2_4
17084,s2_885_1695,s2_n103_99,s4_n40_7,s1_below_4282,s1_below_2,s2_2001_2003,s2_760_2075,s3_17_37,Passenger Car,s2_11_28,Not Deployed,s2_97_208,s1_below_1,Female,s2_37_80,s3_141_159,s2_164_318,s4_160_220,s2_2_4
17085,s2_885_1695,s2_n103_99,s4_n40_7,s1_below_4282,s3_3_4,s1_below_2001,s2_760_2075,s4_37_47,Passenger Car,s3_28_48,Deployed,s2_97_208,s1_below_1,Female,s2_37_80,s3_141_159,s2_164_318,s4_160_220,s2_2_4
17086,s2_885_1695,s2_n103_99,s4_n40_7,s1_below_4282,s3_3_4,s1_below_2001,s2_760_2075,s4_37_47,Passenger Car,s3_28_48,Deployed,s2_97_208,s1_below_1,Male,s6_130_up,s3_141_159,s2_164_318,s3_80_160,s2_2_4
17087,s2_885_1695,s2_n103_99,s4_n40_7,s1_below_4282,s1_below_2,s2_2001_2003,s2_760_2075,s5_47_57,Passenger Car,s2_11_28,Deployed,s2_97_208,s1_below_1,Female,s2_37_80,s3_141_159,s2_164_318,s3_80_160,s2_2_4
17088,s2_885_1695,s2_n103_99,s3_n81_n40,s1_below_4282,s3_3_4,s1_below_2001,s2_760_2075,s4_37_47,Passenger Car,s2_11_28,Deployed,s2_97_208,s3_2_3,Male,s2_37_80,s3_141_159,s2_164_318,s3_80_160,s2_2_4
17089,s2_885_1695,s2_n103_99,s4_n40_7,s1_below_4282,s3_3_4,s1_below_2001,s2_760_2075,s4_37_47,Truck (<=6000 lbs.),s2_11_28,Deployed,s2_97_208,s1_below_1,Male,s2_37_80,s3_141_159,s2_164_318,s3_80_160,s2_2_4
17090,s3_1695_2555,s2_n103_99,s4_n40_7,s1_below_4282,s1_below_2,s1_below_2001,s2_760_2075,s4_37_47,Truck (<=6000 lbs.),s3_28_48,Not Deployed,s2_97_208,s1_below_1,Female,s2_37_80,s4_159_169,s3_318_464,s3_80_160,s4_5_6
17091,s3_1695_2555,s2_n103_99,s4_n40_7,s1_below_4282,s4_4_5,s1_below_2001,s2_760_2075,s3_17_37,Truck (<=6000 lbs.),s4_48_64,Deployed,s2_97_208,s1_below_1,Male,s2_37_80,s5_169_179,s2_164_318,s3_80_160,s2_2_4
17092,s2_885_1695,s2_n103_99,s4_n40_7,s1_below_4282,s2_2_3,s1_below_2001,s2_760_2075,s6_57_up,Passenger Car,s3_28_48,Deployed,s2_97_208,s2_1_2,Female,s2_37_80,s3_141_159,s2_164_318,s3_80_160,s2_2_4
17093,s2_885_1695,s2_n103_99,s4_n40_7,s1_below_4282,s1_below_2,s1_below_2001,s2_760_2075,s3_17_37,Passenger Car,s2_11_28,Not Deployed,s2_97_208,s1_below_1,Male,s4_96_114,s3_141_159,s2_164_318,s4_160_220,s2_2_4
17094,s2_885_1695,s2_n103_99,s4_n40_7,s1_below_4282,s2_2_3,s1_below_2001,s2_760_2075,s4_37_47,Truck (<=6000 lbs.),s3_28_48,Not Deployed,s2_97_208,s1_below_1,Male,s4_96_114,s4_159_169,s2_164_318,s2_40_80,s2_2_4
17095,s3_1695_2555,s2_n103_99,s5_7_up,s1_below_4282,s3_3_4,s1_below_2001,s2_760_2075,s4_37_47,Truck (<=10000 lbs.),s2_11_28,Not Deployed,s2_97_208,s1_below_1,Male,s3_80_96,s5_169_179,s3_318_464,s6_260_up,s4_5_6
17096,s2_885_1695,s2_n103_99,s4_n40_7,s1_below_4282,s3_3_4,s1_below_2001,s3_2075_3730,s4_37_47,Passenger Car,s2_11_28,Deployed,s2_97_208,s1_below_1,Male,s4_96_114,s3_141_159,s2_164_318,s3_80_160,s2_2_4
17097,s3_1695_2555,s2_n103_99,s4_n40_7,s1_below_4282,s2_2_3,s1_below_2001,s2_760_2075,s5_47_57,Truck (<=10000 lbs.),s3_28_48,Not Deployed,s2_97_208,s1_below_1,Female,s2_37_80,s3_141_159,s2_164_318,s3_80_160,s2_2_4
17098,s2_885_1695,s2_n103_99,s4_n40_7,s1_below_4282,s1_below_2,s1_below_2001,s2_760_2075,s3_17_37,Passenger Car,s4_48_64,Deployed,s2_97_208,s1_below_1,Female,s3_80_96,s3_141_159,s2_164_318,s3_80_160,s2_2_4
17099,s3_1695_2555,s2_n103_99,s4_n40_7,s1_below_4282,s3_3_4,s1_below_2001,s2_760_2075,s3_17_37,Truck (<=6000 lbs.),s2_11_28,Not Deployed,s2_97_208,s1_below_1,Male,s4_96_114,s4_159_169,s2_164_318,s4_160_220,s2_2_4
17100,s2_885_1695,s2_n103_99,s4_n40_7,s1_below_4282,s2_2_3,s1_below_2001,s2_760_2075,s3_17_37,Passenger Car,s2_11_28,Not Deployed,s2_97_208,s1_below_1,Female,s2_37_80,s3_141_159,s2_164_318,s3_80_160,s2_2_4
17101,s2_885_1695,s2_n103_99,s4_n40_7,s1_below_4282,s4_4_5,s1_below_2001,s2_760_2075,s3_17_37,Passenger Car,s4_48_64,Deployed,s2_97_208,s1_below_1,Female,s3_80_96,s3_141_159,s2_164_318,s3_80_160,s2_2_4
17102,s3_1695_2555,s2_n103_99,s3_n81_n40,s1_below_4282,s4_4_5,s1_below_2001,s2_760_2075,s5_47_57,Passenger Car,s6_76_up,Deployed,s2_97_208,s3_2_3,Male,s3_80_96,s3_141_159,s2_164_318,s3_80_160,s2_2_4
17103,s2_885_1695,s2_n103_99,s3_n81_n40,s1_below_4282,s4_4_5,s1_below_2001,s2_760_2075,s5_47_57,Passenger Car,s4_48_64,Deployed,s2_97_208,s3_2_3,Male,s3_80_96,s3_141_159,s2_164_318,s3_80_160,s2_2_4
17104,s3_1695_2555,s2_n103_99,s4_n40_7,s1_below_4282,s1_below_2,s1_below_2001,s2_760_2075,s4_37_47,Truck (<=10000 lbs.),s2_11_28,Not Deployed,s2_97_208,s3_2_3,Male,s4_96_114,s5_169_179,s3_318_464,s3_80_160,s4_5_6
17105,s3_1695_2555,s2_n103_99,s4_n40_7,s1_below_4282,s4_4_5,s1_below_2001,s2_760_2075,s4_37_47,Passenger Car,s6_76_up,Deployed,s2_97_208,s1_below_1,Female,s2_37_80,s3_141_159,s2_164_318,s4_160_220,s2_2_4
17106,s4_2555_3715,s2_n103_99,s4_n40_7,s1_below_4282,s1_below_2,s2_2001_2003,s2_760_2075,s4_37_47,Truck (<=10000 lbs.),s4_48_64,Not Deployed,s2_97_208,s1_below_1,Male,s3_80_96,s4_159_169,s2_164_318,s2_40_80,s3_4_5
17107,s2_885_1695,s2_n103_99,s4_n40_7,s1_below_4282,s4_4_5,s1_below_2001,s2_760_2075,s6_57_up,Passenger Car,s2_11_28,Not Deployed,s2_97_208,s1_below_1,Male,s2_37_80,s3_141_159,s2_164_318,s4_160_220,s2_2_4
17108,s2_885_1695,s2_n103_99,s5_7_up,s1_below_4282,s4_4_5,s2_2001_2003,s2_760_2075,s6_57_up,Truck (<=6000 lbs.),s3_28_48,Not Deployed,s2_97_208,s1_below_1,Male,s3_80_96,s3_141_159,s2_164_318,s6_260_up,s2_2_4
17109,s3_1695_2555,s2_n103_99,s4_n40_7,s1_below_4282,s1_below_2,s1_below_2001,s2_760_2075,s3_17_37,Truck (<=6000 lbs.),s4_48_64,Deployed,s2_97_208,s2_1_2,Male,s3_80_96,s4_159_169,s2_164_318,s2_40_80,s3_4_5
17110,s2_885_1695,s2_n103_99,s4_n40_7,s1_below_4282,s2_2_3,s1_below_2001,s2_760_2075,s4_37_47,Passenger Car,s4_48_64,Deployed,s2_97_208,s1_below_1,Male,s3_80_96,s3_141_159,s2_164_318,s4_160_220,s2_2_4
17111,s2_885_1695,s2_n103_99,s4_n40_7,s1_below_4282,s2_2_3,s2_2001_2003,s2_760_2075,s3_17_37,Passenger Car,s3_28_48,Not Deployed,s2_97_208,s3_2_3,Male,s4_96_114,s3_141_159,s2_164_318,s2_40_80,s2_2_4
17112,s3_1695_2555,s2_n103_99,s4_n40_7,s1_below_4282,s2_2_3,s2_2001_2003,s2_760_2075,s3_17_37,Truck (<=6000 lbs.),s3_28_48,Not Deployed,s2_97_208,s1_below_1,Male,s3_80_96,s4_159_169,s2_164_318,s4_160_220,s2_2_4
17113,s2_885_1695,s2_n103_99,s4_n40_7,s1_below_4282,s2_2_3,s2_2001_2003,s2_760_2075,s3_17_37,Passenger Car,s3_28_48,Deployed,s2_97_208,s1_below_1,Male,s4_96_114,s3_141_159,s2_164_318,s3_80_160,s2_2_4
17114,s2_885_1695,s2_n103_99,s4_n40_7,s1_below_4282,s1_below_2,s2_2001_2003,s2_760_2075,s3_17_37,Passenger Car,s2_11_28,Not Deployed,s2_97_208,s1_below_1,Female,s2_37_80,s3_141_159,s2_164_318,s6_260_up,s2_2_4
17115,s3_1695_2555,s2_n103_99,s4_n40_7,s1_below_4282,s1_below_2,s1_below_2001,s2_760_2075,s5_47_57,Truck (<=10000 lbs.),s3_28_48,Deployed,s2_97_208,s3_2_3,Female,s2_37_80,s4_159_169,s3_318_464,s3_80_160,s4_5_6
17116,s2_885_1695,s2_n103_99,s4_n40_7,s1_below_4282,s3_3_4,s1_below_2001,s2_760_2075,s4_37_47,Truck (<=6000 lbs.),s2_11_28,Not Deployed,s2_97_208,s1_below_1,Female,s2_37_80,s3_141_159,s2_164_318,s3_80_160,s2_2_4
17117,s3_1695_2555,s2_n103_99,s4_n40_7,s1_below_4282,s2_2_3,s1_below_2001,s2_760_2075,s4_37_47,Passenger Car,s3_28_48,Not Deployed,s2_97_208,s1_below_1,Male,s3_80_96,s4_159_169,s2_164_318,s4_160_220,s2_2_4
17118,s3_1695_2555,s2_n103_99,s4_n40_7,s1_below_4282,s2_2_3,s2_2001_2003,s2_760_2075,s4_37_47,Truck (<=6000 lbs.),s3_28_48,Not Deployed,s2_97_208,s1_below_1,Male,s3_80_96,s3_141_159,s2_164_318,s3_80_160,s2_2_4
17119,s2_885_1695,s2_n103_99,s4_n40_7,s1_below_4282,s1_below_2,s1_below_2001,s2_760_2075,s4_37_47,Passenger Car,s2_11_28,Deployed,s2_97_208,s2_1_2,Female,s2_37_80,s3_141_159,s2_164_318,s3_80_160,s2_2_4
17120,s2_885_1695,s2_n103_99,s5_7_up,s1_below_4282,s4_4_5,s1_below_2001,s2_760_2075,s4_37_47,Passenger Car,s3_28_48,Not Deployed,s2_97_208,s1_below_1,Female,s2_37_80,s3_141_159,s2_164_318,s6_260_up,s2_2_4
17121,s2_885_1695,s2_n103_99,s4_n40_7,s1_below_4282,s2_2_3,s1_below_2001,s2_760_2075,s3_17_37,Passenger Car,s2_11_28,Deployed,s2_97_208,s1_below_1,Male,s2_37_80,s3_141_159,s2_164_318,s4_160_220,s2_2_4
17122,s3_1695_2555,s2_n103_99,s4_n40_7,s1_below_4282,s2_2_3,s1_below_2001,s2_760_2075,s4_37_47,Truck (<=6000 lbs.),s2_11_28,Deployed,s2_97_208,s1_below_1,Male,s3_80_96,s3_141_159,s2_164_318,s4_160_220,s2_2_4
17123,s4_2555_3715,s2_n103_99,s4_n40_7,s1_below_4282,s2_2_3,s2_2001_2003,s3_2075_3730,s4_37_47,Truck (<=10000 lbs.),s3_28_48,Deployed,s2_97_208,s1_below_1,Male,s2_37_80,s4_159_169,s3_318_464,s3_80_160,s4_5_6
17124,s3_1695_2555,s2_n103_99,s4_n40_7,s1_below_4282,s1_below_2,s1_below_2001,s2_760_2075,s3_17_37,Truck (<=6000 lbs.),s4_48_64,Not Deployed,s2_97_208,s1_below_1,Female,s2_37_80,s3_141_159,s2_164_318,s3_80_160,s2_2_4
17125,s2_885_1695,s2_n103_99,s4_n40_7,s1_below_4282,s2_2_3,s1_below_2001,s2_760_2075,s4_37_47,Passenger Car,s2_11_28,Deployed,s2_97_208,s1_below_1,Female,s2_37_80,s3_141_159,s2_164_318,s4_160_220,s2_2_4
17126,s2_885_1695,s2_n103_99,s3_n81_n40,s1_below_4282,s1_below_2,s1_below_2001,s2_760_2075,s3_17_37,Passenger Car,s2_11_28,Deployed,s2_97_208,s1_below_1,Female,s2_37_80,s3_141_159,s2_164_318,s3_80_160,s2_2_4
17127,s3_1695_2555,s2_n103_99,s4_n40_7,s1_below_4282,s1_below_2,s1_below_2001,s2_760_2075,s6_57_up,Truck (<=10000 lbs.),s3_28_48,Deployed,s2_97_208,s1_below_1,Male,s3_80_96,s4_159_169,s2_164_318,s4_160_220,s3_4_5
17128,s2_885_1695,s2_n103_99,s4_n40_7,s1_below_4282,s1_below_2,s1_below_2001,s2_760_2075,s4_37_47,Truck (<=6000 lbs.),s5_64_76,Deployed,s2_97_208,s1_below_1,Male,s3_80_96,s3_141_159,s2_164_318,s3_80_160,s2_2_4
17129,s3_1695_2555,s2_n103_99,s4_n40_7,s1_below_4282,s1_below_2,s2_2001_2003,s2_760_2075,s4_37_47,Truck (<=6000 lbs.),s2_11_28,Not Deployed,s2_97_208,s2_1_2,Female,s2_37_80,s3_141_159,s2_164_318,s3_80_160,s2_2_4
17130,s2_885_1695,s2_n103_99,s5_7_up,s1_below_4282,s2_2_3,s1_below_2001,s2_760_2075,s4_37_47,Passenger Car,s3_28_48,Not Deployed,s2_97_208,s1_below_1,Female,s2_37_80,s3_141_159,s2_164_318,s6_260_up,s2_2_4
17131,s2_885_1695,s2_n103_99,s4_n40_7,s1_below_4282,s4_4_5,s1_below_2001,s2_760_2075,s3_17_37,Passenger Car,s6_76_up,Deployed,s2_97_208,s1_below_1,Male,s3_80_96,s3_141_159,s2_164_318,s4_160_220,s2_2_4
17132,s2_885_1695,s2_n103_99,s4_n40_7,s1_below_4282,s2_2_3,s1_below_2001,s2_760_2075,s6_57_up,Passenger Car,s3_28_48,Deployed,s2_97_208,s1_below_1,Female,s2_37_80,s3_141_159,s2_164_318,s3_80_160,s2_2_4
17133,s3_1695_2555,s2_n103_99,s4_n40_7,s1_below_4282,s1_below_2,s1_below_2001,s2_760_2075,s3_17_37,Truck (<=10000 lbs.),s3_28_48,Not Deployed,s2_97_208,s1_below_1,Female,s2_37_80,s4_159_169,s2_164_318,s2_40_80,s3_4_5
17134,s2_885_1695,s2_n103_99,s4_n40_7,s1_below_4282,s1_below_2,s2_2001_2003,s3_2075_3730,s4_37_47,Passenger Car,s2_11_28,Not Deployed,s2_97_208,s5_4_5,Female,s2_37_80,s3_141_159,s2_164_318,s2_40_80,s2_2_4
17135,s3_1695_2555,s2_n103_99,s4_n40_7,s1_below_4282,s2_2_3,s2_2001_2003,s2_760_2075,s4_37_47,Truck (<=10000 lbs.),s3_28_48,Deployed,s2_97_208,s1_below_1,Male,s2_37_80,s3_141_159,s2_164_318,s3_80_160,s2_2_4
17136,s2_885_1695,s2_n103_99,s4_n40_7,s1_below_4282,s4_4_5,s1_below_2001,s2_760_2075,s3_17_37,Passenger Car,s4_48_64,Not Deployed,s2_97_208,s1_below_1,Female,s2_37_80,s3_141_159,s2_164_318,s3_80_160,s2_2_4
17137,s2_885_1695,s2_n103_99,s4_n40_7,s1_below_4282,s2_2_3,s1_below_2001,s2_760_2075,s4_37_47,Passenger Car,s2_11_28,Deployed,s2_97_208,s1_below_1,Male,s2_37_80,s3_141_159,s2_164_318,s3_80_160,s2_2_4
17138,s3_1695_2555,s2_n103_99,s4_n40_7,s1_below_4282,s1_below_2,s1_below_2001,s2_760_2075,s3_17_37,Truck (<=6000 lbs.),s2_11_28,Not Deployed,s2_97_208,s1_below_1,Male,s5_114_130,s3_141_159,s2_164_318,s3_80_160,s2_2_4
17139,s3_1695_2555,s2_n103_99,s4_n40_7,s1_below_4282,s2_2_3,s1_below_2001,s2_760_2075,s3_17_37,Truck (<=6000 lbs.),s3_28_48,Not Deployed,s2_97_208,s1_below_1,Male,s2_37_80,s3_141_159,s2_164_318,s4_160_220,s2_2_4
17140,s2_885_1695,s2_n103_99,s4_n40_7,s1_below_4282,s1_below_2,s1_below_2001,s2_760_2075,s6_57_up,Passenger Car,s3_28_48,Not Deployed,s2_97_208,s2_1_2,Female,s2_37_80,s3_141_159,s2_164_318,s3_80_160,s2_2_4
17141,s3_1695_2555,s2_n103_99,s4_n40_7,s1_below_4282,s1_below_2,s1_below_2001,s2_760_2075,s6_57_up,Truck (<=6000 lbs.),s4_48_64,Deployed,s2_97_208,s3_2_3,Female,s2_37_80,s3_141_159,s2_164_318,s4_160_220,s2_2_4
17142,s3_1695_2555,s2_n103_99,s4_n40_7,s1_below_4282,s4_4_5,s1_below_2001,s2_760_2075,s4_37_47,Truck (<=10000 lbs.),s3_28_48,Deployed,s2_97_208,s1_below_1,Male,s6_130_up,s4_159_169,s2_164_318,s3_80_160,s3_4_5
17143,s3_1695_2555,s2_n103_99,s4_n40_7,s1_below_4282,s3_3_4,s1_below_2001,s2_760_2075,s4_37_47,Truck (<=6000 lbs.),s3_28_48,Deployed,s2_97_208,s1_below_1,Male,s2_37_80,s3_141_159,s2_164_318,s4_160_220,s2_2_4
17144,s2_885_1695,s2_n103_99,s5_7_up,s1_below_4282,s2_2_3,s1_below_2001,s2_760_2075,s3_17_37,Truck (<=6000 lbs.),s4_48_64,Not Deployed,s2_97_208,s1_below_1,Female,s2_37_80,s3_141_159,s2_164_318,s6_260_up,s2_2_4
17145,s2_885_1695,s2_n103_99,s5_7_up,s1_below_4282,s1_below_2,s1_below_2001,s3_2075_3730,s3_17_37,Passenger Car,s4_48_64,Not Deployed,s2_97_208,s1_below_1,Male,s4_96_114,s3_141_159,s2_164_318,s6_260_up,s2_2_4
17146,s2_885_1695,s2_n103_99,s4_n40_7,s1_below_4282,s3_3_4,s1_below_2001,s2_760_2075,s4_37_47,Passenger Car,s2_11_28,Deployed,s2_97_208,s1_below_1,Male,s2_37_80,s3_141_159,s2_164_318,s3_80_160,s2_2_4
17147,s2_885_1695,s2_n103_99,s5_7_up,s1_below_4282,s2_2_3,s1_below_2001,s2_760_2075,s6_57_up,Truck (<=6000 lbs.),s3_28_48,Not Deployed,s2_97_208,s1_below_1,Male,s3_80_96,s3_141_159,s2_164_318,s6_260_up,s2_2_4
17148,s2_885_1695,s2_n103_99,s4_n40_7,s1_below_4282,s1_below_2,s1_below_2001,s2_760_2075,s3_17_37,Passenger Car,s3_28_48,Not Deployed,s2_97_208,s1_below_1,Female,s2_37_80,s3_141_159,s2_164_318,s3_80_160,s2_2_4
17149,s2_885_1695,s2_n103_99,s4_n40_7,s1_below_4282,s6_6_up,s2_2001_2003,s3_2075_3730,s5_47_57,Truck (<=6000 lbs.),s3_28_48,Not Deployed,s2_97_208,s1_below_1,Male,s4_96_114,s3_141_159,s3_318_464,s4_160_220,s2_2_4
17150,s3_1695_2555,s2_n103_99,s4_n40_7,s1_below_4282,s3_3_4,s1_below_2001,s2_760_2075,s4_37_47,Truck (<=6000 lbs.),s3_28_48,Deployed,s2_97_208,s1_below_1,Female,s2_37_80,s4_159_169,s2_164_318,s3_80_160,s2_2_4
17151,s2_885_1695,s2_n103_99,s4_n40_7,s1_below_4282,s5_5_6,s2_2001_2003,s2_760_2075,s5_47_57,Truck (<=6000 lbs.),s3_28_48,Not Deployed,s2_97_208,s1_below_1,Female,s2_37_80,s3_141_159,s2_164_318,s4_160_220,s2_2_4
17152,s3_1695_2555,s2_n103_99,s4_n40_7,s1_below_4282,s2_2_3,s1_below_2001,s2_760_2075,s4_37_47,Truck (<=10000 lbs.),s3_28_48,Deployed,s2_97_208,s1_below_1,Male,s3_80_96,s4_159_169,s3_318_464,s3_80_160,s4_5_6
17153,s3_1695_2555,s2_n103_99,s4_n40_7,s1_below_4282,s2_2_3,s1_below_2001,s2_760_2075,s3_17_37,Truck (<=6000 lbs.),s2_11_28,Deployed,s2_97_208,s1_below_1,Female,s2_37_80,s3_141_159,s2_164_318,s3_80_160,s2_2_4
17154,s2_885_1695,s2_n103_99,s4_n40_7,s1_below_4282,s1_below_2,s1_below_2001,s2_760_2075,s3_17_37,Truck (<=6000 lbs.),s3_28_48,Not Deployed,s2_97_208,s5_4_5,Female,s2_37_80,s3_141_159,s2_164_318,s3_80_160,s2_2_4
17155,s2_885_1695,s2_n103_99,s5_7_up,s1_below_4282,s2_2_3,s1_below_2001,s2_760_2075,s4_37_47,Passenger Car,s4_48_64,Not Deployed,s2_97_208,s1_below_1,Male,s4_96_114,s3_141_159,s2_164_318,s6_260_up,s2_2_4
17156,s2_885_1695,s2_n103_99,s4_n40_7,s1_below_4282,s2_2_3,s2_2001_2003,s2_760_2075,s1_below_7,Passenger Car,s2_11_28,Not Deployed,s2_97_208,s1_below_1,Female,s2_37_80,s3_141_159,s2_164_318,s2_40_80,s2_2_4
17157,s3_1695_2555,s2_n103_99,s4_n40_7,s1_below_4282,s6_6_up,s1_below_2001,s2_760_2075,s4_37_47,Truck (<=6000 lbs.),s3_28_48,Deployed,s2_97_208,s1_below_1,Female,s2_37_80,s3_141_159,s3_318_464,s4_160_220,s2_2_4
17158,s2_885_1695,s2_n103_99,s5_7_up,s1_below_4282,s4_4_5,s2_2001_2003,s2_760_2075,s4_37_47,Passenger Car,s3_28_48,Not Deployed,s2_97_208,s1_below_1,Female,s2_37_80,s3_141_159,s2_164_318,s6_260_up,s2_2_4
17159,s2_885_1695,s2_n103_99,s4_n40_7,s1_below_4282,s1_below_2,s1_below_2001,s2_760_2075,s5_47_57,Passenger Car,s2_11_28,Deployed,s2_97_208,s1_below_1,Male,s2_37_80,s3_141_159,s2_164_318,s3_80_160,s2_2_4
17160,s2_885_1695,s2_n103_99,s4_n40_7,s1_below_4282,s1_below_2,s1_below_2001,s2_760_2075,s3_17_37,Passenger Car,s3_28_48,Deployed,s2_97_208,s1_below_1,Female,s2_37_80,s3_141_159,s2_164_318,s3_80_160,s2_2_4
17161,s2_885_1695,s2_n103_99,s4_n40_7,s1_below_4282,s1_below_2,s1_below_2001,s2_760_2075,s3_17_37,Passenger Car,s2_11_28,Deployed,s2_97_208,s1_below_1,Male,s2_37_80,s3_141_159,s2_164_318,s3_80_160,s2_2_4
17162,s2_885_1695,s2_n103_99,s5_7_up,s1_below_4282,s2_2_3,s1_below_2001,s2_760_2075,s4_37_47,Passenger Car,s4_48_64,Not Deployed,s2_97_208,s1_below_1,Male,s3_80_96,s3_141_159,s2_164_318,s6_260_up,s2_2_4
17163,s2_885_1695,s2_n103_99,s4_n40_7,s1_below_4282,s3_3_4,s1_below_2001,s2_760_2075,s4_37_47,Truck (<=6000 lbs.),s2_11_28,Not Deployed,s2_97_208,s1_below_1,Female,s2_37_80,s3_141_159,s2_164_318,s2_40_80,s2_2_4
17164,s2_885_1695,s2_n103_99,s4_n40_7,s1_below_4282,s1_below_2,s1_below_2001,s2_760_2075,s4_37_47,Passenger Car,s4_48_64,Deployed,s2_97_208,s2_1_2,Female,s2_37_80,s3_141_159,s2_164_318,s3_80_160,s2_2_4
17165,s3_1695_2555,s2_n103_99,s4_n40_7,s1_below_4282,s1_below_2,s1_below_2001,s2_760_2075,s4_37_47,Truck (<=10000 lbs.),s3_28_48,Not Deployed,s2_97_208,s1_below_1,Female,s2_37_80,s5_169_179,s3_318_464,s3_80_160,s4_5_6
17166,s2_885_1695,s2_n103_99,s4_n40_7,s1_below_4282,s1_below_2,s1_below_2001,s2_760_2075,s4_37_47,Truck (<=6000 lbs.),s2_11_28,Deployed,s2_97_208,s2_1_2,Male,s3_80_96,s3_141_159,s2_164_318,s3_80_160,s2_2_4
17167,s2_885_1695,s2_n103_99,s4_n40_7,s1_below_4282,s4_4_5,s1_below_2001,s2_760_2075,s4_37_47,Passenger Car,s2_11_28,Deployed,s2_97_208,s1_below_1,Male,s2_37_80,s3_141_159,s2_164_318,s3_80_160,s2_2_4
17168,s2_885_1695,s2_n103_99,s4_n40_7,s1_below_4282,s2_2_3,s2_2001_2003,s2_760_2075,s3_17_37,Passenger Car,s2_11_28,Deployed,s2_97_208,s1_below_1,Female,s2_37_80,s3_141_159,s2_164_318,s4_160_220,s2_2_4
17169,s2_885_1695,s2_n103_99,s4_n40_7,s1_below_4282,s3_3_4,s1_below_2001,s2_760_2075,s4_37_47,Passenger Car,s3_28_48,Not Deployed,s2_97_208,s1_below_1,Male,s4_96_114,s3_141_159,s2_164_318,s1_below_40,s2_2_4
17170,s3_1695_2555,s2_n103_99,s4_n40_7,s1_below_4282,s1_below_2,s2_2001_2003,s2_760_2075,s3_17_37,Truck (<=6000 lbs.),s3_28_48,Not Deployed,s2_97_208,s1_below_1,Female,s2_37_80,s3_141_159,s2_164_318,s3_80_160,s2_2_4
17171,s3_1695_2555,s2_n103_99,s4_n40_7,s1_below_4282,s5_5_6,s1_below_2001,s2_760_2075,s3_17_37,Truck (<=6000 lbs.),s5_64_76,Not Deployed,s2_97_208,s1_below_1,Male,s4_96_114,s3_141_159,s2_164_318,s4_160_220,s2_2_4
17172,s2_885_1695,s2_n103_99,s5_7_up,s1_below_4282,s2_2_3,s1_below_2001,s2_760_2075,s4_37_47,Passenger Car,s3_28_48,Not Deployed,s2_97_208,s1_below_1,Female,s2_37_80,s3_141_159,s2_164_318,s6_260_up,s2_2_4
17173,s2_885_1695,s2_n103_99,s4_n40_7,s1_below_4282,s2_2_3,s1_below_2001,s2_760_2075,s3_17_37,Passenger Car,s2_11_28,Not Deployed,s2_97_208,s1_below_1,Male,s4_96_114,s3_141_159,s2_164_318,s3_80_160,s2_2_4
17174,s3_1695_2555,s2_n103_99,s4_n40_7,s1_below_4282,s1_below_2,s1_below_2001,s2_760_2075,s3_17_37,Truck (<=10000 lbs.),s3_28_48,Not Deployed,s2_97_208,s1_below_1,Female,s2_37_80,s3_141_159,s2_164_318,s6_260_up,s2_2_4
17175,s3_1695_2555,s2_n103_99,s4_n40_7,s1_below_4282,s4_4_5,s1_below_2001,s2_760_2075,s4_37_47,Truck (<=6000 lbs.),s4_48_64,Not Deployed,s2_97_208,s1_below_1,Female,s2_37_80,s3_141_159,s2_164_318,s2_40_80,s2_2_4
17176,s3_1695_2555,s2_n103_99,s4_n40_7,s1_below_4282,s2_2_3,s1_below_2001,s2_760_2075,s3_17_37,Truck (<=6000 lbs.),s3_28_48,Not Deployed,s2_97_208,s1_below_1,Female,s2_37_80,s3_141_159,s2_164_318,s4_160_220,s2_2_4
17177,s2_885_1695,s2_n103_99,s4_n40_7,s1_below_4282,s4_4_5,s2_2001_2003,s2_760_2075,s3_17_37,Passenger Car,s5_64_76,Not Deployed,s2_97_208,s1_below_1,Male,s2_37_80,s3_141_159,s2_164_318,s3_80_160,s2_2_4
17178,s2_885_1695,s2_n103_99,s4_n40_7,s1_below_4282,s1_below_2,s1_below_2001,s2_760_2075,s3_17_37,Truck (<=6000 lbs.),s4_48_64,Not Deployed,s2_97_208,s1_below_1,Female,s2_37_80,s3_141_159,s2_164_318,s3_80_160,s2_2_4
17179,s2_885_1695,s2_n103_99,s4_n40_7,s1_below_4282,s1_below_2,s1_below_2001,s2_760_2075,s6_57_up,Passenger Car,s2_11_28,Deployed,s2_97_208,s1_below_1,Male,s4_96_114,s3_141_159,s2_164_318,s3_80_160,s2_2_4
17180,s4_2555_3715,s2_n103_99,s4_n40_7,s1_below_4282,s1_below_2,s2_2001_2003,s2_760_2075,s3_17_37,Truck (<=10000 lbs.),s4_48_64,Not Deployed,s2_97_208,s2_1_2,Male,s3_80_96,s5_169_179,s3_318_464,s3_80_160,s5_6_7
17181,s3_1695_2555,s2_n103_99,s4_n40_7,s1_below_4282,s4_4_5,s2_2001_2003,s2_760_2075,s4_37_47,Truck (<=10000 lbs.),s3_28_48,Not Deployed,s2_97_208,s1_below_1,Male,s4_96_114,s5_169_179,s3_318_464,s3_80_160,s4_5_6
17182,s2_885_1695,s2_n103_99,s4_n40_7,s1_below_4282,s1_below_2,s1_below_2001,s2_760_2075,s3_17_37,Passenger Car,s2_11_28,Not Deployed,s2_97_208,s1_below_1,Female,s3_80_96,s3_141_159,s2_164_318,s3_80_160,s2_2_4
17183,s2_885_1695,s2_n103_99,s3_n81_n40,s1_below_4282,s3_3_4,s1_below_2001,s2_760_2075,s5_47_57,Passenger Car,s2_11_28,Deployed,s2_97_208,s2_1_2,Female,s2_37_80,s3_141_159,s2_164_318,s3_80_160,s2_2_4
17184,s4_2555_3715,s2_n103_99,s4_n40_7,s1_below_4282,s1_below_2,s2_2001_2003,s2_760_2075,s1_below_7,Truck (<=10000 lbs.),s4_48_64,Not Deployed,s2_97_208,s1_below_1,Male,s2_37_80,s5_169_179,s3_318_464,s3_80_160,s5_6_7
17185,s3_1695_2555,s2_n103_99,s4_n40_7,s1_below_4282,s1_below_2,s1_below_2001,s2_760_2075,s3_17_37,Truck (<=10000 lbs.),s3_28_48,Deployed,s2_97_208,s1_below_1,Female,s2_37_80,s3_141_159,s2_164_318,s3_80_160,s2_2_4
17186,s3_1695_2555,s2_n103_99,s4_n40_7,s1_below_4282,s1_below_2,s1_below_2001,s2_760_2075,s3_17_37,Truck (<=6000 lbs.),s4_48_64,Not Deployed,s2_97_208,s1_below_1,Female,s3_80_96,s3_141_159,s2_164_318,s2_40_80,s2_2_4
17187,s2_885_1695,s2_n103_99,s4_n40_7,s1_below_4282,s1_below_2,s1_below_2001,s2_760_2075,s1_below_7,Passenger Car,s3_28_48,Not Deployed,s2_97_208,s1_below_1,Male,s4_96_114,s3_141_159,s2_164_318,s3_80_160,s2_2_4
17188,s3_1695_2555,s2_n103_99,s5_7_up,s1_below_4282,s2_2_3,s1_below_2001,s2_760_2075,s1_below_7,Truck (<=6000 lbs.),s5_64_76,Deployed,s2_97_208,s1_below_1,Female,s2_37_80,s4_159_169,s2_164_318,s1_below_40,s3_4_5
17189,s3_1695_2555,s2_n103_99,s4_n40_7,s1_below_4282,s1_below_2,s1_below_2001,s2_760_2075,s5_47_57,Truck (<=6000 lbs.),s5_64_76,Not Deployed,s2_97_208,s1_below_1,Male,s6_130_up,s4_159_169,s2_164_318,s4_160_220,s3_4_5
17190,s3_1695_2555,s2_n103_99,s4_n40_7,s1_below_4282,s1_below_2,s1_below_2001,s2_760_2075,s6_57_up,Truck (<=10000 lbs.),s6_76_up,Not Deployed,s2_97_208,s3_2_3,Male,s2_37_80,s4_159_169,s2_164_318,s3_80_160,s3_4_5
17191,s2_885_1695,s2_n103_99,s4_n40_7,s1_below_4282,s2_2_3,s1_below_2001,s2_760_2075,s4_37_47,Passenger Car,s3_28_48,Not Deployed,s2_97_208,s1_below_1,Female,s4_96_114,s3_141_159,s2_164_318,s2_40_80,s2_2_4
17192,s2_885_1695,s2_n103_99,s4_n40_7,s1_below_4282,s1_below_2,s2_2001_2003,s2_760_2075,s3_17_37,Passenger Car,s4_48_64,Not Deployed,s2_97_208,s1_below_1,Female,s2_37_80,s3_141_159,s2_164_318,s3_80_160,s2_2_4
17193,s3_1695_2555,s2_n103_99,s3_n81_n40,s1_below_4282,s1_below_2,s1_below_2001,s2_760_2075,s4_37_47,Passenger Car,s6_76_up,Deployed,s2_97_208,s2_1_2,Male,s2_37_80,s3_141_159,s2_164_318,s3_80_160,s2_2_4
17194,s2_885_1695,s2_n103_99,s4_n40_7,s1_below_4282,s4_4_5,s1_below_2001,s2_760_2075,s3_17_37,Passenger Car,s5_64_76,Deployed,s2_97_208,s1_below_1,Male,s3_80_96,s3_141_159,s2_164_318,s3_80_160,s2_2_4
17195,s2_885_1695,s2_n103_99,s4_n40_7,s1_below_4282,s1_below_2,s1_below_2001,s2_760_2075,s3_17_37,Passenger Car,s2_11_28,Not Deployed,s2_97_208,s1_below_1,Female,s2_37_80,s3_141_159,s2_164_318,s4_160_220,s2_2_4
17196,s2_885_1695,s2_n103_99,s4_n40_7,s1_below_4282,s1_below_2,s1_below_2001,s2_760_2075,s5_47_57,Passenger Car,s2_11_28,Deployed,s2_97_208,s1_below_1,Male,s2_37_80,s3_141_159,s2_164_318,s4_160_220,s2_2_4
17197,s2_885_1695,s2_n103_99,s4_n40_7,s1_below_4282,s5_5_6,s1_below_2001,s2_760_2075,s3_17_37,Passenger Car,s3_28_48,Not Deployed,s2_97_208,s1_below_1,Male,s3_80_96,s3_141_159,s2_164_318,s3_80_160,s2_2_4
17198,s2_885_1695,s2_n103_99,s4_n40_7,s1_below_4282,s1_below_2,s1_below_2001,s2_760_2075,s4_37_47,Passenger Car,s2_11_28,Deployed,s2_97_208,s2_1_2,Female,s2_37_80,s3_141_159,s2_164_318,s3_80_160,s2_2_4
17199,s2_885_1695,s2_n103_99,s4_n40_7,s1_below_4282,s4_4_5,s2_2001_2003,s2_760_2075,s3_17_37,Passenger Car,s2_11_28,Deployed,s2_97_208,s1_below_1,Male,s2_37_80,s3_141_159,s2_164_318,s3_80_160,s2_2_4
17200,s2_885_1695,s2_n103_99,s4_n40_7,s1_below_4282,s1_below_2,s1_below_2001,s2_760_2075,s3_17_37,Passenger Car,s6_76_up,Deployed,s2_97_208,s1_below_1,Female,s2_37_80,s3_141_159,s2_164_318,s2_40_80,s2_2_4
17201,s3_1695_2555,s2_n103_99,s4_n40_7,s1_below_4282,s4_4_5,s1_below_2001,s2_760_2075,s5_47_57,Truck (<=6000 lbs.),s4_48_64,Deployed,s2_97_208,s1_below_1,Female,s4_96_114,s4_159_169,s2_164_318,s3_80_160,s2_2_4
17202,s3_1695_2555,s2_n103_99,s4_n40_7,s1_below_4282,s4_4_5,s2_2001_2003,s2_760_2075,s5_47_57,Truck (<=10000 lbs.),s3_28_48,Not Deployed,s2_97_208,s1_below_1,Male,s3_80_96,s4_159_169,s3_318_464,s4_160_220,s4_5_6
17203,s2_885_1695,s2_n103_99,s4_n40_7,s1_below_4282,s4_4_5,s1_below_2001,s2_760_2075,s4_37_47,Passenger Car,s5_64_76,Not Deployed,s2_97_208,s1_below_1,Male,s4_96_114,s3_141_159,s2_164_318,s3_80_160,s2_2_4
17204,s2_885_1695,s2_n103_99,s4_n40_7,s1_below_4282,s1_below_2,s1_below_2001,s2_760_2075,s3_17_37,Truck (<=6000 lbs.),s4_48_64,Deployed,s2_97_208,s1_below_1,Male,s6_130_up,s3_141_159,s2_164_318,s3_80_160,s2_2_4
17205,s2_885_1695,s2_n103_99,s4_n40_7,s1_below_4282,s4_4_5,s1_below_2001,s2_760_2075,s3_17_37,Passenger Car,s2_11_28,Not Deployed,s2_97_208,s1_below_1,Female,s2_37_80,s3_141_159,s2_164_318,s3_80_160,s2_2_4
17206,s3_1695_2555,s2_n103_99,s4_n40_7,s1_below_4282,s1_below_2,s1_below_2001,s2_760_2075,s4_37_47,Truck (<=10000 lbs.),s3_28_48,Not Deployed,s2_97_208,s2_1_2,Male,s3_80_96,s3_141_159,s2_164_318,s3_80_160,s2_2_4
17207,s2_885_1695,s2_n103_99,s5_7_up,s1_below_4282,s2_2_3,s2_2001_2003,s2_760_2075,s3_17_37,Truck (<=6000 lbs.),s3_28_48,Not Deployed,s2_97_208,s1_below_1,Female,s3_80_96,s3_141_159,s2_164_318,s6_260_up,s2_2_4
17208,s2_885_1695,s2_n103_99,s4_n40_7,s1_below_4282,s1_below_2,s1_below_2001,s2_760_2075,s3_17_37,Truck (<=6000 lbs.),s4_48_64,Not Deployed,s2_97_208,s1_below_1,Male,s2_37_80,s2_116_141,s2_164_318,s4_160_220,s2_2_4
17209,s2_885_1695,s2_n103_99,s4_n40_7,s1_below_4282,s1_below_2,s1_below_2001,s2_760_2075,s3_17_37,Passenger Car,s3_28_48,Deployed,s2_97_208,s2_1_2,Female,s2_37_80,s3_141_159,s2_164_318,s3_80_160,s2_2_4
17210,s3_1695_2555,s2_n103_99,s4_n40_7,s1_below_4282,s1_below_2,s1_below_2001,s3_2075_3730,s3_17_37,Passenger Car,s3_28_48,Not Deployed,s2_97_208,s1_below_1,Male,s3_80_96,s4_159_169,s2_164_318,s3_80_160,s2_2_4
17211,s3_1695_2555,s2_n103_99,s4_n40_7,s1_below_4282,s5_5_6,s1_below_2001,s2_760_2075,s5_47_57,Truck (<=6000 lbs.),s5_64_76,Deployed,s2_97_208,s1_below_1,Male,s3_80_96,s4_159_169,s2_164_318,s3_80_160,s3_4_5
17212,s2_885_1695,s2_n103_99,s4_n40_7,s1_below_4282,s4_4_5,s2_2001_2003,s2_760_2075,s3_17_37,Passenger Car,s2_11_28,Not Deployed,s2_97_208,s1_below_1,Male,s2_37_80,s3_141_159,s2_164_318,s2_40_80,s2_2_4
17213,s3_1695_2555,s2_n103_99,s4_n40_7,s1_below_4282,s3_3_4,s1_below_2001,s2_760_2075,s3_17_37,Truck (<=6000 lbs.),s4_48_64,Not Deployed,s2_97_208,s1_below_1,Female,s2_37_80,s4_159_169,s3_318_464,s3_80_160,s4_5_6
17214,s2_885_1695,s2_n103_99,s4_n40_7,s1_below_4282,s4_4_5,s1_below_2001,s2_760_2075,s3_17_37,Passenger Car,s3_28_48,Not Deployed,s2_97_208,s1_below_1,Female,s2_37_80,s3_141_159,s2_164_318,s4_160_220,s2_2_4
17215,s3_1695_2555,s2_n103_99,s4_n40_7,s1_below_4282,s1_below_2,s1_below_2001,s2_760_2075,s6_57_up,Truck (<=6000 lbs.),s3_28_48,Not Deployed,s2_97_208,s1_below_1,Male,s4_96_114,s4_159_169,s2_164_318,s4_160_220,s2_2_4
17216,s2_885_1695,s2_n103_99,s4_n40_7,s1_below_4282,s4_4_5,s1_below_2001,s2_760_2075,s4_37_47,Passenger Car,s3_28_48,Not Deployed,s2_97_208,s1_below_1,Male,s2_37_80,s3_141_159,s2_164_318,s3_80_160,s2_2_4
17217,s2_885_1695,s2_n103_99,s4_n40_7,s1_below_4282,s4_4_5,s1_below_2001,s2_760_2075,s4_37_47,Truck (<=6000 lbs.),s3_28_48,Not Deployed,s2_97_208,s1_below_1,Male,s4_96_114,s3_141_159,s3_318_464,s4_160_220,s2_2_4
17218,s3_1695_2555,s2_n103_99,s4_n40_7,s1_below_4282,s1_below_2,s1_below_2001,s2_760_2075,s5_47_57,Truck (<=6000 lbs.),s3_28_48,Deployed,s2_97_208,s1_below_1,Female,s4_96_114,s3_141_159,s2_164_318,s4_160_220,s2_2_4
17219,s3_1695_2555,s2_n103_99,s4_n40_7,s1_below_4282,s4_4_5,s1_below_2001,s2_760_2075,s3_17_37,Truck (<=6000 lbs.),s2_11_28,Not Deployed,s2_97_208,s1_below_1,Male,s6_130_up,s3_141_159,s2_164_318,s4_160_220,s2_2_4
17220,s2_885_1695,s2_n103_99,s4_n40_7,s1_below_4282,s3_3_4,s1_below_2001,s2_760_2075,s3_17_37,Passenger Car,s3_28_48,Deployed,s2_97_208,s2_1_2,Female,s2_37_80,s3_141_159,s2_164_318,s3_80_160,s2_2_4
17221,s3_1695_2555,s2_n103_99,s3_n81_n40,s1_below_4282,s6_6_up,s1_below_2001,s2_760_2075,s4_37_47,Truck (<=6000 lbs.),s2_11_28,Deployed,s2_97_208,s2_1_2,Female,s2_37_80,s3_141_159,s2_164_318,s3_80_160,s2_2_4
17222,s2_885_1695,s2_n103_99,s4_n40_7,s1_below_4282,s6_6_up,s1_below_2001,s2_760_2075,s3_17_37,Passenger Car,s2_11_28,Not Deployed,s2_97_208,s1_below_1,Male,s4_96_114,s3_141_159,s2_164_318,s3_80_160,s2_2_4
17223,s3_1695_2555,s2_n103_99,s5_7_up,s1_below_4282,s4_4_5,s2_2001_2003,s2_760_2075,s3_17_37,Truck (<=6000 lbs.),s3_28_48,Not Deployed,s2_97_208,s1_below_1,Female,s2_37_80,s3_141_159,s2_164_318,s5_220_260,s2_2_4
17224,s2_885_1695,s2_n103_99,s5_7_up,s1_below_4282,s4_4_5,s1_below_2001,s2_760_2075,s3_17_37,Passenger Car,s3_28_48,Not Deployed,s2_97_208,s1_below_1,Male,s2_37_80,s3_141_159,s2_164_318,s6_260_up,s2_2_4
17225,s3_1695_2555,s2_n103_99,s4_n40_7,s1_below_4282,s4_4_5,s1_below_2001,s2_760_2075,s4_37_47,Truck (<=10000 lbs.),s2_11_28,Deployed,s2_97_208,s1_below_1,Female,s2_37_80,s5_169_179,s3_318_464,s3_80_160,s4_5_6
17226,s2_885_1695,s2_n103_99,s4_n40_7,s1_below_4282,s3_3_4,s1_below_2001,s2_760_2075,s3_17_37,Passenger Car,s3_28_48,Not Deployed,s2_97_208,s1_below_1,Female,s3_80_96,s3_141_159,s2_164_318,s4_160_220,s2_2_4
17227,s2_885_1695,s2_n103_99,s4_n40_7,s1_below_4282,s6_6_up,s2_2001_2003,s2_760_2075,s3_17_37,Passenger Car,s2_11_28,Not Deployed,s2_97_208,s1_below_1,Male,s4_96_114,s3_141_159,s2_164_318,s4_160_220,s2_2_4
17228,s2_885_1695,s2_n103_99,s4_n40_7,s1_below_4282,s5_5_6,s2_2001_2003,s2_760_2075,s3_17_37,Passenger Car,s2_11_28,Not Deployed,s2_97_208,s1_below_1,Female,s2_37_80,s3_141_159,s2_164_318,s3_80_160,s2_2_4
17229,s3_1695_2555,s2_n103_99,s4_n40_7,s1_below_4282,s4_4_5,s1_below_2001,s3_2075_3730,s6_57_up,Truck (<=10000 lbs.),s3_28_48,Deployed,s2_97_208,s2_1_2,Female,s2_37_80,s4_159_169,s2_164_318,s3_80_160,s3_4_5
17230,s2_885_1695,s2_n103_99,s4_n40_7,s1_below_4282,s2_2_3,s2_2001_2003,s2_760_2075,s3_17_37,Passenger Car,s2_11_28,Deployed,s2_97_208,s1_below_1,Male,s3_80_96,s3_141_159,s2_164_318,s4_160_220,s2_2_4
17231,s2_885_1695,s2_n103_99,s4_n40_7,s1_below_4282,s4_4_5,s1_below_2001,s2_760_2075,s3_17_37,Passenger Car,s3_28_48,Not Deployed,s2_97_208,s1_below_1,Female,s2_37_80,s3_141_159,s2_164_318,s2_40_80,s2_2_4
17232,s2_885_1695,s2_n103_99,s4_n40_7,s1_below_4282,s4_4_5,s1_below_2001,s2_760_2075,s3_17_37,Passenger Car,s3_28_48,Deployed,s2_97_208,s1_below_1,Male,s3_80_96,s3_141_159,s2_164_318,s3_80_160,s2_2_4
17233,s2_885_1695,s2_n103_99,s4_n40_7,s1_below_4282,s4_4_5,s1_below_2001,s2_760_2075,s3_17_37,Passenger Car,s3_28_48,Not Deployed,s2_97_208,s1_below_1,Male,s4_96_114,s3_141_159,s2_164_318,s3_80_160,s2_2_4
17234,s2_885_1695,s2_n103_99,s4_n40_7,s1_below_4282,s4_4_5,s1_below_2001,s2_760_2075,s6_57_up,Passenger Car,s3_28_48,Not Deployed,s2_97_208,s1_below_1,Male,s2_37_80,s3_141_159,s2_164_318,s3_80_160,s2_2_4
17235,s3_1695_2555,s2_n103_99,s4_n40_7,s1_below_4282,s4_4_5,s2_2001_2003,s2_760_2075,s3_17_37,Truck (<=6000 lbs.),s3_28_48,Deployed,s2_97_208,s1_below_1,Female,s2_37_80,s3_141_159,s2_164_318,s3_80_160,s2_2_4
17236,s2_885_1695,s2_n103_99,s4_n40_7,s1_below_4282,s4_4_5,s2_2001_2003,s2_760_2075,s3_17_37,Passenger Car,s4_48_64,Deployed,s2_97_208,s1_below_1,Male,s2_37_80,s3_141_159,s2_164_318,s3_80_160,s2_2_4
17237,s2_885_1695,s2_n103_99,s4_n40_7,s1_below_4282,s4_4_5,s2_2001_2003,s2_760_2075,s3_17_37,Passenger Car,s2_11_28,Not Deployed,s2_97_208,s1_below_1,Male,s2_37_80,s3_141_159,s2_164_318,s3_80_160,s2_2_4
17238,s3_1695_2555,s2_n103_99,s4_n40_7,s1_below_4282,s4_4_5,s2_2001_2003,s2_760_2075,s3_17_37,Truck (<=6000 lbs.),s3_28_48,Deployed,s2_97_208,s2_1_2,Female,s3_80_96,s3_141_159,s2_164_318,s3_80_160,s3_4_5
17239,s3_1695_2555,s2_n103_99,s4_n40_7,s1_below_4282,s3_3_4,s1_below_2001,s2_760_2075,s3_17_37,Truck (<=10000 lbs.),s3_28_48,Not Deployed,s2_97_208,s3_2_3,Female,s2_37_80,s4_159_169,s2_164_318,s2_40_80,s3_4_5
17240,s2_885_1695,s2_n103_99,s4_n40_7,s1_below_4282,s6_6_up,s1_below_2001,s2_760_2075,s3_17_37,Passenger Car,s2_11_28,Deployed,s2_97_208,s3_2_3,Male,s2_37_80,s3_141_159,s2_164_318,s3_80_160,s2_2_4
17241,s3_1695_2555,s2_n103_99,s3_n81_n40,s1_below_4282,s1_below_2,s2_2001_2003,s2_760_2075,s3_17_37,Passenger Car,s6_76_up,Deployed,s2_97_208,s4_3_4,Male,s4_96_114,s3_141_159,s2_164_318,s3_80_160,s2_2_4
17242,s2_885_1695,s2_n103_99,s4_n40_7,s1_below_4282,s5_5_6,s1_below_2001,s2_760_2075,s4_37_47,Passenger Car,s3_28_48,Deployed,s2_97_208,s2_1_2,Female,s2_37_80,s3_141_159,s2_164_318,s3_80_160,s2_2_4
17243,s2_885_1695,s2_n103_99,s4_n40_7,s1_below_4282,s1_below_2,s1_below_2001,s2_760_2075,s3_17_37,Passenger Car,s2_11_28,Deployed,s2_97_208,s1_below_1,Female,s4_96_114,s3_141_159,s2_164_318,s3_80_160,s2_2_4
17244,s2_885_1695,s2_n103_99,s4_n40_7,s1_below_4282,s2_2_3,s1_below_2001,s2_760_2075,s3_17_37,Passenger Car,s2_11_28,Deployed,s2_97_208,s1_below_1,Female,s2_37_80,s3_141_159,s2_164_318,s3_80_160,s2_2_4
17245,s2_885_1695,s2_n103_99,s4_n40_7,s1_below_4282,s1_below_2,s1_below_2001,s2_760_2075,s3_17_37,Passenger Car,s2_11_28,Not Deployed,s2_97_208,s1_below_1,Female,s2_37_80,s3_141_159,s2_164_318,s3_80_160,s2_2_4
17246,s2_885_1695,s2_n103_99,s4_n40_7,s1_below_4282,s5_5_6,s1_below_2001,s2_760_2075,s6_57_up,Truck (<=6000 lbs.),s4_48_64,Not Deployed,s2_97_208,s1_below_1,Female,s2_37_80,s3_141_159,s2_164_318,s3_80_160,s2_2_4
17247,s2_885_1695,s2_n103_99,s5_7_up,s1_below_4282,s1_below_2,s1_below_2001,s2_760_2075,s3_17_37,Passenger Car,s2_11_28,Not Deployed,s2_97_208,s1_below_1,Female,s2_37_80,s3_141_159,s2_164_318,s1_below_40,s2_2_4
17248,s2_885_1695,s2_n103_99,s4_n40_7,s1_below_4282,s1_below_2,s1_below_2001,s2_760_2075,s3_17_37,Truck (<=6000 lbs.),s3_28_48,Not Deployed,s2_97_208,s1_below_1,Female,s2_37_80,s2_116_141,s2_164_318,s3_80_160,s2_2_4
17249,s2_885_1695,s2_n103_99,s4_n40_7,s1_below_4282,s3_3_4,s1_below_2001,s2_760_2075,s4_37_47,Passenger Car,s3_28_48,Deployed,s2_97_208,s1_below_1,Male,s3_80_96,s3_141_159,s2_164_318,s3_80_160,s2_2_4
17250,s2_885_1695,s2_n103_99,s4_n40_7,s1_below_4282,s4_4_5,s1_below_2001,s2_760_2075,s6_57_up,Truck (<=6000 lbs.),s2_11_28,Deployed,s2_97_208,s1_below_1,Female,s2_37_80,s3_141_159,s2_164_318,s3_80_160,s2_2_4
17251,s3_1695_2555,s2_n103_99,s4_n40_7,s1_below_4282,s3_3_4,s1_below_2001,s2_760_2075,s4_37_47,Truck (<=6000 lbs.),s4_48_64,Deployed,s2_97_208,s1_below_1,Male,s2_37_80,s3_141_159,s2_164_318,s3_80_160,s2_2_4
17252,s2_885_1695,s2_n103_99,s4_n40_7,s1_below_4282,s4_4_5,s1_below_2001,s2_760_2075,s4_37_47,Truck (<=6000 lbs.),s3_28_48,Not Deployed,s2_97_208,s1_below_1,Female,s2_37_80,s2_116_141,s2_164_318,s4_160_220,s2_2_4
17253,s2_885_1695,s2_n103_99,s5_7_up,s1_below_4282,s1_below_2,s1_below_2001,s3_2075_3730,s5_47_57,Passenger Car,s4_48_64,Not Deployed,s2_97_208,s1_below_1,Male,s3_80_96,s3_141_159,s2_164_318,s6_260_up,s2_2_4
17254,s2_885_1695,s2_n103_99,s4_n40_7,s1_below_4282,s1_below_2,s1_below_2001,s2_760_2075,s5_47_57,Passenger Car,s2_11_28,Deployed,s2_97_208,s3_2_3,Male,s3_80_96,s3_141_159,s2_164_318,s3_80_160,s2_2_4
17255,s2_885_1695,s2_n103_99,s4_n40_7,s1_below_4282,s1_below_2,s1_below_2001,s2_760_2075,s3_17_37,Passenger Car,s4_48_64,Not Deployed,s2_97_208,s3_2_3,Female,s2_37_80,s3_141_159,s2_164_318,s2_40_80,s2_2_4
17256,s2_885_1695,s2_n103_99,s4_n40_7,s1_below_4282,s4_4_5,s1_below_2001,s2_760_2075,s3_17_37,Passenger Car,s2_11_28,Not Deployed,s2_97_208,s2_1_2,Female,s2_37_80,s3_141_159,s2_164_318,s4_160_220,s2_2_4
17257,s2_885_1695,s2_n103_99,s4_n40_7,s1_below_4282,s1_below_2,s1_below_2001,s3_2075_3730,s4_37_47,Passenger Car,s3_28_48,Deployed,s2_97_208,s1_below_1,Male,s3_80_96,s3_141_159,s2_164_318,s5_220_260,s2_2_4
17258,s2_885_1695,s2_n103_99,s3_n81_n40,s1_below_4282,s3_3_4,s1_below_2001,s2_760_2075,s3_17_37,Truck (<=6000 lbs.),s3_28_48,Deployed,s2_97_208,s3_2_3,Male,s2_37_80,s3_141_159,s2_164_318,s3_80_160,s2_2_4
17259,s4_2555_3715,s2_n103_99,s4_n40_7,s1_below_4282,s4_4_5,s2_2001_2003,s2_760_2075,s3_17_37,Truck (<=10000 lbs.),s3_28_48,Not Deployed,s2_97_208,s1_below_1,Male,s4_96_114,s5_169_179,s3_318_464,s3_80_160,s6_7_up
17260,s2_885_1695,s2_n103_99,s4_n40_7,s1_below_4282,s1_below_2,s1_below_2001,s2_760_2075,s3_17_37,Passenger Car,s3_28_48,Not Deployed,s2_97_208,s1_below_1,Female,s2_37_80,s3_141_159,s2_164_318,s3_80_160,s2_2_4
17261,s3_1695_2555,s2_n103_99,s4_n40_7,s1_below_4282,s1_below_2,s2_2001_2003,s2_760_2075,s3_17_37,Truck (<=6000 lbs.),s3_28_48,Not Deployed,s2_97_208,s1_below_1,Female,s2_37_80,s3_141_159,s2_164_318,s4_160_220,s2_2_4
17262,s2_885_1695,s2_n103_99,s4_n40_7,s1_below_4282,s2_2_3,s1_below_2001,s2_760_2075,s3_17_37,Passenger Car,s2_11_28,Deployed,s2_97_208,s1_below_1,Male,s3_80_96,s3_141_159,s2_164_318,s4_160_220,s2_2_4
17263,s2_885_1695,s2_n103_99,s4_n40_7,s1_below_4282,s1_below_2,s2_2001_2003,s3_2075_3730,s3_17_37,Passenger Car,s3_28_48,Not Deployed,s2_97_208,s1_below_1,Female,s2_37_80,s3_141_159,s2_164_318,s3_80_160,s2_2_4
17264,s2_885_1695,s2_n103_99,s4_n40_7,s1_below_4282,s1_below_2,s2_2001_2003,s2_760_2075,s3_17_37,Passenger Car,s5_64_76,Deployed,s2_97_208,s2_1_2,Male,s3_80_96,s3_141_159,s2_164_318,s4_160_220,s2_2_4
17265,s3_1695_2555,s2_n103_99,s4_n40_7,s1_below_4282,s2_2_3,s1_below_2001,s2_760_2075,s3_17_37,Truck (<=6000 lbs.),s3_28_48,Not Deployed,s2_97_208,s1_below_1,Female,s3_80_96,s3_141_159,s2_164_318,s1_below_40,s2_2_4
17266,s2_885_1695,s2_n103_99,s4_n40_7,s1_below_4282,s4_4_5,s1_below_2001,s2_760_2075,s3_17_37,Passenger Car,s2_11_28,Not Deployed,s2_97_208,s1_below_1,Female,s2_37_80,s3_141_159,s2_164_318,s3_80_160,s2_2_4
17267,s2_885_1695,s2_n103_99,s4_n40_7,s1_below_4282,s3_3_4,s2_2001_2003,s2_760_2075,s3_17_37,Passenger Car,s4_48_64,Not Deployed,s2_97_208,s1_below_1,Female,s2_37_80,s3_141_159,s2_164_318,s4_160_220,s2_2_4
17268,s2_885_1695,s2_n103_99,s4_n40_7,s1_below_4282,s6_6_up,s1_below_2001,s2_760_2075,s3_17_37,Passenger Car,s3_28_48,Not Deployed,s2_97_208,s1_below_1,Male,s2_37_80,s3_141_159,s2_164_318,s3_80_160,s2_2_4
17269,s3_1695_2555,s2_n103_99,s4_n40_7,s1_below_4282,s1_below_2,s1_below_2001,s2_760_2075,s3_17_37,Truck (<=6000 lbs.),s3_28_48,Not Deployed,s2_97_208,s1_below_1,Male,s3_80_96,s4_159_169,s2_164_318,s3_80_160,s3_4_5
17270,s2_885_1695,s2_n103_99,s4_n40_7,s1_below_4282,s3_3_4,s1_below_2001,s2_760_2075,s3_17_37,Passenger Car,s2_11_28,Not Deployed,s2_97_208,s1_below_1,Male,s2_37_80,s3_141_159,s2_164_318,s3_80_160,s2_2_4
17271,s3_1695_2555,s2_n103_99,s4_n40_7,s1_below_4282,s3_3_4,s1_below_2001,s2_760_2075,s3_17_37,Truck (<=6000 lbs.),s3_28_48,Not Deployed,s2_97_208,s1_below_1,Male,s4_96_114,s3_141_159,s2_164_318,s3_80_160,s2_2_4
17272,s2_885_1695,s2_n103_99,s4_n40_7,s1_below_4282,s1_below_2,s1_below_2001,s2_760_2075,s3_17_37,Passenger Car,s6_76_up,Not Deployed,s2_97_208,s1_below_1,Male,s3_80_96,s3_141_159,s2_164_318,s3_80_160,s2_2_4
17273,s4_2555_3715,s2_n103_99,s4_n40_7,s1_below_4282,s1_below_2,s2_2001_2003,s2_760_2075,s3_17_37,Truck (<=10000 lbs.),s3_28_48,Not Deployed,s2_97_208,s1_below_1,Male,s4_96_114,s5_169_179,s3_318_464,s3_80_160,s5_6_7
17274,s3_1695_2555,s2_n103_99,s4_n40_7,s1_below_4282,s3_3_4,s2_2001_2003,s2_760_2075,s3_17_37,Truck (<=10000 lbs.),s2_11_28,Deployed,s2_97_208,s4_3_4,Male,s3_80_96,s4_159_169,s3_318_464,s4_160_220,s4_5_6
17275,s3_1695_2555,s2_n103_99,s4_n40_7,s1_below_4282,s1_below_2,s1_below_2001,s2_760_2075,s3_17_37,Truck (<=6000 lbs.),s3_28_48,Not Deployed,s2_97_208,s1_below_1,Female,s2_37_80,s3_141_159,s2_164_318,s3_80_160,s3_4_5
17276,s2_885_1695,s2_n103_99,s5_7_up,s1_below_4282,s3_3_4,s1_below_2001,s2_760_2075,s3_17_37,Passenger Car,s2_11_28,Not Deployed,s2_97_208,s1_below_1,Male,s2_37_80,s3_141_159,s2_164_318,s6_260_up,s2_2_4
17277,s2_885_1695,s2_n103_99,s5_7_up,s1_below_4282,s3_3_4,s1_below_2001,s2_760_2075,s3_17_37,Passenger Car,s3_28_48,Not Deployed,s2_97_208,s1_below_1,Male,s3_80_96,s4_159_169,s2_164_318,s6_260_up,s2_2_4
17278,s2_885_1695,s2_n103_99,s4_n40_7,s1_below_4282,s4_4_5,s2_2001_2003,s2_760_2075,s3_17_37,Passenger Car,s2_11_28,Not Deployed,s2_97_208,s1_below_1,Male,s3_80_96,s3_141_159,s2_164_318,s3_80_160,s2_2_4
17279,s2_885_1695,s2_n103_99,s4_n40_7,s1_below_4282,s1_below_2,s2_2001_2003,s2_760_2075,s3_17_37,Passenger Car,s2_11_28,Deployed,s2_97_208,s3_2_3,Male,s2_37_80,s3_141_159,s2_164_318,s3_80_160,s2_2_4
17280,s2_885_1695,s2_n103_99,s4_n40_7,s1_below_4282,s1_below_2,s1_below_2001,s2_760_2075,s4_37_47,Truck (<=6000 lbs.),s2_11_28,Not Deployed,s2_97_208,s1_below_1,Male,s2_37_80,s3_141_159,s2_164_318,s3_80_160,s2_2_4
17281,s2_885_1695,s2_n103_99,s4_n40_7,s1_below_4282,s1_below_2,s1_below_2001,s2_760_2075,s3_17_37,Passenger Car,s3_28_48,Not Deployed,s2_97_208,s1_below_1,Male,s4_96_114,s3_141_159,s2_164_318,s3_80_160,s2_2_4
17282,s2_885_1695,s2_n103_99,s4_n40_7,s1_below_4282,s1_below_2,s1_below_2001,s2_760_2075,s5_47_57,Passenger Car,s4_48_64,Not Deployed,s2_97_208,s1_below_1,Male,s5_114_130,s3_141_159,s2_164_318,s3_80_160,s2_2_4
17283,s2_885_1695,s2_n103_99,s4_n40_7,s1_below_4282,s3_3_4,s1_below_2001,s2_760_2075,s3_17_37,Passenger Car,s2_11_28,Not Deployed,s2_97_208,s1_below_1,Female,s2_37_80,s3_141_159,s2_164_318,s3_80_160,s2_2_4
17284,s2_885_1695,s2_n103_99,s4_n40_7,s1_below_4282,s1_below_2,s1_below_2001,s2_760_2075,s5_47_57,Passenger Car,s3_28_48,Not Deployed,s2_97_208,s1_below_1,Male,s2_37_80,s3_141_159,s2_164_318,s3_80_160,s2_2_4
17285,s2_885_1695,s2_n103_99,s4_n40_7,s1_below_4282,s1_below_2,s1_below_2001,s2_760_2075,s3_17_37,Passenger Car,s4_48_64,Deployed,s2_97_208,s1_below_1,Male,s2_37_80,s3_141_159,s2_164_318,s3_80_160,s2_2_4
17286,s2_885_1695,s2_n103_99,s4_n40_7,s1_below_4282,s3_3_4,s1_below_2001,s2_760_2075,s4_37_47,Passenger Car,s4_48_64,Not Deployed,s2_97_208,s1_below_1,Female,s2_37_80,s3_141_159,s2_164_318,s3_80_160,s2_2_4
17287,s2_885_1695,s2_n103_99,s5_7_up,s1_below_4282,s3_3_4,s1_below_2001,s2_760_2075,s4_37_47,Passenger Car,s3_28_48,Not Deployed,s2_97_208,s1_below_1,Female,s2_37_80,s3_141_159,s2_164_318,s6_260_up,s2_2_4
17288,s3_1695_2555,s2_n103_99,s4_n40_7,s1_below_4282,s1_below_2,s1_below_2001,s2_760_2075,s3_17_37,Truck (<=6000 lbs.),s3_28_48,Not Deployed,s2_97_208,s1_below_1,Female,s4_96_114,s4_159_169,s2_164_318,s3_80_160,s3_4_5
17289,s2_885_1695,s2_n103_99,s4_n40_7,s1_below_4282,s1_below_2,s1_below_2001,s2_760_2075,s3_17_37,Passenger Car,s3_28_48,Not Deployed,s2_97_208,s1_below_1,Male,s2_37_80,s3_141_159,s2_164_318,s3_80_160,s2_2_4
17290,s2_885_1695,s2_n103_99,s4_n40_7,s1_below_4282,s3_3_4,s1_below_2001,s2_760_2075,s3_17_37,Passenger Car,s2_11_28,Deployed,s2_97_208,s1_below_1,Male,s2_37_80,s3_141_159,s2_164_318,s4_160_220,s2_2_4
17291,s2_885_1695,s2_n103_99,s4_n40_7,s1_below_4282,s1_below_2,s1_below_2001,s2_760_2075,s3_17_37,Truck (<=6000 lbs.),s2_11_28,Not Deployed,s2_97_208,s1_below_1,Male,s2_37_80,s3_141_159,s3_318_464,s3_80_160,s2_2_4
17292,s2_885_1695,s2_n103_99,s4_n40_7,s1_below_4282,s3_3_4,s1_below_2001,s2_760_2075,s5_47_57,Passenger Car,s2_11_28,Deployed,s2_97_208,s2_1_2,Female,s2_37_80,s3_141_159,s2_164_318,s3_80_160,s2_2_4
17293,s2_885_1695,s2_n103_99,s4_n40_7,s1_below_4282,s3_3_4,s1_below_2001,s2_760_2075,s5_47_57,Passenger Car,s5_64_76,Deployed,s2_97_208,s1_below_1,Male,s3_80_96,s3_141_159,s2_164_318,s3_80_160,s2_2_4
17294,s3_1695_2555,s2_n103_99,s4_n40_7,s1_below_4282,s1_below_2,s1_below_2001,s2_760_2075,s3_17_37,Truck (<=10000 lbs.),s3_28_48,Not Deployed,s2_97_208,s1_below_1,Male,s3_80_96,s4_159_169,s2_164_318,s3_80_160,s3_4_5
17295,s2_885_1695,s2_n103_99,s4_n40_7,s1_below_4282,s6_6_up,s1_below_2001,s2_760_2075,s5_47_57,Truck (<=6000 lbs.),s4_48_64,Deployed,s2_97_208,s3_2_3,Male,s6_130_up,s3_141_159,s3_318_464,s2_40_80,s2_2_4
17296,s3_1695_2555,s2_n103_99,s4_n40_7,s1_below_4282,s1_below_2,s1_below_2001,s2_760_2075,s5_47_57,Truck (<=6000 lbs.),s3_28_48,Not Deployed,s2_97_208,s1_below_1,Female,s4_96_114,s3_141_159,s3_318_464,s3_80_160,s3_4_5
17297,s2_885_1695,s2_n103_99,s5_7_up,s1_below_4282,s3_3_4,s1_below_2001,s2_760_2075,s3_17_37,Passenger Car,s3_28_48,Not Deployed,s2_97_208,s1_below_1,Male,s2_37_80,s3_141_159,s2_164_318,s6_260_up,s2_2_4
17298,s3_1695_2555,s2_n103_99,s3_n81_n40,s1_below_4282,s1_below_2,s1_below_2001,s2_760_2075,s5_47_57,Truck (<=10000 lbs.),s3_28_48,Deployed,s2_97_208,s5_4_5,Female,s2_37_80,s4_159_169,s3_318_464,s3_80_160,s4_5_6
17299,s2_885_1695,s2_n103_99,s4_n40_7,s1_below_4282,s1_below_2,s1_below_2001,s2_760_2075,s3_17_37,Passenger Car,s3_28_48,Deployed,s2_97_208,s1_below_1,Male,s4_96_114,s3_141_159,s2_164_318,s3_80_160,s2_2_4
17300,s2_885_1695,s2_n103_99,s4_n40_7,s1_below_4282,s1_below_2,s1_below_2001,s2_760_2075,s3_17_37,Passenger Car,s3_28_48,Not Deployed,s2_97_208,s2_1_2,Female,s2_37_80,s3_141_159,s2_164_318,s2_40_80,s2_2_4
17301,s2_885_1695,s2_n103_99,s3_n81_n40,s1_below_4282,s3_3_4,s1_below_2001,s2_760_2075,s5_47_57,Passenger Car,s3_28_48,Deployed,s2_97_208,s3_2_3,Male,s2_37_80,s3_141_159,s2_164_318,s3_80_160,s2_2_4
17302,s4_2555_3715,s2_n103_99,s4_n40_7,s1_below_4282,s1_below_2,s1_below_2001,s3_2075_3730,s5_47_57,Truck (<=10000 lbs.),s3_28_48,Deployed,s2_97_208,s2_1_2,Female,s2_37_80,s6_179_up,s3_318_464,s3_80_160,s5_6_7
17303,s2_885_1695,s2_n103_99,s4_n40_7,s1_below_4282,s1_below_2,s1_below_2001,s2_760_2075,s5_47_57,Passenger Car,s5_64_76,Not Deployed,s2_97_208,s1_below_1,Male,s2_37_80,s3_141_159,s2_164_318,s3_80_160,s2_2_4
17304,s2_885_1695,s2_n103_99,s5_7_up,s1_below_4282,s4_4_5,s1_below_2001,s2_760_2075,s4_37_47,Passenger Car,s4_48_64,Not Deployed,s2_97_208,s1_below_1,Male,s2_37_80,s3_141_159,s2_164_318,s6_260_up,s2_2_4
17305,s2_885_1695,s2_n103_99,s4_n40_7,s1_below_4282,s1_below_2,s1_below_2001,s2_760_2075,s4_37_47,Passenger Car,s2_11_28,Deployed,s2_97_208,s1_below_1,Male,s2_37_80,s3_141_159,s2_164_318,s3_80_160,s2_2_4
17306,s2_885_1695,s2_n103_99,s4_n40_7,s1_below_4282,s1_below_2,s1_below_2001,s2_760_2075,s4_37_47,Passenger Car,s2_11_28,Deployed,s2_97_208,s1_below_1,Female,s2_37_80,s3_141_159,s2_164_318,s4_160_220,s2_2_4
17307,s3_1695_2555,s2_n103_99,s4_n40_7,s1_below_4282,s1_below_2,s1_below_2001,s2_760_2075,s5_47_57,Truck (<=10000 lbs.),s3_28_48,Not Deployed,s2_97_208,s2_1_2,Male,s3_80_96,s2_116_141,s3_318_464,s3_80_160,s2_2_4
17308,s2_885_1695,s2_n103_99,s4_n40_7,s1_below_4282,s4_4_5,s1_below_2001,s2_760_2075,s4_37_47,Passenger Car,s2_11_28,Not Deployed,s2_97_208,s1_below_1,Female,s2_37_80,s3_141_159,s2_164_318,s3_80_160,s2_2_4
17309,s2_885_1695,s2_n103_99,s5_7_up,s1_below_4282,s1_below_2,s1_below_2001,s2_760_2075,s4_37_47,Passenger Car,s3_28_48,Not Deployed,s2_97_208,s1_below_1,Female,s2_37_80,s3_141_159,s2_164_318,s6_260_up,s2_2_4
17310,s3_1695_2555,s2_n103_99,s4_n40_7,s1_below_4282,s4_4_5,s1_below_2001,s2_760_2075,s3_17_37,Truck (<=10000 lbs.),s2_11_28,Not Deployed,s2_97_208,s1_below_1,Female,s2_37_80,s4_159_169,s3_318_464,s3_80_160,s4_5_6
17311,s2_885_1695,s2_n103_99,s4_n40_7,s1_below_4282,s1_below_2,s1_below_2001,s2_760_2075,s4_37_47,Passenger Car,s2_11_28,Deployed,s2_97_208,s1_below_1,Male,s2_37_80,s3_141_159,s2_164_318,s4_160_220,s2_2_4
17312,s3_1695_2555,s2_n103_99,s4_n40_7,s1_below_4282,s1_below_2,s1_below_2001,s2_760_2075,s3_17_37,Truck (<=10000 lbs.),s3_28_48,Not Deployed,s2_97_208,s1_below_1,Female,s2_37_80,s3_141_159,s2_164_318,s3_80_160,s2_2_4
17313,s2_885_1695,s2_n103_99,s4_n40_7,s1_below_4282,s1_below_2,s1_below_2001,s2_760_2075,s4_37_47,Truck (<=6000 lbs.),s3_28_48,Deployed,s2_97_208,s2_1_2,Male,s5_114_130,s3_141_159,s3_318_464,s3_80_160,s2_2_4
17314,s2_885_1695,s2_n103_99,s4_n40_7,s1_below_4282,s1_below_2,s1_below_2001,s2_760_2075,s3_17_37,Truck (<=10000 lbs.),s3_28_48,Not Deployed,s2_97_208,s1_below_1,Male,s3_80_96,s3_141_159,s3_318_464,s3_80_160,s3_4_5
17315,s2_885_1695,s2_n103_99,s4_n40_7,s1_below_4282,s1_below_2,s1_below_2001,s2_760_2075,s3_17_37,Passenger Car,s5_64_76,Not Deployed,s2_97_208,s1_below_1,Female,s2_37_80,s3_141_159,s2_164_318,s6_260_up,s2_2_4
17316,s2_885_1695,s2_n103_99,s4_n40_7,s1_below_4282,s1_below_2,s1_below_2001,s2_760_2075,s4_37_47,Truck (<=6000 lbs.),s3_28_48,Not Deployed,s2_97_208,s1_below_1,Male,s3_80_96,s4_159_169,s2_164_318,s3_80_160,s3_4_5
17317,s3_1695_2555,s2_n103_99,s4_n40_7,s1_below_4282,s1_below_2,s1_below_2001,s2_760_2075,s4_37_47,Truck (<=6000 lbs.),s4_48_64,Deployed,s2_97_208,s1_below_1,Male,s3_80_96,s4_159_169,s2_164_318,s3_80_160,s3_4_5
17318,s2_885_1695,s2_n103_99,s4_n40_7,s1_below_4282,s1_below_2,s1_below_2001,s2_760_2075,s4_37_47,Passenger Car,s3_28_48,Deployed,s2_97_208,s1_below_1,Female,s5_114_130,s3_141_159,s2_164_318,s3_80_160,s2_2_4
17319,s2_885_1695,s2_n103_99,s4_n40_7,s1_below_4282,s1_below_2,s1_below_2001,s2_760_2075,s3_17_37,Passenger Car,s4_48_64,Not Deployed,s2_97_208,s1_below_1,Male,s3_80_96,s3_141_159,s2_164_318,s4_160_220,s2_2_4
17320,s2_885_1695,s2_n103_99,s4_n40_7,s1_below_4282,s1_below_2,s1_below_2001,s2_760_2075,s3_17_37,Passenger Car,s4_48_64,Not Deployed,s2_97_208,s2_1_2,Female,s3_80_96,s3_141_159,s2_164_318,s2_40_80,s2_2_4
17321,s2_885_1695,s2_n103_99,s4_n40_7,s1_below_4282,s2_2_3,s1_below_2001,s2_760_2075,s3_17_37,Truck (<=6000 lbs.),s3_28_48,Deployed,s2_97_208,s1_below_1,Male,s5_114_130,s3_141_159,s2_164_318,s4_160_220,s2_2_4
17322,s2_885_1695,s2_n103_99,s5_7_up,s1_below_4282,s5_5_6,s1_below_2001,s2_760_2075,s3_17_37,Passenger Car,s2_11_28,Not Deployed,s2_97_208,s1_below_1,Female,s2_37_80,s3_141_159,s2_164_318,s6_260_up,s2_2_4
17323,s2_885_1695,s2_n103_99,s4_n40_7,s1_below_4282,s1_below_2,s1_below_2001,s2_760_2075,s3_17_37,Passenger Car,s2_11_28,Not Deployed,s2_97_208,s1_below_1,Female,s2_37_80,s3_141_159,s2_164_318,s3_80_160,s2_2_4
17324,s3_1695_2555,s2_n103_99,s4_n40_7,s1_below_4282,s1_below_2,s1_below_2001,s2_760_2075,s3_17_37,Truck (<=6000 lbs.),s3_28_48,Deployed,s2_97_208,s1_below_1,Female,s2_37_80,s2_116_141,s2_164_318,s4_160_220,s2_2_4
17325,s2_885_1695,s2_n103_99,s4_n40_7,s1_below_4282,s3_3_4,s2_2001_2003,s2_760_2075,s3_17_37,Passenger Car,s2_11_28,Deployed,s2_97_208,s1_below_1,Male,s3_80_96,s3_141_159,s2_164_318,s3_80_160,s2_2_4
17326,s2_885_1695,s2_n103_99,s4_n40_7,s1_below_4282,s4_4_5,s1_below_2001,s2_760_2075,s3_17_37,Passenger Car,s2_11_28,Deployed,s2_97_208,s1_below_1,Male,s3_80_96,s3_141_159,s2_164_318,s4_160_220,s2_2_4
17327,s2_885_1695,s2_n103_99,s4_n40_7,s1_below_4282,s3_3_4,s1_below_2001,s2_760_2075,s3_17_37,Passenger Car,s2_11_28,Not Deployed,s2_97_208,s1_below_1,Male,s2_37_80,s3_141_159,s2_164_318,s3_80_160,s2_2_4
17328,s3_1695_2555,s2_n103_99,s4_n40_7,s1_below_4282,s1_below_2,s1_below_2001,s2_760_2075,s5_47_57,Truck (<=10000 lbs.),s3_28_48,Deployed,s2_97_208,s2_1_2,Female,s2_37_80,s3_141_159,s2_164_318,s3_80_160,s2_2_4
17329,s3_1695_2555,s2_n103_99,s5_7_up,s1_below_4282,s2_2_3,s1_below_2001,s2_760_2075,s3_17_37,Passenger Car,s4_48_64,Not Deployed,s2_97_208,s1_below_1,Female,s2_37_80,s3_141_159,s2_164_318,s6_260_up,s2_2_4
17330,s2_885_1695,s2_n103_99,s4_n40_7,s1_below_4282,s1_below_2,s1_below_2001,s2_760_2075,s3_17_37,Passenger Car,s2_11_28,Deployed,s2_97_208,s2_1_2,Female,s2_37_80,s3_141_159,s2_164_318,s3_80_160,s2_2_4
17331,s2_885_1695,s2_n103_99,s5_7_up,s1_below_4282,s2_2_3,s1_below_2001,s2_760_2075,s4_37_47,Passenger Car,s3_28_48,Not Deployed,s2_97_208,s1_below_1,Female,s2_37_80,s3_141_159,s2_164_318,s6_260_up,s2_2_4
17332,s3_1695_2555,s2_n103_99,s4_n40_7,s1_below_4282,s3_3_4,s1_below_2001,s2_760_2075,s3_17_37,Passenger Car,s2_11_28,Not Deployed,s2_97_208,s1_below_1,Male,s2_37_80,s4_159_169,s2_164_318,s3_80_160,s2_2_4
17333,s2_885_1695,s2_n103_99,s5_7_up,s1_below_4282,s2_2_3,s1_below_2001,s2_760_2075,s3_17_37,Passenger Car,s2_11_28,Not Deployed,s2_97_208,s1_below_1,Female,s2_37_80,s3_141_159,s2_164_318,s6_260_up,s2_2_4
17334,s3_1695_2555,s2_n103_99,s3_n81_n40,s1_below_4282,s4_4_5,s1_below_2001,s2_760_2075,s3_17_37,Truck (<=6000 lbs.),s4_48_64,Deployed,s2_97_208,s3_2_3,Male,s2_37_80,s4_159_169,s2_164_318,s3_80_160,s3_4_5
17335,s2_885_1695,s2_n103_99,s4_n40_7,s1_below_4282,s3_3_4,s1_below_2001,s2_760_2075,s4_37_47,Passenger Car,s2_11_28,Deployed,s2_97_208,s1_below_1,Female,s2_37_80,s3_141_159,s2_164_318,s3_80_160,s2_2_4
17336,s2_885_1695,s2_n103_99,s4_n40_7,s1_below_4282,s1_below_2,s1_below_2001,s2_760_2075,s3_17_37,Passenger Car,s4_48_64,Deployed,s2_97_208,s1_below_1,Female,s2_37_80,s3_141_159,s2_164_318,s3_80_160,s2_2_4
17337,s2_885_1695,s2_n103_99,s4_n40_7,s1_below_4282,s3_3_4,s1_below_2001,s2_760_2075,s3_17_37,Passenger Car,s3_28_48,Not Deployed,s2_97_208,s1_below_1,Female,s4_96_114,s3_141_159,s2_164_318,s3_80_160,s2_2_4
17338,s2_885_1695,s2_n103_99,s5_7_up,s1_below_4282,s3_3_4,s1_below_2001,s2_760_2075,s3_17_37,Passenger Car,s4_48_64,Not Deployed,s2_97_208,s1_below_1,Male,s2_37_80,s3_141_159,s2_164_318,s6_260_up,s2_2_4
17339,s2_885_1695,s2_n103_99,s4_n40_7,s1_below_4282,s3_3_4,s1_below_2001,s2_760_2075,s4_37_47,Passenger Car,s3_28_48,Not Deployed,s2_97_208,s1_below_1,Female,s2_37_80,s3_141_159,s2_164_318,s6_260_up,s2_2_4
17340,s2_885_1695,s2_n103_99,s4_n40_7,s1_below_4282,s1_below_2,s1_below_2001,s2_760_2075,s3_17_37,Passenger Car,s3_28_48,Not Deployed,s2_97_208,s1_below_1,Female,s2_37_80,s3_141_159,s2_164_318,s3_80_160,s2_2_4
17341,s2_885_1695,s2_n103_99,s4_n40_7,s1_below_4282,s3_3_4,s1_below_2001,s2_760_2075,s3_17_37,Passenger Car,s2_11_28,Not Deployed,s2_97_208,s1_below_1,Male,s2_37_80,s3_141_159,s2_164_318,s2_40_80,s2_2_4
17342,s2_885_1695,s2_n103_99,s4_n40_7,s1_below_4282,s3_3_4,s1_below_2001,s2_760_2075,s3_17_37,Passenger Car,s3_28_48,Not Deployed,s2_97_208,s1_below_1,Female,s3_80_96,s3_141_159,s2_164_318,s3_80_160,s2_2_4
17343,s2_885_1695,s2_n103_99,s4_n40_7,s1_below_4282,s1_below_2,s1_below_2001,s3_2075_3730,s3_17_37,Passenger Car,s3_28_48,Deployed,s2_97_208,s1_below_1,Female,s2_37_80,s3_141_159,s2_164_318,s3_80_160,s2_2_4
17344,s3_1695_2555,s2_n103_99,s5_7_up,s1_below_4282,s1_below_2,s1_below_2001,s2_760_2075,s3_17_37,Passenger Car,s4_48_64,Not Deployed,s2_97_208,s1_below_1,Female,s2_37_80,s3_141_159,s2_164_318,s6_260_up,s2_2_4
17345,s2_885_1695,s2_n103_99,s4_n40_7,s1_below_4282,s1_below_2,s1_below_2001,s2_760_2075,s3_17_37,Passenger Car,s3_28_48,Not Deployed,s2_97_208,s1_below_1,Female,s3_80_96,s3_141_159,s2_164_318,s6_260_up,s2_2_4
17346,s2_885_1695,s2_n103_99,s4_n40_7,s1_below_4282,s3_3_4,s1_below_2001,s2_760_2075,s4_37_47,Truck (<=6000 lbs.),s3_28_48,Not Deployed,s2_97_208,s1_below_1,Male,s4_96_114,s3_141_159,s2_164_318,s3_80_160,s2_2_4
17347,s2_885_1695,s2_n103_99,s4_n40_7,s1_below_4282,s4_4_5,s1_below_2001,s2_760_2075,s3_17_37,Passenger Car,s6_76_up,Not Deployed,s2_97_208,s1_below_1,Male,s3_80_96,s3_141_159,s2_164_318,s3_80_160,s2_2_4
17348,s2_885_1695,s2_n103_99,s4_n40_7,s1_below_4282,s1_below_2,s1_below_2001,s2_760_2075,s3_17_37,Passenger Car,s6_76_up,Deployed,s2_97_208,s1_below_1,Male,s2_37_80,s3_141_159,s2_164_318,s4_160_220,s2_2_4
17349,s2_885_1695,s2_n103_99,s5_7_up,s1_below_4282,s1_below_2,s1_below_2001,s2_760_2075,s4_37_47,Passenger Car,s3_28_48,Not Deployed,s2_97_208,s1_below_1,Female,s2_37_80,s3_141_159,s2_164_318,s6_260_up,s2_2_4
17350,s2_885_1695,s2_n103_99,s4_n40_7,s1_below_4282,s1_below_2,s1_below_2001,s2_760_2075,s3_17_37,Passenger Car,s2_11_28,Deployed,s2_97_208,s1_below_1,Male,s3_80_96,s3_141_159,s2_164_318,s4_160_220,s2_2_4
17351,s2_885_1695,s2_n103_99,s4_n40_7,s1_below_4282,s3_3_4,s1_below_2001,s2_760_2075,s3_17_37,Passenger Car,s2_11_28,Deployed,s2_97_208,s1_below_1,Female,s4_96_114,s3_141_159,s2_164_318,s3_80_160,s2_2_4
17352,s2_885_1695,s2_n103_99,s4_n40_7,s1_below_4282,s1_below_2,s1_below_2001,s2_760_2075,s4_37_47,Passenger Car,s2_11_28,Deployed,s2_97_208,s2_1_2,Female,s2_37_80,s3_141_159,s2_164_318,s3_80_160,s2_2_4
17353,s2_885_1695,s2_n103_99,s4_n40_7,s1_below_4282,s2_2_3,s1_below_2001,s2_760_2075,s3_17_37,Passenger Car,s2_11_28,Deployed,s2_97_208,s1_below_1,Male,s2_37_80,s3_141_159,s2_164_318,s3_80_160,s2_2_4
17354,s2_885_1695,s2_n103_99,s4_n40_7,s1_below_4282,s4_4_5,s1_below_2001,s2_760_2075,s4_37_47,Passenger Car,s2_11_28,Not Deployed,s2_97_208,s2_1_2,Female,s2_37_80,s3_141_159,s2_164_318,s3_80_160,s2_2_4
17355,s2_885_1695,s2_n103_99,s4_n40_7,s1_below_4282,s1_below_2,s1_below_2001,s2_760_2075,s4_37_47,Passenger Car,s2_11_28,Deployed,s2_97_208,s1_below_1,Female,s2_37_80,s3_141_159,s2_164_318,s3_80_160,s2_2_4
17356,s2_885_1695,s2_n103_99,s4_n40_7,s1_below_4282,s3_3_4,s1_below_2001,s2_760_2075,s5_47_57,Passenger Car,s3_28_48,Deployed,s2_97_208,s3_2_3,Male,s3_80_96,s3_141_159,s2_164_318,s3_80_160,s2_2_4
17357,s2_885_1695,s2_n103_99,s4_n40_7,s1_below_4282,s1_below_2,s1_below_2001,s2_760_2075,s3_17_37,Passenger Car,s4_48_64,Deployed,s2_97_208,s2_1_2,Female,s2_37_80,s3_141_159,s2_164_318,s3_80_160,s2_2_4
17358,s3_1695_2555,s2_n103_99,s4_n40_7,s1_below_4282,s1_below_2,s1_below_2001,s2_760_2075,s4_37_47,Truck (<=10000 lbs.),s3_28_48,Not Deployed,s2_97_208,s1_below_1,Male,s4_96_114,s4_159_169,s2_164_318,s4_160_220,s3_4_5
17359,s2_885_1695,s2_n103_99,s4_n40_7,s1_below_4282,s1_below_2,s1_below_2001,s2_760_2075,s3_17_37,Passenger Car,s2_11_28,Not Deployed,s2_97_208,s1_below_1,Male,s2_37_80,s3_141_159,s2_164_318,s3_80_160,s2_2_4
17360,s3_1695_2555,s2_n103_99,s4_n40_7,s1_below_4282,s1_below_2,s1_below_2001,s2_760_2075,s3_17_37,Truck (<=6000 lbs.),s3_28_48,Deployed,s2_97_208,s1_below_1,Female,s2_37_80,s3_141_159,s2_164_318,s3_80_160,s2_2_4
17361,s2_885_1695,s2_n103_99,s4_n40_7,s1_below_4282,s3_3_4,s1_below_2001,s2_760_2075,s4_37_47,Passenger Car,s2_11_28,Not Deployed,s2_97_208,s1_below_1,Female,s2_37_80,s3_141_159,s2_164_318,s4_160_220,s2_2_4
17362,s2_885_1695,s2_n103_99,s4_n40_7,s1_below_4282,s2_2_3,s1_below_2001,s2_760_2075,s5_47_57,Passenger Car,s3_28_48,Not Deployed,s2_97_208,s1_below_1,Male,s3_80_96,s3_141_159,s2_164_318,s3_80_160,s2_2_4
17363,s2_885_1695,s2_n103_99,s5_7_up,s1_below_4282,s2_2_3,s1_below_2001,s2_760_2075,s3_17_37,Truck (<=6000 lbs.),s4_48_64,Not Deployed,s2_97_208,s1_below_1,Male,s2_37_80,s3_141_159,s2_164_318,s6_260_up,s2_2_4
17364,s2_885_1695,s2_n103_99,s5_7_up,s1_below_4282,s2_2_3,s1_below_2001,s2_760_2075,s4_37_47,Passenger Car,s2_11_28,Not Deployed,s2_97_208,s1_below_1,Male,s2_37_80,s3_141_159,s2_164_318,s6_260_up,s2_2_4
17365,s2_885_1695,s2_n103_99,s5_7_up,s1_below_4282,s5_5_6,s1_below_2001,s2_760_2075,s6_57_up,Passenger Car,s4_48_64,Deployed,s2_97_208,s1_below_1,Female,s2_37_80,s3_141_159,s2_164_318,s6_260_up,s2_2_4
17366,s2_885_1695,s2_n103_99,s4_n40_7,s1_below_4282,s1_below_2,s1_below_2001,s2_760_2075,s4_37_47,Passenger Car,s3_28_48,Deployed,s2_97_208,s1_below_1,Female,s2_37_80,s3_141_159,s2_164_318,s3_80_160,s2_2_4
17367,s2_885_1695,s2_n103_99,s4_n40_7,s1_below_4282,s4_4_5,s1_below_2001,s2_760_2075,s3_17_37,Passenger Car,s2_11_28,Deployed,s2_97_208,s1_below_1,Male,s2_37_80,s3_141_159,s2_164_318,s3_80_160,s2_2_4
17368,s2_885_1695,s2_n103_99,s4_n40_7,s1_below_4282,s2_2_3,s1_below_2001,s2_760_2075,s5_47_57,Passenger Car,s2_11_28,Deployed,s2_97_208,s1_below_1,Male,s2_37_80,s3_141_159,s2_164_318,s6_260_up,s2_2_4
17369,s2_885_1695,s2_n103_99,s3_n81_n40,s1_below_4282,s2_2_3,s1_below_2001,s2_760_2075,s5_47_57,Passenger Car,s3_28_48,Deployed,s2_97_208,s1_below_1,Female,s2_37_80,s3_141_159,s2_164_318,s3_80_160,s2_2_4
17370,s2_885_1695,s2_n103_99,s4_n40_7,s1_below_4282,s1_below_2,s1_below_2001,s3_2075_3730,s3_17_37,Passenger Car,s4_48_64,Not Deployed,s2_97_208,s1_below_1,Female,s3_80_96,s3_141_159,s2_164_318,s4_160_220,s2_2_4
17371,s3_1695_2555,s2_n103_99,s5_7_up,s1_below_4282,s1_below_2,s1_below_2001,s2_760_2075,s5_47_57,Truck (<=6000 lbs.),s3_28_48,Not Deployed,s2_97_208,s1_below_1,Male,s5_114_130,s3_141_159,s2_164_318,s6_260_up,s2_2_4
17372,s2_885_1695,s2_n103_99,s4_n40_7,s1_below_4282,s2_2_3,s1_below_2001,s2_760_2075,s3_17_37,Passenger Car,s3_28_48,Deployed,s2_97_208,s1_below_1,Female,s2_37_80,s3_141_159,s2_164_318,s4_160_220,s2_2_4
17373,s2_885_1695,s2_n103_99,s5_7_up,s1_below_4282,s1_below_2,s1_below_2001,s2_760_2075,s3_17_37,Passenger Car,s4_48_64,Not Deployed,s2_97_208,s1_below_1,Female,s2_37_80,s3_141_159,s2_164_318,s4_160_220,s2_2_4
17374,s2_885_1695,s2_n103_99,s4_n40_7,s1_below_4282,s1_below_2,s1_below_2001,s2_760_2075,s4_37_47,Passenger Car,s3_28_48,Deployed,s2_97_208,s1_below_1,Female,s3_80_96,s3_141_159,s2_164_318,s3_80_160,s2_2_4
17375,s2_885_1695,s2_n103_99,s4_n40_7,s1_below_4282,s2_2_3,s1_below_2001,s2_760_2075,s3_17_37,Passenger Car,s4_48_64,Deployed,s2_97_208,s1_below_1,Male,s2_37_80,s3_141_159,s2_164_318,s3_80_160,s2_2_4
17376,s3_1695_2555,s2_n103_99,s5_7_up,s1_below_4282,s2_2_3,s1_below_2001,s2_760_2075,s3_17_37,Truck (<=10000 lbs.),s3_28_48,Not Deployed,s2_97_208,s1_below_1,Male,s3_80_96,s4_159_169,s3_318_464,s6_260_up,s4_5_6
17377,s2_885_1695,s2_n103_99,s4_n40_7,s1_below_4282,s3_3_4,s2_2001_2003,s2_760_2075,s5_47_57,Passenger Car,s3_28_48,Not Deployed,s2_97_208,s1_below_1,Female,s2_37_80,s3_141_159,s2_164_318,s3_80_160,s2_2_4
17378,s2_885_1695,s2_n103_99,s4_n40_7,s1_below_4282,s2_2_3,s1_below_2001,s2_760_2075,s4_37_47,Passenger Car,s3_28_48,Deployed,s2_97_208,s1_below_1,Female,s2_37_80,s3_141_159,s2_164_318,s4_160_220,s2_2_4
17379,s3_1695_2555,s2_n103_99,s4_n40_7,s1_below_4282,s1_below_2,s1_below_2001,s2_760_2075,s3_17_37,Passenger Car,s4_48_64,Deployed,s2_97_208,s1_below_1,Male,s3_80_96,s4_159_169,s2_164_318,s4_160_220,s3_4_5
17380,s2_885_1695,s2_n103_99,s5_7_up,s1_below_4282,s2_2_3,s1_below_2001,s2_760_2075,s4_37_47,Passenger Car,s3_28_48,Not Deployed,s2_97_208,s1_below_1,Male,s3_80_96,s3_141_159,s2_164_318,s6_260_up,s2_2_4
17381,s2_885_1695,s2_n103_99,s4_n40_7,s1_below_4282,s1_below_2,s1_below_2001,s2_760_2075,s4_37_47,Passenger Car,s4_48_64,Not Deployed,s2_97_208,s1_below_1,Female,s3_80_96,s4_159_169,s2_164_318,s4_160_220,s2_2_4
17382,s2_885_1695,s2_n103_99,s4_n40_7,s1_below_4282,s1_below_2,s1_below_2001,s2_760_2075,s4_37_47,Passenger Car,s2_11_28,Not Deployed,s2_97_208,s1_below_1,Female,s2_37_80,s3_141_159,s2_164_318,s2_40_80,s2_2_4
17383,s2_885_1695,s2_n103_99,s4_n40_7,s1_below_4282,s3_3_4,s1_below_2001,s2_760_2075,s4_37_47,Passenger Car,s4_48_64,Not Deployed,s2_97_208,s1_below_1,Female,s2_37_80,s3_141_159,s2_164_318,s2_40_80,s2_2_4
17384,s3_1695_2555,s2_n103_99,s4_n40_7,s1_below_4282,s1_below_2,s1_below_2001,s2_760_2075,s5_47_57,Truck (<=6000 lbs.),s3_28_48,Not Deployed,s2_97_208,s1_below_1,Female,s2_37_80,s3_141_159,s2_164_318,s3_80_160,s2_2_4
17385,s3_1695_2555,s2_n103_99,s4_n40_7,s1_below_4282,s4_4_5,s1_below_2001,s3_2075_3730,s4_37_47,Truck (<=6000 lbs.),s3_28_48,Deployed,s2_97_208,s1_below_1,Male,s2_37_80,s3_141_159,s2_164_318,s3_80_160,s2_2_4
17386,s3_1695_2555,s2_n103_99,s4_n40_7,s1_below_4282,s4_4_5,s1_below_2001,s2_760_2075,s4_37_47,Truck (<=6000 lbs.),s2_11_28,Not Deployed,s2_97_208,s1_below_1,Female,s2_37_80,s4_159_169,s2_164_318,s4_160_220,s2_2_4
17387,s2_885_1695,s2_n103_99,s4_n40_7,s1_below_4282,s1_below_2,s1_below_2001,s3_2075_3730,s5_47_57,Passenger Car,s3_28_48,Not Deployed,s2_97_208,s3_2_3,Female,s2_37_80,s3_141_159,s2_164_318,s4_160_220,s2_2_4
17388,s3_1695_2555,s2_n103_99,s4_n40_7,s1_below_4282,s3_3_4,s1_below_2001,s2_760_2075,s4_37_47,Truck (<=6000 lbs.),s2_11_28,Not Deployed,s2_97_208,s1_below_1,Female,s3_80_96,s3_141_159,s3_318_464,s4_160_220,s2_2_4
17389,s2_885_1695,s2_n103_99,s4_n40_7,s1_below_4282,s1_below_2,s1_below_2001,s2_760_2075,s6_57_up,Passenger Car,s2_11_28,Not Deployed,s2_97_208,s1_below_1,Female,s2_37_80,s3_141_159,s2_164_318,s3_80_160,s2_2_4
17390,s3_1695_2555,s2_n103_99,s4_n40_7,s1_below_4282,s3_3_4,s1_below_2001,s2_760_2075,s4_37_47,Passenger Car,s4_48_64,Not Deployed,s2_97_208,s1_below_1,Male,s4_96_114,s3_141_159,s2_164_318,s3_80_160,s2_2_4
17391,s3_1695_2555,s2_n103_99,s3_n81_n40,s1_below_4282,s1_below_2,s1_below_2001,s2_760_2075,s4_37_47,Passenger Car,s3_28_48,Deployed,s2_97_208,s2_1_2,Male,s3_80_96,s3_141_159,s2_164_318,s3_80_160,s2_2_4
17392,s2_885_1695,s2_n103_99,s4_n40_7,s1_below_4282,s2_2_3,s1_below_2001,s3_2075_3730,s3_17_37,Truck (<=6000 lbs.),s3_28_48,Deployed,s2_97_208,s1_below_1,Male,s6_130_up,s3_141_159,s2_164_318,s3_80_160,s2_2_4
17393,s2_885_1695,s2_n103_99,s4_n40_7,s1_below_4282,s1_below_2,s1_below_2001,s3_2075_3730,s3_17_37,Truck (<=6000 lbs.),s3_28_48,Not Deployed,s2_97_208,s1_below_1,Male,s3_80_96,s3_141_159,s2_164_318,s2_40_80,s2_2_4
17394,s3_1695_2555,s2_n103_99,s4_n40_7,s1_below_4282,s1_below_2,s1_below_2001,s2_760_2075,s3_17_37,Truck (<=6000 lbs.),s3_28_48,Not Deployed,s2_97_208,s1_below_1,Male,s3_80_96,s4_159_169,s2_164_318,s3_80_160,s2_2_4
17395,s2_885_1695,s2_n103_99,s5_7_up,s1_below_4282,s3_3_4,s1_below_2001,s2_760_2075,s3_17_37,Passenger Car,s3_28_48,Not Deployed,s2_97_208,s1_below_1,Male,s4_96_114,s3_141_159,s2_164_318,s6_260_up,s2_2_4
17396,s2_885_1695,s2_n103_99,s4_n40_7,s1_below_4282,s1_below_2,s1_below_2001,s2_760_2075,s6_57_up,Passenger Car,s3_28_48,Deployed,s2_97_208,s1_below_1,Male,s2_37_80,s3_141_159,s2_164_318,s3_80_160,s2_2_4
17397,s2_885_1695,s2_n103_99,s4_n40_7,s1_below_4282,s5_5_6,s1_below_2001,s2_760_2075,s4_37_47,Passenger Car,s3_28_48,Deployed,s2_97_208,s1_below_1,Female,s4_96_114,s3_141_159,s2_164_318,s4_160_220,s2_2_4
17398,s2_885_1695,s2_n103_99,s4_n40_7,s1_below_4282,s1_below_2,s1_below_2001,s2_760_2075,s5_47_57,Passenger Car,s3_28_48,Deployed,s2_97_208,s3_2_3,Female,s2_37_80,s3_141_159,s2_164_318,s3_80_160,s2_2_4
17399,s2_885_1695,s2_n103_99,s4_n40_7,s1_below_4282,s1_below_2,s1_below_2001,s2_760_2075,s5_47_57,Passenger Car,s4_48_64,Deployed,s2_97_208,s1_below_1,Female,s2_37_80,s3_141_159,s2_164_318,s3_80_160,s2_2_4
17400,s2_885_1695,s2_n103_99,s4_n40_7,s1_below_4282,s1_below_2,s1_below_2001,s2_760_2075,s4_37_47,Truck (<=6000 lbs.),s2_11_28,Not Deployed,s2_97_208,s1_below_1,Female,s2_37_80,s3_141_159,s2_164_318,s3_80_160,s2_2_4
17401,s2_885_1695,s2_n103_99,s4_n40_7,s1_below_4282,s2_2_3,s1_below_2001,s2_760_2075,s3_17_37,Passenger Car,s4_48_64,Not Deployed,s2_97_208,s1_below_1,Female,s5_114_130,s3_141_159,s2_164_318,s2_40_80,s2_2_4
17402,s3_1695_2555,s2_n103_99,s4_n40_7,s1_below_4282,s1_below_2,s1_below_2001,s3_2075_3730,s6_57_up,Truck (<=6000 lbs.),s4_48_64,Not Deployed,s2_97_208,s1_below_1,Male,s5_114_130,s3_141_159,s3_318_464,s2_40_80,s2_2_4
17403,s4_2555_3715,s2_n103_99,s4_n40_7,s1_below_4282,s3_3_4,s2_2001_2003,s2_760_2075,s4_37_47,Truck (<=6000 lbs.),s2_11_28,Not Deployed,s2_97_208,s1_below_1,Male,s3_80_96,s3_141_159,s4_464_up,s3_80_160,s6_7_up
17404,s2_885_1695,s2_n103_99,s4_n40_7,s1_below_4282,s4_4_5,s1_below_2001,s2_760_2075,s4_37_47,Passenger Car,s3_28_48,Deployed,s2_97_208,s1_below_1,Male,s2_37_80,s3_141_159,s2_164_318,s4_160_220,s2_2_4
17405,s2_885_1695,s2_n103_99,s5_7_up,s1_below_4282,s3_3_4,s1_below_2001,s2_760_2075,s4_37_47,Passenger Car,s3_28_48,Not Deployed,s2_97_208,s1_below_1,Female,s2_37_80,s3_141_159,s2_164_318,s6_260_up,s2_2_4
17406,s2_885_1695,s2_n103_99,s4_n40_7,s1_below_4282,s2_2_3,s1_below_2001,s2_760_2075,s3_17_37,Passenger Car,s2_11_28,Deployed,s2_97_208,s1_below_1,Female,s3_80_96,s3_141_159,s2_164_318,s4_160_220,s2_2_4
17407,s2_885_1695,s2_n103_99,s4_n40_7,s1_below_4282,s4_4_5,s1_below_2001,s2_760_2075,s3_17_37,Passenger Car,s6_76_up,Not Deployed,s2_97_208,s1_below_1,Male,s2_37_80,s3_141_159,s2_164_318,s3_80_160,s2_2_4
17408,s2_885_1695,s2_n103_99,s4_n40_7,s1_below_4282,s1_below_2,s1_below_2001,s2_760_2075,s3_17_37,Passenger Car,s2_11_28,Not Deployed,s2_97_208,s1_below_1,Male,s4_96_114,s3_141_159,s2_164_318,s3_80_160,s2_2_4
17409,s2_885_1695,s2_n103_99,s4_n40_7,s1_below_4282,s4_4_5,s1_below_2001,s2_760_2075,s4_37_47,Passenger Car,s3_28_48,Deployed,s2_97_208,s1_below_1,Male,s3_80_96,s3_141_159,s2_164_318,s4_160_220,s2_2_4
17410,s3_1695_2555,s2_n103_99,s4_n40_7,s1_below_4282,s1_below_2,s1_below_2001,s3_2075_3730,s4_37_47,Truck (<=6000 lbs.),s3_28_48,Deployed,s2_97_208,s1_below_1,Male,s3_80_96,s4_159_169,s2_164_318,s3_80_160,s3_4_5
17411,s2_885_1695,s2_n103_99,s4_n40_7,s1_below_4282,s3_3_4,s1_below_2001,s2_760_2075,s3_17_37,Passenger Car,s2_11_28,Not Deployed,s2_97_208,s1_below_1,Female,s2_37_80,s3_141_159,s2_164_318,s4_160_220,s2_2_4
17412,s3_1695_2555,s2_n103_99,s4_n40_7,s1_below_4282,s4_4_5,s1_below_2001,s2_760_2075,s4_37_47,Truck (<=6000 lbs.),s2_11_28,Deployed,s2_97_208,s1_below_1,Male,s4_96_114,s5_169_179,s3_318_464,s3_80_160,s4_5_6
17413,s2_885_1695,s2_n103_99,s3_n81_n40,s1_below_4282,s1_below_2,s1_below_2001,s3_2075_3730,s4_37_47,Passenger Car,s3_28_48,Deployed,s2_97_208,s5_4_5,Female,s3_80_96,s3_141_159,s2_164_318,s3_80_160,s2_2_4
17414,s3_1695_2555,s2_n103_99,s4_n40_7,s1_below_4282,s1_below_2,s1_below_2001,s2_760_2075,s5_47_57,Truck (<=10000 lbs.),s2_11_28,Deployed,s2_97_208,s2_1_2,Male,s2_37_80,s5_169_179,s3_318_464,s3_80_160,s4_5_6
17415,s2_885_1695,s2_n103_99,s4_n40_7,s1_below_4282,s3_3_4,s2_2001_2003,s2_760_2075,s4_37_47,Passenger Car,s4_48_64,Not Deployed,s2_97_208,s1_below_1,Female,s2_37_80,s3_141_159,s2_164_318,s3_80_160,s2_2_4
17416,s2_885_1695,s2_n103_99,s4_n40_7,s1_below_4282,s1_below_2,s2_2001_2003,s2_760_2075,s3_17_37,Passenger Car,s3_28_48,Not Deployed,s2_97_208,s1_below_1,Female,s2_37_80,s3_141_159,s2_164_318,s1_below_40,s2_2_4
17417,s2_885_1695,s2_n103_99,s4_n40_7,s1_below_4282,s4_4_5,s1_below_2001,s2_760_2075,s4_37_47,Passenger Car,s2_11_28,Not Deployed,s2_97_208,s1_below_1,Male,s2_37_80,s3_141_159,s2_164_318,s2_40_80,s2_2_4
17418,s2_885_1695,s2_n103_99,s4_n40_7,s1_below_4282,s4_4_5,s1_below_2001,s2_760_2075,s5_47_57,Truck (<=6000 lbs.),s2_11_28,Deployed,s2_97_208,s1_below_1,Male,s2_37_80,s4_159_169,s2_164_318,s3_80_160,s2_2_4
17419,s2_885_1695,s2_n103_99,s4_n40_7,s1_below_4282,s2_2_3,s1_below_2001,s2_760_2075,s3_17_37,Truck (<=6000 lbs.),s3_28_48,Deployed,s2_97_208,s1_below_1,Female,s2_37_80,s3_141_159,s2_164_318,s3_80_160,s2_2_4
17420,s4_2555_3715,s2_n103_99,s4_n40_7,s1_below_4282,s3_3_4,s1_below_2001,s2_760_2075,s3_17_37,Truck (<=10000 lbs.),s3_28_48,Not Deployed,s2_97_208,s1_below_1,Male,s4_96_114,s5_169_179,s3_318_464,s4_160_220,s4_5_6
17421,s3_1695_2555,s2_n103_99,s4_n40_7,s1_below_4282,s1_below_2,s1_below_2001,s2_760_2075,s5_47_57,Truck (<=10000 lbs.),s4_48_64,Deployed,s2_97_208,s1_below_1,Female,s2_37_80,s5_169_179,s3_318_464,s4_160_220,s4_5_6
17422,s3_1695_2555,s2_n103_99,s4_n40_7,s1_below_4282,s1_below_2,s1_below_2001,s2_760_2075,s5_47_57,Truck (<=10000 lbs.),s6_76_up,Not Deployed,s2_97_208,s1_below_1,Female,s2_37_80,s4_159_169,s3_318_464,s4_160_220,s4_5_6
17423,s2_885_1695,s2_n103_99,s4_n40_7,s1_below_4282,s3_3_4,s1_below_2001,s2_760_2075,s4_37_47,Passenger Car,s2_11_28,Deployed,s2_97_208,s1_below_1,Female,s3_80_96,s3_141_159,s2_164_318,s4_160_220,s2_2_4
17424,s3_1695_2555,s2_n103_99,s4_n40_7,s1_below_4282,s1_below_2,s1_below_2001,s2_760_2075,s3_17_37,Truck (<=6000 lbs.),s5_64_76,Not Deployed,s2_97_208,s1_below_1,Male,s4_96_114,s3_141_159,s2_164_318,s2_40_80,s3_4_5
17425,s2_885_1695,s2_n103_99,s4_n40_7,s1_below_4282,s1_below_2,s1_below_2001,s2_760_2075,s5_47_57,Truck (<=6000 lbs.),s6_76_up,Not Deployed,s2_97_208,s1_below_1,Male,s2_37_80,s2_116_141,s2_164_318,s4_160_220,s2_2_4
17426,s2_885_1695,s2_n103_99,s4_n40_7,s1_below_4282,s1_below_2,s1_below_2001,s2_760_2075,s5_47_57,Truck (<=6000 lbs.),s3_28_48,Deployed,s2_97_208,s1_below_1,Female,s3_80_96,s4_159_169,s2_164_318,s3_80_160,s3_4_5
17427,s4_2555_3715,s2_n103_99,s4_n40_7,s1_below_4282,s1_below_2,s1_below_2001,s2_760_2075,s4_37_47,Truck (<=10000 lbs.),s3_28_48,Not Deployed,s2_97_208,s1_below_1,Female,s2_37_80,s4_159_169,s3_318_464,s4_160_220,s5_6_7
17428,s2_885_1695,s2_n103_99,s4_n40_7,s1_below_4282,s2_2_3,s1_below_2001,s2_760_2075,s3_17_37,Passenger Car,s3_28_48,Deployed,s2_97_208,s1_below_1,Female,s2_37_80,s3_141_159,s2_164_318,s4_160_220,s2_2_4
17429,s2_885_1695,s2_n103_99,s4_n40_7,s1_below_4282,s3_3_4,s1_below_2001,s2_760_2075,s3_17_37,Passenger Car,s2_11_28,Not Deployed,s2_97_208,s1_below_1,Female,s2_37_80,s3_141_159,s2_164_318,s3_80_160,s2_2_4
17430,s2_885_1695,s2_n103_99,s4_n40_7,s1_below_4282,s1_below_2,s1_below_2001,s2_760_2075,s3_17_37,Passenger Car,s2_11_28,Deployed,s2_97_208,s1_below_1,Female,s2_37_80,s3_141_159,s2_164_318,s3_80_160,s2_2_4
17431,s2_885_1695,s2_n103_99,s4_n40_7,s1_below_4282,s1_below_2,s1_below_2001,s2_760_2075,s3_17_37,Passenger Car,s2_11_28,Deployed,s2_97_208,s1_below_1,Male,s3_80_96,s3_141_159,s2_164_318,s3_80_160,s2_2_4
17432,s2_885_1695,s2_n103_99,s4_n40_7,s1_below_4282,s3_3_4,s1_below_2001,s2_760_2075,s4_37_47,Truck (<=6000 lbs.),s2_11_28,Not Deployed,s2_97_208,s1_below_1,Female,s2_37_80,s3_141_159,s2_164_318,s3_80_160,s2_2_4
17433,s3_1695_2555,s2_n103_99,s4_n40_7,s1_below_4282,s2_2_3,s1_below_2001,s2_760_2075,s5_47_57,Truck (<=10000 lbs.),s3_28_48,Not Deployed,s2_97_208,s3_2_3,Male,s4_96_114,s4_159_169,s3_318_464,s2_40_80,s4_5_6
17434,s2_885_1695,s2_n103_99,s4_n40_7,s1_below_4282,s1_below_2,s1_below_2001,s2_760_2075,s5_47_57,Truck (<=6000 lbs.),s4_48_64,Deployed,s2_97_208,s2_1_2,Male,s3_80_96,s2_116_141,s2_164_318,s3_80_160,s2_2_4
17435,s2_885_1695,s2_n103_99,s4_n40_7,s1_below_4282,s1_below_2,s1_below_2001,s2_760_2075,s5_47_57,Passenger Car,s4_48_64,Deployed,s2_97_208,s2_1_2,Male,s6_130_up,s3_141_159,s2_164_318,s2_40_80,s2_2_4
17436,s2_885_1695,s2_n103_99,s4_n40_7,s1_below_4282,s2_2_3,s1_below_2001,s2_760_2075,s6_57_up,Passenger Car,s3_28_48,Not Deployed,s2_97_208,s1_below_1,Male,s3_80_96,s3_141_159,s2_164_318,s3_80_160,s2_2_4
17437,s2_885_1695,s2_n103_99,s4_n40_7,s1_below_4282,s3_3_4,s2_2001_2003,s2_760_2075,s5_47_57,Passenger Car,s3_28_48,Deployed,s2_97_208,s1_below_1,Male,s5_114_130,s3_141_159,s2_164_318,s3_80_160,s2_2_4
17438,s3_1695_2555,s2_n103_99,s4_n40_7,s1_below_4282,s2_2_3,s1_below_2001,s2_760_2075,s3_17_37,Truck (<=10000 lbs.),s4_48_64,Not Deployed,s2_97_208,s1_below_1,Male,s3_80_96,s4_159_169,s3_318_464,s3_80_160,s4_5_6
17439,s2_885_1695,s2_n103_99,s4_n40_7,s1_below_4282,s4_4_5,s2_2001_2003,s2_760_2075,s4_37_47,Truck (<=6000 lbs.),s3_28_48,Not Deployed,s2_97_208,s1_below_1,Female,s2_37_80,s3_141_159,s2_164_318,s2_40_80,s2_2_4
17440,s2_885_1695,s2_n103_99,s4_n40_7,s1_below_4282,s4_4_5,s1_below_2001,s3_2075_3730,s4_37_47,Passenger Car,s3_28_48,Not Deployed,s2_97_208,s1_below_1,Female,s2_37_80,s3_141_159,s2_164_318,s3_80_160,s2_2_4
17441,s2_885_1695,s2_n103_99,s4_n40_7,s1_below_4282,s4_4_5,s1_below_2001,s2_760_2075,s4_37_47,Passenger Car,s3_28_48,Deployed,s2_97_208,s2_1_2,Male,s4_96_114,s3_141_159,s2_164_318,s3_80_160,s2_2_4
17442,s2_885_1695,s2_n103_99,s4_n40_7,s1_below_4282,s1_below_2,s1_below_2001,s2_760_2075,s3_17_37,Passenger Car,s2_11_28,Deployed,s2_97_208,s1_below_1,Female,s2_37_80,s3_141_159,s2_164_318,s2_40_80,s2_2_4
17443,s2_885_1695,s2_n103_99,s4_n40_7,s1_below_4282,s2_2_3,s1_below_2001,s2_760_2075,s5_47_57,Passenger Car,s2_11_28,Deployed,s2_97_208,s1_below_1,Female,s2_37_80,s3_141_159,s2_164_318,s3_80_160,s2_2_4
17444,s2_885_1695,s2_n103_99,s4_n40_7,s1_below_4282,s1_below_2,s1_below_2001,s2_760_2075,s5_47_57,Passenger Car,s2_11_28,Deployed,s2_97_208,s2_1_2,Male,s3_80_96,s3_141_159,s2_164_318,s3_80_160,s2_2_4
17445,s3_1695_2555,s2_n103_99,s5_7_up,s1_below_4282,s2_2_3,s1_below_2001,s2_760_2075,s6_57_up,Truck (<=10000 lbs.),s2_11_28,Not Deployed,s2_97_208,s1_below_1,Male,s4_96_114,s4_159_169,s3_318_464,s6_260_up,s4_5_6
17446,s3_1695_2555,s2_n103_99,s5_7_up,s1_below_4282,s1_below_2,s1_below_2001,s2_760_2075,s5_47_57,Passenger Car,s5_64_76,Not Deployed,s2_97_208,s1_below_1,Female,s2_37_80,s4_159_169,s2_164_318,s6_260_up,s2_2_4
17447,s2_885_1695,s2_n103_99,s4_n40_7,s1_below_4282,s1_below_2,s1_below_2001,s2_760_2075,s5_47_57,Passenger Car,s4_48_64,Deployed,s2_97_208,s1_below_1,Female,s3_80_96,s3_141_159,s2_164_318,s3_80_160,s2_2_4
17448,s2_885_1695,s2_n103_99,s5_7_up,s1_below_4282,s1_below_2,s1_below_2001,s3_2075_3730,s4_37_47,Passenger Car,s4_48_64,Not Deployed,s2_97_208,s1_below_1,Female,s2_37_80,s3_141_159,s2_164_318,s6_260_up,s2_2_4
17449,s3_1695_2555,s2_n103_99,s4_n40_7,s1_below_4282,s1_below_2,s1_below_2001,s2_760_2075,s5_47_57,Truck (<=6000 lbs.),s5_64_76,Deployed,s2_97_208,s1_below_1,Female,s2_37_80,s3_141_159,s3_318_464,s4_160_220,s3_4_5
17450,s2_885_1695,s2_n103_99,s4_n40_7,s1_below_4282,s4_4_5,s1_below_2001,s2_760_2075,s3_17_37,Passenger Car,s3_28_48,Deployed,s2_97_208,s1_below_1,Male,s3_80_96,s3_141_159,s2_164_318,s3_80_160,s2_2_4
17451,s2_885_1695,s2_n103_99,s3_n81_n40,s1_below_4282,s1_below_2,s2_2001_2003,s3_2075_3730,s3_17_37,Passenger Car,s4_48_64,Deployed,s2_97_208,s4_3_4,Male,s4_96_114,s3_141_159,s2_164_318,s3_80_160,s2_2_4
17452,s3_1695_2555,s2_n103_99,s4_n40_7,s2_4282_6970,s1_below_2,s1_below_2001,s3_2075_3730,s3_17_37,Truck (<=10000 lbs.),s2_11_28,Deployed,s2_97_208,s3_2_3,Male,s2_37_80,s4_159_169,s3_318_464,s4_160_220,s4_5_6
17453,s3_1695_2555,s2_n103_99,s4_n40_7,s1_below_4282,s1_below_2,s1_below_2001,s2_760_2075,s4_37_47,Truck (<=6000 lbs.),s5_64_76,Deployed,s2_97_208,s1_below_1,Female,s2_37_80,s3_141_159,s2_164_318,s3_80_160,s2_2_4
17454,s2_885_1695,s2_n103_99,s4_n40_7,s1_below_4282,s1_below_2,s1_below_2001,s2_760_2075,s5_47_57,Passenger Car,s2_11_28,Not Deployed,s2_97_208,s1_below_1,Male,s4_96_114,s3_141_159,s2_164_318,s3_80_160,s2_2_4
17455,s2_885_1695,s2_n103_99,s4_n40_7,s1_below_4282,s1_below_2,s1_below_2001,s2_760_2075,s3_17_37,Passenger Car,s3_28_48,Deployed,s2_97_208,s1_below_1,Male,s3_80_96,s3_141_159,s2_164_318,s2_40_80,s2_2_4
17456,s2_885_1695,s2_n103_99,s4_n40_7,s1_below_4282,s1_below_2,s1_below_2001,s3_2075_3730,s3_17_37,Passenger Car,s2_11_28,Not Deployed,s2_97_208,s2_1_2,Female,s3_80_96,s3_141_159,s2_164_318,s2_40_80,s2_2_4
17457,s2_885_1695,s2_n103_99,s4_n40_7,s1_below_4282,s3_3_4,s1_below_2001,s2_760_2075,s3_17_37,Truck (<=6000 lbs.),s3_28_48,Deployed,s2_97_208,s1_below_1,Male,s2_37_80,s3_141_159,s3_318_464,s5_220_260,s2_2_4
17458,s2_885_1695,s2_n103_99,s5_7_up,s1_below_4282,s4_4_5,s1_below_2001,s2_760_2075,s3_17_37,Truck (<=6000 lbs.),s3_28_48,Deployed,s2_97_208,s1_below_1,Male,s2_37_80,s3_141_159,s2_164_318,s6_260_up,s2_2_4
17459,s2_885_1695,s2_n103_99,s4_n40_7,s1_below_4282,s2_2_3,s1_below_2001,s2_760_2075,s3_17_37,Passenger Car,s4_48_64,Deployed,s2_97_208,s1_below_1,Male,s3_80_96,s3_141_159,s2_164_318,s3_80_160,s2_2_4
17460,s3_1695_2555,s2_n103_99,s4_n40_7,s1_below_4282,s1_below_2,s1_below_2001,s2_760_2075,s3_17_37,Truck (<=6000 lbs.),s3_28_48,Not Deployed,s2_97_208,s1_below_1,Female,s2_37_80,s3_141_159,s2_164_318,s2_40_80,s2_2_4
17461,s3_1695_2555,s2_n103_99,s4_n40_7,s1_below_4282,s2_2_3,s1_below_2001,s2_760_2075,s3_17_37,Truck (<=6000 lbs.),s4_48_64,Not Deployed,s2_97_208,s1_below_1,Male,s3_80_96,s3_141_159,s2_164_318,s4_160_220,s2_2_4
17462,s2_885_1695,s2_n103_99,s4_n40_7,s1_below_4282,s6_6_up,s1_below_2001,s2_760_2075,s3_17_37,Passenger Car,s3_28_48,Not Deployed,s2_97_208,s1_below_1,Female,s2_37_80,s3_141_159,s2_164_318,s3_80_160,s2_2_4
17463,s2_885_1695,s2_n103_99,s4_n40_7,s1_below_4282,s4_4_5,s1_below_2001,s2_760_2075,s6_57_up,Truck (<=6000 lbs.),s4_48_64,Deployed,s2_97_208,s1_below_1,Male,s4_96_114,s4_159_169,s2_164_318,s4_160_220,s3_4_5
17464,s2_885_1695,s2_n103_99,s4_n40_7,s1_below_4282,s2_2_3,s1_below_2001,s2_760_2075,s3_17_37,Passenger Car,s3_28_48,Not Deployed,s2_97_208,s1_below_1,Male,s3_80_96,s3_141_159,s2_164_318,s3_80_160,s2_2_4
17465,s2_885_1695,s2_n103_99,s4_n40_7,s1_below_4282,s4_4_5,s1_below_2001,s2_760_2075,s4_37_47,Passenger Car,s2_11_28,Deployed,s2_97_208,s1_below_1,Male,s4_96_114,s3_141_159,s2_164_318,s3_80_160,s2_2_4
17466,s2_885_1695,s2_n103_99,s4_n40_7,s1_below_4282,s1_below_2,s1_below_2001,s3_2075_3730,s4_37_47,Passenger Car,s2_11_28,Deployed,s2_97_208,s1_below_1,Male,s3_80_96,s3_141_159,s2_164_318,s3_80_160,s2_2_4
17467,s2_885_1695,s2_n103_99,s4_n40_7,s1_below_4282,s2_2_3,s1_below_2001,s3_2075_3730,s3_17_37,Passenger Car,s3_28_48,Not Deployed,s2_97_208,s1_below_1,Male,s3_80_96,s3_141_159,s2_164_318,s3_80_160,s2_2_4
17468,s2_885_1695,s2_n103_99,s4_n40_7,s1_below_4282,s1_below_2,s1_below_2001,s2_760_2075,s5_47_57,Passenger Car,s2_11_28,Not Deployed,s2_97_208,s1_below_1,Male,s2_37_80,s3_141_159,s2_164_318,s2_40_80,s2_2_4
17469,s3_1695_2555,s2_n103_99,s4_n40_7,s1_below_4282,s4_4_5,s1_below_2001,s2_760_2075,s5_47_57,Truck (<=6000 lbs.),s3_28_48,Deployed,s2_97_208,s1_below_1,Female,s3_80_96,s4_159_169,s2_164_318,s3_80_160,s3_4_5
17470,s2_885_1695,s2_n103_99,s4_n40_7,s1_below_4282,s3_3_4,s1_below_2001,s2_760_2075,s4_37_47,Passenger Car,s3_28_48,Not Deployed,s2_97_208,s1_below_1,Female,s3_80_96,s3_141_159,s2_164_318,s3_80_160,s2_2_4
17471,s3_1695_2555,s2_n103_99,s4_n40_7,s1_below_4282,s3_3_4,s1_below_2001,s2_760_2075,s6_57_up,Truck (<=6000 lbs.),s3_28_48,Not Deployed,s2_97_208,s1_below_1,Female,s4_96_114,s3_141_159,s2_164_318,s3_80_160,s2_2_4
17472,s3_1695_2555,s2_n103_99,s4_n40_7,s1_below_4282,s4_4_5,s1_below_2001,s2_760_2075,s5_47_57,Truck (<=10000 lbs.),s3_28_48,Deployed,s2_97_208,s1_below_1,Male,s3_80_96,s4_159_169,s3_318_464,s3_80_160,s4_5_6
17473,s2_885_1695,s2_n103_99,s4_n40_7,s1_below_4282,s6_6_up,s1_below_2001,s2_760_2075,s5_47_57,Passenger Car,s3_28_48,Not Deployed,s2_97_208,s1_below_1,Male,s3_80_96,s3_141_159,s2_164_318,s3_80_160,s2_2_4
17474,s2_885_1695,s2_n103_99,s4_n40_7,s1_below_4282,s4_4_5,s1_below_2001,s2_760_2075,s4_37_47,Truck (<=6000 lbs.),s6_76_up,Deployed,s2_97_208,s1_below_1,Male,s3_80_96,s4_159_169,s2_164_318,s4_160_220,s2_2_4
17475,s3_1695_2555,s2_n103_99,s4_n40_7,s1_below_4282,s1_below_2,s1_below_2001,s2_760_2075,s4_37_47,Truck (<=6000 lbs.),s2_11_28,Not Deployed,s2_97_208,s1_below_1,Male,s2_37_80,s3_141_159,s2_164_318,s2_40_80,s2_2_4
17476,s2_885_1695,s2_n103_99,s5_7_up,s1_below_4282,s1_below_2,s1_below_2001,s2_760_2075,s4_37_47,Passenger Car,s4_48_64,Not Deployed,s2_97_208,s1_below_1,Female,s2_37_80,s3_141_159,s2_164_318,s6_260_up,s2_2_4
17477,s2_885_1695,s2_n103_99,s4_n40_7,s1_below_4282,s1_below_2,s1_below_2001,s2_760_2075,s5_47_57,Truck (<=6000 lbs.),s3_28_48,Not Deployed,s2_97_208,s1_below_1,Female,s2_37_80,s3_141_159,s3_318_464,s2_40_80,s2_2_4
17478,s2_885_1695,s2_n103_99,s4_n40_7,s1_below_4282,s3_3_4,s1_below_2001,s2_760_2075,s5_47_57,Passenger Car,s3_28_48,Deployed,s2_97_208,s1_below_1,Male,s2_37_80,s3_141_159,s2_164_318,s3_80_160,s2_2_4
17479,s3_1695_2555,s2_n103_99,s4_n40_7,s1_below_4282,s2_2_3,s1_below_2001,s2_760_2075,s3_17_37,Passenger Car,s4_48_64,Deployed,s2_97_208,s1_below_1,Male,s6_130_up,s4_159_169,s2_164_318,s3_80_160,s2_2_4
17480,s2_885_1695,s2_n103_99,s4_n40_7,s1_below_4282,s1_below_2,s1_below_2001,s2_760_2075,s4_37_47,Truck (<=6000 lbs.),s3_28_48,Deployed,s2_97_208,s1_below_1,Male,s3_80_96,s3_141_159,s2_164_318,s3_80_160,s2_2_4
17481,s2_885_1695,s2_n103_99,s4_n40_7,s1_below_4282,s3_3_4,s1_below_2001,s2_760_2075,s3_17_37,Passenger Car,s3_28_48,Deployed,s2_97_208,s1_below_1,Female,s2_37_80,s3_141_159,s2_164_318,s3_80_160,s2_2_4
17482,s2_885_1695,s2_n103_99,s4_n40_7,s1_below_4282,s1_below_2,s1_below_2001,s2_760_2075,s4_37_47,Passenger Car,s3_28_48,Deployed,s2_97_208,s1_below_1,Female,s2_37_80,s3_141_159,s2_164_318,s3_80_160,s2_2_4
17483,s3_1695_2555,s2_n103_99,s4_n40_7,s1_below_4282,s5_5_6,s1_below_2001,s2_760_2075,s5_47_57,Truck (<=10000 lbs.),s3_28_48,Deployed,s2_97_208,s1_below_1,Male,s3_80_96,s4_159_169,s3_318_464,s3_80_160,s4_5_6
17484,s2_885_1695,s2_n103_99,s4_n40_7,s1_below_4282,s4_4_5,s1_below_2001,s2_760_2075,s4_37_47,Passenger Car,s3_28_48,Not Deployed,s2_97_208,s1_below_1,Male,s5_114_130,s3_141_159,s2_164_318,s2_40_80,s2_2_4
17485,s2_885_1695,s2_n103_99,s4_n40_7,s1_below_4282,s1_below_2,s1_below_2001,s2_760_2075,s3_17_37,Passenger Car,s3_28_48,Not Deployed,s2_97_208,s1_below_1,Male,s4_96_114,s3_141_159,s2_164_318,s5_220_260,s2_2_4
17486,s2_885_1695,s2_n103_99,s4_n40_7,s1_below_4282,s1_below_2,s1_below_2001,s2_760_2075,s5_47_57,Passenger Car,s2_11_28,Deployed,s2_97_208,s1_below_1,Male,s2_37_80,s3_141_159,s2_164_318,s3_80_160,s2_2_4
17487,s3_1695_2555,s2_n103_99,s4_n40_7,s1_below_4282,s4_4_5,s1_below_2001,s2_760_2075,s3_17_37,Truck (<=10000 lbs.),s3_28_48,Not Deployed,s2_97_208,s1_below_1,Female,s2_37_80,s4_159_169,s3_318_464,s3_80_160,s4_5_6
17488,s2_885_1695,s2_n103_99,s4_n40_7,s1_below_4282,s5_5_6,s1_below_2001,s3_2075_3730,s4_37_47,Truck (<=6000 lbs.),s4_48_64,Deployed,s2_97_208,s2_1_2,Female,s2_37_80,s3_141_159,s2_164_318,s3_80_160,s2_2_4
17489,s3_1695_2555,s2_n103_99,s4_n40_7,s1_below_4282,s4_4_5,s1_below_2001,s2_760_2075,s4_37_47,Truck (<=6000 lbs.),s3_28_48,Deployed,s2_97_208,s2_1_2,Male,s3_80_96,s4_159_169,s2_164_318,s4_160_220,s3_4_5
17490,s3_1695_2555,s2_n103_99,s4_n40_7,s1_below_4282,s4_4_5,s1_below_2001,s2_760_2075,s4_37_47,Truck (<=6000 lbs.),s3_28_48,Not Deployed,s2_97_208,s1_below_1,Male,s2_37_80,s3_141_159,s2_164_318,s3_80_160,s2_2_4
17491,s2_885_1695,s2_n103_99,s4_n40_7,s1_below_4282,s2_2_3,s1_below_2001,s3_2075_3730,s4_37_47,Passenger Car,s3_28_48,Deployed,s2_97_208,s1_below_1,Female,s4_96_114,s3_141_159,s2_164_318,s3_80_160,s2_2_4
17492,s2_885_1695,s2_n103_99,s4_n40_7,s1_below_4282,s2_2_3,s1_below_2001,s2_760_2075,s3_17_37,Passenger Car,s3_28_48,Not Deployed,s2_97_208,s1_below_1,Male,s3_80_96,s3_141_159,s2_164_318,s3_80_160,s2_2_4
17493,s2_885_1695,s2_n103_99,s4_n40_7,s1_below_4282,s6_6_up,s1_below_2001,s2_760_2075,s4_37_47,Passenger Car,s2_11_28,Deployed,s2_97_208,s1_below_1,Male,s3_80_96,s3_141_159,s2_164_318,s3_80_160,s2_2_4
17494,s2_885_1695,s2_n103_99,s4_n40_7,s1_below_4282,s2_2_3,s1_below_2001,s2_760_2075,s4_37_47,Passenger Car,s2_11_28,Deployed,s2_97_208,s1_below_1,Female,s2_37_80,s3_141_159,s2_164_318,s4_160_220,s2_2_4
17495,s2_885_1695,s2_n103_99,s4_n40_7,s1_below_4282,s4_4_5,s1_below_2001,s2_760_2075,s4_37_47,Passenger Car,s6_76_up,Not Deployed,s2_97_208,s1_below_1,Female,s2_37_80,s3_141_159,s2_164_318,s3_80_160,s2_2_4
17496,s4_2555_3715,s2_n103_99,s4_n40_7,s1_below_4282,s1_below_2,s1_below_2001,s2_760_2075,s5_47_57,Truck (<=10000 lbs.),s3_28_48,Deployed,s2_97_208,s1_below_1,Male,s4_96_114,s5_169_179,s3_318_464,s3_80_160,s4_5_6
17497,s3_1695_2555,s2_n103_99,s4_n40_7,s1_below_4282,s3_3_4,s1_below_2001,s2_760_2075,s4_37_47,Truck (<=6000 lbs.),s2_11_28,Deployed,s2_97_208,s1_below_1,Male,s2_37_80,s4_159_169,s2_164_318,s3_80_160,s2_2_4
17498,s2_885_1695,s2_n103_99,s4_n40_7,s1_below_4282,s1_below_2,s1_below_2001,s2_760_2075,s4_37_47,Passenger Car,s5_64_76,Deployed,s2_97_208,s1_below_1,Female,s3_80_96,s3_141_159,s2_164_318,s2_40_80,s2_2_4
17499,s2_885_1695,s2_n103_99,s4_n40_7,s1_below_4282,s5_5_6,s1_below_2001,s2_760_2075,s4_37_47,Passenger Car,s3_28_48,Deployed,s2_97_208,s1_below_1,Male,s2_37_80,s3_141_159,s2_164_318,s3_80_160,s2_2_4
17500,s3_1695_2555,s2_n103_99,s5_7_up,s1_below_4282,s2_2_3,s1_below_2001,s2_760_2075,s4_37_47,Truck (<=10000 lbs.),s3_28_48,Not Deployed,s2_97_208,s1_below_1,Male,s3_80_96,s4_159_169,s3_318_464,s6_260_up,s4_5_6
17501,s3_1695_2555,s2_n103_99,s4_n40_7,s1_below_4282,s3_3_4,s1_below_2001,s2_760_2075,s3_17_37,Truck (<=6000 lbs.),s3_28_48,Deployed,s2_97_208,s1_below_1,Female,s2_37_80,s4_159_169,s2_164_318,s3_80_160,s3_4_5
17502,s2_885_1695,s2_n103_99,s4_n40_7,s1_below_4282,s1_below_2,s1_below_2001,s2_760_2075,s4_37_47,Passenger Car,s2_11_28,Deployed,s2_97_208,s1_below_1,Female,s2_37_80,s3_141_159,s2_164_318,s4_160_220,s2_2_4
17503,s2_885_1695,s2_n103_99,s4_n40_7,s1_below_4282,s1_below_2,s1_below_2001,s2_760_2075,s3_17_37,Passenger Car,s2_11_28,Not Deployed,s2_97_208,s1_below_1,Male,s3_80_96,s3_141_159,s2_164_318,s3_80_160,s2_2_4
17504,s2_885_1695,s2_n103_99,s4_n40_7,s1_below_4282,s3_3_4,s2_2001_2003,s2_760_2075,s3_17_37,Passenger Car,s2_11_28,Deployed,s2_97_208,s1_below_1,Female,s2_37_80,s3_141_159,s2_164_318,s4_160_220,s2_2_4
17505,s2_885_1695,s2_n103_99,s4_n40_7,s1_below_4282,s4_4_5,s1_below_2001,s2_760_2075,s4_37_47,Truck (<=6000 lbs.),s3_28_48,Not Deployed,s2_97_208,s1_below_1,Male,s4_96_114,s3_141_159,s2_164_318,s3_80_160,s2_2_4
17506,s3_1695_2555,s2_n103_99,s4_n40_7,s1_below_4282,s3_3_4,s1_below_2001,s3_2075_3730,s4_37_47,Truck (<=10000 lbs.),s3_28_48,Deployed,s2_97_208,s3_2_3,Male,s4_96_114,s2_116_141,s3_318_464,s2_40_80,s2_2_4
17507,s3_1695_2555,s2_n103_99,s4_n40_7,s1_below_4282,s1_below_2,s1_below_2001,s2_760_2075,s4_37_47,Truck (<=10000 lbs.),s3_28_48,Not Deployed,s2_97_208,s1_below_1,Female,s2_37_80,s4_159_169,s2_164_318,s3_80_160,s3_4_5
17508,s4_2555_3715,s2_n103_99,s4_n40_7,s1_below_4282,s1_below_2,s1_below_2001,s2_760_2075,s5_47_57,Truck (<=10000 lbs.),s3_28_48,Deployed,s2_97_208,s2_1_2,Male,s3_80_96,s3_141_159,s2_164_318,s3_80_160,s2_2_4
17509,s3_1695_2555,s2_n103_99,s4_n40_7,s1_below_4282,s4_4_5,s1_below_2001,s2_760_2075,s3_17_37,Truck (<=6000 lbs.),s4_48_64,Not Deployed,s2_97_208,s1_below_1,Male,s3_80_96,s4_159_169,s2_164_318,s3_80_160,s3_4_5
17510,s2_885_1695,s2_n103_99,s4_n40_7,s1_below_4282,s1_below_2,s1_below_2001,s2_760_2075,s4_37_47,Passenger Car,s2_11_28,Deployed,s2_97_208,s3_2_3,Female,s3_80_96,s3_141_159,s2_164_318,s3_80_160,s2_2_4
17511,s2_885_1695,s2_n103_99,s4_n40_7,s1_below_4282,s1_below_2,s1_below_2001,s2_760_2075,s4_37_47,Truck (<=6000 lbs.),s3_28_48,Not Deployed,s2_97_208,s1_below_1,Female,s2_37_80,s2_116_141,s2_164_318,s4_160_220,s2_2_4
17512,s2_885_1695,s2_n103_99,s4_n40_7,s1_below_4282,s4_4_5,s1_below_2001,s2_760_2075,s4_37_47,Passenger Car,s3_28_48,Not Deployed,s2_97_208,s1_below_1,Female,s3_80_96,s3_141_159,s2_164_318,s4_160_220,s2_2_4
17513,s2_885_1695,s2_n103_99,s5_7_up,s1_below_4282,s1_below_2,s1_below_2001,s2_760_2075,s3_17_37,Passenger Car,s3_28_48,Not Deployed,s2_97_208,s1_below_1,Male,s3_80_96,s3_141_159,s2_164_318,s6_260_up,s2_2_4
17514,s2_885_1695,s2_n103_99,s4_n40_7,s1_below_4282,s1_below_2,s1_below_2001,s2_760_2075,s3_17_37,Passenger Car,s5_64_76,Deployed,s2_97_208,s1_below_1,Female,s2_37_80,s3_141_159,s2_164_318,s6_260_up,s2_2_4
17515,s3_1695_2555,s2_n103_99,s4_n40_7,s1_below_4282,s1_below_2,s1_below_2001,s2_760_2075,s4_37_47,Passenger Car,s6_76_up,Deployed,s2_97_208,s4_3_4,Male,s3_80_96,s4_159_169,s2_164_318,s4_160_220,s3_4_5
17516,s2_885_1695,s2_n103_99,s4_n40_7,s1_below_4282,s1_below_2,s1_below_2001,s2_760_2075,s4_37_47,Truck (<=6000 lbs.),s4_48_64,Not Deployed,s2_97_208,s1_below_1,Male,s3_80_96,s3_141_159,s3_318_464,s3_80_160,s2_2_4
17517,s2_885_1695,s2_n103_99,s4_n40_7,s1_below_4282,s2_2_3,s1_below_2001,s2_760_2075,s3_17_37,Passenger Car,s4_48_64,Not Deployed,s2_97_208,s3_2_3,Female,s3_80_96,s3_141_159,s2_164_318,s2_40_80,s2_2_4
17518,s2_885_1695,s2_n103_99,s4_n40_7,s1_below_4282,s4_4_5,s1_below_2001,s2_760_2075,s4_37_47,Truck (<=6000 lbs.),s2_11_28,Deployed,s2_97_208,s1_below_1,Female,s2_37_80,s3_141_159,s2_164_318,s3_80_160,s2_2_4
17519,s2_885_1695,s2_n103_99,s4_n40_7,s1_below_4282,s6_6_up,s1_below_2001,s2_760_2075,s3_17_37,Passenger Car,s2_11_28,Not Deployed,s2_97_208,s1_below_1,Male,s2_37_80,s3_141_159,s2_164_318,s3_80_160,s2_2_4
17520,s2_885_1695,s2_n103_99,s4_n40_7,s1_below_4282,s5_5_6,s1_below_2001,s2_760_2075,s4_37_47,Passenger Car,s5_64_76,Not Deployed,s2_97_208,s1_below_1,Female,s3_80_96,s3_141_159,s2_164_318,s4_160_220,s2_2_4
17521,s3_1695_2555,s2_n103_99,s4_n40_7,s1_below_4282,s1_below_2,s1_below_2001,s2_760_2075,s3_17_37,Truck (<=6000 lbs.),s3_28_48,Not Deployed,s2_97_208,s1_below_1,Male,s3_80_96,s3_141_159,s2_164_318,s4_160_220,s3_4_5
17522,s2_885_1695,s2_n103_99,s4_n40_7,s1_below_4282,s4_4_5,s1_below_2001,s2_760_2075,s4_37_47,Passenger Car,s2_11_28,Not Deployed,s2_97_208,s1_below_1,Female,s2_37_80,s3_141_159,s2_164_318,s3_80_160,s2_2_4
17523,s2_885_1695,s2_n103_99,s4_n40_7,s1_below_4282,s5_5_6,s1_below_2001,s2_760_2075,s4_37_47,Passenger Car,s4_48_64,Deployed,s2_97_208,s1_below_1,Female,s2_37_80,s3_141_159,s2_164_318,s4_160_220,s2_2_4
17524,s2_885_1695,s2_n103_99,s4_n40_7,s1_below_4282,s5_5_6,s1_below_2001,s2_760_2075,s4_37_47,Passenger Car,s2_11_28,Not Deployed,s2_97_208,s1_below_1,Female,s2_37_80,s3_141_159,s2_164_318,s3_80_160,s2_2_4
17525,s2_885_1695,s2_n103_99,s4_n40_7,s1_below_4282,s2_2_3,s1_below_2001,s2_760_2075,s3_17_37,Passenger Car,s3_28_48,Not Deployed,s2_97_208,s1_below_1,Female,s3_80_96,s3_141_159,s2_164_318,s2_40_80,s2_2_4
17526,s3_1695_2555,s2_n103_99,s4_n40_7,s1_below_4282,s2_2_3,s1_below_2001,s2_760_2075,s6_57_up,Truck (<=6000 lbs.),s3_28_48,Not Deployed,s2_97_208,s1_below_1,Male,s3_80_96,s4_159_169,s2_164_318,s3_80_160,s2_2_4
17527,s3_1695_2555,s2_n103_99,s4_n40_7,s1_below_4282,s3_3_4,s1_below_2001,s2_760_2075,s5_47_57,Truck (<=10000 lbs.),s3_28_48,Not Deployed,s2_97_208,s1_below_1,Male,s4_96_114,s4_159_169,s3_318_464,s3_80_160,s4_5_6
17528,s2_885_1695,s2_n103_99,s4_n40_7,s1_below_4282,s2_2_3,s1_below_2001,s2_760_2075,s4_37_47,Passenger Car,s2_11_28,Not Deployed,s2_97_208,s1_below_1,Male,s2_37_80,s3_141_159,s2_164_318,s2_40_80,s2_2_4
17529,s2_885_1695,s2_n103_99,s4_n40_7,s1_below_4282,s1_below_2,s1_below_2001,s2_760_2075,s4_37_47,Passenger Car,s2_11_28,Not Deployed,s2_97_208,s2_1_2,Female,s2_37_80,s3_141_159,s2_164_318,s2_40_80,s2_2_4
17530,s2_885_1695,s2_n103_99,s4_n40_7,s1_below_4282,s2_2_3,s2_2001_2003,s2_760_2075,s5_47_57,Truck (<=6000 lbs.),s3_28_48,Deployed,s2_97_208,s2_1_2,Female,s5_114_130,s3_141_159,s2_164_318,s4_160_220,s2_2_4
17531,s3_1695_2555,s2_n103_99,s4_n40_7,s1_below_4282,s1_below_2,s1_below_2001,s2_760_2075,s5_47_57,Truck (<=6000 lbs.),s4_48_64,Deployed,s2_97_208,s3_2_3,Female,s2_37_80,s3_141_159,s2_164_318,s3_80_160,s3_4_5
17532,s3_1695_2555,s2_n103_99,s5_7_up,s1_below_4282,s3_3_4,s1_below_2001,s2_760_2075,s3_17_37,Truck (<=10000 lbs.),s2_11_28,Not Deployed,s2_97_208,s1_below_1,Male,s3_80_96,s3_141_159,s2_164_318,s5_220_260,s2_2_4
17533,s2_885_1695,s2_n103_99,s5_7_up,s1_below_4282,s4_4_5,s1_below_2001,s2_760_2075,s4_37_47,Passenger Car,s3_28_48,Not Deployed,s2_97_208,s1_below_1,Male,s2_37_80,s3_141_159,s2_164_318,s6_260_up,s2_2_4
17534,s2_885_1695,s2_n103_99,s4_n40_7,s1_below_4282,s1_below_2,s2_2001_2003,s2_760_2075,s4_37_47,Passenger Car,s2_11_28,Not Deployed,s2_97_208,s1_below_1,Male,s3_80_96,s3_141_159,s2_164_318,s3_80_160,s2_2_4
17535,s2_885_1695,s2_n103_99,s5_7_up,s1_below_4282,s3_3_4,s1_below_2001,s2_760_2075,s5_47_57,Passenger Car,s2_11_28,Not Deployed,s2_97_208,s1_below_1,Female,s2_37_80,s3_141_159,s2_164_318,s6_260_up,s2_2_4
17536,s2_885_1695,s2_n103_99,s4_n40_7,s1_below_4282,s3_3_4,s1_below_2001,s2_760_2075,s4_37_47,Passenger Car,s2_11_28,Deployed,s2_97_208,s1_below_1,Female,s2_37_80,s3_141_159,s2_164_318,s4_160_220,s2_2_4
17537,s2_885_1695,s2_n103_99,s4_n40_7,s1_below_4282,s3_3_4,s1_below_2001,s2_760_2075,s4_37_47,Passenger Car,s2_11_28,Deployed,s2_97_208,s1_below_1,Female,s2_37_80,s3_141_159,s2_164_318,s3_80_160,s2_2_4
17538,s2_885_1695,s2_n103_99,s5_7_up,s1_below_4282,s3_3_4,s1_below_2001,s2_760_2075,s4_37_47,Passenger Car,s2_11_28,Not Deployed,s2_97_208,s1_below_1,Female,s2_37_80,s3_141_159,s2_164_318,s6_260_up,s2_2_4
17539,s2_885_1695,s2_n103_99,s4_n40_7,s1_below_4282,s1_below_2,s1_below_2001,s2_760_2075,s6_57_up,Passenger Car,s3_28_48,Not Deployed,s2_97_208,s1_below_1,Male,s3_80_96,s3_141_159,s2_164_318,s3_80_160,s2_2_4
17540,s3_1695_2555,s2_n103_99,s4_n40_7,s1_below_4282,s1_below_2,s1_below_2001,s2_760_2075,s5_47_57,Truck (<=10000 lbs.),s3_28_48,Not Deployed,s2_97_208,s1_below_1,Male,s4_96_114,s4_159_169,s2_164_318,s4_160_220,s3_4_5
17541,s3_1695_2555,s2_n103_99,s4_n40_7,s1_below_4282,s4_4_5,s1_below_2001,s2_760_2075,s5_47_57,Passenger Car,s3_28_48,Not Deployed,s2_97_208,s1_below_1,Male,s3_80_96,s5_169_179,s2_164_318,s3_80_160,s3_4_5
17542,s2_885_1695,s2_n103_99,s4_n40_7,s1_below_4282,s1_below_2,s1_below_2001,s2_760_2075,s5_47_57,Passenger Car,s3_28_48,Not Deployed,s2_97_208,s2_1_2,Female,s2_37_80,s3_141_159,s2_164_318,s2_40_80,s2_2_4
17543,s2_885_1695,s2_n103_99,s4_n40_7,s1_below_4282,s1_below_2,s1_below_2001,s2_760_2075,s4_37_47,Passenger Car,s2_11_28,Deployed,s2_97_208,s1_below_1,Female,s2_37_80,s3_141_159,s2_164_318,s3_80_160,s2_2_4
17544,s3_1695_2555,s2_n103_99,s4_n40_7,s1_below_4282,s1_below_2,s1_below_2001,s2_760_2075,s4_37_47,Truck (<=6000 lbs.),s3_28_48,Deployed,s2_97_208,s2_1_2,Female,s3_80_96,s4_159_169,s2_164_318,s3_80_160,s3_4_5
17545,s2_885_1695,s2_n103_99,s4_n40_7,s1_below_4282,s1_below_2,s1_below_2001,s2_760_2075,s5_47_57,Passenger Car,s2_11_28,Deployed,s2_97_208,s1_below_1,Female,s2_37_80,s3_141_159,s2_164_318,s3_80_160,s2_2_4
17546,s2_885_1695,s2_n103_99,s4_n40_7,s1_below_4282,s1_below_2,s1_below_2001,s2_760_2075,s5_47_57,Passenger Car,s3_28_48,Not Deployed,s2_97_208,s1_below_1,Male,s2_37_80,s3_141_159,s2_164_318,s3_80_160,s2_2_4
17547,s3_1695_2555,s2_n103_99,s4_n40_7,s1_below_4282,s3_3_4,s1_below_2001,s2_760_2075,s5_47_57,Truck (<=6000 lbs.),s3_28_48,Not Deployed,s2_97_208,s1_below_1,Male,s4_96_114,s4_159_169,s2_164_318,s2_40_80,s3_4_5
17548,s2_885_1695,s2_n103_99,s3_n81_n40,s1_below_4282,s2_2_3,s1_below_2001,s2_760_2075,s4_37_47,Passenger Car,s6_76_up,Deployed,s2_97_208,s1_below_1,Male,s2_37_80,s3_141_159,s2_164_318,s1_below_40,s2_2_4
17549,s3_1695_2555,s2_n103_99,s4_n40_7,s1_below_4282,s1_below_2,s1_below_2001,s2_760_2075,s4_37_47,Truck (<=10000 lbs.),s4_48_64,Deployed,s2_97_208,s1_below_1,Female,s2_37_80,s4_159_169,s3_318_464,s3_80_160,s4_5_6
17550,s3_1695_2555,s2_n103_99,s5_7_up,s1_below_4282,s1_below_2,s1_below_2001,s2_760_2075,s6_57_up,Truck (<=10000 lbs.),s3_28_48,Not Deployed,s2_97_208,s1_below_1,Female,s4_96_114,s3_141_159,s2_164_318,s4_160_220,s2_2_4
17551,s3_1695_2555,s2_n103_99,s4_n40_7,s1_below_4282,s3_3_4,s1_below_2001,s2_760_2075,s3_17_37,Truck (<=10000 lbs.),s3_28_48,Not Deployed,s2_97_208,s1_below_1,Male,s3_80_96,s5_169_179,s3_318_464,s4_160_220,s4_5_6
17552,s2_885_1695,s2_n103_99,s4_n40_7,s1_below_4282,s1_below_2,s1_below_2001,s2_760_2075,s6_57_up,Passenger Car,s3_28_48,Not Deployed,s2_97_208,s4_3_4,Female,s3_80_96,s3_141_159,s2_164_318,s3_80_160,s2_2_4
17553,s2_885_1695,s2_n103_99,s5_7_up,s1_below_4282,s1_below_2,s1_below_2001,s2_760_2075,s5_47_57,Passenger Car,s3_28_48,Not Deployed,s2_97_208,s1_below_1,Female,s3_80_96,s3_141_159,s2_164_318,s6_260_up,s2_2_4
17554,s2_885_1695,s2_n103_99,s4_n40_7,s1_below_4282,s1_below_2,s1_below_2001,s2_760_2075,s4_37_47,Passenger Car,s3_28_48,Deployed,s2_97_208,s1_below_1,Female,s2_37_80,s3_141_159,s2_164_318,s3_80_160,s2_2_4
17555,s3_1695_2555,s2_n103_99,s5_7_up,s1_below_4282,s4_4_5,s2_2001_2003,s2_760_2075,s5_47_57,Truck (<=6000 lbs.),s3_28_48,Not Deployed,s2_97_208,s1_below_1,Male,s4_96_114,s3_141_159,s2_164_318,s6_260_up,s2_2_4
17556,s3_1695_2555,s2_n103_99,s4_n40_7,s1_below_4282,s4_4_5,s1_below_2001,s2_760_2075,s5_47_57,Passenger Car,s4_48_64,Not Deployed,s2_97_208,s1_below_1,Female,s2_37_80,s3_141_159,s2_164_318,s4_160_220,s3_4_5
17557,s3_1695_2555,s2_n103_99,s4_n40_7,s1_below_4282,s3_3_4,s1_below_2001,s2_760_2075,s4_37_47,Truck (<=10000 lbs.),s5_64_76,Deployed,s2_97_208,s1_below_1,Male,s4_96_114,s4_159_169,s3_318_464,s4_160_220,s4_5_6
17558,s2_885_1695,s2_n103_99,s4_n40_7,s1_below_4282,s3_3_4,s1_below_2001,s3_2075_3730,s4_37_47,Passenger Car,s5_64_76,Deployed,s2_97_208,s1_below_1,Female,s2_37_80,s3_141_159,s2_164_318,s3_80_160,s2_2_4
17559,s2_885_1695,s2_n103_99,s4_n40_7,s1_below_4282,s3_3_4,s1_below_2001,s2_760_2075,s6_57_up,Passenger Car,s2_11_28,Deployed,s2_97_208,s1_below_1,Female,s2_37_80,s3_141_159,s2_164_318,s3_80_160,s2_2_4
17560,s2_885_1695,s2_n103_99,s4_n40_7,s1_below_4282,s1_below_2,s1_below_2001,s2_760_2075,s5_47_57,Passenger Car,s2_11_28,Not Deployed,s2_97_208,s1_below_1,Male,s2_37_80,s3_141_159,s2_164_318,s3_80_160,s2_2_4
17561,s2_885_1695,s2_n103_99,s3_n81_n40,s1_below_4282,s1_below_2,s1_below_2001,s2_760_2075,s6_57_up,Passenger Car,s2_11_28,Deployed,s2_97_208,s3_2_3,Female,s2_37_80,s3_141_159,s2_164_318,s3_80_160,s2_2_4
17562,s2_885_1695,s2_n103_99,s3_n81_n40,s2_4282_6970,s1_below_2,s1_below_2001,s2_760_2075,s6_57_up,Truck (<=6000 lbs.),s3_28_48,Deployed,s2_97_208,s3_2_3,Male,s3_80_96,s3_141_159,s2_164_318,s3_80_160,s2_2_4
17563,s2_885_1695,s2_n103_99,s4_n40_7,s1_below_4282,s2_2_3,s1_below_2001,s2_760_2075,s5_47_57,Passenger Car,s4_48_64,Not Deployed,s2_97_208,s1_below_1,Female,s2_37_80,s3_141_159,s2_164_318,s2_40_80,s2_2_4
17564,s2_885_1695,s2_n103_99,s4_n40_7,s1_below_4282,s1_below_2,s1_below_2001,s3_2075_3730,s4_37_47,Passenger Car,s2_11_28,Deployed,s2_97_208,s2_1_2,Male,s2_37_80,s3_141_159,s2_164_318,s4_160_220,s2_2_4
17565,s2_885_1695,s2_n103_99,s5_7_up,s1_below_4282,s3_3_4,s1_below_2001,s2_760_2075,s4_37_47,Truck (<=6000 lbs.),s5_64_76,Not Deployed,s2_97_208,s1_below_1,Male,s3_80_96,s4_159_169,s2_164_318,s6_260_up,s2_2_4
17566,s2_885_1695,s2_n103_99,s4_n40_7,s1_below_4282,s3_3_4,s1_below_2001,s2_760_2075,s3_17_37,Passenger Car,s6_76_up,Deployed,s2_97_208,s1_below_1,Female,s2_37_80,s3_141_159,s2_164_318,s3_80_160,s2_2_4
17567,s2_885_1695,s2_n103_99,s4_n40_7,s1_below_4282,s3_3_4,s1_below_2001,s2_760_2075,s6_57_up,Passenger Car,s3_28_48,Deployed,s2_97_208,s1_below_1,Male,s2_37_80,s3_141_159,s2_164_318,s3_80_160,s2_2_4
17568,s3_1695_2555,s2_n103_99,s4_n40_7,s1_below_4282,s3_3_4,s1_below_2001,s2_760_2075,s3_17_37,Truck (<=10000 lbs.),s3_28_48,Not Deployed,s2_97_208,s1_below_1,Male,s4_96_114,s4_159_169,s2_164_318,s3_80_160,s3_4_5
17569,s2_885_1695,s2_n103_99,s4_n40_7,s1_below_4282,s4_4_5,s1_below_2001,s2_760_2075,s6_57_up,Passenger Car,s2_11_28,Not Deployed,s2_97_208,s1_below_1,Female,s2_37_80,s3_141_159,s2_164_318,s3_80_160,s2_2_4
17570,s2_885_1695,s2_n103_99,s4_n40_7,s1_below_4282,s2_2_3,s1_below_2001,s2_760_2075,s4_37_47,Passenger Car,s2_11_28,Not Deployed,s2_97_208,s1_below_1,Male,s4_96_114,s3_141_159,s2_164_318,s3_80_160,s2_2_4
17571,s2_885_1695,s2_n103_99,s4_n40_7,s1_below_4282,s2_2_3,s1_below_2001,s3_2075_3730,s3_17_37,Passenger Car,s4_48_64,Not Deployed,s2_97_208,s1_below_1,Male,s3_80_96,s3_141_159,s2_164_318,s3_80_160,s2_2_4
17572,s2_885_1695,s2_n103_99,s4_n40_7,s1_below_4282,s1_below_2,s1_below_2001,s2_760_2075,s4_37_47,Passenger Car,s2_11_28,Deployed,s2_97_208,s1_below_1,Female,s2_37_80,s3_141_159,s2_164_318,s3_80_160,s2_2_4
17573,s3_1695_2555,s2_n103_99,s4_n40_7,s1_below_4282,s5_5_6,s1_below_2001,s2_760_2075,s3_17_37,Truck (<=10000 lbs.),s3_28_48,Not Deployed,s2_97_208,s1_below_1,Male,s4_96_114,s5_169_179,s3_318_464,s4_160_220,s4_5_6
17574,s2_885_1695,s2_n103_99,s3_n81_n40,s1_below_4282,s2_2_3,s1_below_2001,s2_760_2075,s3_17_37,Passenger Car,s3_28_48,Deployed,s2_97_208,s1_below_1,Female,s2_37_80,s2_116_141,s2_164_318,s3_80_160,s2_2_4
17575,s2_885_1695,s2_n103_99,s4_n40_7,s1_below_4282,s1_below_2,s1_below_2001,s2_760_2075,s3_17_37,Passenger Car,s5_64_76,Deployed,s2_97_208,s1_below_1,Female,s3_80_96,s3_141_159,s2_164_318,s4_160_220,s2_2_4
17576,s2_885_1695,s2_n103_99,s4_n40_7,s1_below_4282,s3_3_4,s1_below_2001,s2_760_2075,s3_17_37,Passenger Car,s2_11_28,Not Deployed,s2_97_208,s2_1_2,Male,s3_80_96,s3_141_159,s2_164_318,s3_80_160,s2_2_4
17577,s2_885_1695,s2_n103_99,s4_n40_7,s1_below_4282,s1_below_2,s1_below_2001,s2_760_2075,s4_37_47,Passenger Car,s2_11_28,Deployed,s2_97_208,s1_below_1,Female,s2_37_80,s3_141_159,s2_164_318,s3_80_160,s2_2_4
17578,s2_885_1695,s2_n103_99,s4_n40_7,s1_below_4282,s3_3_4,s1_below_2001,s2_760_2075,s3_17_37,Passenger Car,s5_64_76,Deployed,s2_97_208,s2_1_2,Female,s2_37_80,s3_141_159,s2_164_318,s4_160_220,s2_2_4
17579,s3_1695_2555,s2_n103_99,s4_n40_7,s1_below_4282,s3_3_4,s1_below_2001,s3_2075_3730,s3_17_37,Truck (<=6000 lbs.),s3_28_48,Not Deployed,s2_97_208,s1_below_1,Male,s3_80_96,s3_141_159,s2_164_318,s3_80_160,s2_2_4
17580,s3_1695_2555,s2_n103_99,s4_n40_7,s1_below_4282,s3_3_4,s1_below_2001,s2_760_2075,s3_17_37,Truck (<=6000 lbs.),s2_11_28,Not Deployed,s2_97_208,s1_below_1,Female,s2_37_80,s3_141_159,s2_164_318,s4_160_220,s2_2_4
17581,s2_885_1695,s2_n103_99,s4_n40_7,s1_below_4282,s2_2_3,s1_below_2001,s3_2075_3730,s4_37_47,Passenger Car,s2_11_28,Deployed,s2_97_208,s1_below_1,Female,s2_37_80,s3_141_159,s2_164_318,s3_80_160,s2_2_4
17582,s2_885_1695,s2_n103_99,s4_n40_7,s1_below_4282,s1_below_2,s1_below_2001,s2_760_2075,s3_17_37,Passenger Car,s2_11_28,Not Deployed,s2_97_208,s1_below_1,Female,s2_37_80,s3_141_159,s2_164_318,s3_80_160,s2_2_4
17583,s3_1695_2555,s2_n103_99,s4_n40_7,s1_below_4282,s3_3_4,s1_below_2001,s2_760_2075,s6_57_up,Truck (<=6000 lbs.),s2_11_28,Deployed,s2_97_208,s1_below_1,Male,s2_37_80,s4_159_169,s2_164_318,s3_80_160,s3_4_5
17584,s2_885_1695,s2_n103_99,s4_n40_7,s1_below_4282,s3_3_4,s1_below_2001,s2_760_2075,s5_47_57,Passenger Car,s3_28_48,Deployed,s2_97_208,s1_below_1,Male,s3_80_96,s3_141_159,s2_164_318,s3_80_160,s2_2_4
17585,s2_885_1695,s2_n103_99,s3_n81_n40,s1_below_4282,s3_3_4,s1_below_2001,s2_760_2075,s3_17_37,Truck (<=6000 lbs.),s2_11_28,Deployed,s2_97_208,s1_below_1,Female,s3_80_96,s3_141_159,s2_164_318,s3_80_160,s2_2_4
17586,s2_885_1695,s2_n103_99,s4_n40_7,s1_below_4282,s3_3_4,s1_below_2001,s2_760_2075,s6_57_up,Truck (<=6000 lbs.),s3_28_48,Deployed,s2_97_208,s1_below_1,Female,s2_37_80,s3_141_159,s2_164_318,s3_80_160,s2_2_4
17587,s3_1695_2555,s2_n103_99,s4_n40_7,s1_below_4282,s1_below_2,s1_below_2001,s2_760_2075,s3_17_37,Truck (<=6000 lbs.),s2_11_28,Deployed,s2_97_208,s1_below_1,Male,s2_37_80,s3_141_159,s3_318_464,s3_80_160,s2_2_4
17588,s2_885_1695,s2_n103_99,s4_n40_7,s1_below_4282,s1_below_2,s1_below_2001,s2_760_2075,s3_17_37,Passenger Car,s2_11_28,Not Deployed,s2_97_208,s1_below_1,Female,s3_80_96,s3_141_159,s2_164_318,s4_160_220,s2_2_4
17589,s2_885_1695,s2_n103_99,s4_n40_7,s1_below_4282,s3_3_4,s1_below_2001,s2_760_2075,s4_37_47,Passenger Car,s2_11_28,Deployed,s2_97_208,s1_below_1,Female,s2_37_80,s3_141_159,s2_164_318,s4_160_220,s2_2_4
17590,s2_885_1695,s2_n103_99,s4_n40_7,s1_below_4282,s2_2_3,s1_below_2001,s2_760_2075,s3_17_37,Passenger Car,s3_28_48,Not Deployed,s2_97_208,s1_below_1,Male,s2_37_80,s3_141_159,s2_164_318,s4_160_220,s2_2_4
17591,s3_1695_2555,s2_n103_99,s5_7_up,s1_below_4282,s2_2_3,s1_below_2001,s3_2075_3730,s6_57_up,Truck (<=10000 lbs.),s5_64_76,Not Deployed,s2_97_208,s2_1_2,Male,s2_37_80,s4_159_169,s3_318_464,s6_260_up,s4_5_6
17592,s2_885_1695,s2_n103_99,s4_n40_7,s1_below_4282,s4_4_5,s1_below_2001,s3_2075_3730,s6_57_up,Truck (<=6000 lbs.),s3_28_48,Deployed,s2_97_208,s1_below_1,Female,s2_37_80,s3_141_159,s2_164_318,s3_80_160,s2_2_4
17593,s2_885_1695,s2_n103_99,s5_7_up,s1_below_4282,s3_3_4,s1_below_2001,s2_760_2075,s3_17_37,Passenger Car,s3_28_48,Not Deployed,s2_97_208,s1_below_1,Male,s3_80_96,s3_141_159,s2_164_318,s6_260_up,s2_2_4
17594,s2_885_1695,s2_n103_99,s5_7_up,s1_below_4282,s4_4_5,s2_2001_2003,s2_760_2075,s6_57_up,Passenger Car,s3_28_48,Not Deployed,s2_97_208,s1_below_1,Female,s3_80_96,s3_141_159,s2_164_318,s6_260_up,s2_2_4
17595,s2_885_1695,s2_n103_99,s4_n40_7,s1_below_4282,s3_3_4,s1_below_2001,s2_760_2075,s3_17_37,Passenger Car,s5_64_76,Deployed,s2_97_208,s2_1_2,Female,s2_37_80,s3_141_159,s2_164_318,s3_80_160,s2_2_4
17596,s2_885_1695,s2_n103_99,s4_n40_7,s1_below_4282,s1_below_2,s1_below_2001,s2_760_2075,s3_17_37,Truck (<=6000 lbs.),s2_11_28,Deployed,s2_97_208,s1_below_1,Male,s2_37_80,s3_141_159,s2_164_318,s4_160_220,s2_2_4
17597,s4_2555_3715,s2_n103_99,s4_n40_7,s1_below_4282,s1_below_2,s1_below_2001,s3_2075_3730,s3_17_37,Truck (<=10000 lbs.),s4_48_64,Deployed,s2_97_208,s1_below_1,Male,s2_37_80,s4_159_169,s3_318_464,s3_80_160,s4_5_6
17598,s2_885_1695,s2_n103_99,s4_n40_7,s1_below_4282,s2_2_3,s1_below_2001,s2_760_2075,s3_17_37,Passenger Car,s3_28_48,Not Deployed,s2_97_208,s1_below_1,Male,s3_80_96,s3_141_159,s2_164_318,s3_80_160,s2_2_4
17599,s2_885_1695,s2_n103_99,s4_n40_7,s1_below_4282,s1_below_2,s1_below_2001,s2_760_2075,s3_17_37,Passenger Car,s4_48_64,Not Deployed,s2_97_208,s1_below_1,Male,s4_96_114,s3_141_159,s2_164_318,s1_below_40,s2_2_4
17600,s2_885_1695,s2_n103_99,s4_n40_7,s1_below_4282,s1_below_2,s1_below_2001,s3_2075_3730,s3_17_37,Truck (<=6000 lbs.),s2_11_28,Deployed,s2_97_208,s1_below_1,Male,s2_37_80,s2_116_141,s2_164_318,s3_80_160,s2_2_4
17601,s3_1695_2555,s2_n103_99,s4_n40_7,s1_below_4282,s2_2_3,s1_below_2001,s2_760_2075,s3_17_37,Truck (<=6000 lbs.),s2_11_28,Deployed,s2_97_208,s1_below_1,Female,s2_37_80,s3_141_159,s2_164_318,s3_80_160,s2_2_4
17602,s2_885_1695,s2_n103_99,s4_n40_7,s1_below_4282,s1_below_2,s1_below_2001,s2_760_2075,s3_17_37,Passenger Car,s4_48_64,Not Deployed,s2_97_208,s1_below_1,Male,s2_37_80,s3_141_159,s2_164_318,s3_80_160,s2_2_4
17603,s3_1695_2555,s2_n103_99,s4_n40_7,s1_below_4282,s3_3_4,s1_below_2001,s3_2075_3730,s5_47_57,Truck (<=6000 lbs.),s2_11_28,Deployed,s2_97_208,s1_below_1,Male,s4_96_114,s3_141_159,s2_164_318,s4_160_220,s2_2_4
17604,s2_885_1695,s2_n103_99,s4_n40_7,s1_below_4282,s1_below_2,s1_below_2001,s2_760_2075,s3_17_37,Passenger Car,s2_11_28,Deployed,s2_97_208,s1_below_1,Female,s2_37_80,s3_141_159,s2_164_318,s4_160_220,s2_2_4
17605,s3_1695_2555,s2_n103_99,s4_n40_7,s1_below_4282,s1_below_2,s1_below_2001,s2_760_2075,s5_47_57,Truck (<=6000 lbs.),s2_11_28,Not Deployed,s2_97_208,s1_below_1,Female,s2_37_80,s2_116_141,s2_164_318,s6_260_up,s2_2_4
17606,s2_885_1695,s2_n103_99,s4_n40_7,s1_below_4282,s4_4_5,s1_below_2001,s2_760_2075,s3_17_37,Passenger Car,s2_11_28,Not Deployed,s2_97_208,s1_below_1,Female,s2_37_80,s3_141_159,s2_164_318,s2_40_80,s2_2_4
17607,s3_1695_2555,s2_n103_99,s5_7_up,s1_below_4282,s4_4_5,s1_below_2001,s2_760_2075,s3_17_37,Truck (<=6000 lbs.),s4_48_64,Not Deployed,s2_97_208,s1_below_1,Male,s4_96_114,s3_141_159,s2_164_318,s5_220_260,s2_2_4
17608,s2_885_1695,s2_n103_99,s4_n40_7,s1_below_4282,s1_below_2,s1_below_2001,s2_760_2075,s3_17_37,Truck (<=6000 lbs.),s3_28_48,Not Deployed,s2_97_208,s1_below_1,Male,s3_80_96,s2_116_141,s2_164_318,s3_80_160,s2_2_4
17609,s2_885_1695,s2_n103_99,s4_n40_7,s1_below_4282,s2_2_3,s1_below_2001,s2_760_2075,s3_17_37,Passenger Car,s4_48_64,Not Deployed,s2_97_208,s1_below_1,Male,s3_80_96,s3_141_159,s2_164_318,s4_160_220,s2_2_4
17610,s2_885_1695,s2_n103_99,s4_n40_7,s1_below_4282,s1_below_2,s1_below_2001,s2_760_2075,s3_17_37,Truck (<=6000 lbs.),s3_28_48,Not Deployed,s2_97_208,s1_below_1,Male,s3_80_96,s3_141_159,s3_318_464,s3_80_160,s2_2_4
17611,s2_885_1695,s2_n103_99,s3_n81_n40,s1_below_4282,s4_4_5,s1_below_2001,s2_760_2075,s3_17_37,Passenger Car,s2_11_28,Not Deployed,s2_97_208,s1_below_1,Female,s6_130_up,s3_141_159,s2_164_318,s1_below_40,s2_2_4
17612,s2_885_1695,s2_n103_99,s4_n40_7,s1_below_4282,s1_below_2,s1_below_2001,s2_760_2075,s3_17_37,Passenger Car,s6_76_up,Not Deployed,s2_97_208,s1_below_1,Male,s2_37_80,s3_141_159,s2_164_318,s3_80_160,s2_2_4
17613,s3_1695_2555,s2_n103_99,s4_n40_7,s1_below_4282,s1_below_2,s1_below_2001,s2_760_2075,s3_17_37,Passenger Car,s3_28_48,Not Deployed,s2_97_208,s4_3_4,Male,s2_37_80,s4_159_169,s2_164_318,s3_80_160,s2_2_4
17614,s2_885_1695,s2_n103_99,s4_n40_7,s1_below_4282,s1_below_2,s1_below_2001,s2_760_2075,s3_17_37,Passenger Car,s3_28_48,Deployed,s2_97_208,s1_below_1,Male,s4_96_114,s3_141_159,s2_164_318,s3_80_160,s2_2_4
17615,s2_885_1695,s2_n103_99,s4_n40_7,s1_below_4282,s1_below_2,s1_below_2001,s3_2075_3730,s6_57_up,Passenger Car,s3_28_48,Deployed,s2_97_208,s2_1_2,Female,s3_80_96,s3_141_159,s2_164_318,s3_80_160,s2_2_4
17616,s2_885_1695,s2_n103_99,s4_n40_7,s1_below_4282,s1_below_2,s1_below_2001,s2_760_2075,s5_47_57,Passenger Car,s3_28_48,Not Deployed,s2_97_208,s1_below_1,Female,s2_37_80,s3_141_159,s2_164_318,s3_80_160,s2_2_4
17617,s2_885_1695,s2_n103_99,s2_n112_n81,s1_below_4282,s1_below_2,s1_below_2001,s2_760_2075,s3_17_37,Passenger Car,s2_11_28,Deployed,s2_97_208,s4_3_4,Male,s2_37_80,s3_141_159,s2_164_318,s3_80_160,s2_2_4
17618,s3_1695_2555,s2_n103_99,s4_n40_7,s1_below_4282,s1_below_2,s1_below_2001,s2_760_2075,s3_17_37,Truck (<=6000 lbs.),s3_28_48,Deployed,s2_97_208,s1_below_1,Male,s3_80_96,s3_141_159,s2_164_318,s3_80_160,s2_2_4
17619,s2_885_1695,s2_n103_99,s4_n40_7,s1_below_4282,s2_2_3,s1_below_2001,s2_760_2075,s3_17_37,Passenger Car,s2_11_28,Deployed,s2_97_208,s1_below_1,Female,s2_37_80,s3_141_159,s2_164_318,s3_80_160,s2_2_4
17620,s3_1695_2555,s2_n103_99,s5_7_up,s1_below_4282,s2_2_3,s1_below_2001,s2_760_2075,s4_37_47,Truck (<=6000 lbs.),s2_11_28,Not Deployed,s2_97_208,s2_1_2,Male,s2_37_80,s3_141_159,s2_164_318,s6_260_up,s2_2_4
17621,s2_885_1695,s2_n103_99,s4_n40_7,s1_below_4282,s2_2_3,s1_below_2001,s2_760_2075,s3_17_37,Passenger Car,s4_48_64,Not Deployed,s2_97_208,s3_2_3,Female,s3_80_96,s3_141_159,s2_164_318,s2_40_80,s2_2_4
17622,s2_885_1695,s2_n103_99,s4_n40_7,s1_below_4282,s1_below_2,s1_below_2001,s2_760_2075,s3_17_37,Truck (<=6000 lbs.),s3_28_48,Not Deployed,s2_97_208,s1_below_1,Male,s4_96_114,s2_116_141,s2_164_318,s3_80_160,s2_2_4
17623,s2_885_1695,s2_n103_99,s4_n40_7,s1_below_4282,s1_below_2,s1_below_2001,s3_2075_3730,s4_37_47,Passenger Car,s2_11_28,Deployed,s2_97_208,s1_below_1,Male,s4_96_114,s3_141_159,s2_164_318,s6_260_up,s2_2_4
17624,s3_1695_2555,s2_n103_99,s4_n40_7,s1_below_4282,s3_3_4,s1_below_2001,s2_760_2075,s3_17_37,Truck (<=6000 lbs.),s5_64_76,Not Deployed,s2_97_208,s2_1_2,Male,s3_80_96,s2_116_141,s2_164_318,s4_160_220,s2_2_4
17625,s2_885_1695,s2_n103_99,s5_7_up,s1_below_4282,s2_2_3,s1_below_2001,s2_760_2075,s3_17_37,Passenger Car,s3_28_48,Not Deployed,s2_97_208,s1_below_1,Male,s3_80_96,s3_141_159,s2_164_318,s6_260_up,s2_2_4
17626,s2_885_1695,s2_n103_99,s4_n40_7,s1_below_4282,s2_2_3,s1_below_2001,s2_760_2075,s4_37_47,Passenger Car,s5_64_76,Not Deployed,s2_97_208,s1_below_1,Female,s2_37_80,s3_141_159,s2_164_318,s4_160_220,s2_2_4
17627,s2_885_1695,s2_n103_99,s4_n40_7,s1_below_4282,s3_3_4,s1_below_2001,s2_760_2075,s4_37_47,Passenger Car,s5_64_76,Not Deployed,s2_97_208,s1_below_1,Female,s2_37_80,s3_141_159,s2_164_318,s3_80_160,s2_2_4
17628,s2_885_1695,s2_n103_99,s4_n40_7,s1_below_4282,s3_3_4,s1_below_2001,s2_760_2075,s5_47_57,Passenger Car,s4_48_64,Not Deployed,s2_97_208,s1_below_1,Male,s4_96_114,s3_141_159,s2_164_318,s3_80_160,s2_2_4
17629,s2_885_1695,s2_n103_99,s5_7_up,s1_below_4282,s3_3_4,s1_below_2001,s2_760_2075,s5_47_57,Passenger Car,s3_28_48,Not Deployed,s2_97_208,s1_below_1,Male,s2_37_80,s3_141_159,s2_164_318,s6_260_up,s2_2_4
17630,s2_885_1695,s2_n103_99,s5_7_up,s1_below_4282,s1_below_2,s1_below_2001,s2_760_2075,s5_47_57,Passenger Car,s2_11_28,Not Deployed,s2_97_208,s1_below_1,Female,s2_37_80,s3_141_159,s2_164_318,s5_220_260,s2_2_4
17631,s2_885_1695,s2_n103_99,s4_n40_7,s1_below_4282,s1_below_2,s1_below_2001,s2_760_2075,s3_17_37,Passenger Car,s3_28_48,Deployed,s2_97_208,s1_below_1,Male,s3_80_96,s3_141_159,s2_164_318,s3_80_160,s2_2_4
17632,s2_885_1695,s2_n103_99,s4_n40_7,s1_below_4282,s1_below_2,s1_below_2001,s2_760_2075,s3_17_37,Passenger Car,s3_28_48,Deployed,s2_97_208,s2_1_2,Male,s3_80_96,s3_141_159,s2_164_318,s3_80_160,s2_2_4
17633,s2_885_1695,s2_n103_99,s4_n40_7,s1_below_4282,s5_5_6,s1_below_2001,s2_760_2075,s4_37_47,Passenger Car,s4_48_64,Not Deployed,s2_97_208,s1_below_1,Female,s2_37_80,s3_141_159,s2_164_318,s3_80_160,s2_2_4
17634,s2_885_1695,s2_n103_99,s4_n40_7,s1_below_4282,s3_3_4,s1_below_2001,s3_2075_3730,s4_37_47,Passenger Car,s6_76_up,Deployed,s2_97_208,s4_3_4,Female,s2_37_80,s3_141_159,s2_164_318,s4_160_220,s2_2_4
17635,s2_885_1695,s2_n103_99,s4_n40_7,s1_below_4282,s1_below_2,s1_below_2001,s2_760_2075,s3_17_37,Passenger Car,s2_11_28,Deployed,s2_97_208,s4_3_4,Female,s4_96_114,s3_141_159,s2_164_318,s3_80_160,s2_2_4
17636,s3_1695_2555,s2_n103_99,s4_n40_7,s1_below_4282,s1_below_2,s1_below_2001,s2_760_2075,s3_17_37,Truck (<=6000 lbs.),s4_48_64,Not Deployed,s2_97_208,s1_below_1,Male,s3_80_96,s3_141_159,s2_164_318,s4_160_220,s2_2_4
17637,s2_885_1695,s2_n103_99,s4_n40_7,s1_below_4282,s4_4_5,s1_below_2001,s2_760_2075,s4_37_47,Passenger Car,s4_48_64,Deployed,s2_97_208,s1_below_1,Male,s5_114_130,s3_141_159,s2_164_318,s3_80_160,s2_2_4
17638,s2_885_1695,s2_n103_99,s4_n40_7,s1_below_4282,s1_below_2,s1_below_2001,s2_760_2075,s5_47_57,Passenger Car,s2_11_28,Deployed,s2_97_208,s1_below_1,Male,s2_37_80,s3_141_159,s2_164_318,s3_80_160,s2_2_4
17639,s2_885_1695,s2_n103_99,s4_n40_7,s1_below_4282,s4_4_5,s1_below_2001,s2_760_2075,s3_17_37,Passenger Car,s3_28_48,Not Deployed,s2_97_208,s1_below_1,Male,s2_37_80,s3_141_159,s2_164_318,s4_160_220,s2_2_4
17640,s3_1695_2555,s2_n103_99,s4_n40_7,s1_below_4282,s1_below_2,s1_below_2001,s2_760_2075,s5_47_57,Truck (<=6000 lbs.),s3_28_48,Not Deployed,s2_97_208,s1_below_1,Female,s2_37_80,s4_159_169,s2_164_318,s3_80_160,s3_4_5
17641,s2_885_1695,s2_n103_99,s5_7_up,s1_below_4282,s2_2_3,s1_below_2001,s2_760_2075,s5_47_57,Passenger Car,s2_11_28,Deployed,s2_97_208,s1_below_1,Male,s2_37_80,s3_141_159,s2_164_318,s3_80_160,s2_2_4
17642,s3_1695_2555,s2_n103_99,s4_n40_7,s1_below_4282,s1_below_2,s1_below_2001,s2_760_2075,s3_17_37,Truck (<=6000 lbs.),s3_28_48,Deployed,s2_97_208,s3_2_3,Female,s2_37_80,s3_141_159,s2_164_318,s3_80_160,s2_2_4
17643,s2_885_1695,s2_n103_99,s4_n40_7,s1_below_4282,s3_3_4,s1_below_2001,s2_760_2075,s3_17_37,Passenger Car,s2_11_28,Deployed,s2_97_208,s1_below_1,Male,s3_80_96,s3_141_159,s2_164_318,s3_80_160,s2_2_4
17644,s2_885_1695,s2_n103_99,s3_n81_n40,s1_below_4282,s1_below_2,s1_below_2001,s2_760_2075,s3_17_37,Passenger Car,s2_11_28,Not Deployed,s2_97_208,s1_below_1,Male,s2_37_80,s3_141_159,s2_164_318,s4_160_220,s2_2_4
17645,s2_885_1695,s2_n103_99,s4_n40_7,s1_below_4282,s3_3_4,s1_below_2001,s2_760_2075,s4_37_47,Passenger Car,s2_11_28,Deployed,s2_97_208,s1_below_1,Female,s3_80_96,s3_141_159,s2_164_318,s3_80_160,s2_2_4
17646,s2_885_1695,s2_n103_99,s4_n40_7,s1_below_4282,s4_4_5,s1_below_2001,s2_760_2075,s3_17_37,Passenger Car,s5_64_76,Not Deployed,s2_97_208,s1_below_1,Female,s2_37_80,s3_141_159,s2_164_318,s3_80_160,s2_2_4
17647,s2_885_1695,s2_n103_99,s4_n40_7,s1_below_4282,s4_4_5,s1_below_2001,s2_760_2075,s6_57_up,Passenger Car,s4_48_64,Deployed,s2_97_208,s1_below_1,Male,s2_37_80,s3_141_159,s2_164_318,s4_160_220,s2_2_4
17648,s2_885_1695,s2_n103_99,s4_n40_7,s1_below_4282,s3_3_4,s1_below_2001,s2_760_2075,s4_37_47,Passenger Car,s2_11_28,Deployed,s2_97_208,s1_below_1,Female,s2_37_80,s3_141_159,s2_164_318,s4_160_220,s2_2_4
17649,s2_885_1695,s2_n103_99,s5_7_up,s1_below_4282,s1_below_2,s1_below_2001,s2_760_2075,s3_17_37,Passenger Car,s3_28_48,Not Deployed,s2_97_208,s1_below_1,Female,s6_130_up,s3_141_159,s2_164_318,s6_260_up,s2_2_4
17650,s2_885_1695,s2_n103_99,s5_7_up,s1_below_4282,s1_below_2,s1_below_2001,s2_760_2075,s5_47_57,Truck (<=6000 lbs.),s2_11_28,Not Deployed,s2_97_208,s1_below_1,Male,s2_37_80,s3_141_159,s3_318_464,s6_260_up,s2_2_4
17651,s3_1695_2555,s2_n103_99,s4_n40_7,s1_below_4282,s1_below_2,s1_below_2001,s2_760_2075,s5_47_57,Truck (<=10000 lbs.),s3_28_48,Deployed,s2_97_208,s1_below_1,Female,s2_37_80,s3_141_159,s3_318_464,s3_80_160,s4_5_6
17652,s2_885_1695,s2_n103_99,s4_n40_7,s1_below_4282,s1_below_2,s1_below_2001,s3_2075_3730,s6_57_up,Passenger Car,s3_28_48,Not Deployed,s2_97_208,s4_3_4,Female,s4_96_114,s3_141_159,s2_164_318,s2_40_80,s2_2_4
17653,s2_885_1695,s2_n103_99,s4_n40_7,s1_below_4282,s3_3_4,s1_below_2001,s2_760_2075,s3_17_37,Passenger Car,s2_11_28,Not Deployed,s2_97_208,s1_below_1,Female,s2_37_80,s3_141_159,s2_164_318,s4_160_220,s2_2_4
17654,s2_885_1695,s2_n103_99,s4_n40_7,s1_below_4282,s1_below_2,s1_below_2001,s2_760_2075,s4_37_47,Passenger Car,s6_76_up,Deployed,s2_97_208,s1_below_1,Male,s2_37_80,s3_141_159,s2_164_318,s3_80_160,s2_2_4
17655,s2_885_1695,s2_n103_99,s4_n40_7,s1_below_4282,s3_3_4,s1_below_2001,s2_760_2075,s3_17_37,Passenger Car,s3_28_48,Not Deployed,s2_97_208,s1_below_1,Female,s2_37_80,s3_141_159,s2_164_318,s2_40_80,s2_2_4
17656,s3_1695_2555,s2_n103_99,s4_n40_7,s1_below_4282,s1_below_2,s1_below_2001,s2_760_2075,s4_37_47,Passenger Car,s4_48_64,Deployed,s2_97_208,s1_below_1,Male,s2_37_80,s3_141_159,s2_164_318,s3_80_160,s2_2_4
17657,s2_885_1695,s2_n103_99,s4_n40_7,s1_below_4282,s1_below_2,s1_below_2001,s2_760_2075,s3_17_37,Passenger Car,s5_64_76,Deployed,s2_97_208,s3_2_3,Male,s3_80_96,s3_141_159,s2_164_318,s3_80_160,s2_2_4
17658,s3_1695_2555,s2_n103_99,s4_n40_7,s1_below_4282,s2_2_3,s1_below_2001,s2_760_2075,s3_17_37,Passenger Car,s6_76_up,Deployed,s2_97_208,s2_1_2,Male,s3_80_96,s3_141_159,s2_164_318,s3_80_160,s2_2_4
17659,s2_885_1695,s2_n103_99,s4_n40_7,s1_below_4282,s1_below_2,s1_below_2001,s2_760_2075,s4_37_47,Passenger Car,s2_11_28,Not Deployed,s2_97_208,s1_below_1,Female,s2_37_80,s3_141_159,s2_164_318,s2_40_80,s2_2_4
17660,s3_1695_2555,s2_n103_99,s4_n40_7,s1_below_4282,s3_3_4,s1_below_2001,s2_760_2075,s3_17_37,Truck (<=6000 lbs.),s3_28_48,Deployed,s2_97_208,s1_below_1,Female,s2_37_80,s3_141_159,s2_164_318,s3_80_160,s2_2_4
17661,s2_885_1695,s2_n103_99,s4_n40_7,s1_below_4282,s1_below_2,s1_below_2001,s2_760_2075,s4_37_47,Passenger Car,s5_64_76,Deployed,s2_97_208,s1_below_1,Female,s2_37_80,s3_141_159,s2_164_318,s3_80_160,s2_2_4
17662,s3_1695_2555,s2_n103_99,s4_n40_7,s1_below_4282,s3_3_4,s1_below_2001,s2_760_2075,s4_37_47,Truck (<=6000 lbs.),s3_28_48,Deployed,s2_97_208,s3_2_3,Female,s2_37_80,s4_159_169,s2_164_318,s3_80_160,s3_4_5
17663,s2_885_1695,s2_n103_99,s4_n40_7,s1_below_4282,s5_5_6,s1_below_2001,s2_760_2075,s4_37_47,Passenger Car,s3_28_48,Deployed,s2_97_208,s1_below_1,Female,s2_37_80,s3_141_159,s2_164_318,s3_80_160,s2_2_4
17664,s3_1695_2555,s2_n103_99,s4_n40_7,s1_below_4282,s5_5_6,s1_below_2001,s2_760_2075,s4_37_47,Truck (<=10000 lbs.),s2_11_28,Not Deployed,s2_97_208,s1_below_1,Male,s3_80_96,s4_159_169,s3_318_464,s3_80_160,s4_5_6
17665,s3_1695_2555,s2_n103_99,s5_7_up,s1_below_4282,s5_5_6,s1_below_2001,s2_760_2075,s4_37_47,Truck (<=6000 lbs.),s3_28_48,Not Deployed,s2_97_208,s1_below_1,Male,s2_37_80,s3_141_159,s2_164_318,s6_260_up,s2_2_4
17666,s2_885_1695,s2_n103_99,s4_n40_7,s1_below_4282,s3_3_4,s1_below_2001,s2_760_2075,s4_37_47,Passenger Car,s3_28_48,Deployed,s2_97_208,s1_below_1,Female,s3_80_96,s3_141_159,s2_164_318,s4_160_220,s2_2_4
17667,s2_885_1695,s2_n103_99,s4_n40_7,s1_below_4282,s2_2_3,s1_below_2001,s2_760_2075,s3_17_37,Passenger Car,s2_11_28,Not Deployed,s2_97_208,s1_below_1,Female,s2_37_80,s3_141_159,s2_164_318,s2_40_80,s2_2_4
17668,s2_885_1695,s2_n103_99,s4_n40_7,s1_below_4282,s6_6_up,s1_below_2001,s3_2075_3730,s4_37_47,Truck (<=6000 lbs.),s3_28_48,Not Deployed,s2_97_208,s1_below_1,Male,s4_96_114,s2_116_141,s3_318_464,s4_160_220,s2_2_4
17669,s3_1695_2555,s2_n103_99,s4_n40_7,s1_below_4282,s2_2_3,s1_below_2001,s2_760_2075,s5_47_57,Truck (<=6000 lbs.),s3_28_48,Deployed,s2_97_208,s2_1_2,Female,s2_37_80,s3_141_159,s2_164_318,s2_40_80,s2_2_4
17670,s2_885_1695,s2_n103_99,s4_n40_7,s1_below_4282,s3_3_4,s1_below_2001,s3_2075_3730,s4_37_47,Passenger Car,s3_28_48,Deployed,s2_97_208,s1_below_1,Female,s2_37_80,s3_141_159,s2_164_318,s3_80_160,s2_2_4
17671,s2_885_1695,s2_n103_99,s4_n40_7,s1_below_4282,s1_below_2,s1_below_2001,s2_760_2075,s3_17_37,Passenger Car,s3_28_48,Not Deployed,s2_97_208,s3_2_3,Female,s2_37_80,s3_141_159,s2_164_318,s2_40_80,s2_2_4
17672,s2_885_1695,s2_n103_99,s5_7_up,s1_below_4282,s5_5_6,s1_below_2001,s2_760_2075,s4_37_47,Passenger Car,s3_28_48,Not Deployed,s2_97_208,s1_below_1,Female,s3_80_96,s3_141_159,s2_164_318,s6_260_up,s2_2_4
17673,s2_885_1695,s2_n103_99,s4_n40_7,s1_below_4282,s2_2_3,s1_below_2001,s2_760_2075,s3_17_37,Passenger Car,s5_64_76,Deployed,s2_97_208,s2_1_2,Female,s4_96_114,s3_141_159,s2_164_318,s3_80_160,s2_2_4
17674,s3_1695_2555,s2_n103_99,s5_7_up,s1_below_4282,s2_2_3,s1_below_2001,s2_760_2075,s3_17_37,Passenger Car,s4_48_64,Not Deployed,s2_97_208,s1_below_1,Female,s2_37_80,s3_141_159,s2_164_318,s6_260_up,s2_2_4
17675,s2_885_1695,s2_n103_99,s5_7_up,s1_below_4282,s2_2_3,s1_below_2001,s2_760_2075,s4_37_47,Truck (<=6000 lbs.),s2_11_28,Not Deployed,s2_97_208,s1_below_1,Male,s3_80_96,s4_159_169,s2_164_318,s6_260_up,s2_2_4
17676,s2_885_1695,s2_n103_99,s3_n81_n40,s1_below_4282,s2_2_3,s1_below_2001,s2_760_2075,s4_37_47,Passenger Car,s4_48_64,Deployed,s2_97_208,s6_5_up,Male,s4_96_114,s3_141_159,s2_164_318,s3_80_160,s2_2_4
17677,s2_885_1695,s2_n103_99,s4_n40_7,s1_below_4282,s4_4_5,s1_below_2001,s2_760_2075,s4_37_47,Passenger Car,s4_48_64,Not Deployed,s2_97_208,s3_2_3,Female,s2_37_80,s3_141_159,s2_164_318,s3_80_160,s2_2_4
17678,s2_885_1695,s2_n103_99,s4_n40_7,s1_below_4282,s3_3_4,s1_below_2001,s2_760_2075,s4_37_47,Passenger Car,s3_28_48,Not Deployed,s2_97_208,s1_below_1,Male,s5_114_130,s3_141_159,s2_164_318,s3_80_160,s2_2_4
17679,s2_885_1695,s2_n103_99,s4_n40_7,s1_below_4282,s5_5_6,s1_below_2001,s2_760_2075,s4_37_47,Passenger Car,s3_28_48,Deployed,s2_97_208,s1_below_1,Female,s3_80_96,s3_141_159,s2_164_318,s4_160_220,s2_2_4
17680,s4_2555_3715,s2_n103_99,s4_n40_7,s1_below_4282,s4_4_5,s1_below_2001,s2_760_2075,s3_17_37,Truck (<=6000 lbs.),s2_11_28,Deployed,s2_97_208,s1_below_1,Male,s3_80_96,s4_159_169,s2_164_318,s3_80_160,s2_2_4
17681,s3_1695_2555,s2_n103_99,s5_7_up,s1_below_4282,s4_4_5,s1_below_2001,s3_2075_3730,s3_17_37,Truck (<=6000 lbs.),s3_28_48,Not Deployed,s2_97_208,s1_below_1,Female,s3_80_96,s3_141_159,s2_164_318,s6_260_up,s2_2_4
17682,s3_1695_2555,s2_n103_99,s4_n40_7,s1_below_4282,s1_below_2,s1_below_2001,s2_760_2075,s4_37_47,Truck (<=10000 lbs.),s3_28_48,Not Deployed,s2_97_208,s1_below_1,Female,s2_37_80,s4_159_169,s2_164_318,s3_80_160,s3_4_5
17683,s3_1695_2555,s2_n103_99,s4_n40_7,s1_below_4282,s1_below_2,s1_below_2001,s2_760_2075,s4_37_47,Passenger Car,s2_11_28,Not Deployed,s2_97_208,s1_below_1,Male,s3_80_96,s4_159_169,s2_164_318,s6_260_up,s3_4_5
17684,s3_1695_2555,s2_n103_99,s4_n40_7,s1_below_4282,s4_4_5,s1_below_2001,s2_760_2075,s4_37_47,Truck (<=6000 lbs.),s4_48_64,Deployed,s2_97_208,s1_below_1,Female,s5_114_130,s4_159_169,s2_164_318,s3_80_160,s3_4_5
17685,s3_1695_2555,s2_n103_99,s4_n40_7,s1_below_4282,s1_below_2,s1_below_2001,s3_2075_3730,s5_47_57,Truck (<=10000 lbs.),s3_28_48,Deployed,s2_97_208,s1_below_1,Male,s3_80_96,s5_169_179,s3_318_464,s3_80_160,s5_6_7
17686,s3_1695_2555,s2_n103_99,s4_n40_7,s1_below_4282,s1_below_2,s1_below_2001,s2_760_2075,s4_37_47,Truck (<=10000 lbs.),s4_48_64,Deployed,s2_97_208,s1_below_1,Male,s2_37_80,s3_141_159,s2_164_318,s3_80_160,s2_2_4
17687,s2_885_1695,s2_n103_99,s3_n81_n40,s1_below_4282,s1_below_2,s1_below_2001,s2_760_2075,s6_57_up,Passenger Car,s2_11_28,Deployed,s2_97_208,s2_1_2,Male,s3_80_96,s3_141_159,s2_164_318,s3_80_160,s2_2_4
17688,s2_885_1695,s2_n103_99,s4_n40_7,s1_below_4282,s2_2_3,s1_below_2001,s2_760_2075,s3_17_37,Passenger Car,s6_76_up,Not Deployed,s2_97_208,s1_below_1,Female,s2_37_80,s3_141_159,s2_164_318,s3_80_160,s2_2_4
17689,s2_885_1695,s2_n103_99,s4_n40_7,s1_below_4282,s4_4_5,s1_below_2001,s2_760_2075,s3_17_37,Passenger Car,s3_28_48,Deployed,s2_97_208,s1_below_1,Male,s4_96_114,s3_141_159,s2_164_318,s3_80_160,s2_2_4
17690,s2_885_1695,s2_n103_99,s3_n81_n40,s1_below_4282,s1_below_2,s1_below_2001,s2_760_2075,s5_47_57,Passenger Car,s4_48_64,Deployed,s2_97_208,s3_2_3,Male,s2_37_80,s3_141_159,s2_164_318,s3_80_160,s2_2_4
17691,s3_1695_2555,s2_n103_99,s4_n40_7,s1_below_4282,s1_below_2,s1_below_2001,s2_760_2075,s3_17_37,Truck (<=6000 lbs.),s5_64_76,Not Deployed,s2_97_208,s1_below_1,Male,s3_80_96,s4_159_169,s2_164_318,s2_40_80,s3_4_5
17692,s2_885_1695,s2_n103_99,s4_n40_7,s1_below_4282,s4_4_5,s1_below_2001,s2_760_2075,s3_17_37,Passenger Car,s3_28_48,Deployed,s2_97_208,s1_below_1,Female,s2_37_80,s3_141_159,s2_164_318,s3_80_160,s2_2_4
17693,s2_885_1695,s2_n103_99,s4_n40_7,s1_below_4282,s1_below_2,s1_below_2001,s2_760_2075,s3_17_37,Truck (<=6000 lbs.),s4_48_64,Not Deployed,s2_97_208,s1_below_1,Male,s3_80_96,s3_141_159,s2_164_318,s3_80_160,s2_2_4
17694,s2_885_1695,s2_n103_99,s4_n40_7,s1_below_4282,s4_4_5,s1_below_2001,s2_760_2075,s3_17_37,Passenger Car,s2_11_28,Deployed,s2_97_208,s1_below_1,Female,s3_80_96,s3_141_159,s2_164_318,s3_80_160,s2_2_4
17695,s3_1695_2555,s2_n103_99,s4_n40_7,s1_below_4282,s1_below_2,s1_below_2001,s3_2075_3730,s5_47_57,Passenger Car,s6_76_up,Not Deployed,s2_97_208,s3_2_3,Male,s3_80_96,s4_159_169,s2_164_318,s1_below_40,s2_2_4
17696,s2_885_1695,s2_n103_99,s4_n40_7,s1_below_4282,s4_4_5,s1_below_2001,s2_760_2075,s4_37_47,Passenger Car,s3_28_48,Not Deployed,s2_97_208,s1_below_1,Male,s2_37_80,s3_141_159,s2_164_318,s3_80_160,s2_2_4
17697,s3_1695_2555,s2_n103_99,s4_n40_7,s1_below_4282,s1_below_2,s1_below_2001,s3_2075_3730,s6_57_up,Truck (<=6000 lbs.),s3_28_48,Deployed,s2_97_208,s1_below_1,Male,s2_37_80,s3_141_159,s2_164_318,s3_80_160,s2_2_4
17698,s2_885_1695,s2_n103_99,s4_n40_7,s1_below_4282,s4_4_5,s1_below_2001,s2_760_2075,s4_37_47,Passenger Car,s3_28_48,Deployed,s2_97_208,s1_below_1,Female,s2_37_80,s3_141_159,s2_164_318,s3_80_160,s2_2_4
17699,s2_885_1695,s2_n103_99,s4_n40_7,s1_below_4282,s4_4_5,s1_below_2001,s3_2075_3730,s3_17_37,Passenger Car,s2_11_28,Deployed,s2_97_208,s2_1_2,Male,s2_37_80,s3_141_159,s2_164_318,s3_80_160,s2_2_4
17700,s2_885_1695,s2_n103_99,s4_n40_7,s1_below_4282,s3_3_4,s1_below_2001,s2_760_2075,s3_17_37,Passenger Car,s2_11_28,Deployed,s2_97_208,s1_below_1,Female,s2_37_80,s3_141_159,s2_164_318,s4_160_220,s2_2_4
17701,s3_1695_2555,s2_n103_99,s3_n81_n40,s1_below_4282,s3_3_4,s1_below_2001,s2_760_2075,s5_47_57,Truck (<=10000 lbs.),s3_28_48,Deployed,s2_97_208,s1_below_1,Male,s4_96_114,s4_159_169,s3_318_464,s3_80_160,s4_5_6
17702,s2_885_1695,s2_n103_99,s4_n40_7,s1_below_4282,s1_below_2,s1_below_2001,s2_760_2075,s5_47_57,Passenger Car,s6_76_up,Deployed,s2_97_208,s3_2_3,Male,s3_80_96,s3_141_159,s2_164_318,s2_40_80,s2_2_4
17703,s2_885_1695,s2_n103_99,s4_n40_7,s1_below_4282,s4_4_5,s1_below_2001,s2_760_2075,s5_47_57,Passenger Car,s2_11_28,Deployed,s2_97_208,s1_below_1,Male,s3_80_96,s3_141_159,s2_164_318,s3_80_160,s2_2_4
17704,s2_885_1695,s2_n103_99,s4_n40_7,s1_below_4282,s1_below_2,s1_below_2001,s2_760_2075,s3_17_37,Truck (<=6000 lbs.),s3_28_48,Deployed,s2_97_208,s1_below_1,Female,s3_80_96,s2_116_141,s2_164_318,s4_160_220,s2_2_4
17705,s2_885_1695,s2_n103_99,s4_n40_7,s1_below_4282,s1_below_2,s2_2001_2003,s2_760_2075,s3_17_37,Passenger Car,s2_11_28,Deployed,s2_97_208,s2_1_2,Female,s2_37_80,s3_141_159,s2_164_318,s3_80_160,s2_2_4
17706,s3_1695_2555,s2_n103_99,s4_n40_7,s1_below_4282,s1_below_2,s1_below_2001,s2_760_2075,s5_47_57,Truck (<=6000 lbs.),s2_11_28,Not Deployed,s2_97_208,s1_below_1,Male,s2_37_80,s3_141_159,s3_318_464,s4_160_220,s3_4_5
17707,s2_885_1695,s2_n103_99,s4_n40_7,s1_below_4282,s4_4_5,s1_below_2001,s2_760_2075,s3_17_37,Passenger Car,s3_28_48,Deployed,s2_97_208,s1_below_1,Female,s2_37_80,s3_141_159,s2_164_318,s3_80_160,s2_2_4
17708,s3_1695_2555,s2_n103_99,s4_n40_7,s1_below_4282,s4_4_5,s1_below_2001,s2_760_2075,s3_17_37,Truck (<=10000 lbs.),s3_28_48,Deployed,s2_97_208,s1_below_1,Female,s2_37_80,s4_159_169,s2_164_318,s2_40_80,s3_4_5
17709,s2_885_1695,s2_n103_99,s4_n40_7,s1_below_4282,s4_4_5,s1_below_2001,s2_760_2075,s3_17_37,Passenger Car,s2_11_28,Not Deployed,s2_97_208,s1_below_1,Female,s2_37_80,s3_141_159,s2_164_318,s3_80_160,s2_2_4
17710,s2_885_1695,s2_n103_99,s4_n40_7,s1_below_4282,s4_4_5,s1_below_2001,s2_760_2075,s3_17_37,Passenger Car,s2_11_28,Not Deployed,s2_97_208,s1_below_1,Male,s3_80_96,s3_141_159,s2_164_318,s3_80_160,s2_2_4
17711,s3_1695_2555,s2_n103_99,s4_n40_7,s1_below_4282,s6_6_up,s1_below_2001,s2_760_2075,s3_17_37,Truck (<=10000 lbs.),s3_28_48,Deployed,s2_97_208,s1_below_1,Male,s2_37_80,s4_159_169,s3_318_464,s3_80_160,s4_5_6
17712,s2_885_1695,s2_n103_99,s4_n40_7,s1_below_4282,s5_5_6,s1_below_2001,s2_760_2075,s3_17_37,Passenger Car,s2_11_28,Deployed,s2_97_208,s1_below_1,Female,s2_37_80,s3_141_159,s2_164_318,s3_80_160,s2_2_4
17713,s3_1695_2555,s2_n103_99,s4_n40_7,s1_below_4282,s6_6_up,s1_below_2001,s2_760_2075,s4_37_47,Passenger Car,s3_28_48,Not Deployed,s2_97_208,s1_below_1,Male,s3_80_96,s4_159_169,s2_164_318,s3_80_160,s3_4_5
17714,s2_885_1695,s2_n103_99,s4_n40_7,s1_below_4282,s4_4_5,s2_2001_2003,s3_2075_3730,s3_17_37,Passenger Car,s2_11_28,Not Deployed,s2_97_208,s1_below_1,Male,s2_37_80,s4_159_169,s2_164_318,s3_80_160,s2_2_4
17715,s2_885_1695,s2_n103_99,s4_n40_7,s1_below_4282,s4_4_5,s1_below_2001,s2_760_2075,s3_17_37,Passenger Car,s2_11_28,Deployed,s2_97_208,s1_below_1,Male,s2_37_80,s3_141_159,s2_164_318,s3_80_160,s2_2_4
17716,s2_885_1695,s2_n103_99,s4_n40_7,s1_below_4282,s4_4_5,s1_below_2001,s2_760_2075,s3_17_37,Passenger Car,s2_11_28,Not Deployed,s2_97_208,s1_below_1,Male,s5_114_130,s3_141_159,s2_164_318,s3_80_160,s2_2_4
17717,s3_1695_2555,s2_n103_99,s4_n40_7,s1_below_4282,s4_4_5,s1_below_2001,s2_760_2075,s3_17_37,Truck (<=10000 lbs.),s4_48_64,Deployed,s2_97_208,s1_below_1,Male,s2_37_80,s2_116_141,s3_318_464,s3_80_160,s2_2_4
17718,s2_885_1695,s2_n103_99,s5_7_up,s1_below_4282,s4_4_5,s1_below_2001,s2_760_2075,s3_17_37,Passenger Car,s2_11_28,Not Deployed,s2_97_208,s1_below_1,Male,s2_37_80,s3_141_159,s2_164_318,s4_160_220,s2_2_4
17719,s2_885_1695,s2_n103_99,s4_n40_7,s1_below_4282,s4_4_5,s2_2001_2003,s2_760_2075,s3_17_37,Passenger Car,s2_11_28,Not Deployed,s2_97_208,s1_below_1,Male,s3_80_96,s3_141_159,s2_164_318,s3_80_160,s2_2_4
17720,s3_1695_2555,s2_n103_99,s4_n40_7,s1_below_4282,s2_2_3,s1_below_2001,s2_760_2075,s6_57_up,Truck (<=6000 lbs.),s6_76_up,Not Deployed,s2_97_208,s1_below_1,Male,s2_37_80,s3_141_159,s2_164_318,s3_80_160,s2_2_4
17721,s3_1695_2555,s2_n103_99,s4_n40_7,s1_below_4282,s2_2_3,s1_below_2001,s2_760_2075,s6_57_up,Truck (<=10000 lbs.),s2_11_28,Deployed,s2_97_208,s1_below_1,Male,s3_80_96,s2_116_141,s3_318_464,s3_80_160,s3_4_5
17722,s2_885_1695,s2_n103_99,s4_n40_7,s1_below_4282,s1_below_2,s1_below_2001,s2_760_2075,s4_37_47,Passenger Car,s3_28_48,Deployed,s2_97_208,s1_below_1,Female,s2_37_80,s3_141_159,s2_164_318,s3_80_160,s2_2_4
17723,s2_885_1695,s2_n103_99,s4_n40_7,s1_below_4282,s4_4_5,s1_below_2001,s2_760_2075,s3_17_37,Truck (<=6000 lbs.),s2_11_28,Deployed,s2_97_208,s1_below_1,Male,s3_80_96,s2_116_141,s2_164_318,s4_160_220,s2_2_4
17724,s2_885_1695,s2_n103_99,s4_n40_7,s1_below_4282,s1_below_2,s1_below_2001,s2_760_2075,s3_17_37,Passenger Car,s2_11_28,Not Deployed,s2_97_208,s1_below_1,Female,s2_37_80,s3_141_159,s2_164_318,s3_80_160,s2_2_4
17725,s2_885_1695,s2_n103_99,s4_n40_7,s1_below_4282,s2_2_3,s1_below_2001,s2_760_2075,s3_17_37,Passenger Car,s2_11_28,Deployed,s2_97_208,s1_below_1,Male,s4_96_114,s3_141_159,s2_164_318,s3_80_160,s2_2_4
17726,s3_1695_2555,s2_n103_99,s3_n81_n40,s1_below_4282,s1_below_2,s2_2001_2003,s3_2075_3730,s5_47_57,Truck (<=10000 lbs.),s4_48_64,Deployed,s2_97_208,s6_5_up,Male,s3_80_96,s4_159_169,s3_318_464,s3_80_160,s4_5_6
17727,s2_885_1695,s2_n103_99,s3_n81_n40,s1_below_4282,s6_6_up,s1_below_2001,s2_760_2075,s4_37_47,Passenger Car,s2_11_28,Deployed,s2_97_208,s2_1_2,Female,s2_37_80,s3_141_159,s2_164_318,s3_80_160,s2_2_4
17728,s2_885_1695,s2_n103_99,s4_n40_7,s1_below_4282,s1_below_2,s1_below_2001,s2_760_2075,s3_17_37,Passenger Car,s3_28_48,Not Deployed,s2_97_208,s1_below_1,Male,s2_37_80,s3_141_159,s2_164_318,s4_160_220,s2_2_4
17729,s2_885_1695,s2_n103_99,s3_n81_n40,s1_below_4282,s1_below_2,s1_below_2001,s2_760_2075,s3_17_37,Passenger Car,s3_28_48,Deployed,s2_97_208,s1_below_1,Male,s4_96_114,s3_141_159,s2_164_318,s3_80_160,s2_2_4
17730,s2_885_1695,s2_n103_99,s4_n40_7,s1_below_4282,s2_2_3,s1_below_2001,s2_760_2075,s3_17_37,Passenger Car,s3_28_48,Not Deployed,s2_97_208,s1_below_1,Female,s3_80_96,s3_141_159,s2_164_318,s3_80_160,s2_2_4
17731,s2_885_1695,s2_n103_99,s3_n81_n40,s1_below_4282,s3_3_4,s1_below_2001,s2_760_2075,s3_17_37,Passenger Car,s3_28_48,Deployed,s2_97_208,s2_1_2,Male,s3_80_96,s3_141_159,s2_164_318,s3_80_160,s2_2_4
17732,s2_885_1695,s2_n103_99,s4_n40_7,s1_below_4282,s6_6_up,s1_below_2001,s2_760_2075,s3_17_37,Passenger Car,s2_11_28,Not Deployed,s2_97_208,s1_below_1,Male,s2_37_80,s3_141_159,s2_164_318,s4_160_220,s2_2_4
17733,s2_885_1695,s2_n103_99,s4_n40_7,s1_below_4282,s1_below_2,s1_below_2001,s2_760_2075,s3_17_37,Passenger Car,s3_28_48,Not Deployed,s2_97_208,s1_below_1,Male,s2_37_80,s3_141_159,s2_164_318,s4_160_220,s2_2_4
17734,s2_885_1695,s2_n103_99,s4_n40_7,s1_below_4282,s1_below_2,s1_below_2001,s2_760_2075,s3_17_37,Truck (<=6000 lbs.),s3_28_48,Deployed,s2_97_208,s1_below_1,Female,s2_37_80,s3_141_159,s2_164_318,s3_80_160,s2_2_4
17735,s2_885_1695,s2_n103_99,s4_n40_7,s1_below_4282,s1_below_2,s1_below_2001,s2_760_2075,s4_37_47,Passenger Car,s2_11_28,Deployed,s2_97_208,s1_below_1,Male,s3_80_96,s3_141_159,s2_164_318,s3_80_160,s2_2_4
17736,s2_885_1695,s2_n103_99,s4_n40_7,s1_below_4282,s1_below_2,s1_below_2001,s2_760_2075,s3_17_37,Passenger Car,s3_28_48,Deployed,s2_97_208,s2_1_2,Male,s4_96_114,s3_141_159,s2_164_318,s3_80_160,s2_2_4
17737,s2_885_1695,s2_n103_99,s4_n40_7,s1_below_4282,s1_below_2,s1_below_2001,s2_760_2075,s4_37_47,Passenger Car,s2_11_28,Not Deployed,s2_97_208,s1_below_1,Female,s2_37_80,s3_141_159,s2_164_318,s2_40_80,s2_2_4
17738,s2_885_1695,s2_n103_99,s4_n40_7,s1_below_4282,s1_below_2,s1_below_2001,s2_760_2075,s5_47_57,Passenger Car,s5_64_76,Deployed,s2_97_208,s2_1_2,Male,s2_37_80,s3_141_159,s2_164_318,s3_80_160,s2_2_4
17739,s2_885_1695,s2_n103_99,s5_7_up,s1_below_4282,s1_below_2,s1_below_2001,s2_760_2075,s4_37_47,Passenger Car,s2_11_28,Not Deployed,s2_97_208,s1_below_1,Female,s2_37_80,s3_141_159,s2_164_318,s6_260_up,s2_2_4
17740,s2_885_1695,s2_n103_99,s5_7_up,s1_below_4282,s3_3_4,s1_below_2001,s3_2075_3730,s3_17_37,Passenger Car,s3_28_48,Not Deployed,s2_97_208,s1_below_1,Male,s2_37_80,s3_141_159,s2_164_318,s6_260_up,s2_2_4
17741,s3_1695_2555,s2_n103_99,s5_7_up,s1_below_4282,s2_2_3,s1_below_2001,s2_760_2075,s4_37_47,Passenger Car,s3_28_48,Not Deployed,s2_97_208,s1_below_1,Male,s2_37_80,s3_141_159,s2_164_318,s6_260_up,s2_2_4
17742,s2_885_1695,s2_n103_99,s4_n40_7,s1_below_4282,s1_below_2,s1_below_2001,s2_760_2075,s3_17_37,Passenger Car,s2_11_28,Deployed,s2_97_208,s1_below_1,Male,s2_37_80,s3_141_159,s2_164_318,s3_80_160,s2_2_4
17743,s2_885_1695,s2_n103_99,s4_n40_7,s1_below_4282,s2_2_3,s1_below_2001,s2_760_2075,s3_17_37,Passenger Car,s2_11_28,Deployed,s2_97_208,s1_below_1,Male,s2_37_80,s3_141_159,s2_164_318,s3_80_160,s2_2_4
17744,s2_885_1695,s2_n103_99,s4_n40_7,s1_below_4282,s5_5_6,s1_below_2001,s2_760_2075,s4_37_47,Passenger Car,s2_11_28,Not Deployed,s2_97_208,s1_below_1,Female,s2_37_80,s3_141_159,s2_164_318,s4_160_220,s2_2_4
17745,s2_885_1695,s2_n103_99,s4_n40_7,s1_below_4282,s1_below_2,s1_below_2001,s2_760_2075,s3_17_37,Truck (<=6000 lbs.),s3_28_48,Not Deployed,s2_97_208,s1_below_1,Female,s2_37_80,s3_141_159,s2_164_318,s4_160_220,s2_2_4
17746,s2_885_1695,s2_n103_99,s4_n40_7,s1_below_4282,s1_below_2,s1_below_2001,s2_760_2075,s4_37_47,Passenger Car,s4_48_64,Deployed,s2_97_208,s2_1_2,Female,s2_37_80,s3_141_159,s2_164_318,s2_40_80,s2_2_4
17747,s2_885_1695,s2_n103_99,s4_n40_7,s1_below_4282,s2_2_3,s1_below_2001,s2_760_2075,s4_37_47,Passenger Car,s3_28_48,Deployed,s2_97_208,s1_below_1,Female,s2_37_80,s3_141_159,s2_164_318,s3_80_160,s2_2_4
17748,s2_885_1695,s2_n103_99,s4_n40_7,s1_below_4282,s1_below_2,s1_below_2001,s2_760_2075,s3_17_37,Passenger Car,s3_28_48,Not Deployed,s2_97_208,s1_below_1,Female,s2_37_80,s3_141_159,s2_164_318,s2_40_80,s2_2_4
17749,s2_885_1695,s2_n103_99,s4_n40_7,s1_below_4282,s1_below_2,s1_below_2001,s2_760_2075,s4_37_47,Passenger Car,s2_11_28,Deployed,s2_97_208,s1_below_1,Female,s2_37_80,s3_141_159,s2_164_318,s3_80_160,s2_2_4
17750,s2_885_1695,s2_n103_99,s4_n40_7,s1_below_4282,s4_4_5,s1_below_2001,s2_760_2075,s5_47_57,Passenger Car,s3_28_48,Not Deployed,s2_97_208,s1_below_1,Male,s3_80_96,s3_141_159,s2_164_318,s5_220_260,s2_2_4
17751,s2_885_1695,s2_n103_99,s4_n40_7,s1_below_4282,s1_below_2,s1_below_2001,s2_760_2075,s5_47_57,Passenger Car,s2_11_28,Deployed,s2_97_208,s1_below_1,Female,s2_37_80,s3_141_159,s2_164_318,s4_160_220,s2_2_4
17752,s3_1695_2555,s2_n103_99,s4_n40_7,s1_below_4282,s3_3_4,s1_below_2001,s2_760_2075,s4_37_47,Passenger Car,s5_64_76,Deployed,s2_97_208,s1_below_1,Female,s2_37_80,s4_159_169,s2_164_318,s3_80_160,s2_2_4
17753,s3_1695_2555,s2_n103_99,s4_n40_7,s1_below_4282,s1_below_2,s1_below_2001,s2_760_2075,s3_17_37,Truck (<=10000 lbs.),s3_28_48,Deployed,s2_97_208,s1_below_1,Male,s3_80_96,s4_159_169,s2_164_318,s3_80_160,s3_4_5
17754,s2_885_1695,s2_n103_99,s4_n40_7,s1_below_4282,s1_below_2,s1_below_2001,s2_760_2075,s3_17_37,Truck (<=6000 lbs.),s4_48_64,Deployed,s2_97_208,s1_below_1,Male,s4_96_114,s3_141_159,s3_318_464,s4_160_220,s2_2_4
17755,s1_below_885,s2_n103_99,s4_n40_7,s1_below_4282,s1_below_2,s1_below_2001,s2_760_2075,s4_37_47,Passenger Car,s4_48_64,Deployed,s2_97_208,s1_below_1,Female,s2_37_80,s2_116_141,s2_164_318,s3_80_160,s2_2_4
17756,s3_1695_2555,s2_n103_99,s4_n40_7,s1_below_4282,s1_below_2,s1_below_2001,s2_760_2075,s3_17_37,Passenger Car,s3_28_48,Not Deployed,s2_97_208,s1_below_1,Male,s2_37_80,s4_159_169,s2_164_318,s3_80_160,s2_2_4
17757,s2_885_1695,s2_n103_99,s4_n40_7,s1_below_4282,s1_below_2,s1_below_2001,s2_760_2075,s3_17_37,Passenger Car,s3_28_48,Deployed,s2_97_208,s2_1_2,Female,s2_37_80,s3_141_159,s2_164_318,s3_80_160,s2_2_4
17758,s3_1695_2555,s2_n103_99,s4_n40_7,s1_below_4282,s1_below_2,s1_below_2001,s2_760_2075,s4_37_47,Passenger Car,s3_28_48,Deployed,s2_97_208,s1_below_1,Male,s2_37_80,s3_141_159,s2_164_318,s3_80_160,s2_2_4
17759,s2_885_1695,s2_n103_99,s4_n40_7,s1_below_4282,s3_3_4,s1_below_2001,s2_760_2075,s3_17_37,Passenger Car,s4_48_64,Not Deployed,s2_97_208,s1_below_1,Male,s4_96_114,s3_141_159,s2_164_318,s3_80_160,s2_2_4
17760,s3_1695_2555,s2_n103_99,s4_n40_7,s1_below_4282,s1_below_2,s1_below_2001,s2_760_2075,s5_47_57,Passenger Car,s3_28_48,Deployed,s2_97_208,s1_below_1,Male,s3_80_96,s3_141_159,s2_164_318,s3_80_160,s2_2_4
17761,s3_1695_2555,s2_n103_99,s4_n40_7,s1_below_4282,s1_below_2,s1_below_2001,s2_760_2075,s4_37_47,Passenger Car,s3_28_48,Not Deployed,s2_97_208,s1_below_1,Male,s2_37_80,s4_159_169,s2_164_318,s4_160_220,s2_2_4
17762,s2_885_1695,s2_n103_99,s4_n40_7,s1_below_4282,s1_below_2,s1_below_2001,s2_760_2075,s3_17_37,Passenger Car,s4_48_64,Not Deployed,s2_97_208,s1_below_1,Male,s4_96_114,s3_141_159,s2_164_318,s3_80_160,s2_2_4
17763,s2_885_1695,s2_n103_99,s4_n40_7,s1_below_4282,s3_3_4,s1_below_2001,s2_760_2075,s4_37_47,Passenger Car,s3_28_48,Deployed,s2_97_208,s1_below_1,Female,s2_37_80,s3_141_159,s2_164_318,s3_80_160,s2_2_4
17764,s2_885_1695,s2_n103_99,s5_7_up,s1_below_4282,s5_5_6,s1_below_2001,s2_760_2075,s4_37_47,Passenger Car,s2_11_28,Not Deployed,s2_97_208,s2_1_2,Male,s2_37_80,s3_141_159,s2_164_318,s5_220_260,s2_2_4
17765,s2_885_1695,s2_n103_99,s4_n40_7,s1_below_4282,s1_below_2,s1_below_2001,s2_760_2075,s3_17_37,Passenger Car,s3_28_48,Not Deployed,s2_97_208,s1_below_1,Male,s2_37_80,s3_141_159,s2_164_318,s2_40_80,s2_2_4
17766,s2_885_1695,s2_n103_99,s4_n40_7,s1_below_4282,s4_4_5,s1_below_2001,s2_760_2075,s3_17_37,Truck (<=6000 lbs.),s3_28_48,Deployed,s2_97_208,s1_below_1,Female,s2_37_80,s3_141_159,s2_164_318,s3_80_160,s2_2_4
17767,s2_885_1695,s2_n103_99,s4_n40_7,s1_below_4282,s1_below_2,s1_below_2001,s2_760_2075,s3_17_37,Passenger Car,s3_28_48,Deployed,s2_97_208,s1_below_1,Male,s4_96_114,s3_141_159,s2_164_318,s3_80_160,s2_2_4
17768,s2_885_1695,s2_n103_99,s4_n40_7,s1_below_4282,s1_below_2,s1_below_2001,s2_760_2075,s3_17_37,Passenger Car,s3_28_48,Not Deployed,s2_97_208,s1_below_1,Female,s2_37_80,s3_141_159,s2_164_318,s3_80_160,s2_2_4
17769,s3_1695_2555,s2_n103_99,s4_n40_7,s1_below_4282,s1_below_2,s1_below_2001,s2_760_2075,s4_37_47,Passenger Car,s2_11_28,Not Deployed,s2_97_208,s1_below_1,Male,s4_96_114,s3_141_159,s2_164_318,s3_80_160,s2_2_4
17770,s3_1695_2555,s2_n103_99,s4_n40_7,s1_below_4282,s1_below_2,s1_below_2001,s3_2075_3730,s3_17_37,Passenger Car,s5_64_76,Not Deployed,s2_97_208,s2_1_2,Female,s3_80_96,s3_141_159,s2_164_318,s3_80_160,s2_2_4
17771,s2_885_1695,s2_n103_99,s5_7_up,s1_below_4282,s1_below_2,s1_below_2001,s2_760_2075,s3_17_37,Passenger Car,s3_28_48,Not Deployed,s2_97_208,s1_below_1,Female,s2_37_80,s3_141_159,s2_164_318,s6_260_up,s2_2_4
17772,s3_1695_2555,s2_n103_99,s4_n40_7,s1_below_4282,s1_below_2,s1_below_2001,s2_760_2075,s3_17_37,Passenger Car,s4_48_64,Not Deployed,s2_97_208,s1_below_1,Male,s4_96_114,s4_159_169,s2_164_318,s1_below_40,s3_4_5
17773,s2_885_1695,s2_n103_99,s3_n81_n40,s1_below_4282,s3_3_4,s1_below_2001,s2_760_2075,s3_17_37,Passenger Car,s3_28_48,Deployed,s2_97_208,s2_1_2,Male,s2_37_80,s3_141_159,s2_164_318,s3_80_160,s2_2_4
17774,s2_885_1695,s2_n103_99,s4_n40_7,s1_below_4282,s1_below_2,s1_below_2001,s2_760_2075,s3_17_37,Passenger Car,s3_28_48,Not Deployed,s2_97_208,s1_below_1,Female,s2_37_80,s3_141_159,s2_164_318,s3_80_160,s2_2_4
17775,s2_885_1695,s2_n103_99,s3_n81_n40,s1_below_4282,s3_3_4,s1_below_2001,s2_760_2075,s4_37_47,Passenger Car,s4_48_64,Deployed,s2_97_208,s2_1_2,Male,s2_37_80,s3_141_159,s2_164_318,s3_80_160,s2_2_4
17776,s3_1695_2555,s2_n103_99,s4_n40_7,s1_below_4282,s1_below_2,s1_below_2001,s2_760_2075,s3_17_37,Truck (<=10000 lbs.),s3_28_48,Deployed,s2_97_208,s1_below_1,Male,s2_37_80,s4_159_169,s3_318_464,s3_80_160,s4_5_6
17777,s2_885_1695,s2_n103_99,s4_n40_7,s1_below_4282,s1_below_2,s1_below_2001,s2_760_2075,s3_17_37,Passenger Car,s3_28_48,Deployed,s2_97_208,s1_below_1,Female,s2_37_80,s4_159_169,s2_164_318,s3_80_160,s2_2_4
17778,s2_885_1695,s2_n103_99,s4_n40_7,s1_below_4282,s1_below_2,s1_below_2001,s2_760_2075,s3_17_37,Passenger Car,s2_11_28,Not Deployed,s2_97_208,s1_below_1,Female,s2_37_80,s3_141_159,s2_164_318,s3_80_160,s2_2_4
17779,s2_885_1695,s2_n103_99,s4_n40_7,s1_below_4282,s1_below_2,s1_below_2001,s2_760_2075,s4_37_47,Passenger Car,s3_28_48,Not Deployed,s2_97_208,s1_below_1,Male,s3_80_96,s3_141_159,s2_164_318,s3_80_160,s2_2_4
17780,s2_885_1695,s2_n103_99,s4_n40_7,s1_below_4282,s1_below_2,s1_below_2001,s2_760_2075,s3_17_37,Passenger Car,s6_76_up,Not Deployed,s2_97_208,s1_below_1,Male,s2_37_80,s3_141_159,s2_164_318,s3_80_160,s2_2_4
17781,s2_885_1695,s2_n103_99,s4_n40_7,s1_below_4282,s3_3_4,s1_below_2001,s2_760_2075,s3_17_37,Passenger Car,s2_11_28,Not Deployed,s2_97_208,s1_below_1,Male,s2_37_80,s3_141_159,s2_164_318,s3_80_160,s2_2_4
17782,s2_885_1695,s2_n103_99,s4_n40_7,s1_below_4282,s1_below_2,s1_below_2001,s2_760_2075,s2_7_17,Passenger Car,s2_11_28,Not Deployed,s2_97_208,s1_below_1,Female,s2_37_80,s3_141_159,s2_164_318,s2_40_80,s2_2_4
17783,s3_1695_2555,s2_n103_99,s4_n40_7,s1_below_4282,s1_below_2,s1_below_2001,s2_760_2075,s5_47_57,Passenger Car,s2_11_28,Not Deployed,s2_97_208,s2_1_2,Female,s2_37_80,s3_141_159,s2_164_318,s2_40_80,s3_4_5
17784,s2_885_1695,s2_n103_99,s4_n40_7,s1_below_4282,s1_below_2,s1_below_2001,s2_760_2075,s3_17_37,Passenger Car,s5_64_76,Deployed,s2_97_208,s3_2_3,Male,s2_37_80,s3_141_159,s2_164_318,s2_40_80,s2_2_4
17785,s2_885_1695,s2_n103_99,s4_n40_7,s1_below_4282,s2_2_3,s1_below_2001,s2_760_2075,s5_47_57,Passenger Car,s2_11_28,Deployed,s2_97_208,s1_below_1,Male,s2_37_80,s3_141_159,s2_164_318,s3_80_160,s2_2_4
17786,s2_885_1695,s2_n103_99,s5_7_up,s1_below_4282,s5_5_6,s1_below_2001,s2_760_2075,s3_17_37,Passenger Car,s2_11_28,Deployed,s2_97_208,s2_1_2,Male,s3_80_96,s3_141_159,s2_164_318,s6_260_up,s2_2_4
17787,s3_1695_2555,s2_n103_99,s4_n40_7,s1_below_4282,s3_3_4,s1_below_2001,s3_2075_3730,s5_47_57,Passenger Car,s5_64_76,Deployed,s2_97_208,s3_2_3,Male,s3_80_96,s3_141_159,s2_164_318,s1_below_40,s2_2_4
17788,s2_885_1695,s2_n103_99,s4_n40_7,s1_below_4282,s3_3_4,s1_below_2001,s2_760_2075,s4_37_47,Passenger Car,s2_11_28,Deployed,s2_97_208,s1_below_1,Female,s2_37_80,s3_141_159,s2_164_318,s4_160_220,s2_2_4
17789,s2_885_1695,s2_n103_99,s5_7_up,s1_below_4282,s3_3_4,s1_below_2001,s2_760_2075,s5_47_57,Passenger Car,s3_28_48,Not Deployed,s2_97_208,s5_4_5,Male,s4_96_114,s3_141_159,s2_164_318,s6_260_up,s2_2_4
17790,s2_885_1695,s2_n103_99,s4_n40_7,s1_below_4282,s1_below_2,s1_below_2001,s2_760_2075,s4_37_47,Passenger Car,s2_11_28,Not Deployed,s2_97_208,s1_below_1,Female,s2_37_80,s3_141_159,s2_164_318,s3_80_160,s2_2_4
17791,s2_885_1695,s2_n103_99,s5_7_up,s1_below_4282,s1_below_2,s1_below_2001,s2_760_2075,s4_37_47,Passenger Car,s4_48_64,Not Deployed,s2_97_208,s1_below_1,Female,s2_37_80,s3_141_159,s2_164_318,s6_260_up,s2_2_4
17792,s3_1695_2555,s2_n103_99,s3_n81_n40,s1_below_4282,s4_4_5,s1_below_2001,s2_760_2075,s5_47_57,Truck (<=10000 lbs.),s3_28_48,Deployed,s2_97_208,s1_below_1,Male,s2_37_80,s5_169_179,s3_318_464,s3_80_160,s4_5_6
17793,s2_885_1695,s2_n103_99,s4_n40_7,s1_below_4282,s4_4_5,s1_below_2001,s2_760_2075,s4_37_47,Passenger Car,s4_48_64,Deployed,s2_97_208,s1_below_1,Female,s2_37_80,s3_141_159,s2_164_318,s3_80_160,s2_2_4
17794,s2_885_1695,s2_n103_99,s4_n40_7,s1_below_4282,s5_5_6,s1_below_2001,s2_760_2075,s4_37_47,Passenger Car,s3_28_48,Deployed,s2_97_208,s1_below_1,Female,s2_37_80,s3_141_159,s2_164_318,s3_80_160,s2_2_4
17795,s2_885_1695,s2_n103_99,s4_n40_7,s1_below_4282,s2_2_3,s1_below_2001,s2_760_2075,s4_37_47,Passenger Car,s4_48_64,Deployed,s2_97_208,s1_below_1,Female,s2_37_80,s3_141_159,s2_164_318,s4_160_220,s2_2_4
17796,s2_885_1695,s2_n103_99,s4_n40_7,s1_below_4282,s4_4_5,s1_below_2001,s2_760_2075,s3_17_37,Passenger Car,s3_28_48,Not Deployed,s2_97_208,s1_below_1,Male,s2_37_80,s3_141_159,s2_164_318,s4_160_220,s2_2_4
17797,s2_885_1695,s2_n103_99,s4_n40_7,s1_below_4282,s3_3_4,s1_below_2001,s2_760_2075,s5_47_57,Truck (<=6000 lbs.),s2_11_28,Deployed,s2_97_208,s1_below_1,Male,s3_80_96,s2_116_141,s2_164_318,s3_80_160,s2_2_4
17798,s3_1695_2555,s2_n103_99,s3_n81_n40,s1_below_4282,s3_3_4,s1_below_2001,s2_760_2075,s3_17_37,Passenger Car,s3_28_48,Deployed,s2_97_208,s2_1_2,Male,s4_96_114,s3_141_159,s2_164_318,s3_80_160,s2_2_4
17799,s2_885_1695,s2_n103_99,s5_7_up,s1_below_4282,s1_below_2,s1_below_2001,s2_760_2075,s5_47_57,Passenger Car,s3_28_48,Not Deployed,s2_97_208,s5_4_5,Female,s2_37_80,s3_141_159,s2_164_318,s6_260_up,s2_2_4
17800,s3_1695_2555,s2_n103_99,s4_n40_7,s1_below_4282,s4_4_5,s1_below_2001,s2_760_2075,s4_37_47,Passenger Car,s3_28_48,Deployed,s2_97_208,s1_below_1,Male,s3_80_96,s3_141_159,s2_164_318,s4_160_220,s2_2_4
17801,s2_885_1695,s2_n103_99,s4_n40_7,s1_below_4282,s1_below_2,s1_below_2001,s2_760_2075,s6_57_up,Passenger Car,s2_11_28,Not Deployed,s2_97_208,s1_below_1,Male,s2_37_80,s3_141_159,s2_164_318,s3_80_160,s2_2_4
17802,s2_885_1695,s2_n103_99,s4_n40_7,s1_below_4282,s2_2_3,s1_below_2001,s2_760_2075,s5_47_57,Passenger Car,s3_28_48,Not Deployed,s2_97_208,s1_below_1,Male,s2_37_80,s3_141_159,s2_164_318,s3_80_160,s2_2_4
17803,s3_1695_2555,s2_n103_99,s4_n40_7,s1_below_4282,s4_4_5,s1_below_2001,s2_760_2075,s3_17_37,Truck (<=6000 lbs.),s2_11_28,Not Deployed,s2_97_208,s1_below_1,Male,s2_37_80,s3_141_159,s2_164_318,s3_80_160,s2_2_4
17804,s2_885_1695,s2_n103_99,s4_n40_7,s1_below_4282,s1_below_2,s1_below_2001,s2_760_2075,s5_47_57,Passenger Car,s4_48_64,Deployed,s2_97_208,s1_below_1,Female,s2_37_80,s3_141_159,s2_164_318,s3_80_160,s2_2_4
17805,s3_1695_2555,s2_n103_99,s4_n40_7,s1_below_4282,s2_2_3,s1_below_2001,s2_760_2075,s6_57_up,Passenger Car,s2_11_28,Not Deployed,s2_97_208,s1_below_1,Male,s2_37_80,s3_141_159,s2_164_318,s3_80_160,s2_2_4
17806,s3_1695_2555,s2_n103_99,s4_n40_7,s1_below_4282,s1_below_2,s1_below_2001,s2_760_2075,s6_57_up,Passenger Car,s5_64_76,Deployed,s2_97_208,s1_below_1,Female,s2_37_80,s4_159_169,s2_164_318,s3_80_160,s2_2_4
17807,s3_1695_2555,s2_n103_99,s4_n40_7,s1_below_4282,s1_below_2,s1_below_2001,s2_760_2075,s4_37_47,Truck (<=10000 lbs.),s2_11_28,Not Deployed,s2_97_208,s2_1_2,Male,s4_96_114,s5_169_179,s3_318_464,s4_160_220,s5_6_7
17808,s4_2555_3715,s2_n103_99,s4_n40_7,s1_below_4282,s1_below_2,s1_below_2001,s2_760_2075,s6_57_up,Truck (<=10000 lbs.),s4_48_64,Deployed,s2_97_208,s1_below_1,Male,s3_80_96,s5_169_179,s3_318_464,s4_160_220,s4_5_6
17809,s3_1695_2555,s2_n103_99,s4_n40_7,s1_below_4282,s1_below_2,s1_below_2001,s2_760_2075,s4_37_47,Passenger Car,s3_28_48,Deployed,s2_97_208,s6_5_up,Female,s2_37_80,s4_159_169,s2_164_318,s3_80_160,s3_4_5
17810,s3_1695_2555,s2_n103_99,s4_n40_7,s1_below_4282,s1_below_2,s1_below_2001,s3_2075_3730,s6_57_up,Passenger Car,s3_28_48,Deployed,s2_97_208,s1_below_1,Female,s2_37_80,s4_159_169,s2_164_318,s3_80_160,s3_4_5
17811,s2_885_1695,s2_n103_99,s4_n40_7,s1_below_4282,s1_below_2,s1_below_2001,s2_760_2075,s4_37_47,Passenger Car,s3_28_48,Not Deployed,s2_97_208,s1_below_1,Female,s2_37_80,s4_159_169,s2_164_318,s2_40_80,s2_2_4
17812,s2_885_1695,s2_n103_99,s4_n40_7,s1_below_4282,s4_4_5,s1_below_2001,s2_760_2075,s4_37_47,Passenger Car,s2_11_28,Not Deployed,s2_97_208,s1_below_1,Male,s2_37_80,s3_141_159,s2_164_318,s3_80_160,s2_2_4
17813,s2_885_1695,s2_n103_99,s5_7_up,s1_below_4282,s4_4_5,s1_below_2001,s3_2075_3730,s3_17_37,Passenger Car,s2_11_28,Not Deployed,s2_97_208,s1_below_1,Male,s2_37_80,s3_141_159,s2_164_318,s6_260_up,s2_2_4
17814,s2_885_1695,s2_n103_99,s4_n40_7,s1_below_4282,s1_below_2,s1_below_2001,s2_760_2075,s5_47_57,Passenger Car,s2_11_28,Deployed,s2_97_208,s1_below_1,Female,s2_37_80,s3_141_159,s2_164_318,s3_80_160,s2_2_4
17815,s2_885_1695,s2_n103_99,s4_n40_7,s1_below_4282,s1_below_2,s1_below_2001,s2_760_2075,s5_47_57,Truck (<=6000 lbs.),s2_11_28,Deployed,s2_97_208,s2_1_2,Male,s4_96_114,s3_141_159,s2_164_318,s3_80_160,s2_2_4
17816,s2_885_1695,s2_n103_99,s4_n40_7,s1_below_4282,s2_2_3,s1_below_2001,s2_760_2075,s3_17_37,Truck (<=6000 lbs.),s2_11_28,Not Deployed,s2_97_208,s1_below_1,Male,s3_80_96,s3_141_159,s3_318_464,s2_40_80,s2_2_4
17817,s3_1695_2555,s2_n103_99,s5_7_up,s1_below_4282,s4_4_5,s1_below_2001,s2_760_2075,s4_37_47,Truck (<=10000 lbs.),s2_11_28,Not Deployed,s2_97_208,s1_below_1,Female,s2_37_80,s4_159_169,s3_318_464,s4_160_220,s4_5_6
17818,s3_1695_2555,s2_n103_99,s4_n40_7,s1_below_4282,s2_2_3,s1_below_2001,s2_760_2075,s4_37_47,Passenger Car,s3_28_48,Deployed,s2_97_208,s1_below_1,Female,s2_37_80,s3_141_159,s2_164_318,s4_160_220,s2_2_4
17819,s3_1695_2555,s2_n103_99,s4_n40_7,s1_below_4282,s3_3_4,s1_below_2001,s2_760_2075,s3_17_37,Truck (<=6000 lbs.),s3_28_48,Not Deployed,s2_97_208,s1_below_1,Female,s2_37_80,s3_141_159,s2_164_318,s3_80_160,s2_2_4
17820,s3_1695_2555,s2_n103_99,s4_n40_7,s1_below_4282,s6_6_up,s1_below_2001,s3_2075_3730,s4_37_47,Truck (<=10000 lbs.),s3_28_48,Deployed,s2_97_208,s1_below_1,Male,s3_80_96,s4_159_169,s3_318_464,s3_80_160,s4_5_6
17821,s3_1695_2555,s2_n103_99,s4_n40_7,s1_below_4282,s4_4_5,s1_below_2001,s2_760_2075,s5_47_57,Passenger Car,s3_28_48,Deployed,s2_97_208,s1_below_1,Female,s2_37_80,s3_141_159,s2_164_318,s3_80_160,s2_2_4
17822,s2_885_1695,s2_n103_99,s4_n40_7,s1_below_4282,s5_5_6,s1_below_2001,s2_760_2075,s4_37_47,Passenger Car,s4_48_64,Not Deployed,s2_97_208,s1_below_1,Female,s2_37_80,s3_141_159,s2_164_318,s3_80_160,s2_2_4
17823,s2_885_1695,s2_n103_99,s3_n81_n40,s1_below_4282,s1_below_2,s1_below_2001,s2_760_2075,s5_47_57,Passenger Car,s4_48_64,Deployed,s2_97_208,s4_3_4,Male,s3_80_96,s3_141_159,s2_164_318,s3_80_160,s2_2_4
17824,s2_885_1695,s2_n103_99,s4_n40_7,s1_below_4282,s1_below_2,s1_below_2001,s2_760_2075,s3_17_37,Passenger Car,s2_11_28,Deployed,s2_97_208,s1_below_1,Male,s2_37_80,s3_141_159,s2_164_318,s4_160_220,s2_2_4
17825,s2_885_1695,s2_n103_99,s4_n40_7,s1_below_4282,s4_4_5,s1_below_2001,s2_760_2075,s3_17_37,Passenger Car,s3_28_48,Deployed,s2_97_208,s1_below_1,Male,s3_80_96,s3_141_159,s2_164_318,s3_80_160,s2_2_4
17826,s3_1695_2555,s2_n103_99,s4_n40_7,s1_below_4282,s1_below_2,s1_below_2001,s2_760_2075,s5_47_57,Truck (<=6000 lbs.),s3_28_48,Not Deployed,s2_97_208,s1_below_1,Male,s3_80_96,s2_116_141,s2_164_318,s4_160_220,s2_2_4
17827,s3_1695_2555,s2_n103_99,s4_n40_7,s1_below_4282,s4_4_5,s1_below_2001,s2_760_2075,s4_37_47,Truck (<=10000 lbs.),s3_28_48,Deployed,s2_97_208,s1_below_1,Male,s3_80_96,s4_159_169,s3_318_464,s3_80_160,s4_5_6
17828,s3_1695_2555,s2_n103_99,s4_n40_7,s1_below_4282,s4_4_5,s1_below_2001,s2_760_2075,s5_47_57,Passenger Car,s2_11_28,Deployed,s2_97_208,s1_below_1,Male,s2_37_80,s3_141_159,s2_164_318,s4_160_220,s2_2_4
17829,s2_885_1695,s2_n103_99,s4_n40_7,s1_below_4282,s4_4_5,s1_below_2001,s3_2075_3730,s5_47_57,Passenger Car,s4_48_64,Deployed,s2_97_208,s1_below_1,Male,s4_96_114,s3_141_159,s2_164_318,s3_80_160,s2_2_4
17830,s2_885_1695,s2_n103_99,s4_n40_7,s1_below_4282,s2_2_3,s1_below_2001,s2_760_2075,s5_47_57,Passenger Car,s5_64_76,Not Deployed,s2_97_208,s1_below_1,Female,s2_37_80,s3_141_159,s2_164_318,s4_160_220,s2_2_4
17831,s3_1695_2555,s2_n103_99,s4_n40_7,s1_below_4282,s1_below_2,s1_below_2001,s2_760_2075,s5_47_57,Passenger Car,s3_28_48,Not Deployed,s2_97_208,s2_1_2,Female,s2_37_80,s4_159_169,s2_164_318,s4_160_220,s3_4_5
17832,s2_885_1695,s2_n103_99,s4_n40_7,s1_below_4282,s4_4_5,s1_below_2001,s2_760_2075,s5_47_57,Passenger Car,s3_28_48,Deployed,s2_97_208,s1_below_1,Male,s3_80_96,s3_141_159,s2_164_318,s4_160_220,s2_2_4
17833,s2_885_1695,s2_n103_99,s3_n81_n40,s1_below_4282,s3_3_4,s1_below_2001,s2_760_2075,s5_47_57,Truck (<=6000 lbs.),s3_28_48,Deployed,s2_97_208,s1_below_1,Male,s3_80_96,s2_116_141,s2_164_318,s3_80_160,s2_2_4
17834,s2_885_1695,s2_n103_99,s4_n40_7,s1_below_4282,s1_below_2,s1_below_2001,s2_760_2075,s3_17_37,Passenger Car,s2_11_28,Deployed,s2_97_208,s1_below_1,Male,s2_37_80,s3_141_159,s2_164_318,s2_40_80,s2_2_4
17835,s2_885_1695,s2_n103_99,s4_n40_7,s1_below_4282,s4_4_5,s1_below_2001,s2_760_2075,s4_37_47,Passenger Car,s3_28_48,Not Deployed,s2_97_208,s1_below_1,Female,s2_37_80,s3_141_159,s2_164_318,s2_40_80,s2_2_4
17836,s3_1695_2555,s2_n103_99,s4_n40_7,s1_below_4282,s1_below_2,s1_below_2001,s2_760_2075,s3_17_37,Truck (<=10000 lbs.),s3_28_48,Not Deployed,s2_97_208,s1_below_1,Female,s4_96_114,s5_169_179,s3_318_464,s4_160_220,s4_5_6
17837,s2_885_1695,s2_n103_99,s4_n40_7,s1_below_4282,s2_2_3,s1_below_2001,s2_760_2075,s3_17_37,Passenger Car,s3_28_48,Deployed,s2_97_208,s1_below_1,Female,s3_80_96,s3_141_159,s2_164_318,s3_80_160,s2_2_4
17838,s2_885_1695,s2_n103_99,s4_n40_7,s1_below_4282,s4_4_5,s1_below_2001,s2_760_2075,s3_17_37,Passenger Car,s4_48_64,Deployed,s2_97_208,s1_below_1,Female,s3_80_96,s4_159_169,s2_164_318,s3_80_160,s2_2_4
17839,s2_885_1695,s2_n103_99,s4_n40_7,s1_below_4282,s3_3_4,s1_below_2001,s2_760_2075,s3_17_37,Passenger Car,s6_76_up,Not Deployed,s2_97_208,s1_below_1,Male,s3_80_96,s3_141_159,s2_164_318,s4_160_220,s2_2_4
17840,s3_1695_2555,s2_n103_99,s4_n40_7,s1_below_4282,s1_below_2,s1_below_2001,s3_2075_3730,s6_57_up,Truck (<=10000 lbs.),s2_11_28,Not Deployed,s2_97_208,s1_below_1,Male,s2_37_80,s4_159_169,s3_318_464,s4_160_220,s4_5_6
17841,s2_885_1695,s2_n103_99,s4_n40_7,s1_below_4282,s1_below_2,s1_below_2001,s2_760_2075,s3_17_37,Passenger Car,s4_48_64,Not Deployed,s2_97_208,s1_below_1,Female,s2_37_80,s3_141_159,s2_164_318,s2_40_80,s2_2_4
17842,s3_1695_2555,s2_n103_99,s4_n40_7,s1_below_4282,s1_below_2,s1_below_2001,s2_760_2075,s4_37_47,Truck (<=10000 lbs.),s3_28_48,Not Deployed,s2_97_208,s1_below_1,Female,s2_37_80,s5_169_179,s3_318_464,s3_80_160,s4_5_6
17843,s4_2555_3715,s2_n103_99,s4_n40_7,s1_below_4282,s3_3_4,s1_below_2001,s2_760_2075,s4_37_47,Truck (<=10000 lbs.),s3_28_48,Deployed,s2_97_208,s2_1_2,Male,s2_37_80,s5_169_179,s3_318_464,s3_80_160,s4_5_6
17844,s2_885_1695,s2_n103_99,s4_n40_7,s1_below_4282,s1_below_2,s1_below_2001,s2_760_2075,s5_47_57,Passenger Car,s3_28_48,Deployed,s2_97_208,s4_3_4,Male,s4_96_114,s3_141_159,s2_164_318,s3_80_160,s2_2_4
17845,s2_885_1695,s2_n103_99,s4_n40_7,s1_below_4282,s2_2_3,s1_below_2001,s2_760_2075,s3_17_37,Passenger Car,s3_28_48,Not Deployed,s2_97_208,s1_below_1,Female,s2_37_80,s4_159_169,s2_164_318,s3_80_160,s3_4_5
17846,s2_885_1695,s2_n103_99,s4_n40_7,s1_below_4282,s3_3_4,s1_below_2001,s2_760_2075,s3_17_37,Passenger Car,s2_11_28,Deployed,s2_97_208,s1_below_1,Female,s2_37_80,s3_141_159,s2_164_318,s3_80_160,s2_2_4
17847,s2_885_1695,s2_n103_99,s4_n40_7,s1_below_4282,s2_2_3,s1_below_2001,s2_760_2075,s5_47_57,Passenger Car,s4_48_64,Not Deployed,s2_97_208,s1_below_1,Male,s3_80_96,s3_141_159,s2_164_318,s4_160_220,s2_2_4
17848,s3_1695_2555,s2_n103_99,s4_n40_7,s1_below_4282,s2_2_3,s1_below_2001,s2_760_2075,s3_17_37,Passenger Car,s4_48_64,Deployed,s2_97_208,s1_below_1,Male,s3_80_96,s4_159_169,s2_164_318,s3_80_160,s3_4_5
17849,s2_885_1695,s2_n103_99,s4_n40_7,s1_below_4282,s4_4_5,s1_below_2001,s2_760_2075,s4_37_47,Passenger Car,s2_11_28,Deployed,s2_97_208,s1_below_1,Male,s3_80_96,s3_141_159,s2_164_318,s3_80_160,s2_2_4
17850,s3_1695_2555,s2_n103_99,s4_n40_7,s1_below_4282,s5_5_6,s1_below_2001,s2_760_2075,s6_57_up,Passenger Car,s3_28_48,Not Deployed,s2_97_208,s1_below_1,Male,s2_37_80,s3_141_159,s2_164_318,s5_220_260,s2_2_4
17851,s2_885_1695,s2_n103_99,s5_7_up,s1_below_4282,s3_3_4,s1_below_2001,s2_760_2075,s3_17_37,Passenger Car,s3_28_48,Deployed,s2_97_208,s1_below_1,Female,s2_37_80,s3_141_159,s2_164_318,s6_260_up,s2_2_4
17852,s3_1695_2555,s2_n103_99,s4_n40_7,s1_below_4282,s1_below_2,s1_below_2001,s2_760_2075,s4_37_47,Passenger Car,s3_28_48,Not Deployed,s2_97_208,s1_below_1,Male,s2_37_80,s3_141_159,s2_164_318,s3_80_160,s2_2_4
17853,s2_885_1695,s2_n103_99,s4_n40_7,s1_below_4282,s2_2_3,s1_below_2001,s2_760_2075,s4_37_47,Passenger Car,s3_28_48,Not Deployed,s2_97_208,s1_below_1,Female,s2_37_80,s2_116_141,s2_164_318,s3_80_160,s2_2_4
17854,s2_885_1695,s2_n103_99,s4_n40_7,s1_below_4282,s2_2_3,s1_below_2001,s2_760_2075,s4_37_47,Passenger Car,s4_48_64,Not Deployed,s2_97_208,s1_below_1,Male,s2_37_80,s3_141_159,s2_164_318,s3_80_160,s2_2_4
17855,s2_885_1695,s2_n103_99,s4_n40_7,s1_below_4282,s2_2_3,s1_below_2001,s2_760_2075,s3_17_37,Passenger Car,s3_28_48,Deployed,s2_97_208,s1_below_1,Female,s5_114_130,s3_141_159,s2_164_318,s3_80_160,s2_2_4
17856,s2_885_1695,s2_n103_99,s4_n40_7,s1_below_4282,s1_below_2,s1_below_2001,s2_760_2075,s3_17_37,Truck (<=6000 lbs.),s3_28_48,Not Deployed,s2_97_208,s1_below_1,Male,s3_80_96,s3_141_159,s2_164_318,s3_80_160,s2_2_4
17857,s2_885_1695,s2_n103_99,s4_n40_7,s1_below_4282,s2_2_3,s1_below_2001,s2_760_2075,s4_37_47,Passenger Car,s2_11_28,Deployed,s2_97_208,s1_below_1,Male,s2_37_80,s3_141_159,s2_164_318,s4_160_220,s2_2_4
17858,s2_885_1695,s2_n103_99,s4_n40_7,s1_below_4282,s1_below_2,s1_below_2001,s2_760_2075,s2_7_17,Passenger Car,s3_28_48,Not Deployed,s2_97_208,s2_1_2,Male,s3_80_96,s3_141_159,s2_164_318,s2_40_80,s2_2_4
17859,s2_885_1695,s2_n103_99,s4_n40_7,s1_below_4282,s4_4_5,s1_below_2001,s3_2075_3730,s3_17_37,Passenger Car,s3_28_48,Deployed,s2_97_208,s1_below_1,Male,s3_80_96,s3_141_159,s2_164_318,s3_80_160,s2_2_4
17860,s2_885_1695,s2_n103_99,s4_n40_7,s1_below_4282,s1_below_2,s1_below_2001,s2_760_2075,s3_17_37,Passenger Car,s3_28_48,Not Deployed,s2_97_208,s1_below_1,Male,s3_80_96,s3_141_159,s2_164_318,s2_40_80,s2_2_4
17861,s4_2555_3715,s2_n103_99,s4_n40_7,s1_below_4282,s6_6_up,s1_below_2001,s2_760_2075,s3_17_37,Passenger Car,s2_11_28,Not Deployed,s2_97_208,s1_below_1,Male,s2_37_80,s5_169_179,s3_318_464,s4_160_220,s4_5_6
17862,s3_1695_2555,s2_n103_99,s4_n40_7,s1_below_4282,s4_4_5,s1_below_2001,s2_760_2075,s6_57_up,Passenger Car,s3_28_48,Not Deployed,s2_97_208,s1_below_1,Male,s2_37_80,s3_141_159,s2_164_318,s4_160_220,s2_2_4
17863,s3_1695_2555,s2_n103_99,s4_n40_7,s1_below_4282,s4_4_5,s1_below_2001,s2_760_2075,s4_37_47,Truck (<=6000 lbs.),s3_28_48,Not Deployed,s2_97_208,s1_below_1,Female,s2_37_80,s3_141_159,s2_164_318,s3_80_160,s2_2_4
17864,s2_885_1695,s2_n103_99,s4_n40_7,s1_below_4282,s4_4_5,s1_below_2001,s2_760_2075,s5_47_57,Passenger Car,s2_11_28,Deployed,s2_97_208,s2_1_2,Female,s2_37_80,s3_141_159,s2_164_318,s3_80_160,s2_2_4
17865,s2_885_1695,s2_n103_99,s4_n40_7,s1_below_4282,s4_4_5,s1_below_2001,s2_760_2075,s4_37_47,Passenger Car,s3_28_48,Not Deployed,s2_97_208,s1_below_1,Female,s2_37_80,s3_141_159,s2_164_318,s4_160_220,s2_2_4
17866,s2_885_1695,s2_n103_99,s4_n40_7,s1_below_4282,s1_below_2,s1_below_2001,s2_760_2075,s4_37_47,Passenger Car,s2_11_28,Deployed,s2_97_208,s1_below_1,Female,s2_37_80,s3_141_159,s2_164_318,s3_80_160,s2_2_4
17867,s3_1695_2555,s2_n103_99,s4_n40_7,s1_below_4282,s3_3_4,s1_below_2001,s2_760_2075,s4_37_47,Truck (<=10000 lbs.),s3_28_48,Deployed,s2_97_208,s3_2_3,Male,s4_96_114,s3_141_159,s3_318_464,s3_80_160,s3_4_5
17868,s2_885_1695,s2_n103_99,s4_n40_7,s1_below_4282,s2_2_3,s1_below_2001,s2_760_2075,s4_37_47,Passenger Car,s2_11_28,Deployed,s2_97_208,s1_below_1,Female,s2_37_80,s3_141_159,s2_164_318,s3_80_160,s2_2_4
17869,s2_885_1695,s2_n103_99,s5_7_up,s1_below_4282,s3_3_4,s1_below_2001,s4_3730_up,s1_below_7,Passenger Car,s4_48_64,Not Deployed,s2_97_208,s1_below_1,Female,s4_96_114,s3_141_159,s2_164_318,s6_260_up,s2_2_4
17870,s2_885_1695,s2_n103_99,s4_n40_7,s1_below_4282,s2_2_3,s1_below_2001,s2_760_2075,s3_17_37,Passenger Car,s3_28_48,Deployed,s2_97_208,s1_below_1,Male,s3_80_96,s3_141_159,s2_164_318,s4_160_220,s2_2_4
17871,s2_885_1695,s2_n103_99,s4_n40_7,s1_below_4282,s1_below_2,s1_below_2001,s2_760_2075,s4_37_47,Passenger Car,s2_11_28,Deployed,s2_97_208,s1_below_1,Male,s3_80_96,s3_141_159,s2_164_318,s3_80_160,s2_2_4
17872,s2_885_1695,s2_n103_99,s4_n40_7,s1_below_4282,s1_below_2,s1_below_2001,s2_760_2075,s4_37_47,Passenger Car,s2_11_28,Not Deployed,s2_97_208,s1_below_1,Male,s2_37_80,s3_141_159,s2_164_318,s4_160_220,s2_2_4
17873,s3_1695_2555,s2_n103_99,s4_n40_7,s1_below_4282,s4_4_5,s1_below_2001,s2_760_2075,s4_37_47,Passenger Car,s3_28_48,Not Deployed,s2_97_208,s1_below_1,Female,s2_37_80,s3_141_159,s3_318_464,s4_160_220,s3_4_5
17874,s3_1695_2555,s2_n103_99,s5_7_up,s1_below_4282,s1_below_2,s1_below_2001,s2_760_2075,s5_47_57,Truck (<=10000 lbs.),s2_11_28,Not Deployed,s2_97_208,s1_below_1,Male,s3_80_96,s3_141_159,s3_318_464,s6_260_up,s4_5_6
17875,s3_1695_2555,s2_n103_99,s4_n40_7,s1_below_4282,s1_below_2,s1_below_2001,s2_760_2075,s4_37_47,Passenger Car,s4_48_64,Not Deployed,s2_97_208,s1_below_1,Male,s4_96_114,s3_141_159,s2_164_318,s3_80_160,s2_2_4
17876,s2_885_1695,s2_n103_99,s4_n40_7,s1_below_4282,s3_3_4,s1_below_2001,s2_760_2075,s6_57_up,Passenger Car,s3_28_48,Not Deployed,s2_97_208,s2_1_2,Female,s2_37_80,s3_141_159,s2_164_318,s4_160_220,s2_2_4
17877,s3_1695_2555,s2_n103_99,s4_n40_7,s1_below_4282,s4_4_5,s1_below_2001,s2_760_2075,s4_37_47,Passenger Car,s2_11_28,Not Deployed,s2_97_208,s1_below_1,Female,s2_37_80,s3_141_159,s2_164_318,s4_160_220,s2_2_4
17878,s2_885_1695,s2_n103_99,s4_n40_7,s1_below_4282,s1_below_2,s1_below_2001,s2_760_2075,s2_7_17,Passenger Car,s3_28_48,Deployed,s2_97_208,s1_below_1,Male,s3_80_96,s3_141_159,s2_164_318,s3_80_160,s2_2_4
17879,s2_885_1695,s2_n103_99,s4_n40_7,s1_below_4282,s4_4_5,s1_below_2001,s2_760_2075,s4_37_47,Passenger Car,s3_28_48,Not Deployed,s2_97_208,s1_below_1,Male,s2_37_80,s3_141_159,s2_164_318,s4_160_220,s2_2_4
17880,s2_885_1695,s2_n103_99,s4_n40_7,s1_below_4282,s2_2_3,s1_below_2001,s2_760_2075,s4_37_47,Passenger Car,s3_28_48,Not Deployed,s2_97_208,s1_below_1,Female,s2_37_80,s3_141_159,s2_164_318,s3_80_160,s2_2_4
17881,s3_1695_2555,s2_n103_99,s3_n81_n40,s1_below_4282,s1_below_2,s1_below_2001,s2_760_2075,s3_17_37,Truck (<=10000 lbs.),s4_48_64,Deployed,s2_97_208,s3_2_3,Male,s6_130_up,s4_159_169,s3_318_464,s3_80_160,s4_5_6
17882,s3_1695_2555,s2_n103_99,s4_n40_7,s1_below_4282,s2_2_3,s1_below_2001,s3_2075_3730,s4_37_47,Passenger Car,s2_11_28,Not Deployed,s2_97_208,s1_below_1,Male,s5_114_130,s3_141_159,s2_164_318,s2_40_80,s3_4_5
17883,s2_885_1695,s2_n103_99,s4_n40_7,s1_below_4282,s1_below_2,s1_below_2001,s2_760_2075,s1_below_7,Passenger Car,s4_48_64,Not Deployed,s2_97_208,s1_below_1,Female,s2_37_80,s3_141_159,s2_164_318,s2_40_80,s2_2_4
17884,s2_885_1695,s2_n103_99,s4_n40_7,s1_below_4282,s4_4_5,s1_below_2001,s2_760_2075,s4_37_47,Passenger Car,s2_11_28,Deployed,s2_97_208,s2_1_2,Female,s2_37_80,s3_141_159,s2_164_318,s3_80_160,s2_2_4
17885,s3_1695_2555,s2_n103_99,s4_n40_7,s1_below_4282,s3_3_4,s1_below_2001,s2_760_2075,s4_37_47,Truck (<=6000 lbs.),s3_28_48,Not Deployed,s2_97_208,s1_below_1,Male,s2_37_80,s3_141_159,s2_164_318,s3_80_160,s2_2_4
17886,s2_885_1695,s2_n103_99,s4_n40_7,s1_below_4282,s6_6_up,s1_below_2001,s2_760_2075,s4_37_47,Passenger Car,s4_48_64,Not Deployed,s2_97_208,s2_1_2,Female,s2_37_80,s4_159_169,s2_164_318,s3_80_160,s2_2_4
17887,s3_1695_2555,s2_n103_99,s4_n40_7,s1_below_4282,s1_below_2,s1_below_2001,s2_760_2075,s3_17_37,Passenger Car,s3_28_48,Not Deployed,s2_97_208,s1_below_1,Male,s2_37_80,s3_141_159,s2_164_318,s4_160_220,s3_4_5
17888,s2_885_1695,s2_n103_99,s4_n40_7,s1_below_4282,s1_below_2,s1_below_2001,s3_2075_3730,s3_17_37,Passenger Car,s2_11_28,Deployed,s2_97_208,s2_1_2,Male,s4_96_114,s3_141_159,s2_164_318,s5_220_260,s2_2_4
17889,s2_885_1695,s2_n103_99,s4_n40_7,s1_below_4282,s1_below_2,s1_below_2001,s2_760_2075,s5_47_57,Passenger Car,s4_48_64,Deployed,s2_97_208,s3_2_3,Male,s3_80_96,s4_159_169,s2_164_318,s4_160_220,s2_2_4
17890,s2_885_1695,s2_n103_99,s4_n40_7,s1_below_4282,s1_below_2,s1_below_2001,s2_760_2075,s3_17_37,Truck (<=6000 lbs.),s3_28_48,Not Deployed,s2_97_208,s5_4_5,Male,s4_96_114,s3_141_159,s2_164_318,s2_40_80,s2_2_4
17891,s3_1695_2555,s2_n103_99,s4_n40_7,s1_below_4282,s3_3_4,s1_below_2001,s2_760_2075,s4_37_47,Passenger Car,s3_28_48,Not Deployed,s2_97_208,s1_below_1,Male,s3_80_96,s3_141_159,s2_164_318,s3_80_160,s2_2_4
17892,s2_885_1695,s2_n103_99,s3_n81_n40,s1_below_4282,s3_3_4,s1_below_2001,s2_760_2075,s5_47_57,Passenger Car,s4_48_64,Deployed,s2_97_208,s1_below_1,Female,s2_37_80,s3_141_159,s2_164_318,s3_80_160,s2_2_4
17893,s2_885_1695,s2_n103_99,s4_n40_7,s1_below_4282,s1_below_2,s1_below_2001,s2_760_2075,s4_37_47,Passenger Car,s3_28_48,Not Deployed,s2_97_208,s1_below_1,Female,s2_37_80,s4_159_169,s2_164_318,s3_80_160,s3_4_5
17894,s2_885_1695,s2_n103_99,s5_7_up,s1_below_4282,s4_4_5,s1_below_2001,s2_760_2075,s5_47_57,Passenger Car,s2_11_28,Not Deployed,s2_97_208,s1_below_1,Male,s2_37_80,s3_141_159,s2_164_318,s6_260_up,s2_2_4
17895,s2_885_1695,s2_n103_99,s4_n40_7,s1_below_4282,s2_2_3,s1_below_2001,s2_760_2075,s5_47_57,Passenger Car,s2_11_28,Deployed,s2_97_208,s1_below_1,Male,s4_96_114,s3_141_159,s2_164_318,s3_80_160,s2_2_4
17896,s2_885_1695,s2_n103_99,s4_n40_7,s1_below_4282,s3_3_4,s1_below_2001,s2_760_2075,s4_37_47,Passenger Car,s3_28_48,Not Deployed,s2_97_208,s1_below_1,Male,s2_37_80,s4_159_169,s2_164_318,s4_160_220,s3_4_5
17897,s2_885_1695,s2_n103_99,s4_n40_7,s1_below_4282,s2_2_3,s1_below_2001,s2_760_2075,s5_47_57,Passenger Car,s3_28_48,Deployed,s2_97_208,s1_below_1,Male,s3_80_96,s3_141_159,s2_164_318,s3_80_160,s2_2_4
17898,s2_885_1695,s2_n103_99,s4_n40_7,s1_below_4282,s2_2_3,s1_below_2001,s2_760_2075,s4_37_47,Passenger Car,s3_28_48,Not Deployed,s2_97_208,s1_below_1,Female,s2_37_80,s3_141_159,s2_164_318,s3_80_160,s2_2_4
17899,s2_885_1695,s2_n103_99,s5_7_up,s1_below_4282,s1_below_2,s1_below_2001,s2_760_2075,s4_37_47,Passenger Car,s2_11_28,Not Deployed,s2_97_208,s1_below_1,Female,s3_80_96,s3_141_159,s2_164_318,s6_260_up,s2_2_4
17900,s2_885_1695,s2_n103_99,s5_7_up,s1_below_4282,s1_below_2,s1_below_2001,s2_760_2075,s5_47_57,Passenger Car,s5_64_76,Not Deployed,s2_97_208,s1_below_1,Female,s2_37_80,s3_141_159,s2_164_318,s6_260_up,s2_2_4
17901,s2_885_1695,s2_n103_99,s4_n40_7,s1_below_4282,s2_2_3,s1_below_2001,s2_760_2075,s6_57_up,Passenger Car,s2_11_28,Deployed,s2_97_208,s1_below_1,Female,s2_37_80,s3_141_159,s2_164_318,s3_80_160,s2_2_4
17902,s3_1695_2555,s2_n103_99,s3_n81_n40,s1_below_4282,s1_below_2,s1_below_2001,s2_760_2075,s4_37_47,Passenger Car,s3_28_48,Not Deployed,s2_97_208,s1_below_1,Male,s4_96_114,s3_141_159,s2_164_318,s3_80_160,s2_2_4
17903,s3_1695_2555,s2_n103_99,s4_n40_7,s1_below_4282,s1_below_2,s1_below_2001,s2_760_2075,s6_57_up,Truck (<=10000 lbs.),s4_48_64,Not Deployed,s2_97_208,s1_below_1,Male,s3_80_96,s4_159_169,s2_164_318,s3_80_160,s3_4_5
17904,s2_885_1695,s2_n103_99,s4_n40_7,s1_below_4282,s2_2_3,s1_below_2001,s3_2075_3730,s3_17_37,Passenger Car,s2_11_28,Not Deployed,s2_97_208,s1_below_1,Male,s3_80_96,s3_141_159,s2_164_318,s4_160_220,s2_2_4
17905,s2_885_1695,s2_n103_99,s4_n40_7,s1_below_4282,s3_3_4,s1_below_2001,s2_760_2075,s4_37_47,Passenger Car,s2_11_28,Deployed,s2_97_208,s1_below_1,Female,s2_37_80,s3_141_159,s2_164_318,s3_80_160,s2_2_4
17906,s3_1695_2555,s2_n103_99,s3_n81_n40,s1_below_4282,s1_below_2,s1_below_2001,s2_760_2075,s6_57_up,Passenger Car,s2_11_28,Deployed,s2_97_208,s1_below_1,Female,s2_37_80,s3_141_159,s2_164_318,s3_80_160,s2_2_4
17907,s3_1695_2555,s2_n103_99,s4_n40_7,s1_below_4282,s3_3_4,s1_below_2001,s2_760_2075,s3_17_37,Passenger Car,s3_28_48,Deployed,s2_97_208,s1_below_1,Male,s4_96_114,s4_159_169,s2_164_318,s4_160_220,s2_2_4
17908,s2_885_1695,s2_n103_99,s4_n40_7,s1_below_4282,s3_3_4,s1_below_2001,s2_760_2075,s3_17_37,Passenger Car,s2_11_28,Deployed,s2_97_208,s2_1_2,Male,s3_80_96,s3_141_159,s2_164_318,s3_80_160,s2_2_4
17909,s2_885_1695,s2_n103_99,s4_n40_7,s1_below_4282,s2_2_3,s1_below_2001,s2_760_2075,s3_17_37,Passenger Car,s3_28_48,Not Deployed,s2_97_208,s1_below_1,Male,s2_37_80,s3_141_159,s2_164_318,s3_80_160,s2_2_4
17910,s3_1695_2555,s2_n103_99,s4_n40_7,s1_below_4282,s4_4_5,s1_below_2001,s2_760_2075,s3_17_37,Passenger Car,s2_11_28,Not Deployed,s2_97_208,s1_below_1,Male,s2_37_80,s4_159_169,s2_164_318,s4_160_220,s3_4_5
17911,s2_885_1695,s2_n103_99,s5_7_up,s1_below_4282,s4_4_5,s1_below_2001,s2_760_2075,s3_17_37,Passenger Car,s3_28_48,Not Deployed,s2_97_208,s1_below_1,Female,s2_37_80,s3_141_159,s2_164_318,s4_160_220,s2_2_4
17912,s2_885_1695,s2_n103_99,s4_n40_7,s1_below_4282,s3_3_4,s1_below_2001,s2_760_2075,s3_17_37,Passenger Car,s3_28_48,Deployed,s2_97_208,s1_below_1,Female,s2_37_80,s3_141_159,s2_164_318,s3_80_160,s2_2_4
17913,s2_885_1695,s2_n103_99,s4_n40_7,s1_below_4282,s2_2_3,s1_below_2001,s2_760_2075,s4_37_47,Passenger Car,s2_11_28,Not Deployed,s2_97_208,s1_below_1,Male,s3_80_96,s3_141_159,s2_164_318,s3_80_160,s2_2_4
17914,s3_1695_2555,s2_n103_99,s5_7_up,s1_below_4282,s2_2_3,s1_below_2001,s2_760_2075,s5_47_57,Truck (<=6000 lbs.),s3_28_48,Not Deployed,s2_97_208,s1_below_1,Female,s2_37_80,s3_141_159,s2_164_318,s6_260_up,s2_2_4
17915,s2_885_1695,s2_n103_99,s4_n40_7,s1_below_4282,s3_3_4,s1_below_2001,s2_760_2075,s3_17_37,Passenger Car,s3_28_48,Not Deployed,s2_97_208,s1_below_1,Male,s2_37_80,s3_141_159,s2_164_318,s4_160_220,s2_2_4
17916,s2_885_1695,s2_n103_99,s4_n40_7,s1_below_4282,s3_3_4,s1_below_2001,s2_760_2075,s3_17_37,Passenger Car,s2_11_28,Deployed,s2_97_208,s1_below_1,Female,s2_37_80,s3_141_159,s2_164_318,s3_80_160,s2_2_4
17917,s2_885_1695,s2_n103_99,s4_n40_7,s1_below_4282,s3_3_4,s1_below_2001,s2_760_2075,s3_17_37,Passenger Car,s2_11_28,Deployed,s2_97_208,s1_below_1,Male,s2_37_80,s3_141_159,s2_164_318,s4_160_220,s2_2_4
17918,s2_885_1695,s2_n103_99,s4_n40_7,s1_below_4282,s5_5_6,s1_below_2001,s2_760_2075,s4_37_47,Truck (<=6000 lbs.),s2_11_28,Deployed,s2_97_208,s1_below_1,Male,s2_37_80,s2_116_141,s2_164_318,s4_160_220,s2_2_4
17919,s2_885_1695,s2_n103_99,s4_n40_7,s1_below_4282,s3_3_4,s1_below_2001,s2_760_2075,s3_17_37,Passenger Car,s3_28_48,Deployed,s2_97_208,s1_below_1,Male,s3_80_96,s3_141_159,s2_164_318,s4_160_220,s2_2_4
17920,s2_885_1695,s2_n103_99,s4_n40_7,s1_below_4282,s3_3_4,s1_below_2001,s2_760_2075,s3_17_37,Truck (<=6000 lbs.),s2_11_28,Deployed,s2_97_208,s1_below_1,Male,s2_37_80,s3_141_159,s2_164_318,s3_80_160,s2_2_4
17921,s2_885_1695,s2_n103_99,s5_7_up,s1_below_4282,s1_below_2,s1_below_2001,s2_760_2075,s2_7_17,Passenger Car,s2_11_28,Not Deployed,s2_97_208,s1_below_1,Female,s2_37_80,s3_141_159,s2_164_318,s6_260_up,s2_2_4
17922,s2_885_1695,s2_n103_99,s4_n40_7,s1_below_4282,s4_4_5,s1_below_2001,s2_760_2075,s6_57_up,Passenger Car,s3_28_48,Not Deployed,s2_97_208,s1_below_1,Male,s2_37_80,s3_141_159,s2_164_318,s4_160_220,s2_2_4
17923,s2_885_1695,s2_n103_99,s4_n40_7,s1_below_4282,s2_2_3,s1_below_2001,s3_2075_3730,s3_17_37,Passenger Car,s2_11_28,Deployed,s2_97_208,s3_2_3,Male,s3_80_96,s3_141_159,s2_164_318,s3_80_160,s2_2_4
17924,s4_2555_3715,s2_n103_99,s4_n40_7,s1_below_4282,s4_4_5,s1_below_2001,s2_760_2075,s3_17_37,Truck (<=10000 lbs.),s3_28_48,Deployed,s2_97_208,s1_below_1,Male,s2_37_80,s4_159_169,s3_318_464,s3_80_160,s4_5_6
17925,s2_885_1695,s2_n103_99,s4_n40_7,s1_below_4282,s1_below_2,s1_below_2001,s2_760_2075,s3_17_37,Passenger Car,s3_28_48,Not Deployed,s2_97_208,s1_below_1,Female,s2_37_80,s3_141_159,s2_164_318,s2_40_80,s2_2_4
17926,s2_885_1695,s2_n103_99,s4_n40_7,s1_below_4282,s3_3_4,s1_below_2001,s2_760_2075,s3_17_37,Passenger Car,s6_76_up,Not Deployed,s2_97_208,s1_below_1,Female,s2_37_80,s4_159_169,s2_164_318,s3_80_160,s2_2_4
17927,s2_885_1695,s2_n103_99,s4_n40_7,s1_below_4282,s1_below_2,s1_below_2001,s2_760_2075,s3_17_37,Passenger Car,s4_48_64,Not Deployed,s2_97_208,s1_below_1,Male,s2_37_80,s3_141_159,s2_164_318,s4_160_220,s2_2_4
17928,s2_885_1695,s2_n103_99,s4_n40_7,s1_below_4282,s1_below_2,s1_below_2001,s2_760_2075,s3_17_37,Passenger Car,s3_28_48,Deployed,s2_97_208,s1_below_1,Female,s2_37_80,s3_141_159,s2_164_318,s3_80_160,s2_2_4
17929,s2_885_1695,s2_n103_99,s4_n40_7,s1_below_4282,s3_3_4,s1_below_2001,s2_760_2075,s3_17_37,Passenger Car,s2_11_28,Deployed,s2_97_208,s1_below_1,Male,s3_80_96,s3_141_159,s2_164_318,s4_160_220,s2_2_4
17930,s2_885_1695,s2_n103_99,s5_7_up,s1_below_4282,s3_3_4,s1_below_2001,s2_760_2075,s3_17_37,Passenger Car,s2_11_28,Not Deployed,s2_97_208,s1_below_1,Male,s3_80_96,s3_141_159,s2_164_318,s6_260_up,s2_2_4
17931,s2_885_1695,s2_n103_99,s4_n40_7,s1_below_4282,s1_below_2,s1_below_2001,s2_760_2075,s3_17_37,Passenger Car,s3_28_48,Not Deployed,s2_97_208,s1_below_1,Male,s2_37_80,s3_141_159,s2_164_318,s4_160_220,s2_2_4
17932,s2_885_1695,s2_n103_99,s4_n40_7,s1_below_4282,s3_3_4,s1_below_2001,s2_760_2075,s3_17_37,Passenger Car,s3_28_48,Not Deployed,s2_97_208,s2_1_2,Female,s2_37_80,s3_141_159,s2_164_318,s2_40_80,s2_2_4
17933,s3_1695_2555,s2_n103_99,s4_n40_7,s1_below_4282,s1_below_2,s1_below_2001,s2_760_2075,s3_17_37,Passenger Car,s2_11_28,Deployed,s2_97_208,s1_below_1,Female,s2_37_80,s4_159_169,s2_164_318,s3_80_160,s2_2_4
17934,s2_885_1695,s2_n103_99,s5_7_up,s1_below_4282,s4_4_5,s1_below_2001,s2_760_2075,s5_47_57,Passenger Car,s6_76_up,Not Deployed,s2_97_208,s1_below_1,Male,s3_80_96,s3_141_159,s2_164_318,s6_260_up,s2_2_4
17935,s2_885_1695,s2_n103_99,s4_n40_7,s1_below_4282,s3_3_4,s1_below_2001,s2_760_2075,s3_17_37,Passenger Car,s2_11_28,Deployed,s2_97_208,s1_below_1,Male,s2_37_80,s3_141_159,s2_164_318,s3_80_160,s2_2_4
17936,s2_885_1695,s2_n103_99,s4_n40_7,s1_below_4282,s3_3_4,s1_below_2001,s2_760_2075,s3_17_37,Passenger Car,s2_11_28,Deployed,s2_97_208,s1_below_1,Male,s2_37_80,s3_141_159,s2_164_318,s5_220_260,s2_2_4
17937,s2_885_1695,s2_n103_99,s4_n40_7,s1_below_4282,s1_below_2,s1_below_2001,s2_760_2075,s4_37_47,Passenger Car,s2_11_28,Deployed,s2_97_208,s1_below_1,Female,s2_37_80,s3_141_159,s2_164_318,s3_80_160,s2_2_4
17938,s3_1695_2555,s2_n103_99,s4_n40_7,s1_below_4282,s2_2_3,s1_below_2001,s2_760_2075,s4_37_47,Passenger Car,s3_28_48,Not Deployed,s2_97_208,s1_below_1,Female,s2_37_80,s3_141_159,s2_164_318,s3_80_160,s2_2_4
17939,s2_885_1695,s2_n103_99,s4_n40_7,s1_below_4282,s1_below_2,s1_below_2001,s2_760_2075,s3_17_37,Truck (<=6000 lbs.),s2_11_28,Not Deployed,s2_97_208,s1_below_1,Female,s4_96_114,s2_116_141,s2_164_318,s4_160_220,s2_2_4
17940,s3_1695_2555,s2_n103_99,s4_n40_7,s1_below_4282,s1_below_2,s1_below_2001,s2_760_2075,s5_47_57,Passenger Car,s3_28_48,Not Deployed,s2_97_208,s1_below_1,Female,s2_37_80,s4_159_169,s2_164_318,s4_160_220,s3_4_5
17941,s2_885_1695,s2_n103_99,s4_n40_7,s1_below_4282,s1_below_2,s1_below_2001,s2_760_2075,s4_37_47,Passenger Car,s3_28_48,Not Deployed,s2_97_208,s1_below_1,Female,s2_37_80,s3_141_159,s2_164_318,s3_80_160,s2_2_4
17942,s2_885_1695,s2_n103_99,s4_n40_7,s1_below_4282,s2_2_3,s1_below_2001,s2_760_2075,s4_37_47,Passenger Car,s2_11_28,Deployed,s2_97_208,s1_below_1,Male,s2_37_80,s3_141_159,s2_164_318,s3_80_160,s2_2_4
17943,s3_1695_2555,s2_n103_99,s4_n40_7,s1_below_4282,s1_below_2,s1_below_2001,s2_760_2075,s4_37_47,Passenger Car,s6_76_up,Deployed,s2_97_208,s6_5_up,Male,s4_96_114,s4_159_169,s2_164_318,s4_160_220,s2_2_4
17944,s2_885_1695,s2_n103_99,s4_n40_7,s1_below_4282,s1_below_2,s1_below_2001,s2_760_2075,s3_17_37,Passenger Car,s3_28_48,Not Deployed,s2_97_208,s1_below_1,Female,s3_80_96,s3_141_159,s2_164_318,s4_160_220,s2_2_4
17945,s2_885_1695,s2_n103_99,s4_n40_7,s1_below_4282,s2_2_3,s1_below_2001,s3_2075_3730,s3_17_37,Passenger Car,s3_28_48,Not Deployed,s2_97_208,s1_below_1,Female,s2_37_80,s3_141_159,s2_164_318,s2_40_80,s2_2_4
17946,s4_2555_3715,s2_n103_99,s4_n40_7,s1_below_4282,s2_2_3,s1_below_2001,s2_760_2075,s3_17_37,Truck (<=10000 lbs.),s2_11_28,Not Deployed,s2_97_208,s1_below_1,Male,s3_80_96,s6_179_up,s3_318_464,s3_80_160,s5_6_7
17947,s2_885_1695,s2_n103_99,s4_n40_7,s1_below_4282,s1_below_2,s1_below_2001,s2_760_2075,s3_17_37,Passenger Car,s3_28_48,Not Deployed,s2_97_208,s1_below_1,Male,s5_114_130,s3_141_159,s2_164_318,s3_80_160,s2_2_4
17948,s2_885_1695,s2_n103_99,s4_n40_7,s1_below_4282,s3_3_4,s1_below_2001,s2_760_2075,s4_37_47,Passenger Car,s3_28_48,Not Deployed,s2_97_208,s1_below_1,Female,s2_37_80,s3_141_159,s2_164_318,s4_160_220,s2_2_4
17949,s2_885_1695,s2_n103_99,s4_n40_7,s1_below_4282,s1_below_2,s1_below_2001,s2_760_2075,s3_17_37,Passenger Car,s2_11_28,Not Deployed,s2_97_208,s1_below_1,Male,s2_37_80,s3_141_159,s2_164_318,s6_260_up,s2_2_4
17950,s3_1695_2555,s2_n103_99,s4_n40_7,s1_below_4282,s1_below_2,s1_below_2001,s2_760_2075,s3_17_37,Passenger Car,s4_48_64,Not Deployed,s2_97_208,s1_below_1,Male,s2_37_80,s4_159_169,s2_164_318,s3_80_160,s2_2_4
17951,s2_885_1695,s2_n103_99,s4_n40_7,s1_below_4282,s1_below_2,s1_below_2001,s2_760_2075,s5_47_57,Passenger Car,s2_11_28,Not Deployed,s2_97_208,s1_below_1,Male,s3_80_96,s3_141_159,s2_164_318,s3_80_160,s2_2_4
17952,s2_885_1695,s2_n103_99,s3_n81_n40,s1_below_4282,s4_4_5,s1_below_2001,s2_760_2075,s4_37_47,Truck (<=6000 lbs.),s3_28_48,Deployed,s2_97_208,s1_below_1,Male,s3_80_96,s3_141_159,s2_164_318,s1_below_40,s2_2_4
17953,s3_1695_2555,s2_n103_99,s4_n40_7,s1_below_4282,s4_4_5,s1_below_2001,s2_760_2075,s3_17_37,Passenger Car,s2_11_28,Not Deployed,s2_97_208,s1_below_1,Female,s3_80_96,s3_141_159,s2_164_318,s3_80_160,s2_2_4
17954,s2_885_1695,s2_n103_99,s4_n40_7,s1_below_4282,s4_4_5,s1_below_2001,s2_760_2075,s1_below_7,Passenger Car,s2_11_28,Not Deployed,s2_97_208,s1_below_1,Female,s2_37_80,s2_116_141,s2_164_318,s4_160_220,s2_2_4
17955,s3_1695_2555,s2_n103_99,s4_n40_7,s1_below_4282,s1_below_2,s1_below_2001,s2_760_2075,s5_47_57,Truck (<=10000 lbs.),s3_28_48,Not Deployed,s2_97_208,s2_1_2,Male,s3_80_96,s5_169_179,s3_318_464,s3_80_160,s4_5_6
17956,s3_1695_2555,s2_n103_99,s4_n40_7,s1_below_4282,s1_below_2,s1_below_2001,s2_760_2075,s3_17_37,Passenger Car,s3_28_48,Not Deployed,s2_97_208,s1_below_1,Male,s2_37_80,s3_141_159,s2_164_318,s3_80_160,s2_2_4
17957,s2_885_1695,s2_n103_99,s4_n40_7,s1_below_4282,s1_below_2,s1_below_2001,s2_760_2075,s4_37_47,Truck (<=6000 lbs.),s2_11_28,Deployed,s2_97_208,s1_below_1,Male,s2_37_80,s4_159_169,s2_164_318,s3_80_160,s2_2_4
17958,s2_885_1695,s2_n103_99,s4_n40_7,s1_below_4282,s1_below_2,s1_below_2001,s2_760_2075,s6_57_up,Passenger Car,s3_28_48,Deployed,s2_97_208,s3_2_3,Male,s3_80_96,s4_159_169,s2_164_318,s3_80_160,s2_2_4
17959,s2_885_1695,s2_n103_99,s4_n40_7,s1_below_4282,s4_4_5,s1_below_2001,s2_760_2075,s3_17_37,Passenger Car,s2_11_28,Deployed,s2_97_208,s1_below_1,Female,s2_37_80,s3_141_159,s2_164_318,s4_160_220,s2_2_4
17960,s2_885_1695,s2_n103_99,s4_n40_7,s1_below_4282,s2_2_3,s1_below_2001,s2_760_2075,s4_37_47,Passenger Car,s2_11_28,Not Deployed,s2_97_208,s1_below_1,Female,s2_37_80,s3_141_159,s2_164_318,s2_40_80,s2_2_4
17961,s3_1695_2555,s2_n103_99,s4_n40_7,s1_below_4282,s1_below_2,s1_below_2001,s2_760_2075,s3_17_37,Passenger Car,s2_11_28,Not Deployed,s2_97_208,s1_below_1,Female,s2_37_80,s3_141_159,s2_164_318,s3_80_160,s2_2_4
17962,s3_1695_2555,s2_n103_99,s4_n40_7,s1_below_4282,s1_below_2,s1_below_2001,s2_760_2075,s6_57_up,Truck (<=10000 lbs.),s3_28_48,Deployed,s2_97_208,s1_below_1,Female,s2_37_80,s2_116_141,s2_164_318,s4_160_220,s2_2_4
17963,s2_885_1695,s2_n103_99,s4_n40_7,s1_below_4282,s1_below_2,s1_below_2001,s2_760_2075,s3_17_37,Passenger Car,s2_11_28,Not Deployed,s2_97_208,s1_below_1,Male,s3_80_96,s3_141_159,s2_164_318,s4_160_220,s2_2_4
17964,s2_885_1695,s2_n103_99,s4_n40_7,s1_below_4282,s3_3_4,s1_below_2001,s2_760_2075,s3_17_37,Passenger Car,s2_11_28,Not Deployed,s2_97_208,s1_below_1,Female,s2_37_80,s3_141_159,s2_164_318,s4_160_220,s2_2_4
17965,s2_885_1695,s2_n103_99,s5_7_up,s1_below_4282,s1_below_2,s1_below_2001,s2_760_2075,s4_37_47,Passenger Car,s3_28_48,Not Deployed,s2_97_208,s1_below_1,Female,s2_37_80,s3_141_159,s2_164_318,s6_260_up,s2_2_4
17966,s2_885_1695,s2_n103_99,s4_n40_7,s1_below_4282,s1_below_2,s1_below_2001,s2_760_2075,s3_17_37,Truck (<=6000 lbs.),s3_28_48,Not Deployed,s2_97_208,s1_below_1,Male,s2_37_80,s2_116_141,s2_164_318,s3_80_160,s2_2_4
17967,s2_885_1695,s2_n103_99,s4_n40_7,s1_below_4282,s3_3_4,s1_below_2001,s2_760_2075,s4_37_47,Passenger Car,s3_28_48,Deployed,s2_97_208,s1_below_1,Male,s3_80_96,s3_141_159,s2_164_318,s3_80_160,s2_2_4
17968,s2_885_1695,s2_n103_99,s4_n40_7,s1_below_4282,s2_2_3,s1_below_2001,s2_760_2075,s3_17_37,Passenger Car,s4_48_64,Not Deployed,s2_97_208,s1_below_1,Male,s4_96_114,s3_141_159,s2_164_318,s3_80_160,s2_2_4
17969,s2_885_1695,s2_n103_99,s4_n40_7,s1_below_4282,s1_below_2,s1_below_2001,s2_760_2075,s3_17_37,Truck (<=6000 lbs.),s3_28_48,Deployed,s2_97_208,s1_below_1,Female,s2_37_80,s3_141_159,s2_164_318,s3_80_160,s2_2_4
17970,s2_885_1695,s2_n103_99,s4_n40_7,s1_below_4282,s2_2_3,s1_below_2001,s2_760_2075,s4_37_47,Passenger Car,s6_76_up,Deployed,s2_97_208,s1_below_1,Male,s3_80_96,s3_141_159,s2_164_318,s3_80_160,s2_2_4
17971,s3_1695_2555,s2_n103_99,s4_n40_7,s1_below_4282,s3_3_4,s1_below_2001,s2_760_2075,s4_37_47,Passenger Car,s2_11_28,Deployed,s2_97_208,s1_below_1,Male,s2_37_80,s4_159_169,s2_164_318,s3_80_160,s3_4_5
17972,s2_885_1695,s2_n103_99,s4_n40_7,s1_below_4282,s1_below_2,s1_below_2001,s2_760_2075,s4_37_47,Truck (<=6000 lbs.),s5_64_76,Deployed,s2_97_208,s2_1_2,Female,s3_80_96,s2_116_141,s2_164_318,s3_80_160,s2_2_4
17973,s3_1695_2555,s2_n103_99,s3_n81_n40,s1_below_4282,s1_below_2,s1_below_2001,s3_2075_3730,s5_47_57,Passenger Car,s4_48_64,Deployed,s2_97_208,s1_below_1,Male,s4_96_114,s3_141_159,s2_164_318,s3_80_160,s2_2_4
17974,s2_885_1695,s2_n103_99,s4_n40_7,s1_below_4282,s2_2_3,s1_below_2001,s2_760_2075,s4_37_47,Passenger Car,s3_28_48,Deployed,s2_97_208,s1_below_1,Female,s3_80_96,s3_141_159,s2_164_318,s3_80_160,s2_2_4
17975,s3_1695_2555,s2_n103_99,s4_n40_7,s1_below_4282,s4_4_5,s1_below_2001,s2_760_2075,s4_37_47,Passenger Car,s4_48_64,Deployed,s2_97_208,s1_below_1,Male,s3_80_96,s4_159_169,s2_164_318,s4_160_220,s3_4_5
17976,s3_1695_2555,s2_n103_99,s4_n40_7,s1_below_4282,s1_below_2,s1_below_2001,s2_760_2075,s5_47_57,Truck (<=6000 lbs.),s2_11_28,Not Deployed,s2_97_208,s1_below_1,Male,s4_96_114,s5_169_179,s2_164_318,s3_80_160,s3_4_5
17977,s3_1695_2555,s2_n103_99,s4_n40_7,s1_below_4282,s4_4_5,s1_below_2001,s2_760_2075,s3_17_37,Passenger Car,s2_11_28,Not Deployed,s2_97_208,s1_below_1,Female,s2_37_80,s3_141_159,s2_164_318,s3_80_160,s2_2_4
17978,s3_1695_2555,s2_n103_99,s4_n40_7,s1_below_4282,s4_4_5,s1_below_2001,s2_760_2075,s4_37_47,Truck (<=6000 lbs.),s4_48_64,Deployed,s2_97_208,s1_below_1,Female,s3_80_96,s4_159_169,s3_318_464,s3_80_160,s4_5_6
17979,s2_885_1695,s2_n103_99,s4_n40_7,s1_below_4282,s1_below_2,s1_below_2001,s2_760_2075,s5_47_57,Passenger Car,s5_64_76,Deployed,s2_97_208,s2_1_2,Male,s4_96_114,s3_141_159,s2_164_318,s3_80_160,s2_2_4
17980,s2_885_1695,s2_n103_99,s4_n40_7,s1_below_4282,s1_below_2,s1_below_2001,s2_760_2075,s5_47_57,Passenger Car,s3_28_48,Deployed,s2_97_208,s2_1_2,Female,s2_37_80,s3_141_159,s2_164_318,s4_160_220,s2_2_4
17981,s2_885_1695,s2_n103_99,s4_n40_7,s1_below_4282,s2_2_3,s1_below_2001,s2_760_2075,s3_17_37,Passenger Car,s6_76_up,Not Deployed,s2_97_208,s1_below_1,Male,s2_37_80,s3_141_159,s2_164_318,s4_160_220,s2_2_4
17982,s2_885_1695,s2_n103_99,s4_n40_7,s1_below_4282,s4_4_5,s1_below_2001,s2_760_2075,s3_17_37,Passenger Car,s3_28_48,Deployed,s2_97_208,s1_below_1,Male,s3_80_96,s4_159_169,s2_164_318,s3_80_160,s2_2_4
17983,s3_1695_2555,s2_n103_99,s4_n40_7,s1_below_4282,s2_2_3,s1_below_2001,s3_2075_3730,s3_17_37,Truck (<=6000 lbs.),s2_11_28,Not Deployed,s2_97_208,s1_below_1,Female,s2_37_80,s3_141_159,s2_164_318,s4_160_220,s2_2_4
17984,s2_885_1695,s2_n103_99,s4_n40_7,s1_below_4282,s2_2_3,s1_below_2001,s2_760_2075,s3_17_37,Passenger Car,s3_28_48,Not Deployed,s2_97_208,s1_below_1,Male,s3_80_96,s3_141_159,s2_164_318,s3_80_160,s2_2_4
17985,s2_885_1695,s2_n103_99,s4_n40_7,s1_below_4282,s6_6_up,s1_below_2001,s3_2075_3730,s3_17_37,Passenger Car,s2_11_28,Deployed,s2_97_208,s1_below_1,Female,s2_37_80,s3_141_159,s2_164_318,s3_80_160,s2_2_4
17986,s2_885_1695,s2_n103_99,s4_n40_7,s1_below_4282,s6_6_up,s1_below_2001,s2_760_2075,s3_17_37,Passenger Car,s4_48_64,Deployed,s2_97_208,s1_below_1,Male,s2_37_80,s3_141_159,s2_164_318,s3_80_160,s2_2_4
17987,s2_885_1695,s2_n103_99,s4_n40_7,s1_below_4282,s4_4_5,s1_below_2001,s2_760_2075,s3_17_37,Passenger Car,s4_48_64,Deployed,s2_97_208,s3_2_3,Female,s3_80_96,s3_141_159,s2_164_318,s3_80_160,s2_2_4
17988,s2_885_1695,s2_n103_99,s4_n40_7,s1_below_4282,s4_4_5,s1_below_2001,s2_760_2075,s3_17_37,Passenger Car,s3_28_48,Deployed,s2_97_208,s1_below_1,Female,s2_37_80,s3_141_159,s2_164_318,s3_80_160,s2_2_4
17989,s2_885_1695,s2_n103_99,s4_n40_7,s1_below_4282,s4_4_5,s1_below_2001,s2_760_2075,s4_37_47,Passenger Car,s4_48_64,Deployed,s2_97_208,s1_below_1,Female,s2_37_80,s3_141_159,s2_164_318,s4_160_220,s2_2_4
17990,s2_885_1695,s2_n103_99,s4_n40_7,s1_below_4282,s4_4_5,s1_below_2001,s2_760_2075,s3_17_37,Passenger Car,s1_below_11,Deployed,s2_97_208,s1_below_1,Male,s3_80_96,s3_141_159,s2_164_318,s4_160_220,s2_2_4
17991,s3_1695_2555,s2_n103_99,s4_n40_7,s1_below_4282,s4_4_5,s1_below_2001,s2_760_2075,s3_17_37,Passenger Car,s3_28_48,Deployed,s2_97_208,s1_below_1,Female,s2_37_80,s3_141_159,s2_164_318,s3_80_160,s2_2_4
17992,s3_1695_2555,s2_n103_99,s4_n40_7,s1_below_4282,s4_4_5,s1_below_2001,s2_760_2075,s6_57_up,Passenger Car,s2_11_28,Deployed,s2_97_208,s1_below_1,Female,s2_37_80,s3_141_159,s2_164_318,s3_80_160,s2_2_4
17993,s2_885_1695,s2_n103_99,s4_n40_7,s1_below_4282,s2_2_3,s1_below_2001,s3_2075_3730,s3_17_37,Passenger Car,s2_11_28,Not Deployed,s2_97_208,s1_below_1,Male,s2_37_80,s3_141_159,s2_164_318,s2_40_80,s2_2_4
17994,s3_1695_2555,s2_n103_99,s3_n81_n40,s1_below_4282,s3_3_4,s1_below_2001,s2_760_2075,s4_37_47,Truck (<=10000 lbs.),s2_11_28,Deployed,s2_97_208,s1_below_1,Male,s2_37_80,s4_159_169,s3_318_464,s3_80_160,s4_5_6
17995,s2_885_1695,s2_n103_99,s3_n81_n40,s1_below_4282,s6_6_up,s1_below_2001,s2_760_2075,s3_17_37,Passenger Car,s3_28_48,Deployed,s2_97_208,s1_below_1,Male,s3_80_96,s3_141_159,s2_164_318,s3_80_160,s2_2_4
17996,s3_1695_2555,s2_n103_99,s5_7_up,s1_below_4282,s4_4_5,s1_below_2001,s3_2075_3730,s6_57_up,Truck (<=10000 lbs.),s3_28_48,Not Deployed,s2_97_208,s1_below_1,Male,s3_80_96,s3_141_159,s2_164_318,s6_260_up,s2_2_4
17997,s2_885_1695,s2_n103_99,s4_n40_7,s1_below_4282,s5_5_6,s1_below_2001,s2_760_2075,s3_17_37,Passenger Car,s3_28_48,Deployed,s2_97_208,s1_below_1,Male,s3_80_96,s3_141_159,s2_164_318,s4_160_220,s2_2_4
17998,s2_885_1695,s2_n103_99,s4_n40_7,s1_below_4282,s2_2_3,s1_below_2001,s2_760_2075,s6_57_up,Passenger Car,s4_48_64,Not Deployed,s2_97_208,s1_below_1,Female,s2_37_80,s3_141_159,s2_164_318,s3_80_160,s2_2_4
17999,s2_885_1695,s2_n103_99,s4_n40_7,s1_below_4282,s2_2_3,s1_below_2001,s2_760_2075,s3_17_37,Truck (<=6000 lbs.),s2_11_28,Deployed,s2_97_208,s1_below_1,Male,s2_37_80,s2_116_141,s2_164_318,s3_80_160,s2_2_4
18000,s2_885_1695,s2_n103_99,s5_7_up,s1_below_4282,s1_below_2,s1_below_2001,s2_760_2075,s3_17_37,Passenger Car,s3_28_48,Not Deployed,s2_97_208,s4_3_4,Female,s2_37_80,s3_141_159,s2_164_318,s5_220_260,s2_2_4
18001,s3_1695_2555,s2_n103_99,s5_7_up,s1_below_4282,s1_below_2,s1_below_2001,s2_760_2075,s3_17_37,Truck (<=10000 lbs.),s3_28_48,Not Deployed,s2_97_208,s1_below_1,Male,s5_114_130,s5_169_179,s3_318_464,s6_260_up,s4_5_6
18002,s3_1695_2555,s2_n103_99,s4_n40_7,s1_below_4282,s1_below_2,s1_below_2001,s2_760_2075,s4_37_47,Passenger Car,s5_64_76,Not Deployed,s2_97_208,s3_2_3,Male,s5_114_130,s3_141_159,s2_164_318,s3_80_160,s2_2_4
18003,s2_885_1695,s2_n103_99,s4_n40_7,s1_below_4282,s1_below_2,s1_below_2001,s2_760_2075,s3_17_37,Passenger Car,s3_28_48,Not Deployed,s2_97_208,s1_below_1,Female,s3_80_96,s3_141_159,s2_164_318,s2_40_80,s2_2_4
18004,s2_885_1695,s2_n103_99,s4_n40_7,s1_below_4282,s3_3_4,s1_below_2001,s3_2075_3730,s3_17_37,Passenger Car,s4_48_64,Not Deployed,s2_97_208,s1_below_1,Female,s2_37_80,s3_141_159,s2_164_318,s3_80_160,s2_2_4
18005,s2_885_1695,s2_n103_99,s4_n40_7,s1_below_4282,s4_4_5,s1_below_2001,s2_760_2075,s6_57_up,Passenger Car,s2_11_28,Not Deployed,s2_97_208,s1_below_1,Female,s2_37_80,s3_141_159,s2_164_318,s3_80_160,s2_2_4
18006,s2_885_1695,s2_n103_99,s4_n40_7,s1_below_4282,s4_4_5,s1_below_2001,s2_760_2075,s3_17_37,Passenger Car,s2_11_28,Deployed,s2_97_208,s1_below_1,Male,s2_37_80,s3_141_159,s2_164_318,s3_80_160,s2_2_4
18007,s3_1695_2555,s2_n103_99,s4_n40_7,s1_below_4282,s3_3_4,s1_below_2001,s2_760_2075,s3_17_37,Passenger Car,s3_28_48,Deployed,s2_97_208,s1_below_1,Male,s3_80_96,s4_159_169,s2_164_318,s3_80_160,s2_2_4
18008,s2_885_1695,s2_n103_99,s4_n40_7,s1_below_4282,s1_below_2,s1_below_2001,s2_760_2075,s3_17_37,Passenger Car,s2_11_28,Deployed,s2_97_208,s1_below_1,Male,s3_80_96,s3_141_159,s2_164_318,s3_80_160,s2_2_4
18009,s2_885_1695,s2_n103_99,s4_n40_7,s1_below_4282,s4_4_5,s1_below_2001,s2_760_2075,s3_17_37,Passenger Car,s2_11_28,Not Deployed,s2_97_208,s1_below_1,Male,s2_37_80,s3_141_159,s2_164_318,s4_160_220,s2_2_4
18010,s2_885_1695,s2_n103_99,s3_n81_n40,s1_below_4282,s2_2_3,s1_below_2001,s2_760_2075,s5_47_57,Passenger Car,s2_11_28,Deployed,s2_97_208,s2_1_2,Male,s3_80_96,s3_141_159,s2_164_318,s3_80_160,s2_2_4
18011,s3_1695_2555,s2_n103_99,s4_n40_7,s1_below_4282,s1_below_2,s1_below_2001,s2_760_2075,s3_17_37,Passenger Car,s3_28_48,Not Deployed,s2_97_208,s1_below_1,Male,s3_80_96,s3_141_159,s2_164_318,s3_80_160,s3_4_5
18012,s2_885_1695,s2_n103_99,s4_n40_7,s1_below_4282,s1_below_2,s1_below_2001,s2_760_2075,s3_17_37,Passenger Car,s2_11_28,Not Deployed,s2_97_208,s3_2_3,Female,s2_37_80,s3_141_159,s2_164_318,s2_40_80,s2_2_4
18013,s3_1695_2555,s2_n103_99,s4_n40_7,s1_below_4282,s1_below_2,s1_below_2001,s2_760_2075,s3_17_37,Passenger Car,s3_28_48,Not Deployed,s2_97_208,s1_below_1,Female,s3_80_96,s4_159_169,s2_164_318,s3_80_160,s3_4_5
18014,s2_885_1695,s2_n103_99,s4_n40_7,s1_below_4282,s1_below_2,s1_below_2001,s2_760_2075,s3_17_37,Passenger Car,s2_11_28,Deployed,s2_97_208,s1_below_1,Female,s2_37_80,s3_141_159,s2_164_318,s4_160_220,s2_2_4
18015,s2_885_1695,s2_n103_99,s4_n40_7,s1_below_4282,s1_below_2,s1_below_2001,s2_760_2075,s3_17_37,Passenger Car,s2_11_28,Not Deployed,s2_97_208,s1_below_1,Male,s3_80_96,s3_141_159,s2_164_318,s4_160_220,s2_2_4
18016,s2_885_1695,s2_n103_99,s4_n40_7,s1_below_4282,s4_4_5,s1_below_2001,s2_760_2075,s5_47_57,Passenger Car,s2_11_28,Deployed,s2_97_208,s1_below_1,Female,s2_37_80,s3_141_159,s2_164_318,s3_80_160,s2_2_4
18017,s3_1695_2555,s2_n103_99,s5_7_up,s1_below_4282,s3_3_4,s1_below_2001,s2_760_2075,s3_17_37,Passenger Car,s3_28_48,Not Deployed,s2_97_208,s1_below_1,Male,s4_96_114,s4_159_169,s2_164_318,s6_260_up,s3_4_5
18018,s2_885_1695,s2_n103_99,s4_n40_7,s1_below_4282,s3_3_4,s1_below_2001,s2_760_2075,s3_17_37,Passenger Car,s2_11_28,Deployed,s2_97_208,s1_below_1,Male,s2_37_80,s3_141_159,s2_164_318,s3_80_160,s2_2_4
18019,s2_885_1695,s2_n103_99,s4_n40_7,s1_below_4282,s1_below_2,s1_below_2001,s2_760_2075,s4_37_47,Truck (<=6000 lbs.),s2_11_28,Deployed,s2_97_208,s1_below_1,Female,s2_37_80,s3_141_159,s2_164_318,s2_40_80,s2_2_4
18020,s2_885_1695,s2_n103_99,s4_n40_7,s1_below_4282,s1_below_2,s1_below_2001,s2_760_2075,s3_17_37,Passenger Car,s4_48_64,Deployed,s2_97_208,s1_below_1,Male,s2_37_80,s3_141_159,s2_164_318,s3_80_160,s2_2_4
18021,s2_885_1695,s2_n103_99,s3_n81_n40,s1_below_4282,s2_2_3,s1_below_2001,s2_760_2075,s5_47_57,Passenger Car,s4_48_64,Deployed,s2_97_208,s2_1_2,Male,s2_37_80,s3_141_159,s2_164_318,s3_80_160,s2_2_4
18022,s2_885_1695,s2_n103_99,s3_n81_n40,s1_below_4282,s3_3_4,s1_below_2001,s2_760_2075,s4_37_47,Passenger Car,s2_11_28,Deployed,s2_97_208,s1_below_1,Male,s2_37_80,s3_141_159,s2_164_318,s3_80_160,s2_2_4
18023,s3_1695_2555,s2_n103_99,s4_n40_7,s1_below_4282,s2_2_3,s1_below_2001,s2_760_2075,s3_17_37,Passenger Car,s4_48_64,Deployed,s2_97_208,s1_below_1,Male,s3_80_96,s2_116_141,s2_164_318,s4_160_220,s2_2_4
18024,s2_885_1695,s2_n103_99,s3_n81_n40,s1_below_4282,s1_below_2,s1_below_2001,s2_760_2075,s4_37_47,Passenger Car,s3_28_48,Deployed,s2_97_208,s2_1_2,Male,s4_96_114,s3_141_159,s2_164_318,s3_80_160,s2_2_4
18025,s3_1695_2555,s2_n103_99,s4_n40_7,s1_below_4282,s2_2_3,s1_below_2001,s2_760_2075,s6_57_up,Truck (<=6000 lbs.),s4_48_64,Not Deployed,s2_97_208,s1_below_1,Male,s3_80_96,s4_159_169,s2_164_318,s3_80_160,s2_2_4
18026,s2_885_1695,s2_n103_99,s4_n40_7,s1_below_4282,s1_below_2,s1_below_2001,s2_760_2075,s5_47_57,Passenger Car,s2_11_28,Deployed,s2_97_208,s1_below_1,Female,s2_37_80,s3_141_159,s2_164_318,s3_80_160,s2_2_4
18027,s2_885_1695,s2_n103_99,s4_n40_7,s1_below_4282,s4_4_5,s1_below_2001,s2_760_2075,s3_17_37,Passenger Car,s2_11_28,Not Deployed,s2_97_208,s1_below_1,Female,s2_37_80,s3_141_159,s2_164_318,s3_80_160,s2_2_4
18028,s2_885_1695,s2_n103_99,s5_7_up,s1_below_4282,s4_4_5,s1_below_2001,s2_760_2075,s3_17_37,Truck (<=10000 lbs.),s3_28_48,Not Deployed,s2_97_208,s1_below_1,Male,s3_80_96,s3_141_159,s2_164_318,s6_260_up,s2_2_4
18029,s2_885_1695,s2_n103_99,s4_n40_7,s1_below_4282,s3_3_4,s1_below_2001,s2_760_2075,s3_17_37,Passenger Car,s2_11_28,Deployed,s2_97_208,s1_below_1,Male,s2_37_80,s3_141_159,s2_164_318,s3_80_160,s2_2_4
18030,s3_1695_2555,s2_n103_99,s4_n40_7,s1_below_4282,s3_3_4,s5_2007_2009,s2_760_2075,s4_37_47,Truck (<=6000 lbs.),s5_64_76,Deployed,s2_97_208,s2_1_2,Male,s3_80_96,s4_159_169,s2_164_318,s3_80_160,s2_2_4
18031,s2_885_1695,s2_n103_99,s4_n40_7,s1_below_4282,s1_below_2,s6_2009_up,s2_760_2075,s3_17_37,Passenger Car,s2_11_28,Not Deployed,s2_97_208,s1_below_1,Female,s2_37_80,s3_141_159,s2_164_318,s4_160_220,s2_2_4
18032,s2_885_1695,s2_n103_99,s4_n40_7,s1_below_4282,s1_below_2,s6_2009_up,s2_760_2075,s4_37_47,Truck (<=6000 lbs.),s3_28_48,Deployed,s2_97_208,s1_below_1,Male,s2_37_80,s4_159_169,s2_164_318,s3_80_160,s2_2_4
18033,s2_885_1695,s2_n103_99,s4_n40_7,s1_below_4282,s4_4_5,s5_2007_2009,s2_760_2075,s4_37_47,Passenger Car,s2_11_28,Not Deployed,s2_97_208,s1_below_1,Male,s2_37_80,s3_141_159,s2_164_318,s3_80_160,s2_2_4
18034,s2_885_1695,s2_n103_99,s5_7_up,s1_below_4282,s1_below_2,s6_2009_up,s2_760_2075,s5_47_57,Passenger Car,s3_28_48,Not Deployed,s2_97_208,s2_1_2,Female,s2_37_80,s3_141_159,s2_164_318,s6_260_up,s2_2_4
18035,s2_885_1695,s2_n103_99,s4_n40_7,s1_below_4282,s1_below_2,s5_2007_2009,s2_760_2075,s2_7_17,Truck (<=6000 lbs.),s3_28_48,Not Deployed,s2_97_208,s1_below_1,Female,s2_37_80,s3_141_159,s2_164_318,s2_40_80,s2_2_4
18036,s2_885_1695,s2_n103_99,s4_n40_7,s1_below_4282,s1_below_2,s6_2009_up,s3_2075_3730,s3_17_37,Passenger Car,s6_76_up,Not Deployed,s2_97_208,s1_below_1,Female,s2_37_80,s3_141_159,s2_164_318,s3_80_160,s2_2_4
18037,s2_885_1695,s2_n103_99,s5_7_up,s1_below_4282,s1_below_2,s5_2007_2009,s2_760_2075,s5_47_57,Passenger Car,s3_28_48,Not Deployed,s2_97_208,s1_below_1,Male,s2_37_80,s3_141_159,s2_164_318,s6_260_up,s2_2_4
18038,s2_885_1695,s2_n103_99,s4_n40_7,s1_below_4282,s1_below_2,s5_2007_2009,s2_760_2075,s3_17_37,Passenger Car,s2_11_28,Not Deployed,s2_97_208,s1_below_1,Male,s2_37_80,s3_141_159,s2_164_318,s3_80_160,s2_2_4
18039,s2_885_1695,s2_n103_99,s4_n40_7,s1_below_4282,s4_4_5,s6_2009_up,s2_760_2075,s3_17_37,Passenger Car,s4_48_64,Not Deployed,s2_97_208,s1_below_1,Male,s3_80_96,s3_141_159,s2_164_318,s3_80_160,s2_2_4
18040,s2_885_1695,s2_n103_99,s5_7_up,s1_below_4282,s1_below_2,s5_2007_2009,s2_760_2075,s4_37_47,Truck (<=6000 lbs.),s3_28_48,Not Deployed,s2_97_208,s1_below_1,Male,s4_96_114,s3_141_159,s2_164_318,s6_260_up,s2_2_4
18041,s2_885_1695,s2_n103_99,s4_n40_7,s1_below_4282,s1_below_2,s6_2009_up,s2_760_2075,s4_37_47,Passenger Car,s4_48_64,Deployed,s2_97_208,s2_1_2,Female,s2_37_80,s3_141_159,s2_164_318,s3_80_160,s2_2_4
18042,s3_1695_2555,s2_n103_99,s4_n40_7,s1_below_4282,s2_2_3,s5_2007_2009,s2_760_2075,s4_37_47,Passenger Car,s4_48_64,Deployed,s2_97_208,s1_below_1,Male,s2_37_80,s3_141_159,s2_164_318,s3_80_160,s2_2_4
18043,s2_885_1695,s2_n103_99,s4_n40_7,s1_below_4282,s1_below_2,s5_2007_2009,s3_2075_3730,s3_17_37,Passenger Car,s3_28_48,Not Deployed,s2_97_208,s1_below_1,Male,s3_80_96,s3_141_159,s2_164_318,s4_160_220,s2_2_4
18044,s4_2555_3715,s2_n103_99,s4_n40_7,s1_below_4282,s1_below_2,s6_2009_up,s2_760_2075,s3_17_37,Truck (<=10000 lbs.),s4_48_64,Not Deployed,s2_97_208,s1_below_1,Female,s2_37_80,s5_169_179,s3_318_464,s3_80_160,s4_5_6
18045,s2_885_1695,s2_n103_99,s4_n40_7,s1_below_4282,s2_2_3,s5_2007_2009,s2_760_2075,s4_37_47,Passenger Car,s2_11_28,Deployed,s2_97_208,s1_below_1,Female,s4_96_114,s3_141_159,s2_164_318,s3_80_160,s2_2_4
18046,s2_885_1695,s2_n103_99,s4_n40_7,s1_below_4282,s1_below_2,s6_2009_up,s2_760_2075,s3_17_37,Passenger Car,s3_28_48,Not Deployed,s2_97_208,s1_below_1,Female,s2_37_80,s3_141_159,s2_164_318,s4_160_220,s2_2_4
18047,s2_885_1695,s2_n103_99,s4_n40_7,s1_below_4282,s3_3_4,s6_2009_up,s3_2075_3730,s3_17_37,Passenger Car,s3_28_48,Deployed,s2_97_208,s1_below_1,Male,s3_80_96,s3_141_159,s2_164_318,s4_160_220,s2_2_4
18048,s2_885_1695,s2_n103_99,s4_n40_7,s1_below_4282,s1_below_2,s5_2007_2009,s2_760_2075,s3_17_37,Passenger Car,s2_11_28,Deployed,s2_97_208,s1_below_1,Female,s3_80_96,s3_141_159,s2_164_318,s3_80_160,s2_2_4
18049,s3_1695_2555,s2_n103_99,s4_n40_7,s1_below_4282,s1_below_2,s6_2009_up,s2_760_2075,s3_17_37,Truck (<=10000 lbs.),s2_11_28,Deployed,s2_97_208,s1_below_1,Female,s2_37_80,s4_159_169,s2_164_318,s3_80_160,s3_4_5
18050,s2_885_1695,s2_n103_99,s4_n40_7,s1_below_4282,s1_below_2,s6_2009_up,s2_760_2075,s3_17_37,Passenger Car,s5_64_76,Not Deployed,s2_97_208,s1_below_1,Female,s3_80_96,s3_141_159,s2_164_318,s3_80_160,s2_2_4
18051,s3_1695_2555,s2_n103_99,s5_7_up,s1_below_4282,s2_2_3,s5_2007_2009,s2_760_2075,s3_17_37,Truck (<=10000 lbs.),s4_48_64,Not Deployed,s2_97_208,s1_below_1,Male,s2_37_80,s5_169_179,s2_164_318,s6_260_up,s2_2_4
18052,s3_1695_2555,s2_n103_99,s4_n40_7,s1_below_4282,s2_2_3,s6_2009_up,s2_760_2075,s4_37_47,Truck (<=10000 lbs.),s3_28_48,Deployed,s2_97_208,s1_below_1,Male,s2_37_80,s4_159_169,s2_164_318,s3_80_160,s3_4_5
18053,s2_885_1695,s2_n103_99,s4_n40_7,s1_below_4282,s2_2_3,s6_2009_up,s2_760_2075,s4_37_47,Passenger Car,s5_64_76,Not Deployed,s2_97_208,s1_below_1,Male,s5_114_130,s3_141_159,s2_164_318,s4_160_220,s2_2_4
18054,s3_1695_2555,s2_n103_99,s4_n40_7,s1_below_4282,s2_2_3,s6_2009_up,s2_760_2075,s4_37_47,Truck (<=10000 lbs.),s3_28_48,Deployed,s2_97_208,s1_below_1,Male,s4_96_114,s4_159_169,s2_164_318,s3_80_160,s3_4_5
18055,s3_1695_2555,s2_n103_99,s4_n40_7,s1_below_4282,s3_3_4,s6_2009_up,s2_760_2075,s3_17_37,Truck (<=6000 lbs.),s3_28_48,Not Deployed,s2_97_208,s1_below_1,Male,s2_37_80,s4_159_169,s3_318_464,s4_160_220,s3_4_5
18056,s2_885_1695,s2_n103_99,s4_n40_7,s1_below_4282,s2_2_3,s6_2009_up,s2_760_2075,s5_47_57,Passenger Car,s2_11_28,Not Deployed,s2_97_208,s1_below_1,Female,s2_37_80,s3_141_159,s2_164_318,s3_80_160,s2_2_4
18057,s3_1695_2555,s2_n103_99,s4_n40_7,s1_below_4282,s4_4_5,s6_2009_up,s2_760_2075,s5_47_57,Truck (<=6000 lbs.),s4_48_64,Deployed,s2_97_208,s1_below_1,Female,s3_80_96,s3_141_159,s2_164_318,s3_80_160,s2_2_4
18058,s2_885_1695,s2_n103_99,s3_n81_n40,s1_below_4282,s1_below_2,s6_2009_up,s2_760_2075,s4_37_47,Passenger Car,s2_11_28,Deployed,s2_97_208,s1_below_1,Male,s3_80_96,s3_141_159,s2_164_318,s3_80_160,s2_2_4
18059,s2_885_1695,s2_n103_99,s3_n81_n40,s1_below_4282,s4_4_5,s6_2009_up,s3_2075_3730,s4_37_47,Truck (<=6000 lbs.),s2_11_28,Deployed,s2_97_208,s1_below_1,Male,s2_37_80,s3_141_159,s3_318_464,s3_80_160,s2_2_4
18060,s2_885_1695,s2_n103_99,s4_n40_7,s1_below_4282,s1_below_2,s6_2009_up,s2_760_2075,s3_17_37,Passenger Car,s3_28_48,Deployed,s2_97_208,s1_below_1,Female,s2_37_80,s3_141_159,s2_164_318,s3_80_160,s2_2_4
18061,s2_885_1695,s2_n103_99,s5_7_up,s1_below_4282,s1_below_2,s5_2007_2009,s2_760_2075,s5_47_57,Passenger Car,s2_11_28,Not Deployed,s2_97_208,s1_below_1,Female,s2_37_80,s3_141_159,s2_164_318,s6_260_up,s2_2_4
18062,s3_1695_2555,s2_n103_99,s4_n40_7,s1_below_4282,s2_2_3,s6_2009_up,s2_760_2075,s4_37_47,Truck (<=6000 lbs.),s4_48_64,Not Deployed,s2_97_208,s1_below_1,Female,s2_37_80,s4_159_169,s2_164_318,s3_80_160,s2_2_4
18063,s2_885_1695,s2_n103_99,s4_n40_7,s1_below_4282,s1_below_2,s6_2009_up,s2_760_2075,s5_47_57,Passenger Car,s5_64_76,Deployed,s2_97_208,s1_below_1,Male,s2_37_80,s3_141_159,s2_164_318,s3_80_160,s2_2_4
18064,s3_1695_2555,s2_n103_99,s4_n40_7,s1_below_4282,s4_4_5,s6_2009_up,s2_760_2075,s3_17_37,Truck (<=6000 lbs.),s4_48_64,Not Deployed,s2_97_208,s1_below_1,Female,s6_130_up,s3_141_159,s2_164_318,s2_40_80,s2_2_4
18065,s2_885_1695,s2_n103_99,s4_n40_7,s1_below_4282,s1_below_2,s5_2007_2009,s2_760_2075,s5_47_57,Truck (<=6000 lbs.),s2_11_28,Not Deployed,s2_97_208,s1_below_1,Male,s2_37_80,s3_141_159,s2_164_318,s4_160_220,s2_2_4
18066,s2_885_1695,s2_n103_99,s4_n40_7,s1_below_4282,s1_below_2,s5_2007_2009,s2_760_2075,s3_17_37,Passenger Car,s6_76_up,Not Deployed,s2_97_208,s1_below_1,Male,s3_80_96,s3_141_159,s2_164_318,s4_160_220,s2_2_4
18067,s2_885_1695,s2_n103_99,s4_n40_7,s1_below_4282,s1_below_2,s6_2009_up,s2_760_2075,s4_37_47,Passenger Car,s2_11_28,Deployed,s2_97_208,s1_below_1,Female,s3_80_96,s3_141_159,s2_164_318,s3_80_160,s2_2_4
18068,s2_885_1695,s2_n103_99,s4_n40_7,s1_below_4282,s2_2_3,s5_2007_2009,s2_760_2075,s4_37_47,Passenger Car,s5_64_76,Deployed,s2_97_208,s2_1_2,Male,s2_37_80,s3_141_159,s2_164_318,s3_80_160,s2_2_4
18069,s3_1695_2555,s2_n103_99,s4_n40_7,s1_below_4282,s2_2_3,s6_2009_up,s2_760_2075,s4_37_47,Passenger Car,s5_64_76,Deployed,s2_97_208,s1_below_1,Male,s3_80_96,s3_141_159,s2_164_318,s3_80_160,s2_2_4
18070,s3_1695_2555,s2_n103_99,s4_n40_7,s1_below_4282,s1_below_2,s6_2009_up,s2_760_2075,s3_17_37,Truck (<=10000 lbs.),s2_11_28,Deployed,s2_97_208,s1_below_1,Male,s2_37_80,s5_169_179,s2_164_318,s2_40_80,s3_4_5
18071,s2_885_1695,s2_n103_99,s4_n40_7,s1_below_4282,s2_2_3,s6_2009_up,s2_760_2075,s4_37_47,Passenger Car,s5_64_76,Deployed,s2_97_208,s1_below_1,Female,s4_96_114,s3_141_159,s2_164_318,s3_80_160,s2_2_4
18072,s2_885_1695,s2_n103_99,s4_n40_7,s1_below_4282,s1_below_2,s6_2009_up,s2_760_2075,s3_17_37,Passenger Car,s3_28_48,Deployed,s2_97_208,s1_below_1,Female,s2_37_80,s3_141_159,s2_164_318,s3_80_160,s2_2_4
18073,s2_885_1695,s2_n103_99,s4_n40_7,s1_below_4282,s1_below_2,s6_2009_up,s2_760_2075,s5_47_57,Passenger Car,s6_76_up,Deployed,s2_97_208,s1_below_1,Male,s2_37_80,s3_141_159,s2_164_318,s4_160_220,s2_2_4
18074,s2_885_1695,s2_n103_99,s4_n40_7,s1_below_4282,s1_below_2,s6_2009_up,s2_760_2075,s3_17_37,Passenger Car,s3_28_48,Deployed,s2_97_208,s1_below_1,Female,s6_130_up,s3_141_159,s2_164_318,s3_80_160,s2_2_4
18075,s2_885_1695,s2_n103_99,s4_n40_7,s1_below_4282,s5_5_6,s5_2007_2009,s2_760_2075,s4_37_47,Truck (<=6000 lbs.),s4_48_64,Not Deployed,s2_97_208,s1_below_1,Female,s2_37_80,s3_141_159,s2_164_318,s6_260_up,s2_2_4
18076,s3_1695_2555,s2_n103_99,s4_n40_7,s1_below_4282,s4_4_5,s6_2009_up,s2_760_2075,s4_37_47,Truck (<=6000 lbs.),s4_48_64,Deployed,s2_97_208,s4_3_4,Female,s3_80_96,s4_159_169,s2_164_318,s3_80_160,s2_2_4
18077,s2_885_1695,s2_n103_99,s3_n81_n40,s1_below_4282,s1_below_2,s5_2007_2009,s2_760_2075,s3_17_37,Passenger Car,s4_48_64,Deployed,s2_97_208,s3_2_3,Female,s6_130_up,s3_141_159,s2_164_318,s3_80_160,s2_2_4
18078,s3_1695_2555,s2_n103_99,s4_n40_7,s1_below_4282,s4_4_5,s5_2007_2009,s2_760_2075,s4_37_47,Truck (<=6000 lbs.),s3_28_48,Deployed,s2_97_208,s1_below_1,Female,s2_37_80,s4_159_169,s2_164_318,s3_80_160,s2_2_4
18079,s2_885_1695,s2_n103_99,s5_7_up,s1_below_4282,s3_3_4,s6_2009_up,s2_760_2075,s4_37_47,Passenger Car,s4_48_64,Not Deployed,s2_97_208,s1_below_1,Female,s2_37_80,s3_141_159,s2_164_318,s6_260_up,s2_2_4
18080,s2_885_1695,s2_n103_99,s4_n40_7,s1_below_4282,s1_below_2,s5_2007_2009,s2_760_2075,s3_17_37,Passenger Car,s5_64_76,Not Deployed,s2_97_208,s1_below_1,Female,s2_37_80,s3_141_159,s2_164_318,s3_80_160,s2_2_4
18081,s2_885_1695,s2_n103_99,s3_n81_n40,s1_below_4282,s1_below_2,s6_2009_up,s2_760_2075,s5_47_57,Passenger Car,s5_64_76,Deployed,s2_97_208,s1_below_1,Female,s2_37_80,s3_141_159,s2_164_318,s3_80_160,s2_2_4
18082,s2_885_1695,s2_n103_99,s4_n40_7,s1_below_4282,s1_below_2,s5_2007_2009,s2_760_2075,s3_17_37,Passenger Car,s2_11_28,Not Deployed,s2_97_208,s1_below_1,Female,s2_37_80,s4_159_169,s2_164_318,s4_160_220,s2_2_4
18083,s2_885_1695,s2_n103_99,s4_n40_7,s1_below_4282,s1_below_2,s6_2009_up,s2_760_2075,s3_17_37,Passenger Car,s5_64_76,Not Deployed,s2_97_208,s1_below_1,Male,s3_80_96,s3_141_159,s2_164_318,s4_160_220,s2_2_4
18084,s2_885_1695,s2_n103_99,s4_n40_7,s1_below_4282,s3_3_4,s6_2009_up,s3_2075_3730,s4_37_47,Passenger Car,s6_76_up,Not Deployed,s2_97_208,s1_below_1,Female,s2_37_80,s3_141_159,s2_164_318,s2_40_80,s2_2_4
18085,s2_885_1695,s2_n103_99,s4_n40_7,s1_below_4282,s1_below_2,s6_2009_up,s2_760_2075,s3_17_37,Truck (<=6000 lbs.),s5_64_76,Deployed,s2_97_208,s1_below_1,Male,s5_114_130,s4_159_169,s3_318_464,s3_80_160,s3_4_5
18086,s2_885_1695,s2_n103_99,s4_n40_7,s1_below_4282,s4_4_5,s6_2009_up,s2_760_2075,s5_47_57,Passenger Car,s3_28_48,Not Deployed,s2_97_208,s1_below_1,Male,s3_80_96,s3_141_159,s2_164_318,s4_160_220,s2_2_4
18087,s2_885_1695,s2_n103_99,s4_n40_7,s1_below_4282,s1_below_2,s6_2009_up,s2_760_2075,s3_17_37,Passenger Car,s2_11_28,Not Deployed,s2_97_208,s1_below_1,Female,s2_37_80,s3_141_159,s2_164_318,s4_160_220,s2_2_4
18088,s2_885_1695,s2_n103_99,s3_n81_n40,s1_below_4282,s2_2_3,s6_2009_up,s2_760_2075,s4_37_47,Passenger Car,s3_28_48,Not Deployed,s2_97_208,s1_below_1,Male,s3_80_96,s3_141_159,s2_164_318,s3_80_160,s2_2_4
18089,s3_1695_2555,s2_n103_99,s4_n40_7,s1_below_4282,s1_below_2,s5_2007_2009,s2_760_2075,s3_17_37,Truck (<=6000 lbs.),s3_28_48,Not Deployed,s2_97_208,s1_below_1,Male,s4_96_114,s3_141_159,s3_318_464,s2_40_80,s3_4_5
18090,s2_885_1695,s2_n103_99,s4_n40_7,s1_below_4282,s2_2_3,s6_2009_up,s2_760_2075,s3_17_37,Passenger Car,s5_64_76,Not Deployed,s2_97_208,s1_below_1,Male,s3_80_96,s4_159_169,s2_164_318,s3_80_160,s2_2_4
18091,s3_1695_2555,s2_n103_99,s4_n40_7,s1_below_4282,s3_3_4,s5_2007_2009,s2_760_2075,s3_17_37,Truck (<=10000 lbs.),s4_48_64,Not Deployed,s2_97_208,s3_2_3,Female,s2_37_80,s5_169_179,s2_164_318,s3_80_160,s3_4_5
18092,s2_885_1695,s2_n103_99,s4_n40_7,s1_below_4282,s3_3_4,s6_2009_up,s2_760_2075,s3_17_37,Passenger Car,s3_28_48,Not Deployed,s2_97_208,s1_below_1,Female,s2_37_80,s3_141_159,s2_164_318,s3_80_160,s2_2_4
18093,s2_885_1695,s2_n103_99,s4_n40_7,s1_below_4282,s5_5_6,s6_2009_up,s2_760_2075,s3_17_37,Passenger Car,s2_11_28,Deployed,s2_97_208,s2_1_2,Male,s2_37_80,s3_141_159,s2_164_318,s3_80_160,s2_2_4
18094,s2_885_1695,s2_n103_99,s4_n40_7,s1_below_4282,s1_below_2,s5_2007_2009,s3_2075_3730,s3_17_37,Passenger Car,s2_11_28,Deployed,s2_97_208,s1_below_1,Male,s2_37_80,s3_141_159,s2_164_318,s3_80_160,s2_2_4
18095,s4_2555_3715,s2_n103_99,s4_n40_7,s1_below_4282,s1_below_2,s5_2007_2009,s2_760_2075,s3_17_37,Truck (<=10000 lbs.),s3_28_48,Deployed,s2_97_208,s1_below_1,Male,s2_37_80,s5_169_179,s3_318_464,s3_80_160,s5_6_7
18096,s3_1695_2555,s2_n103_99,s4_n40_7,s1_below_4282,s1_below_2,s6_2009_up,s2_760_2075,s5_47_57,Passenger Car,s3_28_48,Deployed,s2_97_208,s1_below_1,Male,s6_130_up,s4_159_169,s2_164_318,s4_160_220,s3_4_5
18097,s2_885_1695,s2_n103_99,s4_n40_7,s1_below_4282,s2_2_3,s6_2009_up,s3_2075_3730,s4_37_47,Passenger Car,s6_76_up,Not Deployed,s2_97_208,s1_below_1,Female,s2_37_80,s3_141_159,s2_164_318,s3_80_160,s2_2_4
18098,s2_885_1695,s2_n103_99,s4_n40_7,s1_below_4282,s2_2_3,s6_2009_up,s2_760_2075,s3_17_37,Passenger Car,s2_11_28,Deployed,s2_97_208,s1_below_1,Female,s2_37_80,s3_141_159,s2_164_318,s3_80_160,s2_2_4
18099,s2_885_1695,s2_n103_99,s3_n81_n40,s1_below_4282,s1_below_2,s6_2009_up,s3_2075_3730,s3_17_37,Passenger Car,s3_28_48,Deployed,s2_97_208,s2_1_2,Female,s5_114_130,s3_141_159,s2_164_318,s3_80_160,s2_2_4
18100,s2_885_1695,s2_n103_99,s4_n40_7,s1_below_4282,s5_5_6,s6_2009_up,s2_760_2075,s5_47_57,Passenger Car,s5_64_76,Not Deployed,s2_97_208,s1_below_1,Female,s3_80_96,s3_141_159,s2_164_318,s3_80_160,s2_2_4
18101,s3_1695_2555,s2_n103_99,s4_n40_7,s1_below_4282,s1_below_2,s6_2009_up,s2_760_2075,s3_17_37,Truck (<=10000 lbs.),s2_11_28,Deployed,s2_97_208,s3_2_3,Female,s2_37_80,s3_141_159,s2_164_318,s2_40_80,s2_2_4
18102,s2_885_1695,s2_n103_99,s5_7_up,s1_below_4282,s3_3_4,s5_2007_2009,s2_760_2075,s5_47_57,Truck (<=6000 lbs.),s4_48_64,Not Deployed,s2_97_208,s1_below_1,Male,s2_37_80,s3_141_159,s2_164_318,s6_260_up,s2_2_4
18103,s2_885_1695,s2_n103_99,s4_n40_7,s1_below_4282,s2_2_3,s6_2009_up,s2_760_2075,s5_47_57,Passenger Car,s6_76_up,Deployed,s2_97_208,s1_below_1,Male,s3_80_96,s3_141_159,s2_164_318,s3_80_160,s2_2_4
18104,s2_885_1695,s2_n103_99,s4_n40_7,s1_below_4282,s1_below_2,s6_2009_up,s2_760_2075,s3_17_37,Passenger Car,s3_28_48,Not Deployed,s2_97_208,s1_below_1,Male,s2_37_80,s3_141_159,s2_164_318,s3_80_160,s2_2_4
18105,s2_885_1695,s2_n103_99,s4_n40_7,s1_below_4282,s5_5_6,s6_2009_up,s2_760_2075,s3_17_37,Passenger Car,s3_28_48,Not Deployed,s2_97_208,s1_below_1,Female,s2_37_80,s3_141_159,s2_164_318,s3_80_160,s2_2_4
18106,s2_885_1695,s2_n103_99,s4_n40_7,s1_below_4282,s4_4_5,s6_2009_up,s2_760_2075,s3_17_37,Passenger Car,s2_11_28,Deployed,s2_97_208,s1_below_1,Female,s2_37_80,s4_159_169,s2_164_318,s3_80_160,s2_2_4
18107,s2_885_1695,s2_n103_99,s4_n40_7,s1_below_4282,s4_4_5,s5_2007_2009,s2_760_2075,s3_17_37,Passenger Car,s2_11_28,Deployed,s2_97_208,s1_below_1,Female,s2_37_80,s3_141_159,s2_164_318,s4_160_220,s2_2_4
18108,s2_885_1695,s2_n103_99,s4_n40_7,s1_below_4282,s4_4_5,s6_2009_up,s3_2075_3730,s3_17_37,Passenger Car,s2_11_28,Deployed,s2_97_208,s1_below_1,Female,s3_80_96,s3_141_159,s2_164_318,s3_80_160,s2_2_4
18109,s2_885_1695,s2_n103_99,s4_n40_7,s1_below_4282,s1_below_2,s6_2009_up,s2_760_2075,s3_17_37,Passenger Car,s4_48_64,Deployed,s2_97_208,s1_below_1,Male,s2_37_80,s3_141_159,s2_164_318,s3_80_160,s2_2_4
18110,s2_885_1695,s2_n103_99,s4_n40_7,s1_below_4282,s3_3_4,s6_2009_up,s2_760_2075,s3_17_37,Passenger Car,s2_11_28,Deployed,s2_97_208,s2_1_2,Female,s2_37_80,s3_141_159,s2_164_318,s3_80_160,s2_2_4
18111,s3_1695_2555,s2_n103_99,s3_n81_n40,s1_below_4282,s3_3_4,s5_2007_2009,s2_760_2075,s5_47_57,Passenger Car,s6_76_up,Deployed,s2_97_208,s2_1_2,Male,s5_114_130,s3_141_159,s2_164_318,s3_80_160,s2_2_4
18112,s2_885_1695,s2_n103_99,s3_n81_n40,s1_below_4282,s1_below_2,s6_2009_up,s2_760_2075,s3_17_37,Passenger Car,s2_11_28,Deployed,s2_97_208,s1_below_1,Male,s2_37_80,s3_141_159,s2_164_318,s3_80_160,s2_2_4
18113,s2_885_1695,s2_n103_99,s4_n40_7,s1_below_4282,s1_below_2,s6_2009_up,s2_760_2075,s3_17_37,Passenger Car,s3_28_48,Deployed,s2_97_208,s2_1_2,Female,s2_37_80,s3_141_159,s2_164_318,s3_80_160,s2_2_4
18114,s3_1695_2555,s2_n103_99,s4_n40_7,s1_below_4282,s1_below_2,s5_2007_2009,s3_2075_3730,s3_17_37,Truck (<=10000 lbs.),s3_28_48,Not Deployed,s2_97_208,s1_below_1,Male,s3_80_96,s4_159_169,s2_164_318,s3_80_160,s2_2_4
18115,s2_885_1695,s2_n103_99,s4_n40_7,s1_below_4282,s3_3_4,s6_2009_up,s2_760_2075,s4_37_47,Passenger Car,s3_28_48,Deployed,s2_97_208,s1_below_1,Female,s2_37_80,s3_141_159,s2_164_318,s3_80_160,s2_2_4
18116,s3_1695_2555,s2_n103_99,s4_n40_7,s1_below_4282,s1_below_2,s5_2007_2009,s3_2075_3730,s3_17_37,Truck (<=6000 lbs.),s4_48_64,Deployed,s2_97_208,s1_below_1,Female,s3_80_96,s3_141_159,s2_164_318,s3_80_160,s2_2_4
18117,s3_1695_2555,s2_n103_99,s4_n40_7,s1_below_4282,s1_below_2,s6_2009_up,s2_760_2075,s3_17_37,Truck (<=10000 lbs.),s3_28_48,Deployed,s2_97_208,s1_below_1,Female,s2_37_80,s4_159_169,s2_164_318,s4_160_220,s3_4_5
18118,s2_885_1695,s2_n103_99,s4_n40_7,s1_below_4282,s3_3_4,s5_2007_2009,s2_760_2075,s4_37_47,Passenger Car,s3_28_48,Deployed,s2_97_208,s1_below_1,Female,s3_80_96,s3_141_159,s2_164_318,s3_80_160,s2_2_4
18119,s2_885_1695,s2_n103_99,s4_n40_7,s1_below_4282,s1_below_2,s6_2009_up,s2_760_2075,s3_17_37,Passenger Car,s5_64_76,Not Deployed,s2_97_208,s1_below_1,Female,s2_37_80,s3_141_159,s2_164_318,s3_80_160,s2_2_4
18120,s2_885_1695,s2_n103_99,s4_n40_7,s1_below_4282,s3_3_4,s6_2009_up,s2_760_2075,s3_17_37,Passenger Car,s3_28_48,Deployed,s2_97_208,s4_3_4,Male,s2_37_80,s3_141_159,s2_164_318,s3_80_160,s2_2_4
18121,s2_885_1695,s2_n103_99,s4_n40_7,s1_below_4282,s1_below_2,s5_2007_2009,s2_760_2075,s3_17_37,Passenger Car,s3_28_48,Not Deployed,s2_97_208,s1_below_1,Female,s2_37_80,s3_141_159,s2_164_318,s3_80_160,s2_2_4
18122,s2_885_1695,s2_n103_99,s3_n81_n40,s1_below_4282,s1_below_2,s5_2007_2009,s2_760_2075,s3_17_37,Passenger Car,s3_28_48,Deployed,s2_97_208,s1_below_1,Male,s4_96_114,s3_141_159,s2_164_318,s4_160_220,s2_2_4
18123,s2_885_1695,s2_n103_99,s4_n40_7,s1_below_4282,s1_below_2,s5_2007_2009,s2_760_2075,s3_17_37,Passenger Car,s4_48_64,Not Deployed,s2_97_208,s1_below_1,Female,s2_37_80,s3_141_159,s2_164_318,s3_80_160,s2_2_4
18124,s2_885_1695,s2_n103_99,s4_n40_7,s1_below_4282,s1_below_2,s6_2009_up,s3_2075_3730,s3_17_37,Truck (<=6000 lbs.),s2_11_28,Not Deployed,s2_97_208,s1_below_1,Male,s4_96_114,s4_159_169,s2_164_318,s3_80_160,s2_2_4
18125,s2_885_1695,s2_n103_99,s4_n40_7,s1_below_4282,s1_below_2,s5_2007_2009,s2_760_2075,s3_17_37,Passenger Car,s2_11_28,Not Deployed,s2_97_208,s1_below_1,Male,s2_37_80,s3_141_159,s2_164_318,s2_40_80,s2_2_4
18126,s2_885_1695,s2_n103_99,s5_7_up,s1_below_4282,s1_below_2,s6_2009_up,s2_760_2075,s5_47_57,Passenger Car,s4_48_64,Not Deployed,s2_97_208,s1_below_1,Male,s2_37_80,s3_141_159,s2_164_318,s6_260_up,s2_2_4
18127,s3_1695_2555,s2_n103_99,s4_n40_7,s1_below_4282,s4_4_5,s6_2009_up,s2_760_2075,s4_37_47,Truck (<=10000 lbs.),s3_28_48,Not Deployed,s2_97_208,s1_below_1,Male,s3_80_96,s5_169_179,s3_318_464,s3_80_160,s4_5_6
18128,s2_885_1695,s2_n103_99,s4_n40_7,s1_below_4282,s6_6_up,s6_2009_up,s2_760_2075,s4_37_47,Passenger Car,s2_11_28,Deployed,s2_97_208,s1_below_1,Male,s2_37_80,s3_141_159,s2_164_318,s3_80_160,s2_2_4
18129,s2_885_1695,s2_n103_99,s5_7_up,s1_below_4282,s3_3_4,s6_2009_up,s2_760_2075,s3_17_37,Passenger Car,s4_48_64,Not Deployed,s2_97_208,s1_below_1,Male,s3_80_96,s3_141_159,s2_164_318,s6_260_up,s2_2_4
18130,s2_885_1695,s2_n103_99,s4_n40_7,s1_below_4282,s1_below_2,s5_2007_2009,s2_760_2075,s3_17_37,Truck (<=6000 lbs.),s4_48_64,Not Deployed,s2_97_208,s1_below_1,Female,s3_80_96,s3_141_159,s2_164_318,s3_80_160,s2_2_4
18131,s2_885_1695,s2_n103_99,s4_n40_7,s1_below_4282,s3_3_4,s5_2007_2009,s2_760_2075,s4_37_47,Passenger Car,s2_11_28,Deployed,s2_97_208,s2_1_2,Male,s4_96_114,s3_141_159,s2_164_318,s3_80_160,s2_2_4
18132,s2_885_1695,s2_n103_99,s4_n40_7,s1_below_4282,s6_6_up,s6_2009_up,s3_2075_3730,s4_37_47,Truck (<=6000 lbs.),s4_48_64,Not Deployed,s2_97_208,s1_below_1,Female,s2_37_80,s3_141_159,s2_164_318,s3_80_160,s2_2_4
18133,s3_1695_2555,s2_n103_99,s4_n40_7,s1_below_4282,s1_below_2,s6_2009_up,s2_760_2075,s3_17_37,Passenger Car,s2_11_28,Not Deployed,s2_97_208,s1_below_1,Female,s3_80_96,s4_159_169,s2_164_318,s3_80_160,s2_2_4
18134,s2_885_1695,s2_n103_99,s4_n40_7,s1_below_4282,s1_below_2,s5_2007_2009,s2_760_2075,s3_17_37,Passenger Car,s5_64_76,Not Deployed,s2_97_208,s4_3_4,Female,s4_96_114,s3_141_159,s2_164_318,s3_80_160,s2_2_4
18135,s3_1695_2555,s2_n103_99,s4_n40_7,s1_below_4282,s3_3_4,s5_2007_2009,s2_760_2075,s3_17_37,Truck (<=6000 lbs.),s6_76_up,Not Deployed,s2_97_208,s1_below_1,Male,s3_80_96,s3_141_159,s2_164_318,s3_80_160,s2_2_4
18136,s2_885_1695,s2_n103_99,s5_7_up,s1_below_4282,s1_below_2,s5_2007_2009,s2_760_2075,s4_37_47,Passenger Car,s5_64_76,Not Deployed,s2_97_208,s1_below_1,Male,s2_37_80,s3_141_159,s2_164_318,s6_260_up,s2_2_4
18137,s2_885_1695,s2_n103_99,s5_7_up,s1_below_4282,s1_below_2,s6_2009_up,s2_760_2075,s6_57_up,Truck (<=6000 lbs.),s3_28_48,Not Deployed,s2_97_208,s1_below_1,Female,s4_96_114,s3_141_159,s2_164_318,s6_260_up,s2_2_4
18138,s2_885_1695,s2_n103_99,s4_n40_7,s1_below_4282,s1_below_2,s6_2009_up,s2_760_2075,s3_17_37,Passenger Car,s2_11_28,Not Deployed,s2_97_208,s1_below_1,Female,s2_37_80,s3_141_159,s2_164_318,s3_80_160,s2_2_4
18139,s2_885_1695,s2_n103_99,s4_n40_7,s1_below_4282,s3_3_4,s5_2007_2009,s2_760_2075,s4_37_47,Passenger Car,s4_48_64,Not Deployed,s2_97_208,s1_below_1,Male,s6_130_up,s3_141_159,s2_164_318,s1_below_40,s2_2_4
18140,s2_885_1695,s2_n103_99,s4_n40_7,s1_below_4282,s1_below_2,s6_2009_up,s2_760_2075,s3_17_37,Passenger Car,s4_48_64,Deployed,s2_97_208,s1_below_1,Female,s2_37_80,s3_141_159,s2_164_318,s3_80_160,s2_2_4
18141,s2_885_1695,s2_n103_99,s4_n40_7,s1_below_4282,s3_3_4,s5_2007_2009,s3_2075_3730,s4_37_47,Truck (<=6000 lbs.),s3_28_48,Deployed,s2_97_208,s1_below_1,Male,s4_96_114,s3_141_159,s2_164_318,s3_80_160,s2_2_4
18142,s2_885_1695,s2_n103_99,s4_n40_7,s1_below_4282,s3_3_4,s6_2009_up,s2_760_2075,s4_37_47,Truck (<=6000 lbs.),s2_11_28,Not Deployed,s2_97_208,s1_below_1,Female,s3_80_96,s3_141_159,s2_164_318,s3_80_160,s2_2_4
18143,s2_885_1695,s2_n103_99,s4_n40_7,s1_below_4282,s1_below_2,s5_2007_2009,s2_760_2075,s2_7_17,Truck (<=6000 lbs.),s4_48_64,Not Deployed,s2_97_208,s1_below_1,Female,s2_37_80,s3_141_159,s2_164_318,s3_80_160,s2_2_4
18144,s3_1695_2555,s2_n103_99,s4_n40_7,s1_below_4282,s1_below_2,s6_2009_up,s2_760_2075,s3_17_37,Truck (<=6000 lbs.),s3_28_48,Not Deployed,s2_97_208,s1_below_1,Female,s4_96_114,s4_159_169,s2_164_318,s3_80_160,s2_2_4
18145,s3_1695_2555,s2_n103_99,s4_n40_7,s1_below_4282,s2_2_3,s6_2009_up,s2_760_2075,s3_17_37,Truck (<=10000 lbs.),s5_64_76,Not Deployed,s2_97_208,s1_below_1,Male,s3_80_96,s5_169_179,s3_318_464,s4_160_220,s4_5_6
18146,s2_885_1695,s2_n103_99,s4_n40_7,s1_below_4282,s1_below_2,s6_2009_up,s2_760_2075,s4_37_47,Passenger Car,s2_11_28,Deployed,s2_97_208,s2_1_2,Female,s3_80_96,s3_141_159,s2_164_318,s2_40_80,s2_2_4
18147,s3_1695_2555,s2_n103_99,s4_n40_7,s1_below_4282,s1_below_2,s5_2007_2009,s3_2075_3730,s3_17_37,Passenger Car,s6_76_up,Not Deployed,s2_97_208,s1_below_1,Male,s4_96_114,s4_159_169,s2_164_318,s4_160_220,s3_4_5
18148,s2_885_1695,s2_n103_99,s4_n40_7,s1_below_4282,s3_3_4,s6_2009_up,s2_760_2075,s4_37_47,Passenger Car,s5_64_76,Deployed,s2_97_208,s1_below_1,Male,s2_37_80,s3_141_159,s2_164_318,s3_80_160,s2_2_4
18149,s2_885_1695,s2_n103_99,s4_n40_7,s1_below_4282,s3_3_4,s6_2009_up,s2_760_2075,s4_37_47,Passenger Car,s4_48_64,Not Deployed,s2_97_208,s1_below_1,Male,s3_80_96,s3_141_159,s2_164_318,s4_160_220,s2_2_4
18150,s3_1695_2555,s2_n103_99,s4_n40_7,s1_below_4282,s1_below_2,s5_2007_2009,s2_760_2075,s3_17_37,Truck (<=10000 lbs.),s4_48_64,Deployed,s2_97_208,s1_below_1,Male,s6_130_up,s3_141_159,s2_164_318,s3_80_160,s2_2_4
18151,s2_885_1695,s2_n103_99,s3_n81_n40,s1_below_4282,s3_3_4,s6_2009_up,s2_760_2075,s5_47_57,Passenger Car,s4_48_64,Deployed,s2_97_208,s5_4_5,Male,s2_37_80,s3_141_159,s2_164_318,s3_80_160,s2_2_4
18152,s2_885_1695,s2_n103_99,s4_n40_7,s1_below_4282,s5_5_6,s5_2007_2009,s2_760_2075,s5_47_57,Passenger Car,s4_48_64,Deployed,s2_97_208,s1_below_1,Male,s3_80_96,s3_141_159,s2_164_318,s3_80_160,s2_2_4
18153,s2_885_1695,s2_n103_99,s4_n40_7,s1_below_4282,s2_2_3,s6_2009_up,s2_760_2075,s4_37_47,Passenger Car,s5_64_76,Not Deployed,s2_97_208,s1_below_1,Female,s2_37_80,s3_141_159,s2_164_318,s3_80_160,s2_2_4
18154,s2_885_1695,s2_n103_99,s4_n40_7,s1_below_4282,s2_2_3,s5_2007_2009,s2_760_2075,s3_17_37,Passenger Car,s2_11_28,Not Deployed,s2_97_208,s2_1_2,Female,s2_37_80,s3_141_159,s2_164_318,s4_160_220,s2_2_4
18155,s3_1695_2555,s2_n103_99,s4_n40_7,s1_below_4282,s6_6_up,s6_2009_up,s2_760_2075,s5_47_57,Passenger Car,s4_48_64,Deployed,s2_97_208,s1_below_1,Male,s4_96_114,s3_141_159,s2_164_318,s3_80_160,s2_2_4
18156,s2_885_1695,s2_n103_99,s4_n40_7,s1_below_4282,s2_2_3,s5_2007_2009,s2_760_2075,s4_37_47,Passenger Car,s2_11_28,Deployed,s2_97_208,s2_1_2,Female,s2_37_80,s3_141_159,s2_164_318,s3_80_160,s2_2_4
18157,s2_885_1695,s1_below_n103,s4_n40_7,s1_below_4282,s5_5_6,s6_2009_up,s3_2075_3730,s5_47_57,Passenger Car,s2_11_28,Not Deployed,s2_97_208,s3_2_3,Male,s4_96_114,s3_141_159,s2_164_318,s4_160_220,s2_2_4
18158,s3_1695_2555,s2_n103_99,s4_n40_7,s1_below_4282,s3_3_4,s6_2009_up,s2_760_2075,s3_17_37,Passenger Car,s5_64_76,Deployed,s2_97_208,s1_below_1,Male,s4_96_114,s3_141_159,s2_164_318,s3_80_160,s2_2_4
18159,s2_885_1695,s2_n103_99,s4_n40_7,s1_below_4282,s3_3_4,s6_2009_up,s2_760_2075,s5_47_57,Passenger Car,s3_28_48,Deployed,s2_97_208,s1_below_1,Female,s2_37_80,s3_141_159,s2_164_318,s3_80_160,s2_2_4
18160,s2_885_1695,s2_n103_99,s3_n81_n40,s1_below_4282,s1_below_2,s5_2007_2009,s2_760_2075,s3_17_37,Passenger Car,s2_11_28,Deployed,s2_97_208,s2_1_2,Male,s2_37_80,s3_141_159,s2_164_318,s3_80_160,s2_2_4
18161,s2_885_1695,s2_n103_99,s4_n40_7,s1_below_4282,s1_below_2,s6_2009_up,s2_760_2075,s5_47_57,Truck (<=10000 lbs.),s6_76_up,Deployed,s2_97_208,s1_below_1,Male,s4_96_114,s5_169_179,s3_318_464,s4_160_220,s4_5_6
18162,s2_885_1695,s2_n103_99,s4_n40_7,s1_below_4282,s2_2_3,s6_2009_up,s2_760_2075,s4_37_47,Passenger Car,s3_28_48,Deployed,s2_97_208,s1_below_1,Male,s4_96_114,s3_141_159,s2_164_318,s3_80_160,s2_2_4
18163,s2_885_1695,s2_n103_99,s4_n40_7,s1_below_4282,s1_below_2,s6_2009_up,s2_760_2075,s5_47_57,Passenger Car,s2_11_28,Deployed,s2_97_208,s1_below_1,Male,s3_80_96,s3_141_159,s2_164_318,s3_80_160,s2_2_4
18164,s3_1695_2555,s2_n103_99,s4_n40_7,s1_below_4282,s4_4_5,s6_2009_up,s2_760_2075,s5_47_57,Passenger Car,s3_28_48,Deployed,s2_97_208,s1_below_1,Male,s3_80_96,s3_141_159,s2_164_318,s3_80_160,s3_4_5
18165,s2_885_1695,s2_n103_99,s5_7_up,s1_below_4282,s1_below_2,s5_2007_2009,s3_2075_3730,s5_47_57,Passenger Car,s2_11_28,Not Deployed,s2_97_208,s1_below_1,Female,s3_80_96,s3_141_159,s2_164_318,s6_260_up,s2_2_4
18166,s3_1695_2555,s2_n103_99,s4_n40_7,s1_below_4282,s1_below_2,s6_2009_up,s2_760_2075,s4_37_47,Truck (<=10000 lbs.),s4_48_64,Deployed,s2_97_208,s2_1_2,Male,s4_96_114,s5_169_179,s2_164_318,s3_80_160,s2_2_4
18167,s2_885_1695,s2_n103_99,s4_n40_7,s1_below_4282,s3_3_4,s6_2009_up,s2_760_2075,s4_37_47,Passenger Car,s5_64_76,Not Deployed,s2_97_208,s3_2_3,Male,s4_96_114,s3_141_159,s2_164_318,s4_160_220,s2_2_4
18168,s3_1695_2555,s2_n103_99,s4_n40_7,s1_below_4282,s3_3_4,s6_2009_up,s2_760_2075,s4_37_47,Passenger Car,s3_28_48,Deployed,s2_97_208,s1_below_1,Male,s2_37_80,s3_141_159,s2_164_318,s3_80_160,s2_2_4
18169,s2_885_1695,s2_n103_99,s4_n40_7,s1_below_4282,s3_3_4,s6_2009_up,s2_760_2075,s4_37_47,Truck (<=6000 lbs.),s3_28_48,Deployed,s2_97_208,s1_below_1,Female,s2_37_80,s3_141_159,s2_164_318,s4_160_220,s2_2_4
18170,s3_1695_2555,s2_n103_99,s4_n40_7,s1_below_4282,s1_below_2,s5_2007_2009,s2_760_2075,s3_17_37,Truck (<=6000 lbs.),s3_28_48,Not Deployed,s2_97_208,s1_below_1,Female,s4_96_114,s5_169_179,s2_164_318,s4_160_220,s2_2_4
18171,s2_885_1695,s2_n103_99,s4_n40_7,s1_below_4282,s1_below_2,s6_2009_up,s2_760_2075,s6_57_up,Passenger Car,s3_28_48,Not Deployed,s2_97_208,s1_below_1,Male,s2_37_80,s3_141_159,s2_164_318,s3_80_160,s2_2_4
18172,s2_885_1695,s2_n103_99,s4_n40_7,s1_below_4282,s1_below_2,s5_2007_2009,s2_760_2075,s4_37_47,Truck (<=6000 lbs.),s3_28_48,Deployed,s2_97_208,s1_below_1,Female,s2_37_80,s3_141_159,s2_164_318,s3_80_160,s2_2_4
18173,s2_885_1695,s2_n103_99,s4_n40_7,s1_below_4282,s1_below_2,s5_2007_2009,s2_760_2075,s5_47_57,Passenger Car,s5_64_76,Deployed,s2_97_208,s1_below_1,Female,s2_37_80,s3_141_159,s2_164_318,s3_80_160,s2_2_4
18174,s3_1695_2555,s2_n103_99,s5_7_up,s1_below_4282,s2_2_3,s5_2007_2009,s2_760_2075,s5_47_57,Truck (<=6000 lbs.),s3_28_48,Deployed,s2_97_208,s1_below_1,Female,s2_37_80,s3_141_159,s2_164_318,s6_260_up,s2_2_4
18175,s2_885_1695,s2_n103_99,s4_n40_7,s1_below_4282,s1_below_2,s5_2007_2009,s2_760_2075,s5_47_57,Passenger Car,s4_48_64,Not Deployed,s2_97_208,s1_below_1,Male,s4_96_114,s3_141_159,s2_164_318,s4_160_220,s2_2_4
18176,s3_1695_2555,s2_n103_99,s4_n40_7,s1_below_4282,s1_below_2,s5_2007_2009,s2_760_2075,s3_17_37,Passenger Car,s4_48_64,Deployed,s2_97_208,s1_below_1,Female,s3_80_96,s4_159_169,s2_164_318,s3_80_160,s2_2_4
18177,s2_885_1695,s2_n103_99,s4_n40_7,s1_below_4282,s3_3_4,s5_2007_2009,s2_760_2075,s4_37_47,Passenger Car,s4_48_64,Not Deployed,s2_97_208,s1_below_1,Female,s2_37_80,s4_159_169,s2_164_318,s3_80_160,s2_2_4
18178,s2_885_1695,s2_n103_99,s4_n40_7,s1_below_4282,s3_3_4,s5_2007_2009,s2_760_2075,s4_37_47,Truck (<=6000 lbs.),s6_76_up,Deployed,s2_97_208,s1_below_1,Male,s4_96_114,s3_141_159,s2_164_318,s3_80_160,s2_2_4
18179,s2_885_1695,s2_n103_99,s4_n40_7,s1_below_4282,s3_3_4,s6_2009_up,s2_760_2075,s3_17_37,Passenger Car,s2_11_28,Not Deployed,s2_97_208,s1_below_1,Female,s2_37_80,s3_141_159,s2_164_318,s4_160_220,s2_2_4
18180,s2_885_1695,s2_n103_99,s4_n40_7,s1_below_4282,s3_3_4,s6_2009_up,s2_760_2075,s3_17_37,Passenger Car,s2_11_28,Deployed,s2_97_208,s1_below_1,Male,s2_37_80,s3_141_159,s2_164_318,s3_80_160,s2_2_4
18181,s2_885_1695,s2_n103_99,s4_n40_7,s1_below_4282,s2_2_3,s6_2009_up,s2_760_2075,s4_37_47,Truck (<=6000 lbs.),s2_11_28,Not Deployed,s2_97_208,s1_below_1,Female,s2_37_80,s3_141_159,s2_164_318,s2_40_80,s2_2_4
18182,s3_1695_2555,s2_n103_99,s4_n40_7,s1_below_4282,s3_3_4,s6_2009_up,s2_760_2075,s3_17_37,Truck (<=6000 lbs.),s2_11_28,Deployed,s2_97_208,s1_below_1,Female,s2_37_80,s4_159_169,s2_164_318,s4_160_220,s2_2_4
18183,s3_1695_2555,s2_n103_99,s5_7_up,s1_below_4282,s2_2_3,s6_2009_up,s2_760_2075,s6_57_up,Passenger Car,s2_11_28,Not Deployed,s2_97_208,s1_below_1,Female,s2_37_80,s3_141_159,s2_164_318,s6_260_up,s2_2_4
18184,s2_885_1695,s2_n103_99,s5_7_up,s1_below_4282,s1_below_2,s6_2009_up,s3_2075_3730,s5_47_57,Passenger Car,s4_48_64,Not Deployed,s2_97_208,s1_below_1,Female,s2_37_80,s3_141_159,s2_164_318,s6_260_up,s2_2_4
18185,s2_885_1695,s2_n103_99,s4_n40_7,s1_below_4282,s3_3_4,s5_2007_2009,s2_760_2075,s5_47_57,Passenger Car,s4_48_64,Deployed,s2_97_208,s2_1_2,Female,s3_80_96,s3_141_159,s2_164_318,s4_160_220,s2_2_4
18186,s2_885_1695,s2_n103_99,s4_n40_7,s1_below_4282,s1_below_2,s5_2007_2009,s2_760_2075,s3_17_37,Passenger Car,s2_11_28,Not Deployed,s2_97_208,s1_below_1,Female,s2_37_80,s3_141_159,s2_164_318,s4_160_220,s2_2_4
18187,s2_885_1695,s2_n103_99,s4_n40_7,s1_below_4282,s5_5_6,s6_2009_up,s3_2075_3730,s3_17_37,Passenger Car,s3_28_48,Not Deployed,s2_97_208,s1_below_1,Male,s2_37_80,s3_141_159,s2_164_318,s4_160_220,s2_2_4
18188,s3_1695_2555,s2_n103_99,s4_n40_7,s1_below_4282,s1_below_2,s6_2009_up,s2_760_2075,s5_47_57,Truck (<=10000 lbs.),s5_64_76,Deployed,s2_97_208,s1_below_1,Female,s2_37_80,s3_141_159,s2_164_318,s3_80_160,s2_2_4
18189,s2_885_1695,s2_n103_99,s4_n40_7,s1_below_4282,s4_4_5,s6_2009_up,s2_760_2075,s4_37_47,Truck (<=6000 lbs.),s4_48_64,Not Deployed,s2_97_208,s1_below_1,Female,s2_37_80,s3_141_159,s2_164_318,s4_160_220,s2_2_4
18190,s2_885_1695,s2_n103_99,s4_n40_7,s1_below_4282,s4_4_5,s5_2007_2009,s2_760_2075,s3_17_37,Passenger Car,s3_28_48,Not Deployed,s2_97_208,s1_below_1,Female,s4_96_114,s3_141_159,s2_164_318,s3_80_160,s2_2_4
18191,s2_885_1695,s2_n103_99,s4_n40_7,s1_below_4282,s2_2_3,s6_2009_up,s2_760_2075,s6_57_up,Truck (<=6000 lbs.),s4_48_64,Not Deployed,s2_97_208,s1_below_1,Female,s2_37_80,s3_141_159,s2_164_318,s6_260_up,s2_2_4
18192,s4_2555_3715,s2_n103_99,s4_n40_7,s1_below_4282,s2_2_3,s6_2009_up,s2_760_2075,s6_57_up,Truck (<=10000 lbs.),s5_64_76,Not Deployed,s2_97_208,s1_below_1,Male,s4_96_114,s5_169_179,s2_164_318,s4_160_220,s3_4_5
18193,s3_1695_2555,s2_n103_99,s4_n40_7,s1_below_4282,s2_2_3,s5_2007_2009,s2_760_2075,s6_57_up,Truck (<=10000 lbs.),s3_28_48,Deployed,s2_97_208,s2_1_2,Female,s2_37_80,s5_169_179,s2_164_318,s3_80_160,s3_4_5
18194,s2_885_1695,s2_n103_99,s4_n40_7,s1_below_4282,s1_below_2,s6_2009_up,s2_760_2075,s3_17_37,Passenger Car,s3_28_48,Not Deployed,s2_97_208,s1_below_1,Male,s3_80_96,s3_141_159,s2_164_318,s3_80_160,s2_2_4
18195,s2_885_1695,s2_n103_99,s4_n40_7,s1_below_4282,s2_2_3,s6_2009_up,s2_760_2075,s1_below_7,Passenger Car,s3_28_48,Deployed,s2_97_208,s1_below_1,Female,s2_37_80,s3_141_159,s2_164_318,s2_40_80,s2_2_4
18196,s2_885_1695,s2_n103_99,s4_n40_7,s1_below_4282,s2_2_3,s6_2009_up,s2_760_2075,s6_57_up,Passenger Car,s3_28_48,Deployed,s2_97_208,s1_below_1,Female,s2_37_80,s3_141_159,s2_164_318,s3_80_160,s2_2_4
18197,s2_885_1695,s2_n103_99,s4_n40_7,s1_below_4282,s4_4_5,s5_2007_2009,s2_760_2075,s4_37_47,Passenger Car,s2_11_28,Deployed,s2_97_208,s1_below_1,Female,s6_130_up,s3_141_159,s2_164_318,s3_80_160,s2_2_4
18198,s2_885_1695,s2_n103_99,s4_n40_7,s1_below_4282,s1_below_2,s5_2007_2009,s2_760_2075,s1_below_7,Passenger Car,s2_11_28,Not Deployed,s2_97_208,s1_below_1,Female,s2_37_80,s4_159_169,s2_164_318,s2_40_80,s2_2_4
18199,s2_885_1695,s2_n103_99,s4_n40_7,s1_below_4282,s1_below_2,s6_2009_up,s2_760_2075,s4_37_47,Passenger Car,s4_48_64,Deployed,s2_97_208,s1_below_1,Female,s2_37_80,s3_141_159,s2_164_318,s3_80_160,s2_2_4
18200,s3_1695_2555,s2_n103_99,s4_n40_7,s1_below_4282,s1_below_2,s6_2009_up,s2_760_2075,s5_47_57,Truck (<=10000 lbs.),s6_76_up,Not Deployed,s2_97_208,s1_below_1,Male,s6_130_up,s4_159_169,s2_164_318,s3_80_160,s3_4_5
18201,s2_885_1695,s2_n103_99,s4_n40_7,s1_below_4282,s5_5_6,s6_2009_up,s2_760_2075,s4_37_47,Passenger Car,s4_48_64,Not Deployed,s2_97_208,s1_below_1,Male,s2_37_80,s4_159_169,s2_164_318,s4_160_220,s2_2_4
18202,s3_1695_2555,s2_n103_99,s4_n40_7,s1_below_4282,s1_below_2,s6_2009_up,s2_760_2075,s4_37_47,Truck (<=6000 lbs.),s3_28_48,Not Deployed,s2_97_208,s1_below_1,Female,s3_80_96,s4_159_169,s2_164_318,s2_40_80,s2_2_4
18203,s2_885_1695,s2_n103_99,s4_n40_7,s1_below_4282,s1_below_2,s6_2009_up,s2_760_2075,s5_47_57,Passenger Car,s5_64_76,Deployed,s2_97_208,s4_3_4,Male,s3_80_96,s3_141_159,s2_164_318,s3_80_160,s2_2_4
18204,s3_1695_2555,s2_n103_99,s4_n40_7,s1_below_4282,s2_2_3,s6_2009_up,s3_2075_3730,s5_47_57,Truck (<=6000 lbs.),s6_76_up,Not Deployed,s2_97_208,s1_below_1,Male,s3_80_96,s3_141_159,s2_164_318,s5_220_260,s2_2_4
18205,s3_1695_2555,s2_n103_99,s4_n40_7,s1_below_4282,s1_below_2,s5_2007_2009,s3_2075_3730,s3_17_37,Passenger Car,s4_48_64,Deployed,s2_97_208,s2_1_2,Female,s4_96_114,s3_141_159,s2_164_318,s3_80_160,s2_2_4
18206,s3_1695_2555,s2_n103_99,s4_n40_7,s1_below_4282,s5_5_6,s5_2007_2009,s2_760_2075,s5_47_57,Truck (<=10000 lbs.),s2_11_28,Deployed,s2_97_208,s1_below_1,Female,s2_37_80,s5_169_179,s2_164_318,s3_80_160,s3_4_5
18207,s3_1695_2555,s2_n103_99,s4_n40_7,s1_below_4282,s2_2_3,s6_2009_up,s2_760_2075,s5_47_57,Passenger Car,s3_28_48,Deployed,s2_97_208,s1_below_1,Female,s2_37_80,s3_141_159,s2_164_318,s3_80_160,s2_2_4
18208,s3_1695_2555,s2_n103_99,s4_n40_7,s1_below_4282,s4_4_5,s6_2009_up,s3_2075_3730,s4_37_47,Truck (<=6000 lbs.),s4_48_64,Deployed,s2_97_208,s1_below_1,Female,s3_80_96,s3_141_159,s2_164_318,s3_80_160,s2_2_4
18209,s2_885_1695,s2_n103_99,s4_n40_7,s1_below_4282,s1_below_2,s5_2007_2009,s2_760_2075,s3_17_37,Passenger Car,s4_48_64,Not Deployed,s2_97_208,s1_below_1,Female,s2_37_80,s3_141_159,s2_164_318,s3_80_160,s2_2_4
18210,s3_1695_2555,s2_n103_99,s4_n40_7,s1_below_4282,s4_4_5,s6_2009_up,s3_2075_3730,s4_37_47,Truck (<=6000 lbs.),s5_64_76,Not Deployed,s2_97_208,s1_below_1,Female,s5_114_130,s4_159_169,s2_164_318,s4_160_220,s2_2_4
18211,s2_885_1695,s2_n103_99,s4_n40_7,s1_below_4282,s6_6_up,s5_2007_2009,s2_760_2075,s4_37_47,Passenger Car,s5_64_76,Not Deployed,s2_97_208,s1_below_1,Female,s3_80_96,s3_141_159,s2_164_318,s3_80_160,s2_2_4
18212,s3_1695_2555,s2_n103_99,s4_n40_7,s1_below_4282,s4_4_5,s5_2007_2009,s3_2075_3730,s5_47_57,Truck (<=10000 lbs.),s2_11_28,Deployed,s2_97_208,s1_below_1,Male,s3_80_96,s5_169_179,s3_318_464,s3_80_160,s4_5_6
18213,s3_1695_2555,s2_n103_99,s5_7_up,s1_below_4282,s4_4_5,s6_2009_up,s3_2075_3730,s5_47_57,Truck (<=10000 lbs.),s3_28_48,Not Deployed,s2_97_208,s1_below_1,Male,s2_37_80,s5_169_179,s3_318_464,s6_260_up,s4_5_6
18214,s2_885_1695,s2_n103_99,s4_n40_7,s1_below_4282,s4_4_5,s6_2009_up,s2_760_2075,s5_47_57,Passenger Car,s3_28_48,Deployed,s2_97_208,s1_below_1,Female,s2_37_80,s3_141_159,s2_164_318,s3_80_160,s2_2_4
18215,s2_885_1695,s2_n103_99,s4_n40_7,s1_below_4282,s4_4_5,s6_2009_up,s2_760_2075,s4_37_47,Passenger Car,s2_11_28,Not Deployed,s2_97_208,s1_below_1,Female,s2_37_80,s3_141_159,s2_164_318,s4_160_220,s2_2_4
18216,s2_885_1695,s2_n103_99,s4_n40_7,s1_below_4282,s2_2_3,s6_2009_up,s2_760_2075,s3_17_37,Passenger Car,s3_28_48,Not Deployed,s2_97_208,s1_below_1,Male,s3_80_96,s3_141_159,s2_164_318,s4_160_220,s2_2_4
18217,s3_1695_2555,s2_n103_99,s4_n40_7,s1_below_4282,s4_4_5,s6_2009_up,s2_760_2075,s3_17_37,Truck (<=10000 lbs.),s6_76_up,Deployed,s2_97_208,s1_below_1,Male,s3_80_96,s5_169_179,s2_164_318,s4_160_220,s3_4_5
18218,s2_885_1695,s2_n103_99,s5_7_up,s1_below_4282,s1_below_2,s6_2009_up,s2_760_2075,s5_47_57,Passenger Car,s3_28_48,Not Deployed,s2_97_208,s1_below_1,Female,s2_37_80,s3_141_159,s2_164_318,s6_260_up,s2_2_4
18219,s2_885_1695,s2_n103_99,s4_n40_7,s1_below_4282,s4_4_5,s5_2007_2009,s2_760_2075,s4_37_47,Passenger Car,s4_48_64,Deployed,s2_97_208,s1_below_1,Female,s2_37_80,s3_141_159,s2_164_318,s3_80_160,s2_2_4
18220,s2_885_1695,s2_n103_99,s4_n40_7,s1_below_4282,s1_below_2,s6_2009_up,s2_760_2075,s6_57_up,Passenger Car,s2_11_28,Deployed,s2_97_208,s1_below_1,Female,s2_37_80,s3_141_159,s2_164_318,s3_80_160,s2_2_4
18221,s3_1695_2555,s2_n103_99,s4_n40_7,s1_below_4282,s4_4_5,s6_2009_up,s2_760_2075,s3_17_37,Passenger Car,s3_28_48,Deployed,s2_97_208,s1_below_1,Female,s2_37_80,s3_141_159,s2_164_318,s3_80_160,s2_2_4
18222,s3_1695_2555,s2_n103_99,s4_n40_7,s1_below_4282,s4_4_5,s6_2009_up,s2_760_2075,s4_37_47,Truck (<=6000 lbs.),s4_48_64,Not Deployed,s2_97_208,s1_below_1,Male,s4_96_114,s3_141_159,s2_164_318,s4_160_220,s2_2_4
18223,s3_1695_2555,s2_n103_99,s4_n40_7,s1_below_4282,s2_2_3,s6_2009_up,s2_760_2075,s4_37_47,Truck (<=6000 lbs.),s3_28_48,Not Deployed,s2_97_208,s1_below_1,Female,s4_96_114,s3_141_159,s2_164_318,s3_80_160,s2_2_4
18224,s2_885_1695,s2_n103_99,s4_n40_7,s1_below_4282,s5_5_6,s5_2007_2009,s2_760_2075,s5_47_57,Passenger Car,s4_48_64,Not Deployed,s2_97_208,s1_below_1,Female,s2_37_80,s3_141_159,s2_164_318,s4_160_220,s2_2_4
18225,s2_885_1695,s2_n103_99,s4_n40_7,s1_below_4282,s6_6_up,s5_2007_2009,s2_760_2075,s4_37_47,Truck (<=6000 lbs.),s3_28_48,Deployed,s2_97_208,s1_below_1,Female,s3_80_96,s3_141_159,s2_164_318,s3_80_160,s2_2_4
18226,s3_1695_2555,s2_n103_99,s4_n40_7,s1_below_4282,s4_4_5,s5_2007_2009,s3_2075_3730,s3_17_37,Truck (<=6000 lbs.),s2_11_28,Not Deployed,s2_97_208,s1_below_1,Female,s2_37_80,s3_141_159,s2_164_318,s3_80_160,s2_2_4
18227,s2_885_1695,s2_n103_99,s4_n40_7,s1_below_4282,s5_5_6,s6_2009_up,s2_760_2075,s4_37_47,Passenger Car,s2_11_28,Deployed,s2_97_208,s1_below_1,Female,s3_80_96,s3_141_159,s2_164_318,s3_80_160,s2_2_4
18228,s2_885_1695,s2_n103_99,s4_n40_7,s1_below_4282,s4_4_5,s5_2007_2009,s2_760_2075,s4_37_47,Truck (<=6000 lbs.),s6_76_up,Deployed,s2_97_208,s3_2_3,Male,s2_37_80,s3_141_159,s2_164_318,s3_80_160,s2_2_4
18229,s2_885_1695,s2_n103_99,s4_n40_7,s1_below_4282,s2_2_3,s6_2009_up,s2_760_2075,s4_37_47,Passenger Car,s4_48_64,Not Deployed,s2_97_208,s1_below_1,Female,s2_37_80,s3_141_159,s2_164_318,s2_40_80,s2_2_4
18230,s3_1695_2555,s2_n103_99,s4_n40_7,s1_below_4282,s1_below_2,s6_2009_up,s2_760_2075,s6_57_up,Truck (<=6000 lbs.),s6_76_up,Deployed,s2_97_208,s1_below_1,Male,s2_37_80,s3_141_159,s2_164_318,s3_80_160,s2_2_4
18231,s2_885_1695,s2_n103_99,s4_n40_7,s1_below_4282,s3_3_4,s5_2007_2009,s2_760_2075,s4_37_47,Passenger Car,s4_48_64,Not Deployed,s2_97_208,s1_below_1,Female,s2_37_80,s3_141_159,s2_164_318,s4_160_220,s2_2_4
18232,s2_885_1695,s2_n103_99,s4_n40_7,s1_below_4282,s4_4_5,s5_2007_2009,s2_760_2075,s4_37_47,Passenger Car,s4_48_64,Deployed,s2_97_208,s1_below_1,Female,s4_96_114,s3_141_159,s2_164_318,s3_80_160,s2_2_4
18233,s2_885_1695,s2_n103_99,s4_n40_7,s1_below_4282,s3_3_4,s5_2007_2009,s2_760_2075,s4_37_47,Passenger Car,s6_76_up,Deployed,s2_97_208,s2_1_2,Male,s2_37_80,s3_141_159,s2_164_318,s3_80_160,s2_2_4
18234,s2_885_1695,s2_n103_99,s3_n81_n40,s1_below_4282,s1_below_2,s5_2007_2009,s3_2075_3730,s4_37_47,Truck (<=6000 lbs.),s4_48_64,Deployed,s2_97_208,s1_below_1,Male,s2_37_80,s3_141_159,s2_164_318,s3_80_160,s2_2_4
18235,s3_1695_2555,s2_n103_99,s4_n40_7,s1_below_4282,s1_below_2,s5_2007_2009,s2_760_2075,s3_17_37,Truck (<=6000 lbs.),s4_48_64,Not Deployed,s2_97_208,s1_below_1,Male,s2_37_80,s3_141_159,s2_164_318,s4_160_220,s2_2_4
18236,s3_1695_2555,s2_n103_99,s4_n40_7,s1_below_4282,s5_5_6,s6_2009_up,s2_760_2075,s4_37_47,Truck (<=10000 lbs.),s4_48_64,Not Deployed,s2_97_208,s1_below_1,Female,s4_96_114,s5_169_179,s3_318_464,s3_80_160,s4_5_6
18237,s2_885_1695,s2_n103_99,s4_n40_7,s1_below_4282,s3_3_4,s6_2009_up,s2_760_2075,s4_37_47,Passenger Car,s2_11_28,Not Deployed,s2_97_208,s1_below_1,Female,s2_37_80,s3_141_159,s2_164_318,s2_40_80,s2_2_4
18238,s2_885_1695,s2_n103_99,s4_n40_7,s1_below_4282,s4_4_5,s5_2007_2009,s2_760_2075,s5_47_57,Passenger Car,s4_48_64,Deployed,s2_97_208,s1_below_1,Male,s4_96_114,s3_141_159,s2_164_318,s3_80_160,s2_2_4
18239,s2_885_1695,s2_n103_99,s4_n40_7,s1_below_4282,s2_2_3,s5_2007_2009,s1_below_760,s3_17_37,Passenger Car,s4_48_64,Deployed,s2_97_208,s1_below_1,Male,s2_37_80,s3_141_159,s2_164_318,s3_80_160,s2_2_4
18240,s3_1695_2555,s2_n103_99,s5_7_up,s1_below_4282,s1_below_2,s5_2007_2009,s2_760_2075,s5_47_57,Truck (<=6000 lbs.),s3_28_48,Not Deployed,s2_97_208,s1_below_1,Female,s2_37_80,s3_141_159,s2_164_318,s5_220_260,s2_2_4
18241,s2_885_1695,s2_n103_99,s3_n81_n40,s1_below_4282,s4_4_5,s6_2009_up,s2_760_2075,s4_37_47,Truck (<=6000 lbs.),s3_28_48,Deployed,s2_97_208,s1_below_1,Male,s4_96_114,s3_141_159,s2_164_318,s3_80_160,s2_2_4
18242,s3_1695_2555,s2_n103_99,s4_n40_7,s1_below_4282,s2_2_3,s5_2007_2009,s3_2075_3730,s3_17_37,Passenger Car,s2_11_28,Not Deployed,s2_97_208,s1_below_1,Female,s2_37_80,s4_159_169,s2_164_318,s3_80_160,s3_4_5
18243,s3_1695_2555,s2_n103_99,s4_n40_7,s1_below_4282,s1_below_2,s6_2009_up,s2_760_2075,s3_17_37,Truck (<=6000 lbs.),s5_64_76,Not Deployed,s2_97_208,s1_below_1,Female,s3_80_96,s3_141_159,s2_164_318,s2_40_80,s2_2_4
18244,s2_885_1695,s2_n103_99,s4_n40_7,s1_below_4282,s3_3_4,s5_2007_2009,s2_760_2075,s3_17_37,Passenger Car,s2_11_28,Deployed,s2_97_208,s1_below_1,Male,s2_37_80,s3_141_159,s2_164_318,s4_160_220,s2_2_4
18245,s2_885_1695,s2_n103_99,s5_7_up,s1_below_4282,s4_4_5,s6_2009_up,s2_760_2075,s4_37_47,Passenger Car,s4_48_64,Not Deployed,s2_97_208,s1_below_1,Male,s2_37_80,s3_141_159,s2_164_318,s6_260_up,s2_2_4
18246,s2_885_1695,s2_n103_99,s5_7_up,s1_below_4282,s2_2_3,s5_2007_2009,s2_760_2075,s4_37_47,Passenger Car,s3_28_48,Not Deployed,s2_97_208,s1_below_1,Male,s2_37_80,s3_141_159,s2_164_318,s6_260_up,s2_2_4
18247,s2_885_1695,s2_n103_99,s5_7_up,s1_below_4282,s2_2_3,s6_2009_up,s2_760_2075,s5_47_57,Passenger Car,s3_28_48,Not Deployed,s2_97_208,s1_below_1,Male,s3_80_96,s3_141_159,s2_164_318,s6_260_up,s2_2_4
18248,s2_885_1695,s2_n103_99,s4_n40_7,s1_below_4282,s4_4_5,s5_2007_2009,s2_760_2075,s3_17_37,Truck (<=6000 lbs.),s4_48_64,Not Deployed,s2_97_208,s1_below_1,Female,s4_96_114,s3_141_159,s2_164_318,s4_160_220,s2_2_4
18249,s2_885_1695,s2_n103_99,s4_n40_7,s1_below_4282,s3_3_4,s6_2009_up,s2_760_2075,s4_37_47,Passenger Car,s4_48_64,Not Deployed,s2_97_208,s1_below_1,Male,s2_37_80,s4_159_169,s2_164_318,s3_80_160,s2_2_4
18250,s2_885_1695,s2_n103_99,s4_n40_7,s1_below_4282,s3_3_4,s6_2009_up,s3_2075_3730,s4_37_47,Passenger Car,s2_11_28,Deployed,s2_97_208,s1_below_1,Female,s2_37_80,s3_141_159,s2_164_318,s3_80_160,s2_2_4
18251,s2_885_1695,s2_n103_99,s4_n40_7,s1_below_4282,s2_2_3,s5_2007_2009,s2_760_2075,s3_17_37,Passenger Car,s3_28_48,Not Deployed,s2_97_208,s1_below_1,Female,s2_37_80,s3_141_159,s2_164_318,s2_40_80,s2_2_4
18252,s2_885_1695,s2_n103_99,s4_n40_7,s1_below_4282,s5_5_6,s6_2009_up,s2_760_2075,s6_57_up,Passenger Car,s2_11_28,Not Deployed,s2_97_208,s1_below_1,Male,s3_80_96,s3_141_159,s2_164_318,s3_80_160,s2_2_4
18253,s2_885_1695,s2_n103_99,s4_n40_7,s1_below_4282,s3_3_4,s5_2007_2009,s3_2075_3730,s3_17_37,Truck (<=6000 lbs.),s4_48_64,Deployed,s2_97_208,s1_below_1,Female,s2_37_80,s3_141_159,s2_164_318,s3_80_160,s2_2_4
18254,s3_1695_2555,s2_n103_99,s4_n40_7,s1_below_4282,s3_3_4,s6_2009_up,s2_760_2075,s2_7_17,Passenger Car,s3_28_48,Not Deployed,s2_97_208,s1_below_1,Male,s6_130_up,s4_159_169,s2_164_318,s3_80_160,s2_2_4
18255,s2_885_1695,s2_n103_99,s4_n40_7,s1_below_4282,s4_4_5,s6_2009_up,s2_760_2075,s3_17_37,Passenger Car,s2_11_28,Not Deployed,s2_97_208,s1_below_1,Male,s2_37_80,s3_141_159,s2_164_318,s3_80_160,s2_2_4
18256,s2_885_1695,s2_n103_99,s4_n40_7,s1_below_4282,s3_3_4,s5_2007_2009,s2_760_2075,s3_17_37,Passenger Car,s3_28_48,Deployed,s2_97_208,s1_below_1,Female,s2_37_80,s3_141_159,s2_164_318,s3_80_160,s2_2_4
18257,s2_885_1695,s2_n103_99,s5_7_up,s1_below_4282,s3_3_4,s5_2007_2009,s2_760_2075,s3_17_37,Truck (<=6000 lbs.),s3_28_48,Not Deployed,s2_97_208,s1_below_1,Female,s2_37_80,s3_141_159,s2_164_318,s6_260_up,s2_2_4
18258,s2_885_1695,s2_n103_99,s4_n40_7,s1_below_4282,s2_2_3,s6_2009_up,s2_760_2075,s3_17_37,Passenger Car,s4_48_64,Deployed,s2_97_208,s2_1_2,Female,s2_37_80,s3_141_159,s2_164_318,s4_160_220,s2_2_4
18259,s4_2555_3715,s2_n103_99,s4_n40_7,s1_below_4282,s1_below_2,s6_2009_up,s2_760_2075,s3_17_37,Truck (<=10000 lbs.),s4_48_64,Not Deployed,s2_97_208,s1_below_1,Female,s2_37_80,s5_169_179,s2_164_318,s2_40_80,s4_5_6
18260,s2_885_1695,s2_n103_99,s2_n112_n81,s1_below_4282,s4_4_5,s6_2009_up,s2_760_2075,s4_37_47,Passenger Car,s5_64_76,Deployed,s2_97_208,s2_1_2,Female,s2_37_80,s3_141_159,s2_164_318,s3_80_160,s2_2_4
18261,s2_885_1695,s2_n103_99,s4_n40_7,s1_below_4282,s4_4_5,s6_2009_up,s2_760_2075,s3_17_37,Passenger Car,s3_28_48,Not Deployed,s2_97_208,s1_below_1,Male,s4_96_114,s3_141_159,s2_164_318,s4_160_220,s2_2_4
18262,s3_1695_2555,s2_n103_99,s4_n40_7,s1_below_4282,s2_2_3,s6_2009_up,s3_2075_3730,s4_37_47,Passenger Car,s4_48_64,Deployed,s2_97_208,s1_below_1,Male,s6_130_up,s4_159_169,s2_164_318,s3_80_160,s3_4_5
18263,s2_885_1695,s2_n103_99,s4_n40_7,s1_below_4282,s1_below_2,s6_2009_up,s2_760_2075,s3_17_37,Passenger Car,s2_11_28,Not Deployed,s2_97_208,s1_below_1,Female,s2_37_80,s3_141_159,s2_164_318,s2_40_80,s2_2_4
18264,s3_1695_2555,s2_n103_99,s5_7_up,s1_below_4282,s5_5_6,s6_2009_up,s2_760_2075,s4_37_47,Passenger Car,s4_48_64,Not Deployed,s2_97_208,s1_below_1,Male,s3_80_96,s3_141_159,s2_164_318,s6_260_up,s2_2_4
18265,s3_1695_2555,s2_n103_99,s4_n40_7,s1_below_4282,s2_2_3,s6_2009_up,s2_760_2075,s3_17_37,Truck (<=6000 lbs.),s4_48_64,Not Deployed,s2_97_208,s1_below_1,Male,s4_96_114,s5_169_179,s2_164_318,s2_40_80,s2_2_4
18266,s2_885_1695,s2_n103_99,s4_n40_7,s1_below_4282,s3_3_4,s5_2007_2009,s2_760_2075,s4_37_47,Passenger Car,s3_28_48,Deployed,s2_97_208,s1_below_1,Male,s2_37_80,s3_141_159,s2_164_318,s3_80_160,s2_2_4
18267,s3_1695_2555,s2_n103_99,s4_n40_7,s1_below_4282,s2_2_3,s6_2009_up,s2_760_2075,s5_47_57,Passenger Car,s3_28_48,Not Deployed,s2_97_208,s1_below_1,Male,s3_80_96,s3_141_159,s2_164_318,s4_160_220,s2_2_4
18268,s2_885_1695,s2_n103_99,s4_n40_7,s1_below_4282,s4_4_5,s5_2007_2009,s2_760_2075,s6_57_up,Passenger Car,s4_48_64,Deployed,s2_97_208,s1_below_1,Male,s3_80_96,s3_141_159,s2_164_318,s3_80_160,s2_2_4
18269,s3_1695_2555,s2_n103_99,s4_n40_7,s1_below_4282,s3_3_4,s6_2009_up,s3_2075_3730,s3_17_37,Passenger Car,s3_28_48,Not Deployed,s2_97_208,s1_below_1,Male,s2_37_80,s3_141_159,s2_164_318,s3_80_160,s2_2_4
18270,s2_885_1695,s2_n103_99,s4_n40_7,s1_below_4282,s4_4_5,s6_2009_up,s2_760_2075,s3_17_37,Passenger Car,s2_11_28,Deployed,s2_97_208,s1_below_1,Female,s2_37_80,s3_141_159,s2_164_318,s3_80_160,s2_2_4
18271,s3_1695_2555,s2_n103_99,s4_n40_7,s1_below_4282,s2_2_3,s6_2009_up,s2_760_2075,s3_17_37,Truck (<=6000 lbs.),s3_28_48,Not Deployed,s2_97_208,s1_below_1,Male,s4_96_114,s4_159_169,s2_164_318,s3_80_160,s2_2_4
18272,s2_885_1695,s2_n103_99,s3_n81_n40,s1_below_4282,s2_2_3,s6_2009_up,s2_760_2075,s3_17_37,Passenger Car,s4_48_64,Deployed,s2_97_208,s1_below_1,Male,s3_80_96,s3_141_159,s2_164_318,s3_80_160,s2_2_4
18273,s2_885_1695,s2_n103_99,s4_n40_7,s1_below_4282,s5_5_6,s6_2009_up,s2_760_2075,s6_57_up,Passenger Car,s4_48_64,Not Deployed,s2_97_208,s1_below_1,Female,s4_96_114,s3_141_159,s2_164_318,s3_80_160,s2_2_4
18274,s2_885_1695,s2_n103_99,s4_n40_7,s1_below_4282,s4_4_5,s6_2009_up,s2_760_2075,s4_37_47,Passenger Car,s2_11_28,Not Deployed,s2_97_208,s1_below_1,Male,s2_37_80,s3_141_159,s2_164_318,s3_80_160,s2_2_4
18275,s3_1695_2555,s2_n103_99,s5_7_up,s1_below_4282,s4_4_5,s6_2009_up,s2_760_2075,s4_37_47,Passenger Car,s4_48_64,Not Deployed,s2_97_208,s1_below_1,Female,s2_37_80,s3_141_159,s2_164_318,s6_260_up,s2_2_4
18276,s3_1695_2555,s2_n103_99,s4_n40_7,s1_below_4282,s4_4_5,s6_2009_up,s2_760_2075,s4_37_47,Passenger Car,s4_48_64,Not Deployed,s2_97_208,s1_below_1,Male,s2_37_80,s4_159_169,s2_164_318,s4_160_220,s2_2_4
18277,s2_885_1695,s2_n103_99,s4_n40_7,s1_below_4282,s2_2_3,s6_2009_up,s2_760_2075,s3_17_37,Passenger Car,s2_11_28,Not Deployed,s2_97_208,s2_1_2,Female,s2_37_80,s3_141_159,s2_164_318,s3_80_160,s2_2_4
18278,s2_885_1695,s2_n103_99,s4_n40_7,s1_below_4282,s1_below_2,s6_2009_up,s2_760_2075,s3_17_37,Passenger Car,s3_28_48,Deployed,s2_97_208,s1_below_1,Female,s2_37_80,s3_141_159,s2_164_318,s3_80_160,s2_2_4
18279,s2_885_1695,s2_n103_99,s4_n40_7,s1_below_4282,s1_below_2,s6_2009_up,s2_760_2075,s3_17_37,Passenger Car,s4_48_64,Deployed,s2_97_208,s1_below_1,Male,s3_80_96,s3_141_159,s2_164_318,s3_80_160,s2_2_4
18280,s2_885_1695,s2_n103_99,s4_n40_7,s1_below_4282,s2_2_3,s5_2007_2009,s2_760_2075,s3_17_37,Passenger Car,s5_64_76,Deployed,s2_97_208,s2_1_2,Male,s3_80_96,s3_141_159,s2_164_318,s3_80_160,s2_2_4
18281,s4_2555_3715,s2_n103_99,s3_n81_n40,s1_below_4282,s4_4_5,s6_2009_up,s2_760_2075,s3_17_37,Truck (<=10000 lbs.),s3_28_48,Deployed,s2_97_208,s1_below_1,Male,s3_80_96,s5_169_179,s3_318_464,s3_80_160,s4_5_6
18282,s2_885_1695,s2_n103_99,s4_n40_7,s1_below_4282,s1_below_2,s5_2007_2009,s3_2075_3730,s3_17_37,Passenger Car,s2_11_28,Not Deployed,s2_97_208,s1_below_1,Female,s3_80_96,s3_141_159,s2_164_318,s5_220_260,s2_2_4
18283,s2_885_1695,s2_n103_99,s4_n40_7,s1_below_4282,s1_below_2,s6_2009_up,s2_760_2075,s3_17_37,Passenger Car,s3_28_48,Not Deployed,s2_97_208,s1_below_1,Female,s2_37_80,s3_141_159,s2_164_318,s2_40_80,s2_2_4
18284,s3_1695_2555,s2_n103_99,s4_n40_7,s1_below_4282,s2_2_3,s5_2007_2009,s3_2075_3730,s4_37_47,Truck (<=10000 lbs.),s4_48_64,Deployed,s2_97_208,s1_below_1,Male,s4_96_114,s5_169_179,s2_164_318,s3_80_160,s3_4_5
18285,s2_885_1695,s2_n103_99,s5_7_up,s1_below_4282,s1_below_2,s6_2009_up,s2_760_2075,s4_37_47,Passenger Car,s2_11_28,Not Deployed,s2_97_208,s1_below_1,Male,s2_37_80,s3_141_159,s2_164_318,s6_260_up,s2_2_4
18286,s2_885_1695,s2_n103_99,s5_7_up,s1_below_4282,s4_4_5,s6_2009_up,s2_760_2075,s4_37_47,Passenger Car,s3_28_48,Not Deployed,s2_97_208,s1_below_1,Male,s3_80_96,s3_141_159,s2_164_318,s6_260_up,s2_2_4
18287,s2_885_1695,s2_n103_99,s5_7_up,s1_below_4282,s1_below_2,s6_2009_up,s2_760_2075,s4_37_47,Passenger Car,s5_64_76,Not Deployed,s2_97_208,s1_below_1,Male,s3_80_96,s3_141_159,s2_164_318,s6_260_up,s2_2_4
18288,s3_1695_2555,s2_n103_99,s4_n40_7,s1_below_4282,s2_2_3,s5_2007_2009,s3_2075_3730,s4_37_47,Truck (<=10000 lbs.),s2_11_28,Deployed,s2_97_208,s1_below_1,Female,s2_37_80,s4_159_169,s2_164_318,s3_80_160,s3_4_5
18289,s2_885_1695,s2_n103_99,s4_n40_7,s1_below_4282,s1_below_2,s5_2007_2009,s2_760_2075,s3_17_37,Passenger Car,s2_11_28,Deployed,s2_97_208,s1_below_1,Female,s2_37_80,s3_141_159,s2_164_318,s4_160_220,s2_2_4
18290,s2_885_1695,s2_n103_99,s3_n81_n40,s1_below_4282,s3_3_4,s6_2009_up,s2_760_2075,s5_47_57,Passenger Car,s3_28_48,Deployed,s2_97_208,s2_1_2,Male,s5_114_130,s3_141_159,s2_164_318,s3_80_160,s2_2_4
18291,s2_885_1695,s2_n103_99,s5_7_up,s1_below_4282,s4_4_5,s6_2009_up,s2_760_2075,s3_17_37,Truck (<=6000 lbs.),s2_11_28,Not Deployed,s2_97_208,s1_below_1,Female,s4_96_114,s3_141_159,s2_164_318,s6_260_up,s2_2_4
18292,s3_1695_2555,s2_n103_99,s4_n40_7,s1_below_4282,s2_2_3,s6_2009_up,s2_760_2075,s3_17_37,Truck (<=6000 lbs.),s3_28_48,Deployed,s2_97_208,s1_below_1,Female,s2_37_80,s4_159_169,s2_164_318,s3_80_160,s2_2_4
18293,s2_885_1695,s2_n103_99,s4_n40_7,s1_below_4282,s3_3_4,s5_2007_2009,s2_760_2075,s4_37_47,Passenger Car,s4_48_64,Not Deployed,s2_97_208,s1_below_1,Male,s4_96_114,s3_141_159,s2_164_318,s6_260_up,s2_2_4
18294,s2_885_1695,s2_n103_99,s4_n40_7,s1_below_4282,s1_below_2,s6_2009_up,s2_760_2075,s3_17_37,Passenger Car,s2_11_28,Not Deployed,s2_97_208,s1_below_1,Female,s2_37_80,s3_141_159,s2_164_318,s2_40_80,s2_2_4
18295,s2_885_1695,s2_n103_99,s4_n40_7,s1_below_4282,s1_below_2,s6_2009_up,s3_2075_3730,s4_37_47,Passenger Car,s2_11_28,Not Deployed,s2_97_208,s1_below_1,Female,s2_37_80,s3_141_159,s2_164_318,s3_80_160,s2_2_4
18296,s2_885_1695,s2_n103_99,s4_n40_7,s1_below_4282,s2_2_3,s6_2009_up,s2_760_2075,s3_17_37,Truck (<=6000 lbs.),s3_28_48,Deployed,s2_97_208,s1_below_1,Male,s2_37_80,s4_159_169,s2_164_318,s4_160_220,s2_2_4
18297,s2_885_1695,s2_n103_99,s4_n40_7,s1_below_4282,s4_4_5,s6_2009_up,s2_760_2075,s4_37_47,Passenger Car,s3_28_48,Deployed,s2_97_208,s1_below_1,Male,s3_80_96,s3_141_159,s2_164_318,s3_80_160,s2_2_4
18298,s2_885_1695,s2_n103_99,s4_n40_7,s1_below_4282,s5_5_6,s6_2009_up,s2_760_2075,s4_37_47,Passenger Car,s2_11_28,Deployed,s2_97_208,s2_1_2,Female,s2_37_80,s3_141_159,s2_164_318,s4_160_220,s2_2_4
18299,s2_885_1695,s2_n103_99,s4_n40_7,s1_below_4282,s1_below_2,s6_2009_up,s2_760_2075,s6_57_up,Passenger Car,s3_28_48,Deployed,s2_97_208,s1_below_1,Male,s3_80_96,s3_141_159,s2_164_318,s3_80_160,s2_2_4
18300,s2_885_1695,s2_n103_99,s4_n40_7,s1_below_4282,s1_below_2,s5_2007_2009,s2_760_2075,s5_47_57,Passenger Car,s2_11_28,Deployed,s2_97_208,s1_below_1,Female,s2_37_80,s3_141_159,s2_164_318,s3_80_160,s2_2_4
18301,s2_885_1695,s2_n103_99,s4_n40_7,s1_below_4282,s1_below_2,s6_2009_up,s2_760_2075,s4_37_47,Passenger Car,s2_11_28,Deployed,s2_97_208,s1_below_1,Male,s3_80_96,s3_141_159,s2_164_318,s4_160_220,s2_2_4
18302,s2_885_1695,s2_n103_99,s4_n40_7,s1_below_4282,s4_4_5,s6_2009_up,s2_760_2075,s4_37_47,Passenger Car,s4_48_64,Deployed,s2_97_208,s1_below_1,Male,s3_80_96,s3_141_159,s2_164_318,s3_80_160,s2_2_4
18303,s2_885_1695,s2_n103_99,s4_n40_7,s1_below_4282,s1_below_2,s5_2007_2009,s2_760_2075,s3_17_37,Passenger Car,s4_48_64,Not Deployed,s2_97_208,s1_below_1,Female,s2_37_80,s3_141_159,s2_164_318,s4_160_220,s2_2_4
18304,s2_885_1695,s2_n103_99,s4_n40_7,s1_below_4282,s4_4_5,s5_2007_2009,s2_760_2075,s3_17_37,Truck (<=6000 lbs.),s2_11_28,Deployed,s2_97_208,s1_below_1,Female,s3_80_96,s3_141_159,s2_164_318,s3_80_160,s2_2_4
18305,s2_885_1695,s2_n103_99,s5_7_up,s1_below_4282,s3_3_4,s6_2009_up,s3_2075_3730,s6_57_up,Truck (<=6000 lbs.),s3_28_48,Not Deployed,s2_97_208,s1_below_1,Male,s3_80_96,s3_141_159,s2_164_318,s6_260_up,s2_2_4
18306,s3_1695_2555,s2_n103_99,s4_n40_7,s1_below_4282,s3_3_4,s5_2007_2009,s2_760_2075,s4_37_47,Truck (<=6000 lbs.),s4_48_64,Deployed,s2_97_208,s1_below_1,Female,s3_80_96,s3_141_159,s2_164_318,s3_80_160,s2_2_4
18307,s2_885_1695,s2_n103_99,s4_n40_7,s1_below_4282,s2_2_3,s6_2009_up,s2_760_2075,s4_37_47,Truck (<=6000 lbs.),s3_28_48,Not Deployed,s2_97_208,s1_below_1,Female,s2_37_80,s3_141_159,s2_164_318,s3_80_160,s2_2_4
18308,s3_1695_2555,s2_n103_99,s3_n81_n40,s1_below_4282,s3_3_4,s6_2009_up,s2_760_2075,s4_37_47,Truck (<=10000 lbs.),s3_28_48,Deployed,s2_97_208,s1_below_1,Female,s2_37_80,s4_159_169,s2_164_318,s3_80_160,s3_4_5
18309,s2_885_1695,s2_n103_99,s4_n40_7,s1_below_4282,s3_3_4,s6_2009_up,s2_760_2075,s4_37_47,Passenger Car,s3_28_48,Deployed,s2_97_208,s1_below_1,Female,s2_37_80,s3_141_159,s2_164_318,s3_80_160,s2_2_4
18310,s2_885_1695,s2_n103_99,s4_n40_7,s1_below_4282,s1_below_2,s6_2009_up,s2_760_2075,s3_17_37,Passenger Car,s3_28_48,Not Deployed,s2_97_208,s1_below_1,Female,s2_37_80,s3_141_159,s2_164_318,s4_160_220,s2_2_4
18311,s3_1695_2555,s2_n103_99,s4_n40_7,s1_below_4282,s4_4_5,s6_2009_up,s2_760_2075,s4_37_47,Truck (<=10000 lbs.),s4_48_64,Not Deployed,s2_97_208,s1_below_1,Female,s3_80_96,s5_169_179,s2_164_318,s3_80_160,s2_2_4
18312,s2_885_1695,s2_n103_99,s4_n40_7,s1_below_4282,s4_4_5,s5_2007_2009,s2_760_2075,s4_37_47,Passenger Car,s3_28_48,Deployed,s2_97_208,s1_below_1,Female,s2_37_80,s3_141_159,s2_164_318,s3_80_160,s2_2_4
18313,s2_885_1695,s2_n103_99,s4_n40_7,s1_below_4282,s1_below_2,s5_2007_2009,s2_760_2075,s3_17_37,Passenger Car,s4_48_64,Deployed,s2_97_208,s1_below_1,Female,s3_80_96,s3_141_159,s2_164_318,s3_80_160,s2_2_4
18314,s2_885_1695,s2_n103_99,s4_n40_7,s1_below_4282,s4_4_5,s6_2009_up,s3_2075_3730,s4_37_47,Passenger Car,s3_28_48,Deployed,s2_97_208,s1_below_1,Female,s2_37_80,s4_159_169,s2_164_318,s3_80_160,s2_2_4
18315,s2_885_1695,s2_n103_99,s4_n40_7,s1_below_4282,s1_below_2,s6_2009_up,s2_760_2075,s3_17_37,Passenger Car,s3_28_48,Not Deployed,s2_97_208,s1_below_1,Female,s2_37_80,s3_141_159,s2_164_318,s2_40_80,s2_2_4
18316,s2_885_1695,s2_n103_99,s4_n40_7,s1_below_4282,s4_4_5,s6_2009_up,s2_760_2075,s4_37_47,Passenger Car,s4_48_64,Deployed,s2_97_208,s1_below_1,Female,s3_80_96,s3_141_159,s2_164_318,s3_80_160,s2_2_4
18317,s3_1695_2555,s2_n103_99,s4_n40_7,s1_below_4282,s3_3_4,s6_2009_up,s2_760_2075,s4_37_47,Truck (<=6000 lbs.),s3_28_48,Not Deployed,s2_97_208,s1_below_1,Female,s2_37_80,s5_169_179,s2_164_318,s4_160_220,s3_4_5
18318,s2_885_1695,s2_n103_99,s4_n40_7,s1_below_4282,s1_below_2,s5_2007_2009,s3_2075_3730,s5_47_57,Passenger Car,s3_28_48,Deployed,s2_97_208,s1_below_1,Male,s3_80_96,s3_141_159,s2_164_318,s3_80_160,s2_2_4
18319,s3_1695_2555,s2_n103_99,s4_n40_7,s1_below_4282,s2_2_3,s6_2009_up,s3_2075_3730,s4_37_47,Truck (<=10000 lbs.),s4_48_64,Deployed,s2_97_208,s1_below_1,Male,s3_80_96,s5_169_179,s3_318_464,s3_80_160,s4_5_6
18320,s2_885_1695,s2_n103_99,s4_n40_7,s1_below_4282,s2_2_3,s6_2009_up,s2_760_2075,s3_17_37,Truck (<=6000 lbs.),s4_48_64,Not Deployed,s2_97_208,s3_2_3,Female,s3_80_96,s3_141_159,s2_164_318,s3_80_160,s2_2_4
18321,s2_885_1695,s2_n103_99,s4_n40_7,s1_below_4282,s6_6_up,s5_2007_2009,s2_760_2075,s4_37_47,Passenger Car,s4_48_64,Not Deployed,s2_97_208,s1_below_1,Male,s3_80_96,s3_141_159,s2_164_318,s4_160_220,s2_2_4
18322,s2_885_1695,s2_n103_99,s4_n40_7,s1_below_4282,s4_4_5,s6_2009_up,s2_760_2075,s4_37_47,Passenger Car,s3_28_48,Not Deployed,s2_97_208,s1_below_1,Male,s3_80_96,s3_141_159,s2_164_318,s3_80_160,s2_2_4
18323,s2_885_1695,s2_n103_99,s4_n40_7,s1_below_4282,s4_4_5,s6_2009_up,s2_760_2075,s3_17_37,Passenger Car,s5_64_76,Not Deployed,s2_97_208,s1_below_1,Male,s3_80_96,s3_141_159,s2_164_318,s4_160_220,s2_2_4
18324,s2_885_1695,s2_n103_99,s4_n40_7,s1_below_4282,s3_3_4,s6_2009_up,s2_760_2075,s3_17_37,Passenger Car,s3_28_48,Deployed,s2_97_208,s1_below_1,Female,s2_37_80,s3_141_159,s2_164_318,s3_80_160,s2_2_4
18325,s2_885_1695,s2_n103_99,s4_n40_7,s1_below_4282,s2_2_3,s6_2009_up,s2_760_2075,s3_17_37,Passenger Car,s3_28_48,Deployed,s2_97_208,s1_below_1,Female,s2_37_80,s3_141_159,s2_164_318,s3_80_160,s2_2_4
18326,s3_1695_2555,s2_n103_99,s4_n40_7,s1_below_4282,s1_below_2,s6_2009_up,s3_2075_3730,s5_47_57,Passenger Car,s6_76_up,Deployed,s2_97_208,s1_below_1,Female,s3_80_96,s4_159_169,s2_164_318,s2_40_80,s2_2_4
18327,s3_1695_2555,s2_n103_99,s5_7_up,s1_below_4282,s5_5_6,s6_2009_up,s2_760_2075,s4_37_47,Passenger Car,s2_11_28,Not Deployed,s2_97_208,s1_below_1,Female,s2_37_80,s4_159_169,s2_164_318,s6_260_up,s3_4_5
18328,s3_1695_2555,s2_n103_99,s4_n40_7,s1_below_4282,s2_2_3,s6_2009_up,s2_760_2075,s6_57_up,Truck (<=6000 lbs.),s4_48_64,Not Deployed,s2_97_208,s1_below_1,Male,s3_80_96,s3_141_159,s2_164_318,s4_160_220,s2_2_4
18329,s2_885_1695,s2_n103_99,s4_n40_7,s1_below_4282,s2_2_3,s6_2009_up,s2_760_2075,s4_37_47,Passenger Car,s3_28_48,Not Deployed,s2_97_208,s1_below_1,Female,s2_37_80,s3_141_159,s2_164_318,s3_80_160,s2_2_4
18330,s2_885_1695,s2_n103_99,s4_n40_7,s1_below_4282,s1_below_2,s5_2007_2009,s2_760_2075,s5_47_57,Passenger Car,s3_28_48,Deployed,s2_97_208,s1_below_1,Male,s2_37_80,s3_141_159,s2_164_318,s3_80_160,s2_2_4
18331,s2_885_1695,s2_n103_99,s5_7_up,s1_below_4282,s1_below_2,s5_2007_2009,s2_760_2075,s5_47_57,Passenger Car,s2_11_28,Not Deployed,s2_97_208,s1_below_1,Male,s3_80_96,s3_141_159,s2_164_318,s6_260_up,s2_2_4
18332,s2_885_1695,s2_n103_99,s5_7_up,s1_below_4282,s2_2_3,s5_2007_2009,s2_760_2075,s5_47_57,Passenger Car,s4_48_64,Not Deployed,s2_97_208,s1_below_1,Male,s3_80_96,s4_159_169,s2_164_318,s6_260_up,s2_2_4
18333,s2_885_1695,s2_n103_99,s4_n40_7,s1_below_4282,s2_2_3,s5_2007_2009,s2_760_2075,s4_37_47,Passenger Car,s6_76_up,Not Deployed,s2_97_208,s2_1_2,Male,s2_37_80,s3_141_159,s2_164_318,s2_40_80,s2_2_4
18334,s2_885_1695,s2_n103_99,s5_7_up,s1_below_4282,s3_3_4,s6_2009_up,s2_760_2075,s4_37_47,Passenger Car,s2_11_28,Not Deployed,s2_97_208,s1_below_1,Female,s2_37_80,s3_141_159,s2_164_318,s6_260_up,s2_2_4
18335,s2_885_1695,s2_n103_99,s4_n40_7,s1_below_4282,s1_below_2,s5_2007_2009,s2_760_2075,s4_37_47,Passenger Car,s2_11_28,Not Deployed,s2_97_208,s1_below_1,Female,s2_37_80,s3_141_159,s2_164_318,s4_160_220,s2_2_4
18336,s3_1695_2555,s2_n103_99,s4_n40_7,s1_below_4282,s3_3_4,s6_2009_up,s2_760_2075,s4_37_47,Truck (<=6000 lbs.),s3_28_48,Deployed,s2_97_208,s1_below_1,Male,s6_130_up,s3_141_159,s2_164_318,s3_80_160,s2_2_4
18337,s3_1695_2555,s2_n103_99,s4_n40_7,s1_below_4282,s2_2_3,s6_2009_up,s2_760_2075,s4_37_47,Truck (<=6000 lbs.),s4_48_64,Not Deployed,s2_97_208,s1_below_1,Female,s2_37_80,s3_141_159,s2_164_318,s3_80_160,s2_2_4
18338,s1_below_885,s2_n103_99,s4_n40_7,s1_below_4282,s4_4_5,s5_2007_2009,s3_2075_3730,s5_47_57,Passenger Car,s2_11_28,Not Deployed,s2_97_208,s1_below_1,Male,s4_96_114,s2_116_141,s2_164_318,s2_40_80,s1_below_2
18339,s2_885_1695,s2_n103_99,s4_n40_7,s1_below_4282,s1_below_2,s6_2009_up,s2_760_2075,s3_17_37,Passenger Car,s2_11_28,Deployed,s2_97_208,s1_below_1,Female,s2_37_80,s3_141_159,s2_164_318,s4_160_220,s2_2_4
18340,s3_1695_2555,s2_n103_99,s4_n40_7,s1_below_4282,s1_below_2,s5_2007_2009,s2_760_2075,s4_37_47,Passenger Car,s5_64_76,Not Deployed,s2_97_208,s3_2_3,Male,s3_80_96,s4_159_169,s2_164_318,s2_40_80,s2_2_4
18341,s3_1695_2555,s2_n103_99,s4_n40_7,s1_below_4282,s1_below_2,s5_2007_2009,s2_760_2075,s3_17_37,Truck (<=6000 lbs.),s3_28_48,Not Deployed,s2_97_208,s1_below_1,Female,s2_37_80,s3_141_159,s2_164_318,s2_40_80,s2_2_4
18342,s3_1695_2555,s2_n103_99,s5_7_up,s1_below_4282,s2_2_3,s5_2007_2009,s2_760_2075,s4_37_47,Truck (<=10000 lbs.),s2_11_28,Not Deployed,s2_97_208,s1_below_1,Male,s2_37_80,s3_141_159,s3_318_464,s6_260_up,s3_4_5
18343,s2_885_1695,s2_n103_99,s4_n40_7,s1_below_4282,s4_4_5,s6_2009_up,s2_760_2075,s4_37_47,Truck (<=6000 lbs.),s5_64_76,Not Deployed,s2_97_208,s1_below_1,Female,s3_80_96,s3_141_159,s2_164_318,s4_160_220,s2_2_4
18344,s2_885_1695,s2_n103_99,s4_n40_7,s1_below_4282,s4_4_5,s6_2009_up,s2_760_2075,s4_37_47,Truck (<=6000 lbs.),s2_11_28,Not Deployed,s2_97_208,s1_below_1,Male,s2_37_80,s3_141_159,s2_164_318,s4_160_220,s2_2_4
18345,s2_885_1695,s2_n103_99,s4_n40_7,s1_below_4282,s4_4_5,s6_2009_up,s2_760_2075,s4_37_47,Truck (<=6000 lbs.),s2_11_28,Deployed,s2_97_208,s1_below_1,Male,s4_96_114,s3_141_159,s2_164_318,s3_80_160,s2_2_4
18346,s2_885_1695,s2_n103_99,s4_n40_7,s1_below_4282,s5_5_6,s6_2009_up,s2_760_2075,s4_37_47,Passenger Car,s2_11_28,Deployed,s2_97_208,s1_below_1,Female,s2_37_80,s3_141_159,s2_164_318,s3_80_160,s2_2_4
18347,s2_885_1695,s2_n103_99,s3_n81_n40,s1_below_4282,s1_below_2,s6_2009_up,s2_760_2075,s4_37_47,Passenger Car,s2_11_28,Deployed,s2_97_208,s3_2_3,Female,s2_37_80,s3_141_159,s2_164_318,s3_80_160,s2_2_4
18348,s2_885_1695,s2_n103_99,s4_n40_7,s1_below_4282,s2_2_3,s5_2007_2009,s2_760_2075,s4_37_47,Truck (<=6000 lbs.),s4_48_64,Deployed,s2_97_208,s2_1_2,Female,s2_37_80,s3_141_159,s2_164_318,s3_80_160,s2_2_4
18349,s2_885_1695,s2_n103_99,s4_n40_7,s1_below_4282,s1_below_2,s6_2009_up,s2_760_2075,s4_37_47,Passenger Car,s2_11_28,Deployed,s2_97_208,s1_below_1,Female,s2_37_80,s3_141_159,s2_164_318,s3_80_160,s2_2_4
18350,s3_1695_2555,s2_n103_99,s4_n40_7,s1_below_4282,s1_below_2,s6_2009_up,s2_760_2075,s4_37_47,Truck (<=6000 lbs.),s4_48_64,Deployed,s2_97_208,s1_below_1,Male,s3_80_96,s5_169_179,s2_164_318,s3_80_160,s2_2_4
18351,s3_1695_2555,s2_n103_99,s4_n40_7,s1_below_4282,s4_4_5,s5_2007_2009,s2_760_2075,s4_37_47,Passenger Car,s3_28_48,Not Deployed,s2_97_208,s1_below_1,Female,s2_37_80,s3_141_159,s2_164_318,s3_80_160,s2_2_4
18352,s3_1695_2555,s2_n103_99,s4_n40_7,s1_below_4282,s4_4_5,s6_2009_up,s2_760_2075,s5_47_57,Truck (<=10000 lbs.),s3_28_48,Not Deployed,s2_97_208,s1_below_1,Female,s2_37_80,s5_169_179,s3_318_464,s3_80_160,s4_5_6
18353,s2_885_1695,s2_n103_99,s4_n40_7,s1_below_4282,s3_3_4,s5_2007_2009,s3_2075_3730,s4_37_47,Truck (<=6000 lbs.),s4_48_64,Not Deployed,s2_97_208,s1_below_1,Female,s2_37_80,s3_141_159,s2_164_318,s3_80_160,s2_2_4
18354,s3_1695_2555,s2_n103_99,s4_n40_7,s1_below_4282,s2_2_3,s6_2009_up,s2_760_2075,s3_17_37,Truck (<=10000 lbs.),s2_11_28,Not Deployed,s2_97_208,s2_1_2,Female,s2_37_80,s3_141_159,s2_164_318,s3_80_160,s2_2_4
18355,s2_885_1695,s2_n103_99,s4_n40_7,s1_below_4282,s1_below_2,s6_2009_up,s2_760_2075,s4_37_47,Passenger Car,s2_11_28,Deployed,s2_97_208,s1_below_1,Female,s2_37_80,s3_141_159,s2_164_318,s3_80_160,s2_2_4
18356,s2_885_1695,s2_n103_99,s4_n40_7,s1_below_4282,s2_2_3,s6_2009_up,s2_760_2075,s4_37_47,Passenger Car,s2_11_28,Deployed,s2_97_208,s1_below_1,Female,s2_37_80,s4_159_169,s2_164_318,s3_80_160,s2_2_4
18357,s2_885_1695,s2_n103_99,s4_n40_7,s1_below_4282,s1_below_2,s6_2009_up,s2_760_2075,s4_37_47,Passenger Car,s2_11_28,Deployed,s2_97_208,s1_below_1,Male,s2_37_80,s3_141_159,s2_164_318,s3_80_160,s2_2_4
18358,s2_885_1695,s2_n103_99,s5_7_up,s1_below_4282,s1_below_2,s6_2009_up,s2_760_2075,s6_57_up,Passenger Car,s3_28_48,Deployed,s2_97_208,s1_below_1,Male,s4_96_114,s3_141_159,s2_164_318,s6_260_up,s2_2_4
18359,s2_885_1695,s2_n103_99,s4_n40_7,s1_below_4282,s3_3_4,s5_2007_2009,s2_760_2075,s4_37_47,Passenger Car,s3_28_48,Not Deployed,s2_97_208,s1_below_1,Female,s2_37_80,s3_141_159,s2_164_318,s3_80_160,s2_2_4
18360,s3_1695_2555,s2_n103_99,s4_n40_7,s1_below_4282,s3_3_4,s6_2009_up,s2_760_2075,s3_17_37,Truck (<=6000 lbs.),s5_64_76,Deployed,s2_97_208,s1_below_1,Female,s5_114_130,s4_159_169,s2_164_318,s4_160_220,s2_2_4
18361,s2_885_1695,s2_n103_99,s4_n40_7,s1_below_4282,s3_3_4,s5_2007_2009,s2_760_2075,s5_47_57,Passenger Car,s2_11_28,Deployed,s2_97_208,s2_1_2,Female,s2_37_80,s3_141_159,s2_164_318,s3_80_160,s2_2_4
18362,s3_1695_2555,s2_n103_99,s4_n40_7,s1_below_4282,s2_2_3,s6_2009_up,s2_760_2075,s4_37_47,Truck (<=10000 lbs.),s4_48_64,Not Deployed,s2_97_208,s1_below_1,Male,s3_80_96,s5_169_179,s3_318_464,s4_160_220,s4_5_6
18363,s2_885_1695,s2_n103_99,s4_n40_7,s1_below_4282,s3_3_4,s6_2009_up,s2_760_2075,s4_37_47,Passenger Car,s5_64_76,Deployed,s2_97_208,s2_1_2,Male,s4_96_114,s3_141_159,s2_164_318,s4_160_220,s2_2_4
18364,s2_885_1695,s2_n103_99,s4_n40_7,s1_below_4282,s2_2_3,s5_2007_2009,s2_760_2075,s5_47_57,Passenger Car,s3_28_48,Not Deployed,s2_97_208,s1_below_1,Male,s3_80_96,s3_141_159,s2_164_318,s1_below_40,s2_2_4
18365,s2_885_1695,s2_n103_99,s4_n40_7,s1_below_4282,s4_4_5,s6_2009_up,s2_760_2075,s4_37_47,Passenger Car,s4_48_64,Not Deployed,s2_97_208,s2_1_2,Female,s2_37_80,s3_141_159,s2_164_318,s3_80_160,s2_2_4
18366,s3_1695_2555,s2_n103_99,s4_n40_7,s1_below_4282,s1_below_2,s6_2009_up,s2_760_2075,s5_47_57,Truck (<=6000 lbs.),s4_48_64,Deployed,s2_97_208,s4_3_4,Female,s4_96_114,s3_141_159,s2_164_318,s3_80_160,s2_2_4
18367,s3_1695_2555,s2_n103_99,s4_n40_7,s1_below_4282,s2_2_3,s6_2009_up,s2_760_2075,s4_37_47,Passenger Car,s3_28_48,Not Deployed,s2_97_208,s1_below_1,Female,s3_80_96,s4_159_169,s2_164_318,s5_220_260,s3_4_5
18368,s2_885_1695,s2_n103_99,s4_n40_7,s1_below_4282,s1_below_2,s6_2009_up,s3_2075_3730,s3_17_37,Passenger Car,s4_48_64,Not Deployed,s2_97_208,s1_below_1,Female,s2_37_80,s3_141_159,s2_164_318,s5_220_260,s2_2_4
18369,s2_885_1695,s2_n103_99,s4_n40_7,s1_below_4282,s2_2_3,s6_2009_up,s2_760_2075,s4_37_47,Passenger Car,s3_28_48,Not Deployed,s2_97_208,s1_below_1,Female,s4_96_114,s3_141_159,s2_164_318,s4_160_220,s2_2_4
18370,s2_885_1695,s2_n103_99,s4_n40_7,s1_below_4282,s2_2_3,s6_2009_up,s2_760_2075,s6_57_up,Passenger Car,s2_11_28,Deployed,s2_97_208,s1_below_1,Female,s2_37_80,s3_141_159,s2_164_318,s4_160_220,s2_2_4
18371,s2_885_1695,s2_n103_99,s4_n40_7,s1_below_4282,s1_below_2,s5_2007_2009,s2_760_2075,s3_17_37,Truck (<=6000 lbs.),s2_11_28,Deployed,s2_97_208,s1_below_1,Female,s2_37_80,s3_141_159,s2_164_318,s4_160_220,s2_2_4
18372,s2_885_1695,s2_n103_99,s5_7_up,s1_below_4282,s3_3_4,s6_2009_up,s2_760_2075,s3_17_37,Passenger Car,s4_48_64,Not Deployed,s2_97_208,s2_1_2,Female,s4_96_114,s3_141_159,s2_164_318,s6_260_up,s2_2_4
18373,s2_885_1695,s2_n103_99,s4_n40_7,s1_below_4282,s5_5_6,s6_2009_up,s2_760_2075,s5_47_57,Truck (<=6000 lbs.),s5_64_76,Deployed,s2_97_208,s2_1_2,Female,s2_37_80,s3_141_159,s2_164_318,s3_80_160,s2_2_4
18374,s2_885_1695,s2_n103_99,s4_n40_7,s1_below_4282,s3_3_4,s6_2009_up,s2_760_2075,s4_37_47,Passenger Car,s4_48_64,Not Deployed,s2_97_208,s2_1_2,Female,s2_37_80,s3_141_159,s2_164_318,s3_80_160,s2_2_4
18375,s2_885_1695,s2_n103_99,s4_n40_7,s1_below_4282,s1_below_2,s6_2009_up,s2_760_2075,s4_37_47,Passenger Car,s2_11_28,Not Deployed,s2_97_208,s1_below_1,Female,s2_37_80,s3_141_159,s2_164_318,s3_80_160,s2_2_4
18376,s3_1695_2555,s2_n103_99,s4_n40_7,s1_below_4282,s3_3_4,s6_2009_up,s3_2075_3730,s3_17_37,Passenger Car,s5_64_76,Not Deployed,s2_97_208,s1_below_1,Male,s4_96_114,s4_159_169,s2_164_318,s3_80_160,s3_4_5
18377,s3_1695_2555,s2_n103_99,s4_n40_7,s1_below_4282,s3_3_4,s6_2009_up,s3_2075_3730,s5_47_57,Truck (<=10000 lbs.),s2_11_28,Not Deployed,s2_97_208,s1_below_1,Male,s4_96_114,s5_169_179,s3_318_464,s3_80_160,s5_6_7
18378,s3_1695_2555,s2_n103_99,s5_7_up,s1_below_4282,s1_below_2,s6_2009_up,s2_760_2075,s4_37_47,Truck (<=10000 lbs.),s3_28_48,Not Deployed,s2_97_208,s1_below_1,Male,s6_130_up,s5_169_179,s3_318_464,s6_260_up,s4_5_6
18379,s3_1695_2555,s2_n103_99,s5_7_up,s1_below_4282,s2_2_3,s6_2009_up,s2_760_2075,s6_57_up,Truck (<=10000 lbs.),s2_11_28,Not Deployed,s2_97_208,s1_below_1,Male,s3_80_96,s5_169_179,s2_164_318,s6_260_up,s3_4_5
18380,s2_885_1695,s2_n103_99,s3_n81_n40,s1_below_4282,s4_4_5,s5_2007_2009,s2_760_2075,s4_37_47,Passenger Car,s2_11_28,Deployed,s2_97_208,s2_1_2,Female,s2_37_80,s3_141_159,s2_164_318,s3_80_160,s2_2_4
18381,s2_885_1695,s2_n103_99,s4_n40_7,s1_below_4282,s2_2_3,s6_2009_up,s2_760_2075,s3_17_37,Passenger Car,s3_28_48,Deployed,s2_97_208,s1_below_1,Female,s2_37_80,s4_159_169,s2_164_318,s4_160_220,s2_2_4
18382,s2_885_1695,s2_n103_99,s5_7_up,s1_below_4282,s2_2_3,s6_2009_up,s2_760_2075,s5_47_57,Passenger Car,s3_28_48,Not Deployed,s2_97_208,s1_below_1,Female,s2_37_80,s3_141_159,s2_164_318,s6_260_up,s2_2_4
18383,s2_885_1695,s2_n103_99,s4_n40_7,s1_below_4282,s4_4_5,s6_2009_up,s2_760_2075,s3_17_37,Passenger Car,s3_28_48,Deployed,s2_97_208,s1_below_1,Female,s2_37_80,s3_141_159,s2_164_318,s2_40_80,s2_2_4
18384,s2_885_1695,s2_n103_99,s4_n40_7,s1_below_4282,s2_2_3,s6_2009_up,s2_760_2075,s4_37_47,Truck (<=6000 lbs.),s5_64_76,Deployed,s2_97_208,s1_below_1,Female,s2_37_80,s3_141_159,s2_164_318,s4_160_220,s2_2_4
18385,s3_1695_2555,s2_n103_99,s4_n40_7,s1_below_4282,s2_2_3,s6_2009_up,s2_760_2075,s3_17_37,Truck (<=10000 lbs.),s5_64_76,Deployed,s2_97_208,s1_below_1,Male,s3_80_96,s4_159_169,s2_164_318,s3_80_160,s3_4_5
18386,s3_1695_2555,s2_n103_99,s4_n40_7,s1_below_4282,s3_3_4,s5_2007_2009,s2_760_2075,s4_37_47,Truck (<=10000 lbs.),s3_28_48,Deployed,s2_97_208,s1_below_1,Male,s3_80_96,s5_169_179,s3_318_464,s3_80_160,s4_5_6
18387,s2_885_1695,s2_n103_99,s4_n40_7,s1_below_4282,s4_4_5,s5_2007_2009,s2_760_2075,s5_47_57,Passenger Car,s4_48_64,Not Deployed,s2_97_208,s1_below_1,Female,s2_37_80,s3_141_159,s2_164_318,s3_80_160,s2_2_4
18388,s2_885_1695,s2_n103_99,s4_n40_7,s1_below_4282,s2_2_3,s6_2009_up,s2_760_2075,s3_17_37,Passenger Car,s2_11_28,Not Deployed,s2_97_208,s1_below_1,Male,s2_37_80,s3_141_159,s2_164_318,s3_80_160,s2_2_4
18389,s3_1695_2555,s2_n103_99,s4_n40_7,s1_below_4282,s4_4_5,s6_2009_up,s2_760_2075,s4_37_47,Passenger Car,s2_11_28,Deployed,s2_97_208,s3_2_3,Male,s2_37_80,s4_159_169,s2_164_318,s3_80_160,s2_2_4
18390,s2_885_1695,s2_n103_99,s3_n81_n40,s1_below_4282,s4_4_5,s6_2009_up,s2_760_2075,s4_37_47,Passenger Car,s3_28_48,Deployed,s2_97_208,s6_5_up,Male,s4_96_114,s3_141_159,s2_164_318,s6_260_up,s2_2_4
18391,s4_2555_3715,s2_n103_99,s4_n40_7,s1_below_4282,s3_3_4,s6_2009_up,s2_760_2075,s3_17_37,Truck (<=10000 lbs.),s2_11_28,Not Deployed,s2_97_208,s1_below_1,Female,s2_37_80,s5_169_179,s3_318_464,s4_160_220,s4_5_6
18392,s3_1695_2555,s2_n103_99,s3_n81_n40,s1_below_4282,s3_3_4,s6_2009_up,s2_760_2075,s4_37_47,Passenger Car,s2_11_28,Deployed,s2_97_208,s1_below_1,Male,s2_37_80,s4_159_169,s2_164_318,s3_80_160,s2_2_4
18393,s2_885_1695,s2_n103_99,s4_n40_7,s1_below_4282,s3_3_4,s6_2009_up,s2_760_2075,s6_57_up,Truck (<=6000 lbs.),s2_11_28,Deployed,s2_97_208,s5_4_5,Female,s2_37_80,s3_141_159,s2_164_318,s3_80_160,s2_2_4
18394,s2_885_1695,s2_n103_99,s4_n40_7,s1_below_4282,s1_below_2,s5_2007_2009,s2_760_2075,s3_17_37,Passenger Car,s3_28_48,Not Deployed,s2_97_208,s1_below_1,Male,s4_96_114,s3_141_159,s2_164_318,s4_160_220,s2_2_4
18395,s2_885_1695,s2_n103_99,s4_n40_7,s1_below_4282,s2_2_3,s5_2007_2009,s2_760_2075,s3_17_37,Passenger Car,s2_11_28,Deployed,s2_97_208,s1_below_1,Male,s3_80_96,s3_141_159,s2_164_318,s3_80_160,s2_2_4
18396,s3_1695_2555,s2_n103_99,s4_n40_7,s1_below_4282,s3_3_4,s6_2009_up,s3_2075_3730,s4_37_47,Truck (<=6000 lbs.),s4_48_64,Deployed,s2_97_208,s1_below_1,Male,s3_80_96,s4_159_169,s2_164_318,s3_80_160,s2_2_4
18397,s2_885_1695,s2_n103_99,s4_n40_7,s1_below_4282,s1_below_2,s5_2007_2009,s2_760_2075,s3_17_37,Truck (<=6000 lbs.),s3_28_48,Not Deployed,s2_97_208,s1_below_1,Male,s5_114_130,s3_141_159,s2_164_318,s3_80_160,s2_2_4
18398,s3_1695_2555,s2_n103_99,s4_n40_7,s1_below_4282,s1_below_2,s6_2009_up,s2_760_2075,s5_47_57,Truck (<=6000 lbs.),s5_64_76,Not Deployed,s2_97_208,s1_below_1,Male,s5_114_130,s4_159_169,s2_164_318,s3_80_160,s3_4_5
18399,s3_1695_2555,s2_n103_99,s4_n40_7,s1_below_4282,s3_3_4,s6_2009_up,s2_760_2075,s4_37_47,Truck (<=6000 lbs.),s3_28_48,Not Deployed,s2_97_208,s1_below_1,Female,s3_80_96,s3_141_159,s2_164_318,s4_160_220,s2_2_4
18400,s2_885_1695,s2_n103_99,s4_n40_7,s1_below_4282,s3_3_4,s6_2009_up,s3_2075_3730,s4_37_47,Passenger Car,s2_11_28,Not Deployed,s2_97_208,s1_below_1,Male,s4_96_114,s3_141_159,s2_164_318,s4_160_220,s2_2_4
18401,s2_885_1695,s2_n103_99,s4_n40_7,s1_below_4282,s1_below_2,s6_2009_up,s3_2075_3730,s3_17_37,Truck (<=6000 lbs.),s3_28_48,Deployed,s2_97_208,s2_1_2,Male,s2_37_80,s3_141_159,s2_164_318,s4_160_220,s2_2_4
18402,s3_1695_2555,s2_n103_99,s4_n40_7,s1_below_4282,s4_4_5,s6_2009_up,s2_760_2075,s3_17_37,Truck (<=6000 lbs.),s4_48_64,Deployed,s2_97_208,s1_below_1,Male,s3_80_96,s4_159_169,s2_164_318,s3_80_160,s2_2_4
18403,s3_1695_2555,s2_n103_99,s4_n40_7,s1_below_4282,s3_3_4,s6_2009_up,s2_760_2075,s3_17_37,Truck (<=6000 lbs.),s3_28_48,Deployed,s2_97_208,s1_below_1,Male,s3_80_96,s5_169_179,s2_164_318,s3_80_160,s3_4_5
18404,s2_885_1695,s2_n103_99,s4_n40_7,s1_below_4282,s1_below_2,s5_2007_2009,s2_760_2075,s3_17_37,Passenger Car,s3_28_48,Not Deployed,s2_97_208,s1_below_1,Male,s3_80_96,s3_141_159,s2_164_318,s3_80_160,s2_2_4
18405,s2_885_1695,s2_n103_99,s4_n40_7,s1_below_4282,s4_4_5,s6_2009_up,s2_760_2075,s3_17_37,Passenger Car,s2_11_28,Deployed,s2_97_208,s1_below_1,Male,s2_37_80,s3_141_159,s2_164_318,s3_80_160,s2_2_4
18406,s2_885_1695,s2_n103_99,s3_n81_n40,s1_below_4282,s2_2_3,s6_2009_up,s2_760_2075,s3_17_37,Passenger Car,s3_28_48,Deployed,s2_97_208,s2_1_2,Male,s2_37_80,s3_141_159,s2_164_318,s3_80_160,s2_2_4
18407,s2_885_1695,s2_n103_99,s5_7_up,s1_below_4282,s5_5_6,s6_2009_up,s3_2075_3730,s3_17_37,Passenger Car,s3_28_48,Not Deployed,s2_97_208,s1_below_1,Female,s2_37_80,s3_141_159,s2_164_318,s6_260_up,s2_2_4
18408,s2_885_1695,s2_n103_99,s5_7_up,s2_4282_6970,s1_below_2,s6_2009_up,s2_760_2075,s3_17_37,Passenger Car,s4_48_64,Not Deployed,s2_97_208,s1_below_1,Male,s3_80_96,s3_141_159,s2_164_318,s6_260_up,s2_2_4
18409,s2_885_1695,s2_n103_99,s5_7_up,s1_below_4282,s3_3_4,s5_2007_2009,s2_760_2075,s5_47_57,Passenger Car,s3_28_48,Not Deployed,s2_97_208,s1_below_1,Male,s2_37_80,s3_141_159,s2_164_318,s6_260_up,s2_2_4
18410,s2_885_1695,s2_n103_99,s4_n40_7,s1_below_4282,s4_4_5,s6_2009_up,s2_760_2075,s3_17_37,Passenger Car,s3_28_48,Not Deployed,s2_97_208,s1_below_1,Female,s3_80_96,s3_141_159,s2_164_318,s3_80_160,s2_2_4
18411,s3_1695_2555,s2_n103_99,s4_n40_7,s1_below_4282,s1_below_2,s6_2009_up,s2_760_2075,s3_17_37,Truck (<=6000 lbs.),s3_28_48,Deployed,s2_97_208,s1_below_1,Male,s3_80_96,s3_141_159,s3_318_464,s3_80_160,s2_2_4
18412,s2_885_1695,s2_n103_99,s4_n40_7,s1_below_4282,s6_6_up,s6_2009_up,s2_760_2075,s5_47_57,Passenger Car,s3_28_48,Deployed,s2_97_208,s1_below_1,Female,s2_37_80,s3_141_159,s2_164_318,s3_80_160,s2_2_4
18413,s2_885_1695,s2_n103_99,s4_n40_7,s1_below_4282,s2_2_3,s5_2007_2009,s2_760_2075,s4_37_47,Passenger Car,s6_76_up,Not Deployed,s2_97_208,s4_3_4,Male,s3_80_96,s3_141_159,s2_164_318,s2_40_80,s2_2_4
18414,s2_885_1695,s2_n103_99,s4_n40_7,s1_below_4282,s1_below_2,s5_2007_2009,s3_2075_3730,s3_17_37,Passenger Car,s3_28_48,Deployed,s2_97_208,s1_below_1,Female,s3_80_96,s3_141_159,s2_164_318,s3_80_160,s2_2_4
18415,s2_885_1695,s2_n103_99,s5_7_up,s1_below_4282,s5_5_6,s6_2009_up,s3_2075_3730,s4_37_47,Truck (<=6000 lbs.),s4_48_64,Not Deployed,s2_97_208,s1_below_1,Female,s2_37_80,s3_141_159,s2_164_318,s6_260_up,s2_2_4
18416,s2_885_1695,s2_n103_99,s5_7_up,s1_below_4282,s3_3_4,s5_2007_2009,s3_2075_3730,s3_17_37,Passenger Car,s3_28_48,Not Deployed,s2_97_208,s1_below_1,Female,s2_37_80,s4_159_169,s2_164_318,s6_260_up,s2_2_4
18417,s2_885_1695,s2_n103_99,s4_n40_7,s1_below_4282,s1_below_2,s6_2009_up,s2_760_2075,s4_37_47,Passenger Car,s2_11_28,Deployed,s2_97_208,s1_below_1,Male,s2_37_80,s3_141_159,s2_164_318,s3_80_160,s2_2_4
18418,s3_1695_2555,s2_n103_99,s3_n81_n40,s1_below_4282,s3_3_4,s5_2007_2009,s2_760_2075,s5_47_57,Truck (<=10000 lbs.),s4_48_64,Deployed,s2_97_208,s2_1_2,Female,s4_96_114,s4_159_169,s2_164_318,s3_80_160,s3_4_5
18419,s2_885_1695,s2_n103_99,s5_7_up,s1_below_4282,s4_4_5,s5_2007_2009,s2_760_2075,s3_17_37,Passenger Car,s3_28_48,Not Deployed,s2_97_208,s1_below_1,Female,s3_80_96,s3_141_159,s2_164_318,s6_260_up,s2_2_4
18420,s2_885_1695,s2_n103_99,s4_n40_7,s1_below_4282,s1_below_2,s5_2007_2009,s2_760_2075,s3_17_37,Truck (<=6000 lbs.),s4_48_64,Deployed,s2_97_208,s1_below_1,Female,s2_37_80,s3_141_159,s2_164_318,s3_80_160,s2_2_4
18421,s2_885_1695,s2_n103_99,s4_n40_7,s1_below_4282,s3_3_4,s5_2007_2009,s2_760_2075,s4_37_47,Passenger Car,s4_48_64,Deployed,s2_97_208,s1_below_1,Female,s2_37_80,s3_141_159,s2_164_318,s3_80_160,s2_2_4
18422,s2_885_1695,s2_n103_99,s4_n40_7,s1_below_4282,s4_4_5,s6_2009_up,s3_2075_3730,s4_37_47,Passenger Car,s4_48_64,Not Deployed,s2_97_208,s2_1_2,Female,s5_114_130,s3_141_159,s2_164_318,s3_80_160,s2_2_4
18423,s2_885_1695,s2_n103_99,s4_n40_7,s1_below_4282,s1_below_2,s6_2009_up,s2_760_2075,s3_17_37,Passenger Car,s3_28_48,Deployed,s2_97_208,s1_below_1,Female,s2_37_80,s3_141_159,s2_164_318,s3_80_160,s2_2_4
18424,s2_885_1695,s2_n103_99,s4_n40_7,s1_below_4282,s3_3_4,s6_2009_up,s2_760_2075,s4_37_47,Passenger Car,s2_11_28,Deployed,s2_97_208,s1_below_1,Male,s3_80_96,s3_141_159,s2_164_318,s3_80_160,s2_2_4
18425,s2_885_1695,s2_n103_99,s5_7_up,s1_below_4282,s3_3_4,s5_2007_2009,s3_2075_3730,s5_47_57,Truck (<=6000 lbs.),s3_28_48,Not Deployed,s2_97_208,s1_below_1,Female,s2_37_80,s3_141_159,s2_164_318,s6_260_up,s2_2_4
18426,s2_885_1695,s2_n103_99,s4_n40_7,s1_below_4282,s1_below_2,s5_2007_2009,s2_760_2075,s4_37_47,Passenger Car,s6_76_up,Not Deployed,s2_97_208,s1_below_1,Male,s4_96_114,s3_141_159,s2_164_318,s3_80_160,s2_2_4
18427,s2_885_1695,s2_n103_99,s4_n40_7,s1_below_4282,s2_2_3,s6_2009_up,s2_760_2075,s4_37_47,Passenger Car,s2_11_28,Deployed,s2_97_208,s1_below_1,Female,s2_37_80,s3_141_159,s2_164_318,s3_80_160,s2_2_4
18428,s3_1695_2555,s2_n103_99,s4_n40_7,s1_below_4282,s1_below_2,s5_2007_2009,s2_760_2075,s3_17_37,Truck (<=6000 lbs.),s4_48_64,Not Deployed,s2_97_208,s1_below_1,Male,s3_80_96,s3_141_159,s2_164_318,s3_80_160,s2_2_4
18429,s3_1695_2555,s2_n103_99,s4_n40_7,s1_below_4282,s4_4_5,s5_2007_2009,s2_760_2075,s4_37_47,Truck (<=10000 lbs.),s4_48_64,Deployed,s2_97_208,s1_below_1,Male,s4_96_114,s5_169_179,s2_164_318,s3_80_160,s3_4_5
18430,s3_1695_2555,s2_n103_99,s4_n40_7,s1_below_4282,s1_below_2,s6_2009_up,s2_760_2075,s4_37_47,Truck (<=6000 lbs.),s3_28_48,Not Deployed,s2_97_208,s1_below_1,Male,s2_37_80,s4_159_169,s2_164_318,s3_80_160,s2_2_4
18431,s2_885_1695,s2_n103_99,s4_n40_7,s1_below_4282,s1_below_2,s6_2009_up,s2_760_2075,s4_37_47,Passenger Car,s2_11_28,Not Deployed,s2_97_208,s2_1_2,Female,s2_37_80,s3_141_159,s2_164_318,s4_160_220,s2_2_4
18432,s2_885_1695,s2_n103_99,s4_n40_7,s1_below_4282,s2_2_3,s5_2007_2009,s2_760_2075,s3_17_37,Passenger Car,s3_28_48,Deployed,s2_97_208,s3_2_3,Male,s3_80_96,s3_141_159,s2_164_318,s3_80_160,s2_2_4
18433,s2_885_1695,s2_n103_99,s4_n40_7,s1_below_4282,s3_3_4,s6_2009_up,s2_760_2075,s3_17_37,Passenger Car,s3_28_48,Deployed,s2_97_208,s1_below_1,Female,s2_37_80,s4_159_169,s2_164_318,s3_80_160,s2_2_4
18434,s3_1695_2555,s2_n103_99,s4_n40_7,s1_below_4282,s1_below_2,s6_2009_up,s2_760_2075,s3_17_37,Truck (<=10000 lbs.),s2_11_28,Not Deployed,s2_97_208,s1_below_1,Female,s2_37_80,s5_169_179,s3_318_464,s2_40_80,s4_5_6
18435,s2_885_1695,s2_n103_99,s4_n40_7,s1_below_4282,s1_below_2,s6_2009_up,s2_760_2075,s3_17_37,Passenger Car,s3_28_48,Deployed,s2_97_208,s1_below_1,Male,s3_80_96,s3_141_159,s2_164_318,s4_160_220,s2_2_4
18436,s4_2555_3715,s2_n103_99,s4_n40_7,s1_below_4282,s1_below_2,s6_2009_up,s2_760_2075,s6_57_up,Truck (<=10000 lbs.),s5_64_76,Not Deployed,s2_97_208,s1_below_1,Male,s4_96_114,s5_169_179,s3_318_464,s3_80_160,s5_6_7
18437,s3_1695_2555,s2_n103_99,s4_n40_7,s1_below_4282,s3_3_4,s6_2009_up,s3_2075_3730,s6_57_up,Truck (<=6000 lbs.),s3_28_48,Deployed,s2_97_208,s1_below_1,Female,s2_37_80,s4_159_169,s2_164_318,s4_160_220,s2_2_4
18438,s2_885_1695,s2_n103_99,s4_n40_7,s1_below_4282,s1_below_2,s6_2009_up,s2_760_2075,s3_17_37,Passenger Car,s2_11_28,Not Deployed,s2_97_208,s1_below_1,Male,s2_37_80,s3_141_159,s2_164_318,s4_160_220,s2_2_4
18439,s3_1695_2555,s2_n103_99,s4_n40_7,s1_below_4282,s2_2_3,s5_2007_2009,s2_760_2075,s3_17_37,Truck (<=10000 lbs.),s5_64_76,Deployed,s2_97_208,s3_2_3,Male,s4_96_114,s5_169_179,s2_164_318,s3_80_160,s3_4_5
18440,s2_885_1695,s2_n103_99,s4_n40_7,s1_below_4282,s1_below_2,s6_2009_up,s2_760_2075,s4_37_47,Passenger Car,s3_28_48,Deployed,s2_97_208,s1_below_1,Female,s2_37_80,s3_141_159,s2_164_318,s3_80_160,s2_2_4
18441,s2_885_1695,s2_n103_99,s4_n40_7,s1_below_4282,s2_2_3,s5_2007_2009,s2_760_2075,s4_37_47,Truck (<=6000 lbs.),s4_48_64,Not Deployed,s2_97_208,s2_1_2,Female,s2_37_80,s3_141_159,s2_164_318,s4_160_220,s2_2_4
18442,s2_885_1695,s2_n103_99,s4_n40_7,s1_below_4282,s1_below_2,s6_2009_up,s2_760_2075,s3_17_37,Passenger Car,s3_28_48,Not Deployed,s2_97_208,s1_below_1,Female,s2_37_80,s3_141_159,s2_164_318,s4_160_220,s2_2_4
18443,s2_885_1695,s2_n103_99,s5_7_up,s1_below_4282,s2_2_3,s6_2009_up,s3_2075_3730,s3_17_37,Passenger Car,s3_28_48,Not Deployed,s2_97_208,s1_below_1,Female,s2_37_80,s3_141_159,s2_164_318,s6_260_up,s2_2_4
18444,s3_1695_2555,s2_n103_99,s4_n40_7,s1_below_4282,s2_2_3,s6_2009_up,s2_760_2075,s3_17_37,Truck (<=6000 lbs.),s2_11_28,Deployed,s2_97_208,s1_below_1,Female,s2_37_80,s3_141_159,s2_164_318,s3_80_160,s2_2_4
18445,s2_885_1695,s2_n103_99,s4_n40_7,s1_below_4282,s4_4_5,s6_2009_up,s3_2075_3730,s4_37_47,Truck (<=6000 lbs.),s4_48_64,Deployed,s2_97_208,s5_4_5,Male,s4_96_114,s3_141_159,s2_164_318,s3_80_160,s2_2_4
18446,s2_885_1695,s2_n103_99,s4_n40_7,s1_below_4282,s2_2_3,s5_2007_2009,s3_2075_3730,s3_17_37,Passenger Car,s3_28_48,Deployed,s2_97_208,s2_1_2,Female,s4_96_114,s3_141_159,s2_164_318,s4_160_220,s2_2_4
18447,s2_885_1695,s2_n103_99,s4_n40_7,s1_below_4282,s2_2_3,s6_2009_up,s3_2075_3730,s4_37_47,Truck (<=6000 lbs.),s2_11_28,Not Deployed,s2_97_208,s1_below_1,Female,s5_114_130,s3_141_159,s2_164_318,s2_40_80,s2_2_4
18448,s2_885_1695,s2_n103_99,s4_n40_7,s1_below_4282,s1_below_2,s6_2009_up,s3_2075_3730,s4_37_47,Passenger Car,s3_28_48,Not Deployed,s2_97_208,s1_below_1,Male,s2_37_80,s3_141_159,s2_164_318,s4_160_220,s2_2_4
18449,s3_1695_2555,s2_n103_99,s4_n40_7,s1_below_4282,s3_3_4,s6_2009_up,s2_760_2075,s4_37_47,Passenger Car,s3_28_48,Deployed,s2_97_208,s4_3_4,Male,s3_80_96,s4_159_169,s2_164_318,s3_80_160,s2_2_4
18450,s2_885_1695,s2_n103_99,s5_7_up,s1_below_4282,s1_below_2,s6_2009_up,s3_2075_3730,s4_37_47,Passenger Car,s2_11_28,Not Deployed,s2_97_208,s1_below_1,Female,s3_80_96,s4_159_169,s2_164_318,s4_160_220,s2_2_4
18451,s3_1695_2555,s2_n103_99,s4_n40_7,s1_below_4282,s4_4_5,s5_2007_2009,s2_760_2075,s4_37_47,Passenger Car,s3_28_48,Deployed,s2_97_208,s1_below_1,Male,s2_37_80,s3_141_159,s2_164_318,s3_80_160,s2_2_4
18452,s2_885_1695,s2_n103_99,s4_n40_7,s1_below_4282,s1_below_2,s5_2007_2009,s3_2075_3730,s5_47_57,Passenger Car,s3_28_48,Not Deployed,s2_97_208,s1_below_1,Male,s4_96_114,s3_141_159,s2_164_318,s3_80_160,s2_2_4
18453,s3_1695_2555,s2_n103_99,s4_n40_7,s1_below_4282,s1_below_2,s5_2007_2009,s2_760_2075,s1_below_7,Truck (<=6000 lbs.),s5_64_76,Not Deployed,s2_97_208,s1_below_1,Male,s3_80_96,s3_141_159,s2_164_318,s2_40_80,s2_2_4
18454,s3_1695_2555,s2_n103_99,s4_n40_7,s1_below_4282,s3_3_4,s6_2009_up,s2_760_2075,s4_37_47,Passenger Car,s4_48_64,Not Deployed,s2_97_208,s1_below_1,Female,s3_80_96,s5_169_179,s2_164_318,s3_80_160,s3_4_5
18455,s2_885_1695,s2_n103_99,s4_n40_7,s1_below_4282,s1_below_2,s6_2009_up,s3_2075_3730,s4_37_47,Passenger Car,s3_28_48,Not Deployed,s2_97_208,s1_below_1,Male,s3_80_96,s3_141_159,s2_164_318,s4_160_220,s2_2_4
18456,s2_885_1695,s2_n103_99,s4_n40_7,s1_below_4282,s2_2_3,s6_2009_up,s2_760_2075,s3_17_37,Passenger Car,s2_11_28,Deployed,s2_97_208,s1_below_1,Male,s2_37_80,s3_141_159,s2_164_318,s4_160_220,s2_2_4
18457,s2_885_1695,s2_n103_99,s4_n40_7,s1_below_4282,s3_3_4,s6_2009_up,s2_760_2075,s6_57_up,Passenger Car,s4_48_64,Deployed,s2_97_208,s1_below_1,Male,s3_80_96,s3_141_159,s2_164_318,s3_80_160,s2_2_4
18458,s2_885_1695,s2_n103_99,s5_7_up,s1_below_4282,s1_below_2,s6_2009_up,s2_760_2075,s3_17_37,Passenger Car,s2_11_28,Not Deployed,s2_97_208,s1_below_1,Female,s2_37_80,s3_141_159,s2_164_318,s6_260_up,s2_2_4
18459,s3_1695_2555,s2_n103_99,s4_n40_7,s1_below_4282,s4_4_5,s5_2007_2009,s2_760_2075,s4_37_47,Truck (<=10000 lbs.),s5_64_76,Deployed,s2_97_208,s1_below_1,Female,s2_37_80,s5_169_179,s2_164_318,s3_80_160,s2_2_4
18460,s2_885_1695,s2_n103_99,s5_7_up,s1_below_4282,s2_2_3,s5_2007_2009,s2_760_2075,s4_37_47,Passenger Car,s3_28_48,Not Deployed,s2_97_208,s1_below_1,Male,s3_80_96,s3_141_159,s2_164_318,s6_260_up,s2_2_4
18461,s2_885_1695,s2_n103_99,s4_n40_7,s1_below_4282,s3_3_4,s6_2009_up,s2_760_2075,s4_37_47,Passenger Car,s2_11_28,Deployed,s2_97_208,s1_below_1,Female,s2_37_80,s3_141_159,s2_164_318,s4_160_220,s2_2_4
18462,s3_1695_2555,s2_n103_99,s4_n40_7,s1_below_4282,s3_3_4,s6_2009_up,s2_760_2075,s5_47_57,Truck (<=6000 lbs.),s5_64_76,Deployed,s2_97_208,s1_below_1,Male,s4_96_114,s3_141_159,s2_164_318,s4_160_220,s2_2_4
18463,s2_885_1695,s2_n103_99,s4_n40_7,s1_below_4282,s2_2_3,s5_2007_2009,s2_760_2075,s3_17_37,Passenger Car,s4_48_64,Not Deployed,s2_97_208,s2_1_2,Female,s4_96_114,s3_141_159,s2_164_318,s4_160_220,s2_2_4
18464,s2_885_1695,s2_n103_99,s5_7_up,s1_below_4282,s1_below_2,s5_2007_2009,s3_2075_3730,s4_37_47,Truck (<=6000 lbs.),s4_48_64,Not Deployed,s2_97_208,s1_below_1,Male,s3_80_96,s3_141_159,s2_164_318,s6_260_up,s2_2_4
18465,s3_1695_2555,s2_n103_99,s4_n40_7,s1_below_4282,s3_3_4,s6_2009_up,s2_760_2075,s4_37_47,Truck (<=10000 lbs.),s3_28_48,Not Deployed,s2_97_208,s1_below_1,Male,s4_96_114,s5_169_179,s2_164_318,s4_160_220,s3_4_5
18466,s3_1695_2555,s2_n103_99,s5_7_up,s1_below_4282,s5_5_6,s6_2009_up,s3_2075_3730,s4_37_47,Truck (<=10000 lbs.),s2_11_28,Not Deployed,s2_97_208,s1_below_1,Female,s2_37_80,s5_169_179,s3_318_464,s6_260_up,s4_5_6
18467,s4_2555_3715,s2_n103_99,s4_n40_7,s1_below_4282,s1_below_2,s5_2007_2009,s3_2075_3730,s3_17_37,Truck (<=10000 lbs.),s3_28_48,Deployed,s2_97_208,s1_below_1,Female,s4_96_114,s5_169_179,s3_318_464,s3_80_160,s4_5_6
18468,s4_2555_3715,s2_n103_99,s4_n40_7,s1_below_4282,s2_2_3,s5_2007_2009,s2_760_2075,s4_37_47,Truck (<=10000 lbs.),s4_48_64,Not Deployed,s2_97_208,s1_below_1,Male,s2_37_80,s5_169_179,s3_318_464,s3_80_160,s4_5_6
18469,s3_1695_2555,s2_n103_99,s5_7_up,s1_below_4282,s1_below_2,s6_2009_up,s3_2075_3730,s3_17_37,Passenger Car,s4_48_64,Not Deployed,s2_97_208,s1_below_1,Male,s3_80_96,s4_159_169,s2_164_318,s6_260_up,s2_2_4
18470,s2_885_1695,s2_n103_99,s4_n40_7,s1_below_4282,s3_3_4,s6_2009_up,s2_760_2075,s4_37_47,Passenger Car,s3_28_48,Not Deployed,s2_97_208,s1_below_1,Male,s2_37_80,s3_141_159,s2_164_318,s3_80_160,s2_2_4
18471,s2_885_1695,s2_n103_99,s4_n40_7,s1_below_4282,s3_3_4,s5_2007_2009,s3_2075_3730,s4_37_47,Passenger Car,s4_48_64,Deployed,s2_97_208,s1_below_1,Female,s2_37_80,s3_141_159,s2_164_318,s3_80_160,s2_2_4
18472,s2_885_1695,s2_n103_99,s4_n40_7,s1_below_4282,s1_below_2,s6_2009_up,s2_760_2075,s3_17_37,Passenger Car,s2_11_28,Not Deployed,s2_97_208,s1_below_1,Female,s3_80_96,s3_141_159,s2_164_318,s2_40_80,s2_2_4
18473,s2_885_1695,s2_n103_99,s4_n40_7,s1_below_4282,s2_2_3,s5_2007_2009,s2_760_2075,s3_17_37,Passenger Car,s6_76_up,Not Deployed,s2_97_208,s1_below_1,Female,s2_37_80,s3_141_159,s2_164_318,s3_80_160,s2_2_4
18474,s3_1695_2555,s2_n103_99,s4_n40_7,s1_below_4282,s3_3_4,s5_2007_2009,s2_760_2075,s4_37_47,Truck (<=6000 lbs.),s2_11_28,Deployed,s2_97_208,s1_below_1,Male,s2_37_80,s4_159_169,s2_164_318,s3_80_160,s2_2_4
18475,s2_885_1695,s2_n103_99,s4_n40_7,s1_below_4282,s4_4_5,s6_2009_up,s2_760_2075,s4_37_47,Passenger Car,s3_28_48,Deployed,s2_97_208,s1_below_1,Male,s4_96_114,s4_159_169,s2_164_318,s3_80_160,s2_2_4
18476,s2_885_1695,s2_n103_99,s5_7_up,s1_below_4282,s4_4_5,s6_2009_up,s2_760_2075,s4_37_47,Passenger Car,s6_76_up,Deployed,s2_97_208,s2_1_2,Male,s2_37_80,s3_141_159,s2_164_318,s6_260_up,s2_2_4
18477,s3_1695_2555,s2_n103_99,s5_7_up,s1_below_4282,s3_3_4,s6_2009_up,s3_2075_3730,s6_57_up,Truck (<=6000 lbs.),s4_48_64,Deployed,s2_97_208,s1_below_1,Female,s2_37_80,s3_141_159,s2_164_318,s6_260_up,s2_2_4
18478,s2_885_1695,s2_n103_99,s5_7_up,s1_below_4282,s2_2_3,s5_2007_2009,s2_760_2075,s4_37_47,Truck (<=6000 lbs.),s3_28_48,Not Deployed,s2_97_208,s1_below_1,Female,s2_37_80,s3_141_159,s2_164_318,s6_260_up,s2_2_4
18479,s2_885_1695,s2_n103_99,s4_n40_7,s1_below_4282,s3_3_4,s5_2007_2009,s3_2075_3730,s6_57_up,Passenger Car,s2_11_28,Not Deployed,s2_97_208,s1_below_1,Male,s3_80_96,s3_141_159,s2_164_318,s3_80_160,s2_2_4
18480,s2_885_1695,s2_n103_99,s4_n40_7,s1_below_4282,s4_4_5,s6_2009_up,s2_760_2075,s4_37_47,Passenger Car,s4_48_64,Deployed,s2_97_208,s1_below_1,Female,s2_37_80,s3_141_159,s2_164_318,s3_80_160,s2_2_4
18481,s2_885_1695,s2_n103_99,s4_n40_7,s1_below_4282,s6_6_up,s6_2009_up,s2_760_2075,s3_17_37,Passenger Car,s6_76_up,Not Deployed,s2_97_208,s1_below_1,Female,s2_37_80,s3_141_159,s2_164_318,s4_160_220,s2_2_4
18482,s2_885_1695,s2_n103_99,s4_n40_7,s1_below_4282,s3_3_4,s6_2009_up,s2_760_2075,s4_37_47,Passenger Car,s3_28_48,Deployed,s2_97_208,s1_below_1,Male,s3_80_96,s3_141_159,s2_164_318,s4_160_220,s2_2_4
18483,s2_885_1695,s2_n103_99,s4_n40_7,s1_below_4282,s3_3_4,s6_2009_up,s2_760_2075,s4_37_47,Passenger Car,s2_11_28,Deployed,s2_97_208,s1_below_1,Male,s3_80_96,s3_141_159,s2_164_318,s3_80_160,s2_2_4
18484,s2_885_1695,s2_n103_99,s4_n40_7,s1_below_4282,s1_below_2,s6_2009_up,s3_2075_3730,s3_17_37,Truck (<=6000 lbs.),s4_48_64,Deployed,s2_97_208,s1_below_1,Female,s2_37_80,s3_141_159,s2_164_318,s4_160_220,s2_2_4
18485,s2_885_1695,s2_n103_99,s5_7_up,s1_below_4282,s2_2_3,s5_2007_2009,s2_760_2075,s4_37_47,Passenger Car,s4_48_64,Not Deployed,s2_97_208,s1_below_1,Female,s2_37_80,s3_141_159,s2_164_318,s6_260_up,s2_2_4
18486,s2_885_1695,s2_n103_99,s5_7_up,s1_below_4282,s1_below_2,s5_2007_2009,s2_760_2075,s3_17_37,Passenger Car,s5_64_76,Not Deployed,s2_97_208,s1_below_1,Female,s2_37_80,s3_141_159,s2_164_318,s6_260_up,s2_2_4
18487,s3_1695_2555,s2_n103_99,s4_n40_7,s1_below_4282,s3_3_4,s5_2007_2009,s3_2075_3730,s3_17_37,Truck (<=6000 lbs.),s3_28_48,Not Deployed,s2_97_208,s1_below_1,Female,s3_80_96,s3_141_159,s2_164_318,s3_80_160,s2_2_4
18488,s2_885_1695,s2_n103_99,s4_n40_7,s1_below_4282,s1_below_2,s6_2009_up,s2_760_2075,s3_17_37,Passenger Car,s4_48_64,Not Deployed,s2_97_208,s1_below_1,Male,s2_37_80,s3_141_159,s2_164_318,s2_40_80,s2_2_4
18489,s4_2555_3715,s2_n103_99,s4_n40_7,s1_below_4282,s1_below_2,s5_2007_2009,s2_760_2075,s3_17_37,Truck (<=10000 lbs.),s4_48_64,Not Deployed,s2_97_208,s1_below_1,Female,s2_37_80,s5_169_179,s3_318_464,s3_80_160,s5_6_7
18490,s3_1695_2555,s2_n103_99,s4_n40_7,s1_below_4282,s1_below_2,s6_2009_up,s3_2075_3730,s5_47_57,Truck (<=10000 lbs.),s3_28_48,Deployed,s2_97_208,s1_below_1,Female,s2_37_80,s5_169_179,s2_164_318,s3_80_160,s3_4_5
18491,s2_885_1695,s2_n103_99,s4_n40_7,s1_below_4282,s5_5_6,s5_2007_2009,s2_760_2075,s3_17_37,Passenger Car,s2_11_28,Not Deployed,s2_97_208,s1_below_1,Male,s2_37_80,s3_141_159,s2_164_318,s3_80_160,s2_2_4
18492,s3_1695_2555,s2_n103_99,s4_n40_7,s1_below_4282,s4_4_5,s6_2009_up,s2_760_2075,s3_17_37,Truck (<=6000 lbs.),s3_28_48,Not Deployed,s2_97_208,s1_below_1,Female,s2_37_80,s3_141_159,s2_164_318,s2_40_80,s2_2_4
18493,s4_2555_3715,s2_n103_99,s4_n40_7,s1_below_4282,s5_5_6,s6_2009_up,s2_760_2075,s3_17_37,Truck (<=10000 lbs.),s4_48_64,Deployed,s2_97_208,s1_below_1,Male,s5_114_130,s5_169_179,s2_164_318,s3_80_160,s3_4_5
18494,s2_885_1695,s2_n103_99,s4_n40_7,s1_below_4282,s4_4_5,s6_2009_up,s2_760_2075,s4_37_47,Passenger Car,s3_28_48,Deployed,s2_97_208,s1_below_1,Female,s2_37_80,s3_141_159,s2_164_318,s3_80_160,s2_2_4
18495,s2_885_1695,s2_n103_99,s4_n40_7,s1_below_4282,s1_below_2,s6_2009_up,s2_760_2075,s1_below_7,Passenger Car,s3_28_48,Deployed,s2_97_208,s2_1_2,Male,s3_80_96,s3_141_159,s2_164_318,s6_260_up,s2_2_4
18496,s4_2555_3715,s2_n103_99,s5_7_up,s1_below_4282,s3_3_4,s6_2009_up,s3_2075_3730,s3_17_37,Passenger Car,s3_28_48,Not Deployed,s2_97_208,s1_below_1,Female,s3_80_96,s3_141_159,s2_164_318,s6_260_up,s2_2_4
18497,s3_1695_2555,s2_n103_99,s4_n40_7,s1_below_4282,s1_below_2,s5_2007_2009,s2_760_2075,s3_17_37,Truck (<=10000 lbs.),s4_48_64,Not Deployed,s2_97_208,s1_below_1,Female,s4_96_114,s5_169_179,s3_318_464,s3_80_160,s4_5_6
18498,s3_1695_2555,s2_n103_99,s4_n40_7,s1_below_4282,s1_below_2,s6_2009_up,s3_2075_3730,s3_17_37,Truck (<=6000 lbs.),s3_28_48,Not Deployed,s2_97_208,s1_below_1,Female,s2_37_80,s4_159_169,s2_164_318,s3_80_160,s2_2_4
18499,s2_885_1695,s2_n103_99,s5_7_up,s1_below_4282,s4_4_5,s6_2009_up,s2_760_2075,s4_37_47,Passenger Car,s2_11_28,Not Deployed,s2_97_208,s1_below_1,Female,s2_37_80,s3_141_159,s2_164_318,s6_260_up,s2_2_4
18500,s2_885_1695,s2_n103_99,s4_n40_7,s1_below_4282,s3_3_4,s6_2009_up,s3_2075_3730,s3_17_37,Truck (<=6000 lbs.),s4_48_64,Not Deployed,s2_97_208,s1_below_1,Female,s2_37_80,s3_141_159,s2_164_318,s3_80_160,s2_2_4
18501,s2_885_1695,s2_n103_99,s4_n40_7,s1_below_4282,s4_4_5,s5_2007_2009,s2_760_2075,s4_37_47,Truck (<=6000 lbs.),s3_28_48,Not Deployed,s2_97_208,s1_below_1,Female,s2_37_80,s3_141_159,s2_164_318,s3_80_160,s2_2_4
18502,s2_885_1695,s2_n103_99,s4_n40_7,s1_below_4282,s4_4_5,s6_2009_up,s2_760_2075,s3_17_37,Passenger Car,s3_28_48,Not Deployed,s2_97_208,s1_below_1,Male,s3_80_96,s3_141_159,s2_164_318,s3_80_160,s2_2_4
18503,s2_885_1695,s2_n103_99,s4_n40_7,s1_below_4282,s4_4_5,s5_2007_2009,s2_760_2075,s4_37_47,Passenger Car,s3_28_48,Deployed,s2_97_208,s1_below_1,Male,s2_37_80,s3_141_159,s2_164_318,s4_160_220,s2_2_4
18504,s2_885_1695,s2_n103_99,s4_n40_7,s1_below_4282,s1_below_2,s5_2007_2009,s2_760_2075,s4_37_47,Passenger Car,s4_48_64,Deployed,s2_97_208,s1_below_1,Female,s2_37_80,s3_141_159,s2_164_318,s3_80_160,s2_2_4
18505,s2_885_1695,s2_n103_99,s5_7_up,s1_below_4282,s2_2_3,s5_2007_2009,s2_760_2075,s3_17_37,Passenger Car,s2_11_28,Not Deployed,s2_97_208,s1_below_1,Female,s3_80_96,s3_141_159,s2_164_318,s6_260_up,s2_2_4
18506,s2_885_1695,s2_n103_99,s4_n40_7,s1_below_4282,s6_6_up,s5_2007_2009,s2_760_2075,s3_17_37,Passenger Car,s5_64_76,Deployed,s2_97_208,s1_below_1,Male,s2_37_80,s3_141_159,s2_164_318,s4_160_220,s2_2_4
18507,s2_885_1695,s2_n103_99,s4_n40_7,s1_below_4282,s1_below_2,s6_2009_up,s2_760_2075,s3_17_37,Passenger Car,s2_11_28,Not Deployed,s2_97_208,s1_below_1,Male,s4_96_114,s3_141_159,s2_164_318,s3_80_160,s2_2_4
18508,s2_885_1695,s2_n103_99,s4_n40_7,s1_below_4282,s3_3_4,s5_2007_2009,s2_760_2075,s6_57_up,Passenger Car,s4_48_64,Deployed,s2_97_208,s1_below_1,Female,s2_37_80,s3_141_159,s2_164_318,s3_80_160,s2_2_4
18509,s2_885_1695,s2_n103_99,s4_n40_7,s1_below_4282,s6_6_up,s5_2007_2009,s2_760_2075,s5_47_57,Passenger Car,s6_76_up,Deployed,s2_97_208,s2_1_2,Male,s2_37_80,s3_141_159,s2_164_318,s4_160_220,s2_2_4
18510,s3_1695_2555,s2_n103_99,s4_n40_7,s1_below_4282,s4_4_5,s6_2009_up,s2_760_2075,s3_17_37,Truck (<=10000 lbs.),s2_11_28,Not Deployed,s2_97_208,s1_below_1,Female,s2_37_80,s5_169_179,s3_318_464,s4_160_220,s4_5_6
18511,s2_885_1695,s2_n103_99,s4_n40_7,s1_below_4282,s3_3_4,s5_2007_2009,s2_760_2075,s6_57_up,Passenger Car,s2_11_28,Not Deployed,s2_97_208,s1_below_1,Male,s4_96_114,s3_141_159,s2_164_318,s3_80_160,s2_2_4
18512,s2_885_1695,s2_n103_99,s4_n40_7,s1_below_4282,s4_4_5,s6_2009_up,s2_760_2075,s3_17_37,Passenger Car,s2_11_28,Deployed,s2_97_208,s1_below_1,Female,s2_37_80,s3_141_159,s2_164_318,s4_160_220,s2_2_4
18513,s2_885_1695,s2_n103_99,s4_n40_7,s1_below_4282,s1_below_2,s5_2007_2009,s2_760_2075,s3_17_37,Passenger Car,s2_11_28,Not Deployed,s2_97_208,s1_below_1,Female,s2_37_80,s3_141_159,s2_164_318,s3_80_160,s2_2_4
18514,s2_885_1695,s2_n103_99,s4_n40_7,s1_below_4282,s6_6_up,s6_2009_up,s2_760_2075,s3_17_37,Passenger Car,s2_11_28,Not Deployed,s2_97_208,s1_below_1,Female,s2_37_80,s3_141_159,s2_164_318,s3_80_160,s2_2_4
18515,s2_885_1695,s2_n103_99,s4_n40_7,s1_below_4282,s3_3_4,s6_2009_up,s2_760_2075,s3_17_37,Truck (<=6000 lbs.),s3_28_48,Deployed,s2_97_208,s2_1_2,Female,s2_37_80,s4_159_169,s2_164_318,s3_80_160,s2_2_4
18516,s3_1695_2555,s2_n103_99,s4_n40_7,s1_below_4282,s6_6_up,s6_2009_up,s2_760_2075,s3_17_37,Truck (<=6000 lbs.),s3_28_48,Deployed,s2_97_208,s1_below_1,Male,s3_80_96,s4_159_169,s2_164_318,s4_160_220,s3_4_5
18517,s3_1695_2555,s2_n103_99,s4_n40_7,s1_below_4282,s4_4_5,s6_2009_up,s2_760_2075,s3_17_37,Passenger Car,s3_28_48,Not Deployed,s2_97_208,s1_below_1,Male,s2_37_80,s3_141_159,s2_164_318,s4_160_220,s2_2_4
18518,s3_1695_2555,s2_n103_99,s4_n40_7,s1_below_4282,s4_4_5,s6_2009_up,s2_760_2075,s3_17_37,Truck (<=10000 lbs.),s4_48_64,Not Deployed,s2_97_208,s1_below_1,Female,s2_37_80,s5_169_179,s2_164_318,s3_80_160,s3_4_5
18519,s2_885_1695,s2_n103_99,s5_7_up,s1_below_4282,s2_2_3,s5_2007_2009,s2_760_2075,s6_57_up,Passenger Car,s4_48_64,Not Deployed,s2_97_208,s1_below_1,Female,s4_96_114,s3_141_159,s2_164_318,s6_260_up,s2_2_4
18520,s2_885_1695,s2_n103_99,s4_n40_7,s1_below_4282,s1_below_2,s5_2007_2009,s2_760_2075,s3_17_37,Truck (<=6000 lbs.),s3_28_48,Deployed,s2_97_208,s1_below_1,Male,s4_96_114,s3_141_159,s2_164_318,s3_80_160,s2_2_4
18521,s2_885_1695,s2_n103_99,s3_n81_n40,s1_below_4282,s1_below_2,s6_2009_up,s3_2075_3730,s5_47_57,Passenger Car,s4_48_64,Deployed,s2_97_208,s3_2_3,Female,s2_37_80,s3_141_159,s2_164_318,s3_80_160,s2_2_4
18522,s3_1695_2555,s2_n103_99,s4_n40_7,s1_below_4282,s2_2_3,s5_2007_2009,s3_2075_3730,s4_37_47,Truck (<=6000 lbs.),s2_11_28,Deployed,s2_97_208,s1_below_1,Male,s2_37_80,s4_159_169,s2_164_318,s3_80_160,s2_2_4
18523,s3_1695_2555,s2_n103_99,s4_n40_7,s1_below_4282,s1_below_2,s5_2007_2009,s2_760_2075,s3_17_37,Truck (<=6000 lbs.),s4_48_64,Not Deployed,s2_97_208,s1_below_1,Female,s3_80_96,s3_141_159,s2_164_318,s4_160_220,s2_2_4
18524,s1_below_885,s2_n103_99,s4_n40_7,s1_below_4282,s6_6_up,s5_2007_2009,s2_760_2075,s4_37_47,Passenger Car,s5_64_76,Not Deployed,s2_97_208,s1_below_1,Male,s3_80_96,s2_116_141,s2_164_318,s4_160_220,s1_below_2
18525,s2_885_1695,s2_n103_99,s4_n40_7,s1_below_4282,s6_6_up,s6_2009_up,s2_760_2075,s3_17_37,Passenger Car,s4_48_64,Deployed,s2_97_208,s1_below_1,Male,s2_37_80,s3_141_159,s2_164_318,s3_80_160,s2_2_4
18526,s2_885_1695,s2_n103_99,s4_n40_7,s1_below_4282,s2_2_3,s5_2007_2009,s2_760_2075,s3_17_37,Passenger Car,s3_28_48,Not Deployed,s2_97_208,s1_below_1,Female,s3_80_96,s3_141_159,s2_164_318,s4_160_220,s2_2_4
18527,s3_1695_2555,s2_n103_99,s4_n40_7,s1_below_4282,s1_below_2,s3_2003_2005,s2_760_2075,s3_17_37,Truck (<=10000 lbs.),s3_28_48,Not Deployed,s2_97_208,s1_below_1,Male,s2_37_80,s5_169_179,s3_318_464,s3_80_160,s4_5_6
18528,s2_885_1695,s2_n103_99,s4_n40_7,s1_below_4282,s1_below_2,s5_2007_2009,s2_760_2075,s3_17_37,Passenger Car,s4_48_64,Not Deployed,s2_97_208,s1_below_1,Male,s2_37_80,s3_141_159,s2_164_318,s4_160_220,s2_2_4
18529,s2_885_1695,s2_n103_99,s4_n40_7,s1_below_4282,s4_4_5,s6_2009_up,s2_760_2075,s3_17_37,Passenger Car,s3_28_48,Deployed,s2_97_208,s1_below_1,Male,s2_37_80,s3_141_159,s2_164_318,s3_80_160,s2_2_4
18530,s2_885_1695,s2_n103_99,s4_n40_7,s1_below_4282,s2_2_3,s6_2009_up,s2_760_2075,s3_17_37,Passenger Car,s2_11_28,Not Deployed,s2_97_208,s1_below_1,Female,s2_37_80,s3_141_159,s2_164_318,s3_80_160,s2_2_4
18531,s2_885_1695,s2_n103_99,s4_n40_7,s1_below_4282,s1_below_2,s6_2009_up,s2_760_2075,s3_17_37,Passenger Car,s4_48_64,Deployed,s2_97_208,s1_below_1,Male,s4_96_114,s3_141_159,s2_164_318,s3_80_160,s2_2_4
18532,s2_885_1695,s2_n103_99,s4_n40_7,s1_below_4282,s2_2_3,s6_2009_up,s2_760_2075,s3_17_37,Passenger Car,s4_48_64,Not Deployed,s2_97_208,s1_below_1,Female,s2_37_80,s3_141_159,s2_164_318,s3_80_160,s2_2_4
18533,s2_885_1695,s2_n103_99,s4_n40_7,s1_below_4282,s1_below_2,s5_2007_2009,s2_760_2075,s3_17_37,Passenger Car,s4_48_64,Deployed,s2_97_208,s1_below_1,Female,s2_37_80,s3_141_159,s2_164_318,s4_160_220,s2_2_4
18534,s2_885_1695,s2_n103_99,s4_n40_7,s1_below_4282,s2_2_3,s5_2007_2009,s2_760_2075,s3_17_37,Passenger Car,s3_28_48,Deployed,s2_97_208,s1_below_1,Male,s4_96_114,s3_141_159,s2_164_318,s2_40_80,s2_2_4
18535,s2_885_1695,s2_n103_99,s5_7_up,s1_below_4282,s3_3_4,s5_2007_2009,s2_760_2075,s3_17_37,Passenger Car,s3_28_48,Not Deployed,s2_97_208,s1_below_1,Female,s2_37_80,s3_141_159,s2_164_318,s6_260_up,s2_2_4
18536,s2_885_1695,s2_n103_99,s4_n40_7,s1_below_4282,s4_4_5,s6_2009_up,s2_760_2075,s3_17_37,Passenger Car,s3_28_48,Not Deployed,s2_97_208,s1_below_1,Female,s2_37_80,s3_141_159,s2_164_318,s5_220_260,s2_2_4
18537,s2_885_1695,s2_n103_99,s4_n40_7,s1_below_4282,s2_2_3,s6_2009_up,s2_760_2075,s3_17_37,Passenger Car,s2_11_28,Not Deployed,s2_97_208,s1_below_1,Female,s3_80_96,s3_141_159,s2_164_318,s3_80_160,s2_2_4
18538,s2_885_1695,s2_n103_99,s4_n40_7,s1_below_4282,s3_3_4,s5_2007_2009,s2_760_2075,s3_17_37,Passenger Car,s4_48_64,Not Deployed,s2_97_208,s1_below_1,Female,s2_37_80,s3_141_159,s2_164_318,s4_160_220,s2_2_4
18539,s2_885_1695,s2_n103_99,s4_n40_7,s1_below_4282,s4_4_5,s6_2009_up,s3_2075_3730,s6_57_up,Passenger Car,s2_11_28,Deployed,s2_97_208,s1_below_1,Female,s3_80_96,s3_141_159,s2_164_318,s3_80_160,s2_2_4
18540,s2_885_1695,s2_n103_99,s4_n40_7,s1_below_4282,s4_4_5,s5_2007_2009,s2_760_2075,s6_57_up,Passenger Car,s2_11_28,Not Deployed,s2_97_208,s1_below_1,Male,s3_80_96,s3_141_159,s2_164_318,s2_40_80,s2_2_4
18541,s2_885_1695,s2_n103_99,s4_n40_7,s1_below_4282,s1_below_2,s5_2007_2009,s2_760_2075,s3_17_37,Truck (<=6000 lbs.),s4_48_64,Deployed,s2_97_208,s1_below_1,Female,s4_96_114,s3_141_159,s2_164_318,s4_160_220,s2_2_4
18542,s2_885_1695,s2_n103_99,s5_7_up,s1_below_4282,s1_below_2,s5_2007_2009,s2_760_2075,s5_47_57,Truck (<=6000 lbs.),s4_48_64,Not Deployed,s2_97_208,s1_below_1,Female,s2_37_80,s3_141_159,s2_164_318,s4_160_220,s2_2_4
18543,s2_885_1695,s2_n103_99,s4_n40_7,s1_below_4282,s1_below_2,s6_2009_up,s2_760_2075,s3_17_37,Passenger Car,s4_48_64,Not Deployed,s2_97_208,s1_below_1,Female,s2_37_80,s3_141_159,s2_164_318,s3_80_160,s2_2_4
18544,s2_885_1695,s2_n103_99,s4_n40_7,s1_below_4282,s1_below_2,s6_2009_up,s2_760_2075,s5_47_57,Passenger Car,s5_64_76,Not Deployed,s2_97_208,s1_below_1,Female,s2_37_80,s3_141_159,s2_164_318,s4_160_220,s2_2_4
18545,s2_885_1695,s2_n103_99,s5_7_up,s1_below_4282,s3_3_4,s6_2009_up,s3_2075_3730,s4_37_47,Passenger Car,s5_64_76,Not Deployed,s2_97_208,s1_below_1,Female,s2_37_80,s3_141_159,s2_164_318,s6_260_up,s2_2_4
18546,s2_885_1695,s2_n103_99,s5_7_up,s1_below_4282,s1_below_2,s6_2009_up,s3_2075_3730,s5_47_57,Passenger Car,s3_28_48,Not Deployed,s2_97_208,s1_below_1,Female,s2_37_80,s3_141_159,s2_164_318,s6_260_up,s2_2_4
18547,s2_885_1695,s2_n103_99,s4_n40_7,s1_below_4282,s1_below_2,s5_2007_2009,s2_760_2075,s5_47_57,Truck (<=6000 lbs.),s4_48_64,Not Deployed,s2_97_208,s1_below_1,Male,s3_80_96,s3_141_159,s2_164_318,s3_80_160,s2_2_4
18548,s3_1695_2555,s2_n103_99,s4_n40_7,s1_below_4282,s1_below_2,s6_2009_up,s3_2075_3730,s3_17_37,Truck (<=6000 lbs.),s3_28_48,Deployed,s2_97_208,s1_below_1,Female,s3_80_96,s3_141_159,s2_164_318,s3_80_160,s2_2_4
18549,s2_885_1695,s2_n103_99,s4_n40_7,s1_below_4282,s2_2_3,s6_2009_up,s2_760_2075,s3_17_37,Passenger Car,s6_76_up,Not Deployed,s2_97_208,s1_below_1,Male,s2_37_80,s3_141_159,s2_164_318,s4_160_220,s2_2_4
18550,s3_1695_2555,s2_n103_99,s5_7_up,s1_below_4282,s2_2_3,s5_2007_2009,s2_760_2075,s4_37_47,Truck (<=6000 lbs.),s3_28_48,Not Deployed,s2_97_208,s1_below_1,Female,s2_37_80,s3_141_159,s2_164_318,s6_260_up,s2_2_4
18551,s3_1695_2555,s2_n103_99,s4_n40_7,s1_below_4282,s2_2_3,s5_2007_2009,s2_760_2075,s3_17_37,Passenger Car,s4_48_64,Not Deployed,s2_97_208,s1_below_1,Male,s2_37_80,s4_159_169,s2_164_318,s3_80_160,s2_2_4
18552,s2_885_1695,s2_n103_99,s3_n81_n40,s1_below_4282,s1_below_2,s5_2007_2009,s2_760_2075,s3_17_37,Passenger Car,s3_28_48,Deployed,s2_97_208,s1_below_1,Male,s2_37_80,s3_141_159,s2_164_318,s3_80_160,s2_2_4
18553,s3_1695_2555,s2_n103_99,s4_n40_7,s1_below_4282,s1_below_2,s6_2009_up,s2_760_2075,s3_17_37,Truck (<=10000 lbs.),s3_28_48,Not Deployed,s2_97_208,s1_below_1,Male,s2_37_80,s5_169_179,s2_164_318,s3_80_160,s2_2_4
18554,s2_885_1695,s2_n103_99,s4_n40_7,s1_below_4282,s1_below_2,s5_2007_2009,s2_760_2075,s3_17_37,Passenger Car,s3_28_48,Deployed,s2_97_208,s1_below_1,Male,s4_96_114,s3_141_159,s2_164_318,s3_80_160,s2_2_4
18555,s2_885_1695,s2_n103_99,s5_7_up,s1_below_4282,s2_2_3,s6_2009_up,s2_760_2075,s4_37_47,Passenger Car,s6_76_up,Not Deployed,s2_97_208,s1_below_1,Male,s2_37_80,s3_141_159,s2_164_318,s6_260_up,s2_2_4
18556,s2_885_1695,s2_n103_99,s4_n40_7,s1_below_4282,s6_6_up,s5_2007_2009,s2_760_2075,s5_47_57,Truck (<=6000 lbs.),s6_76_up,Deployed,s2_97_208,s2_1_2,Male,s3_80_96,s3_141_159,s2_164_318,s3_80_160,s2_2_4
18557,s2_885_1695,s2_n103_99,s4_n40_7,s1_below_4282,s1_below_2,s6_2009_up,s2_760_2075,s4_37_47,Passenger Car,s4_48_64,Deployed,s2_97_208,s1_below_1,Female,s3_80_96,s3_141_159,s2_164_318,s3_80_160,s2_2_4
18558,s3_1695_2555,s2_n103_99,s5_7_up,s1_below_4282,s1_below_2,s5_2007_2009,s2_760_2075,s3_17_37,Truck (<=10000 lbs.),s3_28_48,Not Deployed,s2_97_208,s1_below_1,Male,s4_96_114,s4_159_169,s2_164_318,s4_160_220,s2_2_4
18559,s3_1695_2555,s2_n103_99,s4_n40_7,s1_below_4282,s1_below_2,s5_2007_2009,s2_760_2075,s5_47_57,Truck (<=6000 lbs.),s5_64_76,Deployed,s2_97_208,s1_below_1,Male,s2_37_80,s3_141_159,s2_164_318,s3_80_160,s2_2_4
18560,s3_1695_2555,s2_n103_99,s4_n40_7,s1_below_4282,s1_below_2,s5_2007_2009,s2_760_2075,s4_37_47,Passenger Car,s2_11_28,Not Deployed,s2_97_208,s1_below_1,Male,s2_37_80,s3_141_159,s2_164_318,s2_40_80,s2_2_4
18561,s2_885_1695,s2_n103_99,s4_n40_7,s1_below_4282,s1_below_2,s6_2009_up,s2_760_2075,s4_37_47,Passenger Car,s3_28_48,Not Deployed,s2_97_208,s1_below_1,Male,s3_80_96,s3_141_159,s2_164_318,s4_160_220,s2_2_4
18562,s2_885_1695,s2_n103_99,s4_n40_7,s1_below_4282,s2_2_3,s5_2007_2009,s2_760_2075,s4_37_47,Passenger Car,s2_11_28,Not Deployed,s2_97_208,s1_below_1,Female,s2_37_80,s3_141_159,s2_164_318,s3_80_160,s2_2_4
18563,s3_1695_2555,s2_n103_99,s4_n40_7,s1_below_4282,s1_below_2,s2_2001_2003,s2_760_2075,s3_17_37,Truck (<=10000 lbs.),s4_48_64,Not Deployed,s2_97_208,s1_below_1,Female,s2_37_80,s5_169_179,s3_318_464,s3_80_160,s4_5_6
18564,s3_1695_2555,s2_n103_99,s4_n40_7,s1_below_4282,s1_below_2,s6_2009_up,s3_2075_3730,s3_17_37,Truck (<=6000 lbs.),s4_48_64,Deployed,s2_97_208,s1_below_1,Male,s5_114_130,s4_159_169,s2_164_318,s4_160_220,s2_2_4
18565,s2_885_1695,s2_n103_99,s4_n40_7,s1_below_4282,s1_below_2,s5_2007_2009,s2_760_2075,s3_17_37,Passenger Car,s3_28_48,Deployed,s2_97_208,s1_below_1,Male,s3_80_96,s3_141_159,s2_164_318,s3_80_160,s2_2_4
18566,s2_885_1695,s2_n103_99,s4_n40_7,s1_below_4282,s1_below_2,s6_2009_up,s2_760_2075,s5_47_57,Truck (<=6000 lbs.),s2_11_28,Deployed,s2_97_208,s1_below_1,Female,s3_80_96,s3_141_159,s2_164_318,s3_80_160,s2_2_4
18567,s3_1695_2555,s2_n103_99,s4_n40_7,s1_below_4282,s1_below_2,s6_2009_up,s2_760_2075,s3_17_37,Truck (<=10000 lbs.),s2_11_28,Not Deployed,s2_97_208,s1_below_1,Female,s3_80_96,s4_159_169,s2_164_318,s1_below_40,s3_4_5
18568,s3_1695_2555,s2_n103_99,s4_n40_7,s1_below_4282,s3_3_4,s6_2009_up,s2_760_2075,s3_17_37,Truck (<=6000 lbs.),s4_48_64,Not Deployed,s2_97_208,s1_below_1,Female,s4_96_114,s3_141_159,s2_164_318,s4_160_220,s2_2_4
18569,s3_1695_2555,s2_n103_99,s4_n40_7,s1_below_4282,s3_3_4,s6_2009_up,s2_760_2075,s4_37_47,Truck (<=6000 lbs.),s3_28_48,Not Deployed,s2_97_208,s1_below_1,Female,s2_37_80,s4_159_169,s2_164_318,s4_160_220,s2_2_4
18570,s2_885_1695,s2_n103_99,s5_7_up,s1_below_4282,s1_below_2,s5_2007_2009,s2_760_2075,s5_47_57,Passenger Car,s2_11_28,Not Deployed,s2_97_208,s1_below_1,Female,s3_80_96,s3_141_159,s2_164_318,s6_260_up,s2_2_4
18571,s1_below_885,s2_n103_99,s5_7_up,s1_below_4282,s3_3_4,s5_2007_2009,s2_760_2075,s5_47_57,Passenger Car,s3_28_48,Not Deployed,s2_97_208,s1_below_1,Male,s3_80_96,s2_116_141,s2_164_318,s6_260_up,s1_below_2
18572,s2_885_1695,s2_n103_99,s4_n40_7,s1_below_4282,s1_below_2,s5_2007_2009,s2_760_2075,s3_17_37,Truck (<=6000 lbs.),s3_28_48,Not Deployed,s2_97_208,s1_below_1,Male,s2_37_80,s3_141_159,s2_164_318,s4_160_220,s2_2_4
18573,s3_1695_2555,s2_n103_99,s4_n40_7,s1_below_4282,s1_below_2,s6_2009_up,s2_760_2075,s3_17_37,Truck (<=6000 lbs.),s5_64_76,Not Deployed,s2_97_208,s1_below_1,Female,s2_37_80,s3_141_159,s2_164_318,s4_160_220,s2_2_4
18574,s2_885_1695,s2_n103_99,s5_7_up,s1_below_4282,s3_3_4,s6_2009_up,s2_760_2075,s4_37_47,Passenger Car,s4_48_64,Not Deployed,s2_97_208,s1_below_1,Female,s2_37_80,s3_141_159,s2_164_318,s6_260_up,s2_2_4
18575,s2_885_1695,s2_n103_99,s4_n40_7,s1_below_4282,s1_below_2,s6_2009_up,s2_760_2075,s4_37_47,Passenger Car,s4_48_64,Deployed,s2_97_208,s1_below_1,Male,s2_37_80,s3_141_159,s2_164_318,s3_80_160,s2_2_4
18576,s3_1695_2555,s2_n103_99,s4_n40_7,s1_below_4282,s1_below_2,s6_2009_up,s2_760_2075,s4_37_47,Truck (<=10000 lbs.),s3_28_48,Not Deployed,s2_97_208,s1_below_1,Male,s6_130_up,s4_159_169,s2_164_318,s3_80_160,s3_4_5
18577,s3_1695_2555,s2_n103_99,s4_n40_7,s1_below_4282,s3_3_4,s6_2009_up,s2_760_2075,s3_17_37,Truck (<=6000 lbs.),s2_11_28,Deployed,s2_97_208,s2_1_2,Female,s2_37_80,s3_141_159,s2_164_318,s3_80_160,s2_2_4
18578,s2_885_1695,s2_n103_99,s4_n40_7,s1_below_4282,s1_below_2,s6_2009_up,s2_760_2075,s4_37_47,Passenger Car,s3_28_48,Deployed,s2_97_208,s1_below_1,Female,s2_37_80,s3_141_159,s2_164_318,s3_80_160,s2_2_4
18579,s2_885_1695,s2_n103_99,s4_n40_7,s1_below_4282,s2_2_3,s6_2009_up,s2_760_2075,s3_17_37,Truck (<=6000 lbs.),s3_28_48,Not Deployed,s2_97_208,s1_below_1,Female,s2_37_80,s3_141_159,s2_164_318,s3_80_160,s2_2_4
18580,s3_1695_2555,s2_n103_99,s4_n40_7,s1_below_4282,s1_below_2,s5_2007_2009,s2_760_2075,s3_17_37,Truck (<=10000 lbs.),s3_28_48,Not Deployed,s2_97_208,s1_below_1,Male,s3_80_96,s5_169_179,s3_318_464,s3_80_160,s4_5_6
18581,s2_885_1695,s2_n103_99,s4_n40_7,s1_below_4282,s2_2_3,s6_2009_up,s2_760_2075,s3_17_37,Passenger Car,s4_48_64,Not Deployed,s2_97_208,s1_below_1,Male,s4_96_114,s3_141_159,s2_164_318,s5_220_260,s2_2_4
18582,s3_1695_2555,s2_n103_99,s4_n40_7,s1_below_4282,s5_5_6,s5_2007_2009,s2_760_2075,s4_37_47,Truck (<=10000 lbs.),s2_11_28,Not Deployed,s2_97_208,s1_below_1,Male,s3_80_96,s3_141_159,s3_318_464,s3_80_160,s3_4_5
18583,s3_1695_2555,s2_n103_99,s4_n40_7,s1_below_4282,s1_below_2,s5_2007_2009,s3_2075_3730,s3_17_37,Passenger Car,s4_48_64,Not Deployed,s2_97_208,s1_below_1,Female,s2_37_80,s4_159_169,s2_164_318,s3_80_160,s2_2_4
18584,s3_1695_2555,s2_n103_99,s4_n40_7,s1_below_4282,s5_5_6,s5_2007_2009,s2_760_2075,s5_47_57,Passenger Car,s3_28_48,Deployed,s2_97_208,s1_below_1,Male,s3_80_96,s3_141_159,s2_164_318,s3_80_160,s2_2_4
18585,s2_885_1695,s2_n103_99,s4_n40_7,s1_below_4282,s1_below_2,s6_2009_up,s2_760_2075,s4_37_47,Passenger Car,s5_64_76,Not Deployed,s2_97_208,s1_below_1,Male,s2_37_80,s3_141_159,s2_164_318,s3_80_160,s2_2_4
18586,s2_885_1695,s2_n103_99,s4_n40_7,s1_below_4282,s1_below_2,s6_2009_up,s2_760_2075,s3_17_37,Passenger Car,s3_28_48,Not Deployed,s2_97_208,s1_below_1,Male,s3_80_96,s3_141_159,s2_164_318,s6_260_up,s2_2_4
18587,s2_885_1695,s2_n103_99,s5_7_up,s1_below_4282,s1_below_2,s5_2007_2009,s2_760_2075,s4_37_47,Passenger Car,s2_11_28,Not Deployed,s2_97_208,s1_below_1,Male,s3_80_96,s3_141_159,s2_164_318,s6_260_up,s2_2_4
18588,s2_885_1695,s2_n103_99,s4_n40_7,s1_below_4282,s1_below_2,s5_2007_2009,s2_760_2075,s3_17_37,Passenger Car,s2_11_28,Not Deployed,s2_97_208,s1_below_1,Female,s2_37_80,s3_141_159,s2_164_318,s3_80_160,s2_2_4
18589,s3_1695_2555,s2_n103_99,s4_n40_7,s1_below_4282,s1_below_2,s5_2007_2009,s2_760_2075,s2_7_17,Passenger Car,s5_64_76,Not Deployed,s2_97_208,s1_below_1,Female,s3_80_96,s4_159_169,s2_164_318,s3_80_160,s3_4_5
18590,s2_885_1695,s2_n103_99,s4_n40_7,s1_below_4282,s1_below_2,s6_2009_up,s2_760_2075,s3_17_37,Passenger Car,s3_28_48,Not Deployed,s2_97_208,s1_below_1,Female,s2_37_80,s5_169_179,s2_164_318,s3_80_160,s2_2_4
18591,s2_885_1695,s2_n103_99,s5_7_up,s1_below_4282,s1_below_2,s5_2007_2009,s2_760_2075,s4_37_47,Passenger Car,s2_11_28,Not Deployed,s2_97_208,s1_below_1,Female,s2_37_80,s3_141_159,s2_164_318,s4_160_220,s2_2_4
18592,s3_1695_2555,s2_n103_99,s4_n40_7,s1_below_4282,s2_2_3,s5_2007_2009,s2_760_2075,s4_37_47,Passenger Car,s2_11_28,Not Deployed,s2_97_208,s1_below_1,Male,s6_130_up,s3_141_159,s2_164_318,s3_80_160,s3_4_5
18593,s2_885_1695,s2_n103_99,s4_n40_7,s1_below_4282,s1_below_2,s6_2009_up,s2_760_2075,s3_17_37,Passenger Car,s4_48_64,Deployed,s2_97_208,s1_below_1,Female,s2_37_80,s3_141_159,s2_164_318,s3_80_160,s2_2_4
18594,s3_1695_2555,s2_n103_99,s4_n40_7,s1_below_4282,s3_3_4,s6_2009_up,s3_2075_3730,s3_17_37,Passenger Car,s2_11_28,Deployed,s2_97_208,s2_1_2,Male,s2_37_80,s3_141_159,s2_164_318,s3_80_160,s3_4_5
18595,s2_885_1695,s2_n103_99,s4_n40_7,s1_below_4282,s1_below_2,s5_2007_2009,s2_760_2075,s3_17_37,Passenger Car,s2_11_28,Deployed,s2_97_208,s1_below_1,Male,s2_37_80,s3_141_159,s2_164_318,s3_80_160,s2_2_4
18596,s2_885_1695,s2_n103_99,s4_n40_7,s1_below_4282,s1_below_2,s5_2007_2009,s2_760_2075,s3_17_37,Passenger Car,s3_28_48,Not Deployed,s2_97_208,s1_below_1,Female,s2_37_80,s3_141_159,s2_164_318,s2_40_80,s2_2_4
18597,s2_885_1695,s2_n103_99,s4_n40_7,s1_below_4282,s3_3_4,s6_2009_up,s2_760_2075,s3_17_37,Passenger Car,s2_11_28,Deployed,s2_97_208,s1_below_1,Male,s3_80_96,s4_159_169,s2_164_318,s3_80_160,s2_2_4
18598,s2_885_1695,s2_n103_99,s4_n40_7,s1_below_4282,s3_3_4,s6_2009_up,s2_760_2075,s2_7_17,Passenger Car,s5_64_76,Not Deployed,s2_97_208,s3_2_3,Male,s4_96_114,s3_141_159,s2_164_318,s2_40_80,s2_2_4
18599,s3_1695_2555,s2_n103_99,s4_n40_7,s1_below_4282,s1_below_2,s6_2009_up,s3_2075_3730,s3_17_37,Truck (<=6000 lbs.),s4_48_64,Deployed,s2_97_208,s1_below_1,Male,s3_80_96,s4_159_169,s2_164_318,s3_80_160,s2_2_4
18600,s3_1695_2555,s2_n103_99,s4_n40_7,s1_below_4282,s1_below_2,s6_2009_up,s3_2075_3730,s3_17_37,Truck (<=10000 lbs.),s3_28_48,Deployed,s2_97_208,s1_below_1,Male,s4_96_114,s2_116_141,s2_164_318,s3_80_160,s2_2_4
18601,s3_1695_2555,s2_n103_99,s4_n40_7,s1_below_4282,s1_below_2,s6_2009_up,s2_760_2075,s3_17_37,Truck (<=10000 lbs.),s2_11_28,Deployed,s2_97_208,s1_below_1,Female,s2_37_80,s5_169_179,s2_164_318,s3_80_160,s3_4_5
18602,s2_885_1695,s2_n103_99,s4_n40_7,s1_below_4282,s1_below_2,s6_2009_up,s2_760_2075,s3_17_37,Passenger Car,s3_28_48,Not Deployed,s2_97_208,s1_below_1,Male,s3_80_96,s3_141_159,s2_164_318,s3_80_160,s2_2_4
18603,s2_885_1695,s2_n103_99,s4_n40_7,s1_below_4282,s3_3_4,s6_2009_up,s3_2075_3730,s3_17_37,Passenger Car,s3_28_48,Not Deployed,s2_97_208,s1_below_1,Male,s3_80_96,s3_141_159,s2_164_318,s4_160_220,s2_2_4
18604,s2_885_1695,s2_n103_99,s4_n40_7,s1_below_4282,s1_below_2,s5_2007_2009,s2_760_2075,s3_17_37,Passenger Car,s5_64_76,Deployed,s2_97_208,s1_below_1,Male,s3_80_96,s3_141_159,s2_164_318,s3_80_160,s2_2_4
18605,s2_885_1695,s2_n103_99,s4_n40_7,s1_below_4282,s3_3_4,s5_2007_2009,s3_2075_3730,s3_17_37,Passenger Car,s4_48_64,Deployed,s2_97_208,s2_1_2,Male,s3_80_96,s3_141_159,s2_164_318,s4_160_220,s2_2_4
18606,s2_885_1695,s2_n103_99,s4_n40_7,s1_below_4282,s1_below_2,s5_2007_2009,s2_760_2075,s3_17_37,Passenger Car,s3_28_48,Deployed,s2_97_208,s1_below_1,Male,s3_80_96,s4_159_169,s2_164_318,s3_80_160,s2_2_4
18607,s2_885_1695,s2_n103_99,s4_n40_7,s1_below_4282,s1_below_2,s5_2007_2009,s2_760_2075,s3_17_37,Passenger Car,s3_28_48,Deployed,s2_97_208,s2_1_2,Female,s2_37_80,s3_141_159,s2_164_318,s3_80_160,s2_2_4
18608,s2_885_1695,s2_n103_99,s4_n40_7,s1_below_4282,s1_below_2,s5_2007_2009,s2_760_2075,s3_17_37,Passenger Car,s3_28_48,Deployed,s2_97_208,s1_below_1,Female,s2_37_80,s3_141_159,s2_164_318,s3_80_160,s2_2_4
18609,s2_885_1695,s2_n103_99,s4_n40_7,s1_below_4282,s6_6_up,s5_2007_2009,s2_760_2075,s4_37_47,Truck (<=6000 lbs.),s3_28_48,Deployed,s2_97_208,s1_below_1,Male,s2_37_80,s3_141_159,s2_164_318,s3_80_160,s2_2_4
18610,s2_885_1695,s2_n103_99,s4_n40_7,s1_below_4282,s1_below_2,s6_2009_up,s2_760_2075,s3_17_37,Passenger Car,s4_48_64,Not Deployed,s2_97_208,s1_below_1,Female,s3_80_96,s3_141_159,s2_164_318,s2_40_80,s2_2_4
18611,s3_1695_2555,s2_n103_99,s4_n40_7,s1_below_4282,s1_below_2,s5_2007_2009,s2_760_2075,s4_37_47,Truck (<=10000 lbs.),s6_76_up,Not Deployed,s2_97_208,s1_below_1,Male,s2_37_80,s5_169_179,s3_318_464,s2_40_80,s4_5_6
18612,s2_885_1695,s2_n103_99,s4_n40_7,s1_below_4282,s1_below_2,s6_2009_up,s2_760_2075,s3_17_37,Passenger Car,s3_28_48,Deployed,s2_97_208,s1_below_1,Male,s3_80_96,s3_141_159,s2_164_318,s3_80_160,s2_2_4
18613,s2_885_1695,s2_n103_99,s4_n40_7,s1_below_4282,s1_below_2,s6_2009_up,s2_760_2075,s3_17_37,Passenger Car,s4_48_64,Not Deployed,s2_97_208,s1_below_1,Female,s2_37_80,s3_141_159,s2_164_318,s2_40_80,s2_2_4
18614,s2_885_1695,s2_n103_99,s4_n40_7,s1_below_4282,s1_below_2,s6_2009_up,s2_760_2075,s4_37_47,Passenger Car,s2_11_28,Deployed,s2_97_208,s1_below_1,Female,s2_37_80,s3_141_159,s2_164_318,s3_80_160,s2_2_4
18615,s3_1695_2555,s2_n103_99,s4_n40_7,s1_below_4282,s3_3_4,s5_2007_2009,s2_760_2075,s4_37_47,Passenger Car,s4_48_64,Not Deployed,s2_97_208,s1_below_1,Male,s3_80_96,s6_179_up,s2_164_318,s3_80_160,s4_5_6
18616,s2_885_1695,s2_n103_99,s4_n40_7,s1_below_4282,s1_below_2,s6_2009_up,s2_760_2075,s3_17_37,Truck (<=6000 lbs.),s6_76_up,Not Deployed,s2_97_208,s1_below_1,Male,s2_37_80,s3_141_159,s3_318_464,s3_80_160,s2_2_4
18617,s3_1695_2555,s2_n103_99,s4_n40_7,s1_below_4282,s3_3_4,s6_2009_up,s2_760_2075,s4_37_47,Truck (<=6000 lbs.),s2_11_28,Not Deployed,s2_97_208,s1_below_1,Female,s2_37_80,s3_141_159,s2_164_318,s4_160_220,s2_2_4
18618,s2_885_1695,s2_n103_99,s4_n40_7,s1_below_4282,s1_below_2,s5_2007_2009,s2_760_2075,s3_17_37,Passenger Car,s3_28_48,Not Deployed,s2_97_208,s1_below_1,Female,s2_37_80,s3_141_159,s2_164_318,s3_80_160,s2_2_4
18619,s2_885_1695,s2_n103_99,s5_7_up,s1_below_4282,s3_3_4,s5_2007_2009,s3_2075_3730,s5_47_57,Passenger Car,s3_28_48,Deployed,s2_97_208,s1_below_1,Female,s2_37_80,s3_141_159,s2_164_318,s5_220_260,s2_2_4
18620,s2_885_1695,s2_n103_99,s4_n40_7,s1_below_4282,s4_4_5,s5_2007_2009,s2_760_2075,s4_37_47,Passenger Car,s3_28_48,Deployed,s2_97_208,s1_below_1,Female,s2_37_80,s3_141_159,s2_164_318,s2_40_80,s2_2_4
18621,s2_885_1695,s2_n103_99,s4_n40_7,s1_below_4282,s3_3_4,s6_2009_up,s2_760_2075,s3_17_37,Truck (<=6000 lbs.),s3_28_48,Deployed,s2_97_208,s1_below_1,Male,s2_37_80,s3_141_159,s2_164_318,s3_80_160,s2_2_4
18622,s2_885_1695,s2_n103_99,s4_n40_7,s1_below_4282,s2_2_3,s6_2009_up,s2_760_2075,s4_37_47,Passenger Car,s2_11_28,Not Deployed,s2_97_208,s1_below_1,Female,s2_37_80,s3_141_159,s2_164_318,s2_40_80,s2_2_4
18623,s2_885_1695,s2_n103_99,s5_7_up,s1_below_4282,s3_3_4,s5_2007_2009,s2_760_2075,s5_47_57,Passenger Car,s4_48_64,Not Deployed,s2_97_208,s1_below_1,Female,s2_37_80,s3_141_159,s2_164_318,s6_260_up,s2_2_4
18624,s2_885_1695,s2_n103_99,s4_n40_7,s1_below_4282,s2_2_3,s6_2009_up,s2_760_2075,s3_17_37,Passenger Car,s2_11_28,Not Deployed,s2_97_208,s1_below_1,Male,s2_37_80,s3_141_159,s2_164_318,s3_80_160,s2_2_4
18625,s3_1695_2555,s2_n103_99,s4_n40_7,s1_below_4282,s2_2_3,s6_2009_up,s2_760_2075,s3_17_37,Truck (<=6000 lbs.),s4_48_64,Deployed,s2_97_208,s1_below_1,Male,s2_37_80,s4_159_169,s2_164_318,s3_80_160,s2_2_4
18626,s2_885_1695,s2_n103_99,s4_n40_7,s1_below_4282,s1_below_2,s6_2009_up,s2_760_2075,s5_47_57,Passenger Car,s4_48_64,Deployed,s2_97_208,s4_3_4,Female,s6_130_up,s4_159_169,s2_164_318,s3_80_160,s2_2_4
18627,s2_885_1695,s2_n103_99,s5_7_up,s1_below_4282,s1_below_2,s6_2009_up,s2_760_2075,s3_17_37,Passenger Car,s4_48_64,Not Deployed,s2_97_208,s1_below_1,Male,s3_80_96,s3_141_159,s2_164_318,s6_260_up,s2_2_4
18628,s2_885_1695,s2_n103_99,s4_n40_7,s1_below_4282,s1_below_2,s5_2007_2009,s2_760_2075,s3_17_37,Passenger Car,s3_28_48,Deployed,s2_97_208,s1_below_1,Male,s2_37_80,s3_141_159,s2_164_318,s3_80_160,s2_2_4
18629,s3_1695_2555,s2_n103_99,s4_n40_7,s1_below_4282,s1_below_2,s5_2007_2009,s2_760_2075,s5_47_57,Truck (<=6000 lbs.),s3_28_48,Deployed,s2_97_208,s1_below_1,Male,s4_96_114,s4_159_169,s2_164_318,s3_80_160,s2_2_4
18630,s3_1695_2555,s2_n103_99,s4_n40_7,s1_below_4282,s1_below_2,s5_2007_2009,s2_760_2075,s5_47_57,Passenger Car,s6_76_up,Deployed,s2_97_208,s3_2_3,Male,s5_114_130,s4_159_169,s2_164_318,s3_80_160,s3_4_5
18631,s3_1695_2555,s2_n103_99,s3_n81_n40,s1_below_4282,s1_below_2,s5_2007_2009,s3_2075_3730,s5_47_57,Truck (<=10000 lbs.),s3_28_48,Deployed,s2_97_208,s2_1_2,Male,s3_80_96,s5_169_179,s3_318_464,s3_80_160,s4_5_6
18632,s2_885_1695,s2_n103_99,s4_n40_7,s1_below_4282,s4_4_5,s5_2007_2009,s2_760_2075,s3_17_37,Passenger Car,s2_11_28,Deployed,s2_97_208,s1_below_1,Male,s2_37_80,s3_141_159,s2_164_318,s4_160_220,s2_2_4
18633,s2_885_1695,s2_n103_99,s4_n40_7,s1_below_4282,s1_below_2,s6_2009_up,s2_760_2075,s3_17_37,Passenger Car,s3_28_48,Deployed,s2_97_208,s1_below_1,Male,s3_80_96,s3_141_159,s2_164_318,s3_80_160,s2_2_4
18634,s3_1695_2555,s2_n103_99,s4_n40_7,s1_below_4282,s1_below_2,s5_2007_2009,s2_760_2075,s5_47_57,Truck (<=6000 lbs.),s3_28_48,Not Deployed,s2_97_208,s1_below_1,Female,s2_37_80,s3_141_159,s2_164_318,s3_80_160,s2_2_4
18635,s2_885_1695,s2_n103_99,s4_n40_7,s1_below_4282,s3_3_4,s6_2009_up,s2_760_2075,s3_17_37,Passenger Car,s5_64_76,Not Deployed,s2_97_208,s1_below_1,Female,s2_37_80,s3_141_159,s2_164_318,s3_80_160,s2_2_4
18636,s3_1695_2555,s2_n103_99,s4_n40_7,s1_below_4282,s1_below_2,s5_2007_2009,s2_760_2075,s5_47_57,Truck (<=6000 lbs.),s5_64_76,Deployed,s2_97_208,s1_below_1,Male,s3_80_96,s4_159_169,s2_164_318,s3_80_160,s2_2_4
18637,s3_1695_2555,s2_n103_99,s4_n40_7,s1_below_4282,s1_below_2,s5_2007_2009,s2_760_2075,s4_37_47,Truck (<=6000 lbs.),s3_28_48,Deployed,s2_97_208,s2_1_2,Female,s2_37_80,s3_141_159,s2_164_318,s4_160_220,s2_2_4
18638,s2_885_1695,s2_n103_99,s4_n40_7,s1_below_4282,s1_below_2,s6_2009_up,s2_760_2075,s5_47_57,Truck (<=6000 lbs.),s3_28_48,Not Deployed,s2_97_208,s1_below_1,Female,s2_37_80,s3_141_159,s2_164_318,s3_80_160,s2_2_4
18639,s3_1695_2555,s2_n103_99,s5_7_up,s1_below_4282,s3_3_4,s5_2007_2009,s2_760_2075,s4_37_47,Truck (<=6000 lbs.),s3_28_48,Not Deployed,s2_97_208,s1_below_1,Female,s2_37_80,s4_159_169,s2_164_318,s6_260_up,s2_2_4
18640,s2_885_1695,s2_n103_99,s3_n81_n40,s1_below_4282,s3_3_4,s5_2007_2009,s2_760_2075,s6_57_up,Passenger Car,s4_48_64,Deployed,s2_97_208,s2_1_2,Male,s2_37_80,s4_159_169,s2_164_318,s3_80_160,s2_2_4
18641,s3_1695_2555,s2_n103_99,s4_n40_7,s1_below_4282,s1_below_2,s5_2007_2009,s3_2075_3730,s5_47_57,Truck (<=10000 lbs.),s3_28_48,Not Deployed,s2_97_208,s1_below_1,Female,s2_37_80,s4_159_169,s2_164_318,s3_80_160,s3_4_5
18642,s2_885_1695,s2_n103_99,s4_n40_7,s1_below_4282,s1_below_2,s6_2009_up,s2_760_2075,s6_57_up,Truck (<=6000 lbs.),s5_64_76,Not Deployed,s2_97_208,s2_1_2,Female,s2_37_80,s3_141_159,s2_164_318,s2_40_80,s2_2_4
18643,s2_885_1695,s2_n103_99,s4_n40_7,s1_below_4282,s4_4_5,s6_2009_up,s2_760_2075,s4_37_47,Truck (<=6000 lbs.),s3_28_48,Deployed,s2_97_208,s1_below_1,Female,s2_37_80,s3_141_159,s2_164_318,s3_80_160,s2_2_4
18644,s2_885_1695,s2_n103_99,s4_n40_7,s1_below_4282,s2_2_3,s6_2009_up,s2_760_2075,s4_37_47,Passenger Car,s2_11_28,Deployed,s2_97_208,s1_below_1,Female,s2_37_80,s3_141_159,s2_164_318,s3_80_160,s2_2_4
18645,s2_885_1695,s2_n103_99,s4_n40_7,s1_below_4282,s2_2_3,s5_2007_2009,s2_760_2075,s5_47_57,Passenger Car,s3_28_48,Deployed,s2_97_208,s1_below_1,Female,s2_37_80,s3_141_159,s2_164_318,s4_160_220,s2_2_4
18646,s2_885_1695,s2_n103_99,s4_n40_7,s1_below_4282,s2_2_3,s6_2009_up,s2_760_2075,s6_57_up,Truck (<=6000 lbs.),s5_64_76,Deployed,s2_97_208,s1_below_1,Male,s3_80_96,s3_141_159,s2_164_318,s3_80_160,s2_2_4
18647,s2_885_1695,s2_n103_99,s4_n40_7,s1_below_4282,s1_below_2,s5_2007_2009,s3_2075_3730,s4_37_47,Passenger Car,s3_28_48,Deployed,s2_97_208,s2_1_2,Male,s2_37_80,s3_141_159,s2_164_318,s3_80_160,s2_2_4
18648,s2_885_1695,s2_n103_99,s4_n40_7,s1_below_4282,s4_4_5,s5_2007_2009,s2_760_2075,s3_17_37,Passenger Car,s2_11_28,Deployed,s2_97_208,s1_below_1,Female,s2_37_80,s3_141_159,s2_164_318,s4_160_220,s2_2_4
18649,s2_885_1695,s2_n103_99,s4_n40_7,s1_below_4282,s2_2_3,s5_2007_2009,s2_760_2075,s4_37_47,Passenger Car,s4_48_64,Not Deployed,s2_97_208,s1_below_1,Female,s2_37_80,s3_141_159,s2_164_318,s2_40_80,s2_2_4
18650,s3_1695_2555,s2_n103_99,s4_n40_7,s1_below_4282,s4_4_5,s6_2009_up,s2_760_2075,s3_17_37,Truck (<=10000 lbs.),s4_48_64,Not Deployed,s2_97_208,s2_1_2,Male,s3_80_96,s3_141_159,s2_164_318,s3_80_160,s2_2_4
18651,s2_885_1695,s2_n103_99,s4_n40_7,s1_below_4282,s3_3_4,s6_2009_up,s3_2075_3730,s5_47_57,Passenger Car,s4_48_64,Not Deployed,s2_97_208,s6_5_up,Male,s3_80_96,s3_141_159,s2_164_318,s6_260_up,s2_2_4
18652,s3_1695_2555,s2_n103_99,s4_n40_7,s1_below_4282,s2_2_3,s5_2007_2009,s2_760_2075,s3_17_37,Truck (<=6000 lbs.),s6_76_up,Not Deployed,s2_97_208,s3_2_3,Male,s2_37_80,s4_159_169,s2_164_318,s4_160_220,s2_2_4
18653,s2_885_1695,s2_n103_99,s4_n40_7,s1_below_4282,s4_4_5,s5_2007_2009,s2_760_2075,s4_37_47,Passenger Car,s3_28_48,Deployed,s2_97_208,s1_below_1,Female,s3_80_96,s3_141_159,s2_164_318,s3_80_160,s2_2_4
18654,s2_885_1695,s2_n103_99,s4_n40_7,s1_below_4282,s4_4_5,s5_2007_2009,s3_2075_3730,s4_37_47,Truck (<=6000 lbs.),s2_11_28,Not Deployed,s2_97_208,s1_below_1,Female,s3_80_96,s3_141_159,s2_164_318,s2_40_80,s2_2_4
18655,s2_885_1695,s2_n103_99,s4_n40_7,s1_below_4282,s6_6_up,s5_2007_2009,s2_760_2075,s4_37_47,Passenger Car,s3_28_48,Not Deployed,s2_97_208,s1_below_1,Male,s2_37_80,s3_141_159,s2_164_318,s4_160_220,s2_2_4
18656,s3_1695_2555,s2_n103_99,s5_7_up,s1_below_4282,s5_5_6,s6_2009_up,s2_760_2075,s5_47_57,Passenger Car,s4_48_64,Not Deployed,s2_97_208,s1_below_1,Female,s2_37_80,s3_141_159,s2_164_318,s6_260_up,s2_2_4
18657,s3_1695_2555,s2_n103_99,s4_n40_7,s1_below_4282,s1_below_2,s2_2001_2003,s2_760_2075,s3_17_37,Truck (<=10000 lbs.),s4_48_64,Deployed,s2_97_208,s1_below_1,Male,s4_96_114,s5_169_179,s3_318_464,s3_80_160,s4_5_6
18658,s2_885_1695,s2_n103_99,s4_n40_7,s1_below_4282,s1_below_2,s5_2007_2009,s2_760_2075,s3_17_37,Passenger Car,s2_11_28,Not Deployed,s2_97_208,s1_below_1,Male,s2_37_80,s3_141_159,s2_164_318,s3_80_160,s2_2_4
18659,s2_885_1695,s2_n103_99,s4_n40_7,s1_below_4282,s3_3_4,s6_2009_up,s2_760_2075,s5_47_57,Passenger Car,s3_28_48,Not Deployed,s2_97_208,s1_below_1,Female,s2_37_80,s3_141_159,s2_164_318,s4_160_220,s2_2_4
18660,s3_1695_2555,s2_n103_99,s4_n40_7,s1_below_4282,s3_3_4,s5_2007_2009,s2_760_2075,s3_17_37,Truck (<=6000 lbs.),s4_48_64,Deployed,s2_97_208,s1_below_1,Female,s2_37_80,s3_141_159,s2_164_318,s3_80_160,s2_2_4
18661,s4_2555_3715,s2_n103_99,s4_n40_7,s1_below_4282,s1_below_2,s5_2007_2009,s2_760_2075,s5_47_57,Truck (<=10000 lbs.),s2_11_28,Deployed,s2_97_208,s1_below_1,Male,s3_80_96,s5_169_179,s3_318_464,s3_80_160,s5_6_7
18662,s3_1695_2555,s2_n103_99,s4_n40_7,s1_below_4282,s1_below_2,s6_2009_up,s2_760_2075,s5_47_57,Passenger Car,s3_28_48,Deployed,s2_97_208,s1_below_1,Male,s3_80_96,s4_159_169,s2_164_318,s3_80_160,s3_4_5
18663,s2_885_1695,s2_n103_99,s4_n40_7,s1_below_4282,s1_below_2,s5_2007_2009,s2_760_2075,s4_37_47,Truck (<=6000 lbs.),s4_48_64,Not Deployed,s2_97_208,s4_3_4,Male,s4_96_114,s3_141_159,s2_164_318,s2_40_80,s2_2_4
18664,s2_885_1695,s2_n103_99,s4_n40_7,s1_below_4282,s4_4_5,s5_2007_2009,s2_760_2075,s4_37_47,Passenger Car,s3_28_48,Deployed,s2_97_208,s1_below_1,Female,s2_37_80,s3_141_159,s2_164_318,s3_80_160,s2_2_4
18665,s2_885_1695,s2_n103_99,s4_n40_7,s1_below_4282,s2_2_3,s5_2007_2009,s2_760_2075,s3_17_37,Passenger Car,s3_28_48,Not Deployed,s2_97_208,s1_below_1,Male,s2_37_80,s3_141_159,s2_164_318,s4_160_220,s2_2_4
18666,s2_885_1695,s2_n103_99,s5_7_up,s1_below_4282,s1_below_2,s6_2009_up,s2_760_2075,s6_57_up,Passenger Car,s2_11_28,Not Deployed,s2_97_208,s1_below_1,Male,s6_130_up,s3_141_159,s2_164_318,s6_260_up,s2_2_4
18667,s2_885_1695,s2_n103_99,s4_n40_7,s1_below_4282,s2_2_3,s6_2009_up,s3_2075_3730,s4_37_47,Passenger Car,s5_64_76,Deployed,s2_97_208,s1_below_1,Male,s4_96_114,s3_141_159,s2_164_318,s3_80_160,s2_2_4
18668,s3_1695_2555,s2_n103_99,s4_n40_7,s1_below_4282,s1_below_2,s6_2009_up,s3_2075_3730,s3_17_37,Passenger Car,s4_48_64,Deployed,s2_97_208,s1_below_1,Male,s4_96_114,s4_159_169,s2_164_318,s3_80_160,s2_2_4
18669,s3_1695_2555,s2_n103_99,s4_n40_7,s1_below_4282,s4_4_5,s5_2007_2009,s2_760_2075,s3_17_37,Truck (<=6000 lbs.),s2_11_28,Deployed,s2_97_208,s1_below_1,Female,s2_37_80,s3_141_159,s2_164_318,s3_80_160,s2_2_4
18670,s3_1695_2555,s2_n103_99,s4_n40_7,s1_below_4282,s4_4_5,s6_2009_up,s3_2075_3730,s3_17_37,Passenger Car,s4_48_64,Deployed,s2_97_208,s1_below_1,Female,s2_37_80,s3_141_159,s2_164_318,s3_80_160,s2_2_4
18671,s3_1695_2555,s2_n103_99,s4_n40_7,s1_below_4282,s4_4_5,s6_2009_up,s2_760_2075,s4_37_47,Truck (<=10000 lbs.),s3_28_48,Not Deployed,s2_97_208,s1_below_1,Male,s6_130_up,s5_169_179,s3_318_464,s4_160_220,s4_5_6
18672,s2_885_1695,s2_n103_99,s4_n40_7,s1_below_4282,s3_3_4,s5_2007_2009,s1_below_760,s3_17_37,Passenger Car,s4_48_64,Not Deployed,s2_97_208,s1_below_1,Male,s2_37_80,s3_141_159,s2_164_318,s1_below_40,s2_2_4
18673,s2_885_1695,s2_n103_99,s4_n40_7,s1_below_4282,s2_2_3,s5_2007_2009,s2_760_2075,s6_57_up,Passenger Car,s4_48_64,Not Deployed,s2_97_208,s2_1_2,Male,s2_37_80,s3_141_159,s2_164_318,s4_160_220,s2_2_4
18674,s2_885_1695,s2_n103_99,s4_n40_7,s1_below_4282,s4_4_5,s2_2001_2003,s2_760_2075,s5_47_57,Passenger Car,s3_28_48,Deployed,s2_97_208,s1_below_1,Female,s5_114_130,s3_141_159,s2_164_318,s3_80_160,s2_2_4
18675,s2_885_1695,s2_n103_99,s4_n40_7,s1_below_4282,s3_3_4,s6_2009_up,s2_760_2075,s3_17_37,Passenger Car,s6_76_up,Deployed,s2_97_208,s1_below_1,Female,s2_37_80,s3_141_159,s2_164_318,s3_80_160,s2_2_4
18676,s2_885_1695,s2_n103_99,s4_n40_7,s1_below_4282,s3_3_4,s5_2007_2009,s2_760_2075,s3_17_37,Passenger Car,s4_48_64,Not Deployed,s2_97_208,s1_below_1,Female,s2_37_80,s3_141_159,s2_164_318,s3_80_160,s2_2_4
18677,s2_885_1695,s2_n103_99,s4_n40_7,s1_below_4282,s1_below_2,s6_2009_up,s2_760_2075,s4_37_47,Passenger Car,s3_28_48,Deployed,s2_97_208,s1_below_1,Male,s3_80_96,s3_141_159,s2_164_318,s3_80_160,s2_2_4
18678,s2_885_1695,s2_n103_99,s4_n40_7,s1_below_4282,s3_3_4,s5_2007_2009,s2_760_2075,s4_37_47,Passenger Car,s4_48_64,Deployed,s2_97_208,s1_below_1,Male,s4_96_114,s3_141_159,s2_164_318,s3_80_160,s2_2_4
18679,s2_885_1695,s2_n103_99,s5_7_up,s1_below_4282,s3_3_4,s5_2007_2009,s2_760_2075,s3_17_37,Truck (<=6000 lbs.),s4_48_64,Not Deployed,s2_97_208,s1_below_1,Female,s3_80_96,s3_141_159,s2_164_318,s6_260_up,s2_2_4
18680,s2_885_1695,s2_n103_99,s4_n40_7,s1_below_4282,s4_4_5,s5_2007_2009,s2_760_2075,s4_37_47,Passenger Car,s2_11_28,Deployed,s2_97_208,s1_below_1,Female,s2_37_80,s3_141_159,s2_164_318,s3_80_160,s2_2_4
18681,s3_1695_2555,s2_n103_99,s4_n40_7,s1_below_4282,s4_4_5,s6_2009_up,s3_2075_3730,s4_37_47,Truck (<=10000 lbs.),s5_64_76,Not Deployed,s2_97_208,s1_below_1,Male,s2_37_80,s5_169_179,s3_318_464,s2_40_80,s4_5_6
18682,s2_885_1695,s2_n103_99,s4_n40_7,s1_below_4282,s4_4_5,s6_2009_up,s2_760_2075,s3_17_37,Passenger Car,s3_28_48,Deployed,s2_97_208,s1_below_1,Male,s4_96_114,s3_141_159,s2_164_318,s3_80_160,s2_2_4
18683,s3_1695_2555,s2_n103_99,s4_n40_7,s1_below_4282,s4_4_5,s5_2007_2009,s2_760_2075,s4_37_47,Truck (<=6000 lbs.),s3_28_48,Deployed,s2_97_208,s1_below_1,Female,s3_80_96,s3_141_159,s2_164_318,s3_80_160,s2_2_4
18684,s2_885_1695,s2_n103_99,s4_n40_7,s1_below_4282,s1_below_2,s5_2007_2009,s2_760_2075,s3_17_37,Passenger Car,s3_28_48,Not Deployed,s2_97_208,s1_below_1,Male,s2_37_80,s3_141_159,s2_164_318,s2_40_80,s2_2_4
18685,s2_885_1695,s2_n103_99,s4_n40_7,s1_below_4282,s1_below_2,s5_2007_2009,s2_760_2075,s5_47_57,Passenger Car,s2_11_28,Not Deployed,s2_97_208,s1_below_1,Female,s3_80_96,s3_141_159,s2_164_318,s5_220_260,s2_2_4
18686,s2_885_1695,s2_n103_99,s4_n40_7,s1_below_4282,s1_below_2,s5_2007_2009,s2_760_2075,s5_47_57,Passenger Car,s3_28_48,Not Deployed,s2_97_208,s1_below_1,Female,s2_37_80,s3_141_159,s2_164_318,s3_80_160,s2_2_4
18687,s2_885_1695,s2_n103_99,s4_n40_7,s1_below_4282,s1_below_2,s5_2007_2009,s2_760_2075,s3_17_37,Passenger Car,s3_28_48,Deployed,s2_97_208,s2_1_2,Female,s3_80_96,s3_141_159,s2_164_318,s3_80_160,s2_2_4
18688,s3_1695_2555,s2_n103_99,s4_n40_7,s1_below_4282,s4_4_5,s5_2007_2009,s2_760_2075,s3_17_37,Passenger Car,s4_48_64,Deployed,s2_97_208,s1_below_1,Male,s3_80_96,s4_159_169,s2_164_318,s3_80_160,s2_2_4
18689,s2_885_1695,s2_n103_99,s4_n40_7,s1_below_4282,s3_3_4,s5_2007_2009,s2_760_2075,s3_17_37,Truck (<=6000 lbs.),s3_28_48,Deployed,s2_97_208,s1_below_1,Male,s3_80_96,s3_141_159,s2_164_318,s4_160_220,s2_2_4
18690,s2_885_1695,s2_n103_99,s4_n40_7,s1_below_4282,s4_4_5,s5_2007_2009,s2_760_2075,s1_below_7,Passenger Car,s3_28_48,Deployed,s2_97_208,s1_below_1,Male,s2_37_80,s3_141_159,s2_164_318,s3_80_160,s2_2_4
18691,s2_885_1695,s2_n103_99,s4_n40_7,s1_below_4282,s4_4_5,s5_2007_2009,s3_2075_3730,s5_47_57,Passenger Car,s4_48_64,Deployed,s2_97_208,s4_3_4,Female,s2_37_80,s3_141_159,s2_164_318,s3_80_160,s2_2_4
18692,s2_885_1695,s2_n103_99,s4_n40_7,s1_below_4282,s1_below_2,s5_2007_2009,s2_760_2075,s3_17_37,Passenger Car,s3_28_48,Deployed,s2_97_208,s1_below_1,Male,s3_80_96,s3_141_159,s2_164_318,s3_80_160,s2_2_4
18693,s2_885_1695,s2_n103_99,s4_n40_7,s1_below_4282,s2_2_3,s6_2009_up,s2_760_2075,s3_17_37,Passenger Car,s3_28_48,Deployed,s2_97_208,s1_below_1,Female,s2_37_80,s3_141_159,s2_164_318,s3_80_160,s2_2_4
18694,s2_885_1695,s2_n103_99,s4_n40_7,s1_below_4282,s1_below_2,s5_2007_2009,s3_2075_3730,s3_17_37,Passenger Car,s2_11_28,Deployed,s2_97_208,s1_below_1,Female,s2_37_80,s3_141_159,s2_164_318,s3_80_160,s2_2_4
18695,s2_885_1695,s2_n103_99,s4_n40_7,s1_below_4282,s2_2_3,s6_2009_up,s3_2075_3730,s3_17_37,Passenger Car,s5_64_76,Not Deployed,s2_97_208,s1_below_1,Female,s2_37_80,s3_141_159,s2_164_318,s4_160_220,s2_2_4
18696,s2_885_1695,s2_n103_99,s5_7_up,s1_below_4282,s4_4_5,s5_2007_2009,s2_760_2075,s6_57_up,Passenger Car,s3_28_48,Not Deployed,s2_97_208,s1_below_1,Female,s2_37_80,s3_141_159,s2_164_318,s6_260_up,s2_2_4
18697,s3_1695_2555,s2_n103_99,s4_n40_7,s1_below_4282,s2_2_3,s5_2007_2009,s3_2075_3730,s3_17_37,Truck (<=10000 lbs.),s3_28_48,Deployed,s2_97_208,s1_below_1,Male,s4_96_114,s5_169_179,s2_164_318,s4_160_220,s3_4_5
18698,s2_885_1695,s2_n103_99,s4_n40_7,s1_below_4282,s3_3_4,s6_2009_up,s3_2075_3730,s3_17_37,Truck (<=6000 lbs.),s3_28_48,Deployed,s2_97_208,s1_below_1,Male,s4_96_114,s3_141_159,s2_164_318,s3_80_160,s2_2_4
18699,s3_1695_2555,s2_n103_99,s5_7_up,s1_below_4282,s3_3_4,s4_2005_2007,s2_760_2075,s3_17_37,Truck (<=10000 lbs.),s3_28_48,Not Deployed,s2_97_208,s1_below_1,Male,s4_96_114,s5_169_179,s3_318_464,s6_260_up,s4_5_6
18700,s3_1695_2555,s2_n103_99,s4_n40_7,s1_below_4282,s3_3_4,s5_2007_2009,s2_760_2075,s3_17_37,Truck (<=10000 lbs.),s3_28_48,Not Deployed,s2_97_208,s1_below_1,Male,s4_96_114,s5_169_179,s2_164_318,s3_80_160,s3_4_5
18701,s3_1695_2555,s2_n103_99,s4_n40_7,s1_below_4282,s2_2_3,s6_2009_up,s3_2075_3730,s3_17_37,Truck (<=6000 lbs.),s4_48_64,Deployed,s2_97_208,s1_below_1,Male,s2_37_80,s4_159_169,s2_164_318,s3_80_160,s2_2_4
18702,s2_885_1695,s2_n103_99,s4_n40_7,s1_below_4282,s4_4_5,s5_2007_2009,s2_760_2075,s3_17_37,Passenger Car,s2_11_28,Not Deployed,s2_97_208,s1_below_1,Female,s2_37_80,s3_141_159,s2_164_318,s3_80_160,s2_2_4
18703,s2_885_1695,s2_n103_99,s4_n40_7,s1_below_4282,s1_below_2,s5_2007_2009,s2_760_2075,s3_17_37,Passenger Car,s5_64_76,Not Deployed,s2_97_208,s2_1_2,Female,s2_37_80,s3_141_159,s2_164_318,s4_160_220,s2_2_4
18704,s2_885_1695,s2_n103_99,s4_n40_7,s1_below_4282,s1_below_2,s5_2007_2009,s2_760_2075,s3_17_37,Passenger Car,s2_11_28,Not Deployed,s2_97_208,s1_below_1,Female,s3_80_96,s3_141_159,s2_164_318,s2_40_80,s2_2_4
18705,s2_885_1695,s2_n103_99,s4_n40_7,s1_below_4282,s4_4_5,s6_2009_up,s2_760_2075,s4_37_47,Passenger Car,s6_76_up,Deployed,s2_97_208,s1_below_1,Male,s3_80_96,s3_141_159,s2_164_318,s4_160_220,s2_2_4
18706,s3_1695_2555,s2_n103_99,s4_n40_7,s1_below_4282,s4_4_5,s5_2007_2009,s2_760_2075,s4_37_47,Passenger Car,s5_64_76,Deployed,s2_97_208,s1_below_1,Male,s3_80_96,s4_159_169,s2_164_318,s2_40_80,s2_2_4
18707,s2_885_1695,s2_n103_99,s5_7_up,s1_below_4282,s4_4_5,s5_2007_2009,s2_760_2075,s3_17_37,Passenger Car,s3_28_48,Not Deployed,s2_97_208,s1_below_1,Male,s4_96_114,s3_141_159,s2_164_318,s4_160_220,s2_2_4
18708,s3_1695_2555,s2_n103_99,s5_7_up,s1_below_4282,s2_2_3,s6_2009_up,s2_760_2075,s5_47_57,Truck (<=6000 lbs.),s3_28_48,Not Deployed,s2_97_208,s1_below_1,Female,s3_80_96,s3_141_159,s2_164_318,s6_260_up,s2_2_4
18709,s3_1695_2555,s2_n103_99,s4_n40_7,s1_below_4282,s3_3_4,s5_2007_2009,s2_760_2075,s3_17_37,Passenger Car,s3_28_48,Deployed,s2_97_208,s1_below_1,Female,s2_37_80,s3_141_159,s2_164_318,s4_160_220,s2_2_4
18710,s2_885_1695,s2_n103_99,s3_n81_n40,s1_below_4282,s3_3_4,s5_2007_2009,s2_760_2075,s3_17_37,Passenger Car,s2_11_28,Deployed,s2_97_208,s1_below_1,Male,s2_37_80,s3_141_159,s2_164_318,s2_40_80,s2_2_4
18711,s2_885_1695,s2_n103_99,s4_n40_7,s1_below_4282,s1_below_2,s6_2009_up,s2_760_2075,s3_17_37,Passenger Car,s3_28_48,Not Deployed,s2_97_208,s1_below_1,Female,s4_96_114,s3_141_159,s2_164_318,s4_160_220,s2_2_4
18712,s3_1695_2555,s2_n103_99,s4_n40_7,s1_below_4282,s2_2_3,s6_2009_up,s2_760_2075,s4_37_47,Truck (<=10000 lbs.),s4_48_64,Not Deployed,s2_97_208,s1_below_1,Male,s3_80_96,s4_159_169,s2_164_318,s3_80_160,s3_4_5
18713,s2_885_1695,s2_n103_99,s4_n40_7,s1_below_4282,s1_below_2,s6_2009_up,s3_2075_3730,s6_57_up,Passenger Car,s3_28_48,Deployed,s2_97_208,s4_3_4,Male,s3_80_96,s3_141_159,s2_164_318,s6_260_up,s2_2_4
18714,s2_885_1695,s2_n103_99,s4_n40_7,s1_below_4282,s3_3_4,s6_2009_up,s2_760_2075,s4_37_47,Passenger Car,s4_48_64,Deployed,s2_97_208,s1_below_1,Female,s2_37_80,s3_141_159,s2_164_318,s3_80_160,s2_2_4
18715,s2_885_1695,s2_n103_99,s5_7_up,s1_below_4282,s1_below_2,s5_2007_2009,s2_760_2075,s3_17_37,Passenger Car,s3_28_48,Not Deployed,s2_97_208,s1_below_1,Male,s2_37_80,s3_141_159,s2_164_318,s6_260_up,s2_2_4
18716,s2_885_1695,s2_n103_99,s5_7_up,s1_below_4282,s3_3_4,s6_2009_up,s2_760_2075,s3_17_37,Passenger Car,s2_11_28,Not Deployed,s2_97_208,s1_below_1,Male,s2_37_80,s3_141_159,s2_164_318,s6_260_up,s2_2_4
18717,s2_885_1695,s2_n103_99,s4_n40_7,s1_below_4282,s1_below_2,s6_2009_up,s2_760_2075,s3_17_37,Passenger Car,s2_11_28,Deployed,s2_97_208,s1_below_1,Male,s2_37_80,s3_141_159,s2_164_318,s3_80_160,s2_2_4
18718,s2_885_1695,s2_n103_99,s4_n40_7,s1_below_4282,s5_5_6,s6_2009_up,s2_760_2075,s3_17_37,Truck (<=6000 lbs.),s3_28_48,Deployed,s2_97_208,s1_below_1,Male,s2_37_80,s3_141_159,s2_164_318,s3_80_160,s2_2_4
18719,s3_1695_2555,s2_n103_99,s4_n40_7,s1_below_4282,s3_3_4,s6_2009_up,s2_760_2075,s4_37_47,Truck (<=6000 lbs.),s3_28_48,Not Deployed,s2_97_208,s1_below_1,Male,s2_37_80,s3_141_159,s2_164_318,s3_80_160,s2_2_4
18720,s3_1695_2555,s2_n103_99,s4_n40_7,s1_below_4282,s3_3_4,s5_2007_2009,s2_760_2075,s3_17_37,Truck (<=6000 lbs.),s2_11_28,Deployed,s2_97_208,s1_below_1,Male,s2_37_80,s4_159_169,s2_164_318,s3_80_160,s3_4_5
18721,s2_885_1695,s2_n103_99,s4_n40_7,s1_below_4282,s3_3_4,s6_2009_up,s2_760_2075,s4_37_47,Passenger Car,s4_48_64,Not Deployed,s2_97_208,s1_below_1,Female,s3_80_96,s3_141_159,s2_164_318,s5_220_260,s2_2_4
18722,s2_885_1695,s2_n103_99,s4_n40_7,s1_below_4282,s3_3_4,s5_2007_2009,s2_760_2075,s4_37_47,Passenger Car,s2_11_28,Deployed,s2_97_208,s1_below_1,Male,s2_37_80,s3_141_159,s2_164_318,s3_80_160,s2_2_4
18723,s2_885_1695,s2_n103_99,s4_n40_7,s1_below_4282,s3_3_4,s5_2007_2009,s2_760_2075,s4_37_47,Passenger Car,s2_11_28,Deployed,s2_97_208,s1_below_1,Female,s2_37_80,s3_141_159,s2_164_318,s4_160_220,s2_2_4
18724,s3_1695_2555,s2_n103_99,s4_n40_7,s1_below_4282,s1_below_2,s6_2009_up,s2_760_2075,s5_47_57,Truck (<=6000 lbs.),s3_28_48,Not Deployed,s2_97_208,s1_below_1,Female,s2_37_80,s5_169_179,s2_164_318,s3_80_160,s2_2_4
18725,s2_885_1695,s2_n103_99,s4_n40_7,s1_below_4282,s3_3_4,s5_2007_2009,s2_760_2075,s5_47_57,Passenger Car,s2_11_28,Not Deployed,s2_97_208,s1_below_1,Female,s2_37_80,s3_141_159,s2_164_318,s3_80_160,s2_2_4
18726,s3_1695_2555,s2_n103_99,s4_n40_7,s1_below_4282,s2_2_3,s5_2007_2009,s2_760_2075,s3_17_37,Truck (<=10000 lbs.),s3_28_48,Deployed,s2_97_208,s1_below_1,Male,s2_37_80,s4_159_169,s2_164_318,s4_160_220,s3_4_5
18727,s3_1695_2555,s2_n103_99,s5_7_up,s1_below_4282,s1_below_2,s6_2009_up,s3_2075_3730,s5_47_57,Truck (<=10000 lbs.),s3_28_48,Not Deployed,s2_97_208,s1_below_1,Male,s3_80_96,s3_141_159,s2_164_318,s6_260_up,s2_2_4
18728,s2_885_1695,s2_n103_99,s4_n40_7,s1_below_4282,s3_3_4,s6_2009_up,s2_760_2075,s4_37_47,Passenger Car,s4_48_64,Deployed,s2_97_208,s2_1_2,Male,s2_37_80,s3_141_159,s2_164_318,s4_160_220,s2_2_4
18729,s3_1695_2555,s2_n103_99,s3_n81_n40,s2_4282_6970,s1_below_2,s5_2007_2009,s3_2075_3730,s6_57_up,Truck (<=10000 lbs.),s6_76_up,Deployed,s2_97_208,s1_below_1,Female,s5_114_130,s4_159_169,s2_164_318,s3_80_160,s3_4_5
18730,s2_885_1695,s2_n103_99,s4_n40_7,s1_below_4282,s2_2_3,s6_2009_up,s2_760_2075,s3_17_37,Passenger Car,s2_11_28,Deployed,s2_97_208,s1_below_1,Female,s2_37_80,s3_141_159,s2_164_318,s3_80_160,s2_2_4
18731,s2_885_1695,s2_n103_99,s4_n40_7,s1_below_4282,s1_below_2,s5_2007_2009,s2_760_2075,s4_37_47,Truck (<=6000 lbs.),s2_11_28,Deployed,s2_97_208,s1_below_1,Female,s3_80_96,s3_141_159,s2_164_318,s3_80_160,s2_2_4
18732,s3_1695_2555,s2_n103_99,s4_n40_7,s1_below_4282,s3_3_4,s5_2007_2009,s2_760_2075,s4_37_47,Truck (<=10000 lbs.),s3_28_48,Not Deployed,s2_97_208,s1_below_1,Female,s3_80_96,s4_159_169,s2_164_318,s2_40_80,s3_4_5
18733,s2_885_1695,s2_n103_99,s4_n40_7,s1_below_4282,s3_3_4,s5_2007_2009,s2_760_2075,s4_37_47,Passenger Car,s2_11_28,Not Deployed,s2_97_208,s1_below_1,Female,s2_37_80,s3_141_159,s2_164_318,s3_80_160,s2_2_4
18734,s3_1695_2555,s2_n103_99,s4_n40_7,s1_below_4282,s2_2_3,s5_2007_2009,s2_760_2075,s3_17_37,Truck (<=6000 lbs.),s5_64_76,Not Deployed,s2_97_208,s1_below_1,Female,s2_37_80,s5_169_179,s2_164_318,s3_80_160,s2_2_4
18735,s2_885_1695,s2_n103_99,s4_n40_7,s1_below_4282,s6_6_up,s6_2009_up,s3_2075_3730,s3_17_37,Passenger Car,s4_48_64,Not Deployed,s2_97_208,s1_below_1,Male,s3_80_96,s3_141_159,s2_164_318,s3_80_160,s2_2_4
18736,s2_885_1695,s2_n103_99,s4_n40_7,s1_below_4282,s1_below_2,s6_2009_up,s3_2075_3730,s3_17_37,Passenger Car,s3_28_48,Not Deployed,s2_97_208,s1_below_1,Female,s3_80_96,s3_141_159,s2_164_318,s3_80_160,s2_2_4
18737,s2_885_1695,s2_n103_99,s4_n40_7,s1_below_4282,s4_4_5,s6_2009_up,s3_2075_3730,s4_37_47,Passenger Car,s3_28_48,Not Deployed,s2_97_208,s1_below_1,Male,s3_80_96,s3_141_159,s2_164_318,s3_80_160,s2_2_4
18738,s3_1695_2555,s2_n103_99,s4_n40_7,s1_below_4282,s1_below_2,s6_2009_up,s2_760_2075,s5_47_57,Truck (<=10000 lbs.),s3_28_48,Deployed,s2_97_208,s1_below_1,Male,s3_80_96,s5_169_179,s3_318_464,s3_80_160,s4_5_6
18739,s2_885_1695,s2_n103_99,s4_n40_7,s1_below_4282,s4_4_5,s5_2007_2009,s2_760_2075,s4_37_47,Passenger Car,s3_28_48,Not Deployed,s2_97_208,s1_below_1,Male,s2_37_80,s3_141_159,s2_164_318,s3_80_160,s2_2_4
18740,s3_1695_2555,s2_n103_99,s4_n40_7,s1_below_4282,s1_below_2,s6_2009_up,s2_760_2075,s3_17_37,Truck (<=10000 lbs.),s4_48_64,Not Deployed,s2_97_208,s1_below_1,Male,s4_96_114,s5_169_179,s3_318_464,s3_80_160,s4_5_6
18741,s2_885_1695,s2_n103_99,s3_n81_n40,s1_below_4282,s1_below_2,s6_2009_up,s2_760_2075,s4_37_47,Passenger Car,s2_11_28,Deployed,s2_97_208,s1_below_1,Female,s2_37_80,s3_141_159,s2_164_318,s3_80_160,s2_2_4
18742,s2_885_1695,s2_n103_99,s4_n40_7,s1_below_4282,s3_3_4,s5_2007_2009,s2_760_2075,s3_17_37,Truck (<=6000 lbs.),s2_11_28,Not Deployed,s2_97_208,s1_below_1,Female,s2_37_80,s3_141_159,s2_164_318,s4_160_220,s2_2_4
18743,s2_885_1695,s2_n103_99,s4_n40_7,s1_below_4282,s2_2_3,s6_2009_up,s2_760_2075,s3_17_37,Passenger Car,s3_28_48,Not Deployed,s2_97_208,s2_1_2,Female,s3_80_96,s3_141_159,s2_164_318,s2_40_80,s2_2_4
18744,s2_885_1695,s2_n103_99,s4_n40_7,s1_below_4282,s1_below_2,s5_2007_2009,s2_760_2075,s4_37_47,Passenger Car,s2_11_28,Deployed,s2_97_208,s1_below_1,Female,s2_37_80,s3_141_159,s2_164_318,s3_80_160,s2_2_4
18745,s4_2555_3715,s2_n103_99,s3_n81_n40,s2_4282_6970,s4_4_5,s6_2009_up,s2_760_2075,s4_37_47,Truck (<=10000 lbs.),s4_48_64,Deployed,s2_97_208,s4_3_4,Male,s2_37_80,s4_159_169,s2_164_318,s3_80_160,s3_4_5
18746,s3_1695_2555,s2_n103_99,s4_n40_7,s1_below_4282,s1_below_2,s6_2009_up,s2_760_2075,s3_17_37,Truck (<=10000 lbs.),s4_48_64,Not Deployed,s2_97_208,s1_below_1,Male,s3_80_96,s5_169_179,s2_164_318,s3_80_160,s3_4_5
18747,s2_885_1695,s2_n103_99,s4_n40_7,s1_below_4282,s1_below_2,s5_2007_2009,s2_760_2075,s3_17_37,Truck (<=6000 lbs.),s2_11_28,Not Deployed,s2_97_208,s1_below_1,Female,s2_37_80,s3_141_159,s2_164_318,s3_80_160,s2_2_4
18748,s3_1695_2555,s2_n103_99,s4_n40_7,s1_below_4282,s2_2_3,s5_2007_2009,s2_760_2075,s5_47_57,Truck (<=10000 lbs.),s4_48_64,Not Deployed,s2_97_208,s2_1_2,Male,s6_130_up,s4_159_169,s2_164_318,s4_160_220,s3_4_5
18749,s2_885_1695,s2_n103_99,s4_n40_7,s1_below_4282,s3_3_4,s5_2007_2009,s2_760_2075,s4_37_47,Passenger Car,s4_48_64,Not Deployed,s2_97_208,s1_below_1,Male,s2_37_80,s3_141_159,s2_164_318,s3_80_160,s2_2_4
18750,s3_1695_2555,s2_n103_99,s3_n81_n40,s1_below_4282,s3_3_4,s5_2007_2009,s2_760_2075,s5_47_57,Truck (<=10000 lbs.),s3_28_48,Deployed,s2_97_208,s2_1_2,Male,s3_80_96,s5_169_179,s3_318_464,s3_80_160,s4_5_6
18751,s3_1695_2555,s2_n103_99,s4_n40_7,s1_below_4282,s3_3_4,s4_2005_2007,s2_760_2075,s4_37_47,Truck (<=10000 lbs.),s3_28_48,Not Deployed,s2_97_208,s1_below_1,Male,s3_80_96,s5_169_179,s3_318_464,s3_80_160,s5_6_7
18752,s3_1695_2555,s2_n103_99,s4_n40_7,s1_below_4282,s1_below_2,s5_2007_2009,s2_760_2075,s3_17_37,Passenger Car,s3_28_48,Not Deployed,s2_97_208,s1_below_1,Female,s2_37_80,s3_141_159,s2_164_318,s3_80_160,s2_2_4
18753,s3_1695_2555,s2_n103_99,s4_n40_7,s1_below_4282,s4_4_5,s5_2007_2009,s2_760_2075,s4_37_47,Truck (<=6000 lbs.),s5_64_76,Deployed,s2_97_208,s1_below_1,Female,s2_37_80,s3_141_159,s2_164_318,s3_80_160,s2_2_4
18754,s3_1695_2555,s2_n103_99,s4_n40_7,s1_below_4282,s4_4_5,s5_2007_2009,s2_760_2075,s5_47_57,Passenger Car,s3_28_48,Deployed,s2_97_208,s1_below_1,Male,s3_80_96,s4_159_169,s2_164_318,s3_80_160,s2_2_4
18755,s3_1695_2555,s2_n103_99,s4_n40_7,s1_below_4282,s4_4_5,s6_2009_up,s2_760_2075,s4_37_47,Truck (<=6000 lbs.),s4_48_64,Not Deployed,s2_97_208,s1_below_1,Female,s2_37_80,s4_159_169,s2_164_318,s4_160_220,s2_2_4
18756,s3_1695_2555,s2_n103_99,s4_n40_7,s1_below_4282,s1_below_2,s5_2007_2009,s2_760_2075,s3_17_37,Passenger Car,s4_48_64,Not Deployed,s2_97_208,s1_below_1,Male,s2_37_80,s3_141_159,s2_164_318,s2_40_80,s2_2_4
18757,s2_885_1695,s2_n103_99,s4_n40_7,s1_below_4282,s1_below_2,s5_2007_2009,s2_760_2075,s3_17_37,Passenger Car,s2_11_28,Deployed,s2_97_208,s1_below_1,Female,s2_37_80,s3_141_159,s2_164_318,s3_80_160,s2_2_4
18758,s2_885_1695,s2_n103_99,s4_n40_7,s1_below_4282,s1_below_2,s6_2009_up,s2_760_2075,s3_17_37,Passenger Car,s3_28_48,Deployed,s2_97_208,s1_below_1,Female,s3_80_96,s3_141_159,s2_164_318,s3_80_160,s2_2_4
18759,s3_1695_2555,s2_n103_99,s4_n40_7,s1_below_4282,s1_below_2,s5_2007_2009,s2_760_2075,s5_47_57,Truck (<=10000 lbs.),s4_48_64,Deployed,s2_97_208,s1_below_1,Male,s3_80_96,s4_159_169,s2_164_318,s3_80_160,s2_2_4
18760,s2_885_1695,s2_n103_99,s4_n40_7,s1_below_4282,s4_4_5,s5_2007_2009,s2_760_2075,s5_47_57,Passenger Car,s3_28_48,Deployed,s2_97_208,s1_below_1,Female,s2_37_80,s3_141_159,s2_164_318,s3_80_160,s2_2_4
18761,s3_1695_2555,s2_n103_99,s4_n40_7,s1_below_4282,s2_2_3,s5_2007_2009,s2_760_2075,s3_17_37,Truck (<=10000 lbs.),s3_28_48,Not Deployed,s2_97_208,s1_below_1,Male,s6_130_up,s5_169_179,s3_318_464,s3_80_160,s4_5_6
18762,s2_885_1695,s2_n103_99,s4_n40_7,s1_below_4282,s1_below_2,s5_2007_2009,s2_760_2075,s3_17_37,Passenger Car,s2_11_28,Not Deployed,s2_97_208,s1_below_1,Male,s2_37_80,s3_141_159,s2_164_318,s3_80_160,s2_2_4
18763,s3_1695_2555,s2_n103_99,s4_n40_7,s1_below_4282,s1_below_2,s5_2007_2009,s2_760_2075,s4_37_47,Truck (<=6000 lbs.),s3_28_48,Not Deployed,s2_97_208,s1_below_1,Female,s2_37_80,s4_159_169,s2_164_318,s2_40_80,s2_2_4
18764,s3_1695_2555,s2_n103_99,s4_n40_7,s1_below_4282,s1_below_2,s6_2009_up,s2_760_2075,s5_47_57,Truck (<=10000 lbs.),s3_28_48,Deployed,s2_97_208,s1_below_1,Male,s3_80_96,s5_169_179,s2_164_318,s3_80_160,s3_4_5
18765,s3_1695_2555,s2_n103_99,s4_n40_7,s1_below_4282,s1_below_2,s5_2007_2009,s2_760_2075,s5_47_57,Truck (<=6000 lbs.),s4_48_64,Deployed,s2_97_208,s1_below_1,Male,s4_96_114,s5_169_179,s2_164_318,s3_80_160,s2_2_4
18766,s2_885_1695,s2_n103_99,s4_n40_7,s1_below_4282,s1_below_2,s5_2007_2009,s2_760_2075,s4_37_47,Passenger Car,s3_28_48,Deployed,s2_97_208,s1_below_1,Male,s2_37_80,s3_141_159,s2_164_318,s3_80_160,s2_2_4
18767,s2_885_1695,s2_n103_99,s4_n40_7,s1_below_4282,s2_2_3,s5_2007_2009,s2_760_2075,s3_17_37,Passenger Car,s4_48_64,Deployed,s2_97_208,s1_below_1,Female,s2_37_80,s3_141_159,s2_164_318,s3_80_160,s2_2_4
18768,s3_1695_2555,s2_n103_99,s4_n40_7,s1_below_4282,s3_3_4,s6_2009_up,s2_760_2075,s3_17_37,Passenger Car,s2_11_28,Not Deployed,s2_97_208,s1_below_1,Female,s2_37_80,s4_159_169,s2_164_318,s1_below_40,s3_4_5
18769,s3_1695_2555,s2_n103_99,s4_n40_7,s1_below_4282,s2_2_3,s6_2009_up,s2_760_2075,s5_47_57,Truck (<=6000 lbs.),s2_11_28,Deployed,s2_97_208,s1_below_1,Male,s3_80_96,s3_141_159,s2_164_318,s4_160_220,s2_2_4
18770,s2_885_1695,s2_n103_99,s5_7_up,s1_below_4282,s2_2_3,s6_2009_up,s2_760_2075,s6_57_up,Passenger Car,s3_28_48,Not Deployed,s2_97_208,s1_below_1,Female,s3_80_96,s4_159_169,s2_164_318,s6_260_up,s2_2_4
18771,s2_885_1695,s2_n103_99,s4_n40_7,s1_below_4282,s3_3_4,s5_2007_2009,s3_2075_3730,s3_17_37,Passenger Car,s2_11_28,Deployed,s2_97_208,s1_below_1,Female,s2_37_80,s3_141_159,s2_164_318,s4_160_220,s2_2_4
18772,s2_885_1695,s2_n103_99,s4_n40_7,s1_below_4282,s3_3_4,s5_2007_2009,s2_760_2075,s3_17_37,Passenger Car,s2_11_28,Deployed,s2_97_208,s1_below_1,Female,s2_37_80,s3_141_159,s2_164_318,s3_80_160,s2_2_4
18773,s2_885_1695,s2_n103_99,s4_n40_7,s1_below_4282,s4_4_5,s6_2009_up,s2_760_2075,s4_37_47,Passenger Car,s4_48_64,Not Deployed,s2_97_208,s1_below_1,Female,s2_37_80,s3_141_159,s2_164_318,s4_160_220,s2_2_4
18774,s3_1695_2555,s2_n103_99,s4_n40_7,s1_below_4282,s3_3_4,s6_2009_up,s2_760_2075,s3_17_37,Truck (<=10000 lbs.),s3_28_48,Not Deployed,s2_97_208,s1_below_1,Female,s2_37_80,s4_159_169,s2_164_318,s3_80_160,s3_4_5
18775,s2_885_1695,s2_n103_99,s4_n40_7,s1_below_4282,s1_below_2,s5_2007_2009,s2_760_2075,s4_37_47,Passenger Car,s2_11_28,Not Deployed,s2_97_208,s1_below_1,Female,s3_80_96,s3_141_159,s2_164_318,s1_below_40,s2_2_4
18776,s2_885_1695,s2_n103_99,s4_n40_7,s1_below_4282,s4_4_5,s5_2007_2009,s2_760_2075,s3_17_37,Passenger Car,s2_11_28,Deployed,s2_97_208,s1_below_1,Male,s3_80_96,s3_141_159,s2_164_318,s4_160_220,s2_2_4
18777,s4_2555_3715,s2_n103_99,s4_n40_7,s1_below_4282,s2_2_3,s6_2009_up,s2_760_2075,s3_17_37,Truck (<=10000 lbs.),s3_28_48,Not Deployed,s2_97_208,s1_below_1,Male,s3_80_96,s4_159_169,s2_164_318,s3_80_160,s3_4_5
18778,s3_1695_2555,s2_n103_99,s4_n40_7,s1_below_4282,s1_below_2,s6_2009_up,s2_760_2075,s3_17_37,Passenger Car,s2_11_28,Not Deployed,s2_97_208,s1_below_1,Male,s4_96_114,s3_141_159,s2_164_318,s3_80_160,s2_2_4
18779,s2_885_1695,s2_n103_99,s5_7_up,s1_below_4282,s2_2_3,s5_2007_2009,s2_760_2075,s4_37_47,Passenger Car,s3_28_48,Not Deployed,s2_97_208,s1_below_1,Male,s3_80_96,s3_141_159,s2_164_318,s6_260_up,s2_2_4
18780,s2_885_1695,s2_n103_99,s5_7_up,s1_below_4282,s5_5_6,s5_2007_2009,s2_760_2075,s4_37_47,Passenger Car,s4_48_64,Not Deployed,s2_97_208,s1_below_1,Female,s2_37_80,s3_141_159,s2_164_318,s6_260_up,s2_2_4
18781,s2_885_1695,s2_n103_99,s4_n40_7,s1_below_4282,s3_3_4,s6_2009_up,s2_760_2075,s4_37_47,Passenger Car,s4_48_64,Not Deployed,s2_97_208,s1_below_1,Female,s4_96_114,s3_141_159,s2_164_318,s3_80_160,s2_2_4
18782,s3_1695_2555,s2_n103_99,s4_n40_7,s1_below_4282,s3_3_4,s6_2009_up,s3_2075_3730,s3_17_37,Truck (<=10000 lbs.),s3_28_48,Deployed,s2_97_208,s1_below_1,Male,s3_80_96,s4_159_169,s2_164_318,s4_160_220,s3_4_5
18783,s2_885_1695,s2_n103_99,s4_n40_7,s1_below_4282,s2_2_3,s6_2009_up,s2_760_2075,s6_57_up,Passenger Car,s2_11_28,Deployed,s2_97_208,s1_below_1,Male,s3_80_96,s3_141_159,s2_164_318,s3_80_160,s2_2_4
18784,s2_885_1695,s2_n103_99,s4_n40_7,s1_below_4282,s3_3_4,s6_2009_up,s2_760_2075,s3_17_37,Passenger Car,s3_28_48,Deployed,s2_97_208,s1_below_1,Male,s3_80_96,s3_141_159,s2_164_318,s3_80_160,s2_2_4
18785,s3_1695_2555,s2_n103_99,s5_7_up,s1_below_4282,s1_below_2,s6_2009_up,s2_760_2075,s4_37_47,Truck (<=6000 lbs.),s2_11_28,Not Deployed,s2_97_208,s1_below_1,Male,s2_37_80,s4_159_169,s2_164_318,s6_260_up,s2_2_4
18786,s2_885_1695,s2_n103_99,s4_n40_7,s1_below_4282,s1_below_2,s6_2009_up,s2_760_2075,s4_37_47,Truck (<=6000 lbs.),s6_76_up,Deployed,s2_97_208,s5_4_5,Male,s2_37_80,s3_141_159,s2_164_318,s2_40_80,s2_2_4
18787,s2_885_1695,s2_n103_99,s4_n40_7,s1_below_4282,s3_3_4,s5_2007_2009,s2_760_2075,s3_17_37,Passenger Car,s4_48_64,Deployed,s2_97_208,s1_below_1,Female,s3_80_96,s3_141_159,s2_164_318,s3_80_160,s2_2_4
18788,s2_885_1695,s2_n103_99,s4_n40_7,s1_below_4282,s5_5_6,s6_2009_up,s2_760_2075,s3_17_37,Passenger Car,s2_11_28,Not Deployed,s2_97_208,s1_below_1,Female,s2_37_80,s3_141_159,s2_164_318,s4_160_220,s2_2_4
18789,s3_1695_2555,s2_n103_99,s5_7_up,s1_below_4282,s3_3_4,s6_2009_up,s2_760_2075,s6_57_up,Truck (<=6000 lbs.),s2_11_28,Not Deployed,s2_97_208,s1_below_1,Female,s2_37_80,s3_141_159,s2_164_318,s6_260_up,s2_2_4
18790,s2_885_1695,s2_n103_99,s4_n40_7,s1_below_4282,s3_3_4,s5_2007_2009,s3_2075_3730,s4_37_47,Passenger Car,s4_48_64,Deployed,s2_97_208,s2_1_2,Female,s2_37_80,s3_141_159,s2_164_318,s3_80_160,s2_2_4
18791,s2_885_1695,s2_n103_99,s4_n40_7,s1_below_4282,s2_2_3,s5_2007_2009,s2_760_2075,s4_37_47,Passenger Car,s3_28_48,Deployed,s2_97_208,s1_below_1,Female,s2_37_80,s3_141_159,s2_164_318,s3_80_160,s2_2_4
18792,s3_1695_2555,s2_n103_99,s4_n40_7,s1_below_4282,s3_3_4,s6_2009_up,s2_760_2075,s3_17_37,Passenger Car,s4_48_64,Not Deployed,s2_97_208,s1_below_1,Male,s3_80_96,s3_141_159,s2_164_318,s3_80_160,s2_2_4
18793,s3_1695_2555,s2_n103_99,s3_n81_n40,s2_4282_6970,s1_below_2,s6_2009_up,s2_760_2075,s3_17_37,Truck (<=6000 lbs.),s4_48_64,Deployed,s2_97_208,s3_2_3,Female,s4_96_114,s3_141_159,s2_164_318,s3_80_160,s2_2_4
18794,s2_885_1695,s2_n103_99,s4_n40_7,s1_below_4282,s3_3_4,s6_2009_up,s2_760_2075,s3_17_37,Passenger Car,s3_28_48,Deployed,s2_97_208,s1_below_1,Female,s2_37_80,s3_141_159,s2_164_318,s3_80_160,s2_2_4
18795,s2_885_1695,s2_n103_99,s5_7_up,s1_below_4282,s3_3_4,s5_2007_2009,s2_760_2075,s3_17_37,Passenger Car,s4_48_64,Not Deployed,s2_97_208,s1_below_1,Female,s2_37_80,s3_141_159,s2_164_318,s4_160_220,s2_2_4
18796,s3_1695_2555,s2_n103_99,s4_n40_7,s1_below_4282,s2_2_3,s6_2009_up,s2_760_2075,s3_17_37,Truck (<=6000 lbs.),s4_48_64,Not Deployed,s2_97_208,s1_below_1,Male,s2_37_80,s3_141_159,s2_164_318,s3_80_160,s2_2_4
18797,s2_885_1695,s2_n103_99,s4_n40_7,s1_below_4282,s1_below_2,s6_2009_up,s2_760_2075,s3_17_37,Passenger Car,s2_11_28,Not Deployed,s2_97_208,s1_below_1,Male,s3_80_96,s3_141_159,s2_164_318,s3_80_160,s2_2_4
18798,s3_1695_2555,s2_n103_99,s4_n40_7,s1_below_4282,s3_3_4,s5_2007_2009,s2_760_2075,s4_37_47,Passenger Car,s4_48_64,Not Deployed,s2_97_208,s1_below_1,Male,s2_37_80,s3_141_159,s2_164_318,s4_160_220,s2_2_4
18799,s2_885_1695,s2_n103_99,s4_n40_7,s1_below_4282,s1_below_2,s5_2007_2009,s2_760_2075,s3_17_37,Truck (<=6000 lbs.),s2_11_28,Not Deployed,s2_97_208,s1_below_1,Female,s2_37_80,s3_141_159,s2_164_318,s3_80_160,s2_2_4
18800,s2_885_1695,s2_n103_99,s4_n40_7,s1_below_4282,s1_below_2,s6_2009_up,s2_760_2075,s3_17_37,Truck (<=6000 lbs.),s2_11_28,Deployed,s2_97_208,s2_1_2,Male,s6_130_up,s3_141_159,s2_164_318,s3_80_160,s2_2_4
18801,s2_885_1695,s2_n103_99,s3_n81_n40,s1_below_4282,s1_below_2,s5_2007_2009,s2_760_2075,s6_57_up,Passenger Car,s3_28_48,Deployed,s2_97_208,s1_below_1,Female,s2_37_80,s3_141_159,s2_164_318,s3_80_160,s2_2_4
18802,s2_885_1695,s2_n103_99,s4_n40_7,s1_below_4282,s2_2_3,s6_2009_up,s2_760_2075,s3_17_37,Passenger Car,s3_28_48,Not Deployed,s2_97_208,s1_below_1,Male,s2_37_80,s3_141_159,s2_164_318,s3_80_160,s2_2_4
18803,s2_885_1695,s2_n103_99,s4_n40_7,s1_below_4282,s3_3_4,s5_2007_2009,s2_760_2075,s5_47_57,Passenger Car,s3_28_48,Deployed,s2_97_208,s1_below_1,Female,s2_37_80,s3_141_159,s2_164_318,s3_80_160,s2_2_4
18804,s2_885_1695,s2_n103_99,s4_n40_7,s1_below_4282,s1_below_2,s5_2007_2009,s2_760_2075,s3_17_37,Passenger Car,s3_28_48,Deployed,s2_97_208,s2_1_2,Female,s2_37_80,s3_141_159,s2_164_318,s3_80_160,s2_2_4
18805,s3_1695_2555,s2_n103_99,s3_n81_n40,s1_below_4282,s1_below_2,s5_2007_2009,s2_760_2075,s3_17_37,Truck (<=6000 lbs.),s5_64_76,Deployed,s2_97_208,s1_below_1,Male,s2_37_80,s4_159_169,s2_164_318,s2_40_80,s2_2_4
18806,s2_885_1695,s2_n103_99,s4_n40_7,s1_below_4282,s1_below_2,s6_2009_up,s2_760_2075,s3_17_37,Passenger Car,s3_28_48,Deployed,s2_97_208,s1_below_1,Female,s2_37_80,s3_141_159,s2_164_318,s3_80_160,s2_2_4
18807,s2_885_1695,s2_n103_99,s4_n40_7,s1_below_4282,s2_2_3,s5_2007_2009,s2_760_2075,s3_17_37,Passenger Car,s3_28_48,Not Deployed,s2_97_208,s2_1_2,Female,s3_80_96,s3_141_159,s2_164_318,s2_40_80,s2_2_4
18808,s2_885_1695,s2_n103_99,s4_n40_7,s1_below_4282,s3_3_4,s6_2009_up,s3_2075_3730,s4_37_47,Passenger Car,s4_48_64,Not Deployed,s2_97_208,s1_below_1,Male,s3_80_96,s3_141_159,s2_164_318,s3_80_160,s2_2_4
18809,s3_1695_2555,s2_n103_99,s5_7_up,s1_below_4282,s1_below_2,s5_2007_2009,s2_760_2075,s6_57_up,Truck (<=10000 lbs.),s3_28_48,Not Deployed,s2_97_208,s1_below_1,Male,s4_96_114,s5_169_179,s3_318_464,s6_260_up,s4_5_6
18810,s2_885_1695,s2_n103_99,s4_n40_7,s1_below_4282,s4_4_5,s5_2007_2009,s3_2075_3730,s4_37_47,Truck (<=6000 lbs.),s4_48_64,Not Deployed,s2_97_208,s1_below_1,Female,s2_37_80,s3_141_159,s2_164_318,s5_220_260,s2_2_4
18811,s2_885_1695,s2_n103_99,s4_n40_7,s1_below_4282,s2_2_3,s5_2007_2009,s2_760_2075,s5_47_57,Passenger Car,s4_48_64,Deployed,s2_97_208,s3_2_3,Female,s2_37_80,s3_141_159,s2_164_318,s3_80_160,s2_2_4
18812,s3_1695_2555,s2_n103_99,s4_n40_7,s1_below_4282,s1_below_2,s5_2007_2009,s2_760_2075,s5_47_57,Truck (<=6000 lbs.),s2_11_28,Deployed,s2_97_208,s1_below_1,Female,s2_37_80,s3_141_159,s2_164_318,s4_160_220,s2_2_4
18813,s2_885_1695,s2_n103_99,s4_n40_7,s1_below_4282,s1_below_2,s6_2009_up,s2_760_2075,s3_17_37,Passenger Car,s5_64_76,Not Deployed,s2_97_208,s1_below_1,Male,s3_80_96,s3_141_159,s2_164_318,s4_160_220,s2_2_4
18814,s2_885_1695,s2_n103_99,s4_n40_7,s1_below_4282,s2_2_3,s6_2009_up,s2_760_2075,s3_17_37,Passenger Car,s3_28_48,Not Deployed,s2_97_208,s1_below_1,Female,s2_37_80,s3_141_159,s2_164_318,s3_80_160,s2_2_4
18815,s3_1695_2555,s2_n103_99,s4_n40_7,s1_below_4282,s4_4_5,s5_2007_2009,s2_760_2075,s3_17_37,Truck (<=6000 lbs.),s4_48_64,Not Deployed,s2_97_208,s1_below_1,Female,s2_37_80,s4_159_169,s2_164_318,s4_160_220,s2_2_4
18816,s2_885_1695,s2_n103_99,s4_n40_7,s1_below_4282,s1_below_2,s3_2003_2005,s2_760_2075,s3_17_37,Truck (<=6000 lbs.),s3_28_48,Not Deployed,s2_97_208,s1_below_1,Male,s4_96_114,s3_141_159,s2_164_318,s3_80_160,s2_2_4
18817,s2_885_1695,s2_n103_99,s4_n40_7,s1_below_4282,s3_3_4,s6_2009_up,s3_2075_3730,s3_17_37,Truck (<=6000 lbs.),s2_11_28,Not Deployed,s2_97_208,s1_below_1,Female,s2_37_80,s3_141_159,s2_164_318,s2_40_80,s2_2_4
18818,s3_1695_2555,s2_n103_99,s4_n40_7,s1_below_4282,s3_3_4,s6_2009_up,s2_760_2075,s3_17_37,Truck (<=10000 lbs.),s4_48_64,Not Deployed,s2_97_208,s1_below_1,Male,s3_80_96,s5_169_179,s2_164_318,s3_80_160,s3_4_5
18819,s2_885_1695,s2_n103_99,s4_n40_7,s1_below_4282,s4_4_5,s6_2009_up,s3_2075_3730,s6_57_up,Passenger Car,s4_48_64,Deployed,s2_97_208,s2_1_2,Female,s2_37_80,s3_141_159,s2_164_318,s3_80_160,s2_2_4
18820,s3_1695_2555,s2_n103_99,s3_n81_n40,s1_below_4282,s1_below_2,s5_2007_2009,s2_760_2075,s6_57_up,Truck (<=10000 lbs.),s2_11_28,Deployed,s2_97_208,s1_below_1,Male,s3_80_96,s5_169_179,s3_318_464,s3_80_160,s4_5_6
18821,s3_1695_2555,s2_n103_99,s4_n40_7,s1_below_4282,s2_2_3,s5_2007_2009,s2_760_2075,s4_37_47,Truck (<=6000 lbs.),s3_28_48,Deployed,s2_97_208,s1_below_1,Female,s2_37_80,s3_141_159,s2_164_318,s3_80_160,s2_2_4
18822,s3_1695_2555,s2_n103_99,s4_n40_7,s1_below_4282,s2_2_3,s5_2007_2009,s2_760_2075,s3_17_37,Truck (<=10000 lbs.),s3_28_48,Not Deployed,s2_97_208,s1_below_1,Male,s3_80_96,s5_169_179,s3_318_464,s3_80_160,s4_5_6
18823,s3_1695_2555,s2_n103_99,s4_n40_7,s1_below_4282,s2_2_3,s5_2007_2009,s3_2075_3730,s4_37_47,Truck (<=6000 lbs.),s5_64_76,Not Deployed,s2_97_208,s1_below_1,Male,s3_80_96,s4_159_169,s2_164_318,s4_160_220,s2_2_4
18824,s2_885_1695,s2_n103_99,s4_n40_7,s1_below_4282,s2_2_3,s6_2009_up,s3_2075_3730,s4_37_47,Passenger Car,s4_48_64,Deployed,s2_97_208,s2_1_2,Male,s3_80_96,s3_141_159,s2_164_318,s4_160_220,s2_2_4
18825,s2_885_1695,s2_n103_99,s4_n40_7,s1_below_4282,s2_2_3,s6_2009_up,s2_760_2075,s4_37_47,Passenger Car,s4_48_64,Not Deployed,s2_97_208,s1_below_1,Male,s3_80_96,s3_141_159,s2_164_318,s3_80_160,s2_2_4
18826,s2_885_1695,s2_n103_99,s4_n40_7,s1_below_4282,s3_3_4,s5_2007_2009,s3_2075_3730,s4_37_47,Passenger Car,s3_28_48,Deployed,s2_97_208,s1_below_1,Male,s4_96_114,s3_141_159,s2_164_318,s3_80_160,s2_2_4
18827,s3_1695_2555,s2_n103_99,s4_n40_7,s1_below_4282,s4_4_5,s6_2009_up,s2_760_2075,s3_17_37,Truck (<=6000 lbs.),s5_64_76,Not Deployed,s2_97_208,s1_below_1,Male,s2_37_80,s3_141_159,s2_164_318,s4_160_220,s2_2_4
18828,s2_885_1695,s2_n103_99,s4_n40_7,s1_below_4282,s1_below_2,s6_2009_up,s2_760_2075,s3_17_37,Passenger Car,s5_64_76,Not Deployed,s2_97_208,s2_1_2,Female,s3_80_96,s3_141_159,s2_164_318,s2_40_80,s2_2_4
18829,s2_885_1695,s2_n103_99,s4_n40_7,s1_below_4282,s3_3_4,s5_2007_2009,s2_760_2075,s4_37_47,Truck (<=6000 lbs.),s3_28_48,Not Deployed,s2_97_208,s1_below_1,Female,s3_80_96,s3_141_159,s2_164_318,s4_160_220,s2_2_4
18830,s2_885_1695,s2_n103_99,s3_n81_n40,s1_below_4282,s2_2_3,s5_2007_2009,s2_760_2075,s5_47_57,Passenger Car,s2_11_28,Deployed,s2_97_208,s3_2_3,Male,s3_80_96,s3_141_159,s2_164_318,s3_80_160,s2_2_4
18831,s3_1695_2555,s2_n103_99,s3_n81_n40,s1_below_4282,s1_below_2,s5_2007_2009,s2_760_2075,s4_37_47,Truck (<=6000 lbs.),s4_48_64,Deployed,s2_97_208,s3_2_3,Male,s5_114_130,s3_141_159,s2_164_318,s3_80_160,s2_2_4
18832,s2_885_1695,s2_n103_99,s4_n40_7,s1_below_4282,s4_4_5,s5_2007_2009,s2_760_2075,s4_37_47,Passenger Car,s2_11_28,Not Deployed,s2_97_208,s1_below_1,Female,s2_37_80,s3_141_159,s2_164_318,s4_160_220,s2_2_4
18833,s4_2555_3715,s2_n103_99,s4_n40_7,s1_below_4282,s2_2_3,s5_2007_2009,s2_760_2075,s3_17_37,Truck (<=10000 lbs.),s4_48_64,Not Deployed,s2_97_208,s1_below_1,Male,s3_80_96,s5_169_179,s3_318_464,s3_80_160,s5_6_7
18834,s2_885_1695,s2_n103_99,s4_n40_7,s1_below_4282,s6_6_up,s6_2009_up,s2_760_2075,s4_37_47,Passenger Car,s4_48_64,Not Deployed,s2_97_208,s1_below_1,Female,s3_80_96,s3_141_159,s2_164_318,s4_160_220,s2_2_4
18835,s2_885_1695,s2_n103_99,s4_n40_7,s1_below_4282,s2_2_3,s5_2007_2009,s2_760_2075,s5_47_57,Passenger Car,s2_11_28,Not Deployed,s2_97_208,s1_below_1,Male,s2_37_80,s3_141_159,s2_164_318,s4_160_220,s2_2_4
18836,s2_885_1695,s2_n103_99,s5_7_up,s1_below_4282,s6_6_up,s6_2009_up,s2_760_2075,s4_37_47,Passenger Car,s4_48_64,Deployed,s2_97_208,s1_below_1,Female,s2_37_80,s3_141_159,s2_164_318,s6_260_up,s2_2_4
18837,s2_885_1695,s2_n103_99,s4_n40_7,s1_below_4282,s3_3_4,s6_2009_up,s2_760_2075,s4_37_47,Passenger Car,s3_28_48,Not Deployed,s2_97_208,s1_below_1,Female,s2_37_80,s3_141_159,s2_164_318,s3_80_160,s2_2_4
18838,s2_885_1695,s2_n103_99,s4_n40_7,s1_below_4282,s2_2_3,s5_2007_2009,s2_760_2075,s4_37_47,Passenger Car,s3_28_48,Deployed,s2_97_208,s1_below_1,Male,s3_80_96,s3_141_159,s2_164_318,s3_80_160,s2_2_4
18839,s3_1695_2555,s2_n103_99,s4_n40_7,s1_below_4282,s1_below_2,s5_2007_2009,s2_760_2075,s4_37_47,Truck (<=6000 lbs.),s3_28_48,Not Deployed,s2_97_208,s1_below_1,Female,s2_37_80,s3_141_159,s2_164_318,s3_80_160,s2_2_4
18840,s2_885_1695,s2_n103_99,s4_n40_7,s1_below_4282,s2_2_3,s6_2009_up,s3_2075_3730,s3_17_37,Passenger Car,s3_28_48,Not Deployed,s2_97_208,s2_1_2,Male,s3_80_96,s3_141_159,s2_164_318,s2_40_80,s2_2_4
18841,s2_885_1695,s2_n103_99,s4_n40_7,s1_below_4282,s2_2_3,s5_2007_2009,s2_760_2075,s4_37_47,Truck (<=6000 lbs.),s4_48_64,Not Deployed,s2_97_208,s1_below_1,Male,s3_80_96,s3_141_159,s2_164_318,s3_80_160,s2_2_4
18842,s2_885_1695,s2_n103_99,s5_7_up,s1_below_4282,s3_3_4,s6_2009_up,s2_760_2075,s6_57_up,Passenger Car,s3_28_48,Not Deployed,s2_97_208,s1_below_1,Female,s4_96_114,s3_141_159,s2_164_318,s4_160_220,s2_2_4
18843,s3_1695_2555,s2_n103_99,s4_n40_7,s1_below_4282,s5_5_6,s5_2007_2009,s2_760_2075,s3_17_37,Truck (<=6000 lbs.),s3_28_48,Not Deployed,s2_97_208,s1_below_1,Female,s3_80_96,s3_141_159,s2_164_318,s2_40_80,s2_2_4
18844,s3_1695_2555,s2_n103_99,s4_n40_7,s1_below_4282,s3_3_4,s6_2009_up,s2_760_2075,s4_37_47,Truck (<=6000 lbs.),s3_28_48,Not Deployed,s2_97_208,s1_below_1,Female,s2_37_80,s4_159_169,s2_164_318,s3_80_160,s2_2_4
18845,s4_2555_3715,s2_n103_99,s4_n40_7,s1_below_4282,s2_2_3,s6_2009_up,s2_760_2075,s5_47_57,Truck (<=10000 lbs.),s2_11_28,Deployed,s2_97_208,s1_below_1,Male,s2_37_80,s5_169_179,s3_318_464,s3_80_160,s4_5_6
18846,s3_1695_2555,s2_n103_99,s4_n40_7,s1_below_4282,s1_below_2,s6_2009_up,s3_2075_3730,s4_37_47,Passenger Car,s3_28_48,Not Deployed,s2_97_208,s1_below_1,Female,s3_80_96,s3_141_159,s2_164_318,s3_80_160,s2_2_4
18847,s2_885_1695,s2_n103_99,s4_n40_7,s1_below_4282,s5_5_6,s5_2007_2009,s2_760_2075,s3_17_37,Truck (<=6000 lbs.),s3_28_48,Deployed,s2_97_208,s1_below_1,Female,s5_114_130,s3_141_159,s2_164_318,s3_80_160,s2_2_4
18848,s3_1695_2555,s2_n103_99,s5_7_up,s1_below_4282,s2_2_3,s5_2007_2009,s2_760_2075,s4_37_47,Truck (<=6000 lbs.),s2_11_28,Not Deployed,s2_97_208,s1_below_1,Female,s2_37_80,s3_141_159,s2_164_318,s6_260_up,s2_2_4
18849,s2_885_1695,s2_n103_99,s4_n40_7,s1_below_4282,s2_2_3,s6_2009_up,s3_2075_3730,s4_37_47,Passenger Car,s2_11_28,Deployed,s2_97_208,s1_below_1,Female,s2_37_80,s3_141_159,s2_164_318,s4_160_220,s2_2_4
18850,s3_1695_2555,s2_n103_99,s4_n40_7,s1_below_4282,s1_below_2,s5_2007_2009,s2_760_2075,s4_37_47,Truck (<=6000 lbs.),s4_48_64,Deployed,s2_97_208,s1_below_1,Male,s2_37_80,s4_159_169,s2_164_318,s3_80_160,s2_2_4
18851,s3_1695_2555,s2_n103_99,s4_n40_7,s1_below_4282,s1_below_2,s5_2007_2009,s2_760_2075,s3_17_37,Truck (<=10000 lbs.),s3_28_48,Not Deployed,s2_97_208,s1_below_1,Female,s3_80_96,s5_169_179,s3_318_464,s3_80_160,s4_5_6
18852,s2_885_1695,s2_n103_99,s4_n40_7,s1_below_4282,s4_4_5,s5_2007_2009,s2_760_2075,s3_17_37,Passenger Car,s4_48_64,Not Deployed,s2_97_208,s1_below_1,Male,s3_80_96,s3_141_159,s2_164_318,s3_80_160,s2_2_4
18853,s2_885_1695,s2_n103_99,s4_n40_7,s1_below_4282,s2_2_3,s5_2007_2009,s3_2075_3730,s3_17_37,Passenger Car,s2_11_28,Deployed,s2_97_208,s1_below_1,Male,s2_37_80,s3_141_159,s2_164_318,s3_80_160,s2_2_4
18854,s3_1695_2555,s2_n103_99,s4_n40_7,s1_below_4282,s4_4_5,s6_2009_up,s3_2075_3730,s3_17_37,Truck (<=6000 lbs.),s5_64_76,Deployed,s2_97_208,s4_3_4,Female,s3_80_96,s4_159_169,s2_164_318,s3_80_160,s2_2_4
18855,s3_1695_2555,s2_n103_99,s4_n40_7,s1_below_4282,s4_4_5,s5_2007_2009,s2_760_2075,s3_17_37,Truck (<=10000 lbs.),s4_48_64,Deployed,s2_97_208,s1_below_1,Female,s3_80_96,s5_169_179,s3_318_464,s3_80_160,s4_5_6
18856,s3_1695_2555,s2_n103_99,s4_n40_7,s1_below_4282,s1_below_2,s6_2009_up,s3_2075_3730,s5_47_57,Passenger Car,s3_28_48,Deployed,s2_97_208,s1_below_1,Female,s2_37_80,s3_141_159,s2_164_318,s3_80_160,s2_2_4
18857,s2_885_1695,s2_n103_99,s4_n40_7,s1_below_4282,s1_below_2,s5_2007_2009,s2_760_2075,s1_below_7,Passenger Car,s2_11_28,Deployed,s2_97_208,s1_below_1,Male,s2_37_80,s3_141_159,s2_164_318,s3_80_160,s2_2_4
18858,s3_1695_2555,s2_n103_99,s4_n40_7,s1_below_4282,s4_4_5,s6_2009_up,s2_760_2075,s3_17_37,Truck (<=10000 lbs.),s3_28_48,Not Deployed,s2_97_208,s1_below_1,Male,s6_130_up,s5_169_179,s3_318_464,s3_80_160,s4_5_6
18859,s2_885_1695,s2_n103_99,s4_n40_7,s1_below_4282,s1_below_2,s5_2007_2009,s3_2075_3730,s5_47_57,Passenger Car,s3_28_48,Not Deployed,s2_97_208,s1_below_1,Male,s3_80_96,s3_141_159,s2_164_318,s3_80_160,s2_2_4
18860,s2_885_1695,s2_n103_99,s4_n40_7,s1_below_4282,s2_2_3,s5_2007_2009,s2_760_2075,s3_17_37,Passenger Car,s2_11_28,Not Deployed,s2_97_208,s1_below_1,Female,s2_37_80,s3_141_159,s2_164_318,s4_160_220,s2_2_4
18861,s2_885_1695,s2_n103_99,s4_n40_7,s1_below_4282,s1_below_2,s5_2007_2009,s2_760_2075,s3_17_37,Truck (<=6000 lbs.),s4_48_64,Not Deployed,s2_97_208,s1_below_1,Female,s2_37_80,s3_141_159,s2_164_318,s2_40_80,s2_2_4
18862,s2_885_1695,s2_n103_99,s4_n40_7,s1_below_4282,s1_below_2,s6_2009_up,s2_760_2075,s6_57_up,Passenger Car,s3_28_48,Deployed,s2_97_208,s1_below_1,Female,s2_37_80,s3_141_159,s2_164_318,s3_80_160,s2_2_4
18863,s3_1695_2555,s2_n103_99,s4_n40_7,s1_below_4282,s1_below_2,s6_2009_up,s2_760_2075,s4_37_47,Truck (<=10000 lbs.),s3_28_48,Not Deployed,s2_97_208,s1_below_1,Female,s2_37_80,s3_141_159,s2_164_318,s3_80_160,s2_2_4
18864,s3_1695_2555,s2_n103_99,s4_n40_7,s1_below_4282,s1_below_2,s6_2009_up,s2_760_2075,s6_57_up,Truck (<=10000 lbs.),s2_11_28,Not Deployed,s2_97_208,s1_below_1,Male,s3_80_96,s5_169_179,s3_318_464,s4_160_220,s4_5_6
18865,s3_1695_2555,s2_n103_99,s5_7_up,s1_below_4282,s4_4_5,s6_2009_up,s2_760_2075,s4_37_47,Truck (<=6000 lbs.),s6_76_up,Not Deployed,s2_97_208,s1_below_1,Female,s2_37_80,s4_159_169,s2_164_318,s6_260_up,s2_2_4
18866,s3_1695_2555,s2_n103_99,s4_n40_7,s1_below_4282,s4_4_5,s5_2007_2009,s2_760_2075,s5_47_57,Truck (<=10000 lbs.),s3_28_48,Deployed,s2_97_208,s1_below_1,Male,s3_80_96,s5_169_179,s3_318_464,s3_80_160,s4_5_6
18867,s2_885_1695,s2_n103_99,s4_n40_7,s1_below_4282,s1_below_2,s6_2009_up,s2_760_2075,s6_57_up,Passenger Car,s4_48_64,Not Deployed,s2_97_208,s1_below_1,Female,s2_37_80,s3_141_159,s2_164_318,s5_220_260,s2_2_4
18868,s2_885_1695,s2_n103_99,s4_n40_7,s1_below_4282,s4_4_5,s5_2007_2009,s2_760_2075,s3_17_37,Passenger Car,s3_28_48,Not Deployed,s2_97_208,s1_below_1,Male,s3_80_96,s3_141_159,s2_164_318,s3_80_160,s2_2_4
18869,s2_885_1695,s2_n103_99,s4_n40_7,s1_below_4282,s4_4_5,s5_2007_2009,s2_760_2075,s3_17_37,Passenger Car,s2_11_28,Not Deployed,s2_97_208,s1_below_1,Male,s4_96_114,s3_141_159,s2_164_318,s6_260_up,s2_2_4
18870,s2_885_1695,s2_n103_99,s3_n81_n40,s1_below_4282,s4_4_5,s5_2007_2009,s2_760_2075,s5_47_57,Passenger Car,s2_11_28,Deployed,s2_97_208,s2_1_2,Male,s5_114_130,s3_141_159,s2_164_318,s3_80_160,s2_2_4
18871,s3_1695_2555,s2_n103_99,s4_n40_7,s1_below_4282,s4_4_5,s6_2009_up,s3_2075_3730,s5_47_57,Truck (<=6000 lbs.),s3_28_48,Deployed,s2_97_208,s1_below_1,Female,s2_37_80,s4_159_169,s2_164_318,s3_80_160,s2_2_4
18872,s2_885_1695,s2_n103_99,s4_n40_7,s1_below_4282,s6_6_up,s5_2007_2009,s2_760_2075,s3_17_37,Passenger Car,s2_11_28,Deployed,s2_97_208,s1_below_1,Male,s2_37_80,s3_141_159,s2_164_318,s3_80_160,s2_2_4
18873,s2_885_1695,s2_n103_99,s4_n40_7,s1_below_4282,s3_3_4,s5_2007_2009,s2_760_2075,s3_17_37,Passenger Car,s4_48_64,Not Deployed,s2_97_208,s1_below_1,Male,s3_80_96,s3_141_159,s2_164_318,s3_80_160,s2_2_4
18874,s2_885_1695,s2_n103_99,s4_n40_7,s1_below_4282,s4_4_5,s5_2007_2009,s2_760_2075,s3_17_37,Passenger Car,s3_28_48,Deployed,s2_97_208,s1_below_1,Male,s2_37_80,s3_141_159,s2_164_318,s3_80_160,s2_2_4
18875,s2_885_1695,s2_n103_99,s3_n81_n40,s1_below_4282,s6_6_up,s6_2009_up,s2_760_2075,s4_37_47,Passenger Car,s2_11_28,Deployed,s2_97_208,s1_below_1,Male,s2_37_80,s3_141_159,s2_164_318,s3_80_160,s2_2_4
18876,s3_1695_2555,s2_n103_99,s5_7_up,s1_below_4282,s1_below_2,s5_2007_2009,s2_760_2075,s4_37_47,Passenger Car,s5_64_76,Not Deployed,s2_97_208,s1_below_1,Female,s2_37_80,s3_141_159,s2_164_318,s6_260_up,s2_2_4
18877,s3_1695_2555,s2_n103_99,s4_n40_7,s1_below_4282,s2_2_3,s6_2009_up,s2_760_2075,s6_57_up,Truck (<=10000 lbs.),s3_28_48,Not Deployed,s2_97_208,s1_below_1,Male,s2_37_80,s5_169_179,s3_318_464,s3_80_160,s4_5_6
18878,s2_885_1695,s2_n103_99,s4_n40_7,s1_below_4282,s2_2_3,s6_2009_up,s2_760_2075,s3_17_37,Truck (<=6000 lbs.),s4_48_64,Not Deployed,s2_97_208,s1_below_1,Male,s2_37_80,s3_141_159,s2_164_318,s4_160_220,s2_2_4
18879,s2_885_1695,s2_n103_99,s4_n40_7,s1_below_4282,s1_below_2,s6_2009_up,s2_760_2075,s3_17_37,Passenger Car,s4_48_64,Not Deployed,s2_97_208,s1_below_1,Male,s3_80_96,s3_141_159,s2_164_318,s3_80_160,s2_2_4
18880,s2_885_1695,s2_n103_99,s4_n40_7,s1_below_4282,s6_6_up,s5_2007_2009,s2_760_2075,s4_37_47,Passenger Car,s2_11_28,Deployed,s2_97_208,s6_5_up,Female,s4_96_114,s3_141_159,s2_164_318,s4_160_220,s2_2_4
18881,s2_885_1695,s2_n103_99,s4_n40_7,s1_below_4282,s4_4_5,s6_2009_up,s2_760_2075,s3_17_37,Truck (<=6000 lbs.),s5_64_76,Deployed,s2_97_208,s1_below_1,Female,s2_37_80,s3_141_159,s2_164_318,s3_80_160,s2_2_4
18882,s2_885_1695,s2_n103_99,s5_7_up,s1_below_4282,s3_3_4,s6_2009_up,s2_760_2075,s6_57_up,Passenger Car,s3_28_48,Not Deployed,s2_97_208,s1_below_1,Female,s2_37_80,s3_141_159,s2_164_318,s6_260_up,s2_2_4
18883,s2_885_1695,s2_n103_99,s4_n40_7,s1_below_4282,s2_2_3,s6_2009_up,s2_760_2075,s3_17_37,Passenger Car,s2_11_28,Not Deployed,s2_97_208,s1_below_1,Male,s2_37_80,s3_141_159,s2_164_318,s4_160_220,s2_2_4
18884,s2_885_1695,s2_n103_99,s4_n40_7,s1_below_4282,s3_3_4,s6_2009_up,s2_760_2075,s3_17_37,Passenger Car,s4_48_64,Not Deployed,s2_97_208,s1_below_1,Male,s3_80_96,s3_141_159,s2_164_318,s3_80_160,s2_2_4
18885,s2_885_1695,s2_n103_99,s4_n40_7,s1_below_4282,s3_3_4,s5_2007_2009,s2_760_2075,s3_17_37,Passenger Car,s2_11_28,Deployed,s2_97_208,s1_below_1,Female,s2_37_80,s3_141_159,s2_164_318,s3_80_160,s2_2_4
18886,s2_885_1695,s2_n103_99,s4_n40_7,s1_below_4282,s1_below_2,s6_2009_up,s2_760_2075,s3_17_37,Truck (<=6000 lbs.),s3_28_48,Deployed,s2_97_208,s1_below_1,Female,s3_80_96,s3_141_159,s2_164_318,s3_80_160,s2_2_4
18887,s2_885_1695,s2_n103_99,s4_n40_7,s1_below_4282,s3_3_4,s6_2009_up,s2_760_2075,s3_17_37,Passenger Car,s3_28_48,Not Deployed,s2_97_208,s1_below_1,Female,s2_37_80,s3_141_159,s2_164_318,s2_40_80,s2_2_4
18888,s2_885_1695,s2_n103_99,s4_n40_7,s1_below_4282,s4_4_5,s5_2007_2009,s2_760_2075,s3_17_37,Passenger Car,s3_28_48,Deployed,s2_97_208,s1_below_1,Female,s2_37_80,s3_141_159,s2_164_318,s4_160_220,s2_2_4
18889,s2_885_1695,s2_n103_99,s5_7_up,s1_below_4282,s3_3_4,s6_2009_up,s2_760_2075,s6_57_up,Passenger Car,s2_11_28,Not Deployed,s2_97_208,s1_below_1,Female,s2_37_80,s3_141_159,s2_164_318,s6_260_up,s2_2_4
18890,s3_1695_2555,s2_n103_99,s4_n40_7,s1_below_4282,s2_2_3,s4_2005_2007,s2_760_2075,s3_17_37,Passenger Car,s3_28_48,Not Deployed,s2_97_208,s1_below_1,Male,s3_80_96,s4_159_169,s3_318_464,s3_80_160,s5_6_7
18891,s2_885_1695,s2_n103_99,s4_n40_7,s1_below_4282,s1_below_2,s6_2009_up,s2_760_2075,s3_17_37,Passenger Car,s2_11_28,Not Deployed,s2_97_208,s1_below_1,Female,s2_37_80,s3_141_159,s2_164_318,s3_80_160,s2_2_4
18892,s3_1695_2555,s2_n103_99,s3_n81_n40,s1_below_4282,s6_6_up,s6_2009_up,s2_760_2075,s3_17_37,Passenger Car,s4_48_64,Deployed,s2_97_208,s3_2_3,Male,s2_37_80,s3_141_159,s2_164_318,s3_80_160,s2_2_4
18893,s3_1695_2555,s2_n103_99,s5_7_up,s1_below_4282,s2_2_3,s5_2007_2009,s2_760_2075,s4_37_47,Passenger Car,s3_28_48,Deployed,s2_97_208,s1_below_1,Male,s4_96_114,s4_159_169,s2_164_318,s6_260_up,s3_4_5
18894,s2_885_1695,s2_n103_99,s4_n40_7,s1_below_4282,s3_3_4,s5_2007_2009,s3_2075_3730,s3_17_37,Truck (<=6000 lbs.),s3_28_48,Not Deployed,s2_97_208,s1_below_1,Male,s3_80_96,s3_141_159,s2_164_318,s3_80_160,s2_2_4
18895,s2_885_1695,s2_n103_99,s4_n40_7,s1_below_4282,s4_4_5,s5_2007_2009,s2_760_2075,s4_37_47,Passenger Car,s3_28_48,Not Deployed,s2_97_208,s1_below_1,Female,s2_37_80,s3_141_159,s2_164_318,s3_80_160,s2_2_4
18896,s3_1695_2555,s2_n103_99,s4_n40_7,s1_below_4282,s3_3_4,s5_2007_2009,s3_2075_3730,s3_17_37,Truck (<=10000 lbs.),s5_64_76,Not Deployed,s2_97_208,s1_below_1,Female,s2_37_80,s4_159_169,s2_164_318,s4_160_220,s3_4_5
18897,s2_885_1695,s2_n103_99,s5_7_up,s1_below_4282,s1_below_2,s6_2009_up,s3_2075_3730,s4_37_47,Passenger Car,s2_11_28,Not Deployed,s2_97_208,s1_below_1,Male,s3_80_96,s3_141_159,s2_164_318,s6_260_up,s2_2_4
18898,s2_885_1695,s2_n103_99,s4_n40_7,s1_below_4282,s2_2_3,s5_2007_2009,s2_760_2075,s3_17_37,Truck (<=6000 lbs.),s4_48_64,Not Deployed,s2_97_208,s1_below_1,Female,s3_80_96,s3_141_159,s2_164_318,s4_160_220,s2_2_4
18899,s2_885_1695,s2_n103_99,s4_n40_7,s1_below_4282,s2_2_3,s5_2007_2009,s3_2075_3730,s5_47_57,Passenger Car,s2_11_28,Not Deployed,s2_97_208,s1_below_1,Female,s2_37_80,s3_141_159,s2_164_318,s3_80_160,s2_2_4
18900,s2_885_1695,s2_n103_99,s4_n40_7,s1_below_4282,s1_below_2,s5_2007_2009,s2_760_2075,s3_17_37,Passenger Car,s2_11_28,Not Deployed,s2_97_208,s1_below_1,Female,s2_37_80,s3_141_159,s2_164_318,s4_160_220,s2_2_4
18901,s2_885_1695,s2_n103_99,s4_n40_7,s1_below_4282,s2_2_3,s5_2007_2009,s2_760_2075,s3_17_37,Passenger Car,s4_48_64,Not Deployed,s2_97_208,s1_below_1,Female,s3_80_96,s3_141_159,s2_164_318,s6_260_up,s2_2_4
18902,s3_1695_2555,s2_n103_99,s4_n40_7,s1_below_4282,s1_below_2,s5_2007_2009,s2_760_2075,s3_17_37,Passenger Car,s3_28_48,Deployed,s2_97_208,s1_below_1,Male,s3_80_96,s4_159_169,s2_164_318,s4_160_220,s2_2_4
18903,s3_1695_2555,s2_n103_99,s4_n40_7,s1_below_4282,s5_5_6,s5_2007_2009,s3_2075_3730,s3_17_37,Truck (<=10000 lbs.),s4_48_64,Not Deployed,s2_97_208,s1_below_1,Male,s3_80_96,s4_159_169,s2_164_318,s4_160_220,s3_4_5
18904,s2_885_1695,s2_n103_99,s4_n40_7,s1_below_4282,s2_2_3,s5_2007_2009,s2_760_2075,s3_17_37,Passenger Car,s4_48_64,Not Deployed,s2_97_208,s1_below_1,Female,s3_80_96,s3_141_159,s2_164_318,s3_80_160,s2_2_4
18905,s2_885_1695,s2_n103_99,s4_n40_7,s1_below_4282,s1_below_2,s5_2007_2009,s2_760_2075,s3_17_37,Passenger Car,s2_11_28,Deployed,s2_97_208,s3_2_3,Female,s2_37_80,s3_141_159,s2_164_318,s3_80_160,s2_2_4
18906,s3_1695_2555,s2_n103_99,s4_n40_7,s1_below_4282,s2_2_3,s5_2007_2009,s2_760_2075,s3_17_37,Truck (<=10000 lbs.),s3_28_48,Not Deployed,s2_97_208,s1_below_1,Female,s4_96_114,s5_169_179,s2_164_318,s4_160_220,s3_4_5
18907,s2_885_1695,s2_n103_99,s4_n40_7,s1_below_4282,s1_below_2,s5_2007_2009,s2_760_2075,s3_17_37,Passenger Car,s2_11_28,Not Deployed,s2_97_208,s1_below_1,Female,s2_37_80,s3_141_159,s2_164_318,s4_160_220,s2_2_4
18908,s3_1695_2555,s2_n103_99,s4_n40_7,s1_below_4282,s1_below_2,s5_2007_2009,s2_760_2075,s3_17_37,Truck (<=6000 lbs.),s2_11_28,Not Deployed,s2_97_208,s1_below_1,Female,s2_37_80,s5_169_179,s2_164_318,s4_160_220,s2_2_4
18909,s2_885_1695,s2_n103_99,s4_n40_7,s1_below_4282,s2_2_3,s6_2009_up,s3_2075_3730,s5_47_57,Passenger Car,s4_48_64,Deployed,s2_97_208,s1_below_1,Female,s2_37_80,s3_141_159,s2_164_318,s3_80_160,s2_2_4
18910,s2_885_1695,s2_n103_99,s4_n40_7,s1_below_4282,s3_3_4,s5_2007_2009,s2_760_2075,s3_17_37,Passenger Car,s3_28_48,Not Deployed,s2_97_208,s1_below_1,Male,s4_96_114,s3_141_159,s2_164_318,s4_160_220,s2_2_4
18911,s2_885_1695,s2_n103_99,s4_n40_7,s1_below_4282,s1_below_2,s6_2009_up,s2_760_2075,s6_57_up,Passenger Car,s3_28_48,Deployed,s2_97_208,s1_below_1,Male,s4_96_114,s3_141_159,s2_164_318,s3_80_160,s2_2_4
18912,s2_885_1695,s2_n103_99,s5_7_up,s1_below_4282,s2_2_3,s6_2009_up,s2_760_2075,s4_37_47,Passenger Car,s2_11_28,Not Deployed,s2_97_208,s1_below_1,Male,s2_37_80,s3_141_159,s2_164_318,s6_260_up,s2_2_4
18913,s2_885_1695,s2_n103_99,s4_n40_7,s1_below_4282,s1_below_2,s5_2007_2009,s2_760_2075,s4_37_47,Passenger Car,s3_28_48,Deployed,s2_97_208,s1_below_1,Female,s2_37_80,s3_141_159,s2_164_318,s3_80_160,s2_2_4
18914,s2_885_1695,s2_n103_99,s4_n40_7,s1_below_4282,s1_below_2,s5_2007_2009,s2_760_2075,s4_37_47,Passenger Car,s5_64_76,Deployed,s2_97_208,s1_below_1,Female,s2_37_80,s3_141_159,s2_164_318,s3_80_160,s2_2_4
18915,s2_885_1695,s2_n103_99,s4_n40_7,s1_below_4282,s4_4_5,s5_2007_2009,s2_760_2075,s4_37_47,Passenger Car,s2_11_28,Deployed,s2_97_208,s1_below_1,Male,s2_37_80,s3_141_159,s2_164_318,s4_160_220,s2_2_4
18916,s3_1695_2555,s2_n103_99,s4_n40_7,s1_below_4282,s3_3_4,s5_2007_2009,s2_760_2075,s3_17_37,Passenger Car,s5_64_76,Not Deployed,s2_97_208,s1_below_1,Male,s5_114_130,s3_141_159,s2_164_318,s3_80_160,s3_4_5
18917,s2_885_1695,s2_n103_99,s4_n40_7,s1_below_4282,s4_4_5,s5_2007_2009,s2_760_2075,s3_17_37,Truck (<=6000 lbs.),s5_64_76,Not Deployed,s2_97_208,s1_below_1,Male,s5_114_130,s3_141_159,s2_164_318,s3_80_160,s2_2_4
18918,s3_1695_2555,s2_n103_99,s4_n40_7,s1_below_4282,s4_4_5,s5_2007_2009,s2_760_2075,s3_17_37,Passenger Car,s3_28_48,Not Deployed,s2_97_208,s1_below_1,Male,s2_37_80,s3_141_159,s2_164_318,s4_160_220,s2_2_4
18919,s3_1695_2555,s2_n103_99,s4_n40_7,s1_below_4282,s1_below_2,s5_2007_2009,s2_760_2075,s3_17_37,Truck (<=6000 lbs.),s2_11_28,Deployed,s2_97_208,s1_below_1,Female,s2_37_80,s4_159_169,s2_164_318,s3_80_160,s2_2_4
18920,s3_1695_2555,s2_n103_99,s4_n40_7,s1_below_4282,s1_below_2,s5_2007_2009,s2_760_2075,s3_17_37,Truck (<=6000 lbs.),s4_48_64,Deployed,s2_97_208,s2_1_2,Female,s3_80_96,s3_141_159,s2_164_318,s3_80_160,s2_2_4
18921,s2_885_1695,s2_n103_99,s4_n40_7,s1_below_4282,s1_below_2,s5_2007_2009,s2_760_2075,s3_17_37,Passenger Car,s4_48_64,Not Deployed,s2_97_208,s1_below_1,Female,s2_37_80,s3_141_159,s2_164_318,s3_80_160,s2_2_4
18922,s3_1695_2555,s2_n103_99,s4_n40_7,s1_below_4282,s4_4_5,s5_2007_2009,s2_760_2075,s3_17_37,Truck (<=6000 lbs.),s4_48_64,Not Deployed,s2_97_208,s1_below_1,Female,s2_37_80,s3_141_159,s2_164_318,s3_80_160,s2_2_4
18923,s3_1695_2555,s2_n103_99,s3_n81_n40,s1_below_4282,s3_3_4,s5_2007_2009,s2_760_2075,s3_17_37,Passenger Car,s3_28_48,Deployed,s2_97_208,s2_1_2,Male,s3_80_96,s3_141_159,s2_164_318,s3_80_160,s2_2_4
18924,s2_885_1695,s2_n103_99,s4_n40_7,s1_below_4282,s1_below_2,s5_2007_2009,s2_760_2075,s3_17_37,Passenger Car,s3_28_48,Not Deployed,s2_97_208,s1_below_1,Female,s2_37_80,s3_141_159,s2_164_318,s4_160_220,s2_2_4
18925,s2_885_1695,s2_n103_99,s4_n40_7,s1_below_4282,s3_3_4,s5_2007_2009,s2_760_2075,s3_17_37,Passenger Car,s2_11_28,Not Deployed,s2_97_208,s1_below_1,Female,s3_80_96,s3_141_159,s2_164_318,s2_40_80,s2_2_4
18926,s2_885_1695,s2_n103_99,s5_7_up,s1_below_4282,s4_4_5,s5_2007_2009,s3_2075_3730,s3_17_37,Passenger Car,s3_28_48,Not Deployed,s2_97_208,s1_below_1,Male,s3_80_96,s3_141_159,s2_164_318,s6_260_up,s2_2_4
18927,s3_1695_2555,s2_n103_99,s4_n40_7,s1_below_4282,s1_below_2,s5_2007_2009,s2_760_2075,s3_17_37,Truck (<=10000 lbs.),s2_11_28,Deployed,s2_97_208,s1_below_1,Male,s2_37_80,s5_169_179,s3_318_464,s3_80_160,s5_6_7
18928,s2_885_1695,s2_n103_99,s4_n40_7,s1_below_4282,s1_below_2,s5_2007_2009,s2_760_2075,s3_17_37,Truck (<=6000 lbs.),s4_48_64,Deployed,s2_97_208,s1_below_1,Male,s2_37_80,s3_141_159,s2_164_318,s3_80_160,s2_2_4
18929,s2_885_1695,s2_n103_99,s4_n40_7,s1_below_4282,s1_below_2,s5_2007_2009,s2_760_2075,s3_17_37,Passenger Car,s2_11_28,Not Deployed,s2_97_208,s1_below_1,Male,s3_80_96,s3_141_159,s2_164_318,s3_80_160,s2_2_4
18930,s2_885_1695,s2_n103_99,s4_n40_7,s1_below_4282,s1_below_2,s5_2007_2009,s2_760_2075,s4_37_47,Passenger Car,s4_48_64,Deployed,s2_97_208,s1_below_1,Male,s4_96_114,s3_141_159,s2_164_318,s3_80_160,s2_2_4
18931,s2_885_1695,s2_n103_99,s4_n40_7,s1_below_4282,s3_3_4,s5_2007_2009,s2_760_2075,s4_37_47,Passenger Car,s2_11_28,Not Deployed,s2_97_208,s2_1_2,Female,s2_37_80,s3_141_159,s2_164_318,s3_80_160,s2_2_4
18932,s2_885_1695,s2_n103_99,s4_n40_7,s1_below_4282,s1_below_2,s5_2007_2009,s3_2075_3730,s2_7_17,Passenger Car,s2_11_28,Not Deployed,s2_97_208,s1_below_1,Female,s2_37_80,s3_141_159,s2_164_318,s3_80_160,s2_2_4
18933,s3_1695_2555,s2_n103_99,s4_n40_7,s1_below_4282,s3_3_4,s3_2003_2005,s2_760_2075,s3_17_37,Passenger Car,s3_28_48,Not Deployed,s2_97_208,s1_below_1,Male,s3_80_96,s4_159_169,s2_164_318,s1_below_40,s2_2_4
18934,s3_1695_2555,s2_n103_99,s4_n40_7,s1_below_4282,s1_below_2,s6_2009_up,s2_760_2075,s3_17_37,Passenger Car,s3_28_48,Not Deployed,s2_97_208,s1_below_1,Female,s2_37_80,s4_159_169,s2_164_318,s3_80_160,s2_2_4
18935,s2_885_1695,s2_n103_99,s4_n40_7,s1_below_4282,s1_below_2,s5_2007_2009,s2_760_2075,s3_17_37,Passenger Car,s6_76_up,Not Deployed,s2_97_208,s1_below_1,Male,s2_37_80,s3_141_159,s2_164_318,s3_80_160,s2_2_4
18936,s3_1695_2555,s2_n103_99,s3_n81_n40,s1_below_4282,s1_below_2,s6_2009_up,s2_760_2075,s3_17_37,Truck (<=10000 lbs.),s2_11_28,Not Deployed,s2_97_208,s1_below_1,Male,s2_37_80,s5_169_179,s2_164_318,s3_80_160,s2_2_4
18937,s2_885_1695,s2_n103_99,s4_n40_7,s1_below_4282,s3_3_4,s5_2007_2009,s2_760_2075,s4_37_47,Passenger Car,s2_11_28,Not Deployed,s2_97_208,s1_below_1,Male,s2_37_80,s3_141_159,s2_164_318,s4_160_220,s2_2_4
18938,s3_1695_2555,s2_n103_99,s4_n40_7,s1_below_4282,s1_below_2,s5_2007_2009,s2_760_2075,s3_17_37,Truck (<=6000 lbs.),s3_28_48,Not Deployed,s2_97_208,s1_below_1,Female,s2_37_80,s5_169_179,s2_164_318,s2_40_80,s2_2_4
18939,s2_885_1695,s2_n103_99,s5_7_up,s1_below_4282,s2_2_3,s5_2007_2009,s2_760_2075,s5_47_57,Passenger Car,s3_28_48,Not Deployed,s2_97_208,s1_below_1,Female,s3_80_96,s3_141_159,s2_164_318,s6_260_up,s2_2_4
18940,s2_885_1695,s2_n103_99,s4_n40_7,s1_below_4282,s1_below_2,s5_2007_2009,s2_760_2075,s6_57_up,Passenger Car,s2_11_28,Deployed,s2_97_208,s1_below_1,Male,s3_80_96,s3_141_159,s2_164_318,s3_80_160,s2_2_4
18941,s3_1695_2555,s2_n103_99,s4_n40_7,s1_below_4282,s1_below_2,s5_2007_2009,s2_760_2075,s3_17_37,Truck (<=6000 lbs.),s3_28_48,Not Deployed,s2_97_208,s1_below_1,Female,s2_37_80,s3_141_159,s2_164_318,s3_80_160,s2_2_4
18942,s2_885_1695,s2_n103_99,s4_n40_7,s1_below_4282,s1_below_2,s5_2007_2009,s2_760_2075,s4_37_47,Truck (<=6000 lbs.),s2_11_28,Deployed,s2_97_208,s1_below_1,Male,s3_80_96,s3_141_159,s2_164_318,s4_160_220,s2_2_4
18943,s3_1695_2555,s2_n103_99,s4_n40_7,s1_below_4282,s3_3_4,s5_2007_2009,s2_760_2075,s4_37_47,Truck (<=6000 lbs.),s5_64_76,Not Deployed,s2_97_208,s1_below_1,Female,s2_37_80,s3_141_159,s2_164_318,s3_80_160,s2_2_4
18944,s2_885_1695,s2_n103_99,s5_7_up,s1_below_4282,s1_below_2,s5_2007_2009,s2_760_2075,s5_47_57,Passenger Car,s2_11_28,Deployed,s2_97_208,s1_below_1,Female,s2_37_80,s3_141_159,s2_164_318,s6_260_up,s2_2_4
18945,s2_885_1695,s2_n103_99,s4_n40_7,s1_below_4282,s5_5_6,s5_2007_2009,s2_760_2075,s4_37_47,Truck (<=6000 lbs.),s3_28_48,Not Deployed,s2_97_208,s1_below_1,Male,s3_80_96,s3_141_159,s2_164_318,s3_80_160,s2_2_4
18946,s3_1695_2555,s2_n103_99,s4_n40_7,s1_below_4282,s2_2_3,s5_2007_2009,s2_760_2075,s5_47_57,Truck (<=6000 lbs.),s3_28_48,Deployed,s2_97_208,s1_below_1,Female,s2_37_80,s3_141_159,s2_164_318,s3_80_160,s2_2_4
18947,s2_885_1695,s2_n103_99,s4_n40_7,s1_below_4282,s2_2_3,s5_2007_2009,s2_760_2075,s6_57_up,Truck (<=6000 lbs.),s2_11_28,Not Deployed,s2_97_208,s1_below_1,Male,s3_80_96,s3_141_159,s2_164_318,s3_80_160,s2_2_4
18948,s2_885_1695,s2_n103_99,s4_n40_7,s1_below_4282,s1_below_2,s5_2007_2009,s2_760_2075,s6_57_up,Passenger Car,s2_11_28,Deployed,s2_97_208,s2_1_2,Male,s2_37_80,s3_141_159,s2_164_318,s3_80_160,s2_2_4
18949,s3_1695_2555,s2_n103_99,s4_n40_7,s1_below_4282,s1_below_2,s5_2007_2009,s2_760_2075,s4_37_47,Truck (<=6000 lbs.),s4_48_64,Deployed,s2_97_208,s1_below_1,Female,s2_37_80,s3_141_159,s2_164_318,s3_80_160,s2_2_4
18950,s3_1695_2555,s2_n103_99,s4_n40_7,s1_below_4282,s2_2_3,s5_2007_2009,s2_760_2075,s4_37_47,Truck (<=6000 lbs.),s3_28_48,Deployed,s2_97_208,s1_below_1,Female,s2_37_80,s4_159_169,s2_164_318,s4_160_220,s3_4_5
18951,s1_below_885,s2_n103_99,s5_7_up,s1_below_4282,s1_below_2,s5_2007_2009,s3_2075_3730,s6_57_up,Passenger Car,s2_11_28,Not Deployed,s2_97_208,s1_below_1,Male,s2_37_80,s2_116_141,s2_164_318,s6_260_up,s1_below_2
18952,s3_1695_2555,s2_n103_99,s5_7_up,s1_below_4282,s5_5_6,s5_2007_2009,s3_2075_3730,s4_37_47,Truck (<=6000 lbs.),s4_48_64,Not Deployed,s2_97_208,s1_below_1,Female,s2_37_80,s4_159_169,s2_164_318,s6_260_up,s2_2_4
18953,s2_885_1695,s2_n103_99,s4_n40_7,s1_below_4282,s2_2_3,s5_2007_2009,s2_760_2075,s3_17_37,Passenger Car,s2_11_28,Not Deployed,s2_97_208,s1_below_1,Female,s2_37_80,s3_141_159,s2_164_318,s3_80_160,s2_2_4
18954,s3_1695_2555,s2_n103_99,s5_7_up,s1_below_4282,s1_below_2,s5_2007_2009,s2_760_2075,s5_47_57,Truck (<=10000 lbs.),s3_28_48,Not Deployed,s2_97_208,s1_below_1,Female,s3_80_96,s4_159_169,s2_164_318,s6_260_up,s3_4_5
18955,s2_885_1695,s2_n103_99,s4_n40_7,s1_below_4282,s2_2_3,s5_2007_2009,s3_2075_3730,s3_17_37,Truck (<=6000 lbs.),s4_48_64,Deployed,s2_97_208,s1_below_1,Male,s5_114_130,s3_141_159,s2_164_318,s4_160_220,s2_2_4
18956,s4_2555_3715,s2_n103_99,s4_n40_7,s1_below_4282,s3_3_4,s5_2007_2009,s2_760_2075,s5_47_57,Truck (<=10000 lbs.),s3_28_48,Deployed,s2_97_208,s1_below_1,Male,s5_114_130,s5_169_179,s3_318_464,s3_80_160,s5_6_7
18957,s2_885_1695,s2_n103_99,s3_n81_n40,s1_below_4282,s1_below_2,s5_2007_2009,s3_2075_3730,s5_47_57,Truck (<=6000 lbs.),s3_28_48,Deployed,s2_97_208,s3_2_3,Female,s2_37_80,s3_141_159,s2_164_318,s3_80_160,s2_2_4
18958,s3_1695_2555,s2_n103_99,s4_n40_7,s2_4282_6970,s1_below_2,s6_2009_up,s2_760_2075,s4_37_47,Passenger Car,s2_11_28,Deployed,s2_97_208,s2_1_2,Male,s2_37_80,s4_159_169,s2_164_318,s3_80_160,s2_2_4
18959,s2_885_1695,s2_n103_99,s4_n40_7,s1_below_4282,s4_4_5,s5_2007_2009,s2_760_2075,s5_47_57,Passenger Car,s2_11_28,Not Deployed,s2_97_208,s1_below_1,Female,s2_37_80,s3_141_159,s2_164_318,s3_80_160,s2_2_4
18960,s2_885_1695,s2_n103_99,s4_n40_7,s1_below_4282,s5_5_6,s5_2007_2009,s2_760_2075,s4_37_47,Passenger Car,s4_48_64,Not Deployed,s2_97_208,s1_below_1,Male,s5_114_130,s3_141_159,s2_164_318,s4_160_220,s2_2_4
18961,s3_1695_2555,s2_n103_99,s4_n40_7,s1_below_4282,s3_3_4,s5_2007_2009,s3_2075_3730,s3_17_37,Passenger Car,s5_64_76,Deployed,s2_97_208,s1_below_1,Female,s2_37_80,s3_141_159,s2_164_318,s3_80_160,s2_2_4
18962,s2_885_1695,s2_n103_99,s4_n40_7,s1_below_4282,s4_4_5,s5_2007_2009,s3_2075_3730,s3_17_37,Passenger Car,s3_28_48,Deployed,s2_97_208,s1_below_1,Female,s2_37_80,s3_141_159,s2_164_318,s3_80_160,s2_2_4
18963,s2_885_1695,s2_n103_99,s5_7_up,s1_below_4282,s2_2_3,s5_2007_2009,s2_760_2075,s3_17_37,Passenger Car,s4_48_64,Not Deployed,s2_97_208,s1_below_1,Male,s3_80_96,s3_141_159,s2_164_318,s6_260_up,s2_2_4
18964,s2_885_1695,s2_n103_99,s5_7_up,s1_below_4282,s2_2_3,s5_2007_2009,s2_760_2075,s6_57_up,Truck (<=6000 lbs.),s3_28_48,Not Deployed,s2_97_208,s1_below_1,Female,s2_37_80,s3_141_159,s2_164_318,s6_260_up,s2_2_4
18965,s2_885_1695,s2_n103_99,s4_n40_7,s1_below_4282,s1_below_2,s5_2007_2009,s2_760_2075,s3_17_37,Passenger Car,s2_11_28,Deployed,s2_97_208,s1_below_1,Female,s2_37_80,s3_141_159,s2_164_318,s4_160_220,s2_2_4
18966,s3_1695_2555,s2_n103_99,s5_7_up,s1_below_4282,s4_4_5,s5_2007_2009,s2_760_2075,s4_37_47,Truck (<=10000 lbs.),s3_28_48,Not Deployed,s2_97_208,s1_below_1,Female,s2_37_80,s4_159_169,s2_164_318,s6_260_up,s2_2_4
18967,s3_1695_2555,s2_n103_99,s4_n40_7,s1_below_4282,s1_below_2,s5_2007_2009,s2_760_2075,s4_37_47,Truck (<=10000 lbs.),s6_76_up,Deployed,s2_97_208,s1_below_1,Male,s2_37_80,s4_159_169,s2_164_318,s3_80_160,s3_4_5
18968,s2_885_1695,s2_n103_99,s4_n40_7,s1_below_4282,s1_below_2,s6_2009_up,s2_760_2075,s1_below_7,Passenger Car,s2_11_28,Not Deployed,s2_97_208,s2_1_2,Male,s3_80_96,s3_141_159,s2_164_318,s2_40_80,s2_2_4
18969,s2_885_1695,s2_n103_99,s4_n40_7,s1_below_4282,s4_4_5,s5_2007_2009,s3_2075_3730,s3_17_37,Passenger Car,s5_64_76,Deployed,s2_97_208,s2_1_2,Female,s4_96_114,s3_141_159,s2_164_318,s3_80_160,s2_2_4
18970,s3_1695_2555,s2_n103_99,s4_n40_7,s1_below_4282,s1_below_2,s5_2007_2009,s2_760_2075,s4_37_47,Passenger Car,s5_64_76,Not Deployed,s2_97_208,s1_below_1,Male,s2_37_80,s3_141_159,s2_164_318,s3_80_160,s2_2_4
18971,s2_885_1695,s2_n103_99,s4_n40_7,s1_below_4282,s1_below_2,s5_2007_2009,s3_2075_3730,s5_47_57,Passenger Car,s3_28_48,Deployed,s2_97_208,s1_below_1,Male,s2_37_80,s3_141_159,s2_164_318,s4_160_220,s2_2_4
18972,s3_1695_2555,s2_n103_99,s4_n40_7,s1_below_4282,s4_4_5,s6_2009_up,s2_760_2075,s5_47_57,Truck (<=6000 lbs.),s3_28_48,Not Deployed,s2_97_208,s1_below_1,Female,s2_37_80,s3_141_159,s2_164_318,s4_160_220,s2_2_4
18973,s2_885_1695,s2_n103_99,s5_7_up,s1_below_4282,s1_below_2,s5_2007_2009,s2_760_2075,s4_37_47,Passenger Car,s4_48_64,Not Deployed,s2_97_208,s1_below_1,Female,s4_96_114,s3_141_159,s2_164_318,s5_220_260,s2_2_4
18974,s2_885_1695,s2_n103_99,s4_n40_7,s1_below_4282,s3_3_4,s5_2007_2009,s2_760_2075,s3_17_37,Passenger Car,s4_48_64,Not Deployed,s2_97_208,s1_below_1,Female,s3_80_96,s3_141_159,s2_164_318,s3_80_160,s2_2_4
18975,s2_885_1695,s2_n103_99,s4_n40_7,s1_below_4282,s1_below_2,s5_2007_2009,s2_760_2075,s6_57_up,Passenger Car,s4_48_64,Not Deployed,s2_97_208,s2_1_2,Male,s3_80_96,s3_141_159,s2_164_318,s2_40_80,s2_2_4
18976,s3_1695_2555,s2_n103_99,s4_n40_7,s1_below_4282,s1_below_2,s2_2001_2003,s3_2075_3730,s5_47_57,Truck (<=10000 lbs.),s4_48_64,Not Deployed,s2_97_208,s1_below_1,Male,s4_96_114,s4_159_169,s3_318_464,s4_160_220,s4_5_6
18977,s3_1695_2555,s2_n103_99,s5_7_up,s1_below_4282,s1_below_2,s5_2007_2009,s3_2075_3730,s5_47_57,Passenger Car,s5_64_76,Not Deployed,s2_97_208,s1_below_1,Male,s3_80_96,s3_141_159,s2_164_318,s6_260_up,s2_2_4
18978,s2_885_1695,s2_n103_99,s4_n40_7,s1_below_4282,s1_below_2,s5_2007_2009,s2_760_2075,s4_37_47,Passenger Car,s6_76_up,Not Deployed,s2_97_208,s1_below_1,Male,s2_37_80,s3_141_159,s2_164_318,s3_80_160,s2_2_4
18979,s3_1695_2555,s2_n103_99,s4_n40_7,s1_below_4282,s1_below_2,s6_2009_up,s2_760_2075,s3_17_37,Truck (<=6000 lbs.),s4_48_64,Deployed,s2_97_208,s1_below_1,Male,s4_96_114,s3_141_159,s2_164_318,s3_80_160,s2_2_4
18980,s3_1695_2555,s2_n103_99,s4_n40_7,s1_below_4282,s3_3_4,s5_2007_2009,s2_760_2075,s5_47_57,Truck (<=10000 lbs.),s3_28_48,Deployed,s2_97_208,s1_below_1,Female,s2_37_80,s5_169_179,s2_164_318,s3_80_160,s2_2_4
18981,s2_885_1695,s2_n103_99,s3_n81_n40,s1_below_4282,s1_below_2,s5_2007_2009,s3_2075_3730,s3_17_37,Passenger Car,s3_28_48,Deployed,s2_97_208,s1_below_1,Male,s4_96_114,s3_141_159,s2_164_318,s3_80_160,s2_2_4
18982,s2_885_1695,s2_n103_99,s4_n40_7,s1_below_4282,s3_3_4,s5_2007_2009,s2_760_2075,s4_37_47,Passenger Car,s2_11_28,Deployed,s2_97_208,s1_below_1,Male,s3_80_96,s3_141_159,s2_164_318,s3_80_160,s2_2_4
18983,s4_2555_3715,s2_n103_99,s4_n40_7,s1_below_4282,s3_3_4,s5_2007_2009,s2_760_2075,s3_17_37,Truck (<=10000 lbs.),s2_11_28,Not Deployed,s2_97_208,s1_below_1,Female,s3_80_96,s5_169_179,s3_318_464,s4_160_220,s5_6_7
18984,s2_885_1695,s2_n103_99,s4_n40_7,s1_below_4282,s3_3_4,s5_2007_2009,s2_760_2075,s4_37_47,Passenger Car,s2_11_28,Deployed,s2_97_208,s1_below_1,Male,s2_37_80,s3_141_159,s2_164_318,s3_80_160,s2_2_4
18985,s2_885_1695,s2_n103_99,s4_n40_7,s1_below_4282,s4_4_5,s5_2007_2009,s2_760_2075,s3_17_37,Passenger Car,s6_76_up,Not Deployed,s2_97_208,s1_below_1,Male,s2_37_80,s3_141_159,s2_164_318,s3_80_160,s2_2_4
18986,s2_885_1695,s2_n103_99,s5_7_up,s1_below_4282,s2_2_3,s5_2007_2009,s2_760_2075,s6_57_up,Passenger Car,s5_64_76,Not Deployed,s2_97_208,s1_below_1,Male,s3_80_96,s3_141_159,s2_164_318,s6_260_up,s2_2_4
18987,s3_1695_2555,s2_n103_99,s4_n40_7,s1_below_4282,s3_3_4,s5_2007_2009,s2_760_2075,s4_37_47,Passenger Car,s6_76_up,Deployed,s2_97_208,s1_below_1,Female,s2_37_80,s3_141_159,s2_164_318,s4_160_220,s2_2_4
18988,s2_885_1695,s2_n103_99,s5_7_up,s1_below_4282,s4_4_5,s5_2007_2009,s2_760_2075,s6_57_up,Passenger Car,s5_64_76,Not Deployed,s2_97_208,s1_below_1,Female,s2_37_80,s3_141_159,s2_164_318,s6_260_up,s2_2_4
18989,s2_885_1695,s2_n103_99,s4_n40_7,s1_below_4282,s1_below_2,s5_2007_2009,s3_2075_3730,s3_17_37,Passenger Car,s2_11_28,Deployed,s2_97_208,s1_below_1,Female,s2_37_80,s3_141_159,s2_164_318,s3_80_160,s2_2_4
18990,s2_885_1695,s2_n103_99,s4_n40_7,s1_below_4282,s4_4_5,s5_2007_2009,s2_760_2075,s3_17_37,Passenger Car,s4_48_64,Not Deployed,s2_97_208,s1_below_1,Male,s3_80_96,s3_141_159,s2_164_318,s3_80_160,s2_2_4
18991,s2_885_1695,s2_n103_99,s5_7_up,s1_below_4282,s1_below_2,s6_2009_up,s3_2075_3730,s3_17_37,Passenger Car,s5_64_76,Not Deployed,s2_97_208,s1_below_1,Female,s3_80_96,s3_141_159,s2_164_318,s6_260_up,s2_2_4
18992,s2_885_1695,s2_n103_99,s4_n40_7,s1_below_4282,s2_2_3,s5_2007_2009,s2_760_2075,s3_17_37,Passenger Car,s4_48_64,Not Deployed,s2_97_208,s1_below_1,Female,s2_37_80,s3_141_159,s2_164_318,s4_160_220,s2_2_4
18993,s2_885_1695,s2_n103_99,s4_n40_7,s1_below_4282,s4_4_5,s5_2007_2009,s2_760_2075,s3_17_37,Passenger Car,s3_28_48,Deployed,s2_97_208,s1_below_1,Female,s2_37_80,s3_141_159,s2_164_318,s3_80_160,s2_2_4
18994,s2_885_1695,s2_n103_99,s5_7_up,s1_below_4282,s2_2_3,s5_2007_2009,s2_760_2075,s3_17_37,Passenger Car,s2_11_28,Not Deployed,s2_97_208,s1_below_1,Male,s2_37_80,s3_141_159,s2_164_318,s5_220_260,s2_2_4
18995,s2_885_1695,s2_n103_99,s4_n40_7,s1_below_4282,s2_2_3,s5_2007_2009,s2_760_2075,s4_37_47,Passenger Car,s3_28_48,Deployed,s2_97_208,s1_below_1,Male,s3_80_96,s3_141_159,s2_164_318,s3_80_160,s2_2_4
18996,s2_885_1695,s2_n103_99,s4_n40_7,s1_below_4282,s3_3_4,s5_2007_2009,s2_760_2075,s4_37_47,Passenger Car,s3_28_48,Deployed,s2_97_208,s1_below_1,Female,s3_80_96,s3_141_159,s2_164_318,s3_80_160,s2_2_4
18997,s2_885_1695,s2_n103_99,s4_n40_7,s1_below_4282,s1_below_2,s5_2007_2009,s2_760_2075,s4_37_47,Passenger Car,s2_11_28,Deployed,s2_97_208,s1_below_1,Male,s3_80_96,s3_141_159,s2_164_318,s3_80_160,s2_2_4
18998,s2_885_1695,s2_n103_99,s4_n40_7,s1_below_4282,s1_below_2,s5_2007_2009,s2_760_2075,s5_47_57,Passenger Car,s4_48_64,Not Deployed,s2_97_208,s1_below_1,Male,s3_80_96,s3_141_159,s2_164_318,s3_80_160,s2_2_4
18999,s2_885_1695,s2_n103_99,s4_n40_7,s1_below_4282,s1_below_2,s5_2007_2009,s2_760_2075,s4_37_47,Passenger Car,s2_11_28,Deployed,s2_97_208,s1_below_1,Female,s3_80_96,s3_141_159,s2_164_318,s3_80_160,s2_2_4
19000,s2_885_1695,s2_n103_99,s4_n40_7,s1_below_4282,s3_3_4,s5_2007_2009,s2_760_2075,s3_17_37,Passenger Car,s2_11_28,Deployed,s2_97_208,s1_below_1,Male,s4_96_114,s3_141_159,s2_164_318,s4_160_220,s2_2_4
19001,s2_885_1695,s2_n103_99,s4_n40_7,s1_below_4282,s1_below_2,s5_2007_2009,s2_760_2075,s6_57_up,Passenger Car,s2_11_28,Not Deployed,s2_97_208,s1_below_1,Male,s2_37_80,s3_141_159,s2_164_318,s3_80_160,s2_2_4
19002,s2_885_1695,s2_n103_99,s4_n40_7,s1_below_4282,s2_2_3,s5_2007_2009,s2_760_2075,s4_37_47,Passenger Car,s3_28_48,Deployed,s2_97_208,s3_2_3,Male,s3_80_96,s3_141_159,s2_164_318,s2_40_80,s2_2_4
19003,s3_1695_2555,s2_n103_99,s4_n40_7,s1_below_4282,s1_below_2,s2_2001_2003,s2_760_2075,s3_17_37,Truck (<=10000 lbs.),s4_48_64,Not Deployed,s2_97_208,s1_below_1,Male,s3_80_96,s5_169_179,s3_318_464,s4_160_220,s4_5_6
19004,s2_885_1695,s2_n103_99,s4_n40_7,s1_below_4282,s4_4_5,s5_2007_2009,s2_760_2075,s4_37_47,Passenger Car,s3_28_48,Not Deployed,s2_97_208,s1_below_1,Female,s6_130_up,s3_141_159,s2_164_318,s4_160_220,s2_2_4
19005,s2_885_1695,s2_n103_99,s5_7_up,s1_below_4282,s4_4_5,s5_2007_2009,s2_760_2075,s6_57_up,Passenger Car,s2_11_28,Not Deployed,s2_97_208,s1_below_1,Female,s3_80_96,s3_141_159,s2_164_318,s6_260_up,s2_2_4
19006,s2_885_1695,s2_n103_99,s4_n40_7,s1_below_4282,s2_2_3,s5_2007_2009,s2_760_2075,s4_37_47,Passenger Car,s4_48_64,Deployed,s2_97_208,s1_below_1,Female,s2_37_80,s3_141_159,s2_164_318,s4_160_220,s2_2_4
19007,s2_885_1695,s2_n103_99,s4_n40_7,s1_below_4282,s4_4_5,s5_2007_2009,s2_760_2075,s4_37_47,Passenger Car,s4_48_64,Not Deployed,s2_97_208,s1_below_1,Male,s3_80_96,s3_141_159,s2_164_318,s3_80_160,s2_2_4
19008,s3_1695_2555,s2_n103_99,s4_n40_7,s1_below_4282,s1_below_2,s5_2007_2009,s2_760_2075,s4_37_47,Truck (<=6000 lbs.),s4_48_64,Deployed,s2_97_208,s2_1_2,Female,s2_37_80,s4_159_169,s2_164_318,s3_80_160,s2_2_4
19009,s3_1695_2555,s2_n103_99,s4_n40_7,s1_below_4282,s2_2_3,s5_2007_2009,s3_2075_3730,s4_37_47,Truck (<=6000 lbs.),s2_11_28,Not Deployed,s2_97_208,s1_below_1,Female,s2_37_80,s3_141_159,s2_164_318,s4_160_220,s2_2_4
19010,s2_885_1695,s2_n103_99,s4_n40_7,s1_below_4282,s1_below_2,s5_2007_2009,s2_760_2075,s3_17_37,Passenger Car,s2_11_28,Not Deployed,s2_97_208,s1_below_1,Male,s2_37_80,s3_141_159,s2_164_318,s2_40_80,s2_2_4
19011,s3_1695_2555,s2_n103_99,s5_7_up,s1_below_4282,s1_below_2,s4_2005_2007,s2_760_2075,s4_37_47,Truck (<=10000 lbs.),s2_11_28,Not Deployed,s2_97_208,s1_below_1,Male,s2_37_80,s3_141_159,s2_164_318,s6_260_up,s2_2_4
19012,s3_1695_2555,s2_n103_99,s4_n40_7,s1_below_4282,s1_below_2,s5_2007_2009,s2_760_2075,s4_37_47,Truck (<=6000 lbs.),s4_48_64,Deployed,s2_97_208,s1_below_1,Female,s3_80_96,s4_159_169,s2_164_318,s3_80_160,s2_2_4
19013,s4_2555_3715,s2_n103_99,s4_n40_7,s1_below_4282,s2_2_3,s3_2003_2005,s2_760_2075,s5_47_57,Truck (<=10000 lbs.),s4_48_64,Deployed,s2_97_208,s1_below_1,Male,s6_130_up,s5_169_179,s3_318_464,s3_80_160,s6_7_up
19014,s2_885_1695,s2_n103_99,s4_n40_7,s1_below_4282,s1_below_2,s5_2007_2009,s2_760_2075,s5_47_57,Passenger Car,s4_48_64,Not Deployed,s2_97_208,s1_below_1,Female,s2_37_80,s3_141_159,s2_164_318,s3_80_160,s2_2_4
19015,s2_885_1695,s2_n103_99,s4_n40_7,s1_below_4282,s3_3_4,s5_2007_2009,s2_760_2075,s4_37_47,Passenger Car,s4_48_64,Deployed,s2_97_208,s1_below_1,Female,s6_130_up,s3_141_159,s2_164_318,s4_160_220,s2_2_4
19016,s3_1695_2555,s2_n103_99,s4_n40_7,s1_below_4282,s3_3_4,s5_2007_2009,s2_760_2075,s4_37_47,Truck (<=10000 lbs.),s2_11_28,Not Deployed,s2_97_208,s1_below_1,Male,s3_80_96,s5_169_179,s2_164_318,s3_80_160,s3_4_5
19017,s3_1695_2555,s2_n103_99,s5_7_up,s1_below_4282,s2_2_3,s5_2007_2009,s3_2075_3730,s4_37_47,Passenger Car,s4_48_64,Not Deployed,s2_97_208,s1_below_1,Male,s3_80_96,s4_159_169,s2_164_318,s6_260_up,s2_2_4
19018,s2_885_1695,s2_n103_99,s4_n40_7,s1_below_4282,s4_4_5,s5_2007_2009,s2_760_2075,s4_37_47,Passenger Car,s3_28_48,Not Deployed,s2_97_208,s1_below_1,Female,s2_37_80,s3_141_159,s2_164_318,s3_80_160,s2_2_4
19019,s2_885_1695,s2_n103_99,s4_n40_7,s1_below_4282,s2_2_3,s6_2009_up,s3_2075_3730,s3_17_37,Passenger Car,s2_11_28,Not Deployed,s2_97_208,s1_below_1,Female,s2_37_80,s3_141_159,s2_164_318,s4_160_220,s2_2_4
19020,s2_885_1695,s2_n103_99,s4_n40_7,s1_below_4282,s1_below_2,s3_2003_2005,s3_2075_3730,s5_47_57,Truck (<=6000 lbs.),s6_76_up,Not Deployed,s2_97_208,s3_2_3,Male,s3_80_96,s3_141_159,s2_164_318,s2_40_80,s2_2_4
19021,s2_885_1695,s2_n103_99,s4_n40_7,s1_below_4282,s3_3_4,s5_2007_2009,s2_760_2075,s3_17_37,Passenger Car,s2_11_28,Deployed,s2_97_208,s1_below_1,Female,s2_37_80,s3_141_159,s2_164_318,s3_80_160,s2_2_4
19022,s2_885_1695,s2_n103_99,s4_n40_7,s1_below_4282,s3_3_4,s5_2007_2009,s2_760_2075,s4_37_47,Passenger Car,s3_28_48,Deployed,s2_97_208,s3_2_3,Male,s2_37_80,s3_141_159,s2_164_318,s3_80_160,s2_2_4
19023,s3_1695_2555,s2_n103_99,s4_n40_7,s1_below_4282,s1_below_2,s5_2007_2009,s2_760_2075,s3_17_37,Truck (<=6000 lbs.),s4_48_64,Not Deployed,s2_97_208,s1_below_1,Male,s2_37_80,s3_141_159,s3_318_464,s4_160_220,s2_2_4
19024,s3_1695_2555,s2_n103_99,s4_n40_7,s1_below_4282,s3_3_4,s1_below_2001,s3_2075_3730,s4_37_47,Truck (<=10000 lbs.),s4_48_64,Deployed,s2_97_208,s1_below_1,Male,s5_114_130,s5_169_179,s3_318_464,s3_80_160,s4_5_6
19025,s3_1695_2555,s2_n103_99,s4_n40_7,s1_below_4282,s2_2_3,s5_2007_2009,s2_760_2075,s3_17_37,Truck (<=6000 lbs.),s3_28_48,Not Deployed,s2_97_208,s1_below_1,Female,s2_37_80,s3_141_159,s2_164_318,s3_80_160,s2_2_4
19026,s3_1695_2555,s2_n103_99,s4_n40_7,s1_below_4282,s2_2_3,s5_2007_2009,s2_760_2075,s3_17_37,Truck (<=6000 lbs.),s4_48_64,Deployed,s2_97_208,s1_below_1,Male,s6_130_up,s3_141_159,s3_318_464,s3_80_160,s2_2_4
19027,s2_885_1695,s2_n103_99,s4_n40_7,s1_below_4282,s2_2_3,s5_2007_2009,s2_760_2075,s4_37_47,Passenger Car,s3_28_48,Not Deployed,s2_97_208,s3_2_3,Female,s6_130_up,s3_141_159,s2_164_318,s3_80_160,s2_2_4
19028,s2_885_1695,s2_n103_99,s4_n40_7,s1_below_4282,s3_3_4,s5_2007_2009,s2_760_2075,s4_37_47,Passenger Car,s5_64_76,Deployed,s2_97_208,s3_2_3,Female,s2_37_80,s3_141_159,s2_164_318,s3_80_160,s2_2_4
19029,s3_1695_2555,s2_n103_99,s5_7_up,s1_below_4282,s2_2_3,s5_2007_2009,s2_760_2075,s5_47_57,Passenger Car,s4_48_64,Not Deployed,s2_97_208,s3_2_3,Female,s2_37_80,s4_159_169,s2_164_318,s6_260_up,s2_2_4
19030,s2_885_1695,s2_n103_99,s4_n40_7,s1_below_4282,s2_2_3,s5_2007_2009,s3_2075_3730,s4_37_47,Passenger Car,s2_11_28,Deployed,s2_97_208,s1_below_1,Female,s3_80_96,s3_141_159,s2_164_318,s3_80_160,s2_2_4
19031,s2_885_1695,s2_n103_99,s4_n40_7,s1_below_4282,s3_3_4,s6_2009_up,s3_2075_3730,s4_37_47,Passenger Car,s3_28_48,Deployed,s2_97_208,s1_below_1,Female,s2_37_80,s4_159_169,s2_164_318,s3_80_160,s2_2_4
19032,s2_885_1695,s2_n103_99,s4_n40_7,s1_below_4282,s1_below_2,s5_2007_2009,s2_760_2075,s3_17_37,Truck (<=6000 lbs.),s5_64_76,Deployed,s2_97_208,s1_below_1,Female,s2_37_80,s3_141_159,s2_164_318,s3_80_160,s2_2_4
19033,s2_885_1695,s2_n103_99,s5_7_up,s1_below_4282,s1_below_2,s5_2007_2009,s3_2075_3730,s3_17_37,Passenger Car,s4_48_64,Not Deployed,s2_97_208,s1_below_1,Female,s5_114_130,s3_141_159,s2_164_318,s6_260_up,s2_2_4
19034,s2_885_1695,s2_n103_99,s4_n40_7,s1_below_4282,s2_2_3,s5_2007_2009,s2_760_2075,s3_17_37,Passenger Car,s2_11_28,Deployed,s2_97_208,s1_below_1,Male,s3_80_96,s3_141_159,s2_164_318,s3_80_160,s2_2_4
19035,s2_885_1695,s2_n103_99,s4_n40_7,s1_below_4282,s1_below_2,s5_2007_2009,s2_760_2075,s4_37_47,Truck (<=6000 lbs.),s4_48_64,Not Deployed,s2_97_208,s1_below_1,Female,s2_37_80,s3_141_159,s2_164_318,s3_80_160,s2_2_4
19036,s2_885_1695,s2_n103_99,s4_n40_7,s1_below_4282,s1_below_2,s6_2009_up,s3_2075_3730,s3_17_37,Truck (<=6000 lbs.),s3_28_48,Deployed,s2_97_208,s1_below_1,Male,s6_130_up,s3_141_159,s2_164_318,s3_80_160,s2_2_4
19037,s3_1695_2555,s2_n103_99,s4_n40_7,s1_below_4282,s1_below_2,s5_2007_2009,s2_760_2075,s6_57_up,Passenger Car,s3_28_48,Not Deployed,s2_97_208,s1_below_1,Male,s2_37_80,s3_141_159,s2_164_318,s3_80_160,s2_2_4
19038,s2_885_1695,s2_n103_99,s4_n40_7,s1_below_4282,s3_3_4,s5_2007_2009,s2_760_2075,s6_57_up,Passenger Car,s2_11_28,Not Deployed,s2_97_208,s1_below_1,Female,s2_37_80,s3_141_159,s2_164_318,s4_160_220,s2_2_4
19039,s2_885_1695,s2_n103_99,s5_7_up,s1_below_4282,s1_below_2,s5_2007_2009,s3_2075_3730,s4_37_47,Passenger Car,s3_28_48,Deployed,s2_97_208,s1_below_1,Female,s2_37_80,s3_141_159,s2_164_318,s6_260_up,s2_2_4
19040,s3_1695_2555,s2_n103_99,s5_7_up,s1_below_4282,s1_below_2,s5_2007_2009,s3_2075_3730,s3_17_37,Passenger Car,s4_48_64,Not Deployed,s2_97_208,s1_below_1,Male,s6_130_up,s3_141_159,s2_164_318,s6_260_up,s2_2_4
19041,s2_885_1695,s2_n103_99,s4_n40_7,s1_below_4282,s1_below_2,s5_2007_2009,s3_2075_3730,s6_57_up,Passenger Car,s3_28_48,Deployed,s2_97_208,s3_2_3,Female,s2_37_80,s3_141_159,s2_164_318,s3_80_160,s2_2_4
19042,s3_1695_2555,s2_n103_99,s5_7_up,s1_below_4282,s2_2_3,s6_2009_up,s3_2075_3730,s6_57_up,Truck (<=10000 lbs.),s4_48_64,Not Deployed,s2_97_208,s1_below_1,Male,s3_80_96,s5_169_179,s2_164_318,s6_260_up,s3_4_5
19043,s3_1695_2555,s2_n103_99,s4_n40_7,s1_below_4282,s6_6_up,s5_2007_2009,s2_760_2075,s4_37_47,Truck (<=6000 lbs.),s2_11_28,Not Deployed,s2_97_208,s1_below_1,Female,s2_37_80,s3_141_159,s2_164_318,s3_80_160,s2_2_4
19044,s3_1695_2555,s2_n103_99,s4_n40_7,s1_below_4282,s1_below_2,s5_2007_2009,s2_760_2075,s5_47_57,Truck (<=6000 lbs.),s5_64_76,Not Deployed,s2_97_208,s1_below_1,Female,s2_37_80,s4_159_169,s2_164_318,s3_80_160,s2_2_4
19045,s4_2555_3715,s2_n103_99,s4_n40_7,s1_below_4282,s1_below_2,s3_2003_2005,s3_2075_3730,s4_37_47,Truck (<=10000 lbs.),s2_11_28,Not Deployed,s2_97_208,s1_below_1,Male,s3_80_96,s5_169_179,s3_318_464,s3_80_160,s4_5_6
19046,s2_885_1695,s2_n103_99,s5_7_up,s1_below_4282,s4_4_5,s5_2007_2009,s3_2075_3730,s3_17_37,Passenger Car,s2_11_28,Not Deployed,s2_97_208,s1_below_1,Male,s3_80_96,s3_141_159,s2_164_318,s6_260_up,s2_2_4
19047,s2_885_1695,s2_n103_99,s4_n40_7,s1_below_4282,s2_2_3,s5_2007_2009,s2_760_2075,s4_37_47,Passenger Car,s2_11_28,Deployed,s2_97_208,s1_below_1,Female,s3_80_96,s3_141_159,s2_164_318,s4_160_220,s2_2_4
19048,s2_885_1695,s2_n103_99,s4_n40_7,s1_below_4282,s1_below_2,s4_2005_2007,s3_2075_3730,s3_17_37,Passenger Car,s2_11_28,Deployed,s2_97_208,s1_below_1,Male,s2_37_80,s3_141_159,s2_164_318,s4_160_220,s2_2_4
19049,s2_885_1695,s2_n103_99,s4_n40_7,s1_below_4282,s3_3_4,s5_2007_2009,s3_2075_3730,s3_17_37,Passenger Car,s6_76_up,Deployed,s2_97_208,s5_4_5,Male,s2_37_80,s3_141_159,s2_164_318,s4_160_220,s2_2_4
19050,s2_885_1695,s2_n103_99,s4_n40_7,s1_below_4282,s4_4_5,s5_2007_2009,s3_2075_3730,s5_47_57,Passenger Car,s3_28_48,Not Deployed,s2_97_208,s1_below_1,Female,s2_37_80,s3_141_159,s2_164_318,s3_80_160,s2_2_4
19051,s2_885_1695,s2_n103_99,s4_n40_7,s1_below_4282,s4_4_5,s5_2007_2009,s2_760_2075,s3_17_37,Passenger Car,s2_11_28,Deployed,s2_97_208,s2_1_2,Female,s2_37_80,s3_141_159,s2_164_318,s3_80_160,s2_2_4
19052,s2_885_1695,s2_n103_99,s4_n40_7,s1_below_4282,s6_6_up,s5_2007_2009,s2_760_2075,s4_37_47,Passenger Car,s2_11_28,Deployed,s2_97_208,s1_below_1,Male,s2_37_80,s3_141_159,s2_164_318,s3_80_160,s2_2_4
19053,s2_885_1695,s2_n103_99,s3_n81_n40,s1_below_4282,s6_6_up,s5_2007_2009,s3_2075_3730,s3_17_37,Passenger Car,s3_28_48,Deployed,s2_97_208,s1_below_1,Male,s3_80_96,s3_141_159,s2_164_318,s3_80_160,s2_2_4
19054,s2_885_1695,s2_n103_99,s4_n40_7,s1_below_4282,s6_6_up,s5_2007_2009,s2_760_2075,s3_17_37,Truck (<=6000 lbs.),s2_11_28,Deployed,s2_97_208,s1_below_1,Female,s2_37_80,s3_141_159,s2_164_318,s3_80_160,s2_2_4
19055,s2_885_1695,s2_n103_99,s4_n40_7,s1_below_4282,s4_4_5,s5_2007_2009,s2_760_2075,s4_37_47,Passenger Car,s2_11_28,Deployed,s2_97_208,s1_below_1,Male,s3_80_96,s3_141_159,s2_164_318,s4_160_220,s2_2_4
19056,s2_885_1695,s2_n103_99,s5_7_up,s1_below_4282,s4_4_5,s3_2003_2005,s2_760_2075,s6_57_up,Truck (<=6000 lbs.),s4_48_64,Deployed,s2_97_208,s1_below_1,Female,s2_37_80,s3_141_159,s2_164_318,s6_260_up,s2_2_4
19057,s2_885_1695,s2_n103_99,s4_n40_7,s1_below_4282,s6_6_up,s5_2007_2009,s3_2075_3730,s3_17_37,Passenger Car,s3_28_48,Deployed,s2_97_208,s1_below_1,Male,s2_37_80,s3_141_159,s2_164_318,s3_80_160,s2_2_4
19058,s2_885_1695,s2_n103_99,s4_n40_7,s1_below_4282,s2_2_3,s5_2007_2009,s2_760_2075,s3_17_37,Passenger Car,s2_11_28,Deployed,s2_97_208,s1_below_1,Male,s4_96_114,s3_141_159,s2_164_318,s3_80_160,s2_2_4
19059,s2_885_1695,s2_n103_99,s4_n40_7,s1_below_4282,s1_below_2,s5_2007_2009,s2_760_2075,s3_17_37,Passenger Car,s2_11_28,Deployed,s2_97_208,s1_below_1,Female,s2_37_80,s3_141_159,s2_164_318,s3_80_160,s2_2_4
19060,s2_885_1695,s2_n103_99,s4_n40_7,s1_below_4282,s5_5_6,s5_2007_2009,s2_760_2075,s6_57_up,Passenger Car,s5_64_76,Deployed,s2_97_208,s1_below_1,Female,s2_37_80,s3_141_159,s2_164_318,s3_80_160,s2_2_4
19061,s2_885_1695,s2_n103_99,s3_n81_n40,s1_below_4282,s6_6_up,s5_2007_2009,s2_760_2075,s3_17_37,Passenger Car,s2_11_28,Deployed,s2_97_208,s1_below_1,Female,s2_37_80,s3_141_159,s2_164_318,s3_80_160,s2_2_4
19062,s2_885_1695,s2_n103_99,s4_n40_7,s1_below_4282,s3_3_4,s5_2007_2009,s2_760_2075,s4_37_47,Passenger Car,s3_28_48,Deployed,s2_97_208,s1_below_1,Male,s2_37_80,s3_141_159,s2_164_318,s3_80_160,s2_2_4
19063,s2_885_1695,s2_n103_99,s4_n40_7,s1_below_4282,s1_below_2,s5_2007_2009,s2_760_2075,s3_17_37,Passenger Car,s3_28_48,Deployed,s2_97_208,s1_below_1,Male,s2_37_80,s3_141_159,s2_164_318,s3_80_160,s2_2_4
19064,s2_885_1695,s2_n103_99,s4_n40_7,s1_below_4282,s4_4_5,s5_2007_2009,s2_760_2075,s3_17_37,Passenger Car,s3_28_48,Not Deployed,s2_97_208,s1_below_1,Male,s2_37_80,s3_141_159,s2_164_318,s2_40_80,s2_2_4
19065,s2_885_1695,s2_n103_99,s4_n40_7,s1_below_4282,s1_below_2,s5_2007_2009,s3_2075_3730,s4_37_47,Passenger Car,s2_11_28,Not Deployed,s2_97_208,s2_1_2,Male,s3_80_96,s3_141_159,s2_164_318,s3_80_160,s2_2_4
19066,s3_1695_2555,s2_n103_99,s4_n40_7,s1_below_4282,s5_5_6,s5_2007_2009,s2_760_2075,s3_17_37,Passenger Car,s5_64_76,Deployed,s2_97_208,s1_below_1,Male,s3_80_96,s4_159_169,s2_164_318,s3_80_160,s2_2_4
19067,s2_885_1695,s2_n103_99,s4_n40_7,s1_below_4282,s1_below_2,s5_2007_2009,s2_760_2075,s3_17_37,Passenger Car,s2_11_28,Deployed,s2_97_208,s1_below_1,Female,s2_37_80,s3_141_159,s2_164_318,s4_160_220,s2_2_4
19068,s2_885_1695,s2_n103_99,s4_n40_7,s1_below_4282,s4_4_5,s5_2007_2009,s2_760_2075,s6_57_up,Passenger Car,s2_11_28,Not Deployed,s2_97_208,s1_below_1,Female,s2_37_80,s3_141_159,s2_164_318,s3_80_160,s2_2_4
19069,s2_885_1695,s2_n103_99,s4_n40_7,s1_below_4282,s3_3_4,s6_2009_up,s2_760_2075,s3_17_37,Passenger Car,s2_11_28,Not Deployed,s2_97_208,s1_below_1,Male,s3_80_96,s3_141_159,s2_164_318,s3_80_160,s2_2_4
19070,s2_885_1695,s2_n103_99,s4_n40_7,s1_below_4282,s1_below_2,s5_2007_2009,s2_760_2075,s3_17_37,Passenger Car,s4_48_64,Not Deployed,s2_97_208,s1_below_1,Female,s2_37_80,s3_141_159,s2_164_318,s3_80_160,s2_2_4
19071,s2_885_1695,s2_n103_99,s4_n40_7,s1_below_4282,s1_below_2,s5_2007_2009,s2_760_2075,s5_47_57,Passenger Car,s3_28_48,Deployed,s2_97_208,s1_below_1,Female,s2_37_80,s3_141_159,s2_164_318,s3_80_160,s2_2_4
19072,s2_885_1695,s2_n103_99,s4_n40_7,s1_below_4282,s4_4_5,s5_2007_2009,s2_760_2075,s3_17_37,Passenger Car,s3_28_48,Deployed,s2_97_208,s1_below_1,Male,s2_37_80,s3_141_159,s2_164_318,s4_160_220,s2_2_4
19073,s2_885_1695,s2_n103_99,s4_n40_7,s1_below_4282,s1_below_2,s5_2007_2009,s2_760_2075,s3_17_37,Passenger Car,s2_11_28,Deployed,s2_97_208,s1_below_1,Female,s2_37_80,s3_141_159,s2_164_318,s4_160_220,s2_2_4
19074,s3_1695_2555,s2_n103_99,s4_n40_7,s1_below_4282,s2_2_3,s1_below_2001,s2_760_2075,s3_17_37,Truck (<=10000 lbs.),s2_11_28,Not Deployed,s2_97_208,s1_below_1,Male,s2_37_80,s5_169_179,s3_318_464,s2_40_80,s4_5_6
19075,s2_885_1695,s2_n103_99,s4_n40_7,s1_below_4282,s1_below_2,s5_2007_2009,s2_760_2075,s5_47_57,Passenger Car,s2_11_28,Deployed,s2_97_208,s1_below_1,Female,s2_37_80,s3_141_159,s2_164_318,s3_80_160,s2_2_4
19076,s3_1695_2555,s2_n103_99,s4_n40_7,s1_below_4282,s2_2_3,s5_2007_2009,s2_760_2075,s3_17_37,Truck (<=10000 lbs.),s4_48_64,Not Deployed,s2_97_208,s1_below_1,Male,s3_80_96,s4_159_169,s2_164_318,s2_40_80,s3_4_5
19077,s2_885_1695,s2_n103_99,s4_n40_7,s1_below_4282,s2_2_3,s5_2007_2009,s2_760_2075,s5_47_57,Passenger Car,s3_28_48,Deployed,s2_97_208,s1_below_1,Male,s3_80_96,s3_141_159,s2_164_318,s3_80_160,s2_2_4
19078,s2_885_1695,s2_n103_99,s4_n40_7,s1_below_4282,s1_below_2,s5_2007_2009,s2_760_2075,s3_17_37,Passenger Car,s3_28_48,Not Deployed,s2_97_208,s1_below_1,Male,s5_114_130,s3_141_159,s2_164_318,s3_80_160,s2_2_4
19079,s2_885_1695,s2_n103_99,s4_n40_7,s1_below_4282,s1_below_2,s5_2007_2009,s2_760_2075,s3_17_37,Passenger Car,s3_28_48,Not Deployed,s2_97_208,s1_below_1,Male,s4_96_114,s3_141_159,s2_164_318,s2_40_80,s2_2_4
19080,s2_885_1695,s2_n103_99,s4_n40_7,s1_below_4282,s3_3_4,s5_2007_2009,s2_760_2075,s3_17_37,Passenger Car,s2_11_28,Deployed,s2_97_208,s1_below_1,Female,s2_37_80,s3_141_159,s2_164_318,s3_80_160,s2_2_4
19081,s3_1695_2555,s2_n103_99,s4_n40_7,s1_below_4282,s2_2_3,s5_2007_2009,s2_760_2075,s3_17_37,Truck (<=6000 lbs.),s3_28_48,Not Deployed,s2_97_208,s1_below_1,Female,s3_80_96,s3_141_159,s2_164_318,s3_80_160,s2_2_4
19082,s2_885_1695,s2_n103_99,s4_n40_7,s1_below_4282,s1_below_2,s5_2007_2009,s2_760_2075,s3_17_37,Passenger Car,s3_28_48,Deployed,s2_97_208,s6_5_up,Male,s6_130_up,s3_141_159,s2_164_318,s4_160_220,s2_2_4
19083,s2_885_1695,s2_n103_99,s3_n81_n40,s1_below_4282,s1_below_2,s5_2007_2009,s2_760_2075,s3_17_37,Passenger Car,s2_11_28,Deployed,s2_97_208,s2_1_2,Male,s2_37_80,s3_141_159,s2_164_318,s3_80_160,s2_2_4
19084,s3_1695_2555,s2_n103_99,s4_n40_7,s1_below_4282,s3_3_4,s5_2007_2009,s2_760_2075,s4_37_47,Truck (<=10000 lbs.),s3_28_48,Not Deployed,s2_97_208,s1_below_1,Male,s3_80_96,s5_169_179,s3_318_464,s3_80_160,s4_5_6
19085,s2_885_1695,s2_n103_99,s5_7_up,s1_below_4282,s3_3_4,s5_2007_2009,s3_2075_3730,s4_37_47,Truck (<=6000 lbs.),s4_48_64,Not Deployed,s2_97_208,s1_below_1,Female,s3_80_96,s3_141_159,s2_164_318,s6_260_up,s2_2_4
19086,s2_885_1695,s2_n103_99,s4_n40_7,s1_below_4282,s1_below_2,s5_2007_2009,s2_760_2075,s2_7_17,Truck (<=6000 lbs.),s4_48_64,Not Deployed,s2_97_208,s1_below_1,Male,s3_80_96,s3_141_159,s2_164_318,s4_160_220,s2_2_4
19087,s2_885_1695,s2_n103_99,s4_n40_7,s1_below_4282,s3_3_4,s5_2007_2009,s2_760_2075,s3_17_37,Truck (<=6000 lbs.),s4_48_64,Not Deployed,s2_97_208,s1_below_1,Male,s3_80_96,s3_141_159,s2_164_318,s4_160_220,s2_2_4
19088,s3_1695_2555,s2_n103_99,s4_n40_7,s1_below_4282,s1_below_2,s3_2003_2005,s2_760_2075,s4_37_47,Truck (<=10000 lbs.),s5_64_76,Not Deployed,s2_97_208,s1_below_1,Male,s2_37_80,s5_169_179,s3_318_464,s6_260_up,s4_5_6
19089,s3_1695_2555,s2_n103_99,s4_n40_7,s1_below_4282,s1_below_2,s5_2007_2009,s2_760_2075,s4_37_47,Truck (<=6000 lbs.),s3_28_48,Not Deployed,s2_97_208,s1_below_1,Female,s2_37_80,s3_141_159,s2_164_318,s3_80_160,s2_2_4
19090,s2_885_1695,s2_n103_99,s4_n40_7,s1_below_4282,s3_3_4,s5_2007_2009,s3_2075_3730,s3_17_37,Passenger Car,s3_28_48,Deployed,s2_97_208,s1_below_1,Female,s2_37_80,s3_141_159,s2_164_318,s3_80_160,s2_2_4
19091,s2_885_1695,s2_n103_99,s4_n40_7,s1_below_4282,s1_below_2,s5_2007_2009,s2_760_2075,s5_47_57,Passenger Car,s3_28_48,Deployed,s2_97_208,s1_below_1,Male,s3_80_96,s3_141_159,s2_164_318,s3_80_160,s2_2_4
19092,s2_885_1695,s2_n103_99,s4_n40_7,s1_below_4282,s2_2_3,s5_2007_2009,s2_760_2075,s4_37_47,Passenger Car,s5_64_76,Not Deployed,s2_97_208,s4_3_4,Male,s3_80_96,s4_159_169,s2_164_318,s2_40_80,s2_2_4
19093,s2_885_1695,s2_n103_99,s4_n40_7,s1_below_4282,s1_below_2,s5_2007_2009,s2_760_2075,s5_47_57,Passenger Car,s3_28_48,Not Deployed,s2_97_208,s2_1_2,Male,s4_96_114,s3_141_159,s2_164_318,s2_40_80,s2_2_4
19094,s3_1695_2555,s2_n103_99,s4_n40_7,s1_below_4282,s1_below_2,s5_2007_2009,s2_760_2075,s3_17_37,Truck (<=6000 lbs.),s3_28_48,Not Deployed,s2_97_208,s1_below_1,Male,s2_37_80,s3_141_159,s2_164_318,s2_40_80,s2_2_4
19095,s2_885_1695,s2_n103_99,s4_n40_7,s1_below_4282,s1_below_2,s5_2007_2009,s2_760_2075,s6_57_up,Passenger Car,s3_28_48,Deployed,s2_97_208,s1_below_1,Male,s3_80_96,s4_159_169,s2_164_318,s4_160_220,s2_2_4
19096,s2_885_1695,s2_n103_99,s4_n40_7,s1_below_4282,s4_4_5,s5_2007_2009,s2_760_2075,s5_47_57,Passenger Car,s4_48_64,Not Deployed,s2_97_208,s1_below_1,Female,s2_37_80,s3_141_159,s2_164_318,s4_160_220,s2_2_4
19097,s2_885_1695,s2_n103_99,s4_n40_7,s1_below_4282,s3_3_4,s5_2007_2009,s3_2075_3730,s3_17_37,Passenger Car,s6_76_up,Deployed,s2_97_208,s1_below_1,Female,s2_37_80,s3_141_159,s2_164_318,s3_80_160,s2_2_4
19098,s2_885_1695,s2_n103_99,s4_n40_7,s1_below_4282,s4_4_5,s5_2007_2009,s3_2075_3730,s5_47_57,Passenger Car,s4_48_64,Not Deployed,s2_97_208,s1_below_1,Female,s3_80_96,s3_141_159,s2_164_318,s4_160_220,s2_2_4
19099,s3_1695_2555,s2_n103_99,s4_n40_7,s1_below_4282,s5_5_6,s5_2007_2009,s2_760_2075,s4_37_47,Truck (<=6000 lbs.),s3_28_48,Deployed,s2_97_208,s1_below_1,Female,s2_37_80,s3_141_159,s2_164_318,s3_80_160,s2_2_4
19100,s3_1695_2555,s2_n103_99,s4_n40_7,s1_below_4282,s3_3_4,s5_2007_2009,s2_760_2075,s5_47_57,Passenger Car,s4_48_64,Not Deployed,s2_97_208,s1_below_1,Female,s3_80_96,s3_141_159,s2_164_318,s4_160_220,s2_2_4
19101,s2_885_1695,s2_n103_99,s5_7_up,s1_below_4282,s1_below_2,s5_2007_2009,s2_760_2075,s6_57_up,Passenger Car,s3_28_48,Not Deployed,s2_97_208,s2_1_2,Male,s3_80_96,s3_141_159,s2_164_318,s6_260_up,s2_2_4
19102,s3_1695_2555,s2_n103_99,s4_n40_7,s1_below_4282,s1_below_2,s5_2007_2009,s2_760_2075,s4_37_47,Truck (<=10000 lbs.),s6_76_up,Not Deployed,s2_97_208,s2_1_2,Male,s5_114_130,s4_159_169,s2_164_318,s2_40_80,s3_4_5
19103,s2_885_1695,s2_n103_99,s4_n40_7,s1_below_4282,s4_4_5,s5_2007_2009,s3_2075_3730,s3_17_37,Passenger Car,s4_48_64,Not Deployed,s2_97_208,s1_below_1,Male,s3_80_96,s4_159_169,s2_164_318,s3_80_160,s2_2_4
19104,s3_1695_2555,s2_n103_99,s4_n40_7,s1_below_4282,s3_3_4,s4_2005_2007,s2_760_2075,s4_37_47,Truck (<=10000 lbs.),s4_48_64,Not Deployed,s2_97_208,s1_below_1,Female,s2_37_80,s5_169_179,s3_318_464,s4_160_220,s4_5_6
19105,s2_885_1695,s2_n103_99,s4_n40_7,s1_below_4282,s4_4_5,s5_2007_2009,s2_760_2075,s3_17_37,Passenger Car,s3_28_48,Deployed,s2_97_208,s1_below_1,Female,s3_80_96,s3_141_159,s2_164_318,s3_80_160,s2_2_4
19106,s3_1695_2555,s2_n103_99,s5_7_up,s1_below_4282,s3_3_4,s4_2005_2007,s2_760_2075,s6_57_up,Truck (<=6000 lbs.),s3_28_48,Not Deployed,s2_97_208,s1_below_1,Male,s2_37_80,s4_159_169,s2_164_318,s6_260_up,s3_4_5
19107,s3_1695_2555,s2_n103_99,s4_n40_7,s1_below_4282,s2_2_3,s5_2007_2009,s2_760_2075,s4_37_47,Passenger Car,s3_28_48,Deployed,s2_97_208,s1_below_1,Male,s3_80_96,s3_141_159,s2_164_318,s3_80_160,s2_2_4
19108,s2_885_1695,s2_n103_99,s4_n40_7,s1_below_4282,s1_below_2,s5_2007_2009,s3_2075_3730,s3_17_37,Passenger Car,s4_48_64,Not Deployed,s2_97_208,s1_below_1,Male,s2_37_80,s3_141_159,s2_164_318,s3_80_160,s2_2_4
19109,s3_1695_2555,s2_n103_99,s4_n40_7,s1_below_4282,s3_3_4,s5_2007_2009,s2_760_2075,s4_37_47,Passenger Car,s2_11_28,Deployed,s2_97_208,s1_below_1,Female,s2_37_80,s3_141_159,s2_164_318,s3_80_160,s2_2_4
19110,s2_885_1695,s2_n103_99,s4_n40_7,s1_below_4282,s3_3_4,s5_2007_2009,s2_760_2075,s4_37_47,Passenger Car,s2_11_28,Deployed,s2_97_208,s1_below_1,Female,s2_37_80,s3_141_159,s2_164_318,s4_160_220,s2_2_4
19111,s2_885_1695,s2_n103_99,s4_n40_7,s1_below_4282,s4_4_5,s5_2007_2009,s2_760_2075,s3_17_37,Passenger Car,s2_11_28,Deployed,s2_97_208,s1_below_1,Female,s2_37_80,s4_159_169,s2_164_318,s4_160_220,s2_2_4
19112,s4_2555_3715,s2_n103_99,s4_n40_7,s1_below_4282,s3_3_4,s5_2007_2009,s2_760_2075,s4_37_47,Truck (<=10000 lbs.),s3_28_48,Not Deployed,s2_97_208,s1_below_1,Female,s2_37_80,s5_169_179,s2_164_318,s3_80_160,s4_5_6
19113,s3_1695_2555,s2_n103_99,s4_n40_7,s1_below_4282,s3_3_4,s5_2007_2009,s2_760_2075,s4_37_47,Passenger Car,s2_11_28,Deployed,s2_97_208,s1_below_1,Male,s2_37_80,s3_141_159,s2_164_318,s3_80_160,s2_2_4
19114,s2_885_1695,s2_n103_99,s4_n40_7,s1_below_4282,s1_below_2,s5_2007_2009,s2_760_2075,s3_17_37,Truck (<=6000 lbs.),s2_11_28,Not Deployed,s2_97_208,s1_below_1,Female,s3_80_96,s3_141_159,s2_164_318,s3_80_160,s2_2_4
19115,s2_885_1695,s2_n103_99,s5_7_up,s1_below_4282,s1_below_2,s5_2007_2009,s2_760_2075,s3_17_37,Passenger Car,s3_28_48,Not Deployed,s2_97_208,s1_below_1,Female,s2_37_80,s3_141_159,s2_164_318,s6_260_up,s2_2_4
19116,s2_885_1695,s2_n103_99,s4_n40_7,s1_below_4282,s3_3_4,s5_2007_2009,s2_760_2075,s5_47_57,Passenger Car,s4_48_64,Not Deployed,s2_97_208,s1_below_1,Female,s2_37_80,s3_141_159,s2_164_318,s3_80_160,s2_2_4
19117,s2_885_1695,s2_n103_99,s4_n40_7,s1_below_4282,s4_4_5,s5_2007_2009,s2_760_2075,s4_37_47,Passenger Car,s2_11_28,Deployed,s2_97_208,s1_below_1,Female,s2_37_80,s3_141_159,s2_164_318,s3_80_160,s2_2_4
19118,s2_885_1695,s2_n103_99,s4_n40_7,s1_below_4282,s4_4_5,s5_2007_2009,s2_760_2075,s4_37_47,Passenger Car,s3_28_48,Not Deployed,s2_97_208,s1_below_1,Male,s3_80_96,s3_141_159,s2_164_318,s3_80_160,s2_2_4
19119,s2_885_1695,s2_n103_99,s4_n40_7,s1_below_4282,s1_below_2,s5_2007_2009,s2_760_2075,s3_17_37,Passenger Car,s5_64_76,Not Deployed,s2_97_208,s1_below_1,Female,s3_80_96,s3_141_159,s2_164_318,s3_80_160,s2_2_4
19120,s3_1695_2555,s2_n103_99,s5_7_up,s1_below_4282,s2_2_3,s5_2007_2009,s2_760_2075,s6_57_up,Truck (<=6000 lbs.),s3_28_48,Not Deployed,s2_97_208,s1_below_1,Male,s5_114_130,s4_159_169,s2_164_318,s6_260_up,s2_2_4
19121,s2_885_1695,s2_n103_99,s4_n40_7,s1_below_4282,s1_below_2,s5_2007_2009,s2_760_2075,s3_17_37,Passenger Car,s2_11_28,Deployed,s2_97_208,s1_below_1,Male,s3_80_96,s3_141_159,s2_164_318,s4_160_220,s2_2_4
19122,s2_885_1695,s2_n103_99,s5_7_up,s1_below_4282,s6_6_up,s5_2007_2009,s2_760_2075,s5_47_57,Truck (<=6000 lbs.),s4_48_64,Not Deployed,s2_97_208,s1_below_1,Female,s4_96_114,s3_141_159,s2_164_318,s6_260_up,s2_2_4
19123,s3_1695_2555,s2_n103_99,s4_n40_7,s1_below_4282,s3_3_4,s3_2003_2005,s2_760_2075,s3_17_37,Truck (<=10000 lbs.),s3_28_48,Deployed,s2_97_208,s1_below_1,Male,s3_80_96,s6_179_up,s3_318_464,s3_80_160,s5_6_7
19124,s3_1695_2555,s2_n103_99,s4_n40_7,s1_below_4282,s3_3_4,s4_2005_2007,s2_760_2075,s3_17_37,Truck (<=10000 lbs.),s2_11_28,Not Deployed,s2_97_208,s1_below_1,Female,s2_37_80,s5_169_179,s3_318_464,s3_80_160,s4_5_6
19125,s2_885_1695,s2_n103_99,s4_n40_7,s1_below_4282,s2_2_3,s5_2007_2009,s2_760_2075,s5_47_57,Passenger Car,s2_11_28,Deployed,s2_97_208,s1_below_1,Female,s2_37_80,s3_141_159,s2_164_318,s3_80_160,s2_2_4
19126,s3_1695_2555,s2_n103_99,s5_7_up,s1_below_4282,s6_6_up,s5_2007_2009,s2_760_2075,s3_17_37,Passenger Car,s4_48_64,Not Deployed,s2_97_208,s1_below_1,Male,s5_114_130,s3_141_159,s2_164_318,s6_260_up,s2_2_4
19127,s2_885_1695,s2_n103_99,s4_n40_7,s1_below_4282,s4_4_5,s5_2007_2009,s3_2075_3730,s3_17_37,Truck (<=6000 lbs.),s3_28_48,Not Deployed,s2_97_208,s1_below_1,Male,s3_80_96,s3_141_159,s2_164_318,s3_80_160,s2_2_4
19128,s2_885_1695,s2_n103_99,s4_n40_7,s1_below_4282,s2_2_3,s5_2007_2009,s2_760_2075,s4_37_47,Passenger Car,s2_11_28,Deployed,s2_97_208,s3_2_3,Male,s3_80_96,s4_159_169,s2_164_318,s3_80_160,s2_2_4
19129,s3_1695_2555,s2_n103_99,s4_n40_7,s1_below_4282,s2_2_3,s5_2007_2009,s2_760_2075,s4_37_47,Truck (<=10000 lbs.),s3_28_48,Not Deployed,s2_97_208,s1_below_1,Male,s3_80_96,s5_169_179,s2_164_318,s4_160_220,s2_2_4
19130,s2_885_1695,s2_n103_99,s4_n40_7,s1_below_4282,s2_2_3,s5_2007_2009,s2_760_2075,s3_17_37,Passenger Car,s2_11_28,Not Deployed,s2_97_208,s1_below_1,Female,s3_80_96,s3_141_159,s2_164_318,s3_80_160,s2_2_4
19131,s3_1695_2555,s2_n103_99,s4_n40_7,s1_below_4282,s5_5_6,s5_2007_2009,s2_760_2075,s4_37_47,Truck (<=6000 lbs.),s3_28_48,Deployed,s2_97_208,s1_below_1,Male,s4_96_114,s5_169_179,s2_164_318,s4_160_220,s2_2_4
19132,s2_885_1695,s2_n103_99,s5_7_up,s1_below_4282,s1_below_2,s5_2007_2009,s2_760_2075,s5_47_57,Passenger Car,s2_11_28,Not Deployed,s2_97_208,s1_below_1,Female,s2_37_80,s3_141_159,s2_164_318,s3_80_160,s2_2_4
19133,s3_1695_2555,s2_n103_99,s4_n40_7,s1_below_4282,s3_3_4,s5_2007_2009,s2_760_2075,s5_47_57,Truck (<=6000 lbs.),s4_48_64,Deployed,s2_97_208,s1_below_1,Female,s2_37_80,s4_159_169,s2_164_318,s3_80_160,s2_2_4
19134,s2_885_1695,s2_n103_99,s4_n40_7,s1_below_4282,s4_4_5,s5_2007_2009,s2_760_2075,s4_37_47,Passenger Car,s3_28_48,Deployed,s2_97_208,s1_below_1,Male,s2_37_80,s3_141_159,s2_164_318,s3_80_160,s2_2_4
19135,s3_1695_2555,s2_n103_99,s4_n40_7,s1_below_4282,s3_3_4,s5_2007_2009,s2_760_2075,s4_37_47,Truck (<=6000 lbs.),s5_64_76,Not Deployed,s2_97_208,s1_below_1,Male,s4_96_114,s3_141_159,s2_164_318,s3_80_160,s2_2_4
19136,s3_1695_2555,s2_n103_99,s4_n40_7,s1_below_4282,s1_below_2,s2_2001_2003,s2_760_2075,s4_37_47,Truck (<=10000 lbs.),s3_28_48,Deployed,s2_97_208,s1_below_1,Male,s3_80_96,s3_141_159,s3_318_464,s3_80_160,s3_4_5
19137,s3_1695_2555,s2_n103_99,s4_n40_7,s1_below_4282,s3_3_4,s5_2007_2009,s2_760_2075,s4_37_47,Truck (<=10000 lbs.),s3_28_48,Not Deployed,s2_97_208,s1_below_1,Female,s2_37_80,s4_159_169,s2_164_318,s3_80_160,s3_4_5
19138,s3_1695_2555,s2_n103_99,s4_n40_7,s1_below_4282,s3_3_4,s5_2007_2009,s3_2075_3730,s5_47_57,Truck (<=6000 lbs.),s6_76_up,Deployed,s2_97_208,s1_below_1,Male,s2_37_80,s3_141_159,s2_164_318,s3_80_160,s2_2_4
19139,s2_885_1695,s2_n103_99,s4_n40_7,s1_below_4282,s1_below_2,s5_2007_2009,s2_760_2075,s5_47_57,Passenger Car,s5_64_76,Not Deployed,s2_97_208,s1_below_1,Male,s2_37_80,s3_141_159,s2_164_318,s3_80_160,s2_2_4
19140,s2_885_1695,s2_n103_99,s4_n40_7,s1_below_4282,s5_5_6,s5_2007_2009,s2_760_2075,s4_37_47,Passenger Car,s5_64_76,Not Deployed,s2_97_208,s1_below_1,Female,s2_37_80,s3_141_159,s2_164_318,s5_220_260,s2_2_4
19141,s2_885_1695,s2_n103_99,s5_7_up,s1_below_4282,s1_below_2,s5_2007_2009,s2_760_2075,s6_57_up,Passenger Car,s3_28_48,Not Deployed,s2_97_208,s1_below_1,Female,s2_37_80,s3_141_159,s2_164_318,s5_220_260,s2_2_4
19142,s4_2555_3715,s2_n103_99,s4_n40_7,s1_below_4282,s1_below_2,s4_2005_2007,s2_760_2075,s3_17_37,Truck (<=10000 lbs.),s5_64_76,Not Deployed,s2_97_208,s1_below_1,Male,s3_80_96,s5_169_179,s3_318_464,s2_40_80,s5_6_7
19143,s2_885_1695,s2_n103_99,s4_n40_7,s1_below_4282,s4_4_5,s5_2007_2009,s3_2075_3730,s4_37_47,Truck (<=6000 lbs.),s5_64_76,Deployed,s2_97_208,s1_below_1,Female,s2_37_80,s3_141_159,s2_164_318,s3_80_160,s2_2_4
19144,s2_885_1695,s2_n103_99,s4_n40_7,s1_below_4282,s6_6_up,s5_2007_2009,s2_760_2075,s3_17_37,Passenger Car,s2_11_28,Not Deployed,s2_97_208,s1_below_1,Female,s2_37_80,s4_159_169,s2_164_318,s4_160_220,s2_2_4
19145,s3_1695_2555,s2_n103_99,s4_n40_7,s1_below_4282,s1_below_2,s5_2007_2009,s2_760_2075,s3_17_37,Truck (<=6000 lbs.),s4_48_64,Deployed,s2_97_208,s1_below_1,Male,s3_80_96,s4_159_169,s2_164_318,s3_80_160,s2_2_4
19146,s2_885_1695,s2_n103_99,s4_n40_7,s1_below_4282,s3_3_4,s5_2007_2009,s2_760_2075,s3_17_37,Passenger Car,s3_28_48,Deployed,s2_97_208,s1_below_1,Male,s6_130_up,s3_141_159,s2_164_318,s3_80_160,s2_2_4
19147,s3_1695_2555,s2_n103_99,s4_n40_7,s1_below_4282,s1_below_2,s5_2007_2009,s2_760_2075,s3_17_37,Truck (<=10000 lbs.),s3_28_48,Not Deployed,s2_97_208,s1_below_1,Female,s2_37_80,s4_159_169,s2_164_318,s4_160_220,s3_4_5
19148,s2_885_1695,s2_n103_99,s4_n40_7,s1_below_4282,s4_4_5,s5_2007_2009,s3_2075_3730,s4_37_47,Passenger Car,s2_11_28,Deployed,s2_97_208,s1_below_1,Male,s3_80_96,s3_141_159,s2_164_318,s3_80_160,s2_2_4
19149,s3_1695_2555,s2_n103_99,s5_7_up,s1_below_4282,s3_3_4,s5_2007_2009,s2_760_2075,s3_17_37,Passenger Car,s2_11_28,Not Deployed,s2_97_208,s1_below_1,Male,s3_80_96,s4_159_169,s2_164_318,s6_260_up,s2_2_4
19150,s2_885_1695,s2_n103_99,s4_n40_7,s1_below_4282,s2_2_3,s4_2005_2007,s3_2075_3730,s5_47_57,Passenger Car,s2_11_28,Not Deployed,s2_97_208,s1_below_1,Male,s2_37_80,s3_141_159,s2_164_318,s4_160_220,s2_2_4
19151,s3_1695_2555,s2_n103_99,s4_n40_7,s1_below_4282,s3_3_4,s3_2003_2005,s2_760_2075,s4_37_47,Truck (<=10000 lbs.),s4_48_64,Not Deployed,s2_97_208,s3_2_3,Male,s6_130_up,s5_169_179,s3_318_464,s3_80_160,s4_5_6
19152,s2_885_1695,s2_n103_99,s4_n40_7,s1_below_4282,s1_below_2,s4_2005_2007,s2_760_2075,s3_17_37,Passenger Car,s4_48_64,Not Deployed,s2_97_208,s1_below_1,Male,s3_80_96,s3_141_159,s2_164_318,s3_80_160,s2_2_4
19153,s2_885_1695,s2_n103_99,s4_n40_7,s1_below_4282,s1_below_2,s5_2007_2009,s2_760_2075,s3_17_37,Passenger Car,s2_11_28,Deployed,s2_97_208,s1_below_1,Female,s3_80_96,s3_141_159,s2_164_318,s3_80_160,s2_2_4
19154,s3_1695_2555,s2_n103_99,s4_n40_7,s1_below_4282,s1_below_2,s3_2003_2005,s3_2075_3730,s3_17_37,Passenger Car,s2_11_28,Deployed,s2_97_208,s1_below_1,Male,s2_37_80,s4_159_169,s2_164_318,s2_40_80,s2_2_4
19155,s2_885_1695,s2_n103_99,s4_n40_7,s1_below_4282,s3_3_4,s5_2007_2009,s2_760_2075,s3_17_37,Passenger Car,s3_28_48,Deployed,s2_97_208,s1_below_1,Female,s3_80_96,s3_141_159,s2_164_318,s4_160_220,s2_2_4
19156,s2_885_1695,s2_n103_99,s4_n40_7,s1_below_4282,s4_4_5,s1_below_2001,s2_760_2075,s3_17_37,Passenger Car,s3_28_48,Deployed,s2_97_208,s1_below_1,Female,s2_37_80,s3_141_159,s2_164_318,s2_40_80,s2_2_4
19157,s2_885_1695,s2_n103_99,s4_n40_7,s1_below_4282,s4_4_5,s5_2007_2009,s2_760_2075,s4_37_47,Passenger Car,s3_28_48,Not Deployed,s2_97_208,s1_below_1,Male,s2_37_80,s4_159_169,s2_164_318,s4_160_220,s2_2_4
19158,s2_885_1695,s2_n103_99,s4_n40_7,s1_below_4282,s3_3_4,s5_2007_2009,s2_760_2075,s4_37_47,Passenger Car,s3_28_48,Not Deployed,s2_97_208,s1_below_1,Female,s4_96_114,s3_141_159,s2_164_318,s3_80_160,s2_2_4
19159,s2_885_1695,s2_n103_99,s4_n40_7,s1_below_4282,s4_4_5,s3_2003_2005,s2_760_2075,s6_57_up,Passenger Car,s2_11_28,Not Deployed,s2_97_208,s1_below_1,Male,s2_37_80,s3_141_159,s2_164_318,s4_160_220,s2_2_4
19160,s3_1695_2555,s2_n103_99,s5_7_up,s1_below_4282,s1_below_2,s1_below_2001,s2_760_2075,s3_17_37,Truck (<=10000 lbs.),s4_48_64,Not Deployed,s2_97_208,s1_below_1,Male,s4_96_114,s5_169_179,s3_318_464,s6_260_up,s4_5_6
19161,s3_1695_2555,s2_n103_99,s4_n40_7,s1_below_4282,s4_4_5,s5_2007_2009,s2_760_2075,s4_37_47,Truck (<=6000 lbs.),s4_48_64,Not Deployed,s2_97_208,s1_below_1,Female,s2_37_80,s4_159_169,s2_164_318,s3_80_160,s2_2_4
19162,s3_1695_2555,s2_n103_99,s4_n40_7,s1_below_4282,s1_below_2,s4_2005_2007,s2_760_2075,s3_17_37,Truck (<=10000 lbs.),s3_28_48,Deployed,s2_97_208,s1_below_1,Male,s2_37_80,s6_179_up,s3_318_464,s3_80_160,s4_5_6
19163,s4_2555_3715,s2_n103_99,s4_n40_7,s1_below_4282,s1_below_2,s5_2007_2009,s3_2075_3730,s1_below_7,Truck (<=10000 lbs.),s2_11_28,Not Deployed,s2_97_208,s1_below_1,Male,s3_80_96,s5_169_179,s3_318_464,s4_160_220,s4_5_6
19164,s2_885_1695,s2_n103_99,s4_n40_7,s1_below_4282,s3_3_4,s5_2007_2009,s2_760_2075,s4_37_47,Passenger Car,s3_28_48,Deployed,s2_97_208,s1_below_1,Female,s2_37_80,s3_141_159,s2_164_318,s3_80_160,s2_2_4
19165,s2_885_1695,s2_n103_99,s4_n40_7,s1_below_4282,s1_below_2,s3_2003_2005,s2_760_2075,s3_17_37,Truck (<=6000 lbs.),s3_28_48,Deployed,s2_97_208,s1_below_1,Female,s2_37_80,s3_141_159,s2_164_318,s3_80_160,s2_2_4
19166,s4_2555_3715,s2_n103_99,s4_n40_7,s1_below_4282,s1_below_2,s3_2003_2005,s2_760_2075,s5_47_57,Truck (<=10000 lbs.),s3_28_48,Not Deployed,s2_97_208,s1_below_1,Female,s2_37_80,s5_169_179,s3_318_464,s4_160_220,s5_6_7
19167,s4_2555_3715,s2_n103_99,s4_n40_7,s1_below_4282,s1_below_2,s1_below_2001,s2_760_2075,s3_17_37,Truck (<=10000 lbs.),s2_11_28,Deployed,s2_97_208,s1_below_1,Male,s2_37_80,s5_169_179,s3_318_464,s3_80_160,s4_5_6
19168,s3_1695_2555,s2_n103_99,s4_n40_7,s1_below_4282,s5_5_6,s2_2001_2003,s3_2075_3730,s4_37_47,Truck (<=10000 lbs.),s3_28_48,Deployed,s2_97_208,s1_below_1,Male,s3_80_96,s5_169_179,s3_318_464,s3_80_160,s4_5_6
19169,s3_1695_2555,s2_n103_99,s4_n40_7,s1_below_4282,s3_3_4,s1_below_2001,s3_2075_3730,s4_37_47,Truck (<=10000 lbs.),s3_28_48,Not Deployed,s2_97_208,s1_below_1,Male,s2_37_80,s5_169_179,s2_164_318,s4_160_220,s2_2_4
19170,s2_885_1695,s2_n103_99,s4_n40_7,s1_below_4282,s1_below_2,s3_2003_2005,s2_760_2075,s4_37_47,Passenger Car,s4_48_64,Not Deployed,s2_97_208,s2_1_2,Male,s3_80_96,s3_141_159,s2_164_318,s3_80_160,s2_2_4
19171,s2_885_1695,s2_n103_99,s4_n40_7,s1_below_4282,s2_2_3,s4_2005_2007,s2_760_2075,s4_37_47,Passenger Car,s4_48_64,Deployed,s2_97_208,s1_below_1,Female,s2_37_80,s3_141_159,s2_164_318,s3_80_160,s2_2_4
19172,s2_885_1695,s2_n103_99,s4_n40_7,s1_below_4282,s1_below_2,s4_2005_2007,s2_760_2075,s4_37_47,Passenger Car,s3_28_48,Not Deployed,s2_97_208,s1_below_1,Female,s2_37_80,s3_141_159,s2_164_318,s2_40_80,s2_2_4
19173,s3_1695_2555,s2_n103_99,s4_n40_7,s1_below_4282,s1_below_2,s3_2003_2005,s2_760_2075,s5_47_57,Truck (<=10000 lbs.),s3_28_48,Deployed,s2_97_208,s1_below_1,Male,s3_80_96,s5_169_179,s3_318_464,s3_80_160,s6_7_up
19174,s3_1695_2555,s2_n103_99,s4_n40_7,s1_below_4282,s3_3_4,s2_2001_2003,s2_760_2075,s4_37_47,Truck (<=10000 lbs.),s5_64_76,Not Deployed,s2_97_208,s3_2_3,Female,s2_37_80,s5_169_179,s3_318_464,s3_80_160,s4_5_6
19175,s2_885_1695,s2_n103_99,s4_n40_7,s1_below_4282,s3_3_4,s3_2003_2005,s2_760_2075,s3_17_37,Truck (<=6000 lbs.),s2_11_28,Deployed,s2_97_208,s2_1_2,Female,s2_37_80,s3_141_159,s2_164_318,s4_160_220,s2_2_4
19176,s3_1695_2555,s2_n103_99,s4_n40_7,s1_below_4282,s3_3_4,s3_2003_2005,s2_760_2075,s3_17_37,Truck (<=10000 lbs.),s3_28_48,Deployed,s2_97_208,s1_below_1,Male,s3_80_96,s5_169_179,s3_318_464,s3_80_160,s4_5_6
19177,s4_2555_3715,s2_n103_99,s4_n40_7,s1_below_4282,s3_3_4,s3_2003_2005,s2_760_2075,s3_17_37,Truck (<=10000 lbs.),s3_28_48,Not Deployed,s2_97_208,s1_below_1,Female,s4_96_114,s5_169_179,s3_318_464,s3_80_160,s5_6_7
19178,s2_885_1695,s2_n103_99,s5_7_up,s1_below_4282,s2_2_3,s2_2001_2003,s2_760_2075,s4_37_47,Passenger Car,s3_28_48,Deployed,s2_97_208,s1_below_1,Male,s3_80_96,s3_141_159,s2_164_318,s6_260_up,s2_2_4
19179,s3_1695_2555,s2_n103_99,s4_n40_7,s1_below_4282,s3_3_4,s1_below_2001,s2_760_2075,s3_17_37,Truck (<=10000 lbs.),s4_48_64,Not Deployed,s2_97_208,s1_below_1,Male,s2_37_80,s5_169_179,s3_318_464,s3_80_160,s4_5_6
19180,s3_1695_2555,s2_n103_99,s4_n40_7,s1_below_4282,s1_below_2,s1_below_2001,s3_2075_3730,s3_17_37,Truck (<=10000 lbs.),s2_11_28,Deployed,s2_97_208,s1_below_1,Female,s3_80_96,s5_169_179,s3_318_464,s3_80_160,s4_5_6
19181,s3_1695_2555,s2_n103_99,s4_n40_7,s1_below_4282,s3_3_4,s2_2001_2003,s2_760_2075,s3_17_37,Truck (<=10000 lbs.),s3_28_48,Not Deployed,s2_97_208,s1_below_1,Female,s2_37_80,s5_169_179,s3_318_464,s4_160_220,s4_5_6
19182,s2_885_1695,s2_n103_99,s5_7_up,s1_below_4282,s1_below_2,s3_2003_2005,s2_760_2075,s3_17_37,Passenger Car,s3_28_48,Not Deployed,s2_97_208,s1_below_1,Female,s2_37_80,s3_141_159,s2_164_318,s6_260_up,s2_2_4
19183,s3_1695_2555,s2_n103_99,s4_n40_7,s1_below_4282,s1_below_2,s1_below_2001,s2_760_2075,s4_37_47,Truck (<=10000 lbs.),s3_28_48,Not Deployed,s2_97_208,s4_3_4,Female,s2_37_80,s4_159_169,s2_164_318,s4_160_220,s2_2_4
19184,s3_1695_2555,s2_n103_99,s4_n40_7,s1_below_4282,s1_below_2,s2_2001_2003,s2_760_2075,s3_17_37,Truck (<=6000 lbs.),s3_28_48,Not Deployed,s2_97_208,s1_below_1,Male,s3_80_96,s4_159_169,s2_164_318,s2_40_80,s2_2_4
19185,s4_2555_3715,s2_n103_99,s4_n40_7,s1_below_4282,s4_4_5,s2_2001_2003,s2_760_2075,s3_17_37,Truck (<=10000 lbs.),s6_76_up,Not Deployed,s2_97_208,s2_1_2,Male,s2_37_80,s5_169_179,s3_318_464,s3_80_160,s4_5_6
19186,s3_1695_2555,s2_n103_99,s4_n40_7,s1_below_4282,s5_5_6,s1_below_2001,s3_2075_3730,s4_37_47,Truck (<=10000 lbs.),s3_28_48,Not Deployed,s2_97_208,s2_1_2,Male,s3_80_96,s4_159_169,s3_318_464,s2_40_80,s4_5_6
19187,s3_1695_2555,s2_n103_99,s4_n40_7,s1_below_4282,s1_below_2,s1_below_2001,s2_760_2075,s3_17_37,Truck (<=10000 lbs.),s3_28_48,Not Deployed,s2_97_208,s1_below_1,Male,s3_80_96,s5_169_179,s3_318_464,s3_80_160,s4_5_6
19188,s3_1695_2555,s2_n103_99,s4_n40_7,s1_below_4282,s1_below_2,s1_below_2001,s2_760_2075,s3_17_37,Truck (<=10000 lbs.),s3_28_48,Not Deployed,s2_97_208,s1_below_1,Male,s4_96_114,s5_169_179,s3_318_464,s3_80_160,s4_5_6
19189,s3_1695_2555,s2_n103_99,s4_n40_7,s1_below_4282,s1_below_2,s2_2001_2003,s2_760_2075,s5_47_57,Passenger Car,s6_76_up,Deployed,s2_97_208,s1_below_1,Male,s3_80_96,s3_141_159,s2_164_318,s3_80_160,s2_2_4
19190,s3_1695_2555,s2_n103_99,s5_7_up,s1_below_4282,s3_3_4,s1_below_2001,s3_2075_3730,s6_57_up,Truck (<=10000 lbs.),s3_28_48,Not Deployed,s2_97_208,s1_below_1,Male,s2_37_80,s5_169_179,s3_318_464,s6_260_up,s4_5_6
19191,s4_2555_3715,s2_n103_99,s4_n40_7,s1_below_4282,s1_below_2,s2_2001_2003,s2_760_2075,s3_17_37,Truck (<=10000 lbs.),s2_11_28,Not Deployed,s2_97_208,s1_below_1,Male,s3_80_96,s5_169_179,s3_318_464,s3_80_160,s4_5_6
19192,s3_1695_2555,s2_n103_99,s4_n40_7,s1_below_4282,s3_3_4,s1_below_2001,s2_760_2075,s3_17_37,Truck (<=10000 lbs.),s2_11_28,Deployed,s2_97_208,s1_below_1,Male,s2_37_80,s5_169_179,s3_318_464,s3_80_160,s4_5_6
19193,s3_1695_2555,s2_n103_99,s4_n40_7,s1_below_4282,s2_2_3,s1_below_2001,s2_760_2075,s4_37_47,Truck (<=10000 lbs.),s3_28_48,Not Deployed,s2_97_208,s1_below_1,Male,s4_96_114,s5_169_179,s3_318_464,s3_80_160,s4_5_6
19194,s3_1695_2555,s2_n103_99,s4_n40_7,s1_below_4282,s1_below_2,s1_below_2001,s2_760_2075,s3_17_37,Truck (<=10000 lbs.),s3_28_48,Not Deployed,s2_97_208,s2_1_2,Female,s2_37_80,s4_159_169,s2_164_318,s3_80_160,s2_2_4
19195,s3_1695_2555,s2_n103_99,s4_n40_7,s1_below_4282,s1_below_2,s1_below_2001,s3_2075_3730,s4_37_47,Truck (<=10000 lbs.),s3_28_48,Deployed,s2_97_208,s1_below_1,Female,s2_37_80,s5_169_179,s3_318_464,s3_80_160,s4_5_6
19196,s3_1695_2555,s2_n103_99,s4_n40_7,s1_below_4282,s1_below_2,s1_below_2001,s2_760_2075,s4_37_47,Truck (<=10000 lbs.),s3_28_48,Deployed,s2_97_208,s1_below_1,Male,s4_96_114,s2_116_141,s3_318_464,s3_80_160,s2_2_4
19197,s2_885_1695,s2_n103_99,s3_n81_n40,s1_below_4282,s1_below_2,s2_2001_2003,s2_760_2075,s6_57_up,Passenger Car,s2_11_28,Deployed,s2_97_208,s3_2_3,Male,s2_37_80,s3_141_159,s3_318_464,s3_80_160,s2_2_4
19198,s3_1695_2555,s2_n103_99,s4_n40_7,s1_below_4282,s4_4_5,s1_below_2001,s2_760_2075,s3_17_37,Truck (<=10000 lbs.),s4_48_64,Deployed,s2_97_208,s1_below_1,Male,s3_80_96,s5_169_179,s3_318_464,s2_40_80,s5_6_7
19199,s3_1695_2555,s2_n103_99,s4_n40_7,s1_below_4282,s4_4_5,s1_below_2001,s2_760_2075,s3_17_37,Passenger Car,s2_11_28,Deployed,s2_97_208,s1_below_1,Male,s2_37_80,s3_141_159,s2_164_318,s3_80_160,s2_2_4
19200,s2_885_1695,s2_n103_99,s4_n40_7,s1_below_4282,s3_3_4,s1_below_2001,s2_760_2075,s3_17_37,Passenger Car,s5_64_76,Not Deployed,s2_97_208,s2_1_2,Female,s2_37_80,s3_141_159,s2_164_318,s3_80_160,s2_2_4
19201,s3_1695_2555,s2_n103_99,s4_n40_7,s1_below_4282,s1_below_2,s1_below_2001,s2_760_2075,s3_17_37,Passenger Car,s3_28_48,Deployed,s2_97_208,s1_below_1,Female,s2_37_80,s3_141_159,s2_164_318,s3_80_160,s2_2_4
19202,s4_2555_3715,s2_n103_99,s3_n81_n40,s3_6970_up,s1_below_2,s1_below_2001,s2_760_2075,s5_47_57,Truck (<=10000 lbs.),s3_28_48,Deployed,s2_97_208,s2_1_2,Male,s6_130_up,s4_159_169,s3_318_464,s3_80_160,s4_5_6
19203,s2_885_1695,s2_n103_99,s4_n40_7,s1_below_4282,s1_below_2,s1_below_2001,s2_760_2075,s3_17_37,Passenger Car,s5_64_76,Not Deployed,s2_97_208,s1_below_1,Female,s2_37_80,s3_141_159,s2_164_318,s3_80_160,s2_2_4
